46
8
362
60
37 2
33 2
28 2
33 4
37 2
34 3
28 3
27 1
38 4
37 2
28 1
39 1
35 4
32 1
22 2
26 1
35 3
39 4
36 5
38 3
35 2
33 1
21 3
33 5
36 2
24 1
24 5
34 1
37 3
31 4
29 4
25 1
30 1
22 2
37 1
34 2
28 5
37 1
36 2
29 4
27 4
33 2
34 4
30 2
32 5
33 2
12 41
17 35
6 33
6 45
5 13
5 19
27 36
11 44
12 27
0 26
16 41
35 40
9 22
4 29
1 31
34 44
18 43
6 31
2 3
13 45
2 41
0 19
6 26
12 35
13 18
10 22
20 22
16 23
34 45
1 15
9 25
1 38
6 28
20 45
6 21
8 33
13 30
31 41
17 27
12 26
8 31
37 38
0 24
35 41
0 4
18 24
28 34
7 16
22 36
8 16
16 37
8 14
1 45
6 15
1 18
5 42
14 18
16 35
28 32
28 31
14 42
7 31
11 41
37 41
0 39
3 39
20 39
34 41
14 41
2 29
5 32
15 30
1 44
20 36
1 5
1 28
0 16
8 9
23 38
31 44
29 40
26 32
43 45
4 22
28 35
0 37
7 28
33 35
40 41
30 39
0 22
14 16
0 15
19 33
20 27
15 37
2 44
5 29
29 33
4 40
0 23
21 45
27 37
13 20
14 28
9 39
10 17
1 35
20 23
10 25
3 28
5 11
25 45
22 29
1 24
5 28
7 29
31 32
12 13
4 44
8 20
4 38
6 10
26 31
25 26
0 1
5 14
4 9
6 37
16 26
16 45
30 36
33 42
17 18
4 6
24 35
11 28
11 27
24 27
2 25
5 17
2 33
6 25
25 29
23 28
2 19
9 35
7 32
35 45
7 19
0 35
19 30
9 36
34 36
5 25
10 31
21 44
10 33
2 20
23 25
16 21
8 42
1 30
9 24
33 45
1 42
9 31
0 14
3 24
4 45
10 35
6 7
7 27
33 37
19 32
7 18
5 12
4 19
23 34
21 32
12 43
8 22
2 6
13 28
18 42
19 43
17 45
22 31
10 44
3 29
6 44
23 29
8 30
5 15
0 44
4 21
1 26
12 44
24 28
18 32
21 36
19 22
20 42
3 36
10 27
37 44
0 5
14 23
31 34
20 24
1 3
1 11
2 43
13 27
20 44
12 18
10 43
11 15
17 44
28 36
38 44
14 39
22 28
26 29
25 43
16 40
9 21
18 45
25 44
0 33
14 15
3 4
10 34
1 12
8 15
8 17
31 39
11 25
19 28
2 18
3 22
8 13
19 36
4 24
12 23
16 42
28 40
15 31
8 12
4 14
27 32
4 25
4 7
27 44
10 41
11 13
37 39
21 34
15 28
7 23
7 33
29 42
17 30
10 28
1 4
19 34
1 33
1 23
12 31
32 41
16 20
8 21
8 28
1 19
22 38
4 15
39 44
0 30
3 35
5 21
6 42
12 20
3 33
17 43
10 24
11 22
25 36
28 29
1 25
12 17
8 29
30 41
0 45
23 39
13 36
12 32
32 43
2 10
11 20
3 25
4 35
13 32
33 36
4 39
23 40
29 35
2 27
12 34
27 31
30 45
19 27
9 10
9 12
28 33
22 34
7 25
14 33
20 38
3 31
15 35
4 8
13 14
21 41
9 26
19 26
29 38
40 42
1 39
23 24
17 20
18 33
27 33
17 37
2 26
16 30
11 45
9 17
14 20
1 2
26 35
7 38
4 28
1 32
20 37
31 37
13 34
10 32
17 23
25 28
11 29
11 18
7 43
2 40
15 27
0 27
13 37
31 38
22 40
36 40
29 41
19 38
37 45
