47
5
702
60
57 2
46 2
49 2
65 4
77 2
65 3
64 3
63 1
41 4
74 2
63 1
58 1
45 4
59 1
72 2
62 1
46 3
67 4
60 5
48 3
48 2
51 1
73 3
59 5
42 2
66 1
60 5
64 1
48 3
44 4
51 4
42 1
45 1
42 2
48 1
73 2
45 5
61 1
54 2
44 4
66 4
73 2
55 4
65 2
41 5
69 2
41 2
4 8
2 26
14 44
19 25
5 14
12 17
11 32
42 46
9 19
43 46
4 20
10 36
8 46
9 46
20 41
20 23
18 21
6 21
6 24
6 41
3 25
11 39
16 17
12 34
9 36
7 17
34 36
27 37
31 46
10 20
1 32
23 39
1 26
12 20
6 11
7 43
12 46
29 37
11 44
24 31
6 8
33 39
11 13
32 38
8 20
26 39
17 25
31 35
19 39
14 26
2 16
7 40
5 45
23 31
10 12
0 36
12 40
1 35
26 37
6 34
7 20
3 4
13 36
4 7
3 32
38 40
15 45
31 42
3 31
5 23
5 30
11 37
2 6
19 38
18 46
19 45
7 9
2 36
10 25
26 38
27 42
0 35
36 40
4 41
6 22
12 33
3 20
8 25
14 22
28 38
3 41
33 40
18 37
5 38
10 23
15 18
17 34
2 8
26 27
3 9
31 41
6 39
25 45
12 29
8 35
16 35
20 39
2 18
36 44
39 45
33 38
14 32
21 27
5 19
26 36
7 18
5 27
8 22
2 33
9 10
2 25
3 39
24 42
23 40
4 46
0 37
6 27
30 44
15 36
5 39
8 9
31 32
0 5
16 26
1 12
8 24
11 12
2 27
33 36
1 28
25 30
4 22
12 26
24 29
9 12
5 9
31 45
10 18
32 42
27 29
17 44
26 32
22 43
3 16
10 17
20 44
10 19
11 28
21 45
36 46
8 30
9 11
5 18
3 10
25 38
9 34
12 21
21 36
10 21
1 31
7 25
15 43
26 30
14 31
25 42
0 3
7 30
1 13
20 32
44 46
4 24
0 7
12 44
2 17
19 43
4 45
21 29
9 35
26 28
12 37
38 43
0 1
13 26
3 6
32 39
10 41
38 41
22 45
3 8
20 36
39 42
19 44
23 27
2 39
33 45
13 37
12 24
22 31
19 26
15 27
8 41
13 44
19 46
18 43
11 36
3 30
17 23
7 21
26 41
34 40
14 21
15 32
24 40
16 20
20 31
7 13
18 23
24 36
13 29
4 26
16 37
1 30
1 46
38 39
29 30
29 35
9 26
1 39
3 19
6 36
2 3
19 27
6 17
16 22
5 29
26 45
14 43
25 46
22 28
13 30
39 44
8 26
10 27
19 41
3 13
20 34
4 29
7 33
4 28
13 14
27 44
6 14
24 35
28 41
39 41
6 37
10 28
39 46
20 29
8 16
4 33
10 44
22 42
23 29
38 44
41 42
3 17
7 10
3 18
17 30
6 29
31 43
18 42
1 27
2 44
24 28
18 24
1 37
9 28
16 41
28 40
29 40
13 19
12 16
1 25
21 44
0 9
3 43
1 5
13 15
30 41
3 45
9 29
19 32
16 19
20 43
25 39
36 41
18 31
12 43
8 28
10 26
11 16
11 29
14 15
19 40
3 40
15 16
12 30
3 22
9 13
28 31
9 20
13 21
27 40
35 38
7 22
18 40
17 39
5 44
25 41
8 19
15 40
3 46
3 26
14 38
0 30
24 46
11 45
14 20
5 34
10 24
29 33
17 20
1 16
15 33
23 42
32 43
1 18
35 43
11 33
30 32
14 24
4 36
24 32
4 10
16 21
32 46
5 31
20 24
1 3
10 31
5 11
10 15
25 29
8 38
6 33
27 33
8 44
28 29
25 37
5 24
33 35
21 25
4 38
14 16
26 34
8 42
18 32
1 20
27 35
17 35
8 23
2 13
7 44
15 23
29 46
1 24
10 43
0 32
7 23
10 42
25 27
13 32
3 5
14 27
7 37
34 38
0 42
27 45
17 41
9 30
0 39
37 41
1 45
23 43
31 36
24 44
40 41
24 34
2 22
23 25
2 7
2 23
20 33
12 35
5 36
0 16
5 40
6 40
24 45
37 43
7 8
20 26
25 36
5 37
4 16
5 22
24 27
23 33
13 45
33 37
30 45
27 30
0 15
22 23
5 35
24 43
5 43
15 25
20 22
11 24
34 44
0 22
23 36
9 15
30 34
16 23
0 27
30 38
16 39
17 45
28 33
13 31
31 44
32 40
9 39
22 26
15 44
31 37
11 43
8 43
6 38
8 10
0 10
8 27
11 40
0 21
32 34
3 38
0 29
26 43
7 24
15 39
4 35
16 29
10 38
12 22
43 45
17 32
2 35
28 30
20 28
11 22
18 29
13 38
42 45
1 34
33 44
3 12
14 35
20 37
22 34
2 45
1 8
2 5
12 15
29 43
41 44
2 10
14 33
10 30
4 23
9 31
34 39
11 27
5 21
0 38
19 31
4 17
15 34
32 41
26 44
12 14
29 41
4 37
8 36
4 11
18 25
37 46
25 44
18 22
25 43
19 22
17 18
21 24
25 28
35 40
23 44
7 27
8 12
17 40
15 26
3 33
21 34
32 36
18 20
8 32
0 6
5 46
14 28
28 32
18 41
6 13
33 46
35 39
19 37
20 35
12 19
16 40
40 46
7 14
28 39
9 17
15 38
4 5
22 38
0 26
34 41
9 22
37 39
26 42
10 46
14 30
7 42
5 6
10 16
3 44
8 11
40 45
21 23
32 44
32 45
5 32
18 33
0 24
0 43
37 44
0 40
23 34
39 40
15 21
29 42
1 19
1 22
13 23
22 29
23 46
6 35
1 36
13 16
21 43
24 38
31 39
7 11
0 44
8 21
13 46
0 45
17 29
4 31
15 37
8 13
34 37
11 14
14 36
0 17
0 25
35 41
16 32
16 33
0 2
18 34
7 16
1 14
21 40
7 31
16 34
12 18
35 36
0 14
8 29
17 24
28 36
3 24
9 40
19 28
29 38
10 29
41 45
13 18
15 22
17 43
4 14
11 17
6 23
34 43
22 32
7 29
20 40
0 11
6 46
20 21
17 28
24 41
13 35
21 32
29 36
9 27
4 6
29 39
10 35
1 23
6 26
23 32
6 15
1 7
7 32
39 43
31 40
28 35
12 36
4 9
12 13
35 45
16 18
30 33
18 28
16 45
1 33
19 33
13 17
5 28
24 33
27 39
28 37
28 43
3 27
16 46
1 40
10 14
9 44
26 31
5 10
3 7
2 34
2 29
8 34
22 33
5 41
12 25
2 12
18 26
26 46
18 19
22 41
16 28
11 26
5 42
7 35
0 41
1 10
