48
4
507
60
127 2
187 2
134 2
207 4
82 2
162 3
101 3
177 1
100 4
101 2
104 1
120 1
147 4
100 1
161 2
108 1
167 3
107 4
145 5
81 3
145 2
126 1
172 3
149 5
108 2
194 1
196 5
96 1
94 3
114 4
183 4
112 1
84 1
92 2
161 1
84 2
142 5
130 1
86 2
105 4
217 4
214 2
177 4
185 2
215 5
183 2
197 2
167 5
3 42
12 42
8 18
6 24
26 33
4 9
11 16
5 32
8 43
36 47
32 40
19 37
8 33
25 42
9 26
10 43
17 27
38 43
4 8
6 30
14 15
0 32
17 34
43 44
16 40
18 28
8 22
41 43
29 43
2 43
5 6
3 5
37 40
14 37
5 44
6 31
12 29
27 40
11 28
4 42
38 44
3 26
30 32
7 46
9 19
33 46
7 22
41 44
28 32
5 18
7 28
5 35
3 45
15 29
0 43
12 23
25 38
25 27
5 40
37 46
18 23
10 46
3 24
27 37
6 15
14 40
29 39
13 37
6 17
1 2
19 31
37 47
18 42
0 36
0 20
12 30
17 36
9 47
23 39
26 30
1 10
33 35
19 33
5 11
5 16
9 10
3 39
15 43
30 31
26 44
1 15
15 39
17 43
9 45
14 30
10 19
39 46
24 39
3 35
33 42
10 17
24 37
6 22
26 45
9 25
28 40
13 36
9 36
33 39
6 34
5 46
5 9
20 27
6 46
5 17
14 31
4 21
25 40
21 46
10 29
0 21
23 36
0 42
22 36
27 31
9 16
5 31
15 16
22 33
21 22
1 7
35 41
3 44
8 11
11 43
0 23
16 24
37 42
0 2
3 16
11 44
22 37
29 32
16 22
8 24
13 44
1 37
30 36
2 3
18 33
6 47
21 41
13 16
1 46
19 46
11 12
0 12
20 45
8 17
33 41
5 25
1 26
3 13
4 6
4 38
13 18
9 43
6 44
37 41
3 4
0 30
33 40
3 22
39 45
1 28
4 14
10 24
19 34
7 15
37 39
12 27
1 43
1 25
29 46
42 44
22 35
6 21
16 32
15 45
34 42
46 47
0 27
8 39
10 26
28 38
34 40
21 43
6 9
19 38
35 36
30 35
18 35
5 43
31 36
11 42
11 18
21 29
2 36
14 47
0 46
19 47
19 22
29 30
10 20
19 27
21 32
6 25
25 31
21 45
14 44
3 17
23 34
2 35
1 19
17 29
23 30
12 45
0 44
0 16
5 39
15 25
34 38
40 46
10 30
27 38
10 47
4 27
21 36
19 29
4 22
3 40
15 32
17 20
24 44
25 35
2 20
16 42
11 33
35 38
41 45
10 18
6 40
1 31
7 10
24 34
13 42
3 43
0 31
16 17
26 32
30 43
19 35
7 24
10 33
7 20
23 43
35 40
1 5
8 10
7 25
15 40
5 37
3 34
23 46
8 44
6 18
23 33
5 19
3 37
3 8
14 29
34 37
2 10
22 46
3 15
3 31
21 24
2 15
26 46
12 40
21 33
7 43
9 46
20 32
31 47
1 16
12 31
1 29
9 22
28 41
10 27
30 41
2 5
5 7
8 21
24 31
27 30
17 32
26 43
0 38
8 41
13 29
15 26
18 44
15 47
12 13
8 37
2 21
22 39
6 32
12 38
13 33
26 28
44 47
9 30
15 38
16 47
0 3
24 33
33 34
0 24
28 42
8 28
4 17
14 18
23 40
9 20
4 24
3 14
18 46
5 30
27 36
34 45
10 11
22 38
29 36
17 22
14 20
8 30
12 14
10 38
4 37
25 36
1 24
12 41
30 40
29 34
19 26
9 37
11 25
18 19
15 46
23 44
13 24
6 41
10 37
15 22
12 34
24 29
2 32
30 42
34 43
23 35
9 29
2 42
0 1
10 40
0 15
7 11
22 47
0 14
0 45
6 13
13 46
10 28
40 44
0 41
13 34
2 12
6 45
23 42
0 29
13 41
6 43
0 6
11 45
31 41
17 19
5 22
9 15
36 42
4 16
33 45
26 41
29 33
23 38
23 28
15 41
20 35
8 20
22 29
11 15
6 8
20 38
4 41
21 28
3 36
4 12
19 44
33 47
19 28
39 44
12 44
6 23
8 45
11 21
13 27
12 26
30 44
4 33
28 45
25 39
5 29
20 47
17 28
0 13
27 41
19 24
14 45
6 7
8 26
0 47
22 32
1 39
22 25
11 26
0 39
20 44
21 44
12 47
22 27
29 41
10 39
30 34
15 24
1 44
20 39
2 44
7 8
1 33
13 30
11 24
2 25
40 42
3 38
3 46
29 45
2 11
25 33
15 33
10 14
2 37
11 40
10 23
15 31
4 20
0 40
14 33
26 36
39 42
8 14
17 35
16 29
36 43
26 39
14 16
24 46
41 42
2 38
11 39
1 13
10 32
6 33
17 40
27 46
16 26
13 47
7 31
2 47
4 44
35 45
31 42
2 9
13 39
1 32
15 21
14 46
