54
6
543
60
70 2
38 2
38 2
71 4
62 2
37 3
80 3
64 1
50 4
70 2
10 1
85 1
11 4
68 1
53 2
51 1
45 3
25 4
11 5
42 3
13 2
74 1
45 3
82 5
12 2
26 1
34 5
72 1
12 3
21 4
64 4
33 1
81 1
84 2
16 1
41 2
82 5
34 1
26 2
58 4
20 4
27 2
57 4
69 2
80 5
84 2
59 2
10 5
30 4
33 4
72 3
85 5
71 2
26 2
39 49
4 48
17 25
39 52
6 12
11 34
9 12
1 36
22 50
25 50
6 13
6 53
2 9
34 47
15 32
6 44
13 52
5 18
12 21
5 11
30 35
0 36
15 38
27 43
26 36
8 41
27 33
22 35
30 51
1 50
4 36
9 34
0 18
19 30
14 52
2 35
48 50
15 24
1 7
37 52
26 39
22 41
37 53
5 50
32 51
6 30
8 35
4 30
13 53
1 34
2 8
8 47
40 49
35 48
4 16
29 36
19 37
1 23
8 50
44 47
0 44
28 33
11 53
14 16
21 53
22 31
27 32
0 47
6 50
8 21
26 33
16 39
7 19
22 30
3 28
8 43
17 45
20 28
34 40
14 50
24 30
30 45
2 36
34 37
3 25
12 43
20 42
10 45
24 33
22 34
11 43
13 31
7 32
11 38
29 52
19 27
9 50
29 50
39 50
3 53
37 46
38 43
3 23
8 53
5 34
24 34
3 12
15 22
34 36
6 15
24 41
32 39
23 50
4 52
8 25
4 24
43 53
35 49
35 37
17 46
16 35
13 41
0 52
41 44
9 43
4 40
19 34
34 45
34 46
15 46
32 37
6 40
31 51
22 46
23 40
0 13
30 41
14 37
18 52
31 52
7 21
43 45
4 43
36 49
22 45
7 53
17 53
17 26
8 52
15 51
3 37
10 42
16 40
43 51
5 32
34 53
7 26
10 50
14 28
19 48
22 38
0 21
15 20
1 35
26 27
1 29
8 28
29 44
35 52
11 30
6 36
15 39
12 25
3 6
7 33
25 52
5 7
14 39
1 31
9 21
27 39
0 34
3 34
16 44
34 39
24 50
1 6
3 4
3 8
10 37
20 25
24 51
22 24
15 25
11 52
25 28
16 31
3 7
49 53
14 20
40 52
27 50
13 29
14 40
15 27
4 35
42 43
23 38
9 35
11 15
25 53
19 41
0 7
30 32
17 20
39 41
10 33
16 47
0 30
36 39
2 13
8 34
26 52
5 40
14 32
12 27
33 42
2 14
21 24
24 43
25 45
11 12
12 36
2 27
11 37
0 45
8 22
4 53
19 45
18 48
8 15
6 26
9 49
25 30
35 38
6 10
34 38
31 33
26 30
12 52
21 45
20 33
20 30
13 15
12 39
33 39
43 48
4 25
15 26
0 9
25 32
46 52
10 18
0 53
21 31
2 17
18 45
1 10
14 38
10 34
11 44
39 46
32 43
0 17
40 44
18 21
28 41
26 42
28 50
10 30
7 27
20 44
12 35
10 19
6 41
0 22
6 43
9 32
7 14
13 51
1 25
38 47
21 46
43 44
4 22
14 23
41 51
9 47
20 48
5 44
31 35
9 44
15 16
15 21
31 34
3 14
10 25
29 49
21 51
27 53
31 40
4 39
25 29
12 42
37 50
13 42
23 47
27 49
50 52
19 21
0 16
11 31
2 15
7 12
10 22
8 38
18 39
46 49
6 18
15 23
6 25
22 32
35 40
25 33
17 48
31 32
16 51
32 38
10 29
6 35
13 49
6 51
18 25
7 24
3 32
28 46
15 31
22 49
12 50
9 39
10 31
25 47
26 48
3 51
1 16
2 37
11 45
8 44
18 51
28 45
3 45
33 51
9 51
35 41
8 32
46 51
45 52
6 39
12 13
14 26
18 50
19 40
3 40
23 28
5 29
40 46
35 53
28 47
18 36
18 41
5 8
5 33
8 23
13 44
31 43
4 14
1 13
10 28
3 42
10 38
20 27
47 48
0 49
28 30
37 38
41 46
42 47
13 27
13 45
9 29
0 35
7 36
5 14
11 23
7 37
15 49
0 24
39 43
44 52
10 46
24 42
37 39
26 47
1 44
6 45
47 50
12 45
18 49
22 53
19 49
28 52
12 31
6 9
15 29
5 35
3 39
6 17
4 28
0 4
17 42
27 52
30 34
13 48
14 34
3 16
34 35
35 45
28 32
16 28
32 44
20 49
24 25
22 43
16 34
12 37
27 44
16 19
2 6
6 23
31 48
10 14
4 23
9 26
33 34
0 6
22 37
42 51
4 32
31 47
2 49
31 45
6 38
29 40
25 35
15 35
13 24
20 34
6 20
41 53
26 45
6 49
45 47
17 19
34 50
9 31
11 27
23 34
30 42
4 21
4 29
8 31
3 5
21 32
6 52
7 15
2 33
12 33
19 36
13 17
36 37
27 36
33 40
42 49
21 27
10 39
4 46
14 17
21 33
20 29
25 31
43 46
1 17
15 28
8 20
7 40
34 43
9 52
11 51
20 35
45 49
1 49
17 50
13 30
23 49
7 45
18 28
9 13
43 52
35 50
34 42
22 39
34 49
27 41
27 34
29 47
13 14
7 49
1 2
6 33
12 22
4 11
9 25
21 43
22 44
20 52
25 38
0 37
45 50
3 10
29 51
29 39
32 35
12 15
