55
5
267
60
317 2
307 2
303 2
78 4
260 2
316 3
122 3
87 1
62 4
63 2
307 1
53 1
99 4
343 1
99 2
146 1
63 3
268 4
262 5
286 3
56 2
116 1
229 3
228 5
152 2
174 1
280 5
248 1
91 3
117 4
150 4
101 1
320 1
65 2
326 1
326 2
237 5
203 1
50 2
217 4
133 4
243 2
211 4
323 2
341 5
274 2
285 2
83 5
108 4
80 4
253 3
103 5
324 2
285 2
306 4
36 54
26 38
2 37
4 52
10 30
0 2
8 44
2 36
19 37
24 50
5 51
45 50
2 4
32 50
4 7
36 39
2 8
12 35
6 28
6 26
28 50
3 20
9 46
26 39
14 25
5 34
41 50
21 41
34 48
10 12
4 28
9 21
19 27
12 27
26 46
8 34
42 49
10 18
35 46
25 44
6 17
28 53
31 49
22 54
18 51
0 13
5 47
4 10
33 50
2 5
1 16
2 48
9 41
9 44
16 17
27 54
5 48
10 32
0 6
1 10
39 53
7 32
11 38
21 54
0 33
21 37
15 25
37 40
3 38
25 31
41 48
1 36
7 48
4 39
0 52
15 50
9 33
19 38
21 30
23 32
3 15
29 35
33 36
29 38
0 4
5 22
19 52
10 31
13 51
36 37
20 39
5 10
4 50
28 44
25 47
38 52
17 52
28 42
37 38
7 34
35 40
35 52
5 11
37 42
4 53
43 47
12 21
17 54
23 29
0 22
6 32
44 52
6 37
20 37
34 36
10 33
40 42
33 49
14 32
27 41
1 45
22 38
11 46
38 41
3 36
31 35
32 48
21 27
22 50
34 52
13 46
30 39
2 34
9 27
18 42
29 31
14 19
14 37
10 48
8 27
39 48
10 24
7 40
21 51
33 34
18 24
16 42
13 48
44 47
46 52
9 36
3 10
39 54
0 40
23 38
33 35
13 50
2 3
5 37
1 35
15 41
3 21
8 51
24 54
2 51
8 16
28 36
45 48
41 44
14 22
15 20
13 16
7 22
30 54
24 52
12 17
14 21
14 36
10 26
17 40
26 35
8 18
16 24
32 42
23 52
26 36
10 14
20 21
11 34
16 44
23 50
15 24
18 52
10 27
24 28
22 40
6 30
40 54
22 35
37 53
8 12
7 28
1 4
14 47
4 41
22 42
38 51
41 52
0 19
23 25
18 53
25 28
18 46
18 44
36 46
13 37
49 51
0 16
17 43
8 22
5 31
43 52
31 45
2 47
22 28
23 48
31 48
20 32
19 41
6 34
26 34
31 33
15 45
7 50
8 10
6 24
19 22
1 21
7 25
21 44
14 34
38 50
24 30
26 31
15 22
2 12
29 45
12 36
46 48
4 18
3 51
19 40
3 42
3 27
16 43
16 49
45 53
17 48
12 28
24 32
33 54
2 42
10 38
11 23
0 49
18 23
3 18
