57
7
1244
60
96 2
91 2
96 2
98 4
99 2
95 3
94 3
98 1
96 4
93 2
91 1
95 1
97 4
91 1
90 2
98 1
98 3
99 4
90 5
88 3
93 2
99 1
92 3
95 5
97 2
94 1
98 5
98 1
89 3
89 4
89 4
96 1
97 1
91 2
90 1
91 2
96 5
94 1
95 2
96 4
90 4
96 2
94 4
94 2
97 5
88 2
94 2
92 5
97 4
99 4
98 3
96 5
93 2
89 2
93 4
95 2
93 2
33 36
4 23
6 27
43 46
42 50
0 1
8 19
6 32
2 44
47 50
6 22
11 54
5 41
29 52
27 40
12 43
35 38
45 48
2 13
1 39
26 42
8 55
21 45
24 39
32 56
2 39
24 29
32 44
27 29
4 11
8 41
20 24
2 16
39 40
45 49
8 31
36 55
1 33
32 33
23 41
35 36
20 31
7 54
17 44
39 48
12 24
12 14
8 26
2 30
6 41
2 5
9 14
5 8
1 51
25 50
17 42
16 30
3 35
19 50
21 55
7 9
14 31
12 48
26 33
20 21
7 52
44 49
32 36
13 44
23 35
15 50
13 41
15 22
0 52
14 52
9 39
18 28
2 53
15 52
21 44
26 52
11 34
29 42
49 52
7 26
33 45
1 27
13 16
10 42
4 33
12 42
4 34
26 36
23 51
16 32
50 56
26 34
33 37
23 48
31 51
32 39
4 38
28 48
37 55
21 48
12 54
14 42
40 44
4 27
6 16
38 42
10 29
5 33
9 50
0 49
35 43
30 46
16 21
11 20
6 37
31 36
10 53
33 56
7 47
11 35
29 50
34 47
4 47
2 20
5 53
27 51
0 36
9 51
39 46
26 48
13 42
8 34
3 47
7 22
24 40
34 56
3 44
32 46
34 55
45 56
1 36
51 55
7 10
29 47
22 29
15 19
48 54
7 21
30 32
0 29
19 26
40 56
5 36
15 18
1 20
10 24
7 39
23 29
5 17
1 26
30 39
20 52
9 18
14 22
6 45
19 40
3 5
15 36
23 27
6 28
43 45
14 44
24 30
38 47
3 27
15 23
8 18
29 44
33 47
55 56
23 40
8 32
15 43
14 26
22 28
12 18
0 3
22 36
4 42
11 36
8 23
35 55
15 29
33 52
25 45
44 47
2 43
2 33
12 17
34 44
4 17
19 52
11 18
17 46
10 43
54 56
16 43
14 47
32 51
15 38
40 43
2 27
1 2
7 38
3 14
37 50
4 51
8 38
22 26
28 55
42 43
27 42
19 56
16 56
29 49
6 51
3 26
0 38
11 42
17 50
13 17
4 46
5 42
8 54
4 29
22 38
24 31
2 56
41 55
27 33
2 46
12 20
5 37
18 30
7 40
29 31
7 28
17 25
3 22
38 52
15 20
24 28
22 40
8 42
13 55
5 15
2 11
16 55
30 47
9 29
0 22
0 19
3 17
8 37
34 51
14 37
48 55
33 44
42 53
10 39
25 40
15 33
18 44
18 53
8 39
39 55
6 47
1 7
5 10
7 51
30 45
13 38
37 51
19 41
50 52
34 53
9 54
17 24
12 50
18 48
8 44
10 31
27 35
9 28
0 55
10 12
1 18
4 6
20 40
1 28
2 3
24 49
8 24
12 33
19 20
30 55
31 55
21 32
24 45
20 44
13 15
9 27
38 46
45 52
51 56
13 19
37 54
28 54
18 19
36 43
0 43
13 36
18 54
46 52
16 23
0 35
6 23
28 42
28 31
12 22
38 45
37 45
16 35
42 56
13 56
46 54
25 36
20 39
4 36
11 21
0 32
16 53
10 44
6 29
9 43
24 50
5 50
17 22
14 40
13 35
5 7
44 55
23 50
12 29
13 39
30 38
36 45
18 29
47 53
6 14
10 37
8 16
10 20
0 51
2 19
42 48
20 32
33 46
16 51
3 42
12 35
3 25
2 24
40 51
6 12
27 43
39 41
20 46
3 8
2 9
17 31
2 45
17 51
41 46
19 51
31 43
34 36
34 48
10 22
23 26
2 47
4 18
2 31
14 32
14 16
36 40
4 44
8 11
32 53
35 51
10 51
7 42
23 49
5 45
1 35
30 31
32 37
9 35
34 43
19 45
25 42
5 32
3 13
22 39
26 35
6 13
0 11
16 17
12 39
1 9
10 34
8 27
11 23
8 52
4 24
46 53
24 53
30 42
35 48
28 37
20 23
20 33
17 53
19 38
8 33
25 55
8 14
8 9
0 7
35 46
2 29
3 43
41 50
42 52
28 47
16 18
54 55
34 52
44 51
0 15
27 48
12 25
28 56
29 39
18 34
1 32
12 16
4 5
7 14
45 46
5 29
16 46
25 53
22 55
17 27
6 53
12 56
15 42
8 21
43 53
19 27
8 36
48 51
5 31
17 23
24 46
9 42
2 6
21 22
14 23
9 24
28 53
12 47
34 50
7 37
23 56
3 33
19 25
26 55
13 25
10 50
45 50
17 33
0 10
26 27
29 48
12 21
16 25
7 50
42 55
7 43
21 34
8 30
11 27
20 34
13 20
10 38
36 52
20 29
11 49
29 54
24 37
26 51
44 53
3 10
12 40
2 28
9 41
0 24
6 10
5 56
18 52
10 49
23 30
42 54
23 31
0 12
36 37
18 43
36 56
21 24
12 36
15 44
25 26
41 52
13 37
18 33
4 39
41 53
35 37
32 49
37 46
32 52
3 19
5 9
20 26
3 20
12 41
18 21
16 54
15 27
11 53
22 34
16 26
1 48
42 51
41 54
24 48
16 41
2 26
13 23
0 25
17 35
27 41
14 29
24 32
10 46
26 47
9 21
44 56
25 41
3 32
11 43
20 55
26 43
49 55
16 34
8 40
16 22
37 56
7 29
31 41
19 34
30 48
46 47
13 34
14 39
5 12
12 37
53 55
44 45
37 40
3 24
3 4
17 34
43 48
6 34
10 33
1 53
14 30
22 50
43 55
12 31
10 28
9 56
21 26
9 44
42 46
19 28
28 51
0 56
8 25
31 38
9 15
28 46
4 45
19 23
7 36
27 34
1 22
7 55
21 31
2 14
7 20
5 54
15 34
19 55
25 46
26 39
9 46
13 49
8 10
19 33
3 37
14 43
17 45
32 50
2 10
0 50
12 15
6 24
44 52
4 14
25 43
23 32
26 41
30 43
17 41
18 25
23 42
29 41
12 13
3 12
23 53
15 39
7 18
3 15
4 22
29 37
42 49
37 48
4 28
8 28
24 52
22 51
5 21
46 56
10 32
18 27
19 29
19 54
1 11
14 45
6 36
15 37
27 28
51 54
44 54
38 56
27 31
51 53
8 45
1 45
22 35
29 38
3 23
6 19
37 41
15 47
1 37
36 48
12 51
24 42
45 55
5 20
42 45
30 51
1 25
22 32
9 45
1 47
1 55
38 39
49 51
31 53
35 44
14 20
25 49
3 45
2 36
6 42
26 29
13 27
21 43
13 24
36 49
5 39
20 42
7 25
0 20
23 39
3 28
14 33
38 49
32 55
14 28
34 42
30 54
23 45
24 36
22 43
15 49
6 21
26 46
11 39
39 44
10 55
28 40
47 48
34 39
24 26
3 39
48 52
31 33
42 44
9 53
45 47
6 31
19 35
31 50
17 21
24 38
16 44
23 46
37 44
3 56
16 28
15 25
0 40
40 45
37 43
1 40
20 47
5 25
21 46
39 50
46 50
2 21
2 51
1 44
20 56
0 13
31 54
17 18
23 33
39 47
19 31
39 56
35 47
31 56
15 28
0 30
39 45
29 46
27 56
11 12
31 47
28 45
40 41
10 47
19 24
45 53
10 36
5 26
10 13
29 56
11 24
33 40
27 55
0 44
21 28
2 50
1 30
40 46
27 52
33 53
23 52
12 32
39 49
21 38
17 38
48 56
15 32
12 38
34 41
4 19
1 50
9 30
1 14
37 42
17 40
8 53
0 39
40 52
12 34
5 55
22 44
35 49
3 36
11 55
10 14
16 38
36 50
1 10
15 31
27 44
33 41
22 25
16 48
15 45
43 52
24 25
22 37
14 51
52 53
42 47
8 43
15 21
1 6
36 53
21 40
23 43
19 32
9 52
16 45
43 47
6 38
11 22
34 35
1 19
8 12
47 54
24 43
48 50
43 50
5 38
15 53
33 39
7 12
4 9
2 49
37 38
40 54
9 48
4 32
18 50
6 9
20 28
1 49
11 25
39 54
7 24
13 14
1 15
2 34
24 33
46 51
1 41
21 36
11 40
46 49
33 49
14 55
12 46
1 29
11 13
44 46
6 26
7 15
4 10
25 44
15 16
16 52
1 16
2 7
14 15
12 52
20 48
0 9
32 41
4 21
4 55
21 25
0 37
14 48
0 23
36 38
35 45
3 41
26 50
34 38
16 42
4 7
0 47
11 31
2 38
41 42
22 49
3 9
6 49
15 55
16 50
11 37
5 23
3 49
5 22
1 21
17 47
36 47
10 21
13 26
35 39
3 51
22 52
20 50
2 22
0 5
17 54
17 26
5 46
20 30
11 16
8 51
32 38
34 45
16 24
38 55
1 34
14 38
41 47
25 35
14 27
12 49
24 44
21 29
10 23
29 51
48 53
1 4
6 56
28 36
38 43
29 53
21 47
0 8
18 26
19 22
20 38
0 48
7 53
12 53
49 54
9 47
10 19
2 23
22 48
32 42
5 34
11 32
5 18
41 48
35 53
10 52
47 55
22 42
37 49
24 41
7 48
37 39
44 48
14 54
13 50
50 53
7 13
31 42
28 39
2 8
16 27
13 22
0 31
37 53
4 49
8 56
1 43
5 28
22 56
13 53
25 30
3 40
26 49
6 39
11 52
22 27
25 56
30 56
4 13
7 8
34 46
6 52
28 43
23 24
38 48
14 19
27 46
19 21
8 46
1 13
7 30
10 18
31 52
25 52
28 41
9 22
39 42
0 4
13 29
28 44
20 45
26 30
48 49
30 37
1 38
34 37
10 26
31 45
4 41
13 21
17 32
9 36
33 48
3 30
18 47
9 37
26 32
40 49
20 53
8 48
0 21
7 41
14 24
11 41
7 31
7 11
18 37
18 55
32 35
17 29
6 7
7 17
15 40
31 48
0 17
22 23
10 30
43 49
11 14
12 23
14 49
1 8
32 47
6 54
4 50
9 38
4 16
11 26
21 52
33 42
4 54
9 16
17 28
33 51
13 43
19 39
37 52
16 40
26 38
52 55
47 49
26 54
23 36
30 41
26 37
7 27
23 37
9 55
0 42
14 36
38 40
0 2
44 50
1 42
0 18
22 54
39 51
6 40
24 54
40 47
2 4
6 15
8 15
41 56
5 52
1 56
22 47
20 22
4 25
21 33
28 35
21 27
30 44
17 36
10 15
9 23
20 36
25 51
43 54
3 7
14 41
25 28
16 37
18 36
2 37
0 54
47 56
13 28
15 17
4 48
19 36
2 18
31 35
17 56
25 31
14 53
39 52
5 51
5 14
45 54
22 24
19 42
11 48
22 45
25 37
22 31
14 18
26 44
31 34
52 56
15 51
23 28
29 32
24 27
7 49
16 20
7 45
18 20
18 38
30 33
13 31
20 37
11 17
19 43
9 34
13 45
7 35
33 43
7 23
29 36
9 25
18 45
49 56
10 48
11 30
8 17
17 48
2 40
26 53
21 50
3 46
33 50
1 3
13 48
5 19
25 54
21 42
30 35
8 47
50 51
2 32
4 8
23 44
43 44
20 49
15 24
19 46
1 17
1 52
21 56
43 56
2 35
31 39
4 40
9 31
7 33
0 26
11 46
32 48
13 54
9 33
10 54
