58
11
462
60
18 2
21 2
22 2
30 4
19 2
26 3
24 3
20 1
19 4
23 2
33 1
13 1
16 4
17 1
32 2
19 1
15 3
29 4
25 5
21 3
25 2
17 1
19 3
20 5
32 2
19 1
33 5
16 1
22 3
30 4
14 4
17 1
28 1
16 2
28 1
20 2
15 5
28 1
14 2
28 4
15 4
29 2
27 4
13 2
27 5
28 2
33 2
34 5
35 4
23 4
35 3
21 5
31 2
29 2
22 4
28 2
29 2
32 5
40 57
23 50
5 57
20 33
39 51
2 16
9 47
6 23
2 39
22 33
6 13
8 43
22 24
28 46
13 47
12 28
41 52
0 28
0 43
7 14
25 42
8 44
1 34
23 44
13 14
36 43
23 33
50 54
26 27
2 38
33 43
34 52
1 43
13 37
7 47
20 31
34 57
12 21
30 47
22 47
22 32
19 45
9 37
17 33
5 20
23 34
9 45
27 32
8 9
6 56
10 32
8 50
4 52
5 19
24 52
35 46
31 56
47 54
46 57
11 52
14 20
1 52
12 57
6 28
19 35
19 20
41 42
7 40
22 41
6 25
7 46
15 54
27 28
15 22
14 35
8 42
17 46
21 27
27 34
8 21
25 52
28 36
5 17
44 48
48 51
18 21
12 44
23 26
4 26
21 29
9 55
11 32
25 36
22 57
4 38
45 46
31 48
29 32
22 30
30 41
30 53
3 13
29 43
47 52
21 24
19 24
27 48
3 45
6 7
9 11
36 38
0 46
17 53
26 42
11 38
33 48
28 54
19 52
5 42
10 47
16 25
1 51
42 50
49 55
0 9
28 44
16 21
7 56
2 20
8 36
26 49
33 49
17 47
1 14
25 48
29 49
0 2
4 33
6 57
51 55
5 48
19 49
12 46
42 45
15 23
45 50
14 17
1 20
0 8
24 47
12 43
33 46
5 10
28 52
26 50
8 15
32 47
6 38
0 54
10 56
7 29
22 35
19 32
0 57
25 28
8 31
8 54
13 48
34 50
15 32
11 56
48 56
8 49
14 54
40 42
51 53
14 27
23 39
1 57
20 51
4 21
28 38
21 40
9 28
10 35
17 35
15 25
13 52
48 49
9 32
11 48
19 34
21 46
1 5
8 12
34 37
14 53
32 38
25 57
30 52
40 56
28 43
11 47
32 52
2 17
19 22
4 41
49 53
0 26
46 49
15 17
16 24
31 39
5 18
37 52
16 53
4 47
1 17
10 24
35 49
12 13
4 54
7 32
27 51
18 35
19 54
11 17
10 23
15 44
1 36
0 41
5 16
13 21
17 30
3 40
48 54
4 22
5 49
0 18
21 48
23 35
26 52
11 33
26 31
37 51
0 45
19 46
17 48
32 43
2 31
3 9
8 47
4 45
36 48
3 21
16 37
21 50
7 16
13 15
22 52
2 45
16 36
0 1
40 49
3 20
4 13
8 26
21 47
6 33
1 29
43 57
31 55
14 56
27 44
24 42
18 22
48 52
43 52
6 21
37 48
3 39
20 49
7 41
16 29
0 5
13 22
3 34
31 50
44 54
40 51
21 41
21 51
15 18
18 27
0 38
17 43
26 33
3 56
8 51
9 46
9 39
7 55
3 57
21 35
23 53
15 34
4 51
12 18
39 50
5 21
30 45
24 43
23 49
16 46
12 35
0 51
36 42
41 56
4 42
35 53
41 49
13 32
7 44
47 50
10 52
16 35
18 33
42 51
30 40
5 24
7 48
30 56
26 57
23 42
2 29
42 52
27 56
39 57
13 40
42 53
28 45
19 53
10 53
13 55
8 33
16 34
10 31
4 43
25 49
16 47
35 36
16 42
10 48
6 44
5 30
41 48
12 14
3 49
29 30
12 37
34 47
34 41
43 47
2 49
2 3
22 34
44 51
8 17
3 53
39 49
44 47
29 42
17 55
3 52
13 57
6 11
15 52
38 41
6 51
26 41
36 54
1 46
32 37
14 52
32 55
8 19
23 55
38 51
45 55
24 41
54 57
32 56
2 57
9 21
13 39
9 40
14 15
14 36
6 54
7 49
45 53
6 12
31 41
33 56
11 36
38 42
25 33
6 22
11 16
16 40
30 51
14 45
19 57
24 44
39 42
10 54
9 26
13 29
28 53
45 49
36 39
12 24
3 30
10 21
6 18
10 55
4 15
13 51
28 34
23 57
29 34
25 45
26 34
27 33
8 32
23 36
8 22
7 18
10 42
4 24
22 56
32 45
8 13
0 25
9 49
0 50
39 53
27 43
17 28
8 52
33 36
41 44
10 15
53 56
29 47
24 56
6 41
3 19
34 54
9 44
3 32
22 53
