60
6
212
60
212 2
75 2
104 2
94 4
203 2
175 3
126 3
166 1
200 4
77 2
183 1
103 1
237 4
219 1
98 2
106 1
82 3
131 4
98 5
120 3
197 2
107 1
148 3
79 5
141 2
222 1
94 5
202 1
193 3
193 4
73 4
176 1
117 1
147 2
158 1
123 2
140 5
126 1
211 2
80 4
230 4
128 2
174 4
126 2
213 5
156 2
234 2
148 5
237 4
155 4
154 3
140 5
209 2
85 2
125 4
175 2
113 2
156 5
213 3
81 1
29 35
6 55
4 52
4 11
35 52
51 55
9 58
13 58
0 28
49 57
9 18
1 13
1 39
26 46
42 55
11 42
37 41
36 48
35 41
28 36
23 54
15 31
35 45
20 52
27 39
21 53
3 17
18 32
24 35
7 56
14 47
45 47
44 47
5 24
45 54
17 33
32 33
20 58
50 56
21 33
18 38
4 57
11 18
16 23
7 41
1 28
44 59
37 46
8 28
7 50
17 58
3 45
19 31
39 59
23 57
7 28
36 44
14 33
40 51
9 59
2 58
9 42
19 47
18 28
50 55
0 31
36 53
13 50
40 54
6 44
47 58
28 46
4 46
20 32
1 43
16 45
31 43
8 54
44 53
24 29
1 12
29 34
16 54
38 58
16 59
38 47
11 23
16 42
49 51
1 19
2 4
23 48
21 43
11 26
6 30
39 48
32 34
2 53
28 33
22 43
28 45
19 29
4 58
19 50
4 16
13 33
9 46
2 17
0 59
32 57
12 50
19 59
3 46
16 24
44 50
46 59
7 17
18 51
19 51
2 5
41 52
29 55
39 49
25 32
26 44
5 42
9 24
37 44
27 59
24 57
47 53
22 49
50 53
29 48
23 31
2 13
8 36
1 24
55 59
42 54
18 42
12 16
14 28
37 49
34 45
39 52
4 54
13 51
39 53
8 16
30 54
19 52
26 52
1 42
15 35
1 50
6 58
17 24
18 23
1 32
20 59
5 17
53 56
23 40
34 47
20 54
31 49
35 59
5 51
0 53
12 21
41 51
7 8
36 37
42 52
27 49
21 59
13 55
0 1
0 7
26 38
12 44
21 52
17 28
14 30
13 17
20 25
0 43
17 46
3 33
20 33
46 53
12 27
18 58
31 40
53 57
29 51
12 47
7 47
36 51
3 16
15 55
30 36
44 51
10 32
16 25
31 45
14 22
40 43
5 56
0 39
28 57
