61
10
768
60
244 2
119 2
232 2
390 4
211 2
279 3
254 3
162 1
100 4
337 2
347 1
351 1
209 4
119 1
274 2
210 1
294 3
187 4
262 5
392 3
361 2
331 1
192 3
387 5
317 2
194 1
294 5
114 1
153 3
393 4
189 4
280 1
341 1
275 2
118 1
155 2
376 5
230 1
243 2
136 4
310 4
232 2
242 4
338 2
401 5
356 2
302 2
324 5
257 4
391 4
222 3
316 5
169 2
381 2
397 4
219 2
349 2
344 5
125 3
377 1
210 4
28 33
3 47
25 29
7 52
34 38
16 38
1 22
19 54
24 52
48 60
20 36
4 8
38 41
25 50
26 45
26 33
35 47
3 60
34 35
20 48
54 60
35 42
21 38
15 44
21 25
21 28
3 35
17 52
23 43
31 52
16 24
48 50
41 50
7 13
8 32
30 54
2 27
13 33
46 48
20 47
17 58
16 40
15 47
7 22
13 47
2 55
42 44
3 15
0 45
7 39
8 13
5 29
3 7
19 56
30 31
35 38
34 51
38 48
1 52
9 46
9 10
41 53
23 40
17 48
19 32
13 35
35 37
12 23
20 41
1 32
44 49
1 38
7 57
23 52
1 12
16 25
27 60
19 23
41 56
23 37
8 36
25 40
14 57
37 38
20 54
11 43
39 44
1 56
45 48
24 44
8 9
22 58
20 57
10 60
37 48
22 56
26 30
12 46
27 33
27 45
4 42
4 48
19 27
1 47
17 45
12 58
18 33
17 53
18 55
31 49
5 11
0 57
2 19
7 48
29 52
25 58
9 54
30 41
6 56
58 59
10 24
28 53
4 56
21 43
25 48
0 9
7 51
2 44
24 29
5 50
3 21
11 51
15 38
23 33
5 20
8 16
4 32
5 38
40 45
18 20
6 11
20 46
35 55
12 55
37 52
14 29
6 30
13 34
1 30
8 54
29 50
38 51
19 46
13 27
14 59
47 52
24 50
21 27
5 7
5 8
20 35
3 43
44 50
22 50
28 32
0 49
28 56
7 12
54 58
11 53
39 45
2 9
2 23
34 46
40 43
6 22
21 34
9 35
33 49
57 59
9 42
0 28
24 46
13 58
12 47
14 39
19 41
57 60
7 27
19 49
24 32
11 59
18 36
1 23
30 34
47 57
33 55
10 50
34 60
12 24
9 50
4 31
41 54
13 60
36 46
44 60
17 19
14 55
38 40
0 56
27 57
14 48
43 56
9 53
7 46
34 47
27 40
31 39
50 60
56 57
19 39
25 26
11 28
2 39
5 52
8 58
9 17
17 37
28 30
16 32
15 53
29 53
6 9
1 42
39 43
20 24
52 55
21 30
41 47
4 22
28 54
48 59
9 48
2 46
16 27
36 56
1 25
23 28
49 52
2 15
12 22
26 47
31 59
19 53
0 4
15 52
12 28
15 19
30 43
3 22
22 37
5 26
23 32
41 44
49 57
14 40
15 60
5 44
36 57
7 43
16 54
22 32
16 41
6 60
39 41
41 60
3 34
32 51
15 16
12 17
9 21
9 23
17 32
24 26
2 49
27 49
37 44
6 19
43 59
50 59
33 35
8 57
32 58
23 49
46 51
3 39
18 53
1 50
20 60
12 41
11 17
21 48
2 41
11 42
16 23
8 23
28 50
51 54
21 44
5 28
30 53
3 44
5 34
31 53
25 41
35 51
9 26
31 43
15 56
12 15
7 50
30 42
14 32
31 42
36 37
41 43
22 51
4 38
24 37
0 48
16 56
12 35
0 2
9 41
9 60
34 44
33 38
36 39
3 27
15 17
4 34
30 35
39 54
2 30
2 42
15 25
8 28
2 18
12 26
21 57
18 26
1 13
35 43
59 60
8 34
26 28
9 14
30 44
19 40
36 47
6 55
1 55
13 17
4 36
2 33
18 29
34 36
28 43
20 58
4 51
5 33
1 6
4 26
10 47
33 36
23 57
0 54
32 37
15 30
20 34
14 56
45 60
21 50
4 9
55 60
29 33
4 46
28 55
40 59
19 20
48 53
6 33
40 42
3 10
0 36
18 59
7 33
28 48
19 35
44 57
37 59
20 55
15 23
11 34
46 56
15 57
27 43
17 36
5 17
29 37
34 49
7 31
9 28
14 26
0 59
25 53
31 58
21 23
35 54
4 44
13 22
8 10
46 55
9 57
31 48
21 52
41 52
43 46
24 48
24 43
4 27
4 52
13 57
43 44
4 5
0 31
0 58
36 40
40 60
6 21
7 25
17 54
55 56
34 40
11 35
12 39
29 40
24 25
35 39
23 59
40 55
16 31
11 18
10 45
3 55
29 59
9 12
22 23
1 48
35 45
20 27
0 25
43 54
7 40
10 49
25 37
22 29
17 18
5 24
34 54
15 50
3 46
36 53
4 59
20 22
18 42
11 41
42 59
14 45
24 59
34 59
50 57
29 38
16 59
40 48
0 52
0 44
40 54
23 30
0 41
6 32
35 49
14 41
30 49
10 16
20 38
10 46
48 55
43 51
3 17
10 38
9 29
9 56
15 28
17 56
57 58
42 47
41 57
22 39
25 52
0 14
25 27
18 25
35 41
9 19
1 24
16 49
0 10
3 58
2 16
19 59
40 44
20 37
49 53
29 45
17 51
30 36
18 44
23 56
13 39
42 58
7 37
4 24
33 52
12 57
7 11
46 50
29 46
27 55
14 24
31 35
19 26
41 46
13 42
0 3
12 60
14 36
12 36
19 47
7 10
1 33
9 37
23 41
0 50
13 25
33 54
20 26
9 51
1 29
5 18
32 48
10 32
41 48
18 47
9 30
23 26
14 53
4 58
37 55
18 40
46 49
2 3
9 47
15 26
13 59
32 42
12 44
31 45
11 21
26 57
53 56
16 48
5 22
9 58
39 58
16 37
3 52
11 32
33 41
34 58
38 57
30 33
3 59
27 31
11 58
7 35
20 23
21 59
8 39
13 31
34 56
34 41
4 28
0 22
6 59
29 39
33 60
44 47
17 57
25 60
16 57
6 12
26 51
8 45
2 36
3 50
32 44
30 51
34 57
11 33
17 46
0 43
16 34
22 38
54 59
23 58
31 50
55 57
10 58
11 46
19 52
11 50
13 20
42 57
2 20
6 58
24 42
22 45
28 35
33 44
6 15
2 51
32 36
24 31
0 32
33 59
4 10
51 52
42 53
15 36
1 17
54 55
7 20
1 43
2 57
0 34
42 48
17 35
31 37
6 48
26 29
5 45
33 47
32 52
38 59
5 31
4 17
8 52
14 38
43 60
13 29
18 43
2 25
48 54
13 23
52 53
10 34
10 56
37 50
16 21
25 36
43 50
1 40
7 38
15 18
24 27
41 51
2 58
21 53
2 13
22 35
10 29
25 28
8 24
48 57
18 31
17 31
6 20
4 29
28 52
27 35
27 48
8 50
8 20
13 49
2 47
12 32
45 50
18 27
12 16
22 26
8 37
30 48
32 38
20 45
53 59
44 59
34 37
44 54
21 47
28 29
18 21
29 30
26 44
19 24
2 24
5 47
5 15
23 31
27 34
1 46
23 36
0 19
4 47
25 31
1 10
24 28
15 59
24 35
26 48
17 29
33 58
6 24
28 58
10 23
5 56
13 40
25 51
16 22
0 27
31 33
2 29
10 31
38 60
27 54
23 38
47 59
19 25
22 59
1 60
36 50
0 8
46 54
44 48
42 56
16 29
40 53
53 57
