62
4
1361
60
355 2
410 2
131 2
296 4
118 2
619 3
310 3
345 1
215 4
51 2
520 1
441 1
177 4
266 1
262 2
554 1
101 3
166 4
540 5
34 3
194 2
544 1
352 3
586 5
285 2
267 1
443 5
116 1
139 3
170 4
73 4
529 1
43 1
28 2
109 1
19 2
225 5
71 1
323 2
320 4
161 4
521 2
74 4
381 2
69 5
567 2
533 2
361 5
356 4
218 4
371 3
566 5
167 2
213 2
124 4
366 2
395 2
326 5
114 3
46 1
55 4
524 2
27 35
14 42
15 20
32 47
32 56
52 53
2 24
13 55
1 20
42 57
5 28
6 48
40 51
24 58
0 40
11 13
34 35
17 37
2 29
0 29
48 60
57 61
20 54
11 43
0 45
20 44
3 56
17 32
28 31
7 35
32 33
39 61
39 47
25 59
1 58
38 56
4 58
3 21
43 47
14 26
29 61
4 40
30 60
20 33
24 25
56 58
39 59
1 13
12 49
7 55
10 52
18 30
1 59
21 56
15 27
2 50
20 49
36 54
6 52
9 34
8 50
23 26
15 26
17 28
10 34
33 52
19 24
51 57
20 23
41 56
24 49
2 54
12 58
0 14
15 51
12 31
2 7
18 43
39 53
22 49
2 6
24 48
35 47
16 20
11 29
9 24
2 48
7 60
46 54
31 42
20 35
48 49
20 34
4 43
35 57
14 61
25 36
4 60
26 58
26 49
1 4
26 44
18 47
5 22
22 36
26 28
23 36
0 15
28 45
30 45
1 14
4 57
44 49
28 52
25 42
25 30
15 44
9 59
6 47
48 59
27 55
12 55
3 30
24 56
12 57
7 41
13 45
0 10
23 39
4 5
11 37
14 48
22 45
6 19
34 48
5 30
3 42
7 9
38 45
41 49
13 39
13 40
34 43
11 60
35 61
41 47
13 18
7 52
3 38
28 50
18 49
43 52
5 39
6 39
8 58
3 25
32 41
47 58
2 4
19 53
11 22
7 59
22 25
2 35
12 28
6 34
10 12
3 18
48 58
45 47
37 48
21 55
33 36
38 43
0 55
20 50
2 36
8 28
8 34
27 30
8 41
7 39
22 24
34 60
27 40
18 61
49 60
47 52
2 57
19 27
11 45
52 56
40 59
50 56
27 42
44 52
22 52
2 37
33 50
9 38
14 16
28 32
39 51
37 59
8 51
13 34
17 23
36 46
4 22
5 8
26 61
18 42
31 49
3 31
33 49
9 13
6 36
46 57
28 61
49 54
24 34
26 40
5 44
19 28
0 41
0 23
27 34
12 21
5 17
15 35
33 51
13 59
35 54
37 46
7 28
19 29
47 55
27 44
3 6
4 50
45 50
25 31
4 49
15 53
18 28
1 31
10 15
45 54
4 41
1 40
19 32
53 58
19 31
42 46
5 57
2 42
39 44
16 49
5 10
43 56
19 48
14 58
0 51
39 41
14 28
9 39
5 27
22 38
35 43
13 32
21 46
39 54
41 53
22 48
39 57
38 58
31 45
17 59
11 51
3 19
8 42
11 23
16 56
10 50
58 59
14 55
35 53
41 50
25 45
11 59
4 59
10 30
22 61
57 60
1 43
8 43
10 13
30 46
44 53
17 57
21 24
41 45
15 49
44 45
17 27
1 44
18 31
26 41
6 60
5 26
1 45
14 52
30 49
11 61
34 39
2 10
30 39
33 47
35 60
2 14
29 40
14 15
6 38
6 7
34 49
26 46
1 50
3 54
23 47
14 27
16 17
24 37
0 56
27 58
33 34
21 42
34 51
0 19
14 45
9 37
16 23
5 19
10 28
28 43
51 52
13 19
22 44
10 49
0 24
17 48
3 29
33 58
3 45
35 44
25 34
30 36
29 42
2 25
29 36
34 59
15 46
37 51
12 45
5 12
14 43
32 54
27 45
29 31
2 12
1 37
8 45
3 44
15 18
31 57
23 31
35 52
34 50
11 50
14 39
12 56
48 61
21 26
7 26
32 38
37 53
19 22
27 57
38 59
34 54
44 60
5 7
3 24
52 61
7 23
5 23
1 22
15 48
18 55
27 29
42 45
20 32
16 55
13 20
20 21
43 55
26 47
2 27
24 51
21 48
32 37
11 18
40 41
13 56
26 32
43 50
6 24
18 24
1 54
5 38
12 54
7 27
1 46
2 18
24 46
21 28
39 49
17 30
23 53
6 23
5 16
27 28
4 28
26 38
39 50
17 47
18 52
10 20
29 37
9 10
17 34
6 25
10 35
32 58
12 24
8 44
28 40
23 35
33 54
23 33
21 60
38 55
0 12
1 24
7 29
8 52
43 48
4 45
2 51
33 60
9 40
14 46
5 36
5 33
8 30
2 16
16 42
4 42
4 29
33 44
14 24
22 54
35 39
11 17
14 34
18 21
10 16
5 9
11 46
24 32
11 41
4 52
28 38
22 34
6 58
49 53
0 39
14 59
3 51
49 59
36 45
34 37
21 29
24 54
13 14
10 33
11 33
18 33
45 46
14 22
28 39
9 44
25 37
30 48
27 38
49 58
55 57
3 11
20 52
24 60
6 37
17 25
33 56
5 24
6 14
22 50
17 39
0 22
2 59
3 48
19 37
53 56
4 11
32 60
14 40
11 25
29 34
11 48
42 54
21 32
40 52
9 11
12 42
32 44
3 32
6 30
43 49
28 46
26 59
10 29
30 31
5 32
39 43
12 39
3 49
14 19
56 61
12 35
29 51
22 58
3 7
14 33
22 53
10 17
19 54
32 46
9 22
3 17
3 14
10 19
23 29
40 53
39 45
11 38
5 37
0 13
11 26
25 33
26 52
4 35
25 43
4 53
1 57
43 58
39 40
0 52
10 57
30 41
17 53
26 27
48 50
3 60
5 15
16 18
18 29
28 37
11 40
15 19
12 36
54 55
10 51
8 20
26 35
50 54
9 49
19 41
0 43
0 44
5 18
18 25
33 46
20 39
23 42
0 53
2 11
32 52
1 8
41 54
9 46
28 47
9 61
2 20
29 59
42 56
2 52
50 52
34 56
11 19
9 45
17 26
23 34
12 37
21 52
56 60
37 45
16 48
39 42
49 50
15 52
8 26
12 52
9 43
10 58
4 30
4 33
37 39
15 21
53 55
27 37
32 36
9 53
10 39
23 41
12 19
40 57
0 47
25 49
20 36
4 21
39 56
7 48
16 21
14 38
9 57
37 55
5 47
40 42
30 33
8 59
23 60
26 50
36 43
12 41
17 55
34 53
11 28
14 21
18 54
6 29
38 46
18 26
29 41
11 24
13 61
27 32
47 53
6 27
17 56
35 59
24 44
13 49
20 41
9 25
27 48
23 37
18 60
23 40
1 10
28 57
18 41
3 28
24 36
4 36
8 10
45 48
47 60
32 45
47 54
4 18
1 61
26 39
21 37
0 7
0 16
36 37
24 59
17 20
42 53
35 50
21 40
28 59
29 46
12 34
20 22
11 20
42 47
9 20
21 38
13 48
40 49
6 18
20 28
28 30
37 43
13 23
11 14
46 52
22 43
16 33
39 46
5 49
8 53
13 58
15 61
5 11
54 57
37 61
23 45
25 54
36 49
32 50
20 45
1 12
51 59
35 56
23 56
6 42
1 26
11 27
25 29
29 60
9 28
4 6
37 42
0 35
32 59
44 54
13 41
12 33
7 10
13 51
43 53
16 52
34 47
40 50
38 53
19 57
2 56
18 58
4 61
31 37
18 40
30 54
28 56
5 29
54 59
24 52
31 35
31 34
5 43
4 7
26 33
39 52
10 31
31 47
28 55
36 60
19 36
0 30
25 26
9 14
37 52
45 61
10 43
17 60
23 52
15 24
15 23
40 48
20 31
19 44
6 31
1 28
31 39
8 49
21 30
6 22
17 45
15 25
31 48
16 61
15 60
3 61
22 42
29 58
11 54
19 35
5 56
11 55
12 17
10 41
5 21
28 58
13 60
11 36
1 42
13 44
0 37
16 25
21 35
25 35
48 51
37 56
3 59
7 12
45 58
10 45
10 22
2 38
28 42
36 38
2 45
33 39
2 47
29 50
24 45
43 46
21 53
6 32
44 58
33 38
14 17
34 58
22 32
9 27
15 50
3 46
12 20
1 27
23 49
2 31
6 40
16 28
14 54
16 19
29 54
0 3
2 9
6 51
46 55
4 38
0 57
5 14
14 36
9 58
4 15
42 52
30 32
5 54
2 17
35 36
6 8
34 40
11 47
11 58
5 60
15 38
24 28
8 25
19 52
21 50
23 58
14 25
2 5
1 11
14 51
4 27
2 44
0 60
2 28
3 16
21 47
26 51
8 27
0 54
6 44
47 59
14 35
15 43
7 45
28 54
10 56
50 53
27 59
0 5
10 54
8 21
34 44
29 45
19 30
32 34
31 52
8 15
16 30
4 20
10 26
26 56
21 33
42 49
23 24
20 43
52 59
29 38
0 59
51 55
8 36
5 52
2 21
20 25
13 36
25 57
50 59
13 28
21 44
0 25
23 50
36 58
1 3
12 23
2 61
12 44
14 18
16 29
38 39
27 54
7 19
15 58
34 52
11 52
7 44
8 55
40 61
25 48
9 15
8 40
8 14
55 56
36 47
17 41
3 55
41 43
9 60
7 54
32 39
8 57
35 49
1 34
7 25
5 34
31 58
19 56
4 13
19 33
50 61
32 40
20 56
4 32
37 47
7 34
30 42
9 30
18 20
50 58
42 60
13 15
23 55
47 50
16 37
12 30
23 27
1 35
3 23
42 58
19 47
45 49
21 36
11 44
21 34
31 32
7 11
18 50
32 49
23 38
49 55
25 52
30 58
31 54
4 9
28 34
23 59
6 41
7 31
35 58
30 51
44 50
24 41
16 46
40 60
21 58
38 49
23 57
12 18
12 13
19 59
17 52
0 46
22 27
9 52
2 60
8 39
27 52
35 40
36 51
2 40
24 57
26 31
40 56
37 38
15 32
45 51
49 51
22 29
57 58
9 26
17 33
0 18
16 53
31 55
18 35
16 31
13 22
39 60
21 22
24 47
13 43
26 45
14 44
48 57
44 55
43 59
14 57
21 25
36 48
13 29
17 43
18 37
33 40
16 60
41 58
9 54
26 57
10 27
18 51
6 49
47 51
8 48
14 32
27 41
1 29
38 40
7 22
30 34
24 43
22 35
30 37
16 32
27 46
2 53
32 55
36 40
19 61
18 38
44 57
8 19
11 15
31 36
4 25
5 50
40 47
7 16
15 57
30 52
38 52
13 24
45 53
31 41
13 50
31 53
7 13
5 61
28 51
32 48
15 17
16 35
4 10
23 51
13 35
29 33
3 22
15 16
40 54
50 51
12 14
8 35
6 17
18 45
55 59
6 26
1 5
11 56
21 57
56 57
21 43
16 47
10 42
49 57
6 55
51 58
1 39
6 53
5 59
0 31
17 24
10 60
8 23
36 59
5 13
34 41
9 23
3 58
14 56
8 31
1 17
6 16
0 33
22 23
24 38
23 54
33 55
36 56
18 27
31 38
4 8
19 60
8 22
15 36
7 30
41 44
49 52
20 42
24 29
8 32
18 46
24 42
3 4
36 39
33 37
44 48
8 47
24 31
25 41
51 53
8 18
17 40
1 36
25 47
55 60
27 49
16 34
4 48
19 23
13 31
5 42
27 56
3 8
33 45
8 11
17 46
16 41
28 41
6 57
9 17
24 53
0 27
39 58
25 39
25 60
58 60
5 35
44 46
29 43
10 47
3 39
25 58
0 28
15 28
11 53
12 40
6 54
37 41
34 36
9 36
29 53
51 56
12 15
2 13
41 59
27 53
2 58
9 33
34 38
36 44
24 61
15 42
46 56
28 53
15 22
19 58
23 44
30 38
7 53
9 55
10 44
9 29
16 50
30 47
40 43
25 55
44 61
10 40
10 21
25 61
3 33
0 50
14 60
15 41
7 51
48 55
54 58
15 54
15 34
0 26
31 46
8 29
3 50
31 44
20 60
15 29
20 24
2 34
31 40
2 55
27 33
4 16
12 25
8 9
5 51
18 19
20 27
18 56
4 26
27 61
3 41
26 37
13 54
36 55
14 31
45 59
7 56
24 50
30 53
22 57
30 50
3 37
24 40
46 51
33 41
35 45
55 58
13 25
33 42
26 34
2 22
20 46
25 46
22 51
18 57
46 53
10 55
14 49
12 16
34 57
1 2
7 50
10 11
30 44
1 48
38 47
17 18
23 28
11 31
3 20
25 50
22 55
12 51
52 54
4 44
6 13
12 38
5 46
16 40
37 54
13 27
41 61
30 57
12 46
33 43
20 57
17 44
25 32
21 27
0 8
49 56
4 37
14 37
52 55
22 47
7 58
23 25
7 47
6 61
8 56
