63
9
429
60
40 2
45 2
45 2
38 4
42 2
49 3
41 3
44 1
47 4
49 2
41 1
39 1
38 4
41 1
45 2
47 1
48 3
40 4
38 5
38 3
41 2
41 1
48 3
39 5
43 2
38 1
41 5
43 1
38 3
49 4
49 4
46 1
41 1
44 2
42 1
38 2
42 5
49 1
42 2
37 4
42 4
38 2
38 4
46 2
46 5
42 2
42 2
42 5
37 4
42 4
42 3
42 5
47 2
47 2
49 4
42 2
42 2
40 5
44 3
39 1
44 4
41 2
47 3
26 39
6 16
7 51
12 47
31 50
14 46
10 44
17 42
1 15
40 52
5 19
3 59
33 52
24 30
23 39
10 49
32 54
18 46
12 55
0 32
45 53
17 26
36 61
11 28
21 24
19 62
42 48
33 54
22 29
7 24
4 45
38 41
37 51
58 62
25 38
28 52
4 50
25 49
40 60
4 34
16 62
10 25
14 57
21 62
0 49
49 61
38 39
6 24
51 58
21 42
51 55
5 6
20 51
21 31
38 48
11 47
13 32
35 40
9 42
44 45
14 52
5 44
19 35
5 22
1 23
32 44
17 54
47 52
10 52
39 54
6 18
31 37
12 42
1 35
15 32
8 55
0 62
50 58
3 13
22 30
23 58
22 42
34 35
15 46
42 56
16 41
15 17
46 62
40 46
7 40
56 62
21 47
61 62
26 40
34 45
3 37
24 44
3 38
25 43
25 55
10 36
33 62
5 13
12 32
21 54
12 13
3 26
1 9
48 59
14 38
54 55
9 56
18 24
37 62
38 54
24 45
15 49
49 54
16 43
25 28
26 59
17 28
18 32
24 28
34 50
3 8
37 50
22 40
22 51
0 47
11 40
4 60
21 59
45 60
34 60
0 39
22 56
33 38
36 52
2 58
24 37
28 59
32 62
16 49
34 49
54 58
30 52
6 62
3 31
27 52
6 30
50 62
6 29
8 46
5 34
4 48
3 30
5 45
43 55
8 31
6 42
23 45
30 42
11 62
7 35
11 27
7 11
45 51
9 40
35 58
3 27
56 59
31 58
36 50
20 26
25 32
33 48
17 48
23 60
7 28
12 57
13 54
13 25
11 48
18 39
11 33
46 49
0 2
18 47
11 30
12 60
47 60
17 44
49 50
41 61
26 55
22 24
32 42
18 54
8 17
55 58
37 55
14 59
3 11
13 17
14 17
52 55
34 59
1 51
26 31
17 40
30 45
31 47
38 62
15 45
12 35
29 33
43 58
18 37
45 59
23 44
2 48
18 58
21 60
1 25
0 12
7 27
6 26
15 16
0 58
0 16
21 50
1 19
35 56
43 49
44 52
20 22
1 18
4 9
22 33
42 55
7 8
15 34
0 35
7 15
9 53
6 46
42 59
21 52
34 58
29 53
48 56
11 55
12 19
26 56
9 28
7 56
10 46
0 26
0 27
25 56
2 11
37 45
13 53
7 22
0 53
5 23
33 59
13 15
20 62
15 48
3 16
4 55
35 54
37 61
9 44
30 41
5 50
13 16
10 59
45 48
18 44
34 40
25 59
50 57
38 42
15 52
39 48
8 51
4 38
2 41
22 35
50 55
38 44
48 53
0 28
11 60
10 39
21 40
45 54
38 52
40 61
5 11
4 58
27 35
17 53
58 61
6 20
16 35
52 53
23 29
17 62
29 47
44 61
19 25
29 37
25 34
9 62
40 43
39 57
6 38
41 56
6 60
33 39
52 61
8 10
15 33
22 59
11 54
17 30
9 35
2 40
12 33
31 56
20 58
52 58
14 27
6 8
6 58
4 37
4 40
12 30
39 49
52 54
13 42
33 34
7 53
4 43
31 55
28 33
21 30
32 50
59 60
24 42
5 10
34 44
45 56
28 36
33 49
11 59
40 41
18 20
10 41
14 25
31 48
26 49
3 34
41 50
9 22
22 54
5 61
27 39
30 53
41 48
22 26
29 59
14 21
12 40
15 25
40 58
20 42
20 23
31 32
25 35
0 24
26 61
37 41
10 24
42 49
18 36
7 12
1 37
27 31
38 46
0 55
18 33
26 33
27 62
39 62
49 58
24 49
51 57
15 20
41 47
25 53
5 18
3 33
21 23
10 45
1 14
13 39
3 28
17 36
1 44
3 7
7 26
12 38
8 11
3 56
6 47
17 32
31 61
23 56
4 19
37 53
17 19
23 26
3 57
22 38
