64
7
1048
60
72 2
77 2
64 2
70 4
61 2
81 3
60 3
76 1
66 4
81 2
73 1
71 1
57 4
73 1
64 2
66 1
80 3
59 4
70 5
70 3
73 2
73 1
80 3
71 5
75 2
70 1
60 5
62 1
57 3
81 4
81 4
78 1
73 1
63 2
74 1
57 2
74 5
68 1
61 2
56 4
74 4
70 2
70 4
78 2
65 5
74 2
74 2
74 5
69 4
61 4
74 3
74 5
79 2
79 2
81 4
61 2
61 2
72 5
63 3
71 1
76 4
60 2
79 3
69 1
25 45
3 26
44 60
5 18
30 46
7 51
25 32
23 33
1 32
38 54
7 37
11 49
42 43
53 54
8 14
28 40
31 48
23 51
4 20
17 18
44 48
1 8
34 55
11 12
21 52
37 62
16 35
32 42
11 33
0 49
1 31
36 49
35 62
13 18
40 50
27 54
0 54
24 57
38 62
5 54
17 26
21 36
14 38
11 45
14 23
46 52
36 47
3 62
47 56
49 54
23 63
20 52
35 37
20 47
3 59
11 27
8 42
33 57
8 61
11 15
2 44
21 60
31 59
2 57
5 21
31 38
22 41
44 51
38 43
37 59
22 55
12 25
10 27
14 60
21 42
6 59
17 43
38 49
62 63
5 59
23 30
3 28
32 55
10 50
3 15
39 47
19 37
13 32
38 48
16 40
50 58
19 28
30 31
20 61
33 35
23 54
0 45
24 51
24 63
5 58
4 61
17 47
12 15
23 53
19 33
4 6
58 59
8 13
28 43
38 63
49 51
4 12
26 29
29 36
27 29
9 54
3 27
2 6
22 59
2 9
37 44
1 22
55 63
4 54
5 23
3 49
46 51
22 24
18 47
36 50
6 9
21 33
5 11
11 19
6 42
1 3
1 24
35 38
18 51
12 55
30 43
31 56
3 51
33 39
12 33
1 42
50 63
31 41
26 56
17 49
23 46
51 61
8 33
4 44
13 38
38 45
11 55
0 32
18 50
8 26
1 11
20 55
4 18
14 33
1 25
6 20
17 58
42 58
33 36
34 46
12 17
30 54
3 12
35 36
29 54
8 9
14 35
20 40
23 32
20 22
12 57
11 50
11 32
17 61
5 60
43 52
26 45
18 24
44 50
55 58
16 61
44 59
27 34
11 29
39 60
7 53
31 36
42 61
9 29
49 61
26 38
38 47
16 50
12 49
13 47
5 34
33 49
13 46
25 37
9 42
29 43
4 19
53 63
17 50
3 52
28 33
41 51
29 40
43 46
22 56
0 51
4 48
10 53
17 46
0 38
0 10
54 59
16 56
0 3
8 22
2 28
4 16
34 44
18 26
1 45
41 63
2 38
8 63
33 44
52 53
14 62
27 49
15 41
5 30
3 33
10 11
40 55
10 47
15 31
28 53
45 51
45 58
7 57
22 57
7 44
7 27
7 19
0 6
12 24
37 58
18 23
35 56
33 34
13 52
6 30
2 12
32 51
54 63
22 35
12 54
3 30
37 38
34 42
36 45
11 20
29 39
7 48
10 44
6 61
15 62
4 53
7 46
25 29
46 60
32 61
11 28
58 61
14 19
3 61
19 23
21 49
46 58
1 12
8 55
28 56
35 63
10 19
24 54
19 58
14 58
2 61
18 31
2 32
19 29
24 55
51 54
4 43
4 26
1 19
13 44
35 59
7 50
31 52
11 18
61 62
5 43
7 9
15 38
27 42
9 10
4 8
0 59
31 62
6 34
9 45
22 32
3 56
9 21
6 22
8 20
53 57
4 38
34 41
1 36
48 51
5 33
1 43
59 61
18 55
12 13
14 16
1 17
47 62
33 48
2 34
22 51
16 51
10 61
12 36
31 44
1 54
51 56
23 52
4 25
27 44
27 38
1 46
46 63
5 50
10 26
13 55
11 37
3 32
30 44
25 55
5 55
27 57
5 48
43 63
7 63
0 17
29 51
8 31
41 56
47 53
13 41
18 49
35 43
38 60
22 31
24 26
29 61
18 53
26 30
35 51
35 52
0 52
40 45
21 24
56 59
2 45
1 49
5 62
36 46
49 60
25 39
33 60
38 42
28 50
16 22
14 48
16 53
39 46
8 43
2 25
20 39
9 23
13 21
13 50
9 26
7 14
25 44
26 33
12 21
42 59
8 12
28 52
9 38
25 56
2 14
23 28
16 33
50 59
16 43
22 38
7 34
5 49
44 58
52 55
30 47
8 46
23 49
6 43
17 24
23 43
20 26
8 19
14 47
45 60
30 48
29 62
9 18
26 46
17 38
25 54
31 40
20 51
35 48
51 55
16 58
50 51
48 60
9 13
5 44
29 58
31 46
0 61
3 8
4 24
0 27
15 48
13 20
16 32
6 46
2 3
30 62
28 60
39 53
32 47
17 21
8 59
5 6
10 62
12 44
4 35
22 54
15 46
33 38
26 44
15 29
34 45
14 22
10 41
9 27
13 29
20 50
9 57
31 50
23 36
7 29
20 24
17 33
43 61
5 15
40 47
14 41
5 32
46 47
16 39
10 25
15 20
43 50
29 60
45 63
23 42
17 36
28 46
18 25
31 42
15 36
57 61
31 63
11 63
18 41
22 53
29 52
18 52
15 59
45 49
49 52
17 23
27 36
2 24
17 51
20 23
3 6
36 61
10 32
0 44
30 34
60 63
27 43
39 40
25 35
12 41
44 52
28 29
5 14
46 61
1 16
19 35
0 43
41 50
9 41
32 36
39 49
8 49
21 41
0 58
52 62
30 36
6 31
34 49
2 51
21 55
5 16
2 58
5 63
35 60
33 52
19 49
5 40
17 19
0 39
17 52
55 59
47 50
10 28
12 28
0 50
49 50
54 58
11 53
28 39
1 60
23 62
42 50
20 42
23 41
33 62
15 23
9 55
46 55
47 57
31 34
45 55
20 36
24 49
26 35
18 38
37 54
13 30
25 62
17 25
14 45
34 47
45 54
21 32
42 45
13 17
22 52
30 42
56 60
37 57
35 61
30 41
36 40
10 40
16 48
26 55
3 39
1 61
59 60
1 40
7 22
6 38
20 43
15 54
0 37
46 54
2 4
12 19
17 56
42 62
8 51
9 28
26 39
6 55
14 30
0 11
8 10
3 16
25 47
18 59
29 59
44 54
22 26
36 48
14 51
40 52
32 56
30 57
11 47
13 56
39 51
1 63
1 58
0 34
15 35
20 38
10 58
21 30
36 51
15 50
12 51
9 61
8 41
52 61
12 62
32 35
17 22
24 36
22 27
29 50
4 52
10 16
2 60
12 61
21 45
37 42
14 56
41 61
0 20
33 37
11 61
14 46
5 41
11 24
21 63
48 63
52 57
17 41
57 59
18 20
5 57
22 58
15 60
41 48
22 25
47 52
40 49
35 53
16 36
12 26
24 53
0 55
52 58
11 48
16 23
58 63
0 4
49 57
38 50
0 5
47 49
18 60
27 48
7 30
27 31
12 63
20 29
38 44
14 21
25 41
19 22
2 21
26 36
1 15
25 34
7 12
28 44
4 46
24 28
20 32
15 22
15 25
14 50
4 27
0 31
53 60
8 29
45 57
24 33
1 37
21 62
30 40
10 23
48 58
48 52
44 53
10 56
1 21
27 35
15 51
27 62
16 57
12 60
12 34
34 40
29 45
2 62
39 62
13 61
20 44
30 53
21 58
39 44
31 60
36 59
21 48
35 46
12 32
7 10
14 52
34 37
45 50
28 32
51 60
10 45
33 58
34 62
45 59
2 46
0 47
24 47
24 48
20 45
5 56
47 55
13 22
43 45
4 50
23 44
4 10
22 28
34 50
17 42
18 43
44 62
7 36
3 37
17 37
49 58
36 57
28 62
12 50
5 51
35 41
34 63
2 54
47 61
20 34
5 47
50 61
40 42
4 11
12 45
2 5
36 62
9 16
9 33
8 57
1 56
24 52
47 51
5 29
27 28
36 56
58 62
2 22
1 4
9 24
53 58
15 30
19 34
3 42
10 36
34 54
11 36
26 31
40 59
2 31
26 48
19 20
33 41
8 24
20 60
27 52
6 49
19 51
9 58
7 25
21 25
14 32
40 43
20 46
15 55
22 39
42 63
43 47
2 39
40 60
22 34
0 19
11 42
6 45
22 29
26 49
0 48
27 56
38 61
1 62
17 34
3 34
41 49
9 39
3 11
19 42
5 46
6 60
23 29
17 62
8 56
10 15
7 31
8 36
35 49
18 61
3 44
7 59
22 50
27 59
20 41
10 46
14 54
16 34
9 25
12 39
2 55
3 18
18 37
15 27
9 50
30 37
0 29
25 27
5 25
13 63
21 54
6 62
42 46
19 31
27 55
26 60
14 29
48 54
43 56
7 21
10 42
11 31
38 55
31 33
4 23
8 38
29 57
6 39
31 35
0 53
2 50
14 59
13 54
4 47
38 46
8 18
27 46
4 9
7 45
26 54
6 58
44 49
21 38
8 23
6 35
38 53
20 35
0 2
43 62
5 19
13 42
13 34
33 61
0 42
2 41
16 41
13 28
15 52
6 51
34 60
14 20
6 56
9 17
13 27
6 47
11 57
32 49
14 17
1 2
1 44
0 63
40 48
29 42
0 46
0 40
33 40
1 30
0 28
16 42
6 12
32 57
50 55
16 25
11 43
22 45
3 14
5 27
19 63
41 42
44 45
19 32
0 57
32 43
32 46
0 33
6 15
4 17
4 15
1 38
22 40
1 6
15 49
21 53
1 47
19 21
18 44
13 37
10 48
20 27
11 25
20 25
16 46
54 60
7 20
20 53
6 27
12 46
9 36
24 31
8 60
4 63
22 63
26 40
8 15
13 62
38 51
0 23
11 56
42 51
26 41
39 58
20 49
9 53
37 43
4 33
35 42
16 55
13 58
0 1
20 57
10 21
7 13
32 52
6 24
16 26
40 44
10 18
32 45
27 51
47 60
50 53
37 39
34 36
20 59
25 57
0 12
23 37
48 49
46 56
4 55
