65
4
665
60
169 2
184 2
160 2
165 4
112 2
128 3
179 3
159 1
189 4
150 2
179 1
190 1
186 4
145 1
116 2
158 1
110 3
190 4
149 5
113 3
148 2
108 1
96 3
165 5
149 2
156 1
137 5
185 1
188 3
144 4
142 4
138 1
162 1
97 2
188 1
128 2
179 5
150 1
187 2
104 4
140 4
165 2
128 4
105 2
183 5
146 2
102 2
140 5
185 4
137 4
125 3
190 5
186 2
152 2
158 4
165 2
134 2
130 5
148 3
110 1
114 4
113 2
114 3
114 1
155 2
24 55
3 19
3 31
1 56
35 38
34 51
1 58
8 22
3 6
37 38
0 9
4 24
54 64
22 54
33 53
0 61
30 46
30 31
17 27
20 45
40 59
0 13
19 25
17 45
3 7
18 60
15 63
20 61
6 58
6 33
3 27
35 37
34 52
0 16
15 23
26 60
3 63
37 46
18 40
21 45
3 58
9 50
15 20
10 29
2 47
43 59
34 64
23 24
44 59
24 26
1 52
4 64
24 58
20 23
5 25
5 36
5 29
32 51
47 56
4 36
27 52
47 50
52 62
9 19
0 19
30 36
7 58
42 44
30 33
36 45
7 13
18 47
11 54
16 36
19 52
8 34
17 22
34 58
46 47
14 21
22 44
11 36
31 51
38 61
3 54
0 35
5 30
36 59
55 59
13 58
55 63
18 25
24 56
31 61
6 21
23 27
29 51
23 63
24 35
35 42
8 46
17 26
54 58
0 21
32 42
0 2
19 28
12 30
27 47
28 40
45 64
13 32
26 28
35 48
14 55
21 37
5 35
40 60
17 25
25 36
1 45
15 49
22 52
7 52
23 46
8 64
0 53
21 40
31 38
36 64
4 61
20 51
14 35
42 43
17 41
1 64
25 58
33 58
12 39
5 48
11 43
31 34
1 47
32 33
30 53
4 38
6 27
2 9
25 64
26 33
29 37
20 60
0 27
5 26
1 2
1 28
7 25
18 28
40 62
23 38
61 62
45 57
30 57
6 10
12 64
35 62
40 57
18 26
33 38
18 37
24 42
29 54
33 56
19 21
47 52
36 54
23 32
22 46
12 23
12 41
11 35
52 63
12 20
22 39
8 36
41 48
17 48
3 32
50 54
16 41
42 52
26 40
10 19
38 42
23 60
25 57
45 55
49 53
9 21
54 55
34 56
12 46
12 33
14 29
13 21
52 60
0 52
14 51
24 47
5 54
28 45
32 40
49 56
5 16
0 55
27 37
39 53
41 42
22 30
0 17
23 36
14 53
1 22
8 12
55 57
14 26
34 61
0 62
47 54
2 30
11 33
33 36
17 50
46 61
40 41
8 51
6 42
21 22
38 56
48 51
4 16
9 26
3 8
19 32
0 58
14 15
38 60
8 20
24 46
33 35
42 62
13 42
3 25
16 38
5 8
2 37
14 59
7 29
0 51
6 56
15 34
34 46
6 20
4 44
4 26
42 45
3 23
19 57
2 21
19 38
1 11
1 14
34 62
41 59
28 41
10 30
4 45
15 43
7 35
6 37
24 44
24 39
44 47
31 57
3 33
36 39
4 60
3 47
1 10
21 24
44 45
13 53
11 29
4 51
9 23
7 31
22 51
19 35
14 40
2 13
11 64
1 12
16 57
24 27
47 57
6 11
21 53
11 15
13 36
31 52
27 51
30 50
2 62
27 41
10 47
19 20
15 19
26 48
21 55
23 34
40 54
30 60
13 35
57 60
21 48
8 63
10 15
8 41
27 38
49 50
16 29
29 52
3 5
45 50
5 55
2 39
16 26
31 46
49 57
9 60
12 48
45 46
37 57
5 11
16 31
4 53
43 54
13 29
48 52
3 50
23 25
47 59
1 13
26 50
37 53
18 63
31 37
37 49
13 38
21 51
24 60
1 8
56 57
33 61
35 50
9 25
52 58
6 61
21 29
38 39
49 59
22 25
13 34
27 63
55 61
17 32
58 61
37 44
2 20
2 48
28 63
11 25
25 38
25 50
34 42
1 49
38 50
5 63
50 62
44 60
7 34
6 8
17 34
12 40
24 49
26 36
36 53
1 20
14 30
19 22
18 61
37 54
11 62
19 59
5 9
12 55
17 31
6 50
44 50
18 53
55 64
29 47
37 43
5 28
2 53
21 33
11 63
35 64
24 38
22 42
15 61
34 54
29 55
39 62
19 24
41 61
18 41
48 53
5 40
57 58
44 54
11 34
21 43
18 23
11 27
6 31
44 64
21 64
29 48
6 54
8 26
25 54
14 48
30 38
20 27
17 23
34 38
7 9
15 56
6 45
35 36
5 38
18 20
7 19
30 44
7 23
4 40
35 54
31 56
16 54
8 56
12 44
10 24
5 31
29 62
3 35
6 43
31 54
19 26
10 48
62 63
22 41
53 62
26 37
15 27
9 52
32 54
34 47
13 54
38 47
24 62
22 27
20 44
32 62
17 19
29 33
61 63
22 50
8 59
16 59
0 54
6 57
24 54
38 52
3 64
16 52
47 60
5 23
49 55
10 31
41 46
40 50
43 53
0 32
14 23
8 17
14 27
30 40
26 43
51 57
3 11
2 18
32 64
20 42
18 30
13 55
27 44
42 60
29 50
4 9
26 42
21 59
22 55
9 57
41 51
35 49
9 40
29 34
28 46
52 59
3 10
37 48
24 45
0 5
27 33
13 14
34 48
32 52
6 12
42 61
17 46
13 28
22 29
43 52
7 37
20 59
28 42
29 31
8 33
59 60
19 54
16 18
32 38
8 27
9 38
4 57
11 40
34 50
1 9
16 45
13 57
8 13
12 14
10 14
24 32
44 53
23 52
15 28
7 10
49 60
2 24
27 43
23 53
23 35
31 36
40 49
13 60
8 47
0 8
30 55
6 63
17 29
26 64
30 32
43 45
23 61
17 62
3 29
7 56
37 51
16 51
46 57
29 41
7 30
29 64
16 42
12 22
21 49
53 59
29 42
33 49
36 43
22 64
10 26
27 60
5 22
38 41
5 47
12 42
17 33
52 53
4 12
50 53
20 56
19 63
15 35
10 11
43 61
0 59
23 40
26 49
23 30
40 61
39 58
6 25
39 52
8 11
5 52
13 23
4 23
42 51
24 57
28 61
8 50
21 42
0 24
4 14
9 61
18 52
11 24
5 34
3 61
7 11
24 36
36 50
22 53
5 46
6 23
51 54
26 59
35 39
2 25
30 35
5 12
13 16
48 59
16 48
30 64
5 18
19 58
14 25
0 29
16 24
13 49
19 48
