67
6
2034
60
170 2
313 2
202 2
144 4
357 2
301 3
136 3
220 1
330 4
275 2
181 1
113 1
59 4
189 1
144 2
168 1
332 3
125 4
124 5
362 3
127 2
133 1
370 3
337 5
123 2
96 1
156 5
48 1
151 3
35 4
123 4
178 1
155 1
197 2
24 1
305 2
94 5
296 1
365 2
146 4
168 4
142 2
40 4
288 2
351 5
58 2
176 2
86 5
363 4
205 4
196 3
154 5
147 2
339 2
259 4
49 2
31 2
174 5
183 3
47 1
52 4
284 2
105 3
297 1
196 2
318 3
221 4
23 42
17 52
8 57
34 46
43 59
36 61
5 10
4 54
9 10
34 47
2 8
2 34
47 54
21 47
23 61
4 11
28 52
4 53
3 23
37 53
45 54
0 2
18 27
10 23
5 42
17 65
15 26
19 60
6 54
3 14
40 49
32 47
9 16
34 60
14 37
25 41
30 62
47 49
24 43
40 51
12 57
13 37
1 50
28 43
12 27
39 64
32 54
6 59
40 58
27 63
0 3
40 59
26 56
19 22
5 19
33 62
8 26
30 49
3 49
1 61
18 26
41 62
19 55
6 22
34 58
28 42
38 55
30 34
10 34
33 59
18 58
39 41
13 59
3 13
13 42
19 37
31 43
32 48
42 66
21 37
2 13
29 53
14 24
22 28
18 46
13 50
6 55
34 41
47 58
47 62
17 55
23 43
35 39
29 63
21 61
42 46
22 53
22 65
2 61
0 22
16 34
11 22
54 59
3 29
56 64
23 63
41 50
25 65
3 45
41 57
23 35
35 65
24 50
21 55
2 43
57 60
15 63
15 43
25 26
23 62
14 63
34 54
6 30
17 42
20 63
57 61
32 55
10 35
1 62
10 28
31 45
55 61
22 30
7 55
10 11
30 50
31 52
51 58
11 14
8 19
28 60
9 62
30 31
0 9
2 65
5 49
12 21
24 48
7 56
56 62
28 65
4 41
18 50
8 53
6 63
44 45
17 33
10 60
2 44
49 59
10 56
1 42
13 26
10 19
11 47
1 30
37 51
11 24
31 32
19 43
27 64
31 50
48 51
6 43
14 28
16 50
21 39
11 46
54 58
43 61
12 45
46 51
58 63
3 46
37 65
16 56
11 50
16 59
44 58
38 63
24 62
9 24
35 46
51 57
61 64
28 40
3 51
11 66
42 43
9 51
32 46
16 61
10 58
27 33
30 41
12 46
11 59
30 60
7 59
26 59
2 55
44 46
8 50
2 25
25 55
36 52
14 48
37 59
34 62
45 52
1 55
17 66
49 66
47 56
8 43
30 52
18 34
20 47
15 29
16 47
44 61
40 53
18 19
36 64
0 35
6 18
49 56
35 60
43 48
2 12
4 32
43 55
4 34
10 22
4 21
35 64
9 40
26 35
24 37
43 65
34 40
1 29
0 32
37 60
26 54
6 37
24 29
12 38
4 33
19 53
32 36
0 24
11 54
62 65
29 49
18 59
5 48
11 25
12 37
10 31
50 64
32 52
12 25
32 37
17 20
14 57
13 14
22 58
38 44
0 4
23 26
40 46
29 59
26 62
33 53
7 31
15 37
19 66
36 45
40 44
12 41
2 52
5 63
38 46
5 25
18 37
2 18
4 40
2 36
16 18
45 46
20 25
22 57
42 61
10 41
3 54
28 47
10 29
26 29
0 40
59 61
13 56
36 59
14 33
24 51
25 29
9 30
29 44
34 50
5 53
28 66
27 43
48 56
31 33
1 49
12 47
3 18
6 16
43 62
18 55
27 62
40 55
41 43
3 31
11 20
28 63
0 60
24 39
1 25
29 32
40 64
21 32
15 42
14 60
0 19
7 63
1 27
28 48
52 53
42 63
10 50
41 66
9 41
24 66
29 39
12 58
32 49
8 21
10 46
21 28
27 54
47 64
33 58
23 33
7 54
31 49
0 44
7 38
29 62
12 54
12 44
26 41
17 54
47 60
18 39
6 27
34 53
10 51
27 38
27 57
23 64
45 56
31 66
1 46
6 57
35 54
7 24
44 66
25 50
16 42
17 24
21 56
54 57
25 58
34 35
48 53
15 44
30 58
8 42
34 63
6 41
33 64
36 55
1 28
52 65
1 54
1 22
16 27
19 65
9 60
44 63
0 1
40 65
35 45
16 57
20 55
21 35
8 61
15 34
21 63
32 44
7 60
9 46
9 32
3 65
28 49
54 55
51 62
52 57
13 41
15 28
14 36
36 49
2 35
20 60
7 57
27 58
31 57
20 32
24 38
60 65
28 44
8 32
4 42
31 62
7 61
28 39
17 51
43 51
60 64
1 4
63 65
28 50
23 29
35 53
21 40
6 62
9 53
6 45
9 63
39 57
6 10
28 34
5 15
44 59
29 45
3 15
9 34
51 63
9 27
46 61
26 32
20 33
35 55
24 36
3 16
4 37
12 32
2 49
11 36
13 28
8 36
7 49
39 47
28 54
7 47
16 23
6 34
1 19
0 37
46 66
35 56
15 30
3 48
48 59
12 51
22 64
53 54
37 63
57 59
39 58
0 26
8 39
33 52
23 27
28 46
4 30
36 39
45 53
1 13
24 33
2 27
49 65
6 19
15 60
39 44
11 16
24 64
46 48
18 45
9 15
3 44
45 58
42 56
5 24
53 66
13 64
46 47
25 54
34 57
12 34
25 51
18 22
5 31
32 38
27 35
16 54
28 33
8 41
8 62
37 58
19 58
11 51
14 46
29 38
10 26
27 46
39 59
21 34
20 26
0 57
0 58
9 56
7 22
32 40
23 65
13 44
2 33
7 51
59 64
37 40
11 15
9 36
40 52
52 63
12 39
53 63
44 50
25 61
22 25
15 66
13 27
4 13
37 43
56 60
10 66
0 33
6 44
4 6
25 45
28 38
32 35
39 50
5 64
6 33
7 42
15 62
50 51
3 32
4 39
24 57
28 36
8 22
23 39
26 42
11 33
50 55
3 24
21 57
33 57
27 39
9 17
41 48
41 60
15 20
1 33
39 45
5 52
45 61
2 64
18 65
16 39
6 56
62 64
18 42
39 66
2 11
22 46
5 6
43 49
7 44
10 32
50 54
5 23
10 38
11 60
1 47
23 44
3 25
27 36
20 38
9 43
31 37
23 41
17 57
7 40
5 29
8 35
38 42
4 46
5 57
5 35
26 66
20 45
15 65
25 28
1 41
32 58
12 36
14 58
4 31
0 21
16 33
43 56
29 33
0 50
0 13
17 50
0 25
13 36
41 46
19 62
8 51
57 64
26 39
6 21
36 62
21 33
50 65
2 4
15 23
20 49
47 65
16 28
5 58
41 55
43 52
32 53
21 25
45 51
6 38
29 64
29 40
54 64
1 45
40 54
2 42
2 29
26 30
14 65
4 19
12 15
38 60
8 37
25 36
27 65
58 59
41 63
34 43
20 61
25 35
10 47
18 51
7 32
8 59
21 58
34 37
23 38
30 36
22 31
24 28
47 59
55 56
19 48
12 53
15 55
44 53
13 49
5 43
13 40
15 17
4 8
5 9
10 61
20 42
22 35
55 66
14 40
10 63
27 50
23 49
9 39
29 60
56 66
38 57
56 58
33 56
41 56
25 49
16 32
1 18
22 40
40 63
30 61
26 61
40 61
35 48
11 38
41 64
7 35
55 58
55 65
34 61
32 66
27 29
35 57
11 58
5 32
52 56
26 47
19 61
24 54
43 44
28 41
7 10
31 48
39 54
22 49
19 20
0 51
12 55
35 43
26 57
39 65
14 62
30 55
15 54
39 43
3 11
23 46
31 36
34 36
16 24
9 54
17 36
27 59
12 33
47 50
22 62
42 50
3 34
26 49
47 53
28 35
10 13
18 20
49 58
33 54
11 13
16 64
34 48
25 47
12 18
23 45
12 23
34 42
5 59
31 59
20 21
30 38
12 17
6 47
46 59
53 61
31 61
55 59
31 63
44 47
33 50
4 57
26 28
31 40
1 64
8 65
12 29
36 38
34 64
12 35
27 31
30 33
11 48
25 39
32 63
2 51
19 42
64 66
50 52
48 57
49 51
35 52
53 65
14 29
16 45
2 57
20 46
0 29
5 39
57 63
9 47
10 36
24 35
20 51
25 43
41 44
8 23
15 51
30 40
27 53
54 66
29 46
9 29
16 31
5 54
6 20
4 15
0 10
22 42
3 33
13 39
51 54
2 16
13 63
20 62
31 65
16 41
52 64
1 15
1 53
3 38
27 61
3 62
28 53
19 39
12 19
6 29
4 55
50 53
38 50
1 5
1 52
8 66
0 5
4 22
19 52
5 37
37 39
24 52
10 53
23 66
63 64
29 34
38 41
8 16
0 61
13 65
6 24
8 56
27 34
5 46
6 32
51 53
22 32
17 23
20 31
2 47
3 64
34 39
25 33
1 24
24 46
25 66
10 15
6 46
38 53
14 17
24 65
5 47
10 21
3 27
39 51
38 47
60 63
8 54
30 53
30 32
10 65
18 36
13 19
5 36
0 14
31 46
2 50
16 20
5 56
15 40
0 47
22 29
45 64
50 61
15 31
17 18
3 42
2 6
21 50
21 66
10 14
3 4
6 42
11 26
39 61
10 12
29 55
3 47
13 29
9 65
18 29
15 41
42 62
24 60
48 52
56 63
38 49
2 66
29 41
55 57
15 59
6 25
27 41
11 35
7 12
44 65
26 50
28 51
8 46
16 63
26 58
18 49
24 25
18 47
21 46
21 30
51 59
36 65
22 54
16 17
44 52
15 38
22 33
6 39
62 66
3 20
20 56
24 32
19 46
11 55
6 49
10 52
6 64
26 31
19 24
4 65
20 65
35 44
50 57
38 48
61 65
31 56
19 32
19 31
7 11
3 6
15 27
16 40
4 20
12 60
38 66
43 53
22 47
29 43
21 62
35 37
40 62
57 66
30 57
24 41
8 28
18 52
49 64
8 60
40 66
40 42
26 65
1 34
1 21
5 12
14 35
5 65
46 57
11 31
48 55
19 21
5 30
3 9
13 57
11 34
4 52
35 36
30 43
36 57
2 60
5 50
28 30
24 31
53 60
11 56
50 62
1 10
23 59
19 29
23 48
15 56
36 60
19 40
12 65
19 57
19 56
11 28
12 24
60 62
13 53
0 39
14 49
12 22
9 25
30 35
3 43
9 49
9 20
54 62
4 48
41 49
5 40
25 63
10 57
50 58
10 62
33 46
11 42
26 51
30 66
18 62
26 63
13 46
14 38
9 45
27 48
0 36
11 21
21 65
11 18
43 64
61 66
7 53
46 62
30 46
33 37
19 25
38 39
4 56
14 23
11 32
21 60
43 46
39 60
42 51
15 50
24 47
35 38
22 37
11 41
31 53
1 3
33 49
11 17
31 35
13 20
15 45
11 30
7 41
2 26
27 32
57 62
26 38
8 13
3 61
10 17
24 61
2 46
10 48
43 57
0 59
32 61
0 65
29 42
41 42
12 20
27 55
42 47
9 38
17 34
13 34
41 59
33 47
45 48
37 57
2 56
31 39
17 60
5 21
40 47
4 17
17 41
35 42
14 39
29 57
14 41
2 59
38 51
45 63
3 7
1 38
4 50
49 53
5 26
1 31
16 35
13 22
2 28
25 38
18 41
56 61
11 65
9 52
59 65
14 43
3 12
51 66
15 19
18 25
4 51
13 52
2 22
37 56
5 18
35 40
11 43
12 30
16 53
0 38
42 60
12 66
8 52
22 36
41 58
35 51
41 54
9 22
0 30
23 60
41 65
31 58
58 62
5 61
14 19
30 39
4 16
14 16
18 60
3 52
33 38
21 26
48 49
3 58
15 47
25 52
13 62
26 27
9 28
12 64
7 17
2 37
9 44
21 27
39 55
9 11
0 48
40 41
7 39
20 59
17 21
29 61
4 38
8 15
17 40
0 41
18 33
21 42
15 46
49 61
10 59
18 32
45 49
36 47
4 9
7 25
10 49
51 52
29 54
7 43
3 60
24 26
5 13
13 21
49 55
3 53
47 51
12 52
17 53
8 47
30 54
26 46
26 33
37 66
21 29
7 29
8 55
10 24
57 58
7 48
36 46
10 27
50 59
28 32
41 47
9 42
22 48
27 51
2 3
0 7
8 30
5 60
36 48
44 56
29 37
1 36
15 57
54 60
14 18
2 62
10 64
31 54
46 58
0 17
14 50
23 30
4 24
17 35
36 41
9 23
23 31
38 61
37 64
1 43
31 38
32 33
15 36
17 45
1 48
45 65
13 55
22 26
29 48
16 44
22 23
7 20
34 65
37 61
51 55
18 23
4 10
14 26
4 12
44 57
46 65
25 46
14 32
13 16
22 52
18 57
48 66
0 11
6 60
14 45
26 36
3 5
42 54
36 37
25 27
19 33
8 20
2 19
2 15
31 51
17 62
1 8
3 50
3 10
4 47
2 14
1 58
22 44
17 26
6 66
9 59
6 40
3 56
36 54
35 50
24 44
30 48
23 34
16 30
37 49
30 44
22 45
22 43
31 34
11 52
48 65
13 66
49 50
46 60
6 58
46 55
22 55
47 61
41 45
34 56
0 23
16 60
5 44
5 14
29 56
1 23
9 33
26 43
20 64
0 34
17 61
31 47
2 32
56 59
13 23
26 40
20 24
8 25
15 64
12 49
7 9
43 58
52 59
21 22
31 64
42 57
42 45
59 66
25 40
13 25
51 65
32 57
5 34
20 28
7 62
32 65
14 64
49 60
33 34
41 53
7 37
31 42
43 45
25 60
7 14
49 52
44 64
7 50
8 40
63 66
29 58
2 30
51 64
20 48
13 45
19 41
0 16
9 55
16 22
7 21
11 57
23 37
36 40
39 42
1 44
0 42
6 48
17 56
53 59
7 26
18 53
8 64
34 45
6 23
27 49
21 64
33 63
19 35
1 66
13 38
25 59
28 62
5 66
33 55
21 41
39 40
3 59
39 53
46 64
25 42
12 56
3 8
56 57
0 53
17 27
32 60
32 62
52 66
0 20
2 53
24 45
35 61
7 34
40 43
12 14
12 59
13 15
33 40
46 49
12 42
30 64
48 58
7 52
5 20
6 52
0 43
21 45
34 51
23 57
2 23
6 36
12 48
4 58
52 60
30 42
5 62
21 38
25 32
37 38
60 61
36 63
36 66
23 24
14 21
10 39
16 62
9 50
12 16
32 34
7 19
9 26
46 50
27 28
19 36
18 64
34 59
31 44
46 63
12 43
9 13
8 31
29 35
14 30
10 54
24 56
8 34
39 62
30 45
48 50
15 24
21 52
3 55
11 27
30 47
25 34
23 47
20 35
19 27
33 51
2 45
32 43
21 51
13 32
23 54
11 39
14 27
38 64
11 19
5 7
17 44
44 55
0 45
25 37
21 54
37 47
39 63
0 8
3 30
1 59
49 63
29 50
16 26
19 49
14 52
9 58
3 28
19 50
1 40
0 52
39 56
6 9
42 55
10 30
40 57
3 22
54 65
36 42
7 45
20 37
52 61
38 52
15 18
24 49
7 28
3 40
9 61
55 64
35 47
41 51
4 26
38 56
1 39
26 55
23 25
2 58
45 62
41 52
6 7
14 42
20 50
17 31
18 48
32 42
5 33
58 60
21 31
50 56
1 35
37 41
9 14
20 36
6 65
18 35
25 53
8 14
38 65
28 59
5 8
34 49
13 33
1 9
13 51
16 55
36 51
6 17
25 30
23 28
25 48
3 21
53 58
0 62
1 60
22 51
46 53
7 65
53 55
15 61
38 45
14 56
52 54
38 58
44 54
16 49
59 60
20 23
0 54
19 51
6 51
6 35
6 12
1 6
40 45
35 41
46 54
15 48
13 47
45 47
17 49
7 66
32 39
3 39
9 66
13 60
17 43
11 45
19 64
29 30
46 56
0 63
9 18
14 20
34 52
38 59
44 49
58 65
36 56
26 53
23 32
10 37
42 48
53 62
54 63
21 24
22 63
3 35
58 66
4 14
38 43
5 28
4 23
26 48
17 19
24 59
36 44
5 38
20 54
10 20
23 58
33 42
43 66
2 5
2 39
8 10
29 66
2 38
45 50
7 16
33 45
31 60
2 20
0 49
53 56
52 55
37 48
28 64
33 60
39 48
4 27
60 66
24 40
10 33
20 27
0 18
42 65
1 17
4 28
40 60
29 51
47 55
22 66
9 12
42 49
40 50
16 46
49 57
42 59
2 9
22 59
47 52
8 49
28 37
37 54
33 36
44 48
59 63
0 64
19 28
13 24
16 36
19 45
7 13
14 55
1 51
8 17
6 11
4 60
4 61
23 53
35 63
54 56
18 24
45 57
2 10
19 44
5 16
13 48
22 39
6 61
17 32
24 53
32 51
21 23
40 56
21 44
15 35
10 25
3 57
14 44
0 31
0 27
4 43
14 25
13 17
33 66
3 66
20 53
33 43
11 37
47 63
42 58
4 35
14 59
16 29
17 39
11 61
58 64
14 31
23 51
25 62
22 56
27 44
48 64
25 56
1 12
12 31
8 45
44 51
27 42
20 40
27 60
4 7
12 62
48 61
12 28
2 54
50 60
4 62
2 41
20 57
20 58
2 31
26 45
8 24
16 37
4 36
17 30
41 61
2 17
2 21
11 53
27 37
9 64
0 56
61 62
1 7
56 65
8 12
25 64
51 60
30 59
48 62
16 65
15 32
25 44
37 50
35 58
27 30
20 43
24 42
2 24
37 44
8 38
9 19
19 34
16 51
1 37
18 38
14 54
30 51
29 31
3 63
37 62
8 63
22 27
22 38
13 58
6 50
26 37
4 66
12 13
8 11
27 47
23 55
6 28
20 41
3 36
15 49
15 16
44 60
43 54
14 47
42 64
25 31
24 30
1 26
21 43
34 44
3 26
18 30
18 21
18 43
10 40
18 31
19 38
0 46
11 44
43 60
37 45
37 42
19 47
5 22
7 18
36 53
33 48
16 19
18 40
19 54
8 9
26 52
2 40
13 30
8 58
55 63
9 21
1 56
16 52
11 23
47 57
4 64
28 57
13 31
32 59
27 56
33 35
10 43
16 25
42 44
2 7
39 46
38 40
17 46
4 45
19 63
28 31
11 12
6 14
17 58
32 41
11 29
7 15
10 44
19 23
18 61
15 52
15 58
15 22
30 65
28 45
53 64
20 52
12 50
30 56
26 34
9 35
32 50
23 40
18 56
14 22
58 61
16 66
6 53
1 65
24 34
32 45
18 66
34 38
51 56
22 60
5 51
23 56
29 47
24 63
33 61
31 41
52 58
11 63
16 38
16 48
43 50
49 62
33 65
18 28
17 29
22 61
22 34
62 63
10 16
20 66
6 13
11 40
4 44
12 40
6 31
1 14
34 55
32 64
34 66
22 50
3 19
48 60
10 18
64 65
4 59
37 46
7 46
37 52
