68
11
136
60
541 2
323 2
322 2
717 4
259 2
345 3
515 3
273 1
514 4
628 2
365 1
159 1
668 4
128 1
202 2
330 1
591 3
139 4
268 5
581 3
517 2
514 1
450 3
414 5
278 2
554 1
147 5
414 1
621 3
717 4
114 4
724 1
206 1
164 2
655 1
416 2
82 5
647 1
663 2
355 4
658 4
640 2
557 4
503 2
704 5
518 2
356 2
657 5
560 4
352 4
399 3
631 5
685 2
150 2
658 4
645 2
208 2
707 5
668 3
653 1
60 4
152 2
577 3
89 1
68 2
319 3
319 4
75 2
53 54
12 32
3 10
12 64
26 64
5 67
4 45
0 52
16 57
33 41
1 44
5 52
51 61
20 67
9 35
1 57
32 52
43 65
0 8
36 41
38 53
0 64
22 31
17 56
1 11
22 63
14 58
38 51
12 22
3 6
31 54
31 40
3 51
34 49
14 18
24 53
6 39
33 49
17 38
14 64
9 48
60 63
1 6
0 17
3 34
38 48
6 22
39 40
13 44
21 54
12 40
6 33
18 46
21 26
10 35
28 50
29 51
12 30
4 22
10 31
3 35
14 54
46 59
5 25
44 64
1 5
37 41
23 45
32 55
1 59
11 16
14 23
13 41
3 49
34 35
23 63
31 46
19 30
7 22
20 57
2 17
35 37
11 67
15 57
58 61
6 44
5 11
33 35
45 47
45 51
22 67
28 42
18 60
28 67
21 35
4 34
44 50
22 38
20 32
38 67
10 62
44 59
50 58
7 24
52 53
22 25
36 46
25 35
49 64
39 64
12 35
36 50
25 46
35 61
8 41
8 58
5 66
40 48
23 34
0 12
14 44
20 65
13 46
5 17
25 48
52 59
19 23
6 23
2 29
19 26
0 62
11 59
0 13
9 53
37 52
23 56
