70
9
1593
60
81 2
84 2
85 2
103 4
100 2
100 3
107 3
91 1
97 4
86 2
108 1
84 1
106 4
88 1
107 2
87 1
91 3
84 4
107 5
101 3
94 2
88 1
101 3
88 5
94 2
91 1
103 5
99 1
90 3
90 4
82 4
101 1
98 1
100 2
83 1
104 2
93 5
107 1
108 2
89 4
99 4
81 2
99 4
107 2
82 5
81 2
103 2
101 5
106 4
108 4
107 3
93 5
106 2
94 2
106 4
100 2
94 2
81 5
82 3
90 1
91 4
91 2
88 3
88 1
87 2
97 3
88 4
92 2
91 5
89 3
42 52
18 22
3 42
3 58
25 48
17 21
4 30
3 30
29 51
31 41
0 42
37 47
41 48
39 64
9 10
2 10
26 39
6 36
6 56
33 64
15 28
6 16
61 63
10 20
16 54
52 67
14 23
50 58
17 29
30 44
29 62
38 44
23 32
13 38
3 35
23 43
0 52
31 49
2 19
14 29
33 39
50 69
5 15
4 57
17 35
35 61
6 29
36 48
3 6
13 35
1 45
64 68
22 24
44 45
2 44
30 52
27 67
39 40
17 69
0 64
14 19
10 68
17 65
43 56
26 29
32 45
34 59
6 21
45 69
10 45
17 61
12 64
23 36
16 57
62 64
3 68
29 54
18 35
45 51
3 5
23 44
27 35
3 4
19 34
4 58
64 65
31 35
41 52
18 19
41 56
1 9
12 28
27 45
48 51
12 25
21 22
10 48
36 55
35 56
15 27
53 55
45 54
3 9
2 23
46 57
56 64
26 66
14 66
51 58
11 61
11 37
22 57
20 28
8 18
17 57
7 24
25 57
22 27
2 54
13 64
19 67
6 44
8 41
67 69
46 63
18 63
5 46
1 35
18 31
9 25
5 57
3 49
9 28
1 68
22 49
28 64
43 63
0 32
11 56
26 47
19 26
33 35
32 69
34 62
20 59
15 32
35 50
20 26
46 55
22 60
55 65
60 68
10 42
10 60
42 46
5 24
21 29
7 54
42 59
0 28
26 52
17 67
58 64
2 27
16 20
33 62
28 44
5 52
33 63
55 66
28 62
6 59
15 54
22 34
19 61
21 47
39 50
31 38
3 13
15 41
54 64
47 51
58 68
34 41
3 16
36 39
13 21
39 49
57 69
22 69
17 63
32 34
3 37
26 34
11 21
14 54
40 51
37 50
34 56
5 16
2 41
4 36
11 55
27 59
2 29
21 46
1 42
52 56
1 34
28 53
38 67
1 4
23 57
13 43
33 34
34 35
30 32
36 63
18 68
3 34
64 69
2 56
41 50
14 22
10 17
17 31
35 62
7 53
28 42
50 64
16 56
37 53
19 22
18 45
12 66
15 34
38 47
5 68
10 28
51 68
0 1
34 50
24 55
32 52
57 59
24 32
6 37
35 43
1 57
32 39
3 48
56 66
2 32
11 47
22 64
13 65
40 55
1 40
29 42
1 31
6 19
48 54
27 31
8 19
9 48
13 25
11 16
16 45
28 40
29 58
24 52
13 58
10 16
64 67
12 22
9 56
5 32
37 61
6 28
35 69
27 56
52 60
36 65
27 36
18 47
5 14
5 27
2 8
35 67
9 11
16 37
12 62
17 22
14 16
5 41
54 61
14 65
12 49
22 58
43 52
52 63
37 68
31 54
40 45
5 38
24 26
6 49
26 43
5 26
31 64
49 54
8 28
45 59
62 63
9 66
11 51
29 35
28 55
14 36
19 21
41 66
7 30
22 40
14 37
11 69
25 49
38 61
25 54
24 66
26 55
36 58
28 47
55 61
7 44
0 19
30 36
3 12
38 42
36 54
15 26
5 13
0 59
4 48
15 52
26 35
20 32
51 61
38 39
23 33
53 63
22 46
26 63
24 39
0 60
5 42
8 15
9 51
25 46
6 67
41 58
31 62
44 51
11 60
11 63
18 55
24 64
11 14
13 68
24 38
10 25
36 51
41 54
2 25
51 64
20 62
25 30
22 29
5 58
51 52
29 38
32 51
32 49
32 42
26 32
39 57
12 18
2 35
16 42
21 48
45 52
1 47
46 58
0 51
8 67
23 58
21 32
31 57
8 21
11 30
7 66
10 41
22 62
20 43
63 64
4 28
13 63
4 21
0 69
21 49
2 45
41 59
17 26
19 57
4 25
20 36
27 42
41 67
29 50
8 52
9 18
9 67
61 66
12 46
38 49
45 50
45 47
4 35
5 40
3 32
10 46
19 37
3 43
25 50
18 59
2 20
22 45
18 57
15 22
26 31
9 61
6 8
42 48
6 24
23 38
15 67
8 47
47 65
44 47
13 44
26 37
12 55
0 48
35 58
57 65
0 41
16 49
14 34
12 39
25 64
17 55
9 65
26 69
5 53
9 13
25 59
25 41
28 29
40 64
1 17
22 43
11 41
10 49
1 11
11 48
31 68
39 62
10 50
18 38
7 46
19 65
26 41
33 51
4 41
25 55
2 9
14 27
13 16
2 13
50 60
5 29
2 30
7 14
16 62
6 43
20 22
46 61
19 24
35 55
9 22
8 53
24 51
28 33
44 65
31 46
39 65
4 11
3 8
14 57
42 65
5 28
38 60
35 41
1 69
23 25
11 31
8 50
6 62
10 61
49 62
30 35
25 36
11 43
12 51
66 67
40 50
31 51
8 23
23 53
53 54
15 47
55 68
6 45
17 25
27 48
4 38
18 39
31 52
8 49
15 40
3 61
4 14
25 38
8 55
25 53
24 43
9 44
4 32
7 61
14 53
3 33
29 46
15 16
30 50
9 31
3 52
47 59
4 66
8 58
2 18
36 42
10 62
13 20
12 32
45 46
39 41
39 44
15 44
6 66
37 63
33 54
46 53
8 43
28 39
12 47
23 47
25 68
20 68
52 66
35 47
0 33
16 67
7 67
4 59
42 67
54 58
9 16
25 66
0 37
19 41
6 64
11 40
25 44
43 45
7 25
30 57
7 69
14 17
56 65
3 57
26 58
10 39
33 59
16 59
25 67
1 64
40 44
0 16
1 14
19 54
33 45
54 66
35 63
11 34
27 60
5 19
33 66
38 64
5 33
15 64
8 64
6 7
21 56
36 47
18 65
25 28
14 52
54 57
26 50
7 68
29 31
1 21
8 39
53 68
27 30
30 34
36 59
37 51
50 62
10 14
2 36
8 17
59 61
65 67
29 64
7 8
17 47
6 33
11 23
20 45
38 55
20 55
20 25
13 15
14 47
32 53
7 32
58 61
9 59
24 36
11 18
24 35
0 46
33 44
27 47
43 55
50 51
45 67
31 60
19 66
2 58
50 56
37 38
38 51
1 55
10 23
39 63
26 40
43 44
26 42
38 52
36 44
37 45
26 54
15 62
3 24
8 24
3 60
29 59
5 17
16 32
8 48
14 62
46 69
55 64
30 62
17 36
10 40
30 40
16 38
54 56
21 50
30 69
20 48
38 54
16 35
18 29
27 34
45 62
2 21
31 48
13 52
12 13
3 38
17 41
2 61
8 60
18 69
1 10
58 65
19 62
19 68
46 49
35 49
25 42
28 57
4 45
34 52
51 53
46 59
47 66
46 51
23 51
41 57
26 60
3 41
10 51
1 2
34 40
7 43
60 63
4 22
32 36
12 56
50 65
12 65
45 64
31 55
11 32
30 33
29 32
64 66
6 68
24 44
44 50
22 61
19 63
12 33
0 50
38 43
44 61
31 32
35 51
17 51
39 60
28 61
16 43
24 54
20 24
51 62
28 32
37 57
21 58
15 17
50 52
61 69
17 43
23 62
28 49
37 59
19 50
48 68
34 58
41 44
58 62
24 46
7 12
20 31
40 47
43 68
38 46
4 61
17 19
7 50
23 64
23 49
10 11
3 10
2 53
6 58
9 20
4 42
13 26
22 63
2 40
15 37
5 48
40 61
40 62
44 68
21 31
34 60
15 19
10 55
24 57
13 17
28 52
12 42
13 39
22 47
32 56
3 20
2 67
27 51
23 41
5 50
18 23
9 62
48 66
7 21
29 47
48 60
25 58
44 53
59 62
45 48
44 64
60 62
24 41
3 63
4 17
5 44
46 65
5 61
8 57
23 45
12 61
33 57
1 23
16 58
9 14
4 18
3 28
18 30
32 68
44 59
7 41
7 36
12 69
28 37
12 68
24 45
16 30
18 28
43 59
34 42
55 57
9 45
2 31
10 47
44 58
51 65
21 53
6 41
57 66
24 69
26 56
4 54
11 44
2 6
21 36
42 69
7 27
8 30
18 33
5 6
29 53
16 29
6 47
22 59
33 50
22 31
7 58
28 63
48 56
61 67
34 45
52 55
9 27
14 32
25 26
26 48
15 65
6 51
11 42
10 22
39 42
12 41
19 42
36 61
42 58
42 68
58 60
18 60
8 37
55 56
4 68
2 62
34 57
13 51
4 31
5 10
0 65
33 49
2 5
34 51
63 65
28 30
24 29
3 45
0 34
9 49
33 69
47 56
28 58
42 62
6 13
33 67
31 50
8 46
12 16
27 29
15 61
43 51
22 52
11 13
6 57
34 44
5 12
27 52
44 69
2 3
9 24
14 50
13 36
27 37
0 29
36 43
9 21
40 41
13 69
22 67
25 32
41 62
33 41
41 60
49 59
26 65
19 29
5 54
12 63
25 45
54 55
10 57
41 55
7 60
26 64
1 60
17 32
35 46
21 57
5 7
7 26
42 56
4 10
19 20
14 68
9 60
20 50
16 33
39 43
57 67
19 33
18 27
22 39
29 57
37 49
8 38
29 69
17 56
24 28
5 11
19 31
6 30
21 59
3 36
31 69
43 47
30 43
28 68
48 50
23 68
10 34
14 44
22 26
12 15
60 61
18 32
20 64
32 35
23 56
26 67
14 46
1 15
21 66
36 52
58 67
1 54
24 53
13 67
1 3
17 20
9 40
36 56
46 56
35 65
9 26
39 68
27 32
43 54
39 52
13 19
57 58
2 59
45 65
14 60
54 62
23 66
48 53
22 50
31 61
5 56
29 63
25 60
48 67
29 55
53 58
15 23
30 61
11 22
21 60
19 32
18 21
15 46
56 60
30 38
31 34
18 40
18 66
23 59
5 49
38 62
47 63
3 40
12 40
21 23
26 59
49 58
2 64
7 34
15 33
7 42
4 60
28 69
36 64
32 57
1 32
3 44
2 46
5 23
24 48
45 53
48 57
30 68
40 67
19 25
6 23
25 40
20 38
65 69
55 63
4 40
6 42
9 38
38 63
3 25
3 7
66 68
30 37
9 55
56 61
34 43
6 9
10 64
9 47
7 51
38 45
40 49
37 58
52 61
31 63
13 66
15 69
13 57
2 26
30 49
12 29
15 53
41 63
20 53
0 13
24 68
15 21
26 45
9 52
19 49
30 42
7 11
25 65
10 36
1 62
14 58
24 67
25 27
7 16
27 62
27 69
9 23
7 9
22 44
9 53
37 54
19 53
38 50
37 42
29 56
55 60
43 64
5 9
12 27
24 27
4 63
31 58
16 19
6 20
31 67
35 44
54 65
25 61
24 33
59 64
34 55
40 46
18 51
14 43
53 69
29 49
14 69
14 31
37 69
3 64
41 65
10 59
45 66
7 56
18 50
20 58
13 56
4 64
44 46
2 69
20 56
25 47
1 51
9 41
12 60
3 46
31 65
18 24
60 65
5 62
19 58
8 62
29 61
8 25
22 30
49 52
22 25
13 53
1 6
6 52
23 42
37 48
1 49
39 46
6 60
53 65
0 2
37 55
19 44
17 49
20 47
16 53
16 27
39 53
23 48
23 69
16 31
0 63
4 47
14 63
24 37
1 12
56 59
25 63
3 65
17 52
34 36
7 31
6 39
6 22
27 43
5 39
20 66
1 13
12 35
37 67
10 15
9 58
0 45
21 52
42 61
25 43
12 67
8 31
57 63
13 28
4 33
43 57
2 48
42 60
16 40
12 21
6 26
19 40
42 55
12 52
1 52
23 46
0 3
47 62
53 66
23 28
16 44
49 57
35 52
13 31
1 39
20 39
6 18
56 58
41 51
28 59
24 25
43 49
6 25
36 62
13 61
53 56
17 54
16 28
35 64
0 20
32 66
26 61
39 47
11 17
19 55
5 66
15 43
2 43
28 66
29 67
4 29
1 25
33 43
21 45
1 7
35 48
20 65
11 50
11 67
62 67
8 66
28 50
17 23
20 61
7 23
8 35
6 11
11 62
40 48
20 40
17 18
13 42
24 59
49 50
50 61
34 37
5 47
22 48
20 63
51 63
14 48
14 42
32 37
40 68
1 19
15 66
19 51
56 57
42 66
7 65
30 56
8 51
21 61
36 49
10 18
15 38
2 57
2 11
18 56
36 41
9 19
4 44
13 22
9 30
49 66
20 67
27 28
1 26
17 64
10 52
8 27
12 57
4 69
7 28
33 36
48 69
32 38
59 65
27 66
13 34
49 56
20 60
9 12
42 54
28 46
28 36
13 60
36 38
21 67
10 38
17 48
53 67
25 51
59 63
11 65
36 60
4 55
14 33
22 32
8 42
7 39
24 40
23 54
15 68
5 59
19 35
29 33
10 43
0 18
3 50
28 41
12 43
7 19
7 62
4 34
34 48
5 18
14 51
38 57
29 36
2 52
33 56
10 12
37 64
51 67
1 8
32 54
4 62
7 10
10 33
1 65
3 19
59 69
5 45
51 54
12 37
36 68
15 18
1 48
7 35
6 31
60 69
47 52
39 55
16 34
16 23
48 58
39 56
19 43
43 69
1 24
31 56
19 52
35 36
3 11
0 7
17 40
25 34
32 58
35 39
18 53
4 43
5 36
53 59
44 66
8 65
49 63
31 39
21 68
39 48
8 26
30 63
23 52
13 40
17 50
26 49
43 48
49 68
36 45
59 68
16 26
35 37
0 53
35 60
26 27
3 21
5 69
3 67
28 43
2 34
29 66
56 62
16 17
44 60
8 14
6 63
16 55
15 50
13 47
15 63
2 14
7 45
9 36
50 54
1 38
40 52
41 68
11 27
7 49
15 56
13 54
6 53
9 54
57 61
17 34
4 16
23 67
17 66
16 22
44 54
36 37
3 55
15 30
20 21
33 61
58 59
12 54
33 65
10 32
16 66
20 30
11 66
29 40
11 54
25 29
10 56
24 42
17 68
36 53
30 58
31 53
5 31
14 61
13 55
40 66
1 59
20 34
4 52
27 41
0 5
62 65
27 63
46 64
20 51
29 37
5 67
6 35
29 41
26 28
7 15
61 68
11 20
8 69
30 51
52 68
18 67
26 33
1 46
20 33
5 43
3 53
38 40
0 36
22 68
29 39
44 49
59 60
6 61
49 53
6 50
33 58
50 67
6 14
24 34
42 63
16 36
12 17
32 65
26 53
3 26
9 15
21 41
25 62
39 58
35 53
16 60
63 66
37 62
35 40
9 32
45 60
