71
12
1143
60
124 2
29 2
100 2
90 4
52 2
108 3
59 3
99 1
49 4
115 2
74 1
120 1
86 4
110 1
31 2
123 1
120 3
85 4
94 5
53 3
88 2
103 1
81 3
75 5
74 2
71 1
27 5
30 1
63 3
84 4
27 4
88 1
92 1
122 2
28 1
98 2
94 5
80 1
102 2
34 4
100 4
40 2
128 4
80 2
83 5
26 2
62 2
60 5
65 4
67 4
45 3
115 5
121 2
102 2
58 4
45 2
109 2
110 5
83 3
35 1
99 4
113 2
124 3
89 1
95 2
112 3
61 4
93 2
29 5
27 3
107 2
21 29
9 14
3 5
1 20
24 64
8 33
4 22
0 25
20 53
30 45
4 21
35 61
39 60
19 46
8 58
21 64
57 64
0 31
8 21
32 62
19 39
16 44
15 27
1 13
59 61
19 41
35 55
18 19
2 64
12 47
28 70
28 56
3 52
27 47
22 63
60 63
27 31
30 53
13 67
8 34
25 40
51 61
3 14
6 18
41 44
28 68
24 61
35 40
0 64
5 35
14 66
57 63
17 33
5 30
7 65
25 30
27 36
55 57
9 34
8 65
13 57
6 30
40 69
9 41
25 43
15 62
33 55
5 22
29 65
13 70
2 9
12 48
56 67
4 62
14 59
3 9
28 62
4 57
19 36
40 43
26 47
14 54
31 39
6 15
57 58
3 54
30 39
48 55
36 50
39 68
28 61
17 47
26 57
64 67
35 53
20 46
20 58
18 50
14 63
0 22
3 23
43 56
0 62
44 56
27 63
52 66
23 40
5 21
35 64
11 22
63 67
19 66
10 20
14 22
9 36
2 32
59 65
21 49
13 47
4 56
69 70
22 52
1 35
58 61
44 62
17 18
1 65
9 12
30 56
5 52
8 11
9 15
2 41
14 15
22 23
32 49
42 43
3 50
6 54
25 61
5 11
26 61
26 46
6 58
7 12
22 29
8 27
34 68
44 54
52 54
28 43
55 64
30 60
15 56
0 23
9 61
4 52
17 41
40 70
9 23
1 21
4 67
3 46
25 66
59 63
6 51
27 54
10 43
25 27
19 67
28 30
3 18
15 24
33 70
33 44
5 34
52 67
19 49
25 58
54 70
9 29
45 47
33 37
23 51
17 58
8 57
38 56
33 63
22 43
8 43
21 45
31 36
11 43
25 41
43 67
39 69
36 40
30 44
28 60
9 52
1 56
11 40
27 28
1 67
20 70
7 24
46 70
49 57
47 59
37 55
1 44
23 30
48 57
32 34
32 68
7 47
1 10
5 8
1 51
40 55
39 55
59 68
16 23
5 47
4 35
32 33
15 67
15 32
27 52
16 36
10 16
32 46
12 50
18 23
28 37
31 50
36 68
14 62
28 55
25 56
11 15
4 34
31 54
15 34
11 56
23 50
34 37
0 33
17 34
11 61
7 57
52 68
46 52
1 36
3 64
1 6
10 53
28 50
20 61
10 66
21 62
46 47
7 43
9 35
9 16
29 34
28 49
50 52
28 66
23 70
15 45
16 63
23 57
19 23
10 18
12 68
20 62
7 70
45 66
26 53
49 61
56 69
9 59
18 25
50 60
16 39
11 53
34 61
43 49
3 29
19 65
1 38
16 59
19 21
51 54
3 67
62 63
16 50
20 50
11 50
36 58
17 22
23 61
6 39
23 44
18 38
11 24
25 57
45 46
8 16
46 67
8 49
56 60
12 15
20 35
11 17
25 67
2 44
58 64
40 50
0 55
2 39
43 51
12 19
17 19
37 49
24 70
46 54
25 69
35 50
56 63
4 33
51 68
0 18
0 39
4 61
35 46
47 61
41 68
7 27
25 62
13 60
8 50
25 49
19 58
48 66
36 60
22 53
22 47
3 20
26 33
7 35
7 10
10 14
54 66
6 57
24 62
18 22
39 70
29 38
5 51
22 58
18 33
0 3
24 36
5 46
14 69
23 56
9 55
16 56
39 66
61 66
58 70
20 38
24 46
34 46
5 13
50 70
2 20
28 46
26 56
32 59
21 36
38 43
15 29
18 58
16 22
21 23
43 54
14 23
30 33
13 20
37 54
24 43
20 56
30 61
9 58
10 27
24 57
0 54
33 52
20 55
26 66
4 26
0 35
1 49
4 9
12 45
7 16
13 59
33 56
20 57
6 61
19 62
18 55
28 58
8 66
5 57
12 61
9 57
55 70
16 43
36 70
43 52
40 48
17 36
1 47
14 24
45 68
7 46
14 20
24 66
18 37
21 67
18 35
17 37
1 17
29 62
44 55
16 20
28 42
11 57
15 48
9 54
8 26
45 61
13 27
46 62
5 16
5 43
13 40
0 11
9 25
2 17
12 49
32 51
14 37
25 35
29 58
7 60
26 39
52 65
13 25
8 28
19 20
38 68
60 67
11 26
28 53
17 64
18 30
6 64
22 56
49 56
8 29
4 53
7 61
50 58
5 50
25 55
4 11
25 44
11 35
13 65
12 56
17 30
31 46
4 60
10 22
37 62
25 34
13 18
6 27
33 35
44 60
34 49
55 63
4 68
17 62
25 47
15 40
43 53
61 68
38 51
10 15
14 39
32 57
41 47
53 70
24 68
34 35
22 45
0 15
6 29
15 39
59 62
23 43
47 52
11 28
33 62
3 10
7 26
57 69
11 51
30 55
23 26
2 24
50 51
47 69
28 52
0 47
3 38
8 22
3 22
17 69
6 20
9 10
12 43
27 43
37 38
24 54
18 31
9 31
7 50
3 37
27 39
8 39
39 53
5 67
28 54
4 45
15 69
15 49
19 33
45 55
5 19
51 59
51 69
42 50
0 13
12 16
23 36
43 48
13 58
32 43
38 46
4 23
32 54
5 39
44 52
48 51
7 18
7 54
22 67
25 39
49 67
34 41
11 14
8 37
24 37
8 32
23 69
41 49
13 23
33 48
4 64
18 69
14 60
4 24
10 56
36 53
41 53
25 42
29 63
7 36
24 53
2 29
22 66
13 33
0 49
6 33
53 58
47 55
38 59
12 25
13 42
1 15
12 18
25 54
58 63
44 65
10 59
0 36
32 64
2 19
58 67
22 62
21 22
26 68
21 31
7 53
18 43
24 44
62 68
57 60
50 69
25 26
13 16
54 64
10 57
2 38
52 69
6 17
31 49
11 30
7 22
13 24
41 50
38 60
23 28
65 69
29 31
30 46
10 67
1 42
46 68
8 69
37 43
23 63
17 68
14 29
6 60
18 21
12 34
51 67
53 69
23 54
0 4
19 32
53 62
32 44
64 69
41 63
8 44
47 60
15 26
6 44
2 15
35 62
19 24
37 39
0 68
38 49
0 69
41 60
37 48
9 60
13 49
35 36
33 42
3 33
6 50
7 34
15 41
3 7
16 70
38 42
15 66
20 47
31 61
44 68
30 41
22 57
20 29
5 65
19 31
11 20
18 42
33 54
30 35
39 49
21 57
31 69
17 59
2 31
3 45
45 48
13 35
9 21
55 67
0 57
27 69
0 10
19 63
18 47
7 11
20 28
54 57
19 61
39 43
44 48
24 58
22 46
14 27
25 64
11 34
48 58
44 58
15 51
44 50
13 37
10 37
17 28
18 62
13 31
27 48
5 7
14 28
15 60
4 18
31 38
14 36
48 52
1 14
43 66
33 66
29 39
28 40
57 61
7 48
23 62
42 55
22 35
19 40
53 56
36 64
18 63
27 70
20 42
40 63
48 59
12 20
23 49
30 42
52 61
19 37
18 45
48 64
3 21
21 33
1 2
40 65
27 58
12 13
11 25
20 41
59 69
30 38
27 37
46 61
39 56
8 31
23 64
1 27
21 26
30 54
15 38
1 23
27 55
8 60
2 37
13 14
22 69
3 61
34 50
60 66
9 62
54 60
9 56
45 52
3 36
15 18
7 56
20 69
32 65
39 46
43 46
29 66
6 25
38 52
18 40
29 64
66 67
27 62
3 66
21 69
6 70
31 58
26 54
51 53
26 63
22 61
17 53
16 48
7 67
55 65
15 25
0 56
22 50
46 53
0 27
40 62
18 51
43 50
55 58
58 68
13 34
47 65
1 61
16 35
61 67
3 63
22 65
3 62
23 59
16 38
3 48
9 19
2 3
12 51
13 62
31 70
7 23
39 47
10 12
12 52
11 68
14 32
15 64
3 70
68 70
5 33
41 67
3 16
51 64
13 68
11 12
42 63
10 13
48 70
10 31
53 63
6 34
25 60
31 43
1 68
20 60
4 25
41 51
0 26
17 63
14 52
10 34
50 64
9 45
22 33
10 62
32 50
40 57
1 54
47 51
48 53
33 41
6 26
25 28
9 44
29 32
24 42
5 27
2 13
5 18
1 30
12 69
20 59
30 52
26 32
25 68
30 37
22 27
15 57
13 53
23 31
5 26
12 23
33 53
29 40
4 51
0 40
19 27
16 25
27 67
33 47
27 65
37 56
56 68
1 48
29 30
9 28
2 22
4 46
52 53
27 68
37 42
20 22
51 65
26 30
14 68
50 66
3 31
1 55
41 59
26 60
65 70
29 50
6 21
31 33
13 22
20 23
11 23
30 68
21 28
35 59
32 61
57 66
8 47
13 39
30 58
22 41
24 48
10 49
40 46
33 49
40 42
26 35
19 29
10 41
15 50
18 29
23 27
50 67
10 69
16 66
9 18
16 64
13 41
13 45
14 57
0 43
17 39
0 51
3 17
17 24
3 69
21 54
20 26
19 55
37 61
21 52
35 69
17 57
21 61
7 33
2 14
1 12
17 35
16 21
23 46
14 25
18 59
26 28
12 26
21 40
31 34
4 7
41 55
11 31
28 36
45 67
16 49
4 65
37 68
5 24
38 58
7 68
29 56
59 67
17 45
43 65
49 64
8 59
26 40
35 44
29 45
54 59
4 63
3 53
22 28
22 38
38 66
35 48
34 59
9 13
37 64
32 35
20 54
21 42
21 32
12 46
39 44
53 55
2 54
0 5
7 20
44 63
1 37
11 16
30 65
27 30
55 69
37 50
2 21
2 65
25 70
50 55
29 67
35 41
21 35
17 51
5 29
8 23
17 67
52 62
37 44
10 51
5 42
23 32
8 67
35 39
1 41
45 59
26 52
1 19
26 34
26 65
47 48
6 36
20 63
0 67
23 47
35 56
5 49
60 68
3 15
4 6
8 42
30 40
47 49
8 36
24 32
1 63
20 65
6 13
2 55
24 56
19 64
23 33
54 58
51 70
10 17
37 51
0 70
11 41
6 69
60 61
29 43
6 14
35 37
2 53
44 51
0 53
53 66
36 66
34 51
36 48
10 24
35 43
33 60
41 66
19 43
34 52
0 20
45 62
11 37
1 60
32 67
1 33
24 35
63 65
4 12
25 59
35 65
8 70
7 28
42 66
2 5
18 26
17 25
30 48
25 48
2 26
1 62
38 64
27 38
