75
10
2386
60
14 2
21 2
18 2
16 4
13 2
25 3
24 3
16 1
10 4
15 2
17 1
17 1
15 4
21 1
12 2
20 1
12 3
13 4
20 5
10 3
23 2
13 1
14 3
25 5
23 2
24 1
16 5
12 1
19 3
11 4
11 4
18 1
23 1
21 2
24 1
13 2
22 5
16 1
21 2
10 4
24 4
18 2
24 4
16 2
15 5
22 2
12 2
14 5
23 4
13 4
12 3
22 5
19 2
23 2
23 4
25 2
19 2
14 5
23 3
19 1
24 4
16 2
21 3
25 1
12 2
14 3
17 4
13 2
16 5
22 3
10 2
12 4
18 1
24 1
19 3
36 49
12 49
25 66
10 56
22 51
15 29
3 60
34 70
14 35
27 42
2 19
47 65
34 71
8 10
5 24
2 66
59 63
20 71
11 63
29 47
1 28
16 35
0 40
60 67
14 71
65 74
45 70
3 71
5 53
10 26
26 33
25 67
16 71
12 14
20 62
4 37
18 63
27 50
21 34
4 35
41 49
0 47
22 74
5 21
30 67
26 31
52 71
64 73
27 39
0 17
46 59
15 62
6 22
6 63
55 73
24 54
17 38
0 64
4 32
12 50
16 73
29 54
2 34
23 24
15 69
30 33
10 68
26 69
54 65
4 33
11 46
7 59
8 13
37 58
21 42
26 68
11 29
21 72
50 67
12 37
23 72
2 13
8 15
4 67
34 52
27 36
35 36
35 65
35 40
10 73
29 46
24 32
18 21
1 67
18 57
18 69
13 51
6 15
15 25
0 9
57 58
8 61
4 54
38 57
43 74
21 33
10 49
35 67
50 69
27 51
48 65
16 57
0 18
11 55
4 26
54 69
50 58
0 53
25 60
53 74
52 68
8 52
46 69
38 63
7 25
15 39
16 32
8 33
1 24
3 22
1 33
24 57
35 63
25 43
12 15
36 64
5 30
28 59
53 73
24 36
2 12
5 34
13 53
35 39
17 69
18 36
38 55
1 32
43 62
9 12
45 61
14 39
5 35
53 69
15 70
62 70
35 72
7 39
16 63
9 31
1 52
64 66
6 59
29 45
24 72
8 17
22 59
29 38
25 41
13 67
47 59
17 55
9 42
65 70
0 42
45 50
6 34
34 49
18 20
52 66
8 62
29 59
7 45
18 50
33 55
9 16
30 39
55 56
11 35
27 72
56 69
22 73
2 25
26 32
32 36
25 71
31 45
42 64
19 25
7 20
24 46
19 26
17 28
14 38
21 67
41 71
25 54
33 43
31 55
29 70
17 39
28 62
20 43
29 53
17 24
7 57
0 27
9 11
33 64
47 60
53 63
7 47
53 58
14 15
30 40
24 70
70 73
27 73
25 36
63 71
5 59
2 41
21 60
36 65
45 64
5 55
12 61
8 49
61 64
14 17
28 44
21 43
49 74
2 45
30 49
17 42
10 54
38 58
35 49
44 46
12 19
6 19
9 36
4 72
32 41
11 62
8 48
20 47
23 68
54 57
51 70
4 56
14 44
4 27
27 67
26 29
33 50
10 67
6 52
7 26
11 66
7 8
18 73
7 66
7 13
8 72
31 32
5 58
42 43
50 60
1 64
3 5
10 28
0 12
38 44
3 43
15 32
10 69
6 74
36 53
45 52
31 63
43 44
15 28
48 56
34 60
2 46
32 54
8 19
10 27
21 37
20 65
21 66
30 60
52 58
48 49
7 63
40 48
5 70
23 35
45 71
25 42
23 48
16 72
15 59
43 49
35 52
7 62
9 27
34 62
3 57
16 39
33 37
34 38
34 58
39 63
31 54
1 22
3 13
43 58
50 61
4 44
4 16
31 50
4 71
7 49
1 40
4 39
3 6
29 34
6 33
10 55
44 55
32 56
54 74
5 15
65 73
53 54
45 72
7 55
7 11
19 44
22 49
31 33
35 42
5 45
23 63
16 56
16 69
22 23
13 57
39 57
21 49
15 34
28 41
9 32
1 47
35 38
27 48
33 74
19 56
51 73
15 63
9 49
27 45
10 63
16 33
28 34
9 18
50 64
33 63
19 28
12 72
32 35
71 73
37 65
27 30
26 46
46 52
27 33
1 26
65 67
2 38
9 66
6 39
1 27
0 65
4 18
33 62
4 25
28 69
53 68
7 48
39 73
17 51
8 18
29 60
28 49
17 21
8 70
0 57
51 60
17 18
6 7
17 50
71 72
17 56
45 67
32 66
37 63
66 73
17 31
15 35
1 69
44 63
30 48
22 53
19 72
5 57
56 57
20 27
23 26
15 33
11 15
17 62
25 53
18 66
65 66
20 39
4 10
8 38
39 52
36 43
7 54
36 41
13 58
6 16
8 55
20 41
1 44
7 46
44 65
17 22
28 39
0 59
39 55
6 25
51 63
1 68
40 41
14 68
19 70
34 59
20 33
7 41
6 44
5 65
5 29
27 71
50 56
25 68
45 62
19 41
59 67
12 58
21 68
59 73
1 65
40 69
30 32
14 48
28 36
15 20
45 54
11 70
17 65
62 69
20 31
31 35
29 57
38 61
2 65
14 23
23 28
14 41
3 44
33 52
10 52
40 71
11 43
23 33
41 64
9 55
38 46
54 58
30 47
12 66
10 31
45 66
2 51
58 74
47 54
30 38
40 56
20 24
19 24
26 66
34 45
46 65
3 26
4 63
41 42
42 53
25 70
48 59
23 31
7 70
7 31
8 44
1 16
52 72
8 41
53 60
22 41
29 72
0 37
13 23
6 37
44 59
0 24
31 39
3 23
26 44
31 43
22 58
6 41
51 68
16 25
11 14
15 51
39 46
30 74
31 38
37 40
21 29
6 32
4 64
37 59
38 66
11 61
4 60
5 20
39 49
14 27
38 53
20 66
22 71
62 74
1 71
54 71
29 58
42 49
19 47
4 9
12 43
24 33
55 69
47 55
48 71
5 60
46 58
17 73
22 47
12 48
54 60
4 41
36 46
26 67
28 53
42 72
4 42
15 58
14 70
4 38
14 16
28 61
12 23
34 39
24 43
4 15
9 44
19 39
9 48
34 64
46 71
21 50
6 29
53 55
44 45
1 35
47 48
19 36
26 62
3 8
22 31
9 65
1 54
6 67
26 60
32 51
42 71
12 22
17 58
12 69
33 42
5 25
50 73
4 14
32 67
10 11
2 50
20 74
51 74
21 70
26 35
49 55
8 21
4 29
13 17
62 67
11 32
32 72
1 21
35 57
1 13
2 22
7 69
4 30
21 47
46 56
44 64
13 45
50 72
24 34
41 54
1 39
50 55
18 60
41 74
51 54
5 49
11 31
31 66
32 68
32 45
10 38
33 69
8 63
10 13
18 59
16 23
31 71
52 61
28 63
15 48
8 27
39 67
1 57
9 30
1 38
60 73
15 46
20 56
0 58
33 46
38 69
9 41
18 44
33 58
0 69
18 35
19 62
31 65
8 12
12 28
22 34
43 47
29 36
1 5
47 57
38 39
3 72
1 3
16 70
24 61
18 39
47 51
24 37
9 73
37 38
13 15
44 68
30 55
66 68
38 49
29 64
12 30
6 61
41 66
11 65
41 51
38 59
26 36
38 51
11 38
10 46
24 66
10 40
12 46
39 47
5 44
32 43
27 74
37 70
55 70
23 46
41 45
38 41
26 43
52 69
39 69
20 34
61 66
46 57
17 29
37 39
28 71
21 53
32 60
13 21
1 48
30 57
5 48
64 68
21 65
26 58
36 55
5 56
24 60
0 25
24 47
58 73
44 47
47 69
0 4
1 50
63 64
13 62
68 69
0 14
15 21
26 41
40 42
34 67
60 70
9 20
6 53
42 60
18 68
38 48
0 50
20 68
23 25
11 21
11 27
49 72
48 57
13 61
58 69
47 68
14 67
8 43
1 34
17 66
5 72
2 39
9 61
23 43
34 57
53 71
56 67
4 57
43 67
25 31
19 74
5 32
49 57
9 24
16 24
38 52
24 38
15 26
11 57
22 44
50 53
10 12
6 27
68 73
60 63
39 74
3 48
2 15
39 68
4 53
35 64
27 31
37 61
20 45
45 55
0 11
9 60
20 64
15 16
60 68
48 52
7 50
2 32
19 31
8 32
0 7
49 73
13 70
28 60
3 46
14 47
3 58
17 33
32 59
13 52
11 47
19 65
5 27
0 70
49 65
55 57
38 60
5 14
43 54
5 38
4 7
37 47
1 72
43 51
18 71
67 68
44 58
16 34
13 16
25 52
7 52
36 44
3 15
6 10
20 32
12 20
19 58
55 67
50 66
29 33
8 23
41 58
12 38
14 29
22 70
39 64
22 29
45 46
1 2
3 68
17 26
24 25
0 34
15 61
1 61
20 54
41 48
20 26
27 34
3 39
1 4
9 34
2 68
9 72
6 31
10 39
8 58
30 31
25 56
7 23
39 45
9 37
11 20
24 73
29 69
16 43
11 40
2 8
68 72
17 34
18 33
25 37
27 59
14 25
22 42
53 59
42 66
23 66
1 70
54 66
7 72
17 74
63 74
36 52
36 47
26 54
8 42
59 62
14 65
0 48
21 46
23 74
6 9
1 59
12 29
40 61
10 64
66 71
10 59
18 52
17 23
48 73
23 60
35 48
55 64
0 71
19 45
56 68
12 35
15 42
24 31
54 64
42 69
15 68
23 29
10 19
3 50
9 43
14 58
7 53
8 74
18 37
59 69
52 53
2 3
25 74
2 74
19 66
33 49
42 50
26 56
59 65
61 74
17 25
43 71
43 69
15 72
7 21
8 65
33 38
1 66
8 26
1 18
27 70
26 53
25 47
63 67
70 74
57 70
39 58
64 65
7 73
2 6
22 26
0 46
49 60
23 62
37 74
15 37
8 37
0 29
33 48
31 48
20 73
42 68
48 67
44 70
21 73
10 53
15 71
48 61
30 71
1 73
14 57
26 40
11 52
12 62
2 59
33 44
34 55
47 67
6 73
58 68
3 70
19 22
24 48
27 62
30 62
52 57
25 28
16 22
1 58
19 40
3 32
26 71
23 27
42 57
56 64
9 59
2 72
31 69
28 70
21 25
8 64
43 70
7 43
38 68
60 71
6 48
14 45
23 54
42 58
28 31
41 56
13 42
11 59
40 52
15 27
14 61
18 46
31 60
2 71
1 30
62 64
47 70
11 30
21 71
8 24
18 25
59 71
56 73
61 70
0 21
17 48
6 36
4 8
21 56
22 24
15 53
43 60
33 39
18 34
61 67
26 47
63 68
6 23
57 74
50 51
18 41
23 51
65 68
54 68
32 62
31 67
32 44
56 61
37 54
17 70
4 19
58 70
26 59
17 52
4 11
56 63
57 72
9 23
68 70
9 19
16 65
3 74
27 63
1 11
7 10
26 64
23 67
25 62
0 10
40 57
42 62
18 54
41 52
2 31
24 71
27 47
15 60
9 15
1 49
32 40
15 56
26 57
31 70
5 18
30 56
29 51
0 73
30 34
17 30
68 71
19 48
56 62
46 62
27 35
39 65
15 22
6 64
24 45
43 48
5 73
34 41
5 42
0 54
13 14
23 49
35 66
57 60
42 56
1 56
14 72
4 43
11 13
18 43
39 71
4 62
12 73
2 18
1 7
36 72
18 40
21 24
36 67
20 37
9 57
38 50
16 46
20 69
17 68
8 60
19 52
27 37
12 16
5 28
6 71
25 48
22 36
40 46
25 49
47 53
32 34
24 44
1 12
5 19
44 71
51 65
3 20
5 66
60 62
3 21
21 35
60 64
33 59
2 57
25 58
64 69
16 51
15 49
16 27
28 65
34 44
57 67
1 55
6 18
0 56
56 59
28 35
63 72
69 72
5 68
1 17
9 35
31 49
2 70
15 36
45 74
24 51
12 47
34 68
3 69
37 52
35 74
33 67
69 74
19 55
24 35
7 30
9 10
37 72
55 63
4 74
54 59
14 54
17 45
35 68
16 66
12 60
19 71
22 40
3 59
18 24
15 54
42 65
18 31
25 44
4 65
27 65
30 66
28 56
49 59
16 55
43 68
31 58
36 50
34 72
7 51
51 53
22 68
23 56
42 55
48 64
16 30
33 53
39 43
5 37
62 71
25 45
7 67
2 69
3 34
9 70
28 57
7 14
35 61
22 30
9 21
21 45
4 28
46 74
25 29
37 46
2 36
8 59
46 47
14 42
51 58
26 38
17 57
45 56
8 57
57 73
10 21
26 48
49 53
58 62
29 55
40 44
40 74
7 38
6 58
19 42
32 53
41 61
36 59
16 53
48 55
7 36
20 57
8 20
10 22
35 62
31 51
13 33
11 68
3 41
0 26
16 62
2 4
11 72
37 64
33 40
28 33
8 51
12 24
1 36
13 71
19 61
40 60
20 59
22 64
52 74
10 20
57 63
28 64
28 30
18 29
25 72
24 53
0 63
29 43
58 67
45 49
40 59
10 58
13 34
55 59
9 51
22 38
6 72
8 53
51 57
8 31
34 53
31 56
0 49
21 51
45 47
5 52
11 36
30 70
1 37
28 55
34 48
28 37
23 71
20 58
30 46
6 30
0 62
9 38
28 67
16 68
6 55
16 19
11 54
47 63
32 74
2 23
17 53
31 57
37 56
50 68
13 48
2 49
28 46
17 43
41 65
46 72
21 44
24 27
11 16
45 48
25 33
50 63
31 64
45 53
41 68
6 51
5 67
36 61
55 61
14 18
33 61
6 43
55 68
69 73
56 72
72 73
39 66
36 70
52 73
14 56
19 21
15 40
3 62
13 56
30 45
15 18
24 42
11 48
22 27
43 45
13 63
18 28
27 40
37 55
9 45
60 72
30 52
23 44
5 17
11 53
0 8
16 49
4 40
70 71
23 61
42 74
10 24
64 74
16 40
6 70
19 59
66 72
3 52
6 12
26 37
26 39
8 11
7 12
9 69
8 73
0 5
43 72
2 52
29 42
11 39
14 32
25 26
3 51
10 72
8 68
31 47
34 47
2 17
25 40
35 54
39 41
19 38
27 46
49 69
46 60
2 10
10 71
6 40
10 65
35 53
20 55
43 63
37 43
13 68
61 73
23 34
21 62
29 31
12 39
43 59
44 62
25 59
4 47
21 74
33 60
11 73
13 69
15 31
25 35
27 54
20 60
51 67
9 74
0 45
17 67
47 58
44 73
12 56
24 50
10 29
13 72
30 65
65 71
14 43
29 74
45 73
63 65
23 53
17 47
49 68
1 29
26 61
23 59
5 6
15 30
45 69
6 13
13 60
42 51
33 34
67 71
65 69
14 73
16 28
33 56
13 41
19 37
0 67
1 43
29 41
38 72
2 73
48 58
19 20
6 62
41 47
36 38
11 71
73 74
13 25
21 30
13 55
5 36
35 37
17 20
23 70
32 48
52 64
8 46
13 40
28 52
60 69
16 37
37 73
49 51
44 57
24 63
32 37
47 50
14 50
33 72
17 61
3 42
31 62
38 47
4 69
9 17
2 33
32 55
42 63
43 66
25 63
44 72
12 36
16 36
45 63
10 60
24 30
24 68
46 54
15 17
19 64
43 50
19 68
8 14
17 36
44 49
23 69
32 71
2 35
27 44
40 68
11 51
3 11
22 39
54 62
3 65
12 65
19 63
40 53
18 72
18 30
46 66
22 48
8 50
2 42
46 64
29 50
29 68
34 51
29 67
38 62
49 71
47 61
7 44
7 40
39 72
25 73
9 39
24 49
39 42
0 2
1 53
19 57
27 28
59 64
8 39
14 28
21 64
4 51
33 65
8 71
11 12
12 71
14 55
18 62
10 35
11 58
0 51
29 66
59 61
40 49
16 52
30 35
57 61
8 30
30 44
28 66
20 72
27 41
5 63
39 40
15 65
28 42
67 73
12 33
1 25
37 71
10 23
53 56
66 70
22 65
3 28
23 65
28 54
51 59
26 42
27 43
23 57
13 46
5 16
54 72
33 41
9 68
38 42
11 64
43 73
41 50
40 65
6 26
0 33
44 48
47 56
4 13
32 65
21 31
9 52
53 67
6 54
11 19
5 61
18 23
61 69
23 52
8 25
39 54
42 44
31 46
24 39
16 58
10 33
39 70
9 29
32 42
2 5
44 54
53 61
32 52
35 70
1 6
59 60
16 61
34 69
36 63
3 63
19 54
33 45
20 28
8 22
4 6
2 60
50 65
3 24
19 49
6 11
52 65
58 65
0 43
12 31
57 64
26 52
3 30
17 72
34 35
41 67
37 44
37 50
14 69
25 46
17 37
5 11
8 54
0 52
31 42
28 45
25 64
56 70
5 50
10 16
51 64
36 71
19 29
4 31
12 41
28 47
48 50
41 55
2 30
16 67
18 42
7 58
24 52
55 66
5 74
18 32
2 61
6 24
24 67
39 53
26 45
20 42
7 28
29 62
1 74
59 74
6 60
28 50
11 45
14 22
22 37
1 14
18 56
23 37
26 73
52 62
9 26
54 70
17 64
5 8
34 36
55 74
40 73
61 71
58 59
17 32
28 58
31 72
4 22
5 47
51 66
50 70
13 31
21 26
47 49
11 44
21 22
24 28
12 13
12 57
2 47
1 42
36 66
14 46
40 54
28 38
16 42
7 16
25 65
19 33
43 56
3 73
35 69
26 49
19 32
7 68
12 17
58 66
1 60
3 47
21 23
17 49
29 39
16 47
2 29
37 68
43 57
15 57
46 49
0 3
27 32
6 68
4 68
10 25
17 40
3 35
45 60
26 28
36 39
33 57
48 60
25 32
20 38
13 24
21 58
12 44
10 34
2 58
31 37
31 36
41 53
5 13
12 42
10 74
60 66
40 70
33 35
32 38
0 32
50 62
31 59
34 50
16 21
2 21
29 63
35 43
65 72
25 39
28 43
64 72
33 68
28 40
13 35
58 71
19 67
26 74
49 64
27 38
30 41
16 44
30 68
25 55
50 74
49 58
3 25
22 57
8 35
6 20
30 58
39 59
0 74
52 70
19 69
54 55
31 74
3 31
24 62
63 66
36 45
12 26
14 62
8 40
12 18
11 33
53 65
32 70
19 30
19 23
62 65
21 28
6 21
14 59
10 50
15 52
22 52
43 46
7 37
7 29
4 55
32 39
5 46
56 66
41 70
16 18
35 51
14 53
22 25
63 70
27 29
14 60
44 52
54 61
5 41
17 54
42 46
34 74
37 41
23 47
51 61
57 59
43 64
61 72
2 37
20 35
24 55
22 66
23 50
6 14
39 60
0 36
15 50
21 38
30 69
13 64
12 52
14 21
43 61
34 54
57 69
51 55
35 56
3 53
9 22
19 35
45 65
16 41
29 30
32 46
66 67
37 45
8 28
29 71
0 20
5 26
49 50
35 45
6 46
61 65
8 47
12 68
2 9
61 68
4 58
6 47
21 48
22 50
4 70
1 62
13 18
20 48
20 22
9 54
16 20
40 51
31 68
21 41
11 50
20 30
13 20
7 27
9 56
40 58
0 13
6 35
31 41
39 56
7 22
22 69
23 32
24 59
38 56
12 63
14 52
29 32
19 34
4 21
18 45
27 49
27 57
66 69
13 50
32 49
46 70
67 70
34 63
7 65
20 49
9 67
18 53
56 60
32 64
25 61
20 51
55 58
55 62
51 52
3 10
5 33
29 44
42 45
38 54
26 72
18 47
18 74
8 69
38 67
3 66
45 51
5 64
2 16
36 56
18 55
21 32
5 10
11 23
27 53
15 66
62 73
53 57
12 53
13 47
33 47
16 59
37 53
38 45
44 60
8 16
36 54
12 51
59 68
48 74
0 38
1 9
28 68
36 58
2 44
52 54
62 66
24 40
52 56
10 51
39 44
48 63
16 64
36 40
51 71
7 17
64 67
55 71
42 59
28 48
10 36
64 71
4 48
36 57
7 35
57 71
3 64
1 46
30 61
12 27
3 55
22 35
10 17
15 45
11 34
12 55
3 29
7 61
20 29
10 30
42 54
41 60
7 32
45 59
49 67
10 47
22 46
11 49
22 54
11 17
0 55
29 37
38 40
46 50
10 42
34 56
46 53
23 64
27 69
4 12
37 66
53 62
2 48
48 69
19 53
13 74
32 57
23 45
13 54
58 63
28 32
21 55
23 42
38 43
36 74
18 70
16 74
3 27
21 57
51 56
3 7
11 24
1 31
18 58
48 68
55 72
24 64
46 48
32 61
26 27
35 58
25 51
60 65
15 41
19 60
40 50
10 15
53 70
45 58
32 33
56 71
26 55
14 49
47 73
66 74
7 71
3 37
33 71
14 66
23 38
0 22
3 45
14 31
7 18
7 56
15 24
7 74
22 56
40 45
26 70
20 70
24 56
1 51
28 72
24 58
42 47
13 66
7 24
20 52
16 50
5 9
61 62
15 67
12 25
50 57
59 70
16 26
21 61
12 32
22 33
22 28
46 55
10 70
40 64
26 63
13 30
33 51
18 38
21 40
26 34
30 53
4 34
46 73
46 68
21 36
19 43
9 40
20 53
5 43
39 50
37 60
48 72
1 63
5 23
17 59
6 38
42 70
44 56
31 61
2 64
16 29
52 55
15 23
50 71
5 69
30 43
14 64
13 36
1 19
47 71
29 73
2 43
29 35
41 63
1 23
20 44
61 63
3 67
10 43
35 73
10 18
14 63
62 72
67 74
10 48
11 67
7 60
38 65
48 62
4 24
50 52
19 51
51 69
21 39
37 49
47 66
0 41
13 28
9 64
48 51
28 29
42 73
3 9
14 36
30 42
11 22
9 13
41 59
14 34
43 52
4 73
7 64
36 68
10 44
0 72
14 24
2 56
22 67
35 71
3 19
16 31
13 44
15 55
12 21
0 60
43 55
48 54
6 56
44 66
6 45
4 61
13 65
10 41
44 67
16 60
56 74
13 39
34 43
7 42
18 19
9 50
9 46
36 37
34 42
49 52
9 58
30 59
56 58
3 4
27 68
39 51
46 67
2 11
24 29
35 46
63 73
18 27
33 36
51 72
2 27
7 33
18 67
32 58
49 70
47 74
48 70
3 36
14 74
44 53
50 59
27 52
45 68
30 51
