76
9
1111
60
57 2
52 2
93 2
83 4
60 2
56 3
67 3
107 1
57 4
78 2
52 1
68 1
94 4
88 1
99 2
71 1
83 3
108 4
87 5
61 3
66 2
96 1
89 3
68 5
82 2
79 1
95 5
83 1
86 3
62 4
50 4
81 1
70 1
100 2
51 1
76 2
57 5
103 1
80 2
57 4
63 4
93 2
91 4
103 2
106 5
49 2
55 2
53 5
58 4
60 4
83 3
93 5
54 2
50 2
66 4
68 2
102 2
73 5
106 3
58 1
107 4
91 2
72 3
52 1
103 2
105 3
84 4
56 2
67 5
65 3
85 2
83 4
49 1
87 1
98 3
84 4
18 68
20 52
34 59
10 23
22 26
9 58
26 65
2 74
14 16
26 60
3 71
29 48
34 36
7 64
41 48
42 45
22 60
8 60
5 31
28 61
9 44
14 73
7 19
5 62
30 69
12 37
16 23
1 22
10 61
10 15
61 72
25 39
39 61
7 63
43 63
21 58
26 68
44 56
29 54
10 72
40 41
1 48
6 61
5 37
30 36
25 51
6 21
30 56
30 71
10 21
44 71
15 44
6 52
6 16
33 42
24 27
13 50
25 52
14 43
13 74
1 51
8 41
2 16
22 50
14 26
45 64
8 67
26 40
59 65
11 30
13 20
6 15
63 70
4 52
35 61
25 45
19 25
31 41
48 67
23 46
1 32
23 35
7 59
11 53
21 66
26 54
37 50
31 56
34 44
15 58
3 20
29 30
65 67
27 37
9 38
18 48
46 53
0 46
55 61
6 71
36 67
2 61
11 17
37 55
42 62
19 67
9 75
31 36
48 69
24 60
26 53
8 14
7 35
4 17
7 55
52 57
2 4
19 69
40 50
10 27
50 62
9 56
45 51
37 61
0 17
15 72
8 15
0 52
16 74
5 32
12 47
8 73
25 58
37 58
20 30
54 65
4 48
51 64
2 65
23 60
27 55
13 35
11 39
19 60
37 56
4 11
37 53
0 45
42 50
30 57
44 45
5 74
0 56
51 60
15 52
2 54
57 72
23 71
16 52
19 63
14 18
59 66
28 59
1 2
49 74
4 58
36 60
58 61
40 62
13 49
17 35
1 30
9 72
30 33
20 46
1 45
2 24
50 59
13 55
50 60
28 73
6 74
3 45
17 62
43 57
19 74
29 53
66 67
27 42
10 74
22 48
10 32
11 43
19 42
31 46
25 43
6 36
16 56
70 75
16 64
39 73
18 60
2 8
21 43
15 33
40 63
13 45
32 51
63 69
32 34
17 19
28 31
28 67
11 14
29 58
8 63
30 61
15 45
66 74
45 69
51 54
22 75
13 57
20 32
64 70
24 43
62 70
5 49
42 61
28 52
16 48
16 42
27 56
31 74
10 53
19 73
8 44
13 59
9 64
27 60
21 32
20 73
3 60
17 64
51 69
72 75
32 48
8 54
9 47
42 64
2 56
43 61
2 21
22 35
25 33
66 70
19 20
4 47
23 42
51 68
49 67
36 44
34 35
3 17
24 41
48 54
38 61
30 43
19 43
6 30
32 74
7 54
18 52
16 34
0 6
23 52
30 44
3 25
40 67
6 32
25 54
57 58
11 28
4 53
30 42
66 75
13 62
18 29
36 50
8 33
25 62
14 68
62 63
18 40
46 62
6 23
3 61
31 64
32 68
11 56
33 72
63 66
23 55
20 57
50 52
10 24
1 3
39 42
1 23
10 29
44 55
14 53
22 74
9 68
12 51
28 56
34 56
15 30
0 37
10 50
55 65
44 46
32 45
21 53
23 24
30 66
16 50
6 59
12 53
42 46
48 61
2 50
19 59
30 62
16 46
32 40
6 22
1 33
22 56
49 72
24 54
1 14
40 51
31 66
23 63
60 67
35 73
2 14
11 35
0 5
19 22
22 24
46 55
9 20
34 46
8 71
16 37
25 32
13 39
37 38
2 58
48 58
17 54
0 54
14 19
6 34
34 42
26 66
21 61
19 34
19 46
60 66
68 71
1 21
54 57
0 43
25 40
27 50
14 40
32 71
18 62
52 62
19 70
22 69
0 8
49 56
41 58
18 46
23 39
13 52
27 28
60 61
11 29
6 10
0 69
40 72
2 29
5 27
10 59
12 35
30 65
12 45
15 16
54 63
15 19
9 66
42 71
16 59
40 44
11 12
25 41
49 57
45 74
4 31
62 72
20 68
20 72
51 63
32 33
36 63
60 75
19 37
4 67
20 44
33 58
25 56
25 72
7 32
29 70
7 68
27 39
8 11
53 74
51 53
24 75
11 66
20 60
5 73
1 36
31 35
26 61
38 48
10 55
13 64
5 16
12 69
19 65
0 65
16 20
7 26
22 42
32 56
24 44
0 73
23 38
16 75
0 47
59 69
0 20
11 67
33 74
33 65
2 52
4 5
3 29
18 43
37 48
25 66
53 58
17 39
1 8
12 41
22 62
4 26
20 42
43 71
4 32
38 47
54 75
9 24
27 52
11 54
17 24
11 23
17 45
58 64
38 53
3 53
28 71
13 65
37 59
14 22
46 63
12 71
3 75
5 75
13 40
14 49
33 37
9 41
15 20
2 34
35 42
42 63
29 61
4 43
65 71
21 60
5 23
14 63
10 30
45 63
60 74
39 50
5 41
13 53
34 45
33 51
45 47
3 59
49 70
3 38
55 67
16 21
28 70
7 29
26 63
17 40
6 50
6 48
50 66
16 35
46 57
12 67
6 56
8 72
8 34
20 48
6 38
20 24
31 67
25 37
2 37
6 13
11 42
30 31
49 65
6 68
72 74
20 54
38 42
30 50
17 65
28 66
17 48
39 47
11 31
43 67
17 22
2 70
35 63
28 51
12 73
20 74
37 51
30 75
12 20
7 8
5 40
52 59
68 74
51 57
1 64
14 69
6 47
4 13
35 44
4 15
9 19
12 31
17 53
21 75
2 27
12 64
29 72
26 38
35 48
25 36
23 45
15 40
22 51
10 64
51 67
12 66
4 14
19 71
5 57
64 65
26 29
49 60
8 9
50 57
0 68
30 38
45 53
6 29
28 63
50 70
10 45
18 70
45 57
14 44
39 51
21 59
0 60
2 59
30 55
12 70
7 15
50 63
13 24
14 21
2 67
5 14
28 34
20 22
48 73
0 31
8 47
22 59
44 74
11 26
49 71
25 55
57 64
47 58
11 16
0 74
23 26
58 62
8 68
32 39
10 33
0 22
0 51
2 7
47 49
21 23
5 8
56 66
16 43
16 72
28 41
8 48
3 5
48 55
35 58
24 72
39 58
49 51
42 43
0 2
33 34
50 65
19 21
39 45
52 64
34 61
1 31
17 50
0 41
30 52
14 30
3 23
9 34
7 47
9 73
4 64
15 26
6 28
56 64
20 33
26 56
31 42
37 67
0 40
4 16
18 64
17 71
15 70
26 50
5 35
16 68
2 38
4 10
8 57
7 70
22 29
7 31
5 19
36 75
16 51
11 57
2 75
17 75
15 57
12 59
60 62
18 71
5 7
13 31
43 54
29 69
5 66
37 47
2 31
17 70
1 70
20 47
17 38
40 43
37 57
14 24
37 49
21 45
24 39
68 72
1 41
2 46
8 28
70 71
44 52
1 47
22 72
53 55
26 74
39 72
37 39
24 73
21 31
56 74
10 66
44 69
12 75
36 39
21 29
25 46
24 61
33 40
16 62
10 68
29 71
21 41
71 72
32 66
15 43
24 33
8 35
1 17
15 63
55 68
40 49
58 71
25 44
7 49
15 35
58 70
12 74
9 49
13 63
62 71
30 39
38 72
33 73
56 75
17 30
1 24
12 50
47 55
1 40
20 45
1 68
50 55
33 68
2 9
6 39
14 48
19 68
55 64
18 23
15 71
12 52
8 46
9 23
14 34
8 37
43 47
33 63
45 54
51 62
10 62
9 10
24 53
2 20
6 40
11 52
47 60
27 64
67 72
23 62
14 51
11 69
23 31
56 72
48 53
6 8
2 35
22 36
38 70
32 52
13 66
39 65
37 62
34 68
2 36
36 61
36 53
14 56
43 70
20 41
1 26
16 24
37 63
56 73
1 71
1 67
15 61
7 71
18 47
48 49
28 29
0 24
70 74
15 38
16 71
1 43
18 21
23 67
0 48
11 58
23 27
32 50
44 54
47 68
35 62
8 36
9 16
41 75
5 17
52 54
3 41
40 55
23 65
15 74
61 63
7 75
7 72
23 29
13 30
28 72
35 46
44 50
48 72
41 54
59 73
13 70
28 47
2 17
13 71
11 71
10 46
21 28
29 31
22 67
38 60
66 73
31 53
9 53
47 73
44 60
19 33
24 40
20 31
33 36
19 58
50 67
65 74
3 73
42 49
7 67
64 69
26 43
7 25
0 29
29 43
22 25
19 53
6 69
2 63
4 22
26 33
29 37
38 75
9 55
22 73
36 64
61 73
17 69
7 21
24 59
41 50
57 68
38 55
50 74
23 40
71 73
14 23
6 17
26 55
17 26
8 29
59 64
30 37
2 53
42 73
55 72
12 32
24 56
23 48
7 53
7 16
31 37
38 69
13 21
21 63
38 41
60 73
35 39
5 11
16 33
23 34
34 52
34 48
52 71
54 61
53 71
1 46
12 33
37 40
30 47
23 51
41 59
11 63
9 70
19 75
16 22
7 65
17 73
16 70
16 65
15 68
34 71
1 27
38 57
19 44
31 59
32 57
10 69
8 38
31 49
16 63
20 69
65 73
4 37
5 9
5 63
59 61
56 70
9 51
10 43
70 73
25 73
26 73
30 63
44 48
63 75
15 56
40 46
38 54
21 38
0 32
9 40
5 36
23 36
19 24
14 70
62 69
22 33
28 62
25 69
29 52
33 52
58 67
8 56
21 49
43 56
26 41
14 62
13 34
30 64
30 40
27 69
2 33
8 20
4 36
6 18
31 69
15 31
33 61
10 44
42 68
18 56
69 70
38 73
22 38
4 38
15 62
1 18
18 74
9 32
16 19
26 42
39 59
12 24
4 59
41 47
53 67
13 22
28 39
20 55
35 51
8 61
42 58
13 28
18 45
10 36
1 63
23 28
35 47
17 36
45 68
31 45
0 50
20 61
1 44
39 46
6 44
23 49
30 72
21 35
21 56
14 41
39 63
51 75
50 71
26 37
0 21
21 71
0 30
4 24
53 68
12 36
9 12
6 62
33 38
8 26
18 39
1 65
42 48
32 47
25 67
57 67
5 55
58 74
18 20
28 75
48 51
8 59
2 60
17 44
31 72
30 32
31 54
1 34
2 43
2 12
45 48
47 61
22 39
0 25
21 55
