76
4
256
60
50 2
46 2
42 2
44 4
38 2
36 3
41 3
58 1
41 4
36 2
42 1
55 1
30 4
35 1
40 2
31 1
49 3
43 4
53 5
45 3
53 2
39 1
41 3
34 5
53 2
50 1
48 5
37 1
34 3
58 4
45 4
44 1
54 1
55 2
44 1
41 2
47 5
36 1
53 2
60 4
34 4
31 2
34 4
58 2
42 5
46 2
37 2
35 5
51 4
47 4
59 3
31 5
39 2
48 2
49 4
33 2
31 2
44 5
39 3
58 1
58 4
35 2
56 3
38 1
54 2
57 3
52 4
34 2
50 5
49 3
45 2
60 4
30 1
38 1
43 3
31 4
18 68
20 52
34 59
10 23
22 26
9 58
26 65
2 74
14 16
26 60
3 71
29 48
34 36
7 64
41 48
42 45
22 60
8 60
5 31
28 61
9 44
14 73
7 19
5 62
30 69
12 37
16 23
1 22
10 61
10 15
61 72
25 39
39 61
7 63
43 63
21 58
26 68
44 56
29 54
10 72
40 41
1 48
6 61
5 37
30 36
25 51
6 21
30 56
30 71
10 21
44 71
15 44
6 52
6 16
33 42
24 27
13 50
25 52
14 43
13 74
1 51
8 41
2 16
22 50
14 26
45 64
8 67
26 40
59 65
11 30
13 20
6 15
63 70
4 52
35 61
25 45
19 25
31 41
48 67
23 46
1 32
23 35
7 59
11 53
21 66
26 54
37 50
31 56
34 44
15 58
3 20
29 30
65 67
27 37
9 38
18 48
46 53
0 46
55 61
6 71
36 67
2 61
11 17
37 55
42 62
19 67
9 75
31 36
48 69
24 60
26 53
8 14
7 35
4 17
7 55
52 57
2 4
19 69
40 50
10 27
50 62
9 56
45 51
37 61
0 17
15 72
8 15
0 52
16 74
5 32
12 47
8 73
25 58
37 58
20 30
54 65
4 48
51 64
2 65
23 60
27 55
13 35
11 39
19 60
37 56
4 11
37 53
0 45
42 50
30 57
44 45
5 74
0 56
51 60
15 52
2 54
57 72
23 71
16 52
19 63
14 18
59 66
28 59
1 2
49 74
4 58
36 60
58 61
40 62
13 49
17 35
1 30
9 72
30 33
20 46
1 45
2 24
50 59
13 55
50 60
28 73
6 74
3 45
17 62
43 57
19 74
29 53
66 67
27 42
10 74
22 48
10 32
11 43
19 42
31 46
25 43
6 36
16 56
70 75
16 64
39 73
18 60
2 8
21 43
15 33
40 63
13 45
32 51
63 69
32 34
17 19
28 31
28 67
11 14
29 58
8 63
30 61
15 45
66 74
45 69
51 54
22 75
13 57
20 32
64 70
24 43
62 70
5 49
42 61
28 52
16 48
16 42
27 56
31 74
10 53
19 73
8 44
13 59
9 64
27 60
21 32
20 73
3 60
17 64
51 69
72 75
32 48
8 54
9 47
42 64
2 56
43 61
2 21
22 35
25 33
66 70
