80
8
2496
60
701 2
67 2
317 2
117 4
179 2
769 3
249 3
460 1
379 4
619 2
529 1
207 1
664 4
50 1
565 2
391 1
765 3
346 4
790 5
273 3
716 2
581 1
288 3
208 5
449 2
683 1
333 5
569 1
315 3
443 4
802 4
625 1
60 1
430 2
592 1
721 2
228 5
589 1
780 2
551 4
552 4
590 2
348 4
204 2
203 5
153 2
782 2
569 5
164 4
555 4
451 3
58 5
657 2
184 2
589 4
192 2
261 2
398 5
339 3
508 1
201 4
100 2
853 3
766 1
415 2
646 3
826 4
453 2
160 5
414 3
380 2
163 4
782 1
318 1
208 3
386 4
157 3
589 2
209 1
434 3
35 73
20 72
1 79
64 78
48 72
29 54
15 57
6 9
12 75
24 47
30 67
54 60
30 70
26 73
0 79
20 56
24 46
5 22
24 78
26 77
1 5
13 55
17 74
13 45
43 63
36 64
19 51
45 64
12 52
23 46
57 79
43 75
10 68
18 62
2 26
72 79
62 67
28 50
61 73
0 57
35 70
31 69
3 73
67 73
27 50
14 67
27 70
11 21
1 30
10 14
41 58
33 44
47 57
9 64
53 76
22 26
7 73
5 16
11 36
31 79
42 61
2 12
59 69
13 19
26 66
12 42
24 27
44 73
11 37
55 76
5 35
12 27
51 60
47 75
67 72
7 36
74 76
52 56
60 75
3 8
24 36
64 73
10 71
56 61
24 41
14 48
30 74
34 57
14 46
15 35
30 75
25 26
51 78
17 21
64 72
6 59
4 13
2 22
5 30
30 64
33 39
5 46
33 65
37 73
10 67
35 49
30 55
42 62
52 60
11 63
38 61
25 60
26 47
11 26
44 77
22 33
16 19
7 62
15 51
44 48
15 28
39 74
33 71
7 38
31 39
22 29
1 37
55 63
32 54
16 66
31 43
36 62
22 64
32 45
38 69
20 79
6 55
44 61
13 14
34 69
33 40
58 76
16 27
4 62
20 44
56 73
9 44
37 61
27 33
38 78
5 27
20 30
49 52
13 26
57 75
31 62
56 68
29 36
8 55
3 53
49 59
26 34
66 67
28 34
20 45
8 75
22 62
5 47
58 78
10 13
6 43
12 45
37 68
56 63
14 69
12 53
41 78
11 66
43 68
26 48
7 53
1 64
45 70
29 63
26 74
10 18
45 49
24 77
20 59
14 41
21 34
24 64
5 6
28 53
8 78
2 72
2 78
21 75
17 33
43 51
15 75
19 60
63 77
46 61
36 49
46 63
6 52
15 60
17 38
25 59
66 78
11 57
3 36
4 68
60 63
22 55
52 67
27 51
40 53
44 51
13 47
4 17
40 44
15 45
50 76
14 74
25 71
1 74
5 32
27 53
59 63
29 31
9 57
12 57
53 70
35 43
9 54
25 41
19 36
26 61
2 50
3 15
27 32
18 27
58 70
31 55
1 2
68 76
10 54
1 71
44 54
27 63
14 22
48 76
52 63
21 47
56 72
44 65
26 51
43 50
40 66
22 40
23 42
10 58
20 74
8 36
25 52
49 68
17 25
3 16
6 71
8 48
38 79
27 58
30 61
23 76
70 74
36 60
32 52
9 67
48 50
38 55
22 65
16 44
12 26
50 63
13 61
60 64
24 48
39 73
37 43
11 51
40 75
18 47
63 74
28 71
19 30
0 67
9 37
51 56
19 20
17 62
69 70
18 50
0 26
35 36
1 54
43 55
21 27
54 71
57 59
12 34
28 72
14 18
31 42
44 72
29 76
3 38
20 43
34 55
21 29
17 50
16 48
28 29
37 56
35 61
51 75
67 69
42 54
7 69
27 76
9 53
20 50
16 33
44 62
3 47
8 14
18 52
29 64
36 40
36 37
11 67
57 67
49 75
62 71
36 74
71 73
47 65
8 30
4 57
31 61
31 32
34 65
28 32
29 68
30 59
42 79
43 77
65 74
58 75
14 25
44 46
16 63
30 76
24 53
12 24
17 75
12 39
11 59
10 26
52 79
2 68
13 33
43 73
1 55
41 46
29 71
59 61
14 65
43 53
8 45
55 77
33 37
43 67
6 41
9 70
6 64
24 63
49 69
3 64
56 75
12 44
11 38
11 48
37 78
13 69
1 75
58 60
15 72
13 64
20 32
15 42
50 69
10 29
48 66
3 32
53 60
54 76
42 76
9 34
0 31
10 44
50 78
6 10
39 44
30 41
33 35
53 54
50 54
19 21
20 39
27 29
6 29
17 66
14 21
12 71
40 74
10 74
3 26
22 74
18 45
60 74
28 64
44 60
48 52
12 62
20 69
66 70
34 50
40 60
40 72
16 64
54 73
31 45
4 21
20 53
46 71
24 38
0 77
21 43
6 15
20 46
25 46
0 65
17 68
17 77
4 30
1 72
64 68
3 55
15 31
9 66
66 74
49 66
7 60
34 35
3 18
20 73
2 4
15 79
55 58
10 62
13 53
24 70
58 69
38 51
25 33
16 23
9 72
1 4
3 17
12 63
37 58
70 71
26 46
41 64
33 69
76 78
1 56
59 71
36 56
33 36
9 29
13 73
29 79
0 18
61 74
26 49
56 78
31 68
27 30
7 31
1 63
0 28
52 55
20 25
23 58
40 47
19 77
35 44
18 25
18 72
24 57
30 44
39 70
9 30
14 68
23 28
12 76
36 63
2 17
56 62
11 61
46 57
5 77
70 73
20 27
43 74
2 75
0 62
0 50
4 19
6 16
10 50
0 58
0 54
23 30
17 60
16 46
59 62
39 61
50 55
8 24
43 48
32 70
34 44
19 22
27 64
57 68
21 44
53 74
43 49
32 77
58 66
41 56
54 79
35 55
18 66
10 70
59 78
58 63
2 48
21 70
17 52
44 64
44 79
10 35
36 59
15 56
66 71
20 55
19 43
31 70
53 64
20 33
6 19
40 50
6 53
9 77
8 71
61 68
49 74
13 18
19 53
49 56
30 45
5 52
58 68
4 16
6 28
6 11
67 78
30 38
52 66
24 54
21 56
30 57
4 58
27 52
32 66
39 76
26 38
18 43
43 78
24 74
8 40
65 67
31 57
12 70
7 77
8 79
23 53
14 47
11 35
62 70
37 39
57 62
33 66
10 34
7 13
14 73
36 77
42 66
11 64
8 32
4 47
52 78
38 75
43 54
13 36
38 62
58 65
56 67
22 35
10 32
48 69
71 78
57 73
27 75
19 40
24 30
71 75
40 76
19 41
3 5
38 52
25 69
54 77
15 62
8 21
10 73
42 48
16 60
35 52
20 76
42 70
28 52
6 67
29 35
16 73
29 77
14 16
2 16
14 45
25 35
27 66
4 43
13 50
13 79
13 29
23 35
10 31
2 35
37 54
17 18
10 63
24 43
38 77
59 79
33 77
3 33
17 69
5 33
1 12
24 37
4 51
20 28
25 44
76 77
16 28
1 23
15 34
8 47
60 77
33 47
5 54
39 77
10 42
12 29
0 74
6 63
1 57
10 78
20 31
10 30
27 38
38 56
2 52
33 57
18 70
13 44
12 18
9 23
26 68
32 40
35 72
19 62
33 59
22 38
0 8
51 61
8 68
2 38
36 52
24 79
26 45
25 34
28 74
50 71
63 67
45 63
33 49
15 50
58 74
48 62
49 50
4 60
39 62
12 21
33 38
28 62
28 77
20 58
19 58
27 40
57 72
17 45
23 73
49 61
67 76
17 20
7 72
19 61
18 23
22 48
35 78
60 67
1 25
1 19
10 25
2 14
48 77
23 54
15 19
5 28
0 45
61 72
61 78
31 35
47 78
18 68
36 58
7 51
13 41
4 53
12 58
5 61
42 71
23 79
19 49
19 37
13 27
1 22
54 58
18 33
6 26
66 79
7 54
47 77
11 13
8 20
30 56
30 36
32 75
44 59
12 46
6 58
1 38
18 60
42 43
25 45
41 63
35 37
52 73
3 59
23 31
0 63
20 47
42 46
13 42
8 58
9 12
34 72
25 29
14 39
70 79
35 39
31 54
18 19
32 79
4 78
61 75
38 72
44 50
29 42
6 22
33 73
6 32
47 76
25 28
30 49
13 40
34 37
25 57
68 73
25 32
32 34
53 67
2 57
27 31
4 70
0 76
6 25
56 76
0 73
51 63
7 43
53 72
45 68
7 27
41 42
37 53
1 50
40 78
16 42
36 41
32 60
11 39
38 46
50 56
36 50
23 75
17 65
31 72
19 35
2 54
0 20
9 59
25 75
5 25
25 48
9 36
5 65
19 74
26 52
0 51
9 17
62 72
3 22
16 22
27 43
18 54
2 49
18 26
23 65
28 48
1 42
24 39
11 49
9 33
6 51
1 60
53 79
1 20
72 78
9 51
26 64
9 31
34 79
3 52
1 46
0 13
22 30
68 78
34 39
16 47
5 67
46 49
19 45
22 58
39 56
50 66
5 40
9 26
28 40
53 68
13 57
13 39
44 47
8 10
7 14
61 66
6 34
2 64
32 50
49 57
3 23
12 23
21 53
75 77
47 56
36 70
6 46
15 44
20 21
58 72
55 64
65 78
54 74
21 39
50 52
4 6
1 43
32 48
31 38
31 34
2 70
59 64
21 32
47 49
5 20
8 43
20 36
10 37
36 79
33 62
30 33
51 79
40 64
15 49
14 34
0 66
17 73
26 63
13 24
45 48
15 46
69 73
29 57
4 14
19 32
6 8
3 12
9 55
33 72
25 30
52 57
12 19
10 17
13 17
42 45
24 75
56 57
1 3
23 43
1 51
21 68
31 76
19 39
64 69
7 50
34 56
21 41
6 36
9 56
37 50
4 34
9 21
22 34
35 71
25 72
12 13
27 74
20 40
16 38
4 50
21 54
3 27
38 58
3 74
27 78
27 54
9 46
60 61
19 23
54 59
29 58
0 44
28 36
3 79
31 51
21 77
9 38
37 79
1 18
17 47
60 62
40 42
2 66
8 69
23 27
24 29
35 41
54 78
35 69
14 19
18 78
36 67
25 67
52 64
45 75
29 74
11 24
25 42
1 21
37 69
30 71
57 65
14 15
66 75
19 24
3 30
34 48
11 69
15 40
1 53
0 36
35 40
12 40
28 35
19 64
6 39
5 29
24 56
7 57
20 29
40 63
3 50
21 66
15 27
0 42
9 16
4 37
3 20
10 41
1 16
1 28
28 44
8 59
23 60
64 65
1 62
25 76
1 52
48 57
26 50
14 36
49 51
9 50
42 44
61 63
74 78
33 42
28 61
73 74
40 68
42 59
8 54
62 74
11 45
21 28
20 77
21 58
11 71
0 35
21 22
4 69
7 37
50 64
26 65
2 55
15 68
14 56
13 28
11 68
22 28
38 43
42 69
6 49
6 13
11 34
14 43
37 52
2 45
2 13
28 57
11 28
7 12
28 45
26 40
39 45
13 46
9 25
32 38
21 55
52 76
24 73
37 74
10 52
58 59
45 73
14 72
11 78
55 70
10 46
16 59
68 69
30 40
28 56
14 20
5 60
57 60
31 56
2 60
2 30
9 35
5 66
19 57
11 12
12 14
33 51
29 56
5 74
0 49
69 75
8 9
64 67
51 65
60 66
8 72
19 67
39 69
71 74
40 70
0 56
11 56
14 58
1 24
68 71
0 17
22 70
21 40
21 74
7 44
54 70
28 51
13 37
27 77
24 32
19 28
7 16
27 57
8 63
56 66
10 12
2 6
47 70
17 58
64 66
1 73
47 72
0 15
46 77
0 38
11 60
43 45
10 48
21 59
14 31
45 53
46 62
1 17
31 63
58 77
5 19
8 76
49 55
7 9
15 53
17 67
17 46
7 55
0 9
19 69
43 71
52 59
31 64
6 14
29 75
27 41
15 66
42 55
19 34
62 66
54 63
12 51
14 66
17 64
44 67
1 13
31 58
18 53
0 19
63 69
21 49
47 69
0 33
0 72
36 75
55 66
25 53
6 47
58 64
59 68
32 62
13 31
41 65
49 72
37 67
52 72
14 53
8 22
25 55
4 46
3 39
47 67
1 27
41 45
6 7
5 41
7 10
4 45
17 30
48 73
19 38
52 54
8 29
39 79
2 53
22 50
16 41
63 76
26 72
47 79
5 63
39 51
15 71
10 47
19 75
7 18
39 52
16 72
42 74
30 42
34 63
73 75
6 75
46 68
25 36
3 68
41 59
34 76
4 73
35 62
22 41
1 32
59 65
30 62
36 39
53 71
2 24
22 61
3 61
0 24
31 52
16 20
16 69
33 56
17 48
20 42
8 13
4 61
20 54
66 72
24 50
12 32
3 25
15 22
17 22
37 66
0 29
7 34
2 33
35 48
54 69
29 52
9 47
43 76
62 68
46 58
22 46
26 32
4 54
14 64
19 54
14 63
39 55
46 78
35 38
68 72
12 49
1 15
24 62
39 41
4 48
4 28
21 78
66 76
18 34
14 27
1 39
33 68
38 64
3 63
27 37
0 6
12 50
32 44
74 77
5 38
55 61
8 67
51 64
36 68
16 39
23 64
56 64
2 32
0 60
19 59
29 41
70 77
11 65
17 42
28 67
31 37
10 76
23 47
20 26
7 58
4 40
62 65
17 40
46 65
4 36
17 63
10 57
65 77
47 55
42 56
38 70
21 46
56 65
8 39
55 74
29 69
31 73
25 66
20 23
16 79
45 61
62 77
50 72
46 50
53 73
55 59
25 47
5 71
6 40
27 28
11 33
28 68
19 71
0 68
24 45
13 34
1 8
24 31
17 78
45 54
2 43
12 72
75 79
60 72
48 49
5 53
15 23
55 69
15 17
15 54
26 78
1 67
50 74
35 50
6 35
23 50
49 67
7 75
16 58
11 70
4 39
23 33
9 79
2 44
3 40
38 41
15 63
32 67
37 71
12 48
10 75
49 64
22 43
14 23
36 54
52 71
30 46
50 65
24 51
17 34
31 77
1 58
5 23
16 37
34 53
7 26
41 75
49 58
4 26
10 69
3 60
28 60
38 65
63 73
36 42
4 64
57 69
48 63
16 35
21 37
7 22
40 48
38 50
4 23
46 75
24 59
9 13
1 61
21 76
2 41
8 51
21 73
21 79
0 59
25 62
30 60
48 68
40 51
22 24
69 72
35 53
12 74
37 70
4 24
23 49
31 36
49 73
39 50
2 15
48 56
33 52
48 60
67 74
11 75
7 21
29 32
43 79
12 30
13 56
7 68
55 60
54 67
4 44
8 49
49 71
26 30
5 68
51 72
7 63
6 44
55 71
12 68
12 59
16 65
40 77
18 63
35 68
3 10
63 78
61 62
57 77
27 42
3 43
13 20
35 59
28 65
52 53
13 63
24 28
22 54
43 66
12 28
10 79
56 58
3 19
35 64
45 78
41 57
2 51
36 51
55 65
28 37
4 12
12 33
33 55
10 28
25 70
3 6
19 33
23 69
36 73
37 65
19 56
22 59
38 60
7 59
60 69
25 77
1 36
69 74
6 48
7 11
5 51
37 49
24 49
29 60
26 76
37 41
33 46
70 78
66 73
35 56
1 65
56 74
22 76
28 58
14 44
24 68
13 72
0 37
23 40
5 78
53 55
29 44
7 67
2 18
26 56
30 50
9 58
5 26
41 50
41 66
32 69
4 66
67 77
32 55
34 70
50 79
24 33
20 60
34 40
57 64
5 48
0 21
26 53
23 48
35 60
47 58
59 73
29 73
4 35
20 71
8 12
26 41
19 50
10 24
4 11
14 62
19 78
22 37
13 25
26 70
59 74
18 31
51 62
33 78
33 64
56 71
40 56
9 41
0 64
61 65
20 49
7 39
26 54
3 71
13 70
45 60
6 18
25 51
23 66
10 66
9 45
14 54
1 77
54 57
18 49
4 75
23 37
5 15
29 49
27 39
8 27
23 77
19 25
60 76
1 70
13 49
19 44
6 50
14 77
70 72
37 77
40 49
27 34
4 15
38 39
63 72
44 55
7 41
9 24
62 69
42 49
28 75
48 59
32 78
26 27
14 37
10 22
3 67
47 71
36 78
35 67
27 73
14 30
38 42
8 66
31 60
55 78
41 52
30 68
5 62
47 54
12 37
29 53
60 78
18 65
2 42
35 57
61 64
1 6
4 67
42 58
2 21
22 36
5 21
0 32
9 43
65 73
2 36
33 58
30 34
14 50
61 77
36 45
8 77
10 64
43 57
8 70
27 68
46 55
18 44
5 44
53 58
0 40
21 64
8 42
19 73
46 48
5 11
50 67
4 20
0 48
12 20
22 57
35 76
40 69
5 9
17 28
3 14
8 50
17 53
64 71
45 59
9 20
7 20
17 57
0 2
15 78
59 75
34 73
1 48
31 50
17 79
72 74
41 76
47 68
42 51
65 68
20 51
71 77
23 63
30 47
61 76
19 27
56 60
2 63
33 48
22 47
3 29
60 71
45 67
28 47
71 76
48 61
64 75
2 39
57 78
37 46
5 39
43 46
42 73
4 9
8 23
17 31
15 32
20 48
23 26
18 37
37 38
31 48
50 53
46 67
0 47
8 28
11 19
59 67
11 25
19 66
38 57
6 77
37 60
6 38
64 76
32 56
12 55
2 69
5 70
21 35
31 53
47 51
17 29
15 38
5 8
6 31
62 78
51 55
39 54
9 18
5 17
16 18
24 61
5 42
31 33
29 65
29 37
4 79
28 41
51 57
40 79
1 44
1 78
51 76
25 78
27 62
13 32
4 32
35 74
45 58
13 60
25 49
29 43
35 58
63 70
47 74
21 57
45 66
24 44
60 73
42 65
30 77
7 25
16 25
15 26
27 46
63 79
0 12
18 48
15 52
49 65
2 74
12 77
11 46
47 50
63 65
20 68
26 28
4 18
23 34
24 34
19 70
3 65
16 55
21 61
30 51
0 14
18 76
60 79
56 79
65 79
43 72
21 36
41 69
44 63
1 14
0 4
22 66
48 79
18 42
0 25
19 29
16 26
5 37
19 68
51 58
0 7
17 56
21 50
48 67
5 69
13 71
22 67
37 45
3 24
11 52
26 58
9 62
9 19
33 79
50 73
45 77
14 33
12 60
32 43
2 58
1 49
49 53
38 40
2 71
1 76
44 69
32 74
32 59
14 26
10 49
17 54
28 31
37 63
46 54
41 67
11 17
14 29
12 17
13 67
34 67
14 76
30 63
55 75
3 28
28 49
74 75
43 69
0 10
58 62
16 21
31 46
28 30
46 64
9 71
66 68
5 12
39 42
62 63
64 70
3 7
51 69
52 58
49 77
35 77
25 43
63 75
14 60
7 24
63 71
21 60
59 70
72 73
9 27
42 53
15 21
2 79
8 44
0 70
30 54
15 37
13 51
8 25
5 73
27 61
0 75
49 62
44 56
15 30
15 20
8 34
24 52
27 71
35 46
51 74
29 66
61 79
34 54
16 31
31 41
12 69
12 16
7 23
13 66
67 79
31 44
35 75
7 64
5 13
55 57
48 78
61 67
8 17
9 49
49 79
5 58
23 55
17 72
50 58
3 9
32 46
43 65
17 24
45 71
16 30
32 33
8 56
45 51
45 55
42 68
28 78
54 56
36 55
20 24
13 74
5 56
33 75
61 70
51 77
52 61
38 68
36 66
7 70
13 68
33 76
32 64
18 64
25 39
7 52
19 79
22 52
8 37
48 75
5 7
49 60
33 53
32 49
38 48
38 47
32 57
20 64
14 79
37 72
47 62
42 47
7 15
4 59
3 75
16 53
11 22
43 56
10 72
34 42
43 58
65 70
42 75
33 41
16 40
9 52
17 43
13 54
36 69
4 71
35 51
68 70
11 43
28 76
6 62
10 21
14 70
46 66
38 49
54 65
34 45
13 30
25 61
0 41
3 49
46 53
22 27
10 11
15 61
8 38
33 54
25 65
15 67
44 58
38 76
41 73
2 56
65 76
3 70
22 75
29 33
48 74
15 55
7 79
55 56
27 72
21 52
39 58
29 45
26 69
30 78
11 41
32 68
7 66
17 49
3 66
40 46
4 63
25 74
35 54
34 58
46 74
21 24
21 23
13 48
0 23
27 69
2 34
21 25
2 29
42 72
31 49
11 77
6 78
9 10
41 49
67 68
19 52
1 11
4 42
5 76
53 78
73 78
61 71
18 20
11 15
3 58
2 28
15 48
26 59
40 45
27 49
5 49
25 50
57 66
28 55
11 62
26 55
32 58
16 76
20 67
1 31
22 32
22 72
4 74
31 66
6 68
47 59
23 62
56 77
17 41
19 63
39 63
34 59
53 66
14 57
66 69
28 73
6 30
36 76
18 46
21 48
49 54
34 46
54 55
8 15
8 64
47 64
1 35
2 73
18 32
39 60
14 78
10 36
13 22
41 60
39 47
14 24
46 47
6 69
0 52
29 40
39 78
0 27
5 36
12 22
51 68
31 47
3 13
32 39
7 47
41 53
24 72
3 57
16 45
9 14
19 55
38 44
34 68
16 51
32 47
20 78
32 51
42 64
5 43
15 47
13 35
21 72
20 62
2 9
9 74
2 3
48 58
6 79
23 39
31 59
18 56
48 53
10 55
4 76
5 45
41 72
2 65
20 38
4 56
50 62
15 43
12 78
41 43
1 69
8 61
68 74
38 74
54 64
8 52
40 59
59 60
9 40
2 25
17 76
57 76
55 68
21 71
12 25
52 74
28 69
6 60
72 77
8 73
6 21
32 35
5 57
31 67
22 56
23 68
52 77
2 37
18 58
49 78
13 58
37 55
5 59
16 68
65 66
6 45
15 77
45 46
72 76
31 65
16 52
44 74
6 17
55 79
7 35
3 62
46 52
12 31
54 68
2 46
9 61
2 23
7 46
28 70
39 75
6 54
18 39
49 76
34 47
45 69
10 40
22 49
39 72
47 61
16 56
15 70
42 78
48 70
43 61
43 52
16 24
4 29
9 22
15 18
71 72
41 51
19 46
18 35
14 32
42 52
0 11
23 36
53 59
35 45
39 66
28 43
15 36
16 75
10 45
23 61
2 59
2 7
47 60
8 65
19 76
10 65
0 55
22 42
75 76
24 65
18 24
6 65
45 56
46 72
68 75
53 65
30 72
50 68
12 66
2 10
23 57
45 62
19 26
13 52
4 77
6 56
7 74
43 62
24 66
6 24
44 78
5 31
1 59
52 68
16 36
30 37
36 47
22 71
12 38
26 75
13 43
32 65
18 28
17 23
15 73
2 76
29 61
17 35
26 44
18 36
27 60
14 28
49 63
3 11
73 79
0 34
26 67
19 65
69 77
39 64
0 22
50 51
21 31
58 79
56 70
27 44
37 62
14 71
44 71
32 63
14 42
18 61
47 66
29 47
9 76
7 40
42 63
45 74
29 59
30 53
18 41
7 17
9 42
1 47
25 64
46 59
32 37
77 79
23 24
12 79
18 74
40 57
27 65
3 37
48 64
22 23
26 31
23 72
21 51
10 33
53 63
42 77
21 33
70 75
67 70
60 68
11 50
9 63
68 79
41 48
34 75
33 50
26 43
20 70
3 4
12 36
64 74
69 78
27 45
44 68
