81
6
939
60
61 2
62 2
67 2
63 4
64 2
60 3
53 3
69 1
61 4
64 2
56 1
60 1
62 4
62 1
55 2
63 1
57 3
58 4
61 5
65 3
70 2
58 1
63 3
60 5
62 2
65 1
57 5
57 1
60 3
66 4
60 4
61 1
68 1
56 2
61 1
62 2
67 5
65 1
60 2
61 4
55 4
67 2
59 4
65 2
56 5
65 2
65 2
69 5
56 4
64 4
57 3
61 5
58 2
54 2
70 4
54 2
58 2
53 5
68 3
68 1
63 4
53 2
70 3
68 1
53 2
67 3
70 4
60 2
59 5
69 3
53 2
69 4
59 1
55 1
60 3
70 4
65 3
53 2
61 1
58 3
61 5
34 35
9 65
51 60
1 19
19 71
3 17
1 63
3 7
12 57
23 73
25 35
51 79
30 32
47 50
1 69
20 45
75 78
4 59
14 34
25 58
7 37
36 58
4 32
29 73
32 76
2 41
52 66
48 60
9 11
22 74
55 61
42 43
10 52
18 38
78 80
65 78
24 25
11 29
58 66
0 67
34 72
7 20
1 9
26 68
22 72
1 33
27 35
15 26
15 38
0 76
38 58
5 53
17 65
9 31
21 56
14 53
2 47
45 65
0 70
7 51
28 44
2 4
25 43
4 78
26 34
7 72
23 53
43 57
53 64
61 65
11 30
11 77
49 60
62 74
36 60
50 59
66 72
41 48
57 70
18 27
6 64
60 73
69 77
18 75
23 67
30 36
27 79
30 40
21 47
21 34
45 49
42 75
49 78
29 45
72 77
9 61
15 44
25 49
39 78
32 45
1 61
46 49
12 32
36 71
5 7
3 53
38 61
41 50
75 76
53 67
6 77
10 11
10 78
17 38
43 61
15 61
16 70
13 77
31 52
42 56
3 12
38 68
19 72
21 73
0 58
8 59
8 11
11 33
5 77
17 60
8 37
22 36
3 58
31 53
0 54
20 53
43 45
21 38
12 15
47 60
36 56
55 79
49 61
2 35
11 50
54 58
11 32
36 59
37 74
22 79
21 67
14 20
60 76
5 20
55 57
3 42
18 33
23 52
38 39
3 4
47 65
37 79
13 32
19 79
7 66
22 34
3 16
15 55
56 57
13 63
12 27
21 63
53 74
6 22
12 35
29 60
11 74
33 40
42 54
10 75
7 9
8 63
28 77
26 40
17 34
43 67
24 47
22 57
3 60
17 48
6 17
8 76
27 69
10 13
2 74
8 78
1 28
21 48
19 50
4 31
19 35
0 7
12 25
35 49
28 65
5 75
23 66
10 45
26 53
62 68
25 64
4 43
6 32
57 58
72 78
59 74
50 64
62 79
42 72
38 59
10 24
59 80
69 80
27 60
48 79
25 40
15 34
10 35
14 61
42 59
28 45
13 43
28 54
45 79
18 65
13 65
24 65
44 76
20 32
6 57
43 52
5 62
13 55
51 69
55 73
52 68
36 73
5 69
20 40
5 17
22 54
13 68
42 51
50 60
20 79
6 30
43 49
10 72
41 74
9 21
21 70
22 70
35 38
7 69
50 77
23 50
58 67
42 57
1 43
19 70
6 49
21 30
26 76
32 64
24 56
35 53
64 73
9 52
54 63
7 43
26 74
20 56
15 78
14 49
6 38
13 42
53 57
1 30
31 32
36 41
2 18
41 79
24 32
28 35
59 79
18 66
14 47
16 68
59 72
52 64
0 30
42 46
18 26
14 37
34 38
13 69
71 72
20 59
36 72
54 66
49 53
13 64
30 52
21 69
8 10
14 21
19 77
19 45
28 59
20 61
57 69
27 45
6 59
17 47
2 58
2 37
36 55
41 42
20 78
27 41
23 40
18 37
18 55
20 41
5 29
64 68
18 28
25 31
28 37
40 80
20 69
54 74
68 69
16 23
17 28
20 48
33 65
11 13
58 61
14 64
30 42
7 36
0 51
20 62
35 64
65 69
7 61
1 7
62 73
43 64
18 45
9 46
30 38
23 79
37 77
12 21
9 80
9 19
22 50
50 76
39 54
43 78
24 55
42 69
4 8
29 57
39 50
63 70
5 48
13 70
32 43
5 39
29 31
55 78
6 62
33 43
7 15
47 75
0 64
54 60
5 9
40 62
30 41
72 80
13 57
5 67
59 78
18 59
15 79
15 21
29 51
11 25
36 78
26 49
34 63
26 39
52 67
41 64
20 38
19 48
28 80
49 50
28 47
37 80
32 41
30 50
48 57
56 74
37 67
17 56
7 35
12 79
32 54
16 66
33 35
51 78
32 40
6 50
22 46
2 68
29 35
4 23
0 14
5 11
20 43
31 76
61 78
54 59
45 57
10 25
17 23
2 11
4 40
13 33
20 27
1 71
14 41
20 75
3 45
30 35
24 38
2 13
46 57
6 19
27 70
24 76
29 70
48 72
5 38
11 27
33 37
62 64
14 77
0 47
12 58
20 47
22 39
1 64
10 46
52 73
19 44
70 76
7 54
0 28
24 57
15 65
5 34
23 38
12 45
0 24
12 63
46 80
25 68
26 62
29 41
32 75
42 53
38 67
39 72
6 28
13 54
11 35
29 42
14 71
19 75
51 58
38 47
70 77
74 77
8 50
13 29
37 49
69 78
41 59
25 61
38 80
0 79
34 46
6 10
18 48
24 27
29 56
52 74
38 64
26 27
27 48
6 26
35 63
28 64
0 19
14 62
0 34
16 22
2 7
22 53
42 60
5 78
5 70
71 74
10 34
4 64
2 36
12 72
45 69
30 49
16 80
5 45
56 61
27 34
42 55
1 52
41 72
16 21
33 48
27 29
11 18
2 70
12 49
12 44
11 59
32 37
51 68
55 69
10 54
25 48
18 42
1 47
56 77
32 67
59 68
28 70
21 79
17 51
28 50
43 63
35 59
9 23
24 48
31 34
15 73
30 80
0 5
31 36
40 60
8 57
71 75
3 49
19 68
24 40
67 72
31 66
1 75
55 56
18 67
52 76
55 71
0 37
64 78
13 19
28 60
62 80
8 55
49 66
7 55
0 33
59 62
8 22
13 18
38 70
25 60
5 8
42 64
3 46
19 51
38 74
61 62
8 69
51 56
10 49
40 52
1 21
4 67
76 79
36 37
29 71
11 68
0 80
45 47
23 44
35 77
41 54
6 27
54 61
2 49
30 59
3 62
41 78
14 52
37 58
40 51
53 78
0 56
23 78
46 78
15 49
65 70
54 80
40 44
17 31
0 31
5 46
4 28
21 36
37 48
25 38
7 38
38 71
6 45
31 45
40 75
3 23
34 54
34 55
41 58
24 78
28 49
0 10
28 76
29 40
49 69
30 55
15 58
27 31
2 67
21 41
12 77
12 34
1 62
0 22
8 12
18 32
50 65
34 73
23 69
16 77
71 80
3 67
33 36
17 46
36 52
5 15
23 63
12 18
32 68
9 63
16 58
66 80
29 63
23 48
23 68
9 29
57 72
32 53
38 49
11 28
1 40
9 69
10 62
7 12
75 80
19 65
30 71
26 56
25 69
37 52
11 15
32 63
1 26
1 50
25 47
0 15
3 32
34 74
31 56
69 76
21 68
4 55
39 68
0 65
14 58
9 64
62 67
20 57
12 64
11 61
22 59
54 75
44 45
34 68
33 67
0 69
55 77
3 22
24 70
20 22
38 56
31 65
50 69
28 41
39 44
19 33
26 58
14 57
17 22
33 61
13 52
51 74
4 11
62 78
17 71
7 73
21 78
34 80
19 64
57 62
15 56
13 27
25 73
26 77
49 67
4 75
1 41
16 26
33 78
20 42
10 29
72 79
46 56
2 32
24 50
11 73
4 66
2 29
17 74
7 19
1 48
8 80
49 73
30 61
8 56
45 60
51 77
7 17
10 44
15 28
0 39
8 38
2 72
29 68
47 66
32 35
42 80
22 35
20 80
6 71
18 36
60 66
33 75
40 53
15 64
27 56
50 70
3 15
11 69
20 21
37 53
40 73
4 73
16 24
33 76
45 67
8 77
33 70
48 68
29 43
34 57
64 74
2 25
1 34
58 68
3 24
12 69
10 31
32 79
5 42
46 54
11 38
14 69
15 33
0 74
25 26
40 69
0 27
63 69
51 61
4 72
24 68
10 23
0 26
3 59
24 26
49 75
2 21
13 35
31 49
40 61
46 61
5 50
36 51
31 73
6 33
8 58
35 41
24 72
10 76
37 42
70 78
52 56
27 38
4 13
31 33
26 71
1 65
42 61
52 70
25 44
48 80
20 30
67 79
9 16
19 49
25 74
2 31
32 34
33 66
3 33
59 61
19 80
18 51
17 64
5 71
65 79
33 53
1 27
23 65
1 77
7 45
53 79
10 70
0 50
51 73
34 65
49 70
55 62
34 45
55 76
60 80
4 61
34 75
4 51
25 80
42 49
12 50
25 55
42 79
12 24
35 66
66 73
48 69
29 47
19 36
20 77
13 20
9 32
5 10
42 68
28 72
1 35
19 20
20 58
31 41
63 76
47 63
0 9
21 26
20 68
49 71
45 68
15 23
3 35
19 55
51 70
55 74
55 75
15 42
38 75
52 65
48 55
1 60
