84
7
1498
60
261 2
76 2
245 2
51 4
88 2
196 3
171 3
247 1
137 4
186 2
104 1
232 1
122 4
168 1
51 2
179 1
51 3
68 4
95 5
153 3
194 2
264 1
253 3
188 5
58 2
251 1
115 5
259 1
154 3
82 4
42 4
161 1
86 1
80 2
199 1
184 2
81 5
139 1
132 2
125 4
263 4
109 2
143 4
227 2
210 5
217 2
255 2
117 5
58 4
260 4
171 3
189 5
66 2
38 2
178 4
208 2
258 2
197 5
182 3
110 1
71 4
143 2
184 3
92 1
83 2
225 3
196 4
280 2
215 5
225 3
149 2
267 4
177 1
39 1
110 3
232 4
111 3
113 2
161 1
42 3
165 5
271 3
164 4
169 2
16 23
3 47
12 30
67 78
19 41
46 61
13 60
29 30
11 82
22 54
5 34
47 50
28 41
6 52
6 57
19 38
23 83
38 83
65 73
24 31
18 25
14 27
6 47
12 47
10 52
13 67
11 39
25 78
3 10
21 59
49 69
43 63
0 55
17 39
60 79
56 71
22 62
70 83
9 33
0 28
32 61
1 58
3 74
69 82
35 65
39 59
25 59
2 37
54 55
49 64
1 63
72 79
17 24
80 82
20 45
1 69
43 73
7 20
53 60
21 54
1 81
3 36
23 65
7 70
24 61
0 17
65 72
40 43
48 55
8 56
11 34
45 47
10 11
54 74
30 41
21 44
56 79
38 46
51 60
6 37
2 53
53 65
48 63
33 64
56 58
28 45
40 58
13 43
8 28
20 23
7 60
45 65
15 70
59 72
50 64
11 45
0 27
41 52
32 50
30 44
40 46
30 70
34 50
31 35
15 21
44 68
16 73
50 69
30 39
80 81
0 38
12 22
64 73
1 56
40 47
53 80
0 72
13 50
39 48
6 70
0 6
36 37
50 65
1 46
8 25
10 62
15 47
5 21
36 82
14 15
20 83
33 36
29 57
20 30
19 46
2 20
39 74
4 31
6 39
49 72
50 54
5 82
25 52
34 41
56 80
12 15
34 38
26 77
35 48
13 37
33 44
39 70
0 48
49 65
73 81
13 74
31 49
16 70
1 51
43 66
20 63
43 45
26 67
44 62
67 68
6 45
15 75
50 56
31 61
9 64
4 54
3 35
48 65
5 64
27 74
7 73
6 54
39 46
8 29
1 47
5 78
27 40
43 65
13 46
40 53
64 79
19 26
0 29
22 75
41 64
28 52
26 36
4 7
0 37
1 5
21 30
1 22
4 74
32 48
21 28
9 74
11 59
32 83
27 28
34 59
62 72
17 38
23 60
24 37
55 83
9 76
29 64
50 80
21 58
11 62
45 81
36 55
12 49
48 58
2 23
57 64
49 58
65 71
44 73
23 72
14 71
41 82
8 79
54 73
26 64
38 57
0 53
43 47
37 70
8 55
47 53
11 55
49 74
52 70
39 69
38 75
6 62
46 76
49 81
1 6
34 52
2 19
2 68
13 19
28 76
77 79
21 72
45 77
33 60
10 32
39 78
31 79
58 63
26 35
21 55
18 27
17 80
1 30
32 68
23 49
15 74
20 36
0 63
51 61
19 82
17 48
41 56
22 28
9 15
33 37
55 78
25 74
33 46
8 73
25 45
32 70
66 78
12 63
8 47
47 83
20 80
11 61
4 12
33 69
9 72
36 77
45 72
26 54
52 81
34 79
39 65
19 42
44 81
21 80
60 64
31 73
38 82
3 29
66 73
25 46
45 80
54 57
2 59
52 82
7 43
4 11
36 80
15 57
24 58
18 74
66 75
26 78
19 54
10 65
0 42
60 62
4 48
5 20
46 81
68 80
3 46
38 40
25 65
4 67
20 70
0 78
19 34
10 53
17 29
3 70
43 49
8 61
32 71
19 62
3 11
49 57
57 75
4 32
18 66
2 69
29 48
11 44
0 52
32 62
28 51
18 40
6 48
19 45
20 28
3 17
26 41
64 70
48 70
4 70
3 72
22 60
28 47
5 25
37 46
5 7
50 51
45 70
46 54
23 25
23 32
16 17
8 50
23 79
27 48
24 32
61 64
6 34
19 47
22 42
50 83
4 56
5 10
25 48
22 70
22 37
64 82
43 76
48 77
10 39
12 71
8 60
15 61
69 79
62 63
63 64
61 66
2 14
10 54
5 72
73 80
53 68
6 20
63 67
6 65
47 66
6 77
38 62
6 66
14 44
26 83
44 75
35 54
50 59
41 66
28 59
44 51
16 61
31 75
63 74
17 64
7 33
36 68
24 46
1 15
26 29
25 44
78 82
11 69
23 69
24 74
12 52
19 36
13 76
10 16
54 60
37 56
3 43
40 60
31 59
5 35
19 20
5 9
8 78
19 31
19 68
66 81
23 41
3 27
39 73
16 59
11 24
2 3
15 41
11 31
52 66
28 40
33 76
71 83
16 54
54 64
11 19
13 66
21 48
7 54
4 42
15 55
7 45
47 72
66 71
58 78
18 53
30 73
8 34
61 71
1 9
29 68
64 76
22 57
8 38
38 67
43 48
40 72
33 52
32 52
1 38
29 60
22 43
34 37
27 37
18 45
27 56
18 72
6 46
5 68
4 24
29 33
58 60
6 69
29 72
0 35
54 69
58 70
16 60
10 23
36 49
32 35
5 69
22 64
67 83
27 70
35 61
44 66
7 48
12 48
14 53
33 47
19 49
3 63
19 53
75 79
52 76
9 23
41 78
57 78
23 45
10 19
56 72
43 71
44 76
0 51
10 13
21 43
36 48
9 58
8 37
50 60
10 59
39 77
39 81
38 70
17 59
31 42
25 53
15 59
21 70
5 30
2 72
58 71
30 36
25 70
49 77
4 10
46 75
19 24
4 75
61 77
30 66
10 46
10 51
14 48
24 83
17 46
40 49
53 72
15 18
8 48
9 25
29 35
18 64
5 45
16 42
30 55
76 83
59 62
22 32
71 81
43 51
4 82
5 74
67 70
5 71
17 54
19 27
49 79
0 56
4 58
4 72
39 45
54 80
57 58
75 82
64 67
25 41
16 25
10 20
36 40
36 39
8 35
2 63
39 56
34 83
4 43
36 43
53 73
64 72
12 16
6 32
61 78
50 79
9 41
60 73
33 65
12 46
59 71
43 55
75 83
6 26
33 61
38 52
30 45
21 61
13 69
34 45
14 19
38 76
39 61
34 80
37 55
48 69
25 76
26 72
17 77
43 46
56 63
49 63
10 40
10 43
18 59
20 25
14 54
34 70
46 51
3 54
1 16
56 60
18 77
29 49
37 79
32 43
9 52
25 81
38 56
26 68
1 39
5 11
51 81
13 30
66 68
23 36
58 75
14 43
8 82
25 54
16 36
17 33
9 56
65 77
1 48
15 45
22 50
2 21
67 74
26 32
20 82
30 82
9 24
25 72
22 44
28 44
73 78
14 61
33 48
39 75
35 83
57 61
33 80
63 83
28 46
25 80
65 74
55 63
7 61
6 11
7 52
5 33
18 62
10 44
40 70
12 19
25 27
6 10
34 74
28 34
35 53
7 58
1 14
19 69
47 55
18 34
32 63
71 76
58 68
30 64
4 69
3 45
10 34
66 83
35 77
17 32
38 49
13 27
23 75
71 79
21 29
3 40
40 67
30 54
12 45
50 52
31 39
14 80
28 82
35 72
29 69
15 63
26 60
15 71
16 27
25 29
5 54
21 32
20 51
20 58
11 68
46 70
54 78
26 63
4 45
1 13
31 69
32 69
41 79
62 78
18 22
43 61
8 20
11 48
43 54
0 12
4 50
28 37
51 53
22 59
59 74
42 64
7 28
14 33
16 79
23 53
12 29
7 77
2 42
14 35
22 81
0 2
11 51
11 53
33 62
68 71
6 15
5 41
63 71
16 63
44 58
27 82
27 62
2 5
30 34
43 81
39 72
8 49
36 78
23 46
14 30
24 68
37 57
3 9
0 58
69 78
7 37
10 73
12 51
12 58
37 77
0 24
23 30
31 70
14 37
1 73
31 64
28 73
3 79
60 83
30 38
4 83
68 81
49 56
51 80
63 69
5 17
30 78
15 39
36 73
42 62
7 36
67 75
5 24
9 38
37 73
69 73
55 58
46 68
14 21
72 73
29 70
44 78
3 39
5 14
28 42
15 72
29 53
14 47
37 65
36 44
7 66
33 79
56 74
3 33
11 76
32 75
18 43
16 47
43 69
58 80
79 83
30 35
29 37
1 17
6 55
46 47
23 76
35 41
21 50
66 80
19 67
57 73
24 47
3 21
68 77
9 77
46 71
31 60
63 72
52 63
44 64
7 40
28 64
34 55
22 46
58 73
5 39
7 9
57 72
3 65
46 79
4 68
67 80
55 73
24 59
45 57
24 60
2 12
20 49
11 66
3 16
24 53
6 12
1 41
66 67
21 60
30 81
12 59
12 41
3 42
35 66
19 70
44 63
38 41
56 82
67 71
78 81
3 6
39 60
67 79
11 80
15 31
8 39
55 65
61 68
16 83
43 64
22 45
24 40
18 52
41 83
63 80
6 43
17 58
9 54
19 64
49 83
0 65
47 64
27 43
79 81
44 49
34 63
28 53
22 25
10 38
28 58
50 62
14 40
33 54
42 75
13 31
61 67
26 53
50 75
16 55
37 66
51 75
46 63
13 39
74 81
7 47
24 82
51 73
30 31
53 54
48 62
7 17
55 68
10 76
16 44
34 81
26 69
2 62
11 63
47 57
68 76
45 71
21 79
73 77
23 77
10 49
48 59
11 67
18 81
29 41
5 56
19 66
9 69
31 54
53 61
0 76
9 30
20 53
7 15
27 55
15 66
52 68
17 74
25 63
65 69
4 60
61 81
7 63
18 67
0 36
12 25
34 76
25 43
12 53
15 78
13 47
21 62
50 78
69 80
33 74
65 70
71 82
42 43
8 15
31 47
16 18
34 56
32 58
8 40
8 17
10 71
22 36
1 72
75 76
17 55
1 12
47 68
13 16
14 81
23 68
33 51
20 74
33 78
40 79
19 58
9 18
20 31
64 74
34 46
14 32
18 29
49 55
13 14
19 57
31 46
18 24
15 26
27 31
20 72
72 83
62 69
10 47
37 60
1 3
59 60
5 67
1 8
5 73
63 65
36 65
70 71
12 13
1 44
9 17
1 18
15 42
14 45
11 15
1 66
21 73
55 57
4 47
32 46
61 72
53 57
48 50
3 52
10 17
42 74
14 56
43 58
28 62
57 77
30 71
51 68
22 24
56 81
10 30
56 62
19 44
1 21
7 75
2 35
52 65
10 36
14 60
6 61
2 79
46 65
32 76
12 72
41 70
44 61
47 49
46 53
28 78
0 15
1 68
9 39
61 65
3 49
22 39
9 59
16 76
64 68
25 58
26 40
5 55
11 56
26 28
37 80
36 42
34 67
30 77
5 53
22 80
9 29
3 51
6 18
73 79
15 46
6 72
22 47
40 77
38 43
30 53
60 67
48 66
33 73
13 64
54 82
33 42
42 57
38 39
1 27
12 78
14 55
18 79
14 34
33 56
41 60
34 43
43 79
63 68
8 64
3 34
60 78
13 38
55 70
30 37
53 59
7 10
69 76
56 66
10 28
7 16
56 59
34 39
70 81
5 52
25 34
5 58
55 56
50 67
5 16
31 76
53 66
5 44
19 73
12 55
48 60
8 46
51 63
8 24
13 34
2 61
1 33
4 17
37 72
42 56
6 63
10 35
42 58
16 21
20 21
16 66
37 50
23 47
7 31
38 53
13 53
2 8
41 57
25 32
0 4
9 73
41 68
39 63
57 66
43 62
59 64
28 74
0 30
15 54
14 58
9 21
0 32
28 83
45 73
68 83
3 80
59 82
10 29
61 76
29 51
16 32
52 57
69 71
14 31
9 19
28 77
39 80
57 81
4 22
9 34
27 41
0 5
0 80
6 67
23 54
54 59
1 60
47 80
9 61
49 75
50 66
25 73
53 74
37 59
34 44
23 56
23 29
17 34
21 22
21 23
40 68
42 69
27 38
37 39
41 48
69 83
27 49
35 57
15 68
15 28
12 66
43 50
17 52
16 40
2 43
41 74
51 71
29 32
51 55
52 83
11 29
9 35
16 31
22 69
38 47
21 42
35 62
27 68
41 46
38 60
24 39
10 31
19 21
37 41
56 73
41 63
12 33
37 53
32 82
48 82
34 61
36 64
28 33
32 73
2 26
46 72
17 72
21 38
10 24
60 71
42 79
18 21
0 16
3 77
75 78
9 32
8 10
42 67
24 52
7 67
26 39
54 62
38 61
5 48
31 33
9 26
55 59
23 62
32 39
17 50
30 61
20 65
20 55
39 54
70 72
7 79
52 59
21 78
59 81
14 18
2 70
44 54
45 52
31 80
41 73
27 63
5 22
25 50
3 68
60 74
27 78
1 82
20 42
22 61
27 69
54 66
1 40
34 72
45 62
62 66
4 63
8 23
65 68
76 78
1 32
11 74
21 77
24 28
7 22
45 51
8 30
53 62
11 49
71 78
8 42
6 21
76 79
26 50
49 50
5 80
2 81
41 44
4 65
52 58
80 83
31 44
32 77
30 83
10 27
0 11
25 79
2 15
3 61
10 42
55 67
53 83
35 40
18 54
48 67
27 46
48 53
31 55
1 42
24 38
8 43
34 57
20 33
40 65
29 63
44 69
46 74
24 75
13 80
7 81
8 67
45 68
53 56
8 63
22 38
12 21
10 15
6 14
49 82
30 32
32 78
22 30
69 72
14 57
13 68
3 71
42 66
9 79
24 73
17 57
17 36
9 45
21 65
0 40
32 41
44 71
4 40
31 63
43 74
10 67
6 75
11 71
23 81
37 78
32 54
9 36
6 82
29 79
10 21
34 48
48 80
7 53
4 25
9 46
15 33
27 72
3 78
5 51
13 51
31 77
11 28
18 82
10 37
2 44
1 53
46 67
7 39
12 56
60 80
18 31
7 64
23 74
4 18
73 76
2 77
29 82
2 38
11 40
49 59
27 65
42 80
22 66
58 83
2 13
11 14
7 18
18 33
74 80
40 74
25 42
33 38
19 43
21 52
28 31
0 45
20 40
16 75
3 50
36 53
