86
3
840
60
665 2
150 2
501 2
351 4
628 2
544 3
705 3
955 1
555 4
726 2
510 1
976 1
312 4
406 1
397 2
139 1
101 3
626 4
845 5
559 3
874 2
224 1
517 3
196 5
720 2
507 1
393 5
291 1
884 3
310 4
778 4
489 1
458 1
838 2
849 1
884 2
355 5
271 1
888 2
155 4
641 4
91 2
949 4
411 2
554 5
147 2
953 2
251 5
116 4
888 4
901 3
901 5
802 2
958 2
284 4
446 2
160 2
301 5
344 3
716 1
955 4
549 2
490 3
350 1
181 2
93 3
112 4
774 2
815 5
883 3
893 2
691 4
667 1
105 1
346 3
692 4
843 3
571 2
449 1
918 3
545 5
209 3
422 4
971 2
454 1
950 5
47 74
1 50
69 71
60 82
18 25
34 60
50 66
8 43
31 58
21 66
44 69
44 64
38 58
51 66
1 26
18 59
4 43
21 47
59 69
23 37
37 53
58 62
61 85
72 79
10 25
13 34
58 78
22 78
2 4
20 74
46 73
11 36
58 74
16 66
55 85
52 72
21 74
48 72
73 81
31 41
1 23
3 61
0 76
24 42
58 84
0 84
24 62
8 82
9 25
34 45
58 68
63 79
18 26
14 52
19 63
56 71
10 21
7 76
65 73
46 62
42 76
18 49
31 56
7 49
23 67
67 77
49 51
38 45
45 64
39 68
2 24
42 71
13 28
51 53
14 31
52 80
44 61
48 54
6 17
25 83
15 54
49 84
45 72
24 81
55 78
27 39
27 43
4 64
19 41
74 80
65 69
43 47
15 58
54 85
32 59
73 84
66 70
40 75
29 32
12 59
9 11
29 58
32 76
6 48
1 19
29 85
36 58
11 60
66 75
3 28
20 25
6 57
58 77
38 49
14 39
3 39
12 53
5 51
37 54
41 79
34 55
29 64
16 55
56 65
10 35
43 66
31 82
14 82
16 26
6 10
20 36
1 40
28 48
18 67
68 71
46 60
1 69
3 29
8 63
16 32
47 53
7 19
80 84
6 59
45 84
32 64
33 77
33 70
25 69
9 83
64 77
37 76
28 45
46 69
64 72
45 49
10 58
7 23
7 63
41 56
74 79
18 33
45 47
43 78
60 72
14 33
7 67
47 55
1 14
25 73
79 84
45 74
14 34
15 74
26 71
1 76
59 82
37 52
9 55
7 73
26 37
23 75
55 64
2 75
38 55
58 83
19 82
15 83
0 58
17 47
25 36
25 31
5 67
35 54
19 55
37 75
19 66
25 53
17 56
57 75
4 35
0 35
31 64
25 84
11 34
57 64
22 69
23 43
50 81
52 73
2 19
2 47
60 65
11 33
43 63
34 73
21 75
37 70
29 81
19 79
13 38
59 67
42 59
22 81
4 44
17 57
4 68
22 47
25 64
3 22
20 85
29 83
5 20
26 52
22 51
5 50
23 56
16 33
23 85
48 71
4 38
44 54
46 85
44 57
32 78
2 11
5 62
53 73
76 77
1 33
65 80
19 27
43 59
5 75
37 84
35 44
36 82
19 77
37 47
68 79
23 36
0 44
4 48
43 60
14 16
4 65
28 67
9 77
19 37
70 74
24 50
29 65
26 76
31 67
51 85
30 42
73 76
10 32
24 48
24 51
60 66
57 81
10 62
15 25
2 23
9 56
4 80
32 46
19 76
35 45
16 27
39 52
49 70
4 21
18 63
22 38
42 67
59 80
57 79
68 80
10 39
30 61
3 54
18 73
33 80
9 61
12 69
46 53
27 52
16 29
27 55
3 42
70 81
14 74
17 66
46 74
4 26
8 79
2 35
24 72
8 52
22 26
5 21
32 60
35 50
36 50
24 68
14 53
82 85
18 55
4 59
16 56
12 33
27 50
25 77
20 37
69 72
10 24
47 54
46 61
53 70
18 23
41 61
13 48
1 70
12 17
7 9
27 45
17 64
1 68
3 59
17 38
47 70
15 76
5 41
14 83
16 31
69 81
17 74
51 74
8 18
3 41
24 75
11 77
20 50
61 71
43 73
7 51
22 41
40 45
2 33
29 59
26 45
9 29
60 77
15 31
21 54
28 38
36 79
10 44
11 50
21 82
39 78
15 84
3 36
41 66
46 47
4 33
76 81
5 7
14 29
62 65
14 57
57 76
2 20
30 68
17 51
9 57
2 79
10 22
20 62
47 78
13 81
44 80
68 78
8 45
13 80
29 57
42 61
25 66
33 76
28 84
27 53
25 85
41 80
11 49
3 71
58 59
46 64
18 51
47 76
52 69
0 22
20 46
49 61
6 40
66 69
25 59
48 53
47 58
4 52
4 63
0 59
73 75
10 66
14 84
47 60
10 30
18 41
58 76
14 15
16 73
49 85
8 31
6 45
8 35
16 20
19 72
47 80
9 38
10 29
13 25
41 85
21 73
4 72
5 24
45 79
6 13
50 77
18 61
29 41
12 24
8 73
75 80
11 66
19 64
45 46
79 83
54 67
28 73
24 57
30 78
56 70
5 76
16 25
8 33
11 13
23 47
40 82
24 36
22 74
29 62
7 42
8 42
3 43
9 85
0 26
6 46
30 32
11 24
0 4
31 78
49 65
27 81
23 83
53 80
5 53
17 80
21 22
54 59
3 51
3 70
52 63
30 69
5 85
21 76
29 73
26 67
35 52
41 77
11 52
48 51
32 41
31 77
15 68
15 30
8 74
17 82
2 71
16 67
63 78
61 81
9 33
17 21
59 70
6 50
22 58
3 46
20 58
52 83
20 27
13 45
17 55
46 58
47 59
7 24
30 50
36 80
10 61
4 29
57 63
2 58
27 80
32 73
2 84
26 29
28 80
16 70
46 81
1 52
18 45
37 57
7 69
56 76
47 75
3 30
23 58
7 48
24 28
11 20
38 51
14 51
5 30
28 55
10 48
39 82
4 74
17 71
18 54
45 85
27 58
65 78
54 75
5 54
28 30
38 44
15 24
66 78
38 78
36 57
2 27
46 83
8 30
12 13
17 29
58 66
51 59
11 81
73 79
58 71
24 44
8 12
0 69
34 57
1 10
7 13
17 72
37 62
3 78
0 72
53 55
50 57
0 40
2 40
28 83
12 35
78 79
10 49
55 79
49 50
48 67
49 67
5 64
4 10
61 73
66 84
40 43
20 76
18 22
10 77
60 73
37 38
38 46
33 54
35 69
7 54
45 78
13 54
32 69
40 80
20 39
52 64
82 84
9 73
6 67
19 43
3 16
0 15
33 44
8 47
0 16
22 52
6 77
25 63
28 40
36 44
57 83
6 52
36 66
4 23
74 85
12 27
12 50
26 51
12 83
22 45
59 81
24 58
55 76
4 12
9 69
23 78
14 22
5 8
59 73
15 49
24 77
22 84
5 29
60 78
77 85
15 60
29 70
12 79
21 56
10 47
13 62
3 34
18 70
9 76
24 85
40 59
53 56
75 84
0 42
70 76
2 55
48 56
49 71
20 75
44 71
18 19
10 28
23 74
0 20
2 18
24 30
16 74
3 74
33 48
24 59
29 50
31 34
42 46
23 69
39 66
31 43
29 60
63 65
54 57
10 63
58 80
52 59
0 29
22 35
12 66
10 18
60 71
63 82
23 40
70 84
22 40
38 69
34 84
17 42
13 60
47 51
9 51
34 68
10 80
34 43
55 66
38 56
15 57
4 82
64 69
69 73
19 69
1 20
9 48
7 16
75 77
8 53
77 84
5 32
17 31
65 75
31 49
6 38
47 83
57 70
20 82
13 67
7 44
41 44
37 43
41 57
30 55
27 31
19 30
73 83
55 57
40 58
51 80
3 72
1 12
21 77
47 50
14 38
7 17
0 78
2 9
5 35
7 33
6 68
53 59
61 66
5 72
16 24
1 5
40 65
13 29
26 79
17 49
57 77
36 41
37 78
44 59
75 82
22 55
1 77
2 45
35 71
16 19
18 35
54 78
43 69
21 27
2 59
20 57
36 42
62 64
22 39
30 53
23 54
16 68
30 47
27 67
54 80
35 36
56 60
56 75
55 72
61 76
48 74
59 76
11 56
29 66
72 76
35 41
40 56
47 56
21 69
1 8
0 71
36 38
8 13
61 82
51 65
54 82
1 2
63 73
15 48
32 77
17 43
12 77
57 65
5 6
28 44
35 79
