87
8
1982
60
105 2
100 2
101 2
101 4
98 2
104 3
105 3
105 1
105 4
106 2
100 1
106 1
102 4
106 1
97 2
99 1
101 3
106 4
105 5
99 3
104 2
104 1
97 3
106 5
100 2
97 1
103 5
101 1
104 3
100 4
98 4
99 1
98 1
98 2
99 1
104 2
105 5
101 1
98 2
105 4
101 4
101 2
99 4
101 2
104 5
97 2
103 2
101 5
106 4
98 4
101 3
101 5
102 2
98 2
104 4
106 2
100 2
101 5
104 3
106 1
105 4
99 2
100 3
100 1
101 2
103 3
102 4
104 2
105 5
103 3
103 2
101 4
97 1
105 1
106 3
102 4
103 3
101 2
99 1
98 3
105 5
99 3
102 4
101 2
104 1
100 5
101 4
46 66
1 45
65 76
58 75
17 71
2 80
49 52
2 49
11 38
21 41
43 67
43 62
40 43
49 86
3 21
20 67
4 14
9 30
57 65
22 73
11 84
56 61
59 75
68 69
24 51
13 17
56 77
2 73
8 53
20 50
45 67
9 47
56 73
17 78
54 61
51 54
21 49
47 62
68 83
30 63
21 42
2 85
13 28
23 76
56 83
24 34
3 13
24 59
30 54
33 61
56 67
61 63
22 60
25 34
37 80
54 76
9 83
36 79
62 74
45 56
5 24
18 32
7 38
23 40
4 13
64 70
47 77
37 53
44 60
10 65
6 54
41 71
21 50
49 73
13 85
51 62
43 59
46 83
17 24
12 25
24 55
48 72
78 86
21 38
53 86
24 78
26 71
26 56
18 85
69 76
62 70
42 45
37 50
53 63
5 31
68 86
63 67
26 57
28 56
9 58
28 82
16 70
32 42
24 33
24 29
24 58
35 70
17 46
63 72
10 46
13 46
15 54
56 76
37 57
3 30
6 82
3 19
22 68
36 64
2 32
33 71
4 41
7 68
54 70
13 38
7 15
7 46
15 76
7 33
78 81
38 56
10 18
27 74
18 45
64 81
45 54
1 81
8 55
25 74
29 54
45 85
4 52
72 80
28 80
44 80
31 84
16 51
33 35
12 60
15 57
61 82
36 86
1 42
45 63
61 77
44 45
7 12
40 55
22 71
40 58
69 75
17 79
43 85
42 78
58 65
7 56
10 83
46 47
38 40
0 22
72 75
44 70
9 84
26 41
7 67
22 62
57 78
7 62
5 7
16 26
25 67
23 48
53 72
21 71
37 63
56 82
15 64
6 80
0 17
28 41
24 68
30 68
0 24
2 35
19 32
9 45
21 84
17 35
37 74
55 77
73 80
30 85
39 77
5 55
3 67
55 66
2 6
22 79
49 67
51 55
18 50
27 65
57 86
2 9
42 61
34 37
42 68
36 80
25 50
19 56
19 81
57 63
41 59
38 58
3 42
6 42
21 85
11 20
25 35
28 43
16 25
30 82
2 38
22 25
13 32
6 40
18 66
8 35
26 78
47 61
16 33
78 84
45 79
43 55
32 44
13 44
12 42
52 53
70 76
5 56
62 81
42 57
11 19
29 65
37 45
0 75
36 44
31 51
20 46
65 68
18 70
30 44
30 58
41 70
5 6
40 69
6 71
39 43
3 47
66 74
20 80
3 75
28 37
31 34
50 69
17 60
68 78
23 82
0 18
12 16
58 59
55 83
27 43
2 55
9 43
20 79
31 66
12 69
34 59
33 68
24 86
0 41
48 58
18 41
31 49
18 22
41 67
57 76
55 81
65 69
13 47
29 85
5 28
18 51
33 45
12 45
20 33
45 47
12 35
26 83
17 86
10 36
66 81
20 41
40 47
45 68
4 21
6 46
24 44
33 66
6 32
14 64
20 45
31 80
35 62
24 40
0 14
10 26
73 75
19 23
35 73
18 46
16 30
5 84
2 69
25 27
65 77
23 79
45 86
45 55
51 84
10 75
13 31
6 77
16 43
1 67
12 49
26 73
1 75
6 28
28 33
8 48
46 62
4 80
14 65
13 68
27 55
65 86
26 69
50 58
9 71
29 48
13 24
37 64
26 38
59 61
42 73
21 79
12 23
16 22
6 50
25 75
10 20
21 52
58 70
40 77
0 33
28 54
3 70
9 85
21 57
75 76
3 23
33 54
16 47
40 68
44 82
0 27
70 80
8 67
42 50
59 78
19 77
55 78
40 41
26 30
9 23
2 83
36 73
20 38
8 17
46 70
5 49
43 78
65 67
6 51
0 52
39 83
41 61
33 41
35 39
26 81
27 49
31 77
40 82
41 74
0 19
56 58
45 58
8 37
46 68
50 86
20 22
2 70
48 49
3 46
63 66
28 47
46 82
46 50
7 51
37 76
29 55
68 77
3 20
3 31
46 52
40 59
13 69
56 75
75 85
21 70
48 73
11 47
31 55
15 70
77 85
10 66
46 72
11 13
20 35
26 51
14 19
7 57
3 35
9 41
44 75
4 53
49 63
11 82
1 52
5 59
0 10
69 86
40 51
7 82
43 84
72 74
52 78
7 45
11 44
7 49
54 75
35 79
17 30
5 37
36 57
35 81
39 86
12 28
28 86
30 38
6 78
5 80
4 46
30 76
16 28
37 54
12 85
41 44
7 13
7 31
48 53
1 72
22 70
52 60
17 59
20 62
24 69
52 70
20 61
33 83
50 80
30 37
32 37
1 2
26 37
10 41
33 63
33 67
35 49
46 80
31 44
36 65
8 62
14 58
17 61
22 64
22 28
2 37
61 62
59 71
14 24
75 83
57 66
7 80
2 23
20 34
6 24
51 65
20 75
9 26
14 63
76 86
46 51
16 66
4 34
36 42
32 65
29 49
55 65
3 79
23 65
3 64
25 59
28 48
41 78
22 63
45 75
7 58
9 81
30 66
26 34
54 81
81 84
6 33
7 66
23 62
41 82
37 59
31 40
9 12
5 34
17 67
30 78
12 48
35 65
0 40
3 28
44 81
20 84
62 79
52 86
27 56
2 36
40 71
1 30
63 75
42 64
8 18
2 64
45 77
4 63
3 45
26 31
56 65
49 79
7 78
68 81
56 70
5 73
6 81
22 75
82 86
17 51
7 63
13 40
76 79
31 63
33 77
51 69
48 80
0 2
17 38
10 35
20 37
71 78
3 72
54 55
47 76
47 57
48 55
5 33
11 63
59 63
63 81
20 52
37 56
7 44
18 55
58 66
36 48
13 81
32 72
34 83
22 82
44 74
13 22
32 43
39 84
13 66
50 81
73 74
19 20
2 4
7 86
22 53
32 62
7 59
6 60
21 48
7 83
27 66
17 28
35 56
33 38
55 85
20 69
35 78
2 15
69 81
25 81
18 20
3 36
21 83
36 77
57 77
4 25
53 84
24 45
3 65
5 51
12 78
15 30
57 69
21 37
15 62
3 27
24 64
58 71
71 77
29 37
21 31
0 38
13 45
9 63
9 18
10 67
26 86
31 35
1 80
9 24
51 70
70 74
20 23
66 76
1 14
73 82
48 59
17 65
43 69
4 44
3 43
31 33
10 48
23 64
8 10
4 38
32 66
36 45
31 59
15 37
40 45
26 72
0 20
27 51
30 65
10 49
60 74
52 68
8 15
56 79
50 76
19 27
13 61
16 18
33 80
58 64
61 66
11 72
66 84
30 59
37 77
14 27
0 82
16 49
45 83
10 78
16 77
33 59
79 86
53 74
14 70
23 66
11 24
61 74
65 78
13 18
32 39
7 14
4 12
69 83
11 33
71 76
13 20
30 34
62 76
10 79
38 83
46 75
55 72
26 36
11 70
22 78
40 46
16 52
26 59
39 53
17 64
11 77
68 85
53 65
9 39
50 64
10 70
17 52
14 46
45 82
7 65
7 22
18 48
4 72
12 14
26 28
34 45
51 73
58 83
1 15
9 74
22 24
26 49
26 29
16 44
28 46
55 79
79 84
19 24
43 57
70 72
26 32
8 82
26 50
34 85
15 39
28 77
53 56
42 67
6 59
37 52
35 54
21 77
59 77
34 84
11 50
16 27
75 82
40 57
1 20
53 58
28 42
54 65
54 80
53 80
74 76
47 64
57 72
75 80
15 79
67 84
39 60
6 79
46 48
21 78
21 80
22 80
35 50
8 20
59 72
49 85
53 60
0 54
60 82
3 12
18 60
13 50
27 71
55 67
15 73
35 42
19 35
15 19
31 76
28 36
15 58
7 27
30 77
17 48
7 42
32 56
12 15
9 73
52 80
27 54
38 80
23 67
31 61
17 49
68 84
8 40
69 85
59 85
23 26
0 42
51 82
15 80
60 83
59 79
4 32
36 43
15 65
55 86
7 18
21 33
36 49
78 79
12 31
11 28
17 32
47 71
2 81
8 14
58 76
23 38
43 45
58 77
3 78
41 81
11 61
20 83
61 86
9 33
18 54
11 68
64 86
28 67
22 86
16 67
42 66
18 69
4 75
33 53
18 34
41 49
11 36
14 86
7 54
33 52
13 80
55 76
10 47
45 66
18 77
46 86
34 44
59 73
17 55
68 76
9 14
25 28
13 34
52 65
14 54
18 63
56 64
9 31
20 85
40 53
45 81
44 73
43 76
15 33
40 80
35 41
27 77
15 83
12 54
11 81
37 71
63 86
53 82
6 75
15 66
36 69
80 82
2 33
12 21
10 58
0 78
11 60
35 59
74 82
51 61
27 33
1 77
25 61
40 65
40 81
16 61
59 81
50 59
62 82
14 67
39 75
12 63
15 59
21 69
25 54
42 51
9 38
26 60
9 76
61 73
43 71
44 64
29 70
31 79
14 68
20 59
29 61
4 50
23 49
67 76
42 82
63 80
3 22
42 48
23 85
52 75
11 73
11 52
44 65
57 61
18 38
7 61
54 85
38 54
38 74
70 77
4 58
19 49
24 73
2 43
12 22
19 34
46 69
26 47
17 66
22 52
60 80
9 20
5 47
32 48
1 35
1 5
21 23
16 62
6 53
2 27
21 44
22 84
3 33
62 65
37 70
43 80
24 25
31 48
27 45
14 60
19 26
38 41
8 47
8 22
11 15
45 64
8 12
16 42
17 27
36 61
45 53
29 53
37 66
3 52
28 85
4 26
30 33
8 41
8 70
61 69
9 75
19 59
11 49
52 84
27 81
12 32
34 47
14 57
2 72
12 27
83 85
12 56
73 83
20 64
35 53
20 63
25 51
36 39
21 46
31 82
23 24
5 74
43 79
48 64
12 43
39 72
67 79
27 85
40 50
35 52
20 76
51 86
18 43
47 52
25 84
51 64
13 79
52 59
9 64
1 51
11 69
47 80
12 29
5 10
15 21
19 73
34 74
19 42
30 36
41 47
64 67
4 47
62 78
82 83
2 56
1 33
8 46
15 48
54 69
18 62
22 36
24 72
19 69
52 79
71 82
18 79
2 20
33 74
7 10
23 31
6 26
14 61
66 67
10 24
60 69
30 62
14 59
25 78
61 75
3 5
25 30
38 39
13 84
26 33
44 54
53 81
1 26
70 84
27 38
49 81
70 81
66 72
2 16
78 85
12 65
51 75
18 58
28 68
71 86
4 11
21 65
43 65
75 84
15 20
79 85
54 62
12 59
61 84
48 66
1 27
9 52
19 84
7 81
19 30
50 77
27 59
11 23
25 58
5 85
5 21
49 83
45 84
5 77
2 42
43 72
21 34
6 19
72 82
76 80
11 54
13 39
11 25
28 63
51 67
15 32
16 79
39 54
18 83
84 85
66 73
26 40
13 59
5 83
5 82
34 72
19 85
4 23
1 84
37 67
38 61
8 64
15 23
42 80
23 35
2 10
13 77
53 78
7 35
13 70
53 55
13 76
30 42
40 75
34 82
68 72
42 53
13 62
11 39
59 68
1 23
53 73
14 66
85 86
66 77
47 72
52 81
59 70
56 57
29 86
7 47
7 85
54 60
22 37
64 85
11 17
42 46
31 56
10 74
11 37
43 81
44 50
60 79
45 73
46 57
35 36
32 36
0 66
19 80
11 65
15 24
39 55
25 65
31 46
8 61
25 38
34 67
61 68
8 63
59 82
19 64
8 65
4 81
5 19
52 83
23 46
5 50
10 22
29 68
32 67
1 60
12 83
17 44
49 74
5 65
5 44
76 81
4 28
33 49
67 81
22 81
69 78
64 69
57 82
39 85
34 69
3 55
38 67
51 56
38 60
30 55
20 49
3 82
26 55
8 84
35 67
4 60
2 19
5 75
43 48
27 34
8 23
8 78
55 73
53 85
29 52
17 56
32 59
45 50
62 67
13 51
23 55
6 38
5 67
15 51
49 61
22 45
16 59
8 73
30 41
19 50
19 39
7 60
22 69
3 54
36 70
2 51
19 21
17 19
59 84
47 74
23 86
36 59
69 80
32 76
29 30
38 77
30 32
54 74
12 36
24 46
39 41
5 58
30 46
1 79
16 34
10 81
31 43
3 50
49 65
18 26
65 74
0 77
55 60
37 82
20 68
4 18
4 49
3 62
66 70
12 40
25 52
42 84
25 45
15 56
4 86
22 27
60 76
19 29
19 68
15 78
3 39
62 75
2 71
22 46
47 53
29 51
30 79
5 35
18 56
65 84
14 38
3 60
13 26
23 51
35 85
44 61
35 64
49 53
57 64
10 85
9 37
44 72
19 28
44 58
6 41
31 39
24 41
29 69
50 62
23 54
41 55
4 16
43 50
60 67
8 76
51 83
21 25
33 72
51 79
68 73
68 79
35 43
20 82
28 44
30 52
43 83
6 69
0 62
25 86
39 51
23 52
39 64
49 78
52 55
32 33
34 50
32 71
14 17
44 47
0 81
41 57
4 61
11 86
40 66
6 45
7 73
8 69
5 13
29 84
57 58
28 38
73 86
13 60
32 40
6 61
67 77
21 45
29 78
52 63
9 67
11 30
17 85
26 85
42 65
4 22
16 24
44 59
17 68
18 78
13 23
14 31
9 82
77 82
81 86
3 14
46 74
28 32
10 71
19 70
8 34
1 40
5 26
21 53
11 56
39 78
45 57
32 60
25 66
0 39
20 21
12 73
15 26
79 80
49 70
72 86
61 85
52 61
29 72
48 71
23 74
0 12
18 28
34 35
20 78
12 86
12 26
58 84
48 57
18 39
17 31
18 33
56 72
33 47
40 72
9 15
6 63
22 42
0 9
1 55
59 69
25 60
33 43
49 75
42 76
31 47
55 58
6 55
6 68
43 86
4 15
52 57
72 85
61 64
14 82
41 83
2 8
2 13
2 82
27 48
34 61
49 56
54 78
54 84
27 53
24 80
21 56
9 16
48 62
45 65
8 56
25 85
19 41
33 34
54 83
21 32
36 60
7 24
48 65
30 57
31 74
24 52
69 79
31 32
41 54
41 64
10 44
34 80
57 71
4 36
2 60
60 70
12 55
81 85
69 72
32 34
22 61
6 14
54 64
6 85
1 66
33 37
38 76
48 61
61 72
9 28
20 73
37 84
17 41
18 37
20 24
31 64
19 82
5 11
72 77
30 49
39 45
2 21
16 23
50 73
21 28
67 70
48 69
4 5
23 30
8 68
20 51
2 3
26 43
42 75
4 77
10 32
9 35
60 72
28 40
36 83
5 29
41 52
54 66
35 48
21 68
2 28
54 68
64 83
33 62
22 38
23 39
28 69
6 62
30 53
80 81
68 70
46 64
11 67
39 42
38 68
32 41
32 49
25 62
22 47
53 64
18 42
22 32
5 40
22 23
10 59
61 80
21 72
22 49
15 67
46 63
41 73
38 52
38 55
44 78
22 35
20 70
42 74
33 42
11 58
47 54
36 37
41 48
0 56
3 81
1 59
37 86
28 39
64 74
25 53
23 41
5 60
1 63
4 24
6 16
78 82
16 80
24 31
27 57
9 70
14 22
7 17
23 60
17 23
47 51
32 46
7 41
33 85
15 53
21 35
50 67
49 68
33 65
36 84
3 80
52 76
48 56
24 26
2 31
82 84
39 74
19 47
36 55
24 84
6 84
14 72
8 44
27 42
32 52
26 61
31 69
22 40
25 57
36 78
63 69
61 79
26 52
38 85
60 73
14 80
37 42
20 31
12 41
62 68
1 12
5 27
35 66
11 53
15 45
19 31
28 53
6 70
79 83
38 75
48 67
39 47
57 59
24 32
61 78
20 58
13 78
47 66
21 76
10 30
24 57
21 67
19 71
8 32
0 70
7 28
62 69
14 85
0 53
38 47
57 81
9 61
58 74
33 58
5 25
34 53
1 71
19 44
12 57
30 83
72 84
17 57
32 81
77 86
37 73
18 24
48 70
27 32
12 61
0 43
16 29
64 71
53 76
21 24
24 35
14 50
6 18
39 52
15 60
3 61
32 51
17 50
42 44
62 84
8 33
36 58
20 48
63 77
54 59
14 47
55 69
37 81
50 70
49 64
42 70
39 76
10 56
52 82
50 79
48 83
49 76
1 34
39 63
2 79
27 76
27 30
71 84
16 54
30 35
14 34
63 82
15 22
14 35
53 70
24 39
23 34
31 78
56 80
19 79
30 84
64 79
31 85
17 63
10 11
39 67
6 47
0 76
15 35
41 42
6 56
15 84
20 25
22 77
3 37
0 30
33 51
0 3
55 80
62 63
47 84
20 40
5 62
7 26
15 46
22 50
12 81
14 69
58 73
33 50
23 72
72 73
0 11
13 30
67 68
30 67
37 58
73 76
36 47
30 51
27 67
64 82
12 47
8 9
39 58
58 63
18 29
17 47
48 54
3 24
60 66
46 81
36 85
74 86
2 59
14 44
7 74
16 84
40 79
50 68
40 64
65 70
2 78
35 37
68 74
10 21
37 40
59 76
29 32
63 79
19 38
53 66
16 72
0 64
46 78
74 78
23 44
56 69
57 80
36 66
44 86
47 50
37 43
49 55
18 67
1 73
56 66
16 46
40 48
40 67
44 83
10 60
60 64
53 62
53 71
21 60
41 69
26 58
1 32
39 82
13 37
16 35
12 72
71 72
3 17
11 66
76 84
27 72
11 35
44 85
38 43
3 26
7 40
0 46
32 50
20 77
28 30
40 52
2 25
10 73
37 49
58 82
23 43
19 66
37 62
5 15
15 69
15 42
38 53
32 57
64 78
10 28
17 75
4 66
24 71
12 67
66 69
14 23
27 79
54 63
19 54
0 8
6 29
31 75
3 18
45 71
6 13
38 63
33 39
73 78
1 68
13 25
23 58
49 57
5 12
13 86
12 75
1 46
40 76
12 51
14 55
57 84
16 65
3 56
58 79
5 20
46 59
3 16
44 67
7 77
50 83
0 55
