88
6
3177
60
11 2
6 2
7 2
17 4
14 2
10 3
21 3
21 1
11 4
12 2
6 1
22 1
8 4
22 1
13 2
5 1
17 3
22 4
21 5
15 3
20 2
10 1
3 3
22 5
16 2
13 1
9 5
17 1
20 3
16 4
4 4
15 1
4 1
14 2
5 1
10 2
11 5
17 1
14 2
11 4
17 4
7 2
5 4
17 2
20 5
3 2
9 2
7 5
12 4
14 4
17 3
7 5
8 2
4 2
20 4
22 2
16 2
7 5
20 3
12 1
21 4
5 2
6 3
6 1
17 2
19 3
18 4
10 2
21 5
19 3
19 2
17 4
3 1
21 1
12 3
18 4
9 3
7 2
15 1
4 3
11 5
5 3
18 4
7 2
20 1
16 5
7 4
16 1
14 86
1 39
54 69
56 65
18 87
2 52
34 41
5 82
53 76
0 12
17 78
42 54
47 83
10 37
0 19
17 81
40 50
1 35
55 58
22 44
12 18
5 76
10 73
11 58
5 68
58 87
13 46
35 79
38 77
20 23
44 55
9 33
2 29
18 39
52 63
20 87
18 85
73 86
4 44
34 63
3 46
0 28
67 81
23 46
44 56
23 66
12 56
8 57
12 35
32 75
21 34
58 72
1 31
18 82
15 79
28 52
6 56
0 45
3 8
0 30
49 68
24 86
7 26
22 74
4 45
61 67
36 57
0 14
43 50
10 50
40 56
40 67
12 67
48 51
13 67
59 61
34 76
47 79
10 87
14 87
82 84
24 54
43 58
8 84
26 34
24 47
26 38
9 42
18 60
22 35
14 54
40 85
2 6
51 68
21 24
65 67
3 81
29 42
27 80
10 51
28 47
31 58
19 23
3 6
29 36
15 65
34 78
2 21
60 73
15 21
6 54
61 66
9 82
36 61
4 58
3 27
6 30
35 70
36 60
15 71
32 85
7 56
2 82
9 83
4 15
28 74
48 64
15 56
3 87
71 78
56 84
27 40
18 20
34 55
18 64
36 45
67 75
11 27
15 62
44 73
4 43
8 24
67 82
43 70
5 9
31 46
33 80
12 43
0 10
3 30
36 41
2 8
44 51
9 30
58 86
12 40
7 49
19 83
39 56
84 85
17 55
3 65
19 50
55 86
7 44
10 68
44 75
9 40
5 6
49 78
10 22
43 60
6 31
25 69
9 72
28 63
35 68
56 72
15 76
25 35
22 82
8 44
15 67
36 67
54 78
15 44
40 54
0 26
30 85
24 37
7 9
1 26
60 78
47 77
25 54
11 17
16 81
61 72
9 10
35 45
16 39
30 48
24 85
0 1
53 65
25 38
65 70
47 84
45 52
38 63
33 64
45 55
2 38
11 60
41 55
33 49
35 86
19 30
12 77
1 62
55 56
0 71
40 55
1 18
39 63
21 57
9 60
24 65
7 86
35 77
8 38
8 60
21 61
27 79
6 22
1 86
35 55
40 42
23 77
15 63
42 44
44 67
51 61
31 60
34 59
60 82
19 70
45 84
9 53
59 86
4 75
41 51
29 38
36 49
9 20
35 50
85 86
41 52
15 31
49 70
77 84
14 70
20 76
17 68
41 46
31 81
35 65
28 50
42 71
54 81
37 42
35 59
30 52
48 83
32 80
64 81
23 52
11 74
6 68
63 77
31 63
74 77
22 53
4 78
47 51
25 34
30 84
33 69
2 84
31 55
4 20
46 78
17 85
8 29
16 22
40 63
74 83
9 87
61 87
46 53
29 49
18 26
23 25
32 59
55 69
8 16
55 65
1 67
26 50
2 13
17 53
67 79
12 70
24 79
16 52
2 36
8 27
23 76
19 39
1 7
19 67
10 71
45 82
55 59
23 72
3 22
83 87
68 71
32 72
15 86
15 80
0 54
19 57
2 63
58 83
62 70
14 28
43 86
26 69
50 58
12 87
2 85
5 78
7 36
21 44
26 85
17 19
21 40
64 70
4 71
34 45
39 69
59 83
35 39
10 62
27 55
21 66
26 36
68 76
31 69
10 27
59 77
20 24
1 30
1 78
41 67
30 31
7 61
15 72
17 80
25 43
5 19
39 71
10 19
26 53
27 30
64 78
9 71
5 56
21 29
69 77
76 78
74 76
39 66
5 22
43 72
3 10
13 65
5 61
57 65
19 77
53 77
79 81
5 52
16 50
6 26
1 20
70 87
68 74
6 83
9 18
6 40
61 85
35 40
5 23
13 17
2 65
40 57
40 86
27 76
43 59
16 78
39 80
0 18
42 61
17 73
53 87
36 54
1 2
50 55
68 86
10 28
3 61
8 43
60 67
19 53
19 21
15 39
2 59
0 77
57 64
28 77
47 76
9 58
37 70
17 63
62 85
6 24
35 47
6 52
3 31
42 65
12 28
15 50
6 10
71 72
7 12
44 78
4 76
5 73
25 79
7 10
14 75
1 57
7 21
10 15
47 80
13 78
24 30
8 76
48 52
11 69
7 70
7 42
42 76
67 76
50 86
11 28
2 50
4 48
52 77
10 58
4 30
48 72
22 54
17 75
38 86
11 86
8 54
28 51
3 51
46 79
4 17
27 43
36 46
25 51
1 71
5 81
15 73
27 61
26 76
8 36
67 87
84 87
15 58
20 35
71 79
41 43
50 78
16 35
33 43
29 57
21 23
45 72
36 48
19 72
2 30
45 60
12 85
12 44
8 49
30 62
23 47
17 37
0 17
5 83
9 50
11 57
0 51
35 74
42 73
7 68
11 87
16 24
19 74
1 27
1 22
2 10
25 60
62 73
19 81
40 58
70 80
8 68
2 75
35 48
23 60
28 71
4 14
0 52
8 10
5 37
30 47
27 72
34 75
71 73
17 67
44 63
0 74
2 51
57 58
52 83
45 51
8 51
42 43
43 65
17 65
36 63
62 71
32 86
66 77
2 45
26 78
3 62
35 69
41 72
60 84
13 80
20 57
59 84
51 58
26 82
36 70
36 74
17 86
56 57
4 37
14 83
3 36
44 65
16 64
11 50
25 59
30 49
48 57
39 55
49 62
59 76
21 56
22 46
5 42
32 87
50 65
0 27
5 84
38 51
51 69
33 37
7 37
47 60
11 43
15 33
69 76
19 25
66 86
23 65
52 57
16 37
16 76
28 70
4 38
12 75
30 76
34 82
4 72
43 45
18 30
10 72
17 54
35 54
34 57
32 33
34 40
56 82
43 64
63 87
37 80
38 84
38 73
49 57
44 49
2 70
16 56
36 80
30 73
31 78
7 8
13 14
3 18
41 54
27 32
14 56
51 55
29 65
24 25
45 66
24 69
27 39
65 79
25 49
9 47
32 48
3 79
55 70
4 79
7 50
16 19
23 63
18 67
10 39
14 82
23 57
55 62
25 66
15 42
24 33
36 86
56 61
28 59
63 69
20 84
11 35
39 79
71 85
58 61
14 36
5 87
0 35
25 70
25 68
49 81
1 8
8 13
28 29
45 69
51 65
35 53
21 48
7 39
8 64
80 83
11 31
23 34
58 85
8 53
27 67
34 69
28 39
16 83
42 79
0 15
12 81
20 48
29 85
28 49
28 41
57 87
50 76
18 24
21 45
0 42
39 61
16 69
21 27
20 33
53 82
12 82
5 17
16 67
36 81
20 36
18 57
5 86
19 48
74 85
16 79
27 52
70 85
72 75
8 78
31 43
16 58
28 84
5 79
40 74
14 47
24 32
19 36
39 58
65 81
66 84
0 57
16 71
30 34
58 65
37 85
51 57
53 71
11 54
12 84
8 71
39 44
16 31
25 87
29 43
9 74
11 40
10 69
51 70
38 62
28 40
15 19
6 85
28 56
43 51
4 25
19 51
1 48
18 27
5 20
31 33
3 74
37 81
56 73
76 80
11 49
19 40
25 77
25 57
16 23
27 70
52 86
36 43
72 73
21 65
22 81
16 34
19 63
17 57
34 42
8 39
2 56
15 47
41 61
16 60
4 31
9 68
34 62
11 34
20 30
29 41
21 78
69 83
46 55
12 76
27 74
27 66
52 67
13 47
7 60
32 43
56 83
29 46
28 55
69 81
33 65
64 69
40 78
28 78
36 62
4 67
4 59
34 58
70 81
57 59
48 63
46 83
15 59
77 87
15 87
5 69
52 80
8 85
27 36
11 16
55 61
23 29
39 73
31 38
31 53
15 38
2 60
56 66
2 64
12 24
18 65
31 72
34 49
63 81
37 66
39 43
22 30
61 74
30 77
64 87
8 83
65 83
55 82
4 39
37 58
62 81
15 60
49 80
56 79
35 51
78 84
52 72
53 85
20 71
12 30
33 86
60 66
71 76
6 80
2 39
7 74
10 57
17 82
10 82
51 85
14 30
56 67
23 55
40 77
19 37
42 85
69 80
22 85
24 46
19 46
61 83
3 28
47 55
27 81
0 76
43 67
19 47
32 67
13 24
40 45
14 59
2 5
43 61
5 7
45 48
53 75
13 37
18 52
27 28
48 70
9 21
32 78
7 53
64 79
2 58
13 70
4 41
54 55
18 38
50 77
54 60
34 43
6 82
17 38
44 69
18 25
42 68
33 44
39 78
26 42
18 23
13 48
6 78
10 20
36 75
60 87
37 47
78 85
13 39
68 82
52 73
72 77
65 68
49 82
14 53
16 53
71 83
67 71
9 73
10 56
15 55
58 73
5 66
8 65
31 83
13 58
48 73
16 18
50 61
0 78
52 62
21 41
16 66
45 78
41 45
15 26
11 18
70 71
58 82
23 35
43 54
26 84
13 36
35 49
0 2
28 83
19 22
47 48
63 84
11 13
60 81
3 39
43 53
23 70
1 14
13 16
25 74
9 48
54 86
66 75
52 87
23 74
23 50
31 84
66 70
27 69
4 57
8 56
18 76
15 20
45 53
7 76
25 75
21 33
6 9
58 64
2 12
9 28
31 64
20 61
20 40
16 41
41 76
9 41
14 39
5 46
11 48
11 39
59 70
2 15
48 66
46 77
14 85
25 48
13 33
37 43
34 79
48 76
28 54
12 38
31 54
16 73
54 87
7 34
43 84
28 75
19 61
6 39
61 68
23 82
29 53
20 54
6 47
7 84
58 78
26 29
9 55
5 13
51 56
7 41
48 60
5 25
33 82
11 61
12 39
51 59
79 80
74 78
41 70
2 28
29 80
62 67
7 85
13 57
31 44
29 64
46 87
46 84
0 85
32 68
38 72
24 63
39 48
34 60
9 75
50 60
5 36
45 75
12 45
60 72
45 49
9 39
10 44
37 64
62 77
46 62
64 80
69 82
11 79
34 61
18 84
59 65
5 45
40 43
3 12
5 67
58 79
3 56
72 87
13 72
2 43
46 69
52 71
26 35
3 43
24 41
57 86
49 76
24 44
67 70
12 33
30 59
14 81
21 39
14 42
6 25
14 61
62 80
13 40
59 73
14 40
22 70
22 55
58 84
0 24
37 41
25 78
45 54
56 76
51 86
24 28
43 83
26 64
48 59
6 57
66 74
13 66
64 66
71 82
14 20
2 19
28 33
14 45
67 74
21 37
34 83
69 85
19 69
79 86
7 82
11 51
48 75
46 86
7 77
19 58
36 84
14 77
1 13
49 53
16 49
46 71
13 18
11 56
24 35
48 61
63 83
44 70
15 77
7 11
42 64
24 66
7 32
70 74
6 12
0 62
28 30
25 39
14 84
10 54
23 75
62 79
9 46
9 62
62 86
5 10
14 66
24 36
9 27
15 40
42 53
5 53
3 25
36 71
75 79
14 32
2 40
6 62
18 45
76 77
58 77
39 52
22 87
0 65
82 85
37 60
22 75
26 72
9 12
64 75
41 47
67 83
5 49
56 85
27 34
51 78
32 34
25 46
63 66
46 54
26 66
56 87
36 51
4 49
1 81
6 51
50 64
4 28
10 80
33 68
0 46
30 74
3 72
7 22
36 76
42 84
1 11
44 61
44 85
34 44
31 52
7 59
35 75
33 36
26 77
36 68
25 33
30 64
12 14
33 77
42 49
6 48
19 38
57 69
9 59
29 50
31 35
39 40
32 38
12 83
75 85
70 83
8 32
8 14
1 61
1 83
46 80
0 21
21 31
13 38
1 54
25 63
32 63
60 62
14 48
36 52
48 86
14 22
12 58
56 70
12 32
37 69
49 67
29 75
52 60
4 22
25 83
1 42
14 24
30 38
4 21
1 4
43 73
41 85
26 57
66 69
20 62
52 55
0 59
11 14
63 65
13 28
51 87
59 72
3 44
3 16
16 72
29 82
54 79
47 78
57 80
28 76
19 24
29 61
6 73
22 40
14 33
19 65
10 26
35 76
32 44
8 35
57 71
46 56
63 85
15 68
18 31
4 50
52 78
16 21
37 79
21 54
38 45
23 78
79 83
47 61
45 76
10 66
4 87
3 15
30 83
28 48
47 62
47 82
3 53
23 87
19 64
53 59
10 59
3 14
5 58
8 25
14 57
1 59
22 36
40 71
24 75
37 40
21 63
11 44
62 87
58 60
3 49
6 43
9 69
59 80
5 70
11 53
26 37
0 50
38 43
30 42
80 86
60 75
13 22
13 42
51 53
8 52
60 80
22 57
34 72
47 70
6 18
11 62
47 69
43 62
10 40
19 75
43 48
21 67
3 73
46 51
36 79
23 24
37 51
46 61
29 56
41 87
20 63
27 47
3 20
6 67
23 41
4 77
0 23
24 82
12 27
27 68
38 87
11 55
77 80
32 82
31 49
76 79
17 50
38 64
20 29
12 20
79 84
52 74
25 64
5 85
29 63
2 76
17 62
40 53
20 64
39 64
19 33
8 40
73 78
4 13
14 78
10 30
27 62
7 54
7 15
2 49
31 56
21 22
3 41
4 10
25 67
17 61
7 28
3 23
26 52
41 59
1 37
6 34
50 73
35 63
7 67
9 11
19 68
39 49
34 54
29 72
38 47
44 48
27 56
18 73
12 61
43 69
16 17
21 25
13 34
12 55
38 78
44 45
22 39
31 76
35 61
61 76
0 31
53 86
28 36
5 34
71 84
66 83
25 81
37 54
23 44
3 34
19 31
20 51
33 47
16 75
14 23
7 80
53 67
16 77
12 73
13 76
17 79
54 68
32 61
39 70
0 6
41 84
8 58
26 27
3 76
10 45
2 68
32 57
48 53
30 60
2 11
53 57
4 16
1 84
42 78
11 71
0 5
39 68
4 42
72 74
40 79
21 80
4 66
26 74
39 45
29 81
4 70
21 69
31 45
35 57
73 80
35 81
39 75
46 82
44 53
15 22
25 53
1 29
21 32
52 85
35 66
27 86
26 45
27 35
29 77
23 84
34 36
65 77
30 50
58 59
33 39
27 82
63 73
55 64
8 12
30 57
57 83
74 82
28 86
72 85
47 75
31 50
16 27
31 86
20 81
19 60
32 51
60 74
45 61
7 81
65 72
16 87
31 34
18 83
53 58
29 32
30 82
10 86
14 18
41 66
19 26
83 84
8 30
48 87
1 68
26 65
63 78
18 79
22 64
75 77
20 80
8 81
25 71
5 55
41 69
10 55
43 79
20 65
57 85
6 72
3 54
27 50
20 21
34 56
21 58
12 51
36 72
37 56
22 67
45 74
15 37
82 86
56 86
29 73
9 26
51 80
64 73
4 69
44 46
30 65
41 78
51 77
30 33
78 83
51 66
37 68
3 11
21 59
53 68
13 62
5 64
32 36
13 74
29 44
13 27
40 69
20 70
37 57
50 53
43 68
67 85
22 69
27 84
14 31
45 77
69 70
5 71
29 68
0 4
14 80
19 66
0 20
2 48
61 71
7 33
75 78
17 48
9 81
5 29
33 34
14 17
34 85
38 75
3 83
20 85
59 87
45 68
10 85
14 19
59 75
31 62
2 34
33 45
11 67
48 81
78 80
23 68
36 39
33 42
50 84
46 76
40 84
24 43
8 70
38 74
20 28
12 74
60 86
21 79
9 38
33 84
66 67
36 42
37 78
3 58
13 32
35 84
7 46
17 24
0 68
59 60
9 51
37 87
41 60
46 57
75 87
22 26
10 65
1 63
7 55
72 82
6 21
3 60
12 66
25 55
59 71
9 29
37 77
23 45
0 39
54 84
7 48
38 59
19 49
20 46
46 48
18 34
5 35
58 81
20 60
0 87
4 9
54 75
18 33
59 74
6 42
6 87
37 49
55 74
38 71
14 37
30 32
29 74
33 63
5 43
15 30
49 74
13 81
30 46
67 86
16 55
36 77
72 78
5 8
47 50
26 58
2 32
68 80
25 36
44 58
8 59
16 33
39 47
10 84
5 80
38 52
23 28
9 85
10 63
4 54
26 41
59 67
24 31
55 73
17 56
61 78
52 61
18 47
17 21
36 85
45 63
1 75
18 86
38 76
8 62
51 54
10 77
47 54
11 64
2 44
23 53
12 46
74 79
27 83
13 71
67 72
29 55
11 68
7 31
60 83
36 56
37 46
18 58
29 84
81 84
54 76
3 82
14 29
33 60
31 41
8 80
13 20
40 46
5 65
38 83
33 38
36 40
16 32
46 85
18 54
30 61
6 76
16 82
65 84
53 79
25 37
59 68
19 80
6 53
8 87
52 56
53 66
10 29
10 79
33 73
56 63
31 71
12 49
27 85
39 81
52 81
40 83
63 76
3 86
29 34
26 47
29 71
18 36
61 79
18 21
12 71
38 58
55 84
48 84
46 74
25 32
1 41
57 79
9 23
20 42
33 54
10 16
4 81
18 41
6 35
1 55
1 47
39 62
28 60
18 28
37 83
2 61
64 77
16 54
57 63
8 42
17 71
13 87
16 80
31 61
15 82
12 47
8 67
68 72
4 83
35 72
2 86
45 73
24 80
47 72
2 14
4 52
54 62
10 70
39 46
4 84
8 79
9 84
18 48
57 77
51 76
22 73
40 65
15 78
49 58
38 82
30 86
64 68
22 43
13 64
66 80
16 38
0 58
70 78
27 38
3 9
37 45
16 62
7 57
14 69
1 46
65 74
14 15
39 50
5 27
77 83
36 53
1 52
9 43
3 17
38 65
31 87
7 29
34 46
37 55
53 84
28 85
61 75
0 84
57 60
35 71
12 23
3 7
62 82
64 82
81 87
22 76
49 60
2 81
15 48
13 29
44 59
61 70
37 65
58 67
27 58
32 53
20 72
3 4
51 75
73 82
26 43
59 79
48 82
39 74
1 82
23 69
80 87
24 64
30 71
39 41
56 69
38 70
44 87
7 72
33 76
49 59
13 35
67 73
76 82
64 84
22 61
7 51
11 24
48 78
25 47
42 87
30 67
13 56
66 78
14 68
13 54
28 81
73 81
76 84
44 74
53 55
0 13
26 40
46 50
9 31
0 75
56 81
47 73
12 29
14 51
2 72
30 55
65 71
52 69
34 87
17 40
12 17
45 79
39 76
26 56
1 19
17 33
39 84
62 65
26 51
13 41
74 80
21 36
29 54
11 84
36 69
36 73
61 64
54 57
28 57
16 20
42 50
24 26
10 74
16 25
32 39
28 32
2 67
52 70
41 49
15 53
71 81
10 42
22 51
16 29
19 84
6 36
28 35
36 38
34 37
39 42
42 55
77 86
31 74
19 28
2 54
11 80
70 77
5 38
42 57
9 65
38 46
13 25
25 31
33 59
63 68
35 56
0 25
22 29
53 73
50 82
68 78
10 24
22 31
26 63
30 68
53 54
17 36
62 72
5 14
40 64
35 67
4 18
11 33
12 63
80 81
62 63
47 67
5 26
5 44
10 18
4 82
71 75
3 70
22 56
40 70
4 34
20 55
61 73
70 76
55 75
26 31
32 47
34 52
60 71
12 68
2 46
19 34
6 65
73 83
43 66
69 79
1 66
11 23
4 74
60 65
42 74
52 79
1 25
13 75
3 35
19 56
27 46
7 63
29 67
24 27
32 40
24 68
12 26
42 59
37 75
25 85
36 82
29 76
16 30
3 21
40 60
17 74
55 77
6 23
17 34
43 71
52 59
29 86
20 67
49 84
12 16
7 19
23 26
57 67
18 81
55 87
21 76
42 75
17 26
6 20
45 83
3 59
64 86
23 79
4 12
9 44
25 45
1 45
67 80
3 26
54 59
28 38
33 48
47 65
39 67
6 81
34 77
68 87
31 59
22 49
9 36
2 26
21 83
30 56
51 73
6 64
5 48
53 69
17 44
10 13
7 30
26 61
59 64
65 75
23 64
54 63
52 75
25 27
13 53
38 48
58 75
8 55
32 71
72 81
18 59
12 21
22 78
27 41
25 26
11 73
4 60
25 42
54 70
33 35
13 83
9 79
18 32
19 87
26 80
50 54
40 75
33 85
22 32
22 24
27 65
46 47
35 73
13 60
7 62
8 31
45 70
6 38
1 85
47 87
3 57
20 34
27 53
44 76
28 64
18 19
8 45
56 75
14 26
5 21
6 37
40 66
62 69
69 87
5 28
38 68
22 58
3 45
8 20
0 8
13 73
16 28
37 61
33 75
40 41
27 60
42 83
55 57
23 67
48 62
9 86
36 78
6 58
42 58
72 80
8 86
62 76
44 77
48 80
71 80
26 28
57 84
44 86
65 78
1 33
61 80
18 44
21 82
21 86
73 87
50 74
13 23
30 45
25 44
41 65
4 33
17 60
66 79
20 74
31 48
79 82
19 45
31 80
21 85
29 51
22 80
64 67
24 53
50 87
22 52
2 16
14 65
63 86
16 84
70 73
69 73
54 82
68 75
65 76
14 67
17 49
8 61
59 63
1 56
36 87
15 52
50 70
21 35
22 77
51 84
35 42
9 15
7 66
61 65
10 38
32 60
19 20
33 61
33 83
8 23
15 18
46 59
1 49
34 68
72 86
17 31
50 69
2 22
74 81
41 73
60 63
60 68
28 53
5 51
31 75
57 78
33 51
16 59
38 44
64 72
23 49
15 84
36 44
26 75
48 58
52 68
20 86
15 24
37 73
49 77
3 50
64 76
15 29
41 79
48 65
21 53
15 54
78 86
14 38
3 47
35 62
26 55
0 66
9 57
10 11
2 77
0 67
13 77
1 32
22 63
8 74
7 40
14 71
20 26
24 29
51 82
4 80
18 35
13 85
43 75
41 74
71 86
0 3
61 77
10 83
55 67
50 63
1 50
39 60
56 68
31 36
55 76
29 45
28 79
49 71
2 42
42 47
1 73
48 77
36 58
9 64
36 55
9 66
65 86
53 63
9 24
45 71
38 50
17 84
5 54
29 39
58 68
8 17
16 86
55 72
55 78
38 69
76 81
9 13
2 78
54 71
25 76
4 40
31 82
48 56
21 51
1 36
49 85
39 65
65 82
40 62
15 49
54 83
7 71
1 16
22 59
41 77
61 63
26 87
20 82
19 55
21 87
46 64
71 87
38 79
49 86
13 45
48 69
0 69
28 62
11 83
30 39
69 78
18 42
9 35
15 69
5 62
4 7
20 78
21 26
54 67
28 82
21 28
24 49
8 37
11 78
17 42
61 62
13 68
72 76
21 38
39 86
0 36
44 62
42 66
20 56
62 78
58 76
9 17
75 82
50 66
11 82
16 65
43 81
29 52
4 6
78 82
17 46
10 32
35 83
49 72
77 85
16 26
0 38
48 71
35 80
48 67
15 66
7 38
1 21
33 78
27 73
20 68
17 51
12 19
25 65
57 81
25 84
1 44
69 86
3 42
0 33
21 55
10 35
66 68
4 53
10 21
20 58
68 77
38 80
5 72
42 60
27 44
19 54
21 43
16 40
34 84
0 72
41 57
24 72
30 54
31 77
45 47
49 56
84 86
44 52
6 75
22 79
29 79
60 64
16 36
49 50
27 63
25 58
53 83
14 49
36 59
0 7
42 46
30 37
0 81
18 78
37 76
42 45
10 14
46 70
1 6
47 53
18 22
14 55
24 55
25 52
53 56
68 70
28 65
59 82
9 80
23 85
62 66
39 77
75 84
38 66
17 32
28 44
3 32
33 74
14 41
75 86
23 83
23 37
13 44
10 52
12 60
46 67
4 68
56 71
3 75
24 78
33 55
26 68
46 63
26 46
5 16
3 48
7 45
20 73
41 53
27 77
10 60
28 73
54 77
49 64
40 44
25 28
41 58
78 87
13 55
35 78
1 28
25 30
37 38
11 20
40 82
13 86
15 75
21 50
44 47
23 39
5 33
44 82
47 68
10 53
37 86
11 46
23 36
30 43
9 78
9 70
23 42
6 27
17 59
16 46
54 80
22 45
59 78
7 47
3 71
46 81
58 69
29 48
6 33
73 76
23 40
23 43
10 75
40 59
0 43
1 79
45 46
33 71
18 71
18 40
0 61
22 83
27 54
46 72
6 70
60 77
52 66
62 68
73 75
23 58
50 85
8 47
13 82
19 59
24 39
5 40
1 12
36 64
26 81
23 38
2 17
11 25
53 74
14 64
63 75
4 62
27 75
0 83
0 22
26 83
38 85
6 86
9 14
0 11
30 51
16 43
0 55
18 72
73 85
10 47
68 81
38 61
12 31
40 61
3 38
69 84
27 57
17 72
6 17
39 53
20 77
18 53
49 83
25 82
25 56
33 50
77 79
2 83
12 48
15 45
56 58
51 63
21 30
0 60
11 47
29 58
0 86
48 68
49 69
42 63
31 65
15 28
41 71
0 41
21 47
2 9
9 25
38 60
43 56
25 72
15 57
61 84
43 80
39 57
14 73
32 55
63 82
12 50
2 53
70 84
14 21
56 60
57 62
28 72
6 77
46 52
6 74
7 65
3 78
11 36
26 32
70 82
63 67
31 79
15 74
11 29
17 30
50 81
13 31
26 70
13 52
29 69
48 79
34 51
14 35
16 44
23 48
1 76
8 50
45 58
43 87
3 13
20 25
20 83
40 47
32 73
19 35
31 40
12 72
54 56
26 60
19 71
11 32
65 85
4 73
14 74
6 29
34 35
6 61
15 64
60 76
12 37
58 63
3 33
69 71
6 50
16 48
33 87
14 52
20 37
43 82
6 32
7 18
22 33
44 66
72 84
45 57
9 56
63 72
63 80
34 65
50 52
37 72
53 72
26 71
32 46
13 79
21 71
76 83
26 33
61 86
63 64
22 68
82 83
47 81
41 50
38 67
15 34
31 32
29 62
16 74
22 27
74 87
33 46
45 81
6 55
12 54
11 42
8 82
49 52
27 49
3 29
38 39
26 48
6 14
60 69
18 70
3 66
24 73
23 32
17 27
22 71
47 49
44 68
28 45
79 85
51 72
24 76
10 64
18 66
34 48
21 84
10 31
12 64
24 77
1 17
29 40
12 25
16 85
30 63
43 49
13 63
37 44
60 79
5 15
11 59
18 62
19 86
41 64
11 45
14 72
2 71
37 50
1 43
16 70
54 74
20 38
43 47
21 75
51 64
4 27
9 37
1 70
1 40
12 22
16 45
47 57
1 3
11 75
20 45
11 65
26 49
1 65
15 16
28 80
8 48
39 83
3 5
17 76
2 33
31 37
47 59
26 86
19 43
57 75
7 87
1 23
60 85
55 71
22 66
0 53
3 19
33 58
25 61
10 78
22 47
44 60
68 84
10 46
32 81
22 84
37 53
8 9
4 56
13 15
58 62
59 81
4 51
11 77
22 23
16 61
6 45
43 76
17 20
6 63
0 73
59 85
71 77
29 70
1 58
4 85
31 42
73 74
18 61
23 33
28 42
8 28
29 78
55 81
54 58
0 44
32 62
45 50
30 75
3 24
29 35
21 72
23 61
30 80
32 70
15 23
40 51
27 71
28 34
7 17
53 78
7 73
9 49
35 82
20 47
4 24
11 76
11 37
41 68
1 64
9 63
57 70
30 66
52 76
6 46
15 85
6 59
23 81
66 76
5 32
43 77
10 23
12 34
20 22
20 43
30 87
55 68
1 60
19 76
35 46
38 41
17 45
42 82
6 15
19 42
48 50
13 84
21 70
33 81
56 74
24 81
69 72
37 67
20 27
11 72
32 41
24 48
36 47
2 69
28 58
45 64
20 32
83 85
21 81
45 67
17 83
32 52
53 61
26 30
0 9
7 24
37 84
56 77
22 60
6 13
19 82
65 69
22 38
17 35
2 80
64 85
31 57
24 60
7 78
33 57
1 9
33 53
77 81
1 53
6 69
42 72
32 79
11 12
22 25
51 71
53 80
25 80
8 18
1 51
62 74
7 35
7 20
3 37
22 65
42 69
17 58
7 43
1 87
17 23
18 69
70 75
20 66
39 85
0 49
30 81
3 77
7 58
7 27
47 64
15 25
6 11
66 81
0 47
7 14
40 73
39 51
11 85
33 56
24 34
34 38
7 25
22 62
21 42
13 19
24 87
12 80
69 75
13 61
22 48
28 31
15 17
29 30
67 69
57 61
11 30
46 65
36 83
49 87
68 85
17 77
17 28
23 54
42 77
23 80
5 12
16 68
32 37
39 72
5 63
17 87
20 52
12 79
0 80
21 73
8 77
10 36
14 27
48 54
65 80
69 74
24 52
49 79
0 79
24 84
17 64
2 27
2 31
6 84
9 32
21 68
58 70
76 86
24 57
30 70
32 74
24 70
51 81
39 82
41 62
49 55
34 64
12 15
20 31
18 55
10 67
51 74
12 86
2 55
5 77
8 41
25 50
17 41
