90
9
3724
60
202 2
185 2
181 2
180 4
124 2
189 3
185 3
183 1
127 4
97 2
68 1
171 1
131 4
92 1
163 2
123 1
108 3
145 4
91 5
176 3
94 2
94 1
144 3
120 5
188 2
128 1
132 5
135 1
72 3
156 4
129 4
193 1
65 1
68 2
79 1
155 2
82 5
89 1
123 2
130 4
145 4
64 2
110 4
62 2
176 5
74 2
86 2
75 5
65 4
124 4
120 3
121 5
94 2
198 2
193 4
153 2
145 2
164 5
146 3
65 1
153 4
131 2
151 3
161 1
71 2
94 3
109 4
99 2
74 5
99 3
116 2
111 4
83 1
142 1
201 3
157 4
179 3
137 2
91 1
199 3
202 5
196 3
134 4
189 2
197 1
134 5
172 4
107 1
150 1
121 3
34 76
19 26
0 8
52 88
3 39
1 78
14 86
0 40
33 83
21 77
0 87
46 80
25 36
0 30
3 72
37 63
1 26
41 45
51 87
6 23
66 78
16 25
81 87
35 80
20 51
25 81
46 66
3 32
73 83
42 55
19 33
23 78
15 59
23 56
49 70
34 50
54 60
43 83
47 76
28 80
11 18
28 73
15 64
22 61
36 37
22 81
23 50
49 73
11 81
31 63
77 84
54 83
21 69
30 68
37 45
47 82
2 81
15 46
1 80
9 61
17 32
23 68
30 38
46 50
52 83
57 60
41 49
81 82
67 68
48 75
12 63
38 83
26 54
45 78
31 34
47 53
33 60
43 65
34 78
26 72
69 86
36 39
41 62
32 43
25 40
25 44
10 18
24 83
2 33
14 19
14 31
39 51
63 84
48 80
1 6
60 64
5 24
33 87
26 83
12 61
27 47
30 49
0 41
8 47
23 39
46 64
33 62
2 57
64 81
57 59
14 71
51 69
29 85
35 39
11 52
1 20
12 64
34 51
1 72
31 73
27 53
3 85
9 58
39 58
1 49
39 72
34 84
43 52
18 79
64 80
2 11
26 43
17 50
10 29
39 52
60 61
4 22
50 62
0 60
42 73
62 84
9 51
62 65
41 74
7 66
30 37
31 37
2 47
7 17
0 47
34 73
43 78
42 51
76 88
17 21
15 54
16 27
21 60
37 76
70 75
66 84
20 31
13 55
52 78
27 44
12 27
42 75
58 84
70 81
30 48
45 49
41 64
24 78
36 79
15 88
27 63
34 49
15 39
3 45
24 44
22 33
2 53
20 64
35 45
51 75
9 43
5 23
1 66
19 37
23 49
44 73
36 63
18 33
23 32
51 54
85 88
6 59
19 66
33 43
83 84
29 42
24 32
5 71
0 65
50 67
2 27
21 68
66 72
45 83
77 79
52 67
43 53
38 88
39 67
32 34
32 45
34 67
60 79
5 11
17 55
61 83
38 71
2 64
10 53
9 85
29 65
84 88
23 77
7 27
3 38
57 73
16 20
32 79
19 44
69 71
18 56
22 43
13 41
82 83
6 40
40 85
45 79
16 35
30 51
5 66
19 27
47 64
70 80
21 29
56 58
39 63
27 64
53 75
34 81
0 64
33 86
19 43
43 74
2 61
0 12
44 59
6 41
13 81
6 88
13 17
17 86
2 78
22 69
83 87
51 88
39 78
29 46
6 66
46 67
7 57
59 85
1 29
2 6
4 5
52 72
14 23
39 46
50 60
11 44
3 7
46 78
5 69
32 56
15 87
23 67
65 69
44 72
41 71
3 30
31 84
38 79
63 78
5 68
57 80
28 46
17 56
12 49
67 78
1 88
2 36
9 45
41 82
29 33
4 20
16 86
16 54
58 81
1 51
77 88
4 59
11 40
48 81
49 57
34 68
72 73
20 67
30 33
13 56
33 54
14 30
17 38
3 51
62 73
6 44
15 43
2 22
28 35
61 85
23 69
57 88
14 61
31 40
42 43
64 79
47 75
36 61
1 23
12 41
4 56
27 86
57 85
7 54
25 35
7 24
64 69
13 86
10 35
6 83
14 73
32 47
20 40
25 42
11 17
9 75
5 58
9 77
19 23
1 18
72 89
20 72
39 79
15 35
23 42
16 63
24 52
14 29
4 7
20 22
75 78
28 49
26 81
39 42
44 51
20 50
2 73
63 71
66 73
67 86
37 86
22 64
41 76
60 89
41 65
4 66
53 82
12 79
50 79
42 57
11 56
5 54
30 80
19 35
30 72
11 34
5 46
26 84
40 78
79 89
50 70
11 85
12 58
38 73
35 68
38 66
28 61
36 85
12 81
38 49
4 40
17 34
50 89
8 69
38 56
9 80
18 89
9 12
15 36
61 79
12 43
56 66
5 17
16 61
9 21
15 70
1 3
27 77
45 64
1 45
17 24
0 43
16 49
6 10
17 72
43 80
8 66
4 10
78 81
5 56
48 59
64 74
15 42
6 71
13 40
8 82
24 88
19 82
5 27
23 26
2 3
17 44
4 51
45 68
12 89
10 62
15 48
7 11
16 41
21 73
10 77
40 84
61 86
48 62
33 65
2 38
49 84
5 70
7 75
9 60
21 72
11 57
41 61
14 56
27 51
5 13
35 40
33 69
14 80
31 52
16 84
24 60
10 80
0 34
1 5
51 74
47 88
76 81
21 33
70 77
47 85
32 49
10 48
39 55
48 54
21 75
31 85
36 71
18 44
6 32
24 74
19 29
29 37
31 69
5 41
1 14
54 56
7 42
16 70
37 75
6 70
25 27
2 37
15 26
44 47
73 86
11 82
29 53
17 47
0 59
82 89
3 77
73 79
44 55
13 66
24 47
7 34
36 43
64 66
5 62
39 76
33 84
22 75
27 71
50 84
4 73
14 17
3 42
24 36
26 75
36 77
17 28
9 20
42 63
10 82
50 78
85 89
27 43
50 51
3 15
22 47
17 26
19 36
19 84
35 41
41 55
7 88
15 30
35 50
21 41
3 70
73 74
54 88
19 81
4 49
7 63
55 89
25 88
5 37
8 89
6 43
75 85
52 80
13 39
38 48
50 74
42 65
24 68
13 87
14 53
24 51
45 84
38 89
55 81
51 63
6 65
16 60
31 75
1 25
66 68
12 39
70 84
28 67
45 85
38 50
4 36
54 82
6 29
8 52
33 39
5 45
61 76
23 40
49 64
27 60
10 21
2 10
9 73
29 70
33 66
9 29
17 60
18 36
5 20
9 36
34 35
2 44
30 79
32 80
23 85
41 68
13 35
13 22
37 56
21 85
18 21
46 79
14 40
4 18
21 42
3 26
30 69
76 82
8 68
14 21
10 88
26 35
4 19
33 48
28 62
20 75
23 81
33 70
55 78
46 60
60 76
20 76
7 67
22 77
10 16
52 62
12 30
60 65
38 84
17 73
81 85
2 56
20 30
52 54
9 70
23 45
7 60
9 24
52 84
27 59
25 67
49 71
52 75
13 76
41 83
7 55
29 49
6 51
0 67
9 40
25 41
47 61
14 62
29 73
38 52
16 74
43 67
6 34
9 71
8 30
15 67
37 51
69 74
0 75
35 46
4 72
30 73
27 39
16 46
22 27
2 43
39 84
11 80
53 61
28 82
16 39
51 64
54 69
48 52
20 66
45 87
16 32
11 27
20 48
18 87
7 22
46 48
20 69
13 48
28 76
35 59
8 25
4 69
18 75
16 42
42 71
75 79
31 61
23 73
25 31
65 68
18 47
14 48
8 27
62 78
43 60
72 87
26 70
4 87
37 78
40 46
60 78
61 74
24 55
55 62
19 55
36 65
36 60
43 57
50 73
5 57
4 74
37 64
25 32
33 55
51 76
7 18
3 35
21 35
54 74
48 82
2 45
35 42
55 72
30 40
11 43
58 66
1 41
44 61
48 69
22 74
0 37
74 80
36 56
40 60
53 60
29 31
56 81
49 79
31 86
26 73
22 56
9 10
88 89
65 66
62 66
0 42
17 18
27 70
4 24
32 82
7 58
14 20
48 83
39 73
71 88
20 70
15 61
54 84
48 61
45 53
50 86
9 33
28 32
63 77
26 77
29 69
19 88
49 74
8 67
30 89
11 70
67 88
43 85
7 43
63 75
32 52
59 73
36 84
69 85
62 64
12 34
27 38
33 42
14 33
53 76
46 47
40 44
59 68
54 77
68 74
6 52
37 85
78 82
52 89
7 76
33 34
14 75
29 88
26 63
1 61
30 56
29 34
1 64
57 61
6 84
30 63
43 54
55 60
48 64
21 48
37 61
33 79
47 86
36 47
60 62
7 61
71 84
15 23
52 74
3 36
47 73
7 29
50 82
53 66
26 40
68 80
14 54
50 87
47 78
9 81
7 51
3 59
28 69
71 86
3 46
3 21
73 88
22 23
5 50
26 58
18 45
53 54
11 26
39 43
22 26
77 86
4 43
22 52
10 54
5 25
26 80
57 76
32 61
49 89
2 35
48 63
31 55
62 74
26 76
38 61
6 48
50 72
33 49
71 75
39 44
61 87
1 36
26 31
16 64
8 42
11 87
0 71
78 79
59 83
56 59
46 62
11 30
36 64
0 29
23 74
51 57
70 89
5 52
24 33
42 69
60 87
40 76
25 48
38 47
41 51
6 89
40 59
39 86
14 83
35 53
56 86
35 75
11 36
6 73
29 72
49 80
65 70
15 89
6 63
4 41
12 16
5 32
3 52
23 82
24 38
35 72
73 77
13 88
0 81
6 57
1 71
61 89
37 41
6 78
40 67
9 39
22 80
69 87
22 78
39 57
6 74
52 63
17 70
62 76
26 27
41 58
35 54
22 84
18 74
27 83
16 50
19 63
9 87
70 85
0 84
56 80
31 60
47 56
30 60
61 71
4 23
29 79
6 62
51 83
22 89
50 55
15 32
52 81
6 49
14 57
60 88
30 54
54 66
25 59
1 13
24 84
43 51
5 21
0 3
82 86
54 75
10 38
30 55
3 40
36 73
11 19
31 64
1 55
11 45
75 82
1 47
37 87
68 85
55 75
17 62
57 83
70 88
22 50
2 84
2 41
35 71
15 55
19 42
30 45
46 68
58 68
16 48
2 55
32 59
41 88
10 79
72 84
6 77
23 31
31 76
8 32
43 70
67 72
8 51
67 82
13 78
17 41
13 83
48 68
15 82
32 44
22 68
1 34
8 63
19 61
26 48
68 84
76 79
24 28
33 57
3 89
8 44
21 83
30 35
12 25
56 67
0 32
20 56
44 78
8 64
37 44
23 57
37 68
33 44
42 66
47 77
10 17
7 70
43 73
47 55
42 84
43 47
8 28
15 34
6 33
0 54
44 56
18 43
17 61
15 68
32 67
4 71
4 75
38 59
3 73
23 52
37 43
14 34
65 80
11 46
1 8
0 5
49 78
23 53
39 66
21 66
23 41
52 53
13 82
61 80
49 59
5 39
10 59
10 25
25 53
59 86
10 46
58 67
5 65
21 88
15 86
20 71
4 62
55 61
74 86
24 70
18 26
54 76
0 13
49 58
25 70
57 75
21 61
45 86
26 42
61 64
52 65
1 40
64 84
24 77
61 75
20 58
4 13
61 84
26 51
0 9
63 79
8 56
1 86
69 70
46 58
77 80
44 80
18 31
0 72
58 82
16 17
10 30
46 75
18 50
13 25
23 47
0 53
44 63
45 88
74 82
25 77
6 26
40 72
13 65
15 40
37 89
63 85
11 16
24 48
5 74
17 88
16 19
35 74
77 81
36 78
17 77
14 77
58 73
8 86
2 46
5 84
57 81
61 65
5 77
38 80
69 73
35 49
36 38
36 75
14 26
60 77
16 18
67 75
37 72
8 16
37 77
48 72
0 57
25 78
12 59
22 82
58 72
59 79
8 60
52 61
26 37
53 72
49 50
50 68
0 46
7 59
58 77
44 48
60 83
53 74
34 83
8 49
60 75
12 82
47 81
31 56
27 28
29 68
22 30
10 67
23 29
55 74
5 9
47 80
64 85
42 61
42 85
16 22
56 73
31 72
61 81
31 68
13 30
29 58
13 79
56 57
32 64
18 65
13 89
84 89
0 48
53 86
12 70
57 87
20 43
37 60
34 58
30 88
40 69
15 60
1 27
26 74
12 29
3 83
20 52
44 74
9 31
24 72
21 70
31 51
72 75
49 67
79 86
15 44
3 4
2 28
32 66
8 35
68 75
46 89
32 78
1 79
25 28
4 70
2 62
75 86
2 59
11 22
3 78
30 70
18 80
40 48
53 65
29 61
0 73
49 62
5 8
3 56
32 57
42 70
0 51
55 77
10 26
19 58
21 34
5 35
45 66
5 86
18 40
28 58
5 75
21 58
3 61
16 28
11 35
74 87
34 57
63 72
4 54
69 75
53 88
7 40
44 50
74 83
58 64
1 57
58 60
36 54
23 27
6 30
41 87
53 73
14 82
19 40
31 46
58 74
5 42
9 68
53 69
38 70
45 70
45 52
19 65
5 80
6 28
50 61
5 88
0 61
3 31
21 54
27 62
13 19
32 35
38 87
17 37
23 63
8 46
31 44
54 71
34 70
0 4
8 37
59 76
55 85
51 84
27 73
20 73
34 82
1 7
19 60
36 49
56 74
3 10
3 54
29 35
55 56
72 76
33 56
44 75
45 58
14 28
72 81
1 82
41 66
55 70
41 52
11 78
28 30
26 68
35 57
47 66
10 81
38 67
78 85
40 50
69 79
10 85
7 71
51 82
19 79
0 16
37 67
40 57
26 71
0 55
15 77
43 86
32 73
27 40
31 88
19 53
67 77
2 71
36 88
20 87
11 12
68 88
36 83
28 60
18 38
16 89
4 61
38 69
21 37
9 56
37 84
2 76
48 79
10 27
5 55
26 65
24 69
4 25
20 38
30 47
33 75
19 76
24 76
60 71
5 79
3 66
56 65
3 29
13 69
9 69
39 71
41 67
8 55
32 85
33 77
21 46
6 81
44 67
33 38
18 71
40 83
59 74
11 37
52 77
20 46
9 18
45 69
18 78
24 35
20 47
23 62
67 74
42 45
4 32
18 39
8 77
26 28
13 28
24 39
21 25
64 86
62 71
55 71
42 86
19 75
84 87
16 38
31 89
13 15
26 62
25 50
20 25
34 40
50 69
71 85
6 69
18 51
51 65
2 4
38 39
30 84
5 85
10 15
17 22
19 72
19 74
31 45
10 50
45 80
18 49
11 55
47 52
72 78
1 11
40 86
12 37
49 53
75 80
2 88
10 44
73 89
39 45
25 80
8 70
32 58
21 22
3 13
25 43
7 30
18 46
13 58
1 30
14 59
4 53
44 76
9 46
4 85
12 72
8 88
50 53
34 47
3 5
28 74
23 33
78 87
57 67
77 82
8 71
60 74
58 80
27 37
8 40
20 55
52 56
12 35
13 70
5 29
66 79
53 81
30 41
65 78
20 36
30 77
6 18
15 18
31 39
22 35
2 20
11 13
17 85
43 59
64 73
27 36
19 20
2 69
29 76
42 74
82 87
28 66
2 23
20 21
9 89
70 71
64 65
46 71
21 82
16 73
58 89
70 82
2 50
43 66
41 79
44 65
24 43
39 81
20 89
51 86
63 82
54 67
3 62
26 53
8 12
28 81
33 40
14 79
27 67
25 33
2 80
10 71
80 83
18 29
24 54
69 88
8 72
14 85
1 38
49 52
74 88
36 66
23 24
86 88
76 84
19 57
17 48
25 49
57 79
2 52
14 42
1 42
48 67
19 62
7 9
45 59
0 22
12 75
43 45
19 67
35 85
15 58
41 72
26 87
11 88
8 45
16 30
3 74
43 75
6 38
8 36
10 20
7 36
56 89
39 50
1 87
57 64
76 89
66 87
2 18
20 78
16 55
4 39
17 45
4 83
52 79
30 50
10 51
17 65
31 36
0 88
71 76
29 51
31 87
24 49
42 62
22 83
0 63
46 65
68 76
73 78
43 48
4 77
48 60
44 70
5 63
1 24
37 46
28 34
40 89
42 64
25 74
16 36
1 75
30 59
7 39
81 83
27 74
8 9
34 65
19 38
56 71
37 57
55 65
11 29
36 62
14 69
12 26
48 55
9 19
24 29
17 84
6 50
41 75
39 40
15 66
7 45
17 36
79 87
0 79
36 52
29 38
2 86
45 54
51 81
84 85
15 52
18 37
21 76
44 53
61 77
12 84
20 79
23 36
28 57
8 85
17 43
55 79
36 53
35 77
33 80
21 36
52 66
24 31
43 64
32 50
13 16
36 59
3 33
29 40
21 55
17 52
62 69
68 69
35 55
51 70
80 82
13 18
44 84
13 54
8 54
62 68
7 35
9 57
45 63
30 32
38 68
10 42
45 77
16 56
36 45
18 52
79 84
19 45
29 43
55 58
13 32
2 15
11 42
49 68
8 75
34 44
39 54
62 72
43 61
37 48
36 46
0 66
48 66
46 77
62 80
44 88
30 82
25 62
9 63
8 58
60 67
79 80
77 83
61 82
8 43
31 58
56 82
2 79
10 12
34 72
29 47
33 73
18 67
51 73
32 69
12 47
32 33
8 11
45 73
50 80
13 50
15 27
69 81
25 57
12 83
38 62
49 81
5 81
31 53
24 46
29 83
1 19
50 81
40 87
55 73
44 60
6 54
21 81
36 55
3 64
33 85
55 66
52 86
7 25
39 82
23 89
28 84
66 82
49 88
58 87
37 71
28 68
3 8
21 49
58 88
11 14
57 72
19 73
36 82
52 76
5 15
11 15
44 68
26 88
54 61
43 63
14 63
4 17
11 83
4 46
2 66
23 51
41 53
82 88
17 30
31 48
8 20
36 58
10 72
59 81
21 86
53 80
19 80
27 30
12 62
3 69
16 45
47 74
45 75
13 64
7 12
14 67
34 53
1 85
41 80
44 83
45 60
22 60
4 44
51 59
9 64
37 66
37 47
63 74
81 88
2 39
34 69
72 74
0 27
38 81
59 82
29 80
37 54
41 81
27 61
1 15
3 27
25 51
61 70
2 12
16 33
75 84
9 44
35 73
59 84
19 52
30 57
26 57
11 51
38 46
37 70
20 54
68 70
37 65
3 55
9 27
30 39
7 68
31 78
0 23
63 66
35 83
8 31
21 45
57 68
12 15
65 73
13 44
59 66
33 61
58 69
7 20
5 12
69 84
23 61
23 59
53 67
20 27
42 59
48 53
39 88
16 40
40 51
6 79
13 80
31 42
45 62
24 53
0 28
9 86
11 64
38 43
80 81
60 85
11 31
69 78
3 86
36 57
53 56
37 42
42 87
13 52
6 87
46 81
23 34
7 84
17 19
46 86
22 72
24 56
19 47
22 53
12 42
28 56
22 48
81 89
61 68
13 31
12 32
38 82
65 88
39 47
0 80
50 57
5 76
7 77
23 87
43 89
40 43
53 68
2 19
18 48
15 20
3 28
8 13
60 68
49 76
29 59
17 74
35 70
20 37
38 45
43 77
6 64
40 63
38 53
62 88
4 45
35 37
35 67
66 77
25 61
47 62
35 51
14 66
27 57
76 78
38 74
46 74
40 58
13 38
38 60
81 86
10 32
18 63
30 74
11 38
39 61
2 25
55 82
13 85
13 14
27 35
28 85
1 53
21 23
34 61
2 58
37 62
8 23
21 32
1 63
76 77
68 71
2 31
49 69
32 74
7 72
26 50
78 86
27 69
19 39
43 84
70 76
43 44
10 58
34 39
50 75
48 58
59 70
29 62
27 66
14 81
61 63
23 48
11 66
58 59
25 55
56 61
4 52
17 40
30 62
23 66
51 66
69 72
36 42
12 44
21 64
22 58
21 74
55 76
21 24
11 72
65 83
1 58
2 74
57 66
63 87
35 56
12 56
33 36
12 51
56 70
76 83
48 57
22 73
22 44
35 48
83 86
63 73
31 57
14 24
41 89
82 84
77 89
49 86
51 80
26 49
36 69
59 78
70 72
3 41
3 37
12 20
56 83
39 48
26 64
23 60
52 73
4 67
34 88
68 81
8 78
3 47
17 76
33 72
26 33
58 62
5 40
32 68
49 66
20 44
35 61
22 41
24 79
9 65
53 83
56 75
25 54
33 37
23 80
25 68
8 18
9 76
31 83
43 81
10 55
9 15
10 49
52 85
4 33
20 35
62 63
5 28
15 80
21 65
15 73
22 36
28 36
27 49
10 83
62 89
34 56
1 68
29 50
11 25
8 33
28 33
41 78
1 48
73 81
50 71
5 31
23 35
10 22
75 77
55 69
60 72
33 50
13 20
49 82
0 50
4 26
59 60
12 45
86 89
22 66
65 74
9 28
2 13
3 68
74 85
7 32
5 83
34 86
51 62
51 67
15 81
3 12
10 41
18 82
27 79
20 83
47 71
39 41
9 52
26 69
46 82
6 68
11 23
27 29
34 66
57 65
10 70
10 73
2 32
14 39
33 64
51 78
15 74
27 52
62 82
13 42
20 39
67 80
53 62
29 44
13 46
2 65
0 38
42 48
63 81
4 34
37 40
14 36
10 34
7 89
9 88
72 82
10 84
35 89
38 57
7 81
31 33
9 74
23 88
32 40
11 71
63 70
32 37
18 35
40 66
2 49
1 77
58 63
25 34
0 2
64 82
4 55
41 46
2 8
58 85
24 64
14 43
52 57
16 67
25 66
48 50
66 71
2 24
57 63
2 34
39 77
14 15
12 22
35 82
12 85
32 54
68 86
28 48
13 59
24 40
6 42
24 50
59 71
5 89
78 83
59 80
6 22
35 81
59 67
44 77
19 25
63 67
51 79
62 77
16 82
2 7
16 81
21 56
5 19
39 68
41 43
63 76
47 87
13 62
15 41
49 56
19 85
12 73
33 88
57 58
28 77
3 9
32 48
32 70
18 73
37 53
6 82
38 76
33 52
16 68
46 73
31 65
10 66
83 88
23 38
39 85
56 62
12 71
28 50
32 36
44 71
28 89
0 77
36 68
12 14
9 72
15 47
28 59
43 88
2 63
4 57
44 69
10 57
36 48
47 57
59 88
66 76
35 44
40 42
40 65
46 49
21 71
28 37
68 82
44 45
50 64
28 39
22 85
32 63
33 81
61 67
21 30
51 68
30 71
31 49
12 19
12 50
28 78
10 60
12 18
49 54
27 80
34 80
28 31
5 30
11 58
24 87
64 88
18 64
57 70
7 14
34 46
10 39
37 80
6 45
42 78
21 50
52 68
73 82
16 24
47 51
69 89
6 20
30 43
46 61
15 19
34 87
68 89
17 42
27 48
50 65
7 64
36 74
43 69
27 42
26 46
14 76
54 79
83 89
3 43
52 70
17 89
13 34
67 79
12 52
47 48
68 77
13 33
50 66
22 87
28 40
30 87
15 50
47 65
56 63
17 80
9 41
53 59
31 66
17 79
63 64
39 89
47 58
56 88
25 69
14 78
10 23
5 14
11 69
45 76
44 58
21 43
46 53
23 83
6 17
15 28
7 73
4 84
20 34
23 54
78 89
18 55
25 30
14 38
8 17
39 87
25 86
20 45
16 85
22 37
12 46
0 1
8 83
25 39
20 33
47 79
14 37
38 55
2 5
40 74
20 42
21 51
58 65
54 87
1 84
67 69
47 83
6 35
7 44
3 23
15 56
35 43
68 78
8 76
5 6
2 67
15 71
68 72
52 59
46 55
30 34
38 42
46 51
86 87
32 84
11 33
14 51
8 39
14 52
32 71
27 32
54 63
29 36
0 19
54 62
35 60
74 81
71 87
24 73
18 66
60 86
35 78
21 63
47 59
62 79
43 46
62 70
24 71
13 47
24 27
19 22
29 48
10 37
13 26
39 69
33 68
4 28
42 89
16 29
1 31
80 84
17 33
7 52
27 31
17 49
8 65
6 13
65 75
10 13
47 70
50 85
10 86
31 43
22 38
40 54
3 88
24 61
3 19
13 67
44 49
19 51
40 73
44 64
33 51
83 85
13 43
2 68
27 85
11 47
14 45
55 87
22 71
11 32
32 62
57 84
38 65
75 89
31 41
54 58
20 24
15 79
28 42
45 57
67 73
2 26
71 73
23 72
43 50
20 84
22 79
53 58
42 88
11 62
32 42
12 17
54 86
0 86
56 77
27 76
23 64
9 79
70 78
13 73
25 45
28 86
2 9
35 52
16 53
28 54
37 49
53 87
53 89
9 49
18 25
32 81
2 54
4 64
5 60
14 27
11 89
3 63
76 86
7 80
7 41
16 76
45 56
17 58
27 84
17 63
3 17
40 41
1 9
47 60
50 54
13 29
23 65
65 71
64 83
31 59
39 75
55 83
21 89
21 39
35 66
5 47
7 21
0 44
22 55
12 86
57 69
38 86
30 65
32 89
10 89
15 57
37 83
3 75
20 49
29 55
18 19
25 71
11 54
56 76
39 56
9 55
57 86
65 82
25 85
31 71
15 63
15 84
7 85
7 38
43 72
87 89
0 6
21 40
19 54
14 49
1 33
11 73
16 78
19 46
2 89
45 46
16 66
73 76
74 84
11 21
9 83
16 51
34 36
5 72
64 89
17 57
66 69
0 56
21 47
62 83
43 58
80 88
4 15
40 64
2 30
72 83
8 24
26 79
35 79
10 76
17 46
72 85
60 69
28 64
23 79
67 87
16 58
18 88
30 85
32 41
22 62
24 65
12 54
43 62
28 63
33 41
47 49
38 75
36 51
25 63
39 83
30 66
32 72
1 83
74 79
34 63
42 82
14 16
10 52
22 76
80 87
41 84
16 83
18 23
26 89
59 63
15 69
64 70
27 88
63 80
45 48
21 28
6 21
27 34
28 45
44 46
74 76
7 23
25 38
35 65
64 68
42 60
5 34
12 69
42 54
36 76
22 28
10 14
9 59
15 24
4 86
46 63
19 89
17 20
22 63
18 53
25 87
31 82
24 37
36 40
10 45
32 83
14 55
26 30
8 62
10 36
1 73
19 28
51 53
17 35
17 59
21 67
60 82
52 87
23 84
65 85
11 41
5 87
1 4
14 46
46 83
31 67
29 71
63 65
4 58
38 63
39 64
20 62
41 86
0 26
22 40
22 54
31 80
19 70
8 38
30 61
49 61
59 61
54 70
47 69
29 60
46 88
71 82
26 59
19 69
40 52
53 77
67 81
46 69
58 75
13 74
13 24
24 59
2 16
27 82
38 51
5 36
34 89
4 82
8 73
8 57
52 71
60 81
36 87
43 79
38 58
42 56
6 7
18 27
37 58
20 28
27 58
18 24
56 68
72 88
18 72
7 53
37 81
40 45
1 54
35 38
34 64
27 45
33 58
48 84
70 86
49 83
4 89
40 79
3 6
12 21
4 60
9 53
66 74
65 67
24 82
27 75
16 52
10 33
23 43
77 78
56 78
7 62
0 39
65 87
28 75
25 76
26 36
24 62
28 83
25 79
17 23
5 22
51 71
85 86
17 31
18 81
64 77
25 37
43 56
12 66
18 42
64 75
11 67
41 42
12 48
32 39
0 85
6 19
19 41
3 80
64 67
2 72
29 89
9 25
38 64
22 42
41 60
13 75
1 76
34 74
1 39
54 57
9 35
16 43
56 84
38 85
44 62
26 60
29 64
1 60
0 25
0 62
3 48
51 52
15 16
25 52
3 18
6 8
3 53
14 89
21 57
10 87
7 82
54 73
58 86
8 61
24 80
12 53
29 86
0 68
4 65
34 79
0 14
16 71
13 71
13 36
12 31
49 55
29 77
8 59
35 64
13 68
12 67
27 72
32 46
27 55
55 88
12 55
12 74
7 74
79 83
31 54
66 86
48 73
4 38
13 21
34 62
9 26
43 87
30 64
13 84
22 88
55 64
45 55
71 74
2 75
27 78
29 52
0 70
26 78
4 35
48 51
0 74
12 36
26 38
9 11
48 74
33 45
13 63
15 45
61 66
42 53
23 76
22 57
15 65
16 69
5 64
14 32
52 60
17 81
31 81
18 32
20 59
13 61
18 84
23 58
8 87
4 31
14 88
5 53
34 60
19 21
28 38
15 51
59 62
37 59
13 45
19 56
21 80
28 47
22 24
10 24
75 81
16 59
61 72
18 61
4 29
5 16
16 23
50 63
15 83
11 76
32 75
5 51
53 64
19 78
39 74
33 47
60 66
29 54
13 23
16 34
15 72
59 89
31 79
30 86
50 58
28 44
14 65
14 72
67 89
26 47
57 89
30 31
8 50
31 38
51 56
39 60
51 60
3 60
6 56
58 61
24 58
45 61
17 68
0 11
0 20
40 61
39 80
34 38
18 22
8 29
78 80
1 59
9 30
24 42
16 62
13 57
11 63
2 77
29 78
42 49
60 63
14 47
40 75
4 9
68 83
14 60
17 51
14 25
54 68
71 83
34 48
28 87
37 55
21 52
29 39
20 53
63 69
7 49
23 44
69 77
25 64
3 16
28 51
24 57
53 78
30 81
21 27
47 67
62 87
47 68
66 80
32 88
48 85
32 77
80 85
18 30
7 8
5 33
47 72
56 79
44 54
0 78
41 44
17 64
49 85
38 78
13 53
19 59
5 48
49 75
56 87
37 52
41 63
46 85
1 50
66 70
26 61
12 40
26 34
45 47
1 22
54 81
73 85
23 55
2 70
4 8
28 55
41 47
1 21
1 10
21 38
4 21
7 28
17 27
3 76
48 86
16 77
29 63
6 9
23 71
14 41
3 87
10 47
54 64
23 25
36 86
47 84
56 60
37 79
42 72
7 46
5 49
12 68
63 83
34 77
9 54
48 77
10 78
6 55
33 78
17 29
41 48
20 60
7 86
43 55
8 10
20 81
71 79
16 44
7 69
61 73
12 23
23 28
46 87
3 50
12 57
2 83
4 76
27 89
51 89
20 23
35 86
24 66
2 29
1 44
9 62
71 72
21 87
24 75
69 76
76 80
40 53
46 72
56 69
8 53
39 53
23 75
22 65
3 79
48 65
15 31
5 18
40 81
46 52
15 25
69 82
34 43
59 69
6 80
26 86
16 65
63 86
12 60
8 15
12 80
44 79
42 58
26 66
37 88
78 88
22 34
18 58
46 76
8 34
79 88
75 83
0 15
30 46
80 89
20 26
42 68
6 12
70 87
58 71
11 20
30 58
65 84
1 28
12 77
79 81
25 56
65 86
35 36
24 67
27 41
32 55
45 81
13 49
15 76
3 22
33 67
29 41
11 28
66 85
1 70
27 46
15 33
8 26
15 85
40 77
3 82
17 87
30 44
12 38
6 16
48 56
64 72
21 62
11 49
1 17
5 26
40 49
6 27
35 58
18 41
77 87
61 78
43 71
0 21
15 53
16 75
37 39
2 21
36 67
3 71
28 72
2 17
52 64
31 32
8 84
36 50
0 49
56 85
51 61
22 32
48 49
22 45
12 33
30 75
35 47
21 31
15 78
73 84
21 53
39 49
16 80
1 35
40 56
41 85
32 38
26 85
55 80
5 43
25 89
5 82
1 67
35 69
14 44
15 38
9 84
9 78
48 87
2 42
2 85
1 43
18 68
18 70
7 48
27 87
14 22
11 24
52 82
18 28
79 85
35 76
0 7
1 12
45 74
38 40
57 62
0 10
66 81
23 37
0 58
81 84
44 81
87 88
48 88
72 77
54 72
25 29
48 71
42 83
29 66
65 81
2 82
39 62
33 63
66 83
10 56
10 68
20 32
24 25
0 33
29 82
55 57
49 51
75 76
36 72
40 47
45 50
1 52
33 46
6 53
32 53
44 87
6 24
17 53
10 43
61 88
34 45
4 81
0 18
33 89
28 88
6 61
50 76
41 56
32 60
43 49
64 76
18 62
13 77
22 59
14 74
45 89
16 31
38 44
4 16
6 75
10 40
42 76
21 84
6 11
46 70
79 82
37 74
11 77
18 34
59 87
51 55
48 70
3 34
65 89
9 17
30 76
15 29
24 85
62 75
3 84
25 58
27 54
20 65
13 60
62 85
7 15
2 51
72 86
10 11
1 46
53 84
44 66
74 89
4 88
4 27
17 25
24 86
22 29
44 89
34 37
1 32
67 85
25 82
49 77
24 30
17 71
15 62
19 83
80 86
42 50
43 76
4 42
19 49
76 87
41 69
45 65
12 13
26 55
41 57
4 48
6 31
17 82
72 80
26 44
41 54
33 76
48 78
34 41
7 16
71 80
60 84
7 26
25 46
18 59
22 31
29 30
22 25
15 37
32 87
18 85
50 88
62 86
30 83
0 82
12 24
13 37
33 35
18 83
35 62
7 50
31 70
36 80
24 81
3 25
5 38
25 72
51 77
53 57
44 85
36 89
29 81
40 70
28 71
26 82
16 57
3 49
11 68
74 77
61 69
58 83
12 65
35 63
64 71
44 82
25 60
48 89
9 37
5 61
5 7
55 86
63 68
8 79
12 78
34 52
8 81
1 2
38 72
39 59
31 74
1 16
29 45
55 84
20 57
22 67
65 77
85 87
7 37
11 50
41 77
24 45
53 55
6 58
30 52
42 67
25 75
12 88
21 44
16 88
40 71
11 61
4 63
34 54
21 26
7 56
11 60
74 75
18 57
84 86
67 83
6 39
70 73
40 80
2 14
41 50
3 20
33 53
9 50
42 81
45 71
9 16
13 72
36 81
58 70
27 81
54 80
26 41
30 78
4 30
7 33
45 82
27 33
29 74
3 14
7 10
9 67
12 87
7 47
17 83
51 85
20 29
17 66
77 85
50 77
73 75
46 57
11 59
4 47
10 75
7 78
17 69
4 68
6 47
40 68
66 89
4 80
40 55
37 69
19 32
55 59
20 80
3 67
47 89
33 82
43 82
45 67
59 75
24 63
55 67
64 87
23 46
10 61
52 58
10 31
1 69
32 86
27 68
0 76
14 50
3 57
11 53
20 61
32 51
8 48
20 85
71 81
28 43
33 59
50 83
46 54
11 84
6 67
17 78
42 46
62 67
70 83
31 35
0 89
1 62
52 69
42 79
60 73
25 84
67 84
10 69
11 39
26 67
29 84
0 45
51 72
48 76
55 68
13 51
38 41
67 70
56 72
29 75
58 78
70 79
26 29
46 84
42 77
35 88
1 81
34 75
52 55
22 51
26 56
4 14
10 19
15 17
16 26
27 65
73 87
0 69
3 24
11 48
17 67
19 71
28 53
57 82
18 77
7 13
