92
11
1548
60
420 2
325 2
396 2
386 4
33 2
509 3
250 3
185 1
30 4
516 2
160 1
206 1
67 4
406 1
327 2
419 1
416 3
381 4
180 5
349 3
384 2
84 1
167 3
476 5
475 2
157 1
8 5
431 1
254 3
485 4
113 4
69 1
283 1
418 2
324 1
184 2
390 5
61 1
188 2
435 4
501 4
336 2
214 4
271 2
484 5
7 2
148 2
251 5
46 4
258 4
236 3
306 5
207 2
503 2
39 4
131 2
510 2
91 5
379 3
436 1
395 4
514 2
105 3
280 1
391 2
408 3
462 4
179 2
10 5
113 3
193 2
131 4
457 1
210 1
101 3
447 4
178 3
466 2
519 1
288 3
510 5
174 3
37 4
446 2
454 1
40 5
351 4
310 1
143 1
270 3
515 4
136 2
13 91
21 28
0 80
50 54
72 81
25 46
76 79
3 19
29 50
33 66
0 85
38 74
24 43
8 62
0 77
16 73
72 73
1 50
49 57
5 87
37 62
16 72
10 78
9 21
14 27
35 53
0 12
13 86
63 89
40 59
8 63
2 41
15 20
36 82
47 48
40 78
12 36
41 83
3 47
27 78
16 44
2 81
28 44
18 85
30 83
22 28
8 9
54 71
11 50
30 52
68 81
51 80
7 21
65 70
14 75
9 84
7 89
6 23
15 65
18 61
16 63
73 84
31 85
21 41
19 36
53 79
33 69
70 74
5 73
11 39
37 49
29 56
43 72
13 76
26 91
44 85
32 43
58 59
63 85
4 12
63 84
62 67
44 76
24 47
22 72
24 51
17 80
17 47
81 84
10 39
37 67
25 80
46 62
40 87
56 63
40 54
24 37
25 87
74 79
26 48
38 41
29 41
10 43
22 52
38 69
49 58
53 78
8 89
84 90
14 34
42 89
48 81
33 73
3 57
2 58
45 84
34 45
45 62
85 88
75 88
6 27
17 58
6 41
1 29
31 51
39 83
0 71
55 81
59 86
29 88
25 47
50 71
3 28
17 51
33 57
11 57
14 62
11 15
4 59
40 77
31 79
57 85
26 46
39 82
88 89
25 66
29 87
2 29
4 25
33 53
35 87
24 83
68 73
52 55
35 81
24 36
20 79
36 47
56 69
72 85
12 44
24 68
10 12
49 85
42 55
40 79
18 43
64 71
2 22
23 89
47 83
38 67
23 88
39 91
81 82
56 58
14 76
58 81
23 54
21 49
1 56
19 86
42 91
78 80
49 86
53 62
5 17
18 62
22 62
15 69
77 82
17 61
57 72
84 86
71 82
8 17
26 33
23 51
15 34
28 37
23 42
5 28
7 57
47 84
20 87
2 5
60 88
10 22
28 36
3 82
41 53
4 19
44 80
32 74
9 62
33 47
1 48
30 79
57 68
49 62
45 83
10 35
4 81
7 42
41 74
71 78
1 36
6 51
1 52
30 91
35 41
24 88
5 34
8 49
2 67
21 59
18 23
70 82
2 35
38 64
40 71
6 55
29 43
18 52
56 88
7 35
9 12
22 49
52 83
37 79
35 65
26 88
33 61
17 83
53 80
76 88
43 87
16 34
13 75
8 31
5 15
61 70
38 87
37 40
1 11
7 60
21 85
71 72
1 16
5 22
43 89
32 38
44 57
11 14
55 90
2 19
32 60
13 63
80 91
20 56
38 91
3 79
81 86
15 25
28 73
1 25
76 82
22 80
6 61
42 68
3 32
27 49
14 84
36 46
89 91
36 70
2 4
54 62
27 44
3 21
1 63
30 36
3 48
35 39
9 37
66 91
24 63
16 45
67 89
13 44
21 42
23 36
68 85
68 78
34 57
11 49
11 75
29 80
0 52
26 35
28 87
46 65
32 37
16 69
4 20
37 42
58 60
6 65
1 85
61 76
17 23
22 82
27 88
29 66
54 70
16 37
40 47
75 85
45 61
21 84
7 70
4 34
15 86
24 53
15 60
8 21
63 81
42 81
47 91
17 46
34 77
39 41
60 84
19 62
19 81
24 49
41 58
56 72
18 48
10 49
47 49
13 85
20 23
38 42
33 40
18 27
2 56
23 62
3 9
9 19
27 73
45 82
55 67
25 85
17 34
35 49
11 22
3 70
21 44
58 84
73 86
13 82
36 57
67 71
13 25
73 75
13 26
80 87
50 84
43 63
48 53
15 17
39 77
45 60
19 51
51 83
38 61
12 55
30 65
12 27
40 56
69 85
34 67
25 40
73 81
37 39
25 83
24 61
13 58
2 44
36 71
16 65
10 29
9 53
48 63
8 67
18 44
4 7
7 19
21 80
1 89
4 26
21 76
52 91
5 69
10 77
9 56
23 49
26 78
14 39
43 58
27 43
4 28
50 63
22 79
5 11
27 87
56 66
79 90
68 89
5 13
22 25
3 87
59 80
83 86
12 24
24 31
75 81
24 82
17 64
3 71
16 75
0 54
6 72
4 77
43 62
10 30
12 89
9 55
47 55
5 52
41 44
39 44
57 79
45 89
21 40
10 85
5 91
47 62
11 26
35 91
5 45
50 73
23 91
35 84
26 52
6 73
29 84
52 80
42 73
30 69
11 43
23 70
82 86
47 67
3 76
14 49
24 89
16 27
3 20
70 87
64 67
15 30
2 30
37 71
39 75
58 77
30 74
40 70
1 68
23 84
50 75
0 36
0 68
30 58
47 57
1 73
28 51
53 76
18 29
12 22
16 20
3 37
4 79
20 58
14 63
35 57
66 76
23 59
37 74
18 56
70 88
34 89
11 65
20 22
0 10
19 49
15 40
36 42
40 83
59 72
6 86
32 67
44 70
46 81
13 57
9 15
15 24
23 46
30 31
25 79
18 39
11 53
25 34
40 67
1 6
3 88
46 53
13 66
47 68
21 63
5 90
0 4
13 46
58 75
33 75
38 63
5 33
61 78
0 28
68 80
27 35
30 53
65 89
38 89
2 50
7 18
52 81
46 52
19 55
39 87
10 70
74 88
49 87
4 11
12 33
61 80
40 69
23 78
6 53
84 88
5 60
43 78
42 85
20 83
52 73
28 78
3 18
30 64
43 55
0 37
2 51
45 64
2 89
30 68
7 49
4 14
42 90
17 82
15 32
9 18
0 61
57 69
10 71
46 86
56 80
2 85
12 64
33 68
6 48
32 49
1 7
49 68
14 91
7 30
3 66
32 73
29 71
31 66
23 30
37 66
39 76
15 39
2 38
35 82
7 25
0 42
44 69
37 58
21 24
4 37
25 90
29 61
67 90
6 82
39 51
48 50
28 74
31 90
27 60
55 57
24 42
32 53
2 9
23 68
20 27
56 75
10 45
22 24
6 77
1 42
49 69
16 74
5 64
8 37
29 70
73 91
37 46
0 70
64 86
49 61
9 77
9 10
9 36
49 91
48 60
46 77
27 53
4 90
9 13
0 49
34 71
18 65
7 34
10 50
0 41
60 74
45 47
26 30
16 33
46 47
41 67
0 60
31 37
15 28
4 32
11 27
21 65
63 72
17 88
58 87
58 89
29 65
6 85
21 43
17 81
5 51
53 54
31 65
28 88
12 53
26 42
6 91
51 66
45 79
13 55
48 86
19 70
18 42
25 32
28 84
42 47
4 29
79 89
27 74
26 32
34 36
15 76
3 13
69 80
40 75
37 56
67 74
5 61
21 67
60 67
3 6
66 87
5 43
41 66
17 91
4 39
6 52
10 31
35 79
38 58
56 77
43 76
57 67
59 73
48 82
21 26
34 90
10 60
41 57
47 90
43 75
0 67
35 90
27 38
13 50
3 84
13 68
30 87
64 80
35 60
46 64
48 56
5 44
26 65
47 89
4 33
16 32
21 30
8 25
31 83
2 3
21 38
30 88
45 86
12 41
50 62
23 76
7 38
17 53
62 91
12 26
46 83
62 85
33 55
60 65
6 31
72 88
3 77
16 50
38 53
6 24
16 28
5 23
37 89
39 43
44 52
27 69
58 85
66 73
6 32
40 82
27 30
45 50
58 90
26 89
50 55
30 55
4 64
47 52
29 81
18 21
26 56
50 72
34 53
73 78
58 88
55 78
35 58
39 61
20 74
46 59
30 67
32 40
80 89
24 54
50 78
76 77
74 89
41 62
62 80
7 78
43 69
14 66
51 77
81 91
31 76
46 51
44 86
16 64
14 69
0 32
28 29
11 38
23 83
56 62
29 55
5 24
50 91
36 73
45 91
15 53
3 5
14 88
14 60
26 61
56 61
42 87
56 79
49 81
28 82
48 62
45 59
26 90
3 7
73 79
19 48
62 86
42 50
48 61
4 44
9 74
14 29
51 61
59 84
84 89
6 14
66 78
34 79
22 51
2 60
13 52
38 68
50 56
5 80
6 49
18 28
68 83
11 21
2 36
17 31
3 39
54 58
58 65
74 82
45 66
1 44
30 44
86 89
11 28
36 81
25 82
16 76
17 39
64 83
33 43
48 51
25 35
31 35
2 8
17 84
6 66
1 19
8 52
68 87
26 63
11 45
11 74
35 38
12 51
13 39
48 69
21 35
64 79
40 73
39 50
24 59
38 88
11 60
64 90
40 48
20 72
19 65
35 59
68 88
33 87
58 61
53 73
7 12
28 67
15 50
47 58
60 69
5 89
9 33
83 90
11 16
9 60
5 8
70 75
36 60
5 78
1 35
3 85
18 87
3 25
10 36
44 47
14 26
73 89
15 21
18 63
1 18
38 85
37 73
4 58
9 52
26 47
14 55
51 90
39 66
28 58
15 84
26 84
49 78
3 35
27 81
23 43
47 79
64 75
30 75
73 88
17 74
13 79
17 62
7 8
14 21
17 42
22 36
49 53
14 20
47 72
32 86
19 21
17 63
2 42
56 87
23 35
55 59
19 76
29 30
41 51
0 46
58 83
15 36
64 68
51 72
29 47
10 19
1 57
1 41
61 72
14 31
11 87
38 71
81 90
17 19
15 42
17 55
53 90
39 40
13 27
3 24
16 48
5 83
42 75
27 55
2 47
29 37
23 75
4 76
3 75
5 56
26 76
40 45
9 59
22 44
65 83
43 71
27 48
0 25
17 72
6 13
71 91
41 70
51 86
52 86
70 81
19 25
46 50
44 74
6 10
18 86
12 67
19 87
8 73
83 84
62 90
61 67
42 45
21 25
0 29
6 84
28 89
15 90
19 78
41 82
21 73
42 74
16 79
35 70
24 86
36 39
66 83
7 43
63 71
45 63
20 50
41 73
5 55
44 87
41 47
2 57
43 59
17 71
13 24
62 79
31 43
31 47
38 55
23 37
14 28
2 91
9 23
0 64
15 31
54 55
30 71
5 62
60 79
7 22
22 66
17 41
47 56
22 54
7 11
8 88
26 71
67 85
57 73
23 57
78 91
25 86
50 65
4 10
6 35
11 23
23 55
79 82
12 56
6 43
32 34
78 83
23 80
52 53
13 17
18 25
28 77
74 75
24 77
46 80
62 73
9 11
43 80
36 74
56 91
22 81
19 71
59 90
33 72
7 62
24 76
11 46
57 77
49 50
13 31
2 43
59 60
18 40
76 89
10 47
44 49
68 77
17 56
0 23
43 45
59 61
44 46
46 71
44 65
1 81
28 66
13 19
27 42
65 82
43 82
7 84
25 36
38 84
4 80
12 66
6 8
57 87
59 66
2 75
11 84
17 50
32 66
12 75
14 83
35 52
1 88
5 20
35 54
54 86
49 74
1 77
29 78
7 82
1 17
6 59
33 83
38 47
15 52
14 89
8 83
12 76
22 39
61 89
40 86
41 90
8 91
24 85
46 54
10 53
3 43
13 61
0 48
55 84
17 35
28 70
12 70
9 90
50 74
46 72
30 63
41 88
0 33
54 90
6 68
50 76
27 85
0 66
23 45
16 56
45 67
14 61
28 63
13 67
28 86
3 15
20 47
72 80
39 52
25 33
40 65
56 76
13 29
8 43
46 89
23 52
52 60
3 10
36 50
18 20
44 60
32 44
31 50
47 65
16 84
80 83
19 69
21 47
50 88
77 90
1 84
35 86
7 72
23 85
0 40
8 44
27 47
19 74
11 76
6 88
42 70
23 82
54 87
2 25
30 40
0 90
22 83
32 57
25 72
15 91
13 16
31 52
27 40
0 79
34 74
31 64
65 90
41 56
12 63
27 90
21 34
0 63
4 17
24 73
47 75
9 16
38 60
28 32
0 62
6 37
0 17
46 84
25 84
3 42
15 43
13 70
10 68
52 69
23 31
17 79
77 86
17 68
43 60
27 56
22 47
61 64
30 59
11 71
2 21
12 34
3 30
67 68
27 45
22 23
53 84
34 64
7 20
50 90
27 46
66 88
14 18
22 40
63 73
70 73
9 49
45 52
21 22
37 90
0 31
10 28
32 84
17 44
1 21
29 63
83 85
4 62
43 64
1 71
8 70
65 86
26 39
47 78
20 73
15 46
14 52
23 32
20 35
37 53
67 75
22 76
12 16
61 82
65 66
36 52
38 79
51 68
72 78
11 40
7 81
26 74
52 77
28 31
10 18
8 78
20 28
28 34
5 79
73 80
53 61
38 57
23 60
17 57
65 75
41 86
12 61
59 67
76 81
75 83
39 74
45 78
39 60
41 42
25 44
23 61
33 91
19 40
36 87
66 75
64 82
69 71
29 32
25 52
10 61
2 32
7 26
38 83
25 75
23 65
12 71
20 86
17 60
21 53
18 78
20 80
78 90
46 49
61 91
39 55
35 62
11 83
15 35
36 84
63 66
4 50
26 55
8 24
51 71
18 89
75 79
22 57
36 55
8 45
8 41
34 91
9 71
20 62
8 53
2 23
29 39
2 49
23 86
5 57
20 34
4 36
24 65
2 45
73 82
15 64
11 41
37 87
18 50
68 84
43 79
10 88
4 5
4 27
18 26
31 80
39 81
25 63
41 54
19 68
12 38
32 76
30 61
20 82
50 89
49 84
40 42
16 83
40 68
53 66
6 25
27 71
19 39
13 43
15 73
2 84
24 33
22 53
21 75
60 61
57 91
83 88
7 14
19 73
15 74
30 78
12 13
24 57
13 72
13 78
4 57
47 86
65 67
7 48
30 38
3 58
79 84
69 86
1 60
14 79
54 61
42 53
23 39
30 34
45 88
28 49
66 69
57 90
7 77
46 73
72 84
65 77
82 90
52 72
34 43
36 59
5 10
10 20
37 61
20 41
27 76
48 90
2 37
72 77
3 41
15 80
14 22
12 42
75 90
23 72
13 38
19 85
42 72
31 53
5 19
26 28
82 85
10 91
47 70
27 72
70 79
54 65
12 32
69 73
31 62
68 79
56 73
65 80
58 69
38 81
27 67
20 69
49 63
38 43
28 61
6 83
