93
4
2866
60
27 2
35 2
32 2
31 4
29 2
34 3
32 3
30 1
30 4
27 2
26 1
27 1
34 4
34 1
35 2
26 1
31 3
28 4
32 5
36 3
26 2
31 1
36 3
27 5
32 2
29 1
28 5
36 1
35 3
34 4
33 4
34 1
29 1
26 2
28 1
33 2
31 5
28 1
28 2
35 4
32 4
28 2
34 4
33 2
35 5
30 2
27 2
29 5
31 4
35 4
34 3
32 5
27 2
36 2
31 4
29 2
26 2
33 5
36 3
26 1
31 4
31 2
34 3
31 1
28 2
26 3
36 4
29 2
28 5
26 3
32 2
35 4
29 1
26 1
29 3
35 4
33 3
28 2
35 1
32 3
27 5
31 3
32 4
32 2
29 1
32 5
30 4
33 1
32 1
32 3
27 4
32 2
34 5
13 74
1 14
0 56
48 81
68 85
23 50
71 83
43 56
19 33
7 74
34 55
37 84
23 83
3 24
3 38
16 53
68 77
47 89
20 57
11 76
10 74
6 27
10 64
8 91
36 58
11 73
1 77
54 77
44 50
39 65
44 72
3 78
14 78
9 28
45 86
31 66
37 63
40 87
12 34
27 47
37 81
2 24
21 52
18 48
4 54
21 72
4 46
11 35
10 53
29 80
65 78
32 54
3 51
17 48
34 45
2 13
11 72
20 88
23 66
17 67
16 43
26 35
6 57
24 82
52 57
19 28
53 79
66 88
67 80
71 90
36 63
8 35
42 72
54 85
32 82
43 83
31 67
40 69
6 91
61 72
57 69
38 78
19 27
63 78
47 60
23 91
12 85
76 80
13 42
13 54
36 79
36 44
56 80
37 59
54 74
12 60
23 77
25 58
35 78
25 84
14 75
28 71
12 91
22 26
24 60
31 69
8 77
75 79
35 84
70 81
13 89
47 71
33 34
17 27
17 29
22 25
26 79
32 53
11 63
71 77
51 64
34 79
16 76
3 47
0 5
14 38
8 60
17 86
57 86
44 46
24 85
42 69
17 30
0 9
32 77
14 44
24 30
79 80
39 83
11 88
10 32
56 57
38 90
0 3
77 90
29 54
2 72
7 68
35 60
32 73
6 70
39 61
65 70
50 76
10 70
45 87
20 55
35 61
68 89
7 10
17 84
4 56
48 71
2 20
10 67
40 76
9 34
61 86
57 73
22 85
38 80
23 61
16 70
20 69
31 64
32 51
14 58
19 88
23 27
29 69
18 77
19 63
33 40
72 91
11 50
6 7
40 58
22 36
7 36
18 49
13 66
17 40
16 72
22 23
67 91
20 46
2 40
78 79
7 84
49 79
22 84
17 77
20 27
46 76
60 66
32 38
42 66
13 59
9 67
10 66
40 57
44 90
37 40
30 46
32 67
70 79
9 59
4 52
4 30
47 87
36 51
7 31
1 26
38 89
12 74
67 87
81 84
3 5
21 29
15 35
35 42
33 87
8 37
7 88
11 32
29 65
13 25
67 71
4 35
37 74
39 77
28 73
55 88
53 89
13 37
6 55
16 87
6 23
51 63
36 91
26 58
16 22
32 81
32 33
19 26
33 79
5 84
13 58
10 25
37 51
79 89
18 57
3 50
17 22
57 89
40 70
18 80
67 81
7 23
8 92
58 81
66 89
43 55
54 66
17 23
63 74
77 91
74 88
48 67
14 77
13 39
2 84
6 44
86 87
4 50
30 68
22 54
5 33
29 43
77 81
22 35
14 66
14 31
78 80
45 47
58 83
52 77
16 67
26 78
4 68
82 91
41 81
9 24
9 23
39 45
24 35
41 75
52 70
17 73
62 63
22 78
65 82
46 69
31 38
14 39
27 30
33 71
28 58
12 83
28 55
6 33
31 61
60 84
1 36
14 68
56 65
87 88
5 44
38 81
16 77
22 56
62 73
27 57
52 85
16 17
39 53
23 44
44 57
7 59
3 58
22 67
41 51
24 25
15 41
35 66
6 52
21 65
5 20
17 57
14 18
15 77
82 87
30 83
62 87
43 86
9 39
24 62
18 26
1 23
25 41
0 90
59 84
50 79
70 71
50 77
29 81
29 41
44 70
11 78
19 21
17 49
6 73
55 92
30 31
30 91
10 88
3 32
8 70
56 89
58 92
43 84
35 71
41 57
8 27
69 74
4 65
74 84
49 68
4 13
46 88
7 42
5 41
25 83
24 84
32 58
12 90
0 47
23 28
38 57
49 75
66 78
48 76
10 63
69 80
36 53
46 65
24 33
6 60
63 76
35 85
44 60
37 79
10 41
65 91
37 45
34 89
28 60
6 37
0 4
11 84
16 51
5 83
51 71
5 88
1 79
3 41
37 91
28 62
33 45
42 58
5 28
9 52
14 25
16 83
9 12
4 41
30 35
74 76
65 86
58 89
17 37
12 67
57 80
76 77
20 48
12 14
23 71
67 92
25 37
13 77
16 55
7 66
72 90
27 74
42 62
7 27
24 44
10 34
21 79
55 56
18 72
38 52
7 41
55 87
44 85
5 85
65 81
46 54
0 10
20 67
33 41
33 65
4 12
35 43
25 88
0 57
32 62
14 60
16 23
2 76
24 88
23 43
75 85
43 70
4 58
55 82
24 61
67 88
2 83
18 62
61 82
47 82
22 29
36 83
23 92
44 77
30 40
26 86
14 85
23 57
3 34
1 12
7 62
29 86
13 71
7 13
27 83
59 72
44 64
2 55
2 37
12 52
64 92
84 89
4 77
0 63
63 81
6 50
72 78
0 83
67 77
13 14
8 53
5 15
39 82
15 21
6 71
6 76
39 89
57 72
15 62
31 91
26 42
37 75
44 78
14 82
9 13
22 88
26 69
20 47
1 67
12 80
3 81
66 81
12 26
1 34
25 80
32 36
46 60
21 38
56 68
17 79
15 22
33 36
34 81
3 19
37 73
24 63
32 78
2 86
36 78
63 69
51 76
6 92
24 92
35 46
51 61
45 46
3 63
14 33
70 82
64 81
48 73
42 89
11 44
39 75
63 82
4 37
20 38
3 54
21 54
42 78
46 51
51 53
47 65
17 55
9 32
42 85
33 83
4 47
16 44
32 61
4 64
30 34
25 61
41 92
9 25
45 67
65 75
9 60
11 75
55 77
13 81
45 80
2 15
62 91
21 73
28 33
12 57
31 73
32 40
7 19
23 70
35 72
15 39
32 37
29 38
30 92
22 72
38 84
5 7
21 27
79 84
57 83
41 77
43 67
50 51
26 91
4 28
18 45
28 91
4 51
64 91
13 79
24 77
3 53
9 35
31 55
27 29
38 45
15 32
31 77
11 14
23 41
19 75
54 86
56 88
37 69
38 67
27 36
48 57
54 65
34 35
81 85
69 90
29 51
60 72
8 61
48 49
22 32
5 49
27 40
45 91
48 77
22 73
10 39
29 61
63 88
52 60
18 53
14 83
10 36
10 17
19 58
4 29
68 74
67 82
47 64
20 60
12 46
41 53
14 86
7 58
50 69
49 53
38 47
60 91
8 14
22 61
15 61
29 32
67 76
20 89
17 60
85 92
9 56
16 80
12 37
27 49
45 73
49 57
45 81
49 90
44 75
1 66
19 47
76 82
12 75
15 45
0 36
0 50
26 27
26 45
27 43
40 56
15 57
1 29
0 77
51 56
39 81
64 75
29 78
1 61
48 62
75 76
9 79
11 12
10 23
17 70
12 86
29 91
34 53
15 49
35 63
37 68
54 88
55 75
38 65
11 46
10 46
34 50
28 54
40 61
46 82
36 92
7 81
35 49
4 5
26 72
2 12
38 59
9 11
10 78
38 83
45 58
53 55
30 65
30 57
21 37
12 62
34 47
9 54
89 91
19 44
17 61
82 86
30 54
37 82
29 57
48 89
23 69
23 49
17 32
48 82
27 58
19 85
35 44
32 75
58 62
45 49
53 87
10 40
11 48
19 42
31 33
8 64
46 79
37 46
83 84
6 43
52 64
31 53
10 21
27 54
41 69
34 69
32 76
5 65
57 60
25 44
2 21
2 90
33 57
45 90
69 79
2 46
49 56
21 41
5 30
57 58
30 64
53 92
24 70
13 56
24 76
31 72
31 49
74 86
38 53
49 62
71 81
48 78
12 54
50 56
60 71
14 48
24 81
3 56
75 81
31 41
27 38
64 72
4 23
18 23
11 23
27 61
13 61
0 40
35 70
30 63
42 61
24 65
60 78
47 56
54 79
15 76
14 70
14 42
68 92
54 72
26 61
54 90
10 83
48 69
6 66
77 79
26 60
22 83
69 78
19 25
60 77
43 80
47 51
9 65
14 41
13 18
40 52
76 87
16 36
31 52
65 77
20 24
52 86
9 31
44 52
44 92
48 83
7 82
17 80
61 83
65 80
49 59
16 85
5 72
9 44
52 73
6 54
70 76
3 55
12 31
45 79
15 42
73 89
36 41
17 21
3 60
17 18
62 68
58 73
46 86
24 73
30 43
6 32
0 68
30 73
9 37
65 84
35 59
54 64
7 54
4 75
34 54
44 84
6 29
33 67
59 80
62 64
9 15
49 55
24 31
47 62
12 33
39 78
26 29
3 13
18 81
6 89
54 87
7 22
39 91
54 69
18 73
28 35
70 75
25 91
58 66
48 90
10 82
76 81
14 15
28 44
13 36
22 90
4 57
41 55
10 58
10 22
80 92
71 74
64 82
43 45
21 67
69 88
13 57
8 39
19 62
6 77
36 85
8 12
34 57
13 50
10 28
50 72
38 74
17 56
59 62
3 83
26 54
8 29
37 39
11 53
21 87
61 90
21 76
69 89
55 90
49 65
6 8
10 49
71 78
10 31
21 80
47 85
49 91
8 57
46 64
44 82
9 38
3 4
55 61
25 43
42 79
23 67
56 86
40 55
10 45
15 17
8 71
18 88
73 81
28 77
0 27
2 49
21 59
28 38
12 27
3 69
43 62
37 71
22 63
17 34
7 89
50 88
27 87
75 84
14 74
31 46
24 66
38 69
7 34
15 63
28 67
3 82
2 65
12 38
15 87
66 85
39 51
50 55
21 88
8 33
15 72
26 82
2 28
33 53
8 23
18 59
21 45
68 70
5 12
47 58
3 20
44 91
55 72
18 64
78 90
9 64
11 89
75 91
60 81
22 80
59 61
62 65
9 26
4 9
22 53
28 57
1 50
32 86
21 48
12 55
41 76
34 86
7 72
41 65
35 53
39 56
2 80
2 9
44 59
40 77
5 79
0 66
43 85
67 72
12 22
17 50
25 63
39 74
41 54
11 37
1 31
6 35
31 76
30 61
17 71
53 59
6 25
18 74
3 9
4 55
8 41
58 76
9 61
30 51
22 77
46 48
58 69
50 87
61 69
19 59
67 68
41 85
55 81
2 78
45 85
36 70
14 23
7 47
20 83
73 86
0 86
12 29
31 84
14 27
17 87
50 74
33 64
5 6
58 77
28 45
38 64
24 49
79 87
1 44
16 50
42 80
40 50
55 65
53 65
6 85
57 90
0 1
23 46
1 27
9 19
55 85
4 44
51 92
46 92
17 92
80 91
60 87
35 48
65 74
41 78
18 35
2 82
44 66
23 58
24 56
43 63
22 34
4 43
8 19
7 87
52 88
42 82
13 72
9 76
38 40
67 78
25 59
11 90
23 36
57 66
20 28
43 92
14 22
17 33
30 53
19 30
34 68
6 16
29 35
34 70
53 62
53 81
88 92
7 71
78 82
0 71
1 80
62 71
33 44
33 86
11 52
3 71
20 80
29 31
38 73
60 88
6 15
32 90
7 39
48 74
45 48
14 45
7 64
39 46
36 87
54 60
24 79
72 92
7 14
49 58
4 71
65 67
24 51
45 83
53 66
7 73
67 74
16 75
25 67
10 56
1 70
10 72
44 63
5 39
28 31
22 37
7 90
28 86
17 88
38 60
55 60
20 40
39 71
40 43
59 82
41 71
10 47
23 25
1 41
11 57
27 85
46 85
0 79
30 76
63 86
41 45
74 80
8 68
26 85
49 72
7 12
48 68
66 91
13 31
24 28
0 44
14 64
44 54
40 46
1 69
9 66
4 80
41 72
0 73
13 15
4 10
29 68
0 62
16 74
31 81
37 87
64 70
35 50
79 91
32 88
34 75
47 78
43 77
46 47
15 34
10 54
27 59
11 82
48 60
24 45
55 64
58 65
37 70
9 77
9 49
33 51
3 39
7 53
45 78
11 47
2 54
16 20
15 53
66 83
17 58
4 70
33 35
17 47
9 80
42 60
26 90
24 68
1 78
71 76
82 92
21 81
11 65
64 69
42 77
35 82
25 49
33 82
35 90
49 74
12 39
64 65
29 42
21 84
0 31
34 44
68 72
30 41
1 15
17 31
4 17
23 24
57 61
7 51
18 24
38 75
29 30
29 40
42 44
42 64
27 70
30 45
27 62
46 70
20 49
30 85
1 89
25 75
1 13
59 88
64 74
57 87
1 30
11 30
12 66
1 56
20 66
49 92
69 83
1 85
2 69
51 57
26 44
21 92
27 63
23 30
30 33
18 75
12 87
51 79
41 79
24 64
23 33
8 75
29 46
62 86
10 76
83 92
19 87
18 51
38 82
0 43
38 68
24 91
59 68
24 26
33 52
23 78
46 77
36 47
18 61
65 90
7 67
28 50
2 59
28 80
19 40
21 69
0 42
25 46
42 55
3 21
0 60
51 52
18 56
73 82
19 84
31 62
59 85
0 59
34 78
84 91
6 28
19 32
60 85
0 34
40 88
69 81
6 41
36 49
31 90
13 55
35 69
1 48
3 26
66 79
50 61
28 90
37 41
1 24
35 88
9 45
23 59
42 49
18 27
28 30
35 38
0 6
8 47
11 19
39 44
37 44
35 68
5 19
20 41
3 91
5 17
17 78
13 43
26 43
31 45
25 34
90 92
46 57
11 70
9 78
37 57
0 54
36 90
2 92
16 19
62 83
34 92
39 55
3 36
31 78
51 86
66 69
50 65
0 2
23 73
50 73
61 79
72 82
56 63
76 79
15 92
15 55
32 74
30 44
7 75
24 29
23 80
4 33
13 20
6 42
62 78
80 86
70 77
14 76
73 88
35 75
39 70
15 38
21 53
43 44
2 6
84 88
29 62
36 52
1 51
42 74
45 61
6 75
1 2
75 89
16 62
59 78
35 73
18 25
14 30
36 73
24 59
19 89
27 45
52 92
68 81
58 59
52 84
6 24
9 20
71 79
27 90
42 59
24 74
77 87
74 89
0 82
18 47
25 64
77 83
12 61
68 86
27 41
18 69
28 49
65 92
27 71
65 76
5 81
30 36
54 84
63 66
12 70
5 21
20 45
48 51
8 43
28 29
59 65
28 63
6 67
58 74
68 79
73 92
68 83
29 56
11 15
21 49
49 73
2 53
81 90
5 50
21 51
23 60
28 39
42 71
19 20
27 33
67 75
58 75
7 20
7 33
20 77
61 76
8 20
43 59
24 72
2 68
23 63
53 78
18 92
1 75
19 50
37 54
22 92
25 42
38 55
0 80
57 79
49 88
80 84
26 68
6 56
31 47
26 38
25 85
2 77
10 69
15 90
37 43
10 52
58 87
9 14
61 74
26 47
37 77
20 91
45 68
54 58
21 55
31 50
9 16
65 66
38 79
18 85
43 52
45 54
64 88
9 17
31 48
18 79
25 39
19 91
9 46
26 36
40 49
33 80
20 54
50 53
38 88
38 39
21 47
6 22
15 68
18 55
40 79
56 70
38 87
22 82
1 19
0 25
26 33
1 87
32 92
52 61
8 79
59 73
16 60
5 40
83 87
70 89
6 59
18 70
11 77
9 87
19 53
27 34
28 75
8 69
22 58
30 42
26 89
47 50
1 60
26 39
43 53
32 71
63 73
9 73
84 85
13 23
44 83
76 78
26 66
85 90
11 81
36 50
14 84
58 71
72 75
29 47
22 86
6 78
22 39
11 31
64 68
32 48
48 80
40 72
38 72
49 87
50 78
22 79
28 82
56 76
14 89
68 84
20 36
23 47
25 55
31 65
32 34
7 43
1 83
78 84
66 76
44 62
27 65
75 83
13 92
30 75
42 48
47 83
54 57
10 85
40 91
22 45
28 42
63 90
79 82
47 66
21 83
16 84
9 74
20 31
50 92
17 91
32 80
27 53
79 90
48 61
1 86
30 62
71 88
27 67
36 68
13 64
5 68
0 18
3 64
56 61
3 72
16 37
66 80
41 82
20 25
17 54
40 62
16 34
20 92
2 73
17 28
8 54
10 11
34 66
22 30
11 64
52 72
19 38
26 37
81 88
21 63
64 84
8 11
10 84
58 91
53 73
45 84
20 30
58 61
52 76
34 90
34 36
15 19
39 54
2 87
44 89
82 85
1 33
54 71
3 17
5 43
26 84
5 47
42 47
28 36
55 83
2 42
28 70
77 78
9 51
28 53
29 71
20 76
32 66
53 69
47 75
15 59
18 83
6 39
39 86
1 43
26 67
66 75
18 44
54 55
37 85
2 36
56 84
9 22
55 68
27 56
32 42
52 54
17 20
46 90
41 58
50 86
0 13
57 91
22 69
87 89
17 25
30 72
22 76
57 81
37 89
28 52
3 25
36 77
31 54
46 58
53 76
13 27
2 19
43 78
39 42
36 42
24 78
52 69
6 49
3 46
9 83
49 71
41 66
4 20
40 67
49 82
19 83
22 28
10 62
13 30
1 84
15 75
6 62
71 75
15 80
17 85
34 48
22 43
81 86
48 88
54 62
72 79
49 66
12 59
7 37
4 21
33 89
23 68
43 60
15 70
61 67
86 91
32 55
39 43
32 79
40 75
13 52
42 54
7 91
8 18
35 51
47 61
23 38
50 59
67 69
32 69
2 5
62 84
45 64
36 61
28 43
51 62
26 32
4 60
4 6
2 23
26 59
33 55
18 32
55 71
9 33
57 70
33 68
66 71
0 38
28 79
50 83
64 76
9 71
44 88
86 88
43 74
60 67
22 46
20 84
28 61
10 29
3 70
11 22
26 56
82 83
10 38
6 87
12 77
12 71
52 65
24 39
83 91
32 84
17 35
41 87
56 62
6 46
61 70
4 42
7 25
31 88
44 80
33 88
29 58
11 45
28 76
30 37
67 86
14 71
3 87
42 56
13 16
7 50
17 62
35 79
12 81
28 40
29 59
74 91
61 64
30 59
34 71
48 85
40 45
4 74
8 73
3 48
69 72
43 69
7 35
23 39
1 28
74 87
38 63
14 40
26 88
76 84
2 75
26 52
15 51
8 66
55 69
37 67
36 75
58 84
0 32
70 80
2 39
46 66
40 54
41 42
8 42
56 58
49 54
14 20
20 87
67 70
18 38
16 61
28 74
54 78
47 84
54 89
6 63
70 88
71 92
10 20
15 71
35 89
50 71
32 91
33 62
18 90
59 63
33 42
33 46
31 75
7 15
10 59
64 87
1 82
71 84
0 53
78 85
1 81
66 92
7 55
6 68
36 89
2 52
61 71
57 65
28 68
31 40
24 89
4 39
24 75
55 80
9 85
32 63
35 47
28 87
23 82
60 64
77 85
60 86
15 89
73 90
28 48
30 86
19 57
34 60
20 51
22 55
30 58
22 74
5 32
53 68
16 65
32 41
24 42
52 62
46 84
27 80
15 25
14 73
32 68
21 35
5 57
1 4
52 87
73 79
23 76
31 58
9 91
6 45
3 31
60 89
13 76
8 38
0 81
39 60
16 41
5 71
74 85
27 46
1 91
0 46
5 29
29 52
66 87
57 68
56 82
79 86
57 71
10 71
51 75
47 70
37 47
38 86
39 84
58 86
29 74
56 91
3 84
38 50
29 33
51 69
9 47
46 56
48 64
27 31
5 9
2 88
2 62
25 50
12 41
8 10
13 83
4 87
38 91
16 33
7 70
56 64
37 53
45 59
61 65
86 89
31 79
22 71
69 75
62 89
30 80
8 44
52 82
4 53
75 86
47 80
43 90
4 40
49 70
64 66
15 85
86 90
13 47
55 74
40 85
34 51
0 45
19 78
7 9
0 39
23 34
25 86
33 73
69 92
55 91
7 52
26 77
1 90
27 42
15 30
10 91
77 86
43 46
56 81
42 45
21 86
88 91
39 41
33 43
56 90
12 16
10 44
10 27
46 80
0 70
64 73
20 58
50 82
48 52
79 92
3 42
0 14
85 88
29 76
1 59
15 82
68 71
16 58
58 70
20 62
36 60
64 67
26 65
47 74
30 32
11 61
24 34
69 87
48 72
17 46
46 63
54 63
21 33
61 87
44 53
68 82
45 63
28 83
15 31
22 59
1 21
33 75
16 59
13 90
1 16
17 81
22 65
80 88
5 69
87 91
74 79
85 91
0 88
18 82
31 42
48 91
2 8
5 86
8 32
25 57
25 27
57 85
38 71
19 76
14 17
26 48
4 79
26 80
33 84
62 92
30 74
36 37
29 50
55 70
71 87
1 65
60 62
11 86
31 92
49 69
10 37
21 62
31 56
39 87
16 39
52 91
68 88
38 62
57 88
38 43
49 63
9 62
53 74
34 39
68 75
80 82
8 17
1 45
58 90
44 73
37 50
17 69
19 60
32 50
25 77
11 18
4 15
30 66
12 76
60 83
22 81
55 78
18 37
28 81
59 76
53 90
76 86
0 55
33 76
43 76
25 47
74 90
37 92
69 86
19 68
56 85
78 91
8 83
36 72
9 57
33 60
54 81
1 52
36 64
89 92
44 69
25 73
31 85
45 72
35 56
32 35
52 55
1 7
30 60
22 60
30 82
10 75
2 26
8 22
31 59
21 64
44 48
29 82
43 61
2 17
45 71
25 90
63 68
2 29
51 67
17 72
30 48
72 77
25 45
34 58
8 76
6 38
0 89
62 75
6 30
21 74
2 32
19 52
34 38
68 76
65 71
0 19
43 87
37 64
45 76
36 43
33 85
42 86
24 48
51 82
81 92
46 83
46 59
5 56
5 62
18 54
61 75
73 91
59 74
70 85
51 54
15 29
5 92
22 48
29 64
12 84
53 63
71 73
84 87
5 45
50 57
5 48
2 60
8 58
77 92
38 41
52 67
2 89
38 77
35 65
8 24
13 53
5 23
23 75
63 77
48 63
27 89
43 81
21 82
68 80
13 78
43 49
31 34
9 86
25 72
40 42
25 38
34 64
46 74
4 32
5 42
16 32
20 75
0 37
67 83
0 26
52 74
22 41
48 65
6 11
59 87
40 84
48 56
5 34
30 77
21 78
11 21
3 33
26 34
16 47
44 47
16 91
24 50
11 62
25 53
10 81
40 90
16 71
72 85
26 28
52 53
11 54
4 24
13 26
53 77
41 56
42 70
36 84
16 52
42 90
14 92
35 36
34 87
8 46
17 83
21 66
66 68
18 46
17 38
37 60
75 78
5 53
18 41
7 44
47 92
13 34
22 49
1 10
1 92
8 63
45 53
2 66
44 61
38 42
27 88
0 48
10 89
6 86
5 27
53 54
76 89
8 28
59 77
44 65
29 89
23 74
33 38
39 90
70 72
2 71
16 28
19 92
85 86
60 69
66 67
4 18
63 64
10 30
11 91
68 69
26 64
26 63
9 41
17 36
31 87
24 40
0 61
79 83
49 84
45 55
19 55
63 91
26 74
62 80
38 66
45 65
0 84
55 59
15 66
35 37
43 89
56 71
37 55
14 26
46 55
27 75
25 81
37 42
12 45
42 51
37 83
40 47
15 91
24 43
34 73
42 46
66 82
17 82
23 52
14 37
12 82
2 63
13 24
29 88
31 83
15 54
16 48
50 91
65 79
27 60
8 62
13 21
22 68
75 77
26 53
0 15
41 62
23 62
33 47
4 26
67 79
31 37
8 56
69 77
38 56
8 45
16 54
51 59
10 15
36 45
52 81
64 85
59 79
5 35
0 49
1 71
14 55
18 67
14 53
59 81
35 74
62 66
12 58
2 70
4 82
7 86
48 87
17 74
14 36
21 57
56 72
20 44
65 73
13 22
52 90
30 47
18 39
18 60
6 21
25 74
28 51
27 52
31 68
40 68
31 32
24 54
56 66
15 65
54 75
1 74
24 47
46 71
41 59
10 68
63 72
89 90
65 68
61 85
25 54
40 78
6 64
84 90
42 43
11 43
23 45
73 84
13 40
27 66
87 92
69 91
18 22
37 48
3 65
1 40
47 79
47 68
51 55
86 92
14 29
19 70
26 81
11 34
21 23
4 48
66 73
36 55
55 86
23 79
13 29
54 91
19 64
50 67
33 63
18 31
34 91
30 79
41 64
11 26
51 81
17 66
7 45
58 78
52 79
5 31
28 32
15 44
3 68
41 47
61 77
68 73
6 19
25 29
19 37
9 48
43 54
10 86
51 84
41 88
8 85
19 31
63 71
71 91
37 49
13 49
1 53
20 43
28 69
74 77
71 82
15 43
7 57
58 88
23 85
5 55
56 75
66 86
29 55
7 63
3 74
15 50
56 92
12 56
15 33
18 65
24 53
9 92
44 45
15 81
17 76
60 63
5 13
14 56
42 83
12 23
36 66
7 11
27 55
11 67
10 61
4 84
12 63
43 79
24 80
61 63
80 87
20 79
12 65
63 89
9 21
27 68
67 90
68 87
39 47
64 86
23 65
12 72
3 49
20 50
12 50
53 82
13 19
57 76
42 91
4 8
3 90
0 78
15 20
41 44
10 65
36 38
5 24
40 92
23 37
57 74
17 53
24 32
16 46
22 57
30 49
16 31
19 46
14 54
3 7
3 52
8 89
43 51
43 58
43 82
4 83
21 85
16 18
10 73
7 83
27 78
75 87
40 48
10 48
1 9
3 16
10 43
16 73
31 44
1 68
47 55
34 85
5 63
4 88
54 92
9 40
13 68
6 83
34 46
29 75
20 74
67 84
36 57
4 14
7 30
56 83
39 49
5 46
14 72
78 92
19 74
63 92
21 90
20 23
24 27
40 59
11 39
21 40
53 72
71 86
59 64
44 51
28 84
1 18
39 76
0 33
58 63
16 30
59 89
43 57
43 72
69 85
19 73
21 71
15 40
88 90
15 60
3 22
21 30
33 66
74 78
34 82
40 83
9 55
52 68
18 68
51 88
14 34
41 89
12 36
23 40
8 81
61 81
63 67
51 73
11 41
6 20
32 44
79 88
19 77
48 50
34 40
18 43
1 11
20 56
46 91
54 73
90 91
2 4
8 15
1 58
30 52
5 60
17 52
41 63
44 68
1 39
11 80
28 89
65 72
5 16
0 7
