93
8
727
60
60 2
49 2
57 2
47 4
51 2
65 3
58 3
56 1
48 4
51 2
52 1
56 1
64 4
46 1
51 2
59 1
56 3
63 4
51 5
52 3
66 2
60 1
59 3
53 5
52 2
49 1
47 5
50 1
62 3
62 4
47 4
66 1
49 1
58 2
48 1
55 2
51 5
58 1
59 2
54 4
57 4
60 2
64 4
58 2
61 5
46 2
61 2
59 5
64 4
66 4
65 3
51 5
57 2
59 2
57 4
65 2
66 2
46 5
61 3
55 1
56 4
49 2
60 3
46 1
52 2
48 3
60 4
50 2
49 5
47 3
64 2
65 4
55 1
60 1
56 3
66 4
49 3
64 2
54 1
54 3
66 5
66 3
55 4
65 2
52 1
58 5
54 4
55 1
56 1
57 3
50 4
49 2
58 5
13 74
1 14
0 56
48 81
68 85
23 50
71 83
43 56
19 33
7 74
34 55
37 84
23 83
3 24
3 38
16 53
68 77
47 89
20 57
11 76
10 74
6 27
10 64
8 91
36 58
11 73
1 77
54 77
44 50
39 65
44 72
3 78
14 78
9 28
45 86
31 66
37 63
40 87
12 34
27 47
37 81
2 24
21 52
18 48
4 54
21 72
4 46
11 35
10 53
29 80
65 78
32 54
3 51
17 48
34 45
2 13
11 72
20 88
23 66
17 67
16 43
26 35
6 57
24 82
52 57
19 28
53 79
66 88
67 80
71 90
36 63
8 35
42 72
54 85
32 82
43 83
31 67
40 69
6 91
61 72
57 69
38 78
19 27
63 78
47 60
23 91
12 85
76 80
13 42
13 54
36 79
36 44
56 80
37 59
54 74
12 60
23 77
25 58
35 78
25 84
14 75
28 71
12 91
22 26
24 60
31 69
8 77
75 79
35 84
70 81
13 89
47 71
33 34
17 27
17 29
22 25
26 79
32 53
11 63
71 77
51 64
34 79
16 76
3 47
0 5
14 38
8 60
17 86
57 86
44 46
24 85
42 69
17 30
0 9
32 77
14 44
24 30
79 80
39 83
11 88
10 32
56 57
38 90
0 3
77 90
29 54
2 72
7 68
35 60
32 73
6 70
39 61
65 70
50 76
10 70
45 87
20 55
35 61
68 89
7 10
17 84
4 56
48 71
2 20
10 67
40 76
9 34
61 86
57 73
22 85
38 80
23 61
16 70
20 69
31 64
32 51
14 58
19 88
23 27
29 69
18 77
19 63
33 40
72 91
11 50
6 7
40 58
22 36
7 36
18 49
13 66
17 40
16 72
22 23
67 91
20 46
2 40
78 79
7 84
49 79
22 84
17 77
20 27
46 76
60 66
32 38
42 66
13 59
9 67
10 66
40 57
44 90
37 40
30 46
32 67
70 79
9 59
4 52
4 30
47 87
36 51
7 31
1 26
38 89
12 74
67 87
81 84
3 5
21 29
15 35
35 42
33 87
8 37
7 88
11 32
29 65
13 25
67 71
4 35
37 74
39 77
28 73
55 88
53 89
13 37
6 55
16 87
6 23
51 63
36 91
26 58
16 22
32 81
32 33
19 26
33 79
5 84
13 58
10 25
37 51
79 89
18 57
3 50
17 22
57 89
40 70
18 80
67 81
7 23
8 92
58 81
66 89
43 55
54 66
17 23
63 74
77 91
74 88
48 67
14 77
13 39
2 84
6 44
86 87
4 50
30 68
22 54
5 33
29 43
77 81
22 35
14 66
14 31
78 80
45 47
58 83
52 77
16 67
26 78
4 68
82 91
41 81
9 24
9 23
39 45
24 35
41 75
52 70
17 73
62 63
22 78
65 82
46 69
31 38
14 39
27 30
33 71
28 58
12 83
28 55
6 33
31 61
60 84
1 36
14 68
56 65
87 88
5 44
38 81
16 77
22 56
62 73
27 57
52 85
16 17
39 53
23 44
44 57
7 59
3 58
22 67
41 51
24 25
15 41
35 66
6 52
21 65
5 20
17 57
14 18
15 77
82 87
30 83
62 87
43 86
9 39
24 62
18 26
1 23
25 41
0 90
59 84
50 79
70 71
50 77
29 81
29 41
44 70
11 78
19 21
17 49
6 73
55 92
30 31
30 91
10 88
3 32
8 70
56 89
58 92
43 84
35 71
41 57
8 27
69 74
4 65
74 84
49 68
4 13
46 88
7 42
5 41
25 83
24 84
32 58
12 90
0 47
23 28
38 57
49 75
66 78
48 76
10 63
69 80
36 53
46 65
24 33
6 60
63 76
35 85
44 60
37 79
10 41
65 91
37 45
34 89
28 60
6 37
0 4
11 84
16 51
5 83
51 71
5 88
1 79
3 41
37 91
28 62
33 45
42 58
5 28
9 52
14 25
16 83
9 12
4 41
30 35
74 76
65 86
58 89
17 37
12 67
57 80
76 77
20 48
12 14
23 71
67 92
25 37
13 77
16 55
7 66
72 90
27 74
42 62
7 27
24 44
10 34
21 79
55 56
18 72
38 52
7 41
55 87
44 85
5 85
65 81
46 54
0 10
20 67
33 41
33 65
4 12
35 43
25 88
0 57
32 62
14 60
16 23
2 76
24 88
23 43
75 85
43 70
4 58
55 82
24 61
67 88
2 83
18 62
61 82
47 82
22 29
36 83
23 92
44 77
30 40
26 86
14 85
23 57
3 34
1 12
7 62
29 86
13 71
7 13
27 83
59 72
44 64
2 55
2 37
12 52
64 92
84 89
4 77
0 63
63 81
6 50
72 78
0 83
67 77
13 14
8 53
5 15
39 82
15 21
6 71
6 76
39 89
57 72
15 62
31 91
26 42
37 75
44 78
14 82
9 13
22 88
26 69
20 47
1 67
12 80
3 81
66 81
12 26
1 34
25 80
32 36
46 60
21 38
56 68
17 79
15 22
33 36
34 81
3 19
37 73
24 63
32 78
2 86
36 78
63 69
51 76
6 92
24 92
35 46
51 61
45 46
3 63
14 33
70 82
64 81
48 73
42 89
11 44
39 75
63 82
4 37
20 38
3 54
21 54
42 78
46 51
51 53
47 65
17 55
9 32
42 85
33 83
4 47
16 44
32 61
4 64
30 34
25 61
41 92
9 25
45 67
65 75
9 60
11 75
55 77
13 81
45 80
2 15
62 91
21 73
28 33
12 57
31 73
32 40
7 19
23 70
35 72
15 39
32 37
29 38
30 92
22 72
38 84
5 7
21 27
79 84
57 83
41 77
43 67
50 51
26 91
4 28
18 45
28 91
4 51
64 91
13 79
24 77
3 53
9 35
31 55
27 29
38 45
15 32
31 77
11 14
23 41
19 75
54 86
56 88
37 69
38 67
27 36
48 57
54 65
34 35
81 85
69 90
29 51
60 72
8 61
48 49
22 32
5 49
27 40
45 91
48 77
22 73
10 39
29 61
63 88
52 60
18 53
14 83
10 36
10 17
19 58
4 29
68 74
67 82
47 64
20 60
12 46
41 53
14 86
7 58
50 69
49 53
38 47
60 91
8 14
22 61
15 61
29 32
67 76
20 89
17 60
85 92
9 56
16 80
12 37
27 49
45 73
49 57
45 81
49 90
44 75
1 66
19 47
76 82
12 75
15 45
0 36
0 50
26 27
26 45
27 43
40 56
15 57
1 29
0 77
51 56
39 81
64 75
29 78
1 61
48 62
75 76
9 79
11 12
