94
6
2054
60
80 2
69 2
98 2
88 4
71 2
85 3
78 3
76 1
68 4
71 2
93 1
97 1
105 4
87 1
92 2
100 1
76 3
83 4
92 5
72 3
107 2
101 1
100 3
73 5
93 2
90 1
88 5
70 1
103 3
103 4
67 4
86 1
69 1
99 2
68 1
75 2
92 5
78 1
79 2
74 4
98 4
80 2
84 4
78 2
81 5
66 2
102 2
100 5
105 4
107 4
106 3
92 5
77 2
79 2
77 4
85 2
107 2
66 5
81 3
75 1
76 4
90 2
101 3
87 1
72 2
68 3
101 4
91 2
90 5
88 3
84 2
106 4
96 1
80 1
97 3
107 4
90 3
84 2
74 1
95 3
86 5
86 3
75 4
106 2
93 1
99 5
74 4
75 1
76 1
98 3
91 4
69 2
99 5
98 3
13 58
4 13
16 45
47 81
66 75
51 58
68 88
1 16
18 85
15 40
13 85
37 48
23 57
0 70
42 48
46 90
66 67
42 86
46 89
13 67
3 33
23 48
10 51
8 80
14 78
11 59
43 56
7 62
18 29
38 81
28 41
0 26
14 61
25 59
44 90
18 93
7 73
40 48
5 23
26 83
35 78
11 76
51 54
18 27
2 59
21 48
2 84
11 21
37 91
29 48
63 77
49 58
32 39
42 54
8 76
40 61
48 67
24 85
69 91
18 28
16 24
67 88
20 64
8 10
50 91
5 25
32 56
64 84
0 25
42 74
55 80
8 24
45 49
5 24
1 81
82 87
31 33
39 83
49 59
59 81
41 44
38 41
23 60
23 61
21 92
23 65
38 84
6 58
13 26
13 38
36 44
57 81
44 60
7 34
53 62
31 86
23 51
29 55
87 92
76 91
8 67
28 40
75 76
21 72
5 64
51 56
13 25
50 71
71 89
39 52
56 75
46 71
37 79
9 91
11 81
3 76
31 79
13 69
18 56
68 82
8 90
2 63
21 25
2 69
14 21
24 81
41 59
62 90
56 70
3 15
40 55
73 93
36 67
6 17
32 44
14 27
41 91
7 86
39 45
11 30
6 39
54 79
38 53
27 93
73 90
28 86
37 55
60 89
10 17
32 40
44 87
38 77
63 69
49 72
53 89
4 70
29 79
34 83
59 89
66 79
17 64
50 56
47 71
5 42
26 68
85 86
20 41
60 62
12 57
9 33
83 88
23 35
20 49
25 72
31 77
14 41
13 74
28 49
20 72
4 81
30 40
16 22
32 66
69 92
46 72
25 87
18 19
75 90
14 72
44 91
17 20
9 66
1 36
15 41
65 84
0 59
32 73
14 75
8 81
27 39
2 49
60 87
36 49
45 78
20 40
48 53
41 76
3 93
11 56
2 87
39 71
8 35
36 60
47 48
32 34
8 77
0 20
29 49
4 66
46 87
35 71
11 66
26 36
67 68
43 74
65 80
76 80
4 75
15 17
70 88
28 61
8 26
92 93
14 48
20 82
48 63
9 11
64 92
6 86
37 38
38 93
28 42
17 84
2 50
2 72
10 48
17 49
13 37
50 57
36 56
50 74
32 48
17 42
31 59
4 40
41 65
42 70
35 70
7 55
2 8
75 79
18 74
16 78
7 39
4 16
21 36
20 57
91 92
13 31
27 43
29 77
10 67
42 63
37 73
53 54
7 25
13 30
71 81
48 93
82 86
31 92
8 75
1 33
27 75
64 75
40 51
22 29
14 79
32 67
40 82
14 49
2 17
12 81
35 79
74 75
4 87
31 69
51 69
8 69
28 85
29 32
9 12
10 34
34 66
58 92
23 77
39 60
0 79
59 80
22 68
68 87
3 70
63 81
21 58
10 58
15 70
11 86
21 47
17 61
27 89
23 82
30 89
16 30
26 74
14 45
54 87
52 61
19 34
14 66
61 87
22 31
86 93
37 85
51 77
54 76
38 69
35 41
43 63
22 86
51 52
15 49
3 50
43 60
11 92
59 88
13 18
22 90
23 58
25 69
30 62
16 63
23 68
18 91
23 63
17 93
22 36
0 75
17 80
61 79
25 65
11 13
19 49
56 65
51 80
4 46
18 38
46 56
29 93
42 68
18 73
7 12
24 48
69 73
4 34
19 27
5 44
1 54
0 49
55 73
59 62
78 86
34 93
38 55
4 58
12 41
66 87
28 81
71 77
48 66
47 58
38 83
26 86
17 92
2 62
27 50
1 32
39 72
11 25
50 52
37 64
51 67
64 74
36 41
32 65
66 93
49 65
26 78
10 60
16 25
35 49
58 78
8 44
5 49
0 74
46 53
1 37
0 69
10 74
5 52
27 58
36 85
54 60
50 65
32 45
47 50
0 13
33 39
25 86
15 93
41 68
9 40
4 27
16 64
8 84
35 64
14 15
30 90
3 8
70 91
63 85
69 87
33 73
4 92
56 64
72 82
23 45
27 34
4 25
18 84
19 50
13 93
12 19
19 44
36 37
41 72
42 92
4 36
1 38
8 33
34 40
19 51
37 70
9 69
54 73
43 91
0 24
10 79
45 56
86 88
21 49
22 34
21 22
6 26
50 86
25 60
6 46
25 27
15 81
22 92
80 87
22 87
6 70
2 7
72 74
42 88
54 64
15 65
20 71
18 41
41 55
59 91
43 73
12 13
22 70
36 48
43 83
26 57
30 38
56 73
43 72
38 92
10 20
29 50
29 54
9 36
37 47
27 53
2 47
51 70
47 80
45 65
13 17
29 89
2 10
78 81
76 77
0 21
61 86
9 32
13 16
13 71
65 70
80 93
35 90
69 79
40 43
24 73
5 50
58 76
55 93
21 42
31 57
13 24
59 74
14 65
26 66
22 63
34 56
24 90
12 47
60 75
16 35
2 16
48 79
1 58
72 73
9 47
6 73
45 62
11 17
6 9
2 56
15 73
53 57
7 19
4 80
24 36
24 31
6 19
31 68
18 63
0 91
61 74
2 30
50 84
24 40
19 90
66 74
4 49
3 16
43 58
67 91
62 83
6 76
25 63
23 25
38 91
7 81
5 59
21 30
52 77
41 88
35 89
6 23
49 90
55 70
29 60
7 64
7 89
3 77
31 87
43 46
29 64
56 85
8 58
6 85
41 52
79 90
27 54
20 23
27 71
9 72
54 63
55 92
17 43
34 46
27 67
16 52
31 39
15 42
31 52
1 52
3 18
15 21
31 63
28 70
20 37
30 59
21 89
34 88
38 47
16 84
41 43
10 29
4 63
38 75
42 75
6 63
13 28
72 83
28 60
10 85
53 77
62 93
0 27
7 23
21 70
30 83
22 43
32 87
31 43
6 40
22 85
19 53
36 39
53 74
17 19
49 51
1 75
35 76
47 55
22 48
19 62
18 81
19 72
67 77
23 46
21 83
35 58
46 93
2 73
18 75
60 67
47 77
7 44
4 18
4 39
71 78
1 60
31 48
6 89
5 89
7 67
81 88
7 41
65 89
43 49
33 47
49 57
43 92
39 85
7 69
24 57
52 91
71 90
20 67
83 93
59 69
34 38
26 44
28 64
28 89
17 40
4 48
49 91
78 91
5 47
26 85
25 50
52 83
19 43
15 29
48 88
43 81
19 25
41 47
12 79
15 27
8 28
10 77
0 76
9 84
26 79
67 82
32 80
28 77
2 90
6 20
28 91
45 73
29 46
62 77
19 24
13 19
11 40
56 82
7 40
17 50
0 87
8 43
17 67
15 31
28 57
34 85
36 88
27 40
53 76
54 61
14 67
21 73
35 60
46 58
64 85
45 84
39 92
23 53
34 71
26 43
7 61
1 42
10 65
2 5
11 41
34 41
44 62
5 93
2 76
7 87
22 50
18 26
4 78
17 63
18 68
14 90
63 66
39 80
76 92
50 62
37 46
47 89
3 64
16 88
39 88
37 39
19 63
22 88
47 84
74 90
34 36
56 80
16 41
10 28
4 79
47 82
5 7
14 63
19 47
24 59
36 66
23 78
30 81
63 74
26 41
3 27
23 89
26 35
24 47
24 92
24 84
55 79
8 50
7 51
66 82
45 46
7 63
26 48
48 54
40 50
7 84
66 88
66 72
34 39
78 84
12 53
23 50
36 59
9 61
41 93
71 79
14 74
48 60
36 86
68 86
14 31
49 73
58 83
8 39
10 12
30 69
1 89
71 91
25 47
10 91
11 70
27 31
7 54
71 92
7 85
28 54
15 55
24 38
18 78
65 71
43 93
18 46
14 25
12 43
20 50
46 68
16 43
53 60
13 63
53 78
47 67
5 38
43 61
60 77
53 87
48 50
66 91
27 76
58 89
46 51
5 92
5 85
50 58
23 36
4 17
58 88
72 92
4 47
3 63
61 88
19 22
9 24
37 42
90 91
47 83
10 64
52 67
82 89
63 79
14 32
4 32
13 87
52 87
78 92
12 63
67 85
29 40
33 45
3 75
37 67
35 61
81 86
64 77
8 23
15 61
31 91
60 74
45 88
30 92
6 75
0 10
16 60
11 45
34 81
8 87
63 83
11 23
33 78
15 72
40 59
20 58
3 17
46 59
11 31
60 70
39 41
23 69
52 59
35 47
8 30
16 87
11 36
82 85
10 62
32 74
19 30
39 53
14 91
50 85
7 32
6 91
50 80
45 52
29 61
68 71
13 20
72 86
22 65
9 17
57 69
22 30
40 63
13 45
6 77
17 70
19 39
1 83
11 32
42 53
46 50
67 75
44 59
16 62
13 75
49 69
28 55
10 35
62 66
53 71
17 36
49 68
2 74
25 92
22 42
33 65
41 81
2 55
15 50
5 10
45 61
52 74
60 66
50 79
12 69
3 58
3 71
15 84
31 62
4 8
0 60
46 85
29 65
48 73
10 19
11 46
54 56
7 14
53 86
23 41
15 34
10 41
39 69
12 91
27 32
1 85
10 49
46 60
70 80
26 38
11 93
15 36
9 49
19 85
16 54
14 83
16 90
4 85
12 74
24 89
27 57
49 84
15 33
6 32
0 56
32 92
58 84
6 66
45 69
46 70
62 76
15 69
15 68
40 57
66 86
38 67
5 58
51 64
80 89
61 68
10 92
5 60
27 52
7 9
42 72
1 50
39 42
49 64
63 64
29 86
44 48
29 69
25 77
25 75
0 38
74 85
22 55
0 9
72 80
58 93
64 87
12 23
27 91
1 19
19 33
12 40
21 24
22 37
62 84
79 88
34 51
49 61
34 75
30 79
35 38
1 77
87 88
43 65
11 89
39 91
45 77
42 93
39 65
3 48
9 37
1 90
5 68
40 66
13 72
3 91
35 86
18 66
37 65
3 56
35 59
17 21
1 46
0 33
23 52
42 82
33 83
57 58
20 38
21 74
45 50
25 67
23 86
78 80
11 69
1 4
15 44
2 70
54 67
18 52
17 89
20 60
48 87
26 80
7 21
51 87
70 83
7 38
66 80
53 73
32 90
49 70
27 79
11 14
26 28
37 82
7 22
44 78
13 44
75 77
32 57
41 90
27 38
53 90
25 42
10 22
5 51
83 87
24 66
9 62
78 88
54 71
17 72
26 30
46 47
55 81
8 66
75 93
42 55
40 90
63 73
38 58
78 90
10 31
21 80
6 16
42 71
0 41
26 47
14 80
64 83
48 57
41 92
28 51
9 48
37 58
68 93
22 75
3 90
10 26
54 81
55 87
13 77
51 86
4 91
33 92
22 52
7 74
11 65
34 35
0 85
51 93
31 88
32 81
1 49
6 12
75 84
41 45
33 52
6 57
27 70
3 55
47 62
73 77
8 34
34 79
58 63
34 80
9 75
36 51
44 52
15 91
16 70
90 92
62 88
24 52
52 88
9 53
6 38
32 83
48 56
44 70
81 85
10 39
19 71
52 56
32 50
48 58
2 85
5 29
35 56
56 83
43 69
29 91
25 39
19 73
17 68
12 62
44 69
12 64
37 78
28 34
38 87
39 57
5 30
22 69
5 87
27 84
27 55
16 33
5 12
26 70
30 43
9 74
17 75
0 31
20 70
74 86
71 73
6 52
48 70
34 67
6 21
14 47
27 46
19 29
2 22
31 82
18 42
11 91
32 75
21 85
57 75
47 86
44 73
54 92
4 41
12 77
81 91
66 70
28 43
30 45
26 45
52 69
33 58
75 81
51 92
35 72
42 85
73 81
69 83
17 91
23 87
37 53
37 71
2 13
50 82
36 90
3 34
18 30
5 72
73 91
2 71
44 82
25 57
19 79
55 66
77 81
50 68
49 86
17 27
15 25
20 30
26 61
60 69
32 89
60 73
15 46
10 15
44 85
27 68
77 82
31 85
48 91
62 71
33 69
2 44
85 88
26 64
48 72
21 60
31 84
62 67
33 68
13 22
7 52
7 72
34 84
30 58
3 9
9 25
66 78
25 41
28 62
31 74
4 15
68 79
13 92
41 74
7 20
20 26
14 17
36 75
45 72
26 50
17 56
17 35
21 84
22 25
35 87
25 79
0 30
74 92
1 92
21 39
2 4
13 42
61 83
21 67
25 82
14 59
27 33
50 51
0 92
9 87
12 93
3 72
37 41
17 45
22 77
50 73
28 78
30 91
74 76
19 65
60 92
5 11
41 62
8 78
72 75
24 64
37 86
58 90
34 52
38 80
24 93
55 82
33 40
35 67
74 80
36 92
50 54
63 89
5 32
45 67
11 50
24 86
57 85
17 71
20 76
19 42
59 60
6 64
33 75
82 90
2 21
18 80
70 79
37 81
58 65
12 59
36 77
42 44
78 83
8 70
59 63
36 45
13 35
35 69
1 56
34 91
7 70
23 80
24 80
45 93
8 18
75 86
28 38
11 35
23 90
14 54
20 45
63 92
23 79
12 61
33 43
15 52
31 36
1 69
71 72
36 64
26 58
6 81
30 36
9 41
12 83
15 35
30 73
81 84
19 23
5 31
40 71
41 51
40 49
80 84
12 35
16 34
60 81
31 38
46 78
28 58
34 57
38 71
2 65
11 22
77 83
49 53
23 47
21 26
2 19
45 47
11 19
23 24
15 37
56 76
49 80
72 84
23 71
71 84
17 38
19 38
62 86
12 44
4 23
43 66
45 80
46 80
76 93
2 40
35 39
46 67
70 85
76 89
13 62
56 77
29 30
43 82
3 82
10 47
62 70
41 84
13 70
23 30
5 56
45 70
37 72
61 62
72 78
38 62
19 67
8 74
36 38
0 46
30 37
39 82
22 58
0 65
56 89
66 71
11 88
44 75
23 72
45 53
68 84
3 10
40 86
62 80
12 46
80 85
36 46
47 66
5 88
45 64
0 83
27 41
30 55
1 3
29 66
63 91
63 75
8 42
53 72
59 64
2 20
13 36
27 63
47 49
40 65
13 82
48 84
28 68
57 80
14 53
56 92
6 25
66 69
70 89
66 73
46 76
49 85
39 77
20 55
27 73
76 86
37 63
66 76
28 59
3 47
1 62
20 54
65 68
9 89
6 62
5 55
7 79
59 85
42 67
68 85
2 41
89 93
52 68
3 84
22 67
24 82
36 74
10 32
24 68
20 65
26 39
26 72
51 66
48 86
25 76
58 80
2 45
2 52
22 81
2 11
53 85
64 81
15 71
8 22
18 64
20 68
14 62
59 83
27 80
33 80
87 93
19 80
52 86
33 53
82 91
0 3
16 59
63 65
49 79
44 58
16 68
76 87
26 46
82 84
25 74
74 82
29 57
39 63
38 90
53 79
64 71
38 51
23 64
29 33
33 77
2 92
10 72
39 93
6 65
54 74
43 54
70 92
36 61
3 87
13 51
3 60
2 42
1 6
51 53
9 43
57 88
53 81
24 67
31 54
77 86
32 53
15 67
28 44
23 88
22 33
71 86
19 45
11 47
67 70
21 40
29 52
72 93
2 68
42 61
5 78
22 27
58 85
61 78
43 89
77 92
37 77
24 26
2 34
41 67
78 89
79 84
2 83
83 85
24 49
69 76
17 39
1 86
31 93
57 79
89 92
62 74
15 57
40 89
9 71
49 74
4 31
57 67
55 76
38 42
30 93
13 14
7 33
7 10
21 46
7 75
3 79
57 91
31 40
33 66
74 79
64 72
10 13
18 59
71 93
58 86
46 83
22 76
9 55
40 52
57 63
7 42
3 89
25 51
19 81
13 59
28 63
1 64
33 38
49 88
15 66
2 51
18 33
47 59
22 72
43 70
20 39
6 37
2 23
23 76
23 85
10 37
32 76
30 66
54 83
44 93
17 34
12 70
41 42
64 76
1 63
17 29
34 70
70 76
18 57
47 56
33 90
8 54
1 29
29 47
13 64
5 53
57 65
31 73
21 77
15 22
76 84
49 93
5 69
7 11
44 88
16 85
6 14
20 59
39 79
12 68
29 63
31 55
83 89
44 46
42 73
41 46
0 90
26 55
21 32
7 88
1 8
5 82
3 74
15 26
20 77
54 69
4 54
4 50
85 90
73 78
5 17
85 87
0 12
3 69
46 75
5 79
46 88
11 52
6 82
10 71
21 41
46 74
22 73
3 57
27 82
29 38
44 71
5 16
17 77
23 40
65 85
6 22
0 63
45 92
69 89
49 82
20 91
12 20
68 83
10 56
27 44
84 87
60 71
19 68
47 79
1 35
36 42
16 77
7 77
45 60
40 87
52 66
28 35
3 7
33 49
1 20
34 37
51 61
10 88
17 88
47 69
48 83
19 61
14 19
39 81
43 50
48 80
53 61
24 45
13 39
38 52
34 89
13 47
36 65
59 76
68 80
8 15
0 58
30 82
80 83
76 82
52 90
48 64
80 92
1 71
35 44
22 45
16 17
11 55
67 90
30 67
4 7
39 74
38 59
39 89
51 78
2 77
41 64
24 43
34 73
46 61
28 71
9 39
32 36
3 35
7 18
64 90
35 81
48 78
60 90
34 61
34 82
24 56
35 80
17 86
7 28
45 75
11 58
10 90
54 57
33 34
24 72
28 48
55 91
34 48
36 47
23 74
29 85
56 93
32 52
15 47
28 30
78 93
27 78
58 79
26 27
30 65
2 54
80 81
44 49
12 56
1 80
23 81
5 75
16 73
37 61
66 84
16 36
25 81
77 90
22 84
51 89
33 37
44 92
41 77
77 85
33 54
38 85
48 71
27 28
57 87
12 27
57 73
39 66
8 25
36 93
41 66
0 64
35 43
41 69
15 78
14 86
2 48
61 63
6 55
9 57
34 49
59 73
47 68
47 85
6 79
12 50
22 83
49 67
78 82
17 23
66 85
31 44
26 59
18 53
25 90
12 49
4 20
57 61
11 34
2 28
9 77
6 43
54 55
85 93
8 13
11 44
57 66
35 46
86 91
44 47
40 54
3 54
20 42
9 85
60 61
14 50
56 71
29 67
52 81
88 91
53 66
45 48
35 45
15 51
40 42
7 8
68 72
20 79
32 58
32 88
27 45
9 16
83 86
32 68
32 72
57 78
81 93
18 60
55 58
53 65
90 93
3 32
62 89
6 8
22 32
25 55
20 24
64 88
49 75
50 66
40 67
14 43
0 16
6 67
0 72
81 83
31 89
28 56
34 69
3 21
2 3
16 83
4 38
10 87
4 68
39 90
30 53
25 78
3 46
33 84
70 87
29 88
41 87
31 65
16 46
18 36
31 67
59 78
52 58
