95
11
3438
60
154 2
129 2
110 2
140 4
137 2
133 3
164 3
124 1
134 4
155 2
109 1
125 1
91 4
145 1
136 2
128 1
120 3
105 4
144 5
118 3
163 2
153 1
106 3
165 5
99 2
116 1
92 5
120 1
143 3
119 4
87 4
158 1
147 1
97 2
148 1
153 2
114 5
140 1
97 2
134 4
100 4
110 2
148 4
140 2
123 5
146 2
152 2
90 5
115 4
137 4
120 3
130 5
111 2
147 2
163 4
165 2
159 2
90 5
163 3
95 1
164 4
108 2
129 3
149 1
120 2
122 3
141 4
153 2
124 5
162 3
102 2
120 4
126 1
164 1
95 3
121 4
92 3
110 2
138 1
147 3
154 5
148 3
141 4
90 2
123 1
99 5
130 4
139 1
122 1
124 3
89 4
105 2
95 5
154 3
129 3
13 41
10 58
0 31
46 75
63 90
3 21
66 67
21 50
23 59
45 80
16 41
36 62
30 38
0 94
3 40
29 38
63 82
45 85
55 69
10 60
52 75
24 73
10 37
19 75
31 63
0 33
21 28
78 84
17 83
37 93
10 84
34 56
15 41
43 90
41 87
68 85
9 84
87 93
42 58
26 53
1 13
1 78
26 32
54 92
53 94
21 23
8 47
10 89
57 72
39 53
61 71
40 57
32 57
8 64
0 2
2 31
67 83
2 34
6 13
10 11
23 67
26 58
20 40
7 84
49 79
59 75
31 80
62 75
2 6
20 71
39 77
17 75
41 64
53 80
2 76
76 82
38 93
18 24
3 77
57 87
40 50
37 53
2 56
39 61
52 61
4 91
41 94
23 27
23 71
80 85
35 60
37 82
57 86
13 74
82 83
1 21
33 86
25 34
14 67
25 27
27 74
12 73
13 91
81 88
15 57
30 61
7 39
49 59
68 84
31 51
45 67
33 78
52 73
0 35
66 70
53 62
68 79
12 13
28 90
65 89
1 70
42 90
35 91
3 29
13 83
0 19
9 64
17 45
54 85
0 7
36 83
11 13
36 49
31 68
5 57
77 92
58 74
20 51
38 55
6 29
31 83
53 59
37 65
27 62
70 77
46 62
3 68
9 87
9 34
31 64
6 69
37 89
61 63
13 68
21 52
20 59
17 25
34 43
64 65
63 94
10 68
1 17
46 65
1 79
9 63
77 91
57 80
58 65
28 43
37 55
0 75
22 79
7 22
69 72
31 40
44 55
13 57
22 45
36 43
8 27
22 80
38 70
4 80
67 68
3 85
5 10
21 57
9 76
54 70
48 89
16 76
39 47
15 22
65 70
63 72
8 61
31 77
23 63
26 75
22 33
2 77
19 54
9 44
44 76
19 39
7 86
40 82
54 76
1 46
38 81
15 63
23 32
74 78
7 34
31 58
20 63
4 58
3 56
19 66
45 83
17 46
6 59
50 58
74 92
21 85
63 68
72 74
84 86
14 77
19 36
4 43
5 77
16 27
3 59
20 58
13 50
24 63
62 83
36 52
38 49
8 48
27 76
17 63
13 90
11 17
30 60
27 93
48 90
35 72
15 89
59 67
31 72
30 85
16 51
37 68
13 25
7 44
12 75
13 76
31 53
71 78
65 66
52 81
1 91
24 31
18 37
0 81
68 81
1 85
41 76
44 91
41 67
73 74
51 78
24 47
66 86
4 83
68 76
3 71
6 66
13 60
0 79
32 61
14 71
29 63
21 75
39 71
16 18
39 90
27 29
4 75
26 38
3 28
70 81
77 82
31 32
50 55
25 87
39 51
85 93
51 85
1 67
0 77
37 73
23 50
15 32
10 52
18 90
86 90
50 87
30 64
61 75
21 33
16 19
4 56
7 26
12 52
21 70
41 52
21 29
59 93
17 20
14 33
16 77
8 9
53 67
16 23
5 86
16 38
21 77
83 91
26 63
50 63
86 93
26 46
53 64
42 65
10 92
62 76
15 30
7 72
23 40
50 72
9 49
12 82
75 81
8 52
13 63
5 88
15 40
2 79
18 69
20 81
23 36
45 74
33 50
17 59
13 35
11 55
35 77
20 67
3 60
90 92
13 19
8 66
58 86
11 41
11 31
18 51
12 19
8 41
24 68
21 62
18 79
49 72
5 45
8 70
43 55
53 91
55 86
34 53
14 50
37 67
4 90
64 72
0 1
68 72
47 58
58 62
44 88
33 54
17 71
11 90
6 36
6 32
11 62
10 93
11 60
36 78
60 71
62 65
21 87
15 44
64 78
50 68
34 60
6 91
7 46
34 67
8 32
6 58
23 55
1 9
45 49
25 86
1 50
4 86
1 15
43 81
36 81
70 78
49 53
29 90
28 65
11 77
68 69
72 75
15 74
40 74
11 63
8 72
17 60
7 21
19 43
0 55
23 61
8 22
67 90
61 79
38 42
3 18
27 55
54 79
69 73
22 89
10 38
28 85
6 74
15 94
35 47
6 93
9 73
9 24
40 78
7 43
10 62
7 35
9 45
41 58
19 28
36 84
9 72
52 94
64 85
12 25
8 45
9 30
44 54
1 71
50 94
20 70
22 54
52 85
30 66
14 25
10 64
45 84
24 71
32 65
22 61
41 66
44 89
68 90
20 56
24 53
32 83
5 37
18 19
18 74
4 45
58 61
0 74
35 64
16 45
42 85
26 27
58 90
22 75
12 85
17 92
8 63
28 82
28 86
17 24
16 49
26 89
82 89
4 62
83 94
10 70
0 41
29 34
0 53
73 85
31 46
18 70
59 86
12 80
5 64
5 44
62 89
30 94
14 63
17 18
4 70
29 70
34 58
38 61
54 71
30 83
25 51
8 40
22 32
50 62
39 93
47 67
15 78
24 62
29 60
7 93
3 16
6 48
38 45
12 50
62 72
48 93
73 94
44 60
3 32
30 70
38 68
44 57
39 87
5 81
31 59
23 78
6 73
18 80
55 59
25 32
0 70
25 58
59 74
60 61
23 82
29 80
48 88
3 12
19 51
18 56
65 73
60 80
13 43
2 17
38 47
10 78
34 84
12 27
20 78
3 23
65 92
8 92
11 83
48 80
6 40
28 92
1 42
14 30
1 31
31 50
3 43
29 31
11 37
0 38
79 81
52 91
17 50
2 9
9 59
49 84
5 30
52 84
61 78
69 84
66 76
47 49
16 32
45 72
85 91
48 81
8 15
14 81
30 89
11 33
28 38
63 81
84 89
31 89
46 48
7 94
38 40
33 83
10 73
11 71
59 63
37 64
12 92
10 44
57 70
37 72
8 91
7 12
60 90
1 45
15 67
30 47
26 35
21 89
36 45
30 69
26 30
63 73
25 76
14 36
52 56
13 37
8 90
2 10
8 44
46 49
7 76
18 59
17 78
28 71
64 88
62 78
85 94
45 89
1 22
44 85
25 39
5 26
46 71
40 93
2 47
6 26
11 23
8 73
7 56
35 69
7 45
75 90
3 61
43 57
5 56
42 51
5 40
20 47
14 51
39 40
29 92
0 69
20 64
54 90
31 93
77 81
57 75
12 79
28 32
34 72
17 19
12 34
40 83
74 75
26 42
26 55
66 80
24 90
54 56
62 64
46 88
47 80
42 83
12 44
8 37
17 34
10 63
4 42
9 71
1 44
14 82
26 49
32 42
63 69
14 64
56 63
2 59
73 92
21 81
28 78
60 74
8 35
26 74
55 75
55 58
31 81
1 54
10 33
33 64
13 26
51 69
34 45
36 46
32 37
52 58
40 92
52 82
5 90
33 35
2 92
32 35
38 85
44 82
0 10
33 91
55 77
6 11
10 51
5 9
26 94
30 52
33 61
8 16
43 62
19 49
13 81
57 90
27 73
26 90
1 8
4 74
20 91
83 84
72 91
72 86
32 92
36 60
22 87
46 83
16 68
24 60
6 8
19 40
18 92
15 68
31 66
52 89
46 82
55 56
5 75
88 92
29 89
14 45
14 46
19 24
1 32
35 82
77 88
30 45
75 79
25 79
43 47
0 3
25 73
15 47
81 87
24 64
54 57
30 62
1 39
2 12
43 94
33 60
25 35
19 52
46 93
4 92
29 59
14 34
54 55
51 66
11 93
20 53
30 41
10 42
70 84
10 22
68 74
47 52
36 44
65 93
13 93
47 88
64 81
19 23
7 87
30 33
7 67
68 86
27 54
13 48
4 7
43 45
14 26
24 87
42 88
27 88
25 42
29 86
31 39
34 69
64 67
43 44
10 48
20 83
20 26
3 57
5 8
34 62
51 84
67 75
52 60
46 61
25 69
42 63
18 55
12 63
46 89
64 76
57 61
39 72
45 47
54 62
55 73
3 30
45 70
20 38
54 83
69 83
43 85
59 88
0 87
16 87
36 56
79 90
46 77
8 26
20 27
76 84
34 70
61 73
3 87
10 69
11 82
50 51
17 42
44 47
65 67
29 66
25 28
10 16
54 82
75 88
7 53
43 79
53 78
30 44
58 77
44 86
15 33
34 86
43 71
16 40
2 41
34 41
71 81
12 70
61 77
33 66
10 56
4 14
45 66
3 94
45 55
56 87
44 53
58 73
70 72
36 76
86 91
22 24
30 54
76 80
1 76
49 70
32 36
11 18
38 63
15 31
67 93
18 86
31 75
35 63
44 50
17 56
55 60
16 63
15 55
69 77
29 32
5 39
55 79
1 5
7 38
62 94
18 27
18 91
66 78
34 80
83 93
0 76
2 89
64 86
41 70
13 17
35 66
7 42
20 69
5 48
23 84
26 62
48 58
3 73
69 80
2 93
28 51
56 61
3 52
13 29
59 65
40 46
16 55
58 69
49 67
7 54
1 53
24 49
21 31
63 93
1 19
51 61
45 81
44 63
71 73
14 28
17 66
9 60
18 83
52 68
22 85
14 59
89 90
38 79
25 72
0 37
12 71
27 47
49 82
47 86
5 87
14 86
0 9
56 79
19 62
14 65
8 12
16 70
5 6
8 76
21 90
87 89
48 74
22 38
62 86
15 26
32 54
6 62
13 62
27 70
4 82
33 52
10 67
4 59
25 55
21 86
37 79
12 74
10 23
53 92
8 34
59 68
5 92
89 91
9 26
2 78
34 94
42 94
48 54
39 43
29 51
43 48
23 81
27 81
39 69
20 79
70 91
45 92
57 60
20 24
82 86
55 88
15 34
29 62
18 85
11 51
22 78
18 33
21 83
35 41
40 42
33 71
40 71
34 35
21 40
6 34
10 80
39 55
42 67
10 14
39 46
10 19
42 45
38 75
28 35
30 80
6 85
19 61
39 74
27 37
5 15
0 47
47 59
14 84
34 77
3 82
31 71
9 89
32 45
36 59
57 92
21 61
19 88
55 70
59 87
44 48
29 68
18 89
9 46
65 90
6 63
24 39
28 53
52 88
43 53
3 47
45 48
10 15
3 83
2 16
50 73
8 58
67 82
22 71
31 41
32 52
48 60
53 70
36 75
23 64
37 39
31 87
43 78
3 17
13 82
41 43
20 73
18 87
0 86
52 72
12 62
76 92
54 89
59 71
9 50
2 74
52 92
45 50
14 69
44 92
54 59
71 92
14 60
66 77
53 58
61 67
8 74
6 71
21 55
55 67
1 14
41 75
13 39
25 85
23 89
43 73
41 45
0 40
32 69
36 72
25 62
11 24
22 49
13 67
0 89
9 88
54 65
79 91
12 68
0 32
51 63
2 48
47 63
49 58
40 63
9 61
50 79
4 87
42 46
14 75
9 54
31 94
70 83
19 79
47 57
12 51
20 77
7 20
19 77
34 39
6 47
56 72
42 86
2 87
8 86
43 52
22 58
1 16
17 36
35 68
37 54
51 72
6 86
36 93
27 85
47 48
71 77
41 84
19 48
39 66
50 83
39 41
61 94
1 6
0 83
21 64
7 49
42 71
54 86
76 85
12 46
8 18
39 57
63 65
36 92
22 40
61 90
38 43
38 67
22 43
8 39
17 31
4 6
26 91
7 18
11 81
29 71
11 25
65 76
34 36
80 81
38 46
44 49
37 48
67 94
47 62
21 56
81 90
3 10
58 80
17 90
1 73
11 76
13 52
19 92
22 73
24 25
45 60
10 90
28 68
28 77
5 59
30 73
14 68
41 56
29 88
14 80
42 74
56 91
57 64
83 90
17 80
41 89
21 78
26 65
7 23
22 26
79 87
2 27
3 72
8 59
40 69
36 48
69 82
6 82
18 62
8 71
15 16
43 82
19 56
16 94
40 43
6 12
45 58
48 76
49 64
28 63
4 15
42 68
40 76
12 86
13 59
38 52
24 77
0 67
72 92
12 21
51 81
5 79
60 68
59 69
77 93
25 89
62 84
28 42
59 73
57 74
60 64
4 73
33 92
2 37
86 94
0 12
9 66
30 48
18 25
12 93
53 66
29 42
28 40
25 38
74 86
40 80
1 48
22 36
15 38
69 70
44 70
22 23
84 88
11 73
39 59
21 71
35 46
18 60
0 85
3 24
8 69
61 74
8 43
20 43
47 82
6 64
36 71
7 30
26 69
48 84
30 72
2 94
26 92
54 84
16 72
89 93
22 51
49 61
30 55
28 75
8 36
19 42
42 78
59 60
61 82
3 80
37 57
66 69
37 43
18 47
0 58
32 40
54 80
5 71
32 62
34 85
18 39
36 50
45 82
15 35
67 69
10 82
9 92
24 58
33 40
17 87
56 89
6 20
60 85
1 89
26 40
37 66
38 56
19 55
53 88
67 78
19 57
84 94
26 33
32 55
73 87
12 77
47 87
57 69
34 87
4 60
8 10
34 51
17 82
50 60
31 33
8 83
5 67
1 77
40 47
27 72
22 77
9 86
5 78
12 89
59 77
60 63
4 33
47 91
17 61
49 76
6 52
35 80
22 42
17 37
40 79
32 59
12 37
21 44
75 86
24 46
12 14
46 90
16 80
9 16
74 93
14 27
11 67
25 26
16 85
2 51
14 85
7 47
49 56
37 83
15 83
1 11
4 93
22 91
10 55
20 74
36 61
31 43
71 79
30 42
35 81
3 25
54 91
5 83
69 75
7 13
15 70
83 88
49 86
39 75
15 54
6 16
44 78
88 90
40 55
58 87
34 57
45 63
2 49
78 88
0 65
36 79
29 56
74 90
5 42
14 79
17 48
40 90
4 51
40 87
14 49
44 68
11 12
40 61
59 62
68 94
0 73
35 54
16 44
29 65
43 63
3 31
0 92
3 38
2 29
63 86
22 63
26 70
0 36
16 67
15 64
65 91
39 94
24 76
7 61
60 81
35 62
26 47
17 40
44 62
21 66
29 83
18 32
33 56
24 86
29 33
63 91
61 69
72 77
14 76
4 66
18 65
27 32
45 91
61 66
63 67
10 75
47 76
55 92
14 61
28 56
55 68
63 84
67 88
63 88
17 77
27 50
38 87
27 83
27 42
72 80
6 89
69 76
7 75
53 60
3 35
20 30
27 57
62 87
16 73
38 88
16 91
5 70
57 91
38 80
26 28
10 81
51 52
25 60
69 86
24 54
35 90
64 75
27 71
2 84
25 77
27 79
30 39
47 78
25 47
0 22
15 48
4 5
22 55
9 19
36 57
26 43
12 39
14 53
19 58
37 90
17 93
8 55
57 89
33 41
79 80
20 57
51 70
76 86
12 24
19 25
11 30
60 92
20 28
43 58
19 46
3 27
40 45
4 9
53 56
83 89
35 44
80 88
46 94
43 61
14 19
37 63
2 90
29 74
63 71
27 59
76 77
81 85
46 92
12 65
27 63
18 72
36 77
41 90
1 49
15 52
3 81
20 60
49 83
39 49
6 18
56 62
16 36
9 70
73 75
3 53
2 54
27 78
21 79
87 92
23 69
2 57
7 80
54 68
19 87
61 92
27 67
31 62
41 65
10 47
21 73
56 94
64 77
42 91
73 81
57 84
31 35
23 28
34 66
73 93
35 93
76 90
9 43
4 47
36 89
66 79
9 57
53 82
79 88
16 35
15 45
62 90
13 20
10 34
48 64
13 72
5 7
22 65
54 88
17 58
57 94
41 74
20 94
13 34
9 75
13 32
26 71
32 88
14 57
70 85
17 38
62 63
47 79
68 88
31 91
45 79
4 54
21 58
39 60
41 68
10 87
30 58
36 41
47 55
6 80
8 50
80 91
60 83
48 78
45 64
29 57
12 23
46 53
1 57
26 73
7 58
28 49
74 84
13 77
23 58
32 38
66 88
13 70
35 75
53 63
19 26
40 48
13 64
62 67
36 63
34 42
6 88
61 68
38 74
33 51
19 29
36 67
56 57
50 70
32 39
49 92
31 36
10 57
5 80
5 12
72 78
3 76
32 46
15 79
43 88
21 30
73 90
38 89
15 75
7 60
36 65
76 94
18 50
43 46
40 52
1 59
25 93
14 58
4 30
38 72
4 19
29 58
18 58
6 49
14 52
52 90
36 91
78 79
49 69
69 89
4 26
19 69
28 33
5 55
45 71
30 50
6 92
17 81
5 53
15 19
76 93
22 47
35 43
68 77
61 84
28 70
14 66
49 74
22 48
13 55
22 92
10 91
9 27
44 90
37 88
48 72
29 67
22 25
17 21
82 93
64 79
74 83
26 57
46 73
57 68
72 81
36 69
75 85
44 58
33 74
4 11
50 93
3 22
2 73
0 23
33 57
87 88
49 91
51 57
3 26
46 63
39 86
19 59
38 91
33 38
47 72
6 55
54 60
2 72
5 16
34 49
1 74
18 38
32 94
54 66
65 87
43 89
15 71
0 28
14 32
72 76
75 82
47 56
66 83
27 39
27 75
58 88
44 83
30 31
6 38
6 68
31 70
37 71
39 44
5 93
57 82
40 70
33 93
78 94
25 52
45 57
51 71
16 79
9 11
5 27
7 32
62 81
47 70
33 81
58 93
37 46
24 28
15 51
17 65
17 88
9 31
20 72
7 64
82 88
52 78
24 44
27 82
10 59
54 69
1 87
4 39
34 37
10 45
31 76
15 28
44 65
27 64
74 77
16 37
56 88
5 89
32 66
24 43
40 65
12 40
1 81
25 82
17 70
11 20
30 46
49 87
11 19
21 67
73 79
14 83
20 34
64 87
43 92
4 52
23 29
57 85
38 41
24 85
30 34
17 72
26 82
3 33
30 32
59 79
20 23
40 72
64 93
45 46
32 43
8 85
17 26
29 45
50 66
32 51
33 69
0 68
79 93
57 79
80 89
5 63
46 84
22 57
43 49
19 44
21 43
74 82
64 70
37 38
6 51
44 87
3 70
42 50
71 87
16 92
1 93
54 78
15 53
52 76
48 59
8 49
6 9
22 86
55 78
78 87
65 71
92 93
51 91
26 68
4 36
46 91
20 84
49 68
44 67
20 31
67 71
55 93
51 90
46 54
83 86
39 50
42 92
34 71
65 79
41 62
4 79
26 81
22 82
31 92
53 72
10 77
4 34
55 90
23 76
11 68
79 92
36 58
47 66
60 86
8 67
7 55
45 56
19 74
35 70
62 79
24 84
24 34
66 68
23 90
17 22
2 7
31 52
9 42
27 90
33 89
55 57
58 66
10 29
1 63
7 8
29 81
17 67
21 82
31 79
73 76
29 53
24 72
67 86
30 91
16 60
48 57
30 93
3 51
40 53
61 62
38 82
85 90
19 21
44 84
1 30
0 4
18 41
14 70
24 70
11 36
14 41
6 25
50 65
12 72
14 39
32 78
0 50
48 77
29 82
14 89
26 34
57 73
25 44
8 89
15 20
25 78
5 84
28 52
8 14
30 35
18 94
52 69
49 85
16 34
54 67
19 70
21 80
37 60
56 69
37 61
65 72
29 40
24 83
9 14
55 80
7 41
53 93
23 62
73 86
49 51
45 76
78 90
29 48
2 50
8 75
27 31
48 65
26 76
41 88
36 53
26 84
81 83
69 74
7 68
30 71
33 36
22 35
7 88
29 75
11 56
8 79
18 34
32 44
21 34
20 76
43 86
4 88
1 33
1 66
13 23
31 49
40 84
47 60
23 39
2 14
14 47
74 79
39 54
13 40
47 61
78 85
32 67
24 66
23 51
16 17
2 13
6 14
46 72
53 57
64 90
3 79
17 55
90 91
22 56
18 66
11 58
45 93
70 73
36 73
72 79
74 87
46 78
47 93
9 48
2 45
56 75
52 53
37 50
37 94
34 38
64 83
60 72
33 47
51 94
32 75
44 52
5 43
9 94
73 91
12 69
15 80
8 77
63 76
55 64
19 83
66 90
29 94
60 66
14 31
35 45
0 62
45 65
79 89
21 37
35 50
27 35
48 69
48 61
86 87
21 22
23 66
28 83
13 75
10 86
12 49
41 60
2 68
50 56
9 21
32 33
2 36
78 83
33 34
1 65
3 15
14 38
2 52
21 74
66 87
46 85
55 63
11 14
33 67
20 85
37 42
4 20
27 30
54 61
32 72
0 56
65 78
35 73
0 46
29 47
21 91
59 66
5 24
18 29
14 92
7 9
66 71
36 66
2 60
73 82
3 19
38 59
29 46
47 81
23 54
50 69
17 27
9 83
15 87
54 87
25 54
6 94
62 88
24 88
17 86
10 85
41 85
63 80
24 32
55 84
29 61
20 41
10 36
21 35
6 61
7 71
43 67
0 61
16 53
5 28
57 67
23 45
14 18
35 71
32 64
51 64
36 37
4 32
84 93
62 68
36 70
51 60
3 37
3 42
68 78
78 82
64 84
53 90
39 73
15 59
30 77
53 74
11 72
42 77
2 22
74 91
43 76
18 82
48 75
73 88
6 44
49 77
4 67
30 51
33 94
37 56
29 30
9 23
20 93
51 87
3 92
41 73
35 94
14 20
29 43
2 70
39 65
31 55
35 59
48 94
33 43
18 73
3 7
70 88
66 81
10 88
29 54
11 48
28 30
32 84
21 72
6 45
12 53
7 19
12 88
81 82
36 42
6 87
50 80
10 28
41 49
28 46
44 71
17 89
49 88
27 87
72 82
57 63
27 60
3 44
6 23
26 51
23 77
0 72
55 61
11 69
37 84
12 83
33 88
25 36
3 48
43 74
24 94
0 60
73 83
25 45
4 23
17 41
65 68
34 47
54 93
70 79
23 80
31 45
67 85
22 90
1 72
27 68
9 78
46 55
11 26
59 82
40 75
4 12
41 61
42 60
5 82
77 86
33 49
9 85
49 62
44 74
56 65
24 69
56 71
22 50
6 43
21 45
17 57
64 69
12 76
61 70
63 64
49 78
2 85
6 78
56 76
15 86
77 87
13 42
16 48
71 83
31 57
42 55
13 14
3 45
25 31
25 37
36 40
3 9
46 52
18 88
7 36
11 27
16 57
49 75
66 89
20 62
39 76
40 86
17 94
23 56
41 53
20 90
22 67
51 65
1 27
39 79
28 73
6 33
3 74
0 6
58 70
61 87
6 57
2 28
24 52
7 57
23 73
35 49
19 27
23 53
34 73
0 8
53 54
42 69
36 74
15 29
5 19
1 23
4 72
68 73
11 74
14 44
50 71
8 21
79 86
24 57
69 85
14 73
6 41
49 94
35 55
3 65
48 73
57 59
64 92
25 88
17 30
73 89
56 90
28 41
75 80
34 82
3 66
29 44
63 74
7 51
40 91
26 56
61 64
41 44
25 49
47 74
71 74
39 81
37 41
26 52
36 87
60 62
58 89
11 50
52 66
42 79
76 91
64 73
53 73
54 64
21 32
35 78
64 91
79 84
49 60
11 15
38 71
2 44
29 39
1 68
40 62
22 59
48 85
37 62
37 74
62 69
20 22
31 82
3 8
52 79
1 20
3 90
44 94
87 91
39 45
56 83
12 58
30 79
27 44
4 35
8 94
39 82
34 88
68 82
24 80
25 90
0 57
8 13
36 88
62 91
27 28
9 47
34 83
48 86
13 86
7 81
52 57
50 59
7 24
27 53
88 94
60 84
2 26
17 33
9 36
2 62
6 35
56 70
32 77
10 41
58 75
70 80
28 91
46 81
60 69
28 39
4 13
24 37
35 74
54 58
23 38
81 91
1 60
17 23
9 10
28 76
9 25
23 30
0 59
61 72
15 50
19 89
4 31
10 20
37 44
52 55
19 35
28 55
40 81
38 50
7 33
9 38
74 89
28 58
33 39
28 29
60 94
5 85
18 49
28 67
5 34
68 91
75 94
72 85
67 80
27 92
35 84
26 85
62 92
45 75
16 50
78 80
48 82
2 65
23 24
74 81
27 40
67 70
83 87
23 26
65 82
0 24
21 26
30 43
2 39
57 66
49 90
21 88
34 90
60 89
69 90
15 66
12 28
47 73
16 90
49 63
12 18
19 37
50 61
90 93
55 72
12 56
12 26
20 68
16 81
18 46
4 40
9 80
63 78
50 86
10 18
13 44
40 54
10 54
2 21
15 84
13 18
18 20
2 32
3 86
59 76
66 75
26 66
28 50
58 60
79 83
56 77
35 87
47 71
55 82
1 3
53 77
5 31
27 69
23 65
62 73
15 93
7 10
8 30
44 61
42 53
4 69
55 87
16 54
2 61
13 54
77 85
57 76
21 65
11 38
38 54
27 91
25 59
4 68
1 18
41 91
3 62
1 4
16 46
13 56
35 79
5 91
85 88
23 87
18 26
21 25
24 45
68 89
16 88
31 38
3 78
63 92
51 79
4 17
38 62
23 94
68 71
40 56
23 75
12 31
58 64
39 64
3 13
47 51
18 52
20 35
7 37
30 78
76 78
41 92
84 85
4 81
54 73
20 50
35 36
26 86
2 67
0 26
28 61
19 86
41 63
4 77
9 79
30 36
0 34
23 85
80 83
17 51
20 48
39 91
6 76
56 67
1 84
68 92
16 66
18 78
3 5
45 51
88 89
12 64
0 27
37 78
7 62
52 62
12 78
3 14
22 94
27 51
16 65
45 68
30 81
7 65
68 75
37 77
26 41
53 85
25 53
46 68
58 78
90 94
2 20
70 93
38 83
44 75
12 32
14 93
27 65
18 45
51 54
8 80
50 78
8 29
48 91
5 69
38 48
25 48
3 84
41 69
71 85
56 78
50 81
32 91
29 52
4 61
46 80
60 93
19 71
5 47
59 61
33 37
39 52
9 68
0 66
67 92
13 61
18 57
81 86
52 93
21 63
20 54
31 78
7 74
45 90
18 77
49 55
44 59
59 72
35 37
17 76
0 39
22 74
4 84
1 62
43 64
31 37
35 89
66 82
14 88
60 77
21 42
20 32
21 39
46 74
65 84
0 88
1 2
3 91
9 22
13 36
19 64
8 11
23 70
61 65
15 90
21 68
17 69
33 46
0 11
16 64
13 16
12 36
68 70
24 92
45 69
19 85
22 69
67 74
63 70
37 85
36 90
32 85
24 42
14 29
66 85
6 10
32 63
2 55
5 68
14 37
0 90
12 67
32 58
12 16
33 58
24 48
22 70
17 32
19 22
31 90
51 67
77 90
32 68
47 68
21 36
5 46
28 69
49 71
9 90
1 88
56 73
32 73
18 76
43 93
14 17
3 58
65 75
5 25
33 75
10 61
18 64
6 19
49 54
11 61
47 84
1 24
0 78
6 53
9 18
16 84
20 89
70 94
22 31
5 35
8 38
27 77
20 21
28 80
22 93
12 87
66 92
12 60
31 73
21 59
5 14
23 34
12 35
52 87
13 22
76 88
34 92
85 92
5 51
3 67
61 91
12 45
53 76
2 42
15 17
11 21
19 68
35 42
6 27
5 58
5 72
22 68
47 85
18 67
13 24
15 61
19 38
35 85
25 75
20 52
21 24
88 93
71 84
14 40
37 91
20 88
50 84
9 35
82 85
52 74
21 27
11 43
18 48
25 29
11 22
46 47
86 92
8 57
19 41
41 46
1 25
1 55
14 55
2 18
11 59
49 80
89 92
0 84
26 78
24 75
2 24
36 86
25 80
12 41
33 82
2 35
36 51
32 49
19 47
22 60
57 58
60 76
12 42
52 80
40 60
44 72
5 50
31 47
15 43
22 81
11 57
46 87
12 30
29 84
19 45
1 43
51 88
44 45
64 74
8 60
51 82
11 92
25 70
14 42
0 5
8 68
85 86
30 88
27 89
56 86
70 71
0 20
10 13
9 13
38 86
19 53
2 40
30 63
7 59
50 67
27 84
40 88
8 17
36 39
5 17
6 75
13 65
44 79
40 85
28 54
48 79
68 93
9 91
26 79
14 56
7 79
37 87
6 31
24 61
54 94
25 84
3 41
11 91
14 16
13 15
32 86
8 82
9 65
35 92
7 25
58 85
33 90
16 52
24 55
56 85
20 39
53 89
9 74
13 71
14 74
24 78
11 54
47 54
48 83
17 64
42 57
81 89
20 29
81 93
18 84
27 86
15 60
14 94
30 53
34 59
40 59
42 80
26 31
14 24
12 43
27 34
18 53
67 91
25 83
24 59
34 91
62 80
71 75
42 49
63 83
35 86
21 69
23 25
28 60
29 35
9 82
34 89
10 24
10 35
47 92
80 87
3 69
1 94
22 30
13 87
47 53
41 77
69 79
18 21
41 81
9 20
26 64
43 66
1 80
10 83
34 44
69 81
65 77
16 30
5 36
38 65
16 93
65 88
48 49
20 55
48 87
48 92
34 78
7 70
26 80
10 25
8 88
54 63
47 65
10 65
23 33
29 55
43 91
41 42
15 42
30 84
17 74
3 64
84 87
60 79
77 80
28 59
35 39
58 81
55 65
10 17
80 93
38 66
45 86
28 48
21 92
45 87
12 15
6 84
1 12
10 31
67 89
13 79
6 15
19 94
14 23
38 60
24 79
10 74
57 77
60 88
48 66
27 52
50 82
15 25
22 64
55 85
55 81
40 67
20 86
6 46
28 62
19 31
26 88
39 42
57 83
51 62
45 52
14 87
13 66
13 85
50 52
4 55
31 44
42 89
42 72
74 88
49 93
81 94
3 34
39 78
8 51
7 28
3 54
80 94
60 78
2 58
20 36
70 90
63 89
10 79
50 77
58 71
33 70
35 67
32 81
55 74
48 50
1 51
39 92
61 89
64 68
19 78
0 64
25 94
28 93
84 90
41 83
4 46
37 92
12 61
30 65
1 64
56 60
25 41
44 56
19 80
7 77
80 84
5 32
16 78
64 89
42 87
47 89
11 28
76 83
14 72
7 73
4 8
18 23
11 42
22 29
42 54
7 82
52 86
37 59
57 78
10 43
0 54
17 68
18 61
34 63
25 65
7 48
37 70
23 88
1 7
54 72
48 63
41 72
87 94
16 56
5 33
40 64
46 86
8 78
71 76
1 75
1 61
40 49
16 29
51 83
59 84
65 86
35 52
31 61
38 69
16 39
43 69
7 69
69 88
12 90
11 78
12 17
6 65
4 22
5 60
9 53
16 22
9 40
39 58
24 74
63 79
27 36
74 85
51 55
41 47
26 67
46 69
28 89
42 70
19 65
11 89
61 93
20 87
35 57
33 87
49 81
75 83
43 75
55 94
22 37
39 80
64 94
62 77
9 62
50 64
6 90
9 37
22 27
28 36
70 87
73 84
10 76
11 70
15 36
56 58
83 92
11 79
0 42
11 85
7 91
48 56
48 67
6 50
12 54
72 84
8 28
4 49
46 60
16 59
82 90
7 89
2 11
19 91
37 49
18 44
53 55
48 55
13 78
3 75
15 37
7 27
0 93
25 64
31 69
42 62
15 62
10 53
54 81
32 41
33 45
15 92
23 93
79 82
59 89
16 83
40 73
30 40
43 65
45 61
43 51
42 56
93 94
22 28
5 49
33 65
51 80
43 50
23 91
24 27
38 94
15 72
32 93
6 56
15 76
53 69
23 92
65 83
77 79
67 81
33 77
18 36
