96
5
1231
60
124 2
89 2
85 2
25 4
112 2
48 3
84 3
39 1
84 4
110 2
54 1
160 1
11 4
140 1
21 2
43 1
30 3
55 4
34 5
88 3
158 2
113 1
146 3
15 5
34 2
31 1
122 5
80 1
108 3
39 4
57 4
118 1
97 1
67 2
118 1
53 2
59 5
110 1
127 2
134 4
15 4
105 2
108 4
70 2
23 5
151 2
142 2
140 5
125 4
152 4
40 3
105 5
51 2
122 2
123 4
45 2
74 2
25 5
113 3
70 1
39 4
78 2
99 3
19 1
35 2
162 3
126 4
108 2
124 5
92 3
57 2
165 4
11 1
19 1
55 3
136 4
87 3
145 2
158 1
137 3
104 5
118 3
116 4
85 2
153 1
134 5
90 4
124 1
122 1
54 3
94 4
40 2
35 5
54 3
94 3
22 2
13 23
1 34
10 13
45 71
61 83
17 58
63 82
17 44
18 40
30 81
5 88
84 92
22 74
10 41
7 53
18 65
61 75
44 83
40 48
47 65
39 51
41 90
10 22
4 40
58 77
63 77
5 58
7 91
29 40
37 51
3 5
13 66
26 95
42 92
40 95
54 65
2 9
38 68
8 70
25 91
0 72
19 77
20 51
4 24
58 95
81 92
11 77
10 74
41 64
0 82
59 70
12 28
27 47
54 95
18 91
15 65
3 25
63 87
12 24
15 62
60 84
44 50
45 70
69 78
48 69
0 28
60 71
36 61
32 76
11 22
34 62
17 53
40 43
1 71
76 94
72 83
38 50
12 78
3 74
56 61
39 60
36 69
76 86
22 78
22 82
37 76
16 41
12 73
83 85
2 63
34 80
4 59
42 62
7 12
76 89
46 49
24 41
44 74
14 48
48 68
27 42
12 43
20 95
66 89
8 41
43 55
1 35
65 91
15 61
12 21
44 65
31 48
7 25
13 16
15 51
3 69
30 70
3 71
28 55
81 94
4 50
7 83
30 53
19 45
53 70
10 19
17 23
23 35
53 65
23 72
48 90
16 45
5 47
39 65
13 71
6 85
19 87
19 49
37 69
37 72
1 69
51 84
36 81
67 76
15 23
36 48
20 90
9 73
30 92
44 92
23 42
37 47
59 62
17 38
21 38
19 58
33 65
84 87
61 87
17 21
20 78
37 58
45 61
9 49
73 87
37 71
12 56
56 75
27 57
36 71
63 81
0 7
19 72
24 83
65 74
13 39
1 58
21 91
5 18
18 70
15 60
36 66
64 79
14 83
1 68
21 50
21 84
54 55
53 94
16 55
22 71
22 33
14 82
61 65
3 28
61 74
57 66
34 37
77 94
7 63
33 42
23 25
43 76
19 66
30 89
39 92
10 24
1 85
39 49
37 95
37 82
35 36
28 73
30 86
31 93
2 25
3 23
14 71
44 81
34 50
5 59
18 84
15 71
28 38
60 95
68 93
34 85
77 95
18 88
8 54
20 42
38 83
1 21
20 33
13 38
16 22
60 79
5 83
35 70
68 90
30 69
39 85
15 87
66 73
16 27
1 51
26 73
47 82
34 92
25 37
44 86
52 60
30 50
65 88
12 89
28 84
51 73
19 43
19 89
68 75
21 94
10 91
15 77
74 79
17 91
1 10
60 89
58 83
26 48
7 79
29 92
40 75
24 36
50 64
12 77
3 4
65 83
59 77
16 26
3 79
91 93
39 43
53 88
28 80
28 95
21 49
63 71
3 62
57 88
18 57
27 75
2 91
34 58
67 80
30 60
15 86
48 89
39 61
78 94
28 31
1 53
16 88
5 50
36 89
14 92
47 95
15 88
57 92
49 75
23 63
11 65
59 74
30 83
6 92
33 44
12 35
9 18
2 64
53 66
29 83
15 68
44 68
56 88
13 56
51 92
60 70
12 47
16 17
21 51
2 17
74 80
15 36
79 86
10 44
37 39
33 81
41 71
59 69
14 90
9 62
22 84
82 92
12 65
29 86
8 39
27 41
13 45
84 86
3 93
5 6
18 46
40 76
22 80
49 88
18 49
17 37
88 90
10 66
7 17
18 78
16 40
49 90
12 83
4 66
22 26
22 81
7 54
18 28
5 25
12 64
24 39
34 91
18 56
2 41
29 76
38 73
3 80
52 73
21 82
54 64
29 74
36 83
64 92
61 95
1 38
65 79
46 52
27 95
54 83
17 49
62 89
24 68
0 15
31 45
17 40
12 82
9 67
36 37
30 40
60 61
21 61
57 70
62 68
27 94
22 92
26 77
35 79
26 83
62 91
54 79
6 79
0 69
44 47
2 39
58 73
2 7
68 78
15 70
8 62
17 68
47 90
17 22
16 84
11 80
23 55
25 27
51 61
6 10
39 84
16 23
19 63
5 22
35 87
8 9
0 45
0 23
65 71
59 78
0 38
59 81
4 33
78 87
66 76
39 79
8 92
10 59
15 74
8 46
74 81
25 76
38 77
12 25
39 88
72 94
9 31
61 86
52 54
17 83
19 55
36 43
33 52
51 78
42 46
0 8
0 42
15 66
43 54
4 80
20 45
64 90
12 88
33 47
33 72
13 86
15 42
3 76
7 77
39 77
22 34
46 95
12 95
66 68
24 44
43 81
3 85
57 82
35 51
7 40
2 29
56 71
4 70
2 49
34 84
41 91
25 65
26 69
22 48
10 53
68 88
33 78
28 51
16 42
15 28
22 79
41 48
47 57
76 95
6 20
77 93
23 83
46 87
25 28
70 74
30 74
17 45
57 91
4 69
28 82
5 31
60 85
14 44
24 60
14 33
18 19
23 27
8 49
14 37
94 95
30 48
28 40
14 28
15 43
4 30
27 49
21 83
51 83
30 77
0 39
0 17
6 52
12 33
37 59
91 95
24 63
49 60
20 37
43 60
14 91
15 34
64 76
43 91
31 50
45 54
7 71
83 95
1 5
1 2
35 69
8 23
15 57
57 79
11 25
8 66
93 94
47 80
45 62
11 52
33 60
39 73
62 92
58 82
22 23
29 80
37 61
26 47
0 86
20 53
19 59
15 18
40 49
19 23
47 72
44 59
30 75
5 82
6 45
6 64
30 78
3 47
28 61
24 80
30 51
14 36
39 68
30 67
10 85
4 64
25 92
26 76
51 68
42 86
38 82
54 73
46 77
26 72
29 95
43 45
78 92
50 51
46 55
11 79
30 54
37 44
27 72
29 53
75 79
70 91
36 75
6 42
36 46
33 45
26 51
19 40
40 87
5 94
53 68
18 73
27 62
38 65
17 36
58 92
23 64
16 36
20 93
29 77
51 59
11 19
30 34
25 36
22 32
16 58
7 13
20 67
52 80
31 65
7 64
14 45
44 95
9 25
18 36
11 56
31 41
11 83
62 78
40 84
8 47
44 87
18 30
9 94
24 79
15 67
45 67
13 42
7 55
19 47
7 75
1 57
36 68
2 89
6 93
79 93
72 73
15 89
24 49
51 65
17 90
19 51
12 48
38 52
6 95
20 39
3 87
0 90
36 82
73 77
55 88
2 82
27 66
16 70
48 84
14 93
16 28
70 84
33 40
25 93
24 61
18 72
36 92
11 54
23 59
46 74
41 89
26 57
36 52
46 75
7 52
1 75
31 95
50 79
38 59
5 70
31 68
2 92
2 21
46 73
9 37
37 67
28 43
64 74
58 76
31 83
26 91
53 77
10 18
79 89
7 94
14 72
0 25
48 62
5 74
33 67
35 64
8 28
50 86
51 66
0 70
20 28
38 53
45 72
10 33
43 82
0 48
22 70
33 53
28 44
34 71
18 39
46 47
1 40
6 34
32 85
42 64
13 63
0 11
71 87
25 62
12 94
60 76
56 72
68 72
48 76
77 83
28 81
69 79
7 21
35 78
45 79
1 74
26 89
63 69
21 32
15 48
38 55
31 61
25 58
6 27
16 34
54 93
10 68
80 83
4 89
5 43
18 76
2 73
35 42
11 76
5 72
45 58
60 66
37 86
9 80
36 70
12 38
2 6
76 81
37 42
52 79
4 7
36 56
27 82
43 44
24 75
2 43
45 89
38 70
28 91
53 92
52 77
41 78
50 52
15 41
53 72
0 75
16 56
0 60
65 81
2 54
83 88
16 32
64 84
45 68
46 82
55 68
5 91
10 62
29 63
23 92
65 93
2 90
50 93
26 36
14 51
27 71
15 16
6 11
27 56
37 48
4 75
33 91
33 56
42 48
40 94
2 95
19 76
21 66
8 14
9 55
50 70
8 50
50 88
45 57
77 78
55 59
1 56
9 72
45 85
62 66
16 50
73 80
44 45
56 78
4 65
10 55
34 49
32 50
53 63
66 86
9 69
57 93
5 34
27 73
76 88
8 17
75 76
22 45
16 25
0 66
72 85
59 72
23 77
11 38
12 62
6 40
48 85
13 83
62 86
26 79
7 88
59 75
34 40
6 26
71 94
88 95
46 83
30 82
23 60
56 87
11 14
21 30
17 32
61 90
18 59
33 63
5 36
0 67
59 76
32 63
3 83
22 61
3 81
27 31
44 53
11 63
35 71
56 83
36 49
35 94
84 85
79 84
6 32
32 92
72 81
42 55
31 62
0 73
34 35
37 77
57 76
67 73
10 65
45 94
43 50
5 26
53 79
1 61
24 28
66 80
15 45
31 73
10 73
13 35
60 68
56 64
27 39
38 85
41 72
1 55
40 65
67 85
16 21
62 76
70 77
63 91
34 86
1 19
2 30
23 56
36 40
10 92
47 50
92 95
25 33
71 75
12 14
12 93
5 55
10 27
20 75
39 56
10 93
56 79
48 57
13 29
8 13
1 47
20 79
26 65
43 67
16 57
44 79
29 70
43 64
36 58
33 70
18 60
55 81
51 52
3 41
5 20
43 89
37 93
8 38
28 48
11 62
0 65
32 60
46 80
7 65
6 82
38 39
19 38
27 29
52 88
10 14
36 90
14 20
4 6
21 62
61 68
47 66
1 62
19 91
12 66
53 58
56 82
1 66
27 38
11 28
18 33
20 26
71 93
12 57
41 68
1 87
36 95
12 22
36 80
57 73
3 94
24 52
81 93
80 87
38 69
32 42
17 54
46 94
40 64
28 83
42 52
25 34
15 27
10 57
30 47
67 90
10 52
49 70
66 74
85 94
54 66
18 45
27 28
9 27
20 47
27 55
21 57
21 39
5 75
39 52
32 95
14 55
33 57
18 55
3 95
44 80
45 88
41 73
47 83
38 58
10 76
41 51
37 89
41 82
25 40
58 91
23 89
38 86
9 41
0 68
45 82
90 91
40 46
34 38
41 60
49 66
58 89
16 35
9 77
33 80
19 64
53 89
21 48
43 48
35 39
6 30
21 58
66 87
0 40
59 83
24 94
5 68
51 72
3 22
19 86
26 71
0 95
1 6
26 33
49 61
64 93
26 45
11 33
31 78
32 36
47 52
26 84
23 36
12 91
36 55
61 92
23 57
16 82
68 73
40 51
18 64
21 28
82 85
13 70
72 86
7 14
72 93
10 15
17 29
67 81
51 76
14 23
43 92
31 63
52 81
44 70
68 89
40 67
59 66
9 91
19 61
25 64
4 91
13 21
9 34
40 83
75 77
19 57
6 8
5 63
11 18
40 53
23 37
35 90
16 24
38 95
32 90
42 89
44 78
51 86
52 87
52 82
5 10
32 77
6 69
68 84
3 84
32 79
12 36
60 94
49 67
2 83
1 54
4 5
47 53
67 82
75 85
4 41
29 36
36 74
73 78
71 81
69 70
33 61
23 44
54 88
15 52
16 29
25 74
50 95
10 23
4 46
23 66
67 69
6 63
50 58
8 45
28 92
45 91
42 72
19 53
35 73
57 86
38 78
49 71
10 31
45 93
5 27
1 89
3 13
26 70
41 77
22 53
12 31
16 86
7 24
44 60
9 20
36 51
29 57
34 45
86 95
87 93
16 87
6 88
0 57
26 60
20 58
