97
10
2653
60
150 2
38 2
246 2
70 4
243 2
250 3
294 3
37 1
105 4
224 2
73 1
214 1
148 4
34 1
233 2
105 1
262 3
46 4
226 5
291 3
203 2
34 1
197 3
175 5
49 2
174 1
73 5
309 1
200 3
185 4
146 4
195 1
229 1
102 2
321 1
83 2
308 5
68 1
100 2
160 4
308 4
161 2
44 4
260 2
182 5
321 2
165 2
74 5
121 4
178 4
282 3
61 5
209 2
92 2
315 4
321 2
230 2
72 5
102 3
32 1
297 4
138 2
118 3
30 1
225 2
202 3
312 4
77 2
157 5
160 3
196 2
124 4
282 1
266 1
39 3
190 4
185 3
186 2
207 1
78 3
238 5
58 3
219 4
79 2
95 1
292 5
219 4
214 1
37 1
265 3
66 4
259 2
288 5
92 3
76 3
321 2
233 2
12 89
7 78
17 95
44 77
59 93
1 82
61 86
30 35
17 96
89 93
11 92
78 95
22 48
12 42
3 25
15 53
59 85
43 91
19 37
46 67
26 43
2 72
12 66
14 53
56 96
61 81
0 27
4 82
17 40
36 71
2 45
4 78
13 88
42 50
40 53
52 96
86 95
37 86
33 65
25 62
33 51
16 60
20 84
9 55
57 75
76 96
9 43
10 60
40 86
10 53
57 86
0 67
40 76
53 83
25 43
15 94
5 7
61 91
11 48
15 43
59 60
43 58
44 76
66 93
47 69
12 44
58 84
35 83
33 67
10 92
33 88
17 32
39 57
34 59
73 81
69 86
37 68
3 67
7 25
54 86
38 76
35 91
72 96
34 75
22 56
28 66
29 85
12 57
77 95
34 39
34 44
17 81
41 74
14 77
73 76
45 53
32 38
43 82
24 39
47 68
26 80
22 39
20 71
64 84
20 92
42 65
2 9
63 89
13 26
11 89
43 73
30 80
3 87
15 50
6 46
31 64
30 38
6 24
27 93
77 79
12 62
27 80
2 5
13 48
52 60
11 54
16 81
1 37
52 55
25 79
47 90
21 31
4 19
30 64
23 28
85 86
2 48
38 77
36 89
4 52
25 93
50 78
36 43
65 68
27 57
20 52
9 60
4 27
30 60
44 48
22 88
36 67
57 78
18 39
19 35
33 43
32 93
78 90
60 61
25 49
0 24
5 19
44 67
8 69
70 86
0 60
6 40
55 59
26 89
35 93
61 85
26 85
24 55
30 36
63 72
29 89
21 66
19 75
11 70
18 48
13 36
30 86
62 80
17 55
8 32
17 30
20 81
52 86
52 84
16 35
31 94
40 50
1 29
59 75
11 67
59 84
55 88
21 93
85 92
19 28
18 84
14 95
42 86
1 20
10 57
39 51
0 76
26 47
29 39
37 56
40 88
34 60
18 27
30 54
17 93
88 89
9 40
18 96
43 89
33 76
1 54
23 96
4 53
21 34
59 71
66 82
14 40
74 78
18 66
13 83
15 56
16 96
19 85
34 45
10 69
10 50
58 92
8 23
34 94
66 79
26 82
2 23
2 52
64 68
0 9
13 55
4 15
46 84
34 56
14 60
43 94
51 52
29 84
63 86
1 64
3 83
50 67
6 94
17 31
65 94
33 83
10 28
2 92
71 74
32 48
16 32
59 65
57 63
27 50
6 80
39 89
20 33
40 84
49 60
35 76
19 70
63 81
57 93
8 50
4 74
82 83
26 50
52 78
19 92
28 65
15 57
61 75
13 76
56 70
28 48
1 56
16 34
33 84
65 72
29 94
25 28
47 89
2 43
74 94
27 67
8 94
4 10
15 25
36 51
6 21
47 48
3 18
56 74
48 73
1 31
7 40
57 90
2 24
18 47
25 85
5 43
5 51
26 64
52 56
29 52
13 78
43 76
55 72
6 26
50 86
58 83
15 77
13 16
26 55
25 72
71 75
11 42
75 81
14 15
36 59
33 46
40 83
57 85
15 80
22 58
39 46
77 90
8 27
8 61
16 28
13 28
14 82
78 89
0 84
18 24
31 78
22 54
4 21
48 86
16 95
25 83
80 94
34 85
18 56
18 65
8 41
48 88
13 61
26 83
17 79
23 40
17 84
4 49
14 31
23 83
3 36
18 34
31 92
9 37
11 79
7 67
13 47
51 65
83 86
52 95
25 31
36 56
62 93
60 69
10 91
63 77
45 56
7 28
53 71
13 79
60 96
11 31
30 45
24 86
11 29
18 35
6 20
36 52
26 33
58 74
15 21
55 92
60 75
32 68
7 95
15 45
1 5
33 54
61 63
53 67
19 48
16 91
43 55
5 10
56 92
15 51
66 67
17 59
6 33
5 92
46 92
16 78
11 65
92 96
24 69
13 63
50 55
39 43
15 83
7 86
13 42
7 85
32 70
3 58
1 21
11 87
63 69
57 94
14 89
58 59
10 16
74 87
64 71
5 6
6 72
15 55
24 90
12 22
71 76
22 95
13 75
6 86
39 47
70 71
4 33
59 96
50 91
18 58
6 89
35 65
6 25
50 72
41 56
4 47
34 53
19 47
42 64
20 21
0 34
62 91
32 75
24 43
15 23
13 33
3 65
82 93
0 59
21 82
12 32
46 49
13 50
63 95
22 94
42 91
25 89
56 64
4 60
7 73
84 88
54 96
11 25
34 48
6 58
41 48
17 22
21 96
15 58
23 52
66 77
27 85
37 59
5 28
27 90
26 28
9 39
46 59
73 82
14 73
74 76
2 16
45 91
27 74
67 85
17 24
15 92
56 73
21 33
28 54
18 63
59 61
6 44
39 42
8 37
8 14
19 76
8 15
36 95
82 91
29 82
1 72
18 25
22 27
21 58
36 68
23 77
50 77
3 86
9 75
18 95
2 61
15 62
36 79
82 85
6 74
48 58
15 96
42 70
39 84
6 52
62 77
43 48
13 17
44 60
33 49
78 87
17 74
40 82
34 93
36 88
14 85
56 61
2 14
33 53
82 89
46 82
44 68
5 71
7 47
12 91
61 64
57 62
30 53
6 55
36 81
8 67
25 47
14 80
19 39
3 19
39 63
37 57
46 74
43 67
27 95
8 21
5 89
22 37
36 38
5 64
28 31
14 18
20 76
25 27
38 84
2 53
33 41
1 19
38 73
1 25
50 62
42 44
36 60
53 61
45 81
7 56
29 64
42 55
74 92
48 94
45 59
11 94
29 88
27 41
28 89
9 72
71 94
68 74
36 37
4 18
32 73
36 42
18 94
22 79
40 45
2 57
52 58
27 31
0 62
35 92
23 37
57 72
16 26
90 94
29 46
21 38
50 53
20 36
29 68
19 24
39 72
20 43
3 90
21 53
51 72
35 56
9 12
1 35
44 51
36 86
2 37
20 54
4 34
37 43
60 85
35 70
17 86
43 95
18 49
24 51
9 66
3 13
44 73
1 34
6 81
2 59
0 79
12 92
13 21
7 35
27 30
75 88
69 76
23 93
40 69
50 59
8 71
14 19
37 70
0 38
19 91
0 78
14 66
22 89
10 58
70 76
54 74
27 35
11 57
9 92
47 84
27 72
32 92
67 95
12 72
24 33
17 19
8 68
11 95
18 32
11 14
45 78
18 77
2 22
3 76
45 79
12 93
14 62
16 77
49 75
38 95
33 47
18 37
9 24
9 31
45 77
21 30
36 87
38 41
62 75
56 95
16 65
10 55
52 67
27 62
75 84
1 48
9 76
28 96
47 62
33 75
17 48
34 88
25 70
49 82
50 60
22 91
38 63
22 23
44 78
37 60
42 92
36 62
32 81
27 76
2 75
24 36
10 35
45 51
20 88
32 51
13 46
41 76
0 36
85 96
68 94
11 45
4 61
58 89
55 56
65 91
47 76
73 88
9 21
66 94
36 74
12 50
44 85
23 75
18 70
61 73
2 18
1 13
30 62
33 85
25 45
10 54
3 73
53 81
28 91
75 93
33 45
7 9
11 61
1 39
34 66
6 83
29 44
44 64
58 79
35 58
38 81
4 59
23 79
6 59
72 91
3 9
51 71
2 7
27 51
18 82
42 54
9 52
12 71
44 95
28 61
8 44
52 82
51 69
0 15
48 95
7 93
52 62
8 74
8 45
13 58
63 79
39 69
78 80
19 94
62 85
44 74
92 95
53 96
10 45
29 32
26 60
24 34
63 91
36 94
49 89
13 35
14 78
10 87
26 94
23 25
19 56
15 90
15 70
33 56
15 36
41 58
19 53
15 84
82 94
7 68
20 50
5 14
49 66
85 95
49 84
44 63
73 83
53 87
10 20
1 71
44 91
60 73
1 24
70 79
43 53
55 62
16 47
19 65
11 46
8 66
52 53
64 81
2 49
56 75
16 75
25 33
73 75
34 36
71 91
10 40
20 96
34 67
69 88
57 88
10 33
11 50
83 85
36 58
47 85
27 75
60 93
35 40
0 19
57 91
33 66
35 90
69 74
81 84
45 87
30 49
25 67
55 71
39 76
12 60
12 37
60 64
3 32
32 91
86 96
10 70
57 92
37 93
11 53
1 26
5 84
13 38
43 61
14 35
22 60
55 67
21 75
35 57
78 88
75 79
36 84
29 69
69 84
30 94
10 67
9 88
37 38
26 44
56 58
64 96
41 57
45 49
42 60
22 85
52 69
21 60
6 73
64 75
13 18
7 88
16 85
17 60
58 81
54 89
2 38
7 46
13 93
39 79
12 65
65 77
26 81
60 83
67 88
61 95
16 51
23 29
10 78
0 1
89 96
2 13
46 52
82 88
12 77
68 82
9 16
37 67
20 51
23 34
16 44
38 72
12 95
55 63
47 57
41 61
20 31
15 31
39 68
3 30
42 77
27 37
43 87
25 53
42 74
18 38
16 88
22 32
54 67
49 92
7 65
21 41
43 46
37 54
15 44
5 75
26 86
19 34
0 52
45 84
18 92
83 96
16 29
37 45
13 69
51 80
10 34
14 56
0 46
26 32
14 68
59 78
46 68
37 81
3 29
31 47
51 92
55 66
18 55
1 91
11 72
24 67
1 95
69 73
35 38
11 52
36 57
25 32
4 46
7 57
55 95
11 71
12 84
77 78
76 77
8 40
0 74
22 45
46 48
28 53
9 68
41 62
19 20
10 38
21 50
5 67
65 82
29 49
48 68
64 69
79 90
53 54
15 59
20 23
17 69
22 57
27 64
20 22
7 60
38 68
32 61
4 29
32 85
29 65
18 51
23 76
43 88
44 94
40 85
46 85
29 83
40 63
37 50
11 62
8 81
2 10
57 71
38 46
23 46
2 19
17 64
44 88
81 91
21 87
33 64
15 95
48 64
57 69
19 41
7 80
20 73
5 77
52 79
18 75
42 58
40 66
9 28
3 17
64 82
90 92
58 61
8 48
19 63
50 66
11 78
6 36
8 65
17 21
8 58
32 46
48 59
62 94
5 26
5 41
31 45
26 54
46 54
3 45
11 30
35 77
35 94
60 66
18 81
18 42
65 92
39 65
24 25
23 80
77 83
36 64
69 89
16 87
69 96
9 14
3 27
65 73
50 70
3 85
43 49
27 94
51 73
43 78
66 78
39 81
57 82
26 73
84 89
30 79
12 53
7 21
40 41
14 91
71 92
10 17
16 64
16 19
39 67
1 44
35 53
2 94
10 11
8 19
2 15
42 47
89 94
50 80
51 79
51 74
32 43
15 40
7 15
66 73
32 45
14 38
41 43
59 70
48 65
3 6
10 74
38 87
46 55
65 74
72 76
20 72
10 63
5 30
70 77
68 88
66 85
15 33
15 89
53 76
1 23
11 76
41 66
49 91
37 65
82 95
34 52
64 92
14 37
49 54
19 72
18 78
45 46
41 84
31 42
5 69
56 68
4 54
48 69
9 48
45 48
28 36
26 40
10 61
40 89
41 59
19 32
23 31
8 51
29 79
43 68
35 73
28 93
21 64
36 77
80 84
80 90
5 81
26 67
14 25
20 46
0 26
28 73
42 83
7 92
2 33
81 96
18 69
24 72
47 88
4 93
63 73
45 60
3 64
9 79
24 64
7 70
19 45
10 18
23 50
26 93
4 90
20 94
11 82
57 89
24 42
8 10
11 15
52 92
31 82
32 56
28 75
25 69
25 54
49 53
31 73
59 92
79 93
73 94
40 55
21 67
22 78
38 93
3 62
8 43
1 41
68 84
37 41
39 48
23 82
71 82
26 27
18 86
4 71
16 74
41 96
1 22
19 62
4 40
19 33
8 56
46 70
25 40
0 41
1 89
2 26
90 96
2 65
9 11
26 59
65 79
33 89
30 44
67 71
9 90
39 58
56 89
25 91
27 45
7 34
70 88
45 62
26 95
31 83
56 85
22 29
16 93
7 64
63 64
7 18
7 90
13 40
11 23
27 43
9 86
17 29
26 77
19 29
28 52
87 93
42 43
21 44
11 93
49 57
42 80
20 95
11 91
74 80
46 61
33 92
10 75
48 84
17 71
2 20
25 37
8 90
20 67
24 65
9 71
45 80
55 68
24 78
26 79
46 78
8 82
6 43
6 64
24 76
33 61
81 89
18 87
76 79
29 54
8 22
1 10
8 38
81 83
32 82
38 94
24 83
61 88
21 81
35 81
35 78
45 67
17 72
3 68
79 81
33 72
43 60
10 72
34 92
2 60
3 72
58 60
21 77
19 79
3 60
12 54
18 79
9 33
9 69
10 46
75 92
2 91
74 83
60 84
28 80
32 53
62 90
25 42
80 82
30 57
74 86
60 86
67 87
14 61
54 68
33 74
35 84
33 38
12 90
5 22
12 40
8 92
51 54
39 94
1 18
41 53
11 58
6 39
40 42
35 82
10 44
4 70
10 23
19 21
16 73
0 94
84 96
34 69
2 29
3 54
46 89
18 30
23 61
69 81
4 23
29 51
42 75
69 72
19 42
18 33
5 56
28 72
4 25
68 87
0 61
80 85
81 85
2 6
49 95
16 38
36 61
22 38
3 37
44 66
2 74
16 17
49 67
80 89
91 92
2 11
85 93
22 62
28 41
52 61
10 81
64 73
10 12
4 75
6 87
73 92
10 39
27 69
2 41
42 88
7 94
80 92
75 91
12 82
43 69
33 71
62 96
43 56
62 79
8 34
11 88
14 22
2 96
59 94
40 90
54 61
64 76
18 74
42 78
2 35
55 89
11 39
64 67
13 24
34 38
37 77
45 89
36 48
11 34
21 84
6 67
26 57
59 89
2 58
43 96
6 27
87 94
61 82
38 66
24 94
25 56
12 36
34 46
26 58
3 50
66 75
6 96
28 85
58 65
48 70
6 17
30 55
75 96
15 79
57 84
49 78
51 84
2 47
26 72
19 77
44 45
27 39
88 95
45 74
27 59
53 58
80 95
0 3
52 77
59 87
63 67
59 91
12 76
37 62
22 93
16 18
25 48
66 88
0 25
45 55
43 54
63 76
5 66
31 68
29 35
58 96
54 95
40 48
3 24
39 93
54 90
40 46
63 68
25 61
48 81
4 26
32 90
34 74
16 20
24 89
63 74
39 62
24 59
29 38
60 78
45 76
54 55
26 51
41 69
25 52
47 56
23 38
37 61
65 89
14 45
18 64
14 59
9 17
11 32
31 95
54 88
41 86
12 29
71 81
49 52
0 13
69 90
9 93
15 41
80 96
41 72
34 61
49 81
6 56
84 90
6 47
23 89
33 90
37 48
67 94
72 79
38 79
36 41
42 79
21 52
40 44
53 57
77 85
38 51
19 36
72 89
28 94
54 79
12 94
86 91
18 44
2 89
38 61
30 41
47 73
19 58
22 35
83 87
53 66
20 48
21 28
67 75
18 72
78 86
28 39
20 39
49 69
75 87
27 87
93 95
26 36
21 22
30 58
3 70
39 87
11 26
24 87
18 61
56 65
41 54
32 63
67 81
10 37
26 90
2 17
46 47
67 93
54 75
13 74
69 94
6 66
62 64
5 58
42 63
16 41
33 91
71 89
35 85
0 21
21 86
8 70
46 58
13 81
57 67
9 53
22 63
20 60
32 58
13 80
70 83
51 82
25 29
31 81
2 8
26 53
68 80
65 76
58 72
21 91
63 93
7 14
47 66
2 68
37 90
55 74
0 54
28 90
0 75
5 17
2 62
25 68
31 53
18 43
70 89
49 55
46 72
30 89
74 75
69 71
11 12
22 76
55 80
17 52
12 86
72 88
30 96
4 42
10 79
64 78
9 63
50 82
54 85
72 82
7 71
58 76
32 40
22 43
1 6
4 8
32 41
41 47
51 56
10 68
18 71
10 83
5 48
30 32
48 80
17 77
76 88
3 10
12 85
66 86
3 57
10 56
42 48
48 78
47 50
37 64
29 80
47 72
3 91
4 5
3 53
70 72
38 78
22 31
23 72
3 40
27 44
8 76
8 9
34 35
26 62
27 58
31 80
50 68
5 68
17 57
47 59
70 90
8 46
15 60
17 38
32 72
43 77
13 89
21 40
21 68
34 55
11 13
29 95
20 27
27 73
68 76
15 73
6 7
4 22
30 95
4 32
28 58
77 93
0 73
28 82
43 47
5 31
28 69
46 66
46 77
68 72
14 33
20 49
73 86
68 75
16 25
44 75
34 42
1 32
5 53
42 68
14 63
0 53
48 79
11 35
17 78
32 47
61 71
14 49
47 81
75 83
13 66
44 65
5 24
19 22
37 73
9 54
45 70
5 23
19 26
4 37
33 36
15 39
21 45
31 87
14 64
24 50
61 78
54 83
3 4
1 78
10 32
14 27
66 84
45 54
68 95
70 81
15 87
30 61
29 30
26 91
40 54
30 66
36 49
18 60
37 74
5 18
38 96
48 76
43 72
6 51
16 90
43 63
33 93
26 52
92 93
24 53
33 86
58 90
45 68
86 93
4 72
55 87
12 16
0 47
5 73
11 69
29 37
7 96
31 49
40 72
1 83
54 81
31 48
71 78
51 83
79 88
34 41
30 72
26 70
31 34
10 90
24 77
40 60
68 69
28 95
53 92
81 93
22 72
11 73
5 96
22 26
1 30
15 85
20 91
21 32
38 83
47 77
7 81
25 95
12 67
67 79
52 88
48 61
54 73
27 92
48 82
54 84
8 54
5 70
38 75
15 74
25 73
28 62
8 73
14 74
81 94
39 41
33 48
29 57
6 16
7 38
28 47
8 85
1 55
32 59
4 77
51 94
8 86
87 96
83 84
27 46
19 88
14 93
40 47
36 72
19 23
60 74
78 85
13 54
61 87
1 62
16 70
9 95
59 88
87 88
17 67
11 74
34 40
19 71
50 54
8 78
70 95
91 93
87 90
42 76
61 62
71 73
8 28
71 88
64 80
44 93
10 15
8 83
9 18
10 71
7 27
81 86
49 72
13 95
37 80
57 77
73 90
38 91
61 70
20 87
19 60
30 88
31 50
2 86
2 51
77 82
6 23
53 56
38 55
7 75
35 39
45 64
71 93
58 63
29 75
1 69
24 27
38 57
25 81
58 88
1 36
6 53
3 88
51 66
30 48
32 74
21 71
32 79
21 55
37 49
5 21
79 85
3 79
28 83
23 49
17 76
23 87
4 48
32 88
58 87
92 94
74 79
24 40
32 76
41 83
26 34
14 30
28 84
13 60
72 74
13 70
0 58
42 94
12 45
44 54
22 50
90 95
8 89
0 91
5 12
2 25
42 71
65 71
31 71
25 39
22 44
24 80
78 96
47 58
6 88
13 92
54 72
8 12
91 95
36 40
1 81
75 76
29 34
33 37
21 65
25 65
59 90
81 90
76 80
51 81
0 16
27 77
54 69
46 96
23 92
85 88
23 39
28 92
25 46
52 89
51 67
2 70
41 73
46 90
42 66
13 49
8 88
41 79
74 85
28 56
44 92
31 79
3 69
20 59
5 13
5 88
5 52
29 70
72 87
8 24
28 77
1 47
55 84
1 63
12 30
43 62
16 36
0 70
42 85
42 46
29 59
8 11
12 20
56 84
53 91
39 53
31 88
45 58
8 59
57 87
24 49
37 84
76 92
43 44
7 30
3 48
6 9
70 96
16 31
11 27
46 51
5 11
2 44
60 87
24 47
61 69
29 91
0 81
76 81
19 64
6 92
58 75
76 90
36 47
23 35
42 61
1 45
68 81
12 19
29 48
62 73
42 87
19 90
84 91
71 72
56 93
46 62
5 59
49 76
42 62
88 90
6 10
21 90
67 91
28 29
3 41
59 79
31 84
52 73
43 50
49 63
56 87
5 25
18 80
28 81
45 47
26 92
33 96
88 92
13 37
40 79
14 96
33 69
60 76
80 86
74 96
16 42
29 62
81 92
78 84
15 24
1 11
20 37
23 65
49 59
12 63
9 56
70 94
0 45
46 95
68 77
31 32
62 72
7 31
44 87
52 94
16 30
23 30
83 91
3 74
28 76
51 75
1 85
34 91
33 62
69 93
28 49
46 57
55 93
47 60
17 39
8 62
79 80
0 18
35 47
61 90
9 65
73 77
90 91
36 93
23 26
7 82
61 77
48 55
16 45
0 82
16 57
19 69
52 57
2 34
26 49
48 77
35 64
76 94
40 51
59 83
28 63
0 39
64 72
37 69
0 55
49 73
53 63
23 36
39 52
22 24
1 65
14 46
1 53
54 66
31 57
8 55
8 60
60 92
48 93
23 81
20 89
57 96
14 26
48 89
24 52
85 94
63 83
60 81
1 14
50 90
76 78
21 89
1 27
27 86
29 86
40 95
65 83
19 93
41 90
68 85
15 67
12 88
0 5
29 50
47 67
14 90
6 31
15 64
21 26
51 58
9 74
11 90
1 16
39 95
28 45
49 93
6 79
77 81
0 14
15 63
32 33
46 88
5 57
14 67
2 28
51 70
62 66
11 17
79 91
1 58
82 90
4 67
85 89
21 74
18 28
39 50
33 68
40 65
7 12
43 80
29 96
86 89
39 71
14 88
53 59
60 72
5 94
30 37
40 70
66 90
26 45
48 72
16 49
9 61
10 41
7 19
5 36
3 46
32 84
24 95
28 71
62 95
16 27
41 88
28 74
70 91
61 76
67 83
41 81
84 94
64 86
16 80
79 86
65 70
22 47
7 16
46 81
17 87
76 91
42 89
44 57
56 66
40 59
56 69
7 41
7 26
39 83
16 39
32 39
34 65
4 11
85 87
75 86
42 84
15 82
39 44
2 80
25 44
12 43
9 45
14 76
45 88
5 83
63 96
44 59
27 54
20 82
20 45
2 32
53 80
20 29
46 87
70 82
12 75
35 54
40 73
9 77
0 31
44 82
34 82
14 36
7 13
21 92
14 69
27 38
1 8
23 71
47 65
62 74
38 48
56 90
13 25
11 20
24 63
42 95
50 89
16 21
15 81
24 44
89 91
6 77
6 93
34 80
6 28
63 66
82 92
70 93
24 60
82 96
19 82
20 69
14 79
85 90
79 95
14 42
10 88
13 34
40 87
10 13
4 64
23 47
10 24
10 64
9 85
29 33
26 96
48 57
40 91
32 96
7 55
71 87
53 70
55 90
43 84
8 35
40 52
18 29
67 92
30 40
4 9
88 94
0 20
67 89
39 73
15 68
27 34
68 93
10 80
59 77
8 57
26 61
16 76
20 57
16 40
45 72
25 90
65 88
35 79
22 41
18 53
56 83
12 26
55 83
71 90
49 90
59 66
18 50
12 38
50 92
13 52
34 62
54 59
10 30
67 78
9 57
71 85
66 87
6 11
30 78
38 88
7 36
18 52
16 59
37 51
11 49
67 74
50 69
6 65
24 28
4 76
34 96
11 19
43 51
6 60
13 91
48 60
1 42
0 86
28 34
0 2
38 54
20 38
63 87
0 72
49 79
9 10
44 72
35 69
59 63
38 59
33 70
32 55
0 30
46 80
30 43
47 92
23 41
47 93
38 71
24 88
57 66
20 78
75 95
3 33
13 53
41 93
84 95
53 74
20 24
5 95
55 69
13 62
44 83
6 38
15 34
70 85
7 45
34 58
30 93
32 44
16 62
83 88
34 79
5 65
72 95
23 59
20 75
21 59
41 71
30 65
20 61
54 87
14 23
58 69
9 87
5 62
7 49
1 92
72 80
22 75
12 70
22 77
9 15
10 27
68 83
57 76
16 89
5 38
20 77
9 23
11 16
31 75
21 70
23 78
69 80
6 61
30 87
27 84
9 32
43 81
9 49
48 90
46 76
18 36
18 20
33 80
68 73
24 93
68 96
21 47
30 63
34 37
15 75
12 27
52 54
22 90
23 55
17 41
15 65
38 56
24 66
0 66
16 72
2 30
50 83
24 82
34 81
47 95
47 91
28 38
52 81
76 83
16 61
11 83
18 54
26 69
