99
3
1988
60
110 2
93 2
98 2
112 4
101 2
97 3
96 3
112 1
98 4
95 2
105 1
97 1
111 4
93 1
92 2
100 1
100 3
101 4
92 5
90 3
95 2
101 1
94 3
97 5
111 2
96 1
112 5
100 1
91 3
91 4
91 4
98 1
111 1
93 2
104 1
93 2
110 5
96 1
109 2
98 4
104 4
98 2
96 4
96 2
111 5
102 2
108 2
94 5
111 4
101 4
100 3
110 5
107 2
103 2
95 4
97 2
107 2
102 5
111 3
99 1
112 4
96 2
101 3
105 1
108 2
110 3
113 4
109 2
96 5
94 3
90 2
100 4
90 1
104 1
91 3
101 4
96 3
90 2
110 1
95 3
110 5
104 3
105 4
94 2
111 1
111 5
110 4
111 1
94 1
104 3
109 4
93 2
99 5
110 3
93 3
99 2
100 2
100 4
109 5
12 56
57 72
12 91
42 89
56 88
67 69
58 71
56 65
17 53
64 73
19 65
33 91
23 63
17 44
43 91
22 42
56 80
42 51
18 69
17 42
70 94
3 24
9 67
23 25
89 90
0 55
14 32
11 51
71 83
48 75
19 71
4 64
13 53
58 94
38 81
49 96
21 86
36 64
22 68
81 96
2 29
0 54
80 89
3 47
21 48
43 57
10 31
0 14
26 91
10 84
54 91
54 84
15 84
36 41
31 79
27 65
3 49
6 12
9 41
24 55
7 19
43 59
35 77
17 33
45 69
29 75
55 84
34 67
73 90
39 45
32 78
67 77
37 89
68 97
75 91
64 96
36 46
21 72
24 47
52 58
34 75
1 26
21 75
53 58
21 79
24 77
32 57
72 73
26 94
66 96
10 56
84 98
53 94
47 83
67 88
45 68
23 30
13 77
86 89
1 18
27 69
15 81
20 22
13 94
28 62
19 75
13 38
85 87
11 58
17 58
41 89
55 65
61 86
7 95
14 22
82 92
27 35
8 30
58 65
0 45
2 97
10 74
12 98
32 91
3 50
16 40
64 67
49 83
22 65
13 80
28 29
15 39
35 55
13 19
63 71
75 84
61 88
35 70
40 41
3 40
48 66
34 87
25 79
61 69
48 97
6 11
31 95
12 51
75 81
89 92
52 69
73 88
55 59
43 97
68 79
14 71
31 86
71 88
56 92
6 34
11 69
42 79
8 46
30 46
65 89
42 66
73 86
7 20
34 77
21 49
6 65
77 86
13 33
29 35
22 96
20 92
19 28
2 58
17 83
12 86
40 55
63 65
59 60
7 68
83 85
20 32
17 24
15 76
81 90
45 82
14 27
4 79
8 33
60 73
0 94
50 84
3 58
24 98
75 90
53 66
25 64
45 58
41 49
9 69
3 90
37 83
12 59
7 21
35 96
23 43
34 86
27 48
29 53
35 39
18 58
76 92
18 51
28 31
83 97
25 50
39 97
59 83
20 60
16 33
56 66
62 77
18 21
68 82
18 68
46 94
14 16
19 38
55 95
23 45
17 70
7 90
55 92
33 81
35 95
25 93
1 4
34 80
43 95
91 96
15 27
74 86
44 88
86 88
15 98
29 67
33 36
76 83
41 44
23 69
10 75
55 67
1 67
42 82
83 84
61 95
0 48
23 61
45 54
19 81
12 13
57 84
56 60
41 68
11 15
19 62
81 93
46 64
47 52
2 14
7 15
38 70
59 94
2 95
3 42
13 81
34 84
3 25
27 70
32 43
12 35
32 63
11 12
36 98
38 48
21 80
41 70
32 74
61 73
28 96
24 42
45 89
14 96
26 75
68 98
7 27
21 40
21 91
34 95
19 97
7 9
19 51
20 74
33 90
46 69
19 86
56 79
64 91
4 84
4 23
23 67
13 40
25 75
79 89
28 54
13 37
34 66
29 52
25 76
16 63
48 74
10 72
57 78
27 89
24 86
66 71
6 60
45 97
69 77
50 76
32 36
40 91
41 50
13 93
21 81
8 91
18 46
70 97
12 78
29 50
32 37
86 96
41 54
17 59
6 82
84 97
39 53
29 62
21 28
90 94
46 48
34 38
17 91
30 44
16 35
27 73
33 59
57 60
3 22
5 9
17 41
9 91
28 81
22 55
23 28
67 91
62 68
11 48
1 75
18 60
13 98
1 37
62 64
31 96
50 75
34 89
5 15
0 2
20 97
57 59
2 27
59 90
25 40
41 61
27 75
3 66
10 85
61 62
3 86
21 60
10 18
17 30
59 91
20 62
55 74
35 47
26 71
57 65
8 41
14 89
1 23
9 56
37 70
3 37
16 50
4 68
0 3
41 71
37 84
50 74
9 50
12 15
4 21
1 11
19 93
44 96
8 64
14 79
38 62
4 52
46 50
15 44
83 89
25 94
62 86
4 10
1 81
32 93
16 43
56 75
16 59
28 67
59 82
55 56
6 56
21 58
49 77
60 78
57 70
8 54
68 83
24 25
6 67
41 64
14 42
4 42
14 88
37 79
6 64
30 72
17 93
9 95
39 75
34 49
3 51
14 30
48 60
14 91
18 79
86 90
40 84
42 60
2 71
59 79
39 67
31 68
22 50
64 77
10 82
10 54
31 85
25 60
87 94
11 17
19 36
15 87
60 70
16 90
7 81
2 81
49 74
82 89
10 81
54 80
52 68
4 51
33 35
39 72
14 86
71 93
6 78
2 31
3 27
14 53
26 97
2 84
15 25
25 39
27 51
31 87
25 56
67 94
9 23
68 80
36 89
12 14
29 41
66 98
48 77
10 88
53 83
13 73
14 78
29 60
55 98
38 52
20 65
12 22
50 92
4 41
26 34
35 76
49 69
50 66
11 32
77 84
26 86
18 59
22 97
5 64
11 70
41 80
50 94
58 60
5 6
35 60
20 41
19 42
57 86
62 98
35 92
40 90
7 75
25 35
50 90
94 98
22 43
7 63
17 31
29 46
53 84
31 65
1 3
50 64
30 96
53 71
18 48
7 45
4 91
44 86
12 58
6 88
1 55
2 91
57 89
54 67
7 57
35 62
19 58
47 85
45 66
3 17
6 35
37 95
25 46
22 52
44 78
5 28
18 62
4 98
20 35
29 45
33 94
8 15
47 93
33 40
35 45
37 59
4 59
38 80
30 86
10 89
16 80
15 69
48 50
40 64
56 77
31 45
5 63
28 66
26 98
7 50
11 73
68 96
44 49
79 80
40 51
27 94
30 80
27 41
7 84
90 97
12 26
31 66
0 8
36 65
3 53
59 97
10 34
30 32
58 76
0 96
22 57
0 27
49 94
54 77
25 84
77 89
20 77
16 77
56 61
28 70
32 81
22 92
10 32
58 68
78 90
47 72
14 56
4 15
48 83
0 79
42 63
68 87
22 74
20 28
37 90
48 53
57 75
51 89
42 55
23 68
12 79
13 34
6 45
42 85
26 96
17 50
76 93
88 94
14 57
3 96
5 69
10 24
36 59
64 86
62 74
38 97
2 85
5 22
26 44
36 55
14 29
6 69
15 19
4 34
28 45
15 96
60 87
65 79
34 82
17 72
4 94
25 26
23 75
41 96
24 78
63 84
30 88
46 52
17 67
13 97
1 17
3 92
43 86
1 22
12 60
5 86
68 73
65 80
60 93
24 72
8 88
42 90
30 31
55 57
8 70
22 77
19 46
35 68
10 30
33 98
16 24
72 79
37 78
41 62
3 85
49 95
20 81
51 87
6 79
37 86
9 22
31 88
33 75
24 84
19 67
47 74
52 81
1 41
30 85
45 46
73 92
36 38
52 93
40 73
12 41
4 57
3 8
45 64
73 78
84 94
23 31
36 39
5 91
40 42
44 71
20 79
75 94
1 14
16 28
4 6
0 63
39 85
49 56
15 68
68 70
1 39
62 89
36 71
42 97
9 44
9 58
11 75
40 65
2 50
29 61
29 58
36 51
66 74
9 34
49 93
17 89
5 38
69 89
42 68
3 34
33 53
1 70
28 46
46 80
41 86
65 78
95 97
45 50
23 24
5 41
5 68
67 80
67 79
49 55
47 61
23 64
40 74
34 68
7 74
19 91
43 52
7 41
13 64
31 42
49 53
0 59
46 91
28 42
18 84
6 50
8 67
35 85
10 19
59 92
43 58
71 78
58 69
37 48
78 79
51 72
69 76
41 76
15 37
0 11
60 66
10 12
9 21
14 62
95 98
49 76
32 75
4 90
34 40
31 71
32 46
25 70
39 82
81 84
5 47
9 76
74 79
5 59
57 76
35 75
47 58
23 98
47 76
31 43
39 50
4 37
44 61
3 28
43 48
57 63
0 85
51 78
41 69
4 30
15 31
2 68
7 14
50 88
49 81
60 88
10 11
61 90
53 85
33 85
21 66
51 69
66 87
36 95
6 84
10 37
64 98
54 93
2 22
9 82
74 83
45 85
15 79
30 66
3 18
57 83
9 88
32 56
47 57
26 68
22 53
73 79
74 94
11 90
52 84
41 59
0 61
10 41
9 28
72 81
31 84
47 95
34 42
76 82
54 97
0 30
40 49
6 17
21 87
74 92
41 77
17 66
35 66
52 80
34 41
32 42
71 86
13 82
69 75
47 59
29 93
64 94
30 47
87 91
6 20
0 74
45 63
31 33
13 36
3 63
40 80
2 70
49 97
37 96
1 76
60 82
17 81
45 90
2 48
7 77
23 55
22 86
2 75
4 19
2 90
38 51
8 71
56 95
15 92
57 73
33 37
25 38
20 57
9 86
14 76
59 85
23 92
77 85
82 86
73 97
5 42
19 80
34 52
6 47
23 85
5 58
37 47
12 21
46 83
52 76
51 59
2 20
35 37
9 11
2 78
29 44
3 46
42 47
16 51
40 94
21 55
49 88
11 16
46 96
39 89
47 84
79 97
15 61
35 94
4 89
25 97
55 97
63 79
18 47
43 92
41 42
8 94
1 95
14 19
1 86
5 72
25 98
14 31
41 90
8 66
51 67
41 72
44 72
12 37
5 76
79 98
25 87
10 35
1 24
1 19
23 84
19 92
24 69
26 28
29 94
7 58
35 38
2 80
37 94
54 56
21 94
20 27
55 73
39 47
70 85
69 93
72 89
23 93
44 52
21 22
11 33
77 88
53 74
18 83
35 59
1 63
7 65
84 90
70 96
38 72
60 76
68 81
50 77
43 49
87 92
5 67
81 83
40 61
33 82
37 43
18 40
58 78
42 54
32 45
15 86
12 29
18 66
39 54
9 54
53 86
7 49
38 91
35 90
6 41
2 35
84 93
16 72
36 82
2 45
67 87
10 33
16 61
11 96
32 54
0 87
20 36
56 67
30 60
20 24
20 95
2 89
5 78
85 98
50 59
40 78
14 68
2 21
26 36
16 87
18 95
41 74
77 87
12 74
48 54
2 5
28 83
3 64
59 87
3 32
12 42
46 55
24 87
59 74
30 41
37 38
6 10
44 58
72 91
84 87
37 74
26 48
40 58
15 21
24 37
37 97
61 93
4 36
52 95
47 88
88 91
40 67
47 51
49 87
65 73
24 43
3 35
48 58
75 89
41 65
12 54
49 57
30 64
38 53
70 74
9 32
54 87
3 69
75 76
24 40
20 43
38 69
48 95
38 50
50 58
5 27
38 39
25 54
81 86
34 37
11 42
41 82
30 82
9 16
65 74
46 66
57 62
77 83
89 93
15 93
83 90
23 35
31 38
17 48
1 68
17 54
31 89
46 61
14 64
85 93
29 89
51 95
10 50
61 75
6 49
14 77
22 37
78 95
31 82
81 92
19 63
6 21
51 52
15 45
22 59
39 90
81 82
37 42
33 39
65 92
8 43
18 33
46 97
2 77
37 72
43 54
40 50
1 84
29 69
36 74
13 44
46 65
18 35
43 56
29 80
54 64
39 58
69 80
22 51
3 94
72 93
37 46
25 85
34 57
27 98
13 52
49 66
35 82
45 52
25 41
1 29
17 76
5 54
27 78
16 47
9 19
37 50
23 91
3 54
7 86
73 91
17 71
8 40
13 90
31 70
59 86
15 53
18 77
2 19
21 43
5 21
3 59
47 87
18 64
9 90
92 93
37 39
2 12
55 83
28 74
8 34
29 88
25 80
27 80
76 79
8 68
30 69
2 41
8 78
46 72
0 62
72 82
68 76
20 63
7 30
2 43
14 21
69 98
19 47
19 53
33 77
37 40
32 85
22 62
26 88
57 68
15 83
51 79
18 65
40 83
6 52
9 17
0 38
24 54
44 74
3 6
28 65
34 58
37 77
31 77
77 91
6 77
71 95
29 74
1 45
29 86
10 49
62 95
0 69
26 53
54 55
69 74
36 76
43 70
65 91
44 53
16 96
90 95
53 95
8 83
2 76
0 7
6 93
26 41
26 51
12 24
18 61
44 59
51 81
18 23
5 37
37 81
1 34
76 88
21 76
30 68
4 85
41 43
14 49
12 27
92 97
68 84
5 87
13 96
5 96
13 56
19 96
2 88
23 82
12 44
24 92
80 85
44 83
3 67
10 86
5 8
44 82
9 37
31 93
41 94
2 26
26 57
28 56
7 60
45 51
69 95
44 95
43 55
22 71
24 26
37 69
53 57
34 79
17 29
58 73
29 97
71 91
33 72
30 51
10 90
32 62
71 96
33 79
85 95
19 32
56 91
11 23
55 60
1 49
5 95
11 78
6 8
2 23
5 20
24 49
5 92
0 72
69 92
3 57
31 46
24 56
9 75
59 70
9 40
51 54
44 87
68 90
17 57
63 76
32 64
51 86
1 25
31 94
4 54
18 56
1 47
25 89
8 29
4 47
16 56
21 93
13 22
10 94
11 20
18 53
16 32
1 58
60 63
8 57
5 79
42 92
4 11
33 51
15 80
15 73
38 68
42 94
28 38
15 82
55 91
16 37
26 92
21 84
64 82
75 85
0 53
0 89
9 57
50 56
64 70
18 54
17 25
76 89
22 60
56 59
46 68
38 60
14 39
69 96
17 82
2 96
42 78
6 7
56 89
72 94
27 46
6 14
0 90
64 95
0 44
4 32
60 80
2 28
27 57
55 93
14 24
68 74
62 78
41 51
3 76
32 34
71 81
69 87
59 95
28 73
13 39
59 76
48 71
50 54
44 67
8 37
8 95
37 91
12 30
22 39
14 82
34 51
69 70
22 28
48 85
53 59
8 84
60 74
10 15
49 80
21 33
17 68
75 87
11 50
42 44
13 70
0 68
84 89
23 36
56 71
13 47
35 50
43 67
83 96
70 98
32 98
45 98
25 27
23 46
40 92
36 97
28 63
44 79
13 63
20 93
4 9
46 98
55 62
25 49
63 67
25 83
16 44
6 62
42 57
2 87
11 98
26 67
43 82
76 98
50 81
17 40
73 75
50 57
27 45
97 98
59 80
56 86
38 82
0 16
68 75
13 23
4 71
16 74
62 90
11 97
31 55
33 70
7 12
43 63
11 86
55 96
20 88
38 65
22 89
52 62
6 44
36 47
57 98
46 77
33 61
48 79
0 52
9 36
55 69
43 65
28 40
67 89
3 45
43 84
28 97
61 78
19 24
22 70
5 23
79 91
35 91
0 33
19 31
15 54
25 86
1 13
8 87
30 91
18 94
52 60
40 52
24 67
14 85
66 77
35 97
26 70
26 58
65 67
23 74
54 79
1 89
14 54
23 34
7 11
56 93
32 80
35 88
9 33
4 31
20 78
34 85
67 68
10 97
12 84
5 39
13 79
36 56
10 87
19 40
74 78
18 88
67 78
5 65
34 64
6 63
7 18
48 51
8 56
45 73
49 78
35 65
1 73
50 89
74 85
19 68
27 44
8 63
63 64
71 84
47 81
26 95
25 47
69 83
11 38
41 66
59 65
13 59
86 97
22 94
11 18
21 69
20 82
51 74
53 75
10 95
26 29
16 20
63 70
25 82
10 40
9 80
68 93
8 98
29 51
65 71
10 51
58 83
1 20
93 98
77 92
64 85
66 85
9 65
19 74
44 62
28 58
2 61
0 32
50 78
51 73
35 53
18 63
9 72
18 87
30 77
9 83
32 39
12 32
8 35
62 72
2 92
67 95
55 72
6 46
42 45
60 68
36 68
72 75
1 31
13 69
41 88
24 82
17 51
30 49
14 51
31 49
0 67
50 52
44 76
10 46
22 23
96 98
42 67
1 36
9 63
11 66
18 29
52 61
50 86
2 13
24 81
78 97
11 26
17 87
48 70
37 49
14 43
62 88
27 83
55 76
31 47
31 34
17 27
15 51
7 26
39 77
49 60
29 31
13 57
85 96
7 80
9 47
53 96
22 40
30 35
8 42
19 55
62 81
69 78
31 58
88 93
33 78
14 75
67 71
24 48
3 83
82 95
40 45
54 98
65 75
6 27
11 34
19 37
7 16
78 94
20 69
7 44
18 44
23 49
6 75
54 92
19 76
79 90
0 15
11 92
65 93
20 66
20 94
41 93
10 39
9 89
1 74
2 17
13 65
26 81
0 95
30 36
1 16
3 4
9 78
91 93
3 33
22 32
15 56
3 56
8 86
15 18
41 63
31 73
24 80
44 70
16 65
15 90
24 64
2 57
21 56
13 74
67 98
63 92
30 48
0 83
7 82
40 88
5 62
22 58
46 75
53 88
9 81
20 34
11 41
4 49
8 77
45 81
26 42
69 79
19 43
36 44
8 11
8 72
1 64
44 75
4 60
37 68
14 34
9 94
75 83
29 56
70 86
8 93
4 83
7 22
58 63
3 20
20 45
6 23
47 48
43 62
62 79
29 39
64 78
2 79
28 69
29 65
81 98
34 93
11 52
58 62
15 88
1 21
63 93
7 89
17 80
29 55
52 59
41 79
21 38
9 55
38 58
32 76
77 97
31 64
58 98
55 90
27 47
53 55
89 91
22 79
9 43
47 53
91 97
38 90
6 53
58 64
1 77
47 94
14 37
34 74
49 67
31 80
43 73
39 95
23 94
36 61
23 97
16 45
28 30
88 89
53 78
63 86
51 68
6 48
2 34
11 74
10 17
12 16
49 92
11 57
17 78
58 72
45 77
57 58
8 47
5 7
27 93
21 62
63 68
52 53
35 43
35 56
52 56
6 36
43 89
8 97
82 93
1 59
4 67
11 43
80 95
37 73
3 41
26 84
79 84
33 80
8 58
5 17
1 72
31 52
14 93
52 83
1 53
35 84
51 96
42 93
24 52
34 88
38 75
27 33
22 34
8 82
7 29
45 70
56 98
11 24
1 98
79 94
6 97
20 85
31 41
4 61
32 92
3 14
18 72
47 92
4 13
15 22
19 50
50 67
77 93
8 52
57 87
66 69
1 79
43 50
6 74
14 69
27 85
36 57
48 81
32 40
40 76
47 64
73 81
86 92
29 77
42 72
