101
5
1060
60
46 2
109 2
106 2
72 4
37 2
97 3
40 3
104 1
82 4
79 2
89 1
57 1
119 4
53 1
76 2
100 1
116 3
69 4
84 5
66 3
111 2
61 1
110 3
57 5
95 2
48 1
80 5
44 1
43 3
75 4
107 4
42 1
103 1
45 2
80 1
85 2
94 5
80 1
69 2
98 4
40 4
58 2
64 4
96 2
87 5
38 2
68 2
70 5
39 4
109 4
108 3
62 5
35 2
55 2
39 4
81 2
67 2
118 5
55 3
67 1
72 4
72 2
53 3
105 1
36 2
78 3
121 4
37 2
80 5
78 3
106 2
76 4
114 1
56 1
59 3
109 4
96 3
58 2
54 1
95 3
46 5
72 3
73 4
62 2
103 1
95 5
38 4
63 1
62 1
40 3
101 4
117 2
75 5
94 3
69 3
59 2
100 2
92 4
45 5
56 4
61 2
12 25
66 91
20 62
41 56
54 58
31 66
55 77
8 97
16 95
30 71
3 42
32 85
1 59
11 84
78 93
14 62
67 82
40 77
18 26
9 52
25 55
9 42
7 87
29 33
48 100
48 58
0 77
1 23
47 90
34 40
67 90
38 63
19 92
39 43
37 60
27 60
1 65
51 70
79 82
2 75
11 92
23 42
63 96
10 15
43 94
64 66
19 50
23 32
82 93
7 96
54 83
34 61
15 47
18 35
8 64
3 37
51 80
9 16
43 86
40 72
82 100
18 56
86 95
32 100
43 83
28 81
53 58
33 58
50 85
5 49
31 75
66 71
36 71
6 76
37 68
61 72
34 96
6 13
10 20
82 96
33 66
26 97
21 26
37 83
26 49
15 25
11 81
43 58
12 90
31 93
0 90
76 79
14 63
9 87
63 85
20 95
22 54
76 95
22 80
25 34
12 75
19 55
65 93
4 94
97 99
88 91
12 45
76 81
30 57
4 82
40 59
28 85
2 60
14 79
10 32
31 38
16 86
26 42
55 71
3 29
57 59
16 78
15 48
71 72
68 70
17 77
37 63
47 81
21 92
54 85
4 14
2 33
28 69
5 62
3 49
69 92
19 24
34 85
6 53
22 78
46 68
55 86
24 97
58 60
58 73
58 81
89 92
87 90
9 97
21 62
34 36
52 61
10 75
53 87
56 68
39 72
68 82
66 94
54 62
23 44
41 53
62 75
51 100
39 96
61 98
6 90
50 58
28 96
33 68
38 65
18 38
58 71
28 41
31 50
31 46
20 45
27 32
65 95
12 55
12 84
28 91
46 73
56 61
26 75
19 65
7 56
15 39
3 19
8 26
60 92
3 17
10 96
58 87
53 86
36 46
31 90
24 43
69 98
36 40
15 84
54 69
77 83
4 36
67 84
52 84
18 53
33 77
28 40
34 84
4 60
32 41
34 99
49 79
58 75
70 92
35 100
6 99
65 89
31 63
17 56
42 75
22 77
2 7
53 82
72 88
29 37
64 73
82 87
42 61
40 60
18 74
53 99
19 44
26 83
1 33
53 66
32 75
34 52
64 88
35 66
8 36
74 87
6 11
79 83
3 55
13 73
43 49
23 43
16 35
28 73
43 100
6 54
10 48
5 32
6 17
14 35
24 98
74 100
24 82
58 86
18 100
20 36
9 58
10 71
9 39
53 76
24 47
20 94
31 64
37 40
74 78
45 58
2 42
0 75
27 98
56 95
40 99
0 46
22 31
24 79
51 78
43 72
26 82
12 95
10 72
54 87
35 83
9 80
2 14
23 26
31 71
78 81
58 64
23 63
44 47
5 68
45 93
64 89
38 59
77 85
22 57
33 86
14 78
6 52
59 94
20 27
42 77
44 79
24 94
11 43
52 73
33 97
4 38
8 56
15 28
47 52
21 49
87 91
12 78
8 59
15 94
1 88
14 86
46 76
4 43
19 85
33 59
24 31
6 98
62 74
44 55
64 97
93 99
34 39
37 90
36 96
11 73
21 32
3 85
16 44
66 76
46 99
13 96
3 38
0 88
90 96
4 39
33 85
33 53
50 83
85 93
3 78
33 47
12 83
48 82
7 95
23 54
35 50
4 49
32 53
67 68
19 74
16 83
4 33
32 98
6 85
27 74
17 28
11 19
41 43
74 85
11 47
2 22
45 51
4 92
80 82
38 83
75 94
33 80
6 55
8 46
20 66
54 70
10 88
56 91
10 60
39 91
27 80
67 78
14 81
6 30
18 97
1 50
34 55
25 51
33 34
43 56
44 45
52 95
25 86
31 65
54 76
16 18
29 51
1 51
31 41
15 95
88 95
40 50
6 61
40 41
14 60
56 82
2 98
7 16
10 94
6 89
16 50
6 39
43 57
11 64
94 99
7 41
47 86
53 95
59 76
28 72
47 66
4 65
11 27
21 99
1 2
9 50
92 97
18 69
56 83
52 77
27 54
65 97
52 74
15 22
57 74
11 33
8 57
21 39
15 58
7 99
4 90
70 85
31 88
36 61
16 61
81 94
1 30
5 48
56 94
33 40
0 30
14 56
46 62
18 36
22 67
5 87
39 57
4 17
14 33
0 60
30 68
7 90
18 49
3 21
30 65
12 15
20 61
69 75
14 16
77 90
48 80
73 93
57 66
49 67
13 51
9 27
10 54
8 48
74 90
37 100
52 96
46 93
69 93
38 48
20 75
59 66
38 93
49 61
32 84
26 38
54 63
13 43
40 48
0 89
3 59
8 89
24 52
96 100
22 49
64 71
16 23
6 77
28 47
59 95
27 90
13 40
51 65
2 68
30 39
0 4
53 72
11 79
50 55
9 51
30 79
28 76
34 64
27 93
47 67
43 50
26 91
31 70
6 34
22 46
13 67
39 48
23 56
58 83
2 40
14 46
38 95
34 48
18 78
46 85
39 74
15 78
39 63
5 91
35 38
8 80
80 88
59 88
9 34
23 40
7 36
37 47
7 54
6 96
43 70
52 90
21 74
51 53
32 74
51 72
54 77
43 47
16 48
82 95
5 46
37 99
54 100
51 93
13 94
34 50
27 56
86 93
29 89
28 60
90 97
8 47
18 29
0 51
60 96
8 71
12 42
7 75
28 51
28 54
60 80
5 8
24 74
9 67
11 44
36 41
62 81
24 75
19 30
0 50
14 80
6 100
46 52
24 71
13 58
7 18
64 86
1 91
9 20
34 57
13 97
64 87
59 100
72 83
52 60
78 97
32 96
69 87
33 72
78 98
93 94
2 66
12 94
30 91
33 100
37 52
7 21
25 54
42 43
83 87
19 66
19 53
7 63
56 88
27 57
71 81
80 97
20 59
27 79
25 31
19 27
70 79
2 3
10 70
3 75
45 78
25 39
0 27
56 74
40 89
11 63
5 38
19 61
31 34
16 85
49 87
54 86
67 86
40 81
74 99
7 69
14 73
44 86
50 91
8 74
8 33
38 71
77 100
1 94
79 84
83 89
83 92
5 89
61 62
7 46
37 76
50 97
62 63
69 95
34 98
52 72
29 35
36 60
15 59
20 30
22 72
25 89
61 88
41 57
10 68
13 66
1 60
23 99
22 74
9 25
86 91
41 83
23 90
22 23
54 97
85 94
42 50
50 87
13 76
15 81
10 17
0 54
23 93
33 35
5 35
85 87
29 34
22 97
22 26
84 88
2 34
26 30
34 56
57 65
13 68
0 31
51 87
22 91
0 62
47 93
9 19
45 81
16 47
2 97
39 94
30 88
32 69
9 56
0 21
36 75
45 80
46 50
29 88
10 89
20 97
34 88
3 71
39 85
1 15
0 20
39 100
5 69
31 100
21 97
81 97
30 44
4 26
38 76
5 11
0 52
15 73
70 72
30 73
9 18
1 40
15 31
62 89
20 87
29 84
63 97
32 83
59 75
9 88
41 64
2 52
26 79
20 88
28 67
1 13
27 64
10 90
4 66
37 67
47 91
11 14
1 81
0 47
65 74
3 40
32 47
83 90
37 53
21 83
41 55
27 72
69 79
22 48
55 66
7 38
68 90
7 51
63 77
47 53
22 88
22 39
94 97
39 47
57 79
10 77
51 66
1 41
38 79
30 42
44 84
47 51
45 46
48 54
9 82
60 76
3 51
14 45
17 29
36 83
56 93
73 75
66 84
55 75
42 58
71 91
83 93
13 92
8 87
0 72
24 35
57 62
65 81
17 94
42 71
80 83
33 51
10 59
13 53
5 88
40 82
6 24
14 31
38 58
72 92
87 92
81 83
68 95
29 87
51 98
45 64
34 91
45 82
80 95
37 88
55 76
22 33
20 82
46 87
22 25
54 74
49 68
39 99
4 28
59 72
76 98
10 95
43 48
47 79
31 42
88 94
10 13
51 67
32 79
31 85
80 94
41 58
67 72
13 85
7 66
5 90
74 91
52 71
15 17
13 98
68 99
43 99
6 62
61 81
54 94
31 53
14 41
81 95
21 80
28 55
60 99
68 71
10 14
13 75
50 70
57 73
0 18
26 93
30 84
8 70
18 50
24 42
70 82
52 75
57 77
0 35
24 70
36 80
11 76
40 47
13 59
34 54
50 66
63 86
19 32
9 63
66 92
64 95
28 99
39 86
61 70
29 50
34 66
36 68
15 66
43 77
52 94
28 88
20 39
40 88
54 99
47 95
16 59
17 40
35 74
57 78
36 42
80 93
7 26
38 61
54 81
10 22
24 32
36 93
0 32
70 99
36 100
32 42
33 95
54 84
2 92
15 32
23 78
2 13
33 79
33 62
71 77
86 96
37 55
68 89
19 34
6 86
5 28
0 33
14 40
35 93
19 39
44 93
77 79
43 71
21 47
25 27
47 100
25 60
17 32
7 31
66 99
5 37
39 67
54 79
16 77
21 29
24 86
31 32
45 90
11 34
34 82
14 82
25 40
17 43
17 86
13 16
66 93
42 56
54 65
8 81
76 94
13 82
43 88
9 59
24 61
15 64
21 61
14 20
33 36
11 65
42 90
3 88
41 81
29 73
73 74
17 55
4 77
23 31
4 12
10 100
7 79
46 53
23 67
33 92
27 76
49 55
41 69
60 88
23 52
16 53
50 96
55 80
65 98
30 83
65 78
26 70
42 70
13 90
20 29
41 61
67 74
13 63
56 78
17 34
8 39
22 73
75 95
3 81
2 51
57 72
48 71
5 71
81 99
77 88
73 94
1 48
30 54
42 83
27 53
30 78
73 85
81 98
12 96
1 54
26 47
37 92
