103
4
4254
60
246 2
181 2
154 2
312 4
325 2
89 3
320 3
296 1
362 4
391 2
145 1
137 1
279 4
197 1
228 2
244 1
148 3
149 4
228 5
114 3
87 2
301 1
246 3
377 5
87 2
208 1
376 5
220 1
91 3
347 4
123 4
354 1
247 1
93 2
248 1
277 2
350 5
216 1
349 2
210 4
152 4
346 2
224 4
112 2
295 5
254 2
196 2
78 5
167 4
349 4
84 3
254 5
331 2
191 2
103 4
169 2
379 2
158 5
135 3
235 1
352 4
304 2
357 3
401 1
196 2
102 3
305 4
205 2
384 5
350 3
386 2
76 4
202 1
104 1
187 3
173 4
232 3
322 2
382 1
279 3
278 5
312 3
145 4
318 2
303 1
143 5
382 4
375 1
142 1
352 3
277 4
309 2
235 5
382 3
301 3
91 2
276 2
252 4
93 5
232 4
349 2
244 4
107 1
11 84
22 40
22 68
39 88
51 88
1 53
52 102
8 74
31 73
21 38
49 78
95 100
0 35
40 79
14 27
1 3
51 80
39 50
80 93
49 58
2 95
26 28
30 56
34 38
41 84
25 98
81 101
7 15
15 86
84 87
9 38
62 80
9 58
37 83
36 42
16 51
3 21
34 37
23 42
15 95
7 49
18 49
15 84
6 67
60 89
9 69
5 68
34 90
25 47
94 102
64 93
49 70
57 66
4 43
21 22
39 93
11 95
64 101
14 17
41 90
75 88
17 97
28 51
60 71
42 47
72 85
50 93
7 10
9 101
30 75
24 43
35 56
11 85
13 92
36 50
58 67
33 87
8 100
56 73
75 84
32 60
36 95
88 97
20 62
14 75
11 52
11 64
54 98
59 89
30 93
6 31
70 89
67 79
85 91
60 70
71 77
12 100
71 74
25 28
24 52
18 88
53 74
92 96
26 83
42 52
78 91
41 87
70 91
9 56
38 95
30 82
54 92
39 63
20 89
10 86
27 52
42 88
25 57
52 96
10 56
29 34
12 36
78 92
23 53
16 29
8 43
19 83
45 89
72 89
14 79
6 94
12 42
29 56
98 99
65 83
35 51
33 49
35 59
9 77
22 25
44 80
24 40
55 70
88 92
1 45
13 96
79 80
27 74
20 92
32 96
0 83
49 101
17 65
29 50
68 101
29 89
20 21
63 64
8 52
2 65
39 78
36 81
22 34
58 93
9 12
2 67
48 54
32 62
20 32
17 79
35 41
20 67
27 50
2 45
19 80
4 8
31 97
12 24
41 68
73 102
6 10
53 81
15 76
19 29
76 97
38 54
14 89
3 93
34 78
11 55
15 23
12 90
51 70
77 82
27 45
23 64
7 69
65 89
10 90
26 70
9 19
68 83
0 56
6 78
35 50
56 99
10 19
33 75
24 91
50 90
8 56
27 68
0 42
14 34
66 77
0 34
10 92
39 48
47 99
30 74
26 82
25 56
34 82
51 66
56 68
88 99
60 94
61 72
2 39
18 31
27 83
22 64
4 91
7 16
11 92
100 101
36 97
33 43
9 74
14 61
21 30
0 88
72 98
5 96
6 89
41 73
42 98
15 82
27 82
27 32
7 91
23 93
6 9
14 40
57 100
13 72
14 71
69 93
55 96
18 57
86 95
7 73
0 13
5 41
23 69
51 60
4 48
65 86
35 88
69 71
50 56
87 93
28 55
6 47
86 87
54 67
13 15
4 63
63 101
12 94
35 97
25 97
12 64
1 94
51 59
43 91
1 5
34 36
33 56
38 42
3 90
55 74
22 87
42 67
24 85
25 31
5 102
61 69
15 55
20 72
32 80
70 102
17 60
12 37
43 89
6 96
42 99
38 56
50 54
50 61
58 98
10 46
58 78
24 36
18 86
59 93
78 79
3 97
11 26
70 78
79 101
37 64
44 88
45 60
40 51
86 88
51 61
0 15
59 64
42 75
8 38
61 77
30 33
36 72
91 98
50 80
2 89
52 87
39 61
12 28
62 85
3 63
1 42
4 29
79 94
24 71
29 42
20 60
54 90
7 64
6 88
12 52
85 97
47 59
11 51
10 88
4 26
89 91
19 91
9 41
70 92
7 68
37 68
6 97
21 31
21 79
27 77
3 52
10 51
11 18
0 93
11 23
21 40
62 72
45 55
29 99
83 98
32 74
3 99
7 32
94 100
51 100
46 88
54 63
34 46
38 67
48 77
19 59
4 68
2 30
23 41
12 32
19 97
46 62
19 50
15 45
42 65
50 83
84 102
34 50
52 56
26 42
5 39
30 41
30 68
2 29
78 95
49 96
14 25
38 77
18 78
46 102
52 93
10 67
2 54
0 72
2 70
41 81
4 95
22 57
17 56
28 81
12 30
14 22
35 42
22 52
21 88
45 46
6 13
9 25
1 47
62 92
80 90
0 51
54 55
50 65
88 90
14 29
45 83
8 34
54 89
27 51
16 95
8 61
42 80
13 42
61 92
8 59
35 46
72 81
16 96
74 91
43 59
1 40
4 62
66 70
14 21
49 56
44 74
3 7
0 65
18 43
37 97
24 63
13 85
22 31
29 71
7 27
65 96
66 90
18 102
48 55
13 69
0 96
18 29
86 94
25 58
15 98
54 81
10 27
17 102
12 33
30 88
64 95
69 83
48 50
17 24
30 97
53 62
36 92
1 61
5 20
13 71
5 73
25 53
56 93
21 94
23 78
8 25
0 86
48 73
5 72
11 42
60 76
0 52
60 92
52 89
27 56
7 38
56 100
1 78
30 102
49 57
12 61
41 100
21 64
51 56
28 101
15 77
18 63
62 86
10 65
33 55
32 41
45 75
19 93
19 72
11 12
21 73
9 65
30 98
21 96
8 63
19 73
23 63
22 23
74 84
22 92
7 34
22 100
12 97
33 71
38 39
65 68
40 81
45 78
20 100
16 34
33 80
25 94
2 15
10 39
4 76
31 95
21 23
58 64
0 46
48 98
7 90
33 78
41 71
0 50
4 13
1 97
31 79
3 85
75 81
3 30
33 41
17 69
4 28
8 24
4 86
11 15
35 62
63 93
25 59
41 63
5 74
35 79
3 49
76 91
25 63
50 60
32 35
7 63
25 90
64 73
34 93
23 47
23 96
23 85
47 95
93 98
3 37
44 64
88 98
5 36
18 70
26 87
22 50
43 85
15 79
13 54
61 67
90 101
55 99
67 90
44 61
11 54
23 97
85 98
87 99
72 92
80 94
84 93
24 67
59 61
35 100
24 72
6 80
38 70
31 69
75 92
29 30
35 85
19 52
49 95
26 52
66 95
74 75
0 22
22 58
12 101
26 44
11 57
39 97
14 86
44 81
82 91
8 91
11 34
19 63
39 62
18 99
6 65
86 101
54 94
80 101
52 66
22 39
81 96
8 83
39 89
10 26
40 41
39 84
13 75
11 17
13 60
12 84
71 102
10 23
75 94
96 102
12 57
20 69
57 101
36 58
37 78
18 37
33 89
10 59
6 7
7 14
25 92
33 44
30 70
24 76
21 66
58 83
13 33
35 69
83 93
42 54
36 51
5 98
15 56
30 94
57 65
3 74
11 88
83 92
97 98
77 79
40 78
26 80
29 64
52 99
23 38
1 28
9 13
3 42
28 40
54 76
23 73
19 44
7 31
29 66
33 47
3 22
13 35
35 43
11 27
49 79
36 69
2 4
45 101
22 26
15 94
67 69
9 31
12 50
37 40
31 66
10 58
73 82
35 60
43 96
44 62
1 24
47 53
34 76
33 79
10 98
38 61
43 55
77 80
29 72
63 87
13 52
14 44
29 47
70 85
2 69
62 98
19 53
25 82
47 67
65 93
24 31
93 102
45 98
25 83
20 40
28 90
17 96
60 82
45 80
56 80
1 46
39 96
12 78
8 39
10 76
27 76
5 7
3 69
13 78
16 92
26 47
45 99
5 64
7 42
5 43
61 89
12 43
31 44
26 67
63 65
45 90
48 67
21 75
91 93
12 77
69 94
33 46
70 76
45 72
60 62
76 95
89 97
29 60
61 94
7 39
85 88
34 39
52 83
68 97
29 45
1 49
9 57
90 92
43 62
24 35
14 32
20 93
56 77
1 37
31 64
35 68
65 98
6 42
62 93
52 100
40 86
47 77
75 98
39 85
50 84
16 75
63 77
54 77
48 57
24 66
12 27
2 73
73 89
4 96
17 83
30 43
27 65
9 29
36 102
4 27
11 28
42 94
16 48
11 97
67 99
8 72
43 80
0 3
43 98
5 38
73 101
18 62
9 84
16 19
74 98
17 95
52 54
47 68
67 77
61 78
32 59
17 89
15 41
32 51
86 90
5 31
54 99
15 19
49 59
30 85
12 54
32 69
39 90
59 80
22 48
24 87
14 67
89 99
50 59
39 43
21 26
87 100
51 57
85 96
1 6
52 74
34 96
21 29
9 79
29 54
4 39
40 59
64 68
52 77
38 65
48 66
3 92
45 52
29 87
30 46
33 84
29 76
28 98
66 67
50 63
22 32
9 11
20 66
6 23
38 83
36 49
68 93
6 84
48 62
11 46
16 61
8 27
62 101
61 75
20 47
64 79
58 65
33 57
69 98
1 13
41 101
37 76
19 74
60 73
51 69
20 31
16 20
46 47
30 32
0 100
89 93
54 93
9 87
73 99
24 77
7 79
13 51
47 49
36 59
35 78
52 57
25 84
85 100
46 80
52 64
8 96
43 71
4 44
22 63
1 2
32 56
36 71
66 91
77 95
89 98
64 86
0 92
27 97
5 54
7 80
34 81
50 58
80 89
43 54
48 58
12 92
85 92
24 78
15 81
30 64
65 72
39 46
66 84
38 43
1 54
16 39
4 94
11 20
54 58
44 48
39 87
33 73
62 76
17 45
0 79
1 69
27 47
36 43
40 84
1 92
36 77
27 61
6 82
11 81
23 82
18 90
4 69
87 91
4 35
60 61
20 25
36 45
41 57
76 83
25 30
6 51
68 74
18 85
15 35
5 12
32 55
36 93
22 91
7 89
32 86
45 76
23 79
13 68
53 64
53 92
38 102
48 92
10 77
62 68
62 73
25 85
61 93
40 98
24 55
82 95
37 41
35 77
46 70
1 102
32 49
33 100
42 50
55 84
70 81
0 66
54 87
46 75
17 44
2 66
68 78
71 90
94 101
29 57
34 77
29 81
51 95
7 61
35 45
74 95
9 28
13 38
36 74
33 95
4 7
10 40
77 85
16 24
11 38
11 33
22 62
39 45
5 28
39 57
24 97
0 99
30 51
7 83
10 70
18 95
27 33
10 42
18 68
10 101
2 96
67 81
12 15
5 76
46 57
37 91
17 93
68 75
2 100
30 92
27 91
11 70
7 82
85 90
44 68
47 57
5 45
4 56
0 40
11 24
20 86
42 85
28 50
4 41
53 95
10 41
45 70
41 43
32 46
8 30
48 75
37 71
34 86
15 54
35 64
27 69
3 54
55 94
0 74
44 52
8 45
11 82
9 35
45 93
54 70
58 77
7 36
44 72
69 88
18 101
46 60
61 70
71 99
49 90
56 64
81 97
3 19
68 99
4 97
65 75
35 96
24 83
15 93
19 84
4 36
35 66
9 78
31 92
8 54
3 88
1 82
84 101
58 68
17 90
3 35
33 96
44 82
61 74
66 89
11 89
72 80
69 99
73 90
5 24
11 86
4 34
42 91
28 30
58 80
29 78
70 97
13 86
36 73
10 102
55 76
15 59
48 85
1 100
67 86
37 94
38 40
14 49
46 97
3 20
37 45
20 88
30 101
8 58
17 58
44 71
13 23
34 68
92 101
39 65
74 76
68 85
18 83
34 47
8 102
23 90
42 95
28 59
40 48
21 27
32 101
36 78
67 101
1 35
60 95
19 78
37 70
32 42
0 26
8 23
33 37
33 61
0 4
11 30
18 19
37 98
26 29
0 68
69 84
7 97
11 39
16 74
6 64
1 32
44 77
3 51
73 78
29 73
22 38
42 46
40 60
54 59
2 72
4 33
43 97
3 5
29 44
25 35
5 34
0 71
34 73
7 12
26 95
22 83
23 71
26 31
15 51
11 49
63 81
28 78
6 99
47 79
3 40
13 39
12 88
2 90
64 87
4 89
63 84
60 88
21 78
17 39
0 25
7 21
31 68
0 69
72 97
0 76
47 101
34 66
71 73
6 68
45 94
8 33
76 79
10 28
1 18
39 83
4 46
41 59
86 102
60 81
35 44
15 29
33 94
27 58
66 97
84 85
22 89
4 59
28 68
35 101
3 57
56 86
43 49
49 73
34 49
28 35
74 96
28 43
58 95
10 13
55 67
2 17
72 90
24 74
24 84
7 87
17 21
2 18
54 62
2 34
19 58
2 47
23 49
35 48
6 59
3 61
48 99
75 86
46 72
38 49
84 98
52 97
30 79
17 20
54 66
60 96
64 77
35 39
31 93
25 36
13 88
44 87
51 75
53 58
40 80
19 86
17 25
37 92
9 91
41 67
17 64
24 90
26 77
16 40
25 68
11 37
21 47
80 92
31 83
61 95
96 100
35 36
0 63
36 75
48 84
32 50
31 77
79 97
53 55
90 99
38 50
53 70
18 25
31 70
0 28
63 72
15 37
70 99
3 9
89 102
47 71
50 69
7 18
35 61
5 14
17 66
21 32
84 97
22 101
7 17
29 49
17 30
48 49
16 60
77 97
59 87
53 91
46 99
21 63
3 44
60 102
49 94
56 102
47 76
20 30
83 84
15 75
20 74
1 39
85 87
15 40
17 51
32 61
9 82
6 63
0 44
10 62
53 96
76 77
58 62
20 49
10 93
66 96
14 95
1 59
7 62
26 59
2 52
34 100
86 96
5 46
40 43
1 21
54 56
30 90
13 29
3 62
74 102
24 70
1 91
18 47
64 99
33 52
57 85
82 90
32 90
63 92
22 24
7 86
33 82
51 67
2 68
20 68
16 31
25 73
54 84
14 68
63 96
56 89
21 54
41 53
45 95
60 99
25 33
9 51
54 91
78 83
8 95
13 46
60 86
38 57
13 31
25 29
8 73
62 88
67 95
61 87
4 60
44 69
91 101
34 62
20 96
5 62
4 83
35 58
19 32
76 80
29 101
38 47
34 44
83 100
2 78
30 87
50 78
1 75
98 100
65 90
6 38
15 33
26 38
21 87
34 98
6 18
2 86
4 17
51 84
25 76
32 98
34 75
49 102
84 88
70 73
16 58
81 102
27 73
25 40
38 41
22 74
24 51
40 93
23 88
2 53
32 47
59 65
3 77
78 102
84 89
50 55
7 70
24 100
39 56
33 38
14 26
24 39
40 74
32 77
19 39
66 83
17 87
51 87
63 102
16 49
51 82
56 75
51 86
50 62
7 96
17 32
76 88
12 79
13 18
56 74
82 100
19 76
88 91
21 65
6 46
51 54
35 92
11 73
27 35
0 23
55 95
8 19
31 52
91 102
21 44
40 61
92 95
53 90
17 41
21 70
29 48
34 94
52 101
75 80
71 101
7 88
87 88
21 34
18 42
75 83
8 46
43 45
17 85
17 29
28 100
14 15
4 71
26 48
8 93
47 96
22 28
20 53
79 99
43 66
90 100
14 80
21 85
37 51
58 71
49 97
27 87
26 94
30 77
9 92
52 73
4 42
5 48
32 70
3 65
66 86
19 69
10 63
59 92
11 60
33 97
7 8
8 29
19 41
19 23
0 90
20 91
15 73
59 102
31 101
50 102
8 22
9 70
24 56
45 74
14 83
10 85
25 71
46 87
52 81
64 98
58 72
23 86
56 90
6 17
62 99
28 95
22 75
4 52
61 83
20 52
35 86
25 32
34 70
0 101
71 84
34 69
36 98
53 68
74 94
41 78
5 101
40 99
56 96
3 82
42 66
33 42
1 30
80 81
19 100
4 49
58 75
53 65
79 102
15 18
81 93
71 96
26 79
59 78
41 47
80 102
57 78
55 73
2 79
4 80
50 92
46 74
43 63
81 95
8 87
9 88
8 99
53 94
8 16
58 86
74 92
34 99
55 78
77 90
39 44
34 41
54 79
86 89
6 54
26 101
28 58
1 93
19 101
25 91
21 62
10 68
9 15
0 19
64 89
62 70
17 27
39 66
66 102
15 22
73 91
56 57
5 8
48 91
69 74
17 70
1 66
23 57
14 91
67 88
44 84
60 93
62 102
15 48
29 37
15 72
50 85
8 37
12 80
3 75
59 77
52 59
46 54
0 70
41 42
53 72
68 91
70 86
50 98
61 64
27 99
13 40
29 61
37 86
43 51
56 72
78 89
6 26
17 33
9 83
26 60
19 31
37 39
12 44
69 89
24 34
42 84
58 79
28 91
36 37
31 39
15 42
16 91
71 81
22 98
3 64
44 70
19 54
41 97
78 93
67 100
20 83
57 102
58 97
4 10
33 36
23 51
51 91
21 102
18 75
2 6
13 57
4 54
19 60
12 72
9 37
14 31
73 92
25 101
19 37
41 46
50 86
43 47
50 88
23 30
41 55
7 43
25 54
37 54
2 46
33 74
53 54
76 78
39 86
0 95
60 80
17 54
37 101
59 95
29 43
3 48
43 46
23 67
8 18
31 47
0 24
15 21
42 59
34 67
39 76
33 85
91 95
73 84
18 34
10 54
66 80
4 57
28 92
66 78
19 89
11 76
8 55
1 73
33 62
18 100
6 56
32 95
5 71
52 94
33 60
51 77
43 70
1 58
25 60
56 70
13 67
57 93
5 19
32 78
41 96
58 96
15 46
29 79
35 38
27 70
2 42
21 39
11 21
38 85
9 95
25 52
30 73
29 67
45 64
12 39
55 61
40 68
67 68
50 99
24 60
94 99
23 25
28 54
72 78
63 75
97 99
12 99
63 91
10 84
44 58
29 83
36 101
7 47
45 73
30 54
8 94
45 84
54 100
74 80
28 64
12 13
6 27
11 16
35 83
19 99
57 67
21 59
11 100
54 80
27 95
6 50
18 60
6 33
8 79
58 82
66 76
70 88
8 42
77 83
4 88
37 85
58 60
64 67
14 69
87 92
47 92
74 82
20 37
17 31
9 97
30 35
69 87
81 94
43 57
19 92
13 53
40 55
20 35
64 78
67 94
78 85
5 25
22 97
33 63
22 61
0 10
12 19
47 86
3 87
35 102
26 50
44 67
10 60
28 33
20 29
56 85
4 18
51 98
44 97
55 69
2 98
65 70
68 70
13 82
20 71
16 38
5 86
44 56
1 83
18 36
38 45
19 96
46 65
1 77
75 76
52 78
20 79
59 62
21 90
68 77
30 37
23 70
13 100
37 89
33 99
43 86
16 41
26 89
64 70
28 32
2 49
47 87
70 84
56 81
52 86
20 57
21 67
11 45
21 95
31 78
46 77
62 77
1 96
40 64
17 55
35 47
31 32
2 93
59 82
70 93
27 62
17 46
2 37
7 53
50 97
29 75
22 49
7 13
34 74
26 39
28 65
38 84
32 85
6 28
25 87
29 31
60 67
27 38
63 76
25 102
36 99
24 61
9 98
30 58
26 78
66 82
66 94
53 99
14 82
3 10
4 30
19 55
88 89
38 63
12 56
21 82
18 40
19 47
60 65
2 41
69 96
44 89
4 25
75 85
67 102
22 53
18 26
33 72
49 98
18 65
20 27
44 75
26 57
67 73
47 80
69 101
3 33
9 73
75 82
9 102
66 101
20 81
7 65
83 88
42 53
31 75
46 58
94 98
64 74
41 85
9 99
26 102
21 28
31 102
1 23
28 31
19 77
65 85
45 57
96 97
41 80
0 1
67 84
28 84
42 60
81 90
44 99
77 78
27 63
15 71
38 100
18 54
67 91
75 97
15 99
17 48
28 42
16 32
91 100
59 100
0 53
21 52
32 67
31 59
37 79
3 17
28 97
4 45
21 91
40 47
39 59
37 80
4 79
50 72
22 29
34 35
18 71
69 79
71 93
65 82
23 72
15 63
57 69
2 13
26 58
50 94
12 68
16 56
59 60
7 100
94 96
3 84
3 73
52 68
19 68
81 82
39 58
46 100
26 71
61 97
22 37
25 43
94 95
26 72
16 21
38 59
6 101
69 76
8 66
31 43
12 62
52 69
41 51
22 71
65 77
73 100
3 27
63 67
28 71
8 69
7 74
16 79
13 25
57 61
25 100
46 51
51 74
6 60
15 67
30 83
49 71
34 102
22 41
18 73
0 75
36 68
52 75
23 100
35 89
6 16
74 78
4 98
14 84
34 48
71 95
19 27
61 71
1 15
46 98
64 76
62 97
56 67
57 76
12 58
10 52
0 80
29 53
58 101
33 68
68 89
57 75
28 70
71 76
38 80
25 81
30 49
17 94
78 98
51 101
64 102
5 59
34 88
8 60
71 88
30 76
73 79
31 86
48 90
10 69
14 46
8 75
33 53
6 11
12 26
53 57
32 44
36 79
18 84
14 18
42 81
19 56
26 84
55 57
5 88
45 91
51 83
42 78
76 98
36 40
40 89
8 89
12 22
9 64
15 17
51 78
46 71
12 45
14 57
74 83
20 97
28 62
73 75
62 90
0 21
23 76
52 91
47 74
26 86
93 97
82 96
52 55
28 46
17 62
9 50
7 40
50 67
19 79
46 56
27 59
19 28
45 51
65 91
52 62
3 18
36 84
13 66
79 84
69 91
51 97
1 81
3 60
48 71
22 33
23 87
57 83
42 45
12 91
25 77
77 91
5 100
31 56
0 84
35 94
83 86
22 95
96 98
28 102
7 23
14 56
85 89
59 83
8 64
41 77
25 72
77 84
28 82
14 33
8 86
2 35
2 81
19 33
53 67
74 97
31 62
63 82
27 44
64 88
18 44
2 59
37 73
35 70
23 40
77 98
8 13
0 43
24 64
77 100
68 82
41 94
9 17
22 56
8 88
47 70
30 60
10 82
56 76
6 32
85 95
10 21
19 71
3 76
5 29
44 63
37 67
38 82
63 95
29 93
8 17
68 100
46 82
26 30
74 90
13 80
56 98
42 57
45 97
27 88
16 30
55 72
90 94
39 68
36 48
25 42
29 35
62 67
20 43
51 71
46 90
2 7
13 47
33 91
17 73
54 78
38 53
93 96
1 41
8 36
31 89
28 79
15 97
12 60
52 85
6 55
58 90
4 74
10 75
46 96
51 62
22 88
21 77
12 48
46 101
5 44
36 62
13 44
31 60
1 90
58 89
13 83
13 14
64 65
4 78
16 90
48 81
3 89
5 30
34 57
42 43
35 87
21 46
33 66
69 90
53 75
3 8
6 102
0 48
36 47
42 70
34 72
72 88
10 79
3 34
41 64
52 67
58 70
6 12
51 65
7 78
32 57
50 73
64 90
20 55
13 26
31 94
64 94
36 76
28 87
31 35
65 87
63 86
0 89
18 74
59 63
9 34
4 81
21 49
42 83
1 9
32 97
25 65
5 11
73 80
46 91
47 65
54 101
59 76
41 98
82 88
35 76
47 66
35 72
65 100
22 65
3 56
47 60
21 80
79 95
29 102
10 78
6 34
57 91
51 72
38 96
61 98
71 97
12 66
7 24
9 81
31 88
2 50
55 90
73 81
36 56
49 67
48 78
31 40
41 88
59 69
3 102
44 94
34 56
33 65
3 91
54 72
21 43
35 57
34 97
30 42
11 50
29 52
79 93
9 86
23 95
6 70
0 30
82 102
23 94
38 44
78 90
10 44
90 97
26 98
1 50
32 53
26 54
10 74
1 87
61 102
8 9
78 88
35 37
30 36
32 38
5 83
30 57
56 79
54 73
6 21
26 43
18 27
18 53
24 99
51 58
69 81
18 35
25 26
42 71
4 37
2 44
14 88
19 102
49 66
28 53
49 89
4 14
44 83
99 100
61 91
46 95
16 70
0 98
65 81
51 99
18 91
4 31
16 43
2 60
1 64
11 93
4 99
18 32
74 88
75 96
83 96
11 78
44 101
57 68
67 92
60 66
57 58
6 71
23 32
9 36
75 91
16 28
12 18
34 92
95 98
12 86
27 78
86 100
34 101
15 28
14 58
28 80
23 28
67 98
27 67
57 81
39 51
21 98
69 102
39 75
10 29
26 66
5 85
76 81
53 93
58 61
86 91
12 34
41 65
24 37
12 23
3 98
29 36
27 86
8 71
32 71
57 71
29 46
49 68
79 81
71 72
23 50
76 84
14 42
40 67
14 73
26 40
57 74
25 38
1 76
41 91
25 96
10 34
44 49
42 69
3 72
41 62
46 59
20 65
7 58
26 55
37 56
61 99
3 86
34 89
53 60
14 39
56 87
17 91
49 50
7 66
22 60
25 99
19 24
21 53
30 69
20 76
12 41
48 100
29 51
53 61
41 92
93 94
18 64
1 20
4 102
46 69
44 98
23 33
27 101
77 81
11 32
49 86
50 91
28 77
15 52
16 47
0 5
20 102
28 66
90 96
57 90
11 66
58 84
47 97
15 83
0 54
36 46
24 93
58 87
61 84
32 58
9 75
69 70
49 62
2 84
32 82
21 97
4 23
65 102
5 93
38 76
6 79
56 60
49 65
72 79
17 77
34 91
37 60
82 93
41 54
43 52
34 45
36 61
55 75
21 57
45 79
33 50
3 94
70 77
64 84
76 100
52 61
80 86
14 66
0 73
26 92
38 48
75 101
40 95
9 67
58 63
25 67
36 63
3 81
30 55
85 93
21 37
27 40
4 20
37 48
4 101
3 79
15 57
81 85
7 81
18 52
19 61
71 86
2 85
38 79
2 62
66 71
48 65
8 68
42 86
23 83
14 100
43 100
10 89
36 67
23 99
64 100
20 77
1 36
9 100
6 77
67 74
4 50
30 39
45 49
26 97
33 77
2 64
18 30
12 70
0 14
33 48
1 95
36 66
55 86
1 57
42 101
44 65
27 30
10 45
8 90
35 90
29 58
30 84
2 8
13 93
16 26
81 84
14 59
47 48
55 91
25 74
20 63
33 101
30 47
31 99
19 35
85 101
13 90
65 76
14 23
18 28
23 91
23 31
82 86
54 57
59 81
19 95
9 76
1 4
8 82
2 94
41 83
17 100
8 101
43 83
48 96
76 93
48 97
37 57
10 64
59 91
24 47
24 33
28 56
20 95
30 80
47 85
68 95
64 82
55 101
3 80
69 73
65 73
5 97
6 37
13 49
18 72
50 68
41 93
13 21
44 59
87 96
0 7
39 67
0 6
19 51
59 73
33 90
38 97
37 49
32 40
32 89
54 61
42 74
5 65
22 79
67 82
60 97
19 21
17 59
22 51
29 80
78 99
59 75
1 10
19 88
73 95
70 87
3 24
90 95
32 73
10 43
19 66
15 64
34 61
14 24
5 92
53 102
7 54
84 96
1 43
48 53
44 47
93 99
72 83
13 98
35 91
9 62
53 88
19 81
17 57
4 47
78 87
9 24
10 87
52 82
18 24
100 102
4 73
40 82
11 40
12 93
16 99
35 65
30 45
62 94
11 90
2 28
9 63
14 64
10 48
50 64
25 93
28 76
93 100
38 52
12 29
26 74
9 20
32 102
38 81
35 73
15 91
14 19
10 71
17 82
80 98
42 58
87 90
9 32
76 92
36 91
58 73
0 94
64 97
50 100
5 49
8 57
10 22
25 50
28 29
77 86
24 62
78 80
9 55
77 101
17 74
61 80
39 69
11 53
26 65
54 86
47 73
23 56
18 77
28 39
95 96
55 102
67 97
3 29
14 72
12 59
39 60
11 47
24 65
60 72
47 55
3 67
19 34
14 53
25 62
45 88
62 79
30 48
69 100
31 85
1 22
2 31
7 41
14 48
25 79
22 43
12 67
13 84
24 81
2 3
9 45
92 93
34 95
16 54
1 86
70 80
49 81
49 88
89 92
19 36
15 89
63 99
39 100
24 69
7 19
67 72
30 81
1 25
23 101
43 84
12 35
38 86
7 25
43 78
51 102
3 6
81 92
1 79
6 43
7 75
98 101
9 48
0 59
47 56
19 49
87 95
55 64
17 98
5 51
23 24
89 94
42 79
6 39
6 57
13 24
18 50
21 51
2 26
6 15
17 86
6 35
19 38
34 87
13 56
2 43
24 86
59 79
14 45
30 52
58 76
51 93
8 50
16 64
4 92
2 33
14 76
6 14
16 88
9 30
7 22
14 65
21 101
33 69
9 93
66 69
14 28
14 35
1 71
6 41
45 53
74 99
6 98
63 89
36 64
27 39
37 72
5 95
36 38
24 26
0 61
2 20
44 102
44 45
24 41
92 94
32 64
60 64
32 99
80 85
21 100
23 102
2 10
38 92
26 75
20 85
39 79
17 76
76 102
79 100
27 81
13 43
2 97
20 28
9 21
37 50
68 84
12 46
52 71
31 41
40 90
31 33
60 75
34 60
19 22
35 98
58 102
45 92
22 27
22 94
23 27
62 87
41 102
21 83
54 95
17 99
30 63
1 63
14 43
33 59
16 63
35 63
42 68
75 90
2 75
63 68
1 88
41 82
10 25
27 84
94 97
7 84
18 94
1 16
35 99
74 85
26 49
42 76
18 93
74 93
18 82
7 9
15 65
23 92
26 68
85 102
62 75
27 28
71 82
11 58
5 91
13 77
48 70
13 76
8 81
56 97
62 100
11 102
4 12
10 66
7 30
5 50
29 59
59 85
3 68
83 101
27 60
6 53
4 51
74 89
45 102
17 38
44 50
47 84
32 63
49 93
3 58
11 91
77 89
1 52
30 59
92 98
1 67
95 99
40 85
24 95
18 79
30 31
43 58
50 76
14 63
29 77
88 93
36 96
13 55
17 26
35 55
28 85
62 89
18 39
21 33
2 92
18 51
15 90
4 67
9 49
85 86
31 45
6 66
28 38
62 74
6 19
12 89
42 89
78 96
48 60
26 90
81 89
73 96
46 61
22 81
72 93
6 20
2 91
50 75
28 73
51 96
72 77
58 74
18 58
26 33
42 92
40 65
17 75
43 65
76 82
60 98
18 98
79 85
5 87
75 89
36 94
19 45
14 20
42 56
26 34
17 43
45 81
59 88
72 95
9 90
32 76
0 38
7 37
12 16
64 75
44 66
84 86
49 54
79 86
52 79
5 13
27 48
72 91
26 51
0 33
0 97
8 49
65 88
38 87
23 65
56 83
7 93
13 61
5 9
39 71
15 39
76 101
40 91
1 34
61 85
13 81
55 92
0 2
8 40
9 71
49 55
31 36
1 31
72 99
43 95
26 27
75 78
14 92
88 101
9 54
7 94
6 22
24 89
11 41
55 81
15 50
35 52
8 53
38 62
11 77
30 100
67 76
64 66
20 87
67 78
10 33
25 41
57 77
4 72
20 26
1 84
50 79
48 69
15 34
10 32
24 96
46 81
52 88
93 101
29 95
49 74
52 72
73 77
24 28
24 44
55 85
61 90
82 89
4 15
76 96
55 80
26 96
46 83
5 67
18 38
65 66
26 46
15 44
36 88
31 65
60 90
4 100
43 93
38 74
62 64
36 80
23 81
77 102
7 28
30 38
71 89
24 25
65 99
24 73
0 11
4 58
23 46
10 53
0 8
30 71
16 55
25 61
8 51
24 57
45 85
81 88
72 73
28 52
29 69
83 97
57 62
0 67
12 65
78 100
30 86
28 72
51 53
59 72
20 101
16 65
26 81
43 76
39 40
51 73
28 36
62 81
29 70
92 100
20 23
37 99
44 90
13 97
41 75
32 37
12 25
3 71
52 90
44 100
16 57
8 80
4 19
9 10
58 81
10 100
24 94
37 90
46 53
19 82
53 79
18 48
4 66
16 27
2 51
57 89
57 95
47 52
0 78
45 68
55 65
28 88
55 88
71 100
0 77
46 76
23 44
50 89
49 82
10 15
34 42
39 77
69 78
0 39
77 93
56 65
25 69
30 62
27 66
48 88
11 83
2 77
41 56
64 83
31 72
27 57
38 46
55 89
46 52
52 58
31 48
35 54
2 57
45 56
81 100
40 96
59 99
24 27
87 97
62 66
12 53
16 59
3 55
11 72
4 65
65 101
19 75
30 96
29 68
5 80
49 52
13 20
31 46
60 91
56 91
99 101
23 43
28 41
38 69
22 47
26 62
2 58
11 14
95 97
19 57
15 27
2 5
61 62
73 74
31 76
41 44
0 29
21 41
73 88
13 48
44 91
7 51
11 62
20 48
2 14
10 96
40 54
11 79
63 78
22 73
4 21
61 101
61 86
47 63
10 97
24 68
23 59
23 98
78 84
88 102
8 92
9 53
28 48
17 36
15 69
65 92
15 88
34 71
24 80
57 88
25 80
16 83
31 91
3 70
39 74
24 50
49 61
48 80
47 50
51 64
47 100
41 99
59 71
42 73
69 85
21 81
12 85
36 41
9 96
18 81
16 82
17 63
24 42
7 55
61 81
70 100
73 76
2 21
34 51
43 50
19 67
62 82
16 85
39 55
8 65
69 95
33 40
40 101
36 100
11 87
58 59
5 40
42 102
11 25
32 72
43 94
70 94
27 72
34 83
64 91
17 61
46 89
28 67
0 31
61 73
5 61
0 57
61 68
51 63
62 63
9 89
14 38
52 65
15 68
3 101
66 75
29 96
39 101
3 14
64 69
16 86
17 81
25 89
24 75
17 84
59 86
18 76
12 87
0 45
20 94
26 63
19 40
66 79
22 42
48 72
5 57
41 76
19 85
65 97
8 26
31 67
16 80
32 68
48 56
9 68
45 54
3 66
9 22
20 64
84 100
3 12
2 71
25 48
46 84
29 94
31 53
2 23
58 92
39 73
80 95
43 61
43 73
25 95
17 18
41 66
75 79
44 86
37 93
56 101
21 92
16 93
0 16
55 62
49 64
63 98
71 75
31 63
24 46
29 38
21 93
33 70
80 100
65 95
51 55
76 99
48 61
0 27
86 92
10 17
31 98
8 62
72 94
18 22
9 14
27 85
10 99
55 60
56 66
43 87
13 64
4 87
54 82
48 51
77 94
16 72
26 99
43 81
56 58
3 28
1 27
3 23
4 40
25 39
17 92
22 66
15 74
82 92
14 74
14 50
42 97
7 52
43 60
46 49
89 101
53 84
10 24
36 39
39 99
7 50
12 71
64 81
15 31
13 91
14 93
23 45
20 50
31 54
2 27
65 67
48 68
18 23
49 51
65 74
71 91
24 32
26 64
16 98
51 52
9 59
69 92
57 60
7 85
23 34
8 28
25 44
12 20
67 80
56 84
31 61
47 62
4 82
23 54
7 72
56 92
73 98
27 55
28 83
47 88
39 92
15 96
15 43
40 42
36 57
30 53
57 70
7 59
34 85
37 66
37 65
47 54
22 77
16 100
15 101
67 93
64 72
17 88
66 88
44 96
65 94
55 56
18 80
21 50
17 35
22 78
41 95
33 58
42 62
20 90
31 96
26 32
53 89
21 71
79 90
1 80
20 24
50 96
37 81
9 66
16 45
70 83
68 69
12 102
60 79
24 49
75 93
59 84
62 65
68 72
6 93
68 86
11 94
69 97
19 98
72 102
25 86
10 38
16 17
5 82
2 80
12 81
10 12
7 48
24 82
62 91
12 17
11 29
49 87
61 76
22 96
3 59
16 94
38 98
14 99
28 49
12 55
42 90
68 96
39 49
38 58
47 69
36 85
11 71
25 75
69 77
3 11
46 93
44 73
10 55
12 49
14 97
71 79
13 50
16 18
0 36
12 38
10 83
43 90
2 16
12 73
60 74
54 88
25 45
74 87
59 66
39 80
36 60
78 82
15 47
41 48
34 79
18 87
79 92
58 66
9 61
26 69
6 40
15 53
9 94
42 100
49 84
41 45
23 66
63 97
55 63
44 93
3 13
85 94
79 98
40 92
5 26
36 53
63 90
1 7
1 60
43 72
48 93
20 61
43 92
43 56
35 71
6 87
19 87
64 71
40 58
60 101
0 41
46 63
47 90
46 68
48 86
42 49
88 100
11 80
41 89
26 88
34 80
7 33
34 59
40 45
9 27
70 101
31 38
81 86
23 29
32 52
65 69
29 65
53 80
35 93
75 102
17 28
2 36
63 100
19 42
22 72
3 38
0 62
39 42
10 36
84 91
16 52
30 34
23 68
55 68
25 55
33 34
41 86
9 52
53 85
1 72
29 63
45 96
2 38
49 53
73 87
31 34
23 55
28 63
27 92
27 54
4 55
0 81
43 69
16 71
73 83
13 32
23 36
9 18
19 25
46 55
51 94
29 98
10 30
19 20
47 102
35 49
8 21
7 76
12 51
37 69
11 22
19 26
10 61
45 65
71 83
22 76
34 53
52 76
5 56
60 85
14 85
84 99
40 100
4 70
26 35
21 60
36 87
80 88
28 75
80 84
11 101
14 55
33 54
42 72
50 95
41 60
47 91
26 85
46 94
35 75
67 83
30 72
49 85
11 59
45 100
61 65
28 99
40 88
3 47
33 88
29 40
7 60
13 27
55 100
5 94
6 74
9 44
87 102
8 31
13 62
60 69
47 75
21 61
16 102
51 79
30 91
28 60
40 71
23 61
14 37
24 38
6 85
82 83
5 84
65 78
15 100
18 67
20 70
23 37
47 64
82 101
21 69
83 87
82 97
15 66
36 65
35 74
30 89
68 80
11 99
49 75
13 45
38 101
53 98
45 66
14 98
1 74
83 94
7 57
40 53
39 94
47 51
87 98
1 26
58 85
6 62
14 70
3 4
9 40
13 74
78 101
73 93
16 42
40 66
18 46
28 45
12 74
12 98
24 101
38 99
45 48
1 98
61 66
26 53
57 72
18 89
70 71
72 75
44 92
13 102
10 72
48 87
21 45
47 89
82 99
15 16
17 53
86 93
23 48
23 39
8 77
28 86
55 82
4 24
29 82
27 53
47 72
84 90
10 95
15 62
5 60
68 92
65 71
3 26
6 92
31 82
52 84
13 36
4 75
62 95
7 99
16 68
5 53
69 72
17 71
67 96
43 64
37 61
24 59
7 26
1 17
32 87
66 98
21 58
23 52
7 29
77 96
80 96
6 24
31 49
27 42
95 102
23 75
70 72
14 101
40 69
6 100
63 69
27 89
96 99
0 82
80 82
13 41
12 63
53 59
15 25
25 34
3 43
77 87
16 23
20 51
47 98
2 61
46 92
15 30
14 77
3 95
42 96
67 87
28 37
15 102
1 14
57 84
20 98
88 95
5 21
47 78
38 78
16 78
15 78
17 19
15 24
27 80
16 46
33 83
9 85
24 79
53 101
16 25
20 73
91 96
48 95
46 86
74 79
35 40
5 77
67 75
25 70
15 60
60 83
40 87
6 61
8 32
5 58
11 48
7 102
20 39
71 78
2 32
20 80
17 68
9 26
33 92
2 101
29 97
79 83
2 88
72 76
26 37
33 67
5 23
32 36
40 49
1 70
65 79
6 44
63 88
11 13
53 83
40 50
76 86
3 83
21 36
28 93
6 81
23 60
29 33
57 59
49 99
74 77
1 19
81 99
2 12
7 95
29 74
53 86
20 54
5 66
20 99
64 85
53 69
