105
11
4968
60
54 2
59 2
46 2
52 4
43 2
63 3
42 3
58 1
48 4
63 2
55 1
53 1
39 4
55 1
46 2
48 1
62 3
41 4
52 5
52 3
55 2
55 1
62 3
53 5
57 2
52 1
42 5
44 1
39 3
63 4
63 4
60 1
55 1
45 2
56 1
39 2
56 5
50 1
43 2
38 4
56 4
52 2
52 4
60 2
47 5
56 2
56 2
56 5
51 4
43 4
56 3
56 5
61 2
61 2
63 4
43 2
43 2
54 5
45 3
53 1
58 4
42 2
61 3
51 1
38 2
54 3
47 4
59 2
48 5
38 3
48 2
54 4
56 1
40 1
47 3
55 4
50 3
38 2
46 1
47 3
38 5
40 3
45 4
48 2
51 1
53 5
58 4
53 1
58 1
52 3
61 4
59 2
49 5
48 3
45 3
43 2
46 2
50 4
41 5
54 4
51 2
58 4
59 1
48 4
63 4
14 55
60 68
18 47
62 77
49 84
86 101
50 92
8 62
35 72
1 17
0 21
82 96
76 96
13 65
13 80
52 66
49 76
37 96
17 24
79 94
52 100
8 85
70 103
9 80
69 97
90 100
75 81
15 47
32 102
33 55
5 69
24 98
11 27
36 69
79 80
73 97
89 102
14 37
22 70
3 23
3 59
34 71
88 104
59 68
18 24
16 74
15 44
25 29
24 69
4 83
48 57
14 60
36 68
3 9
68 70
5 93
8 59
51 84
13 70
66 73
70 80
17 54
20 94
29 101
40 79
27 29
48 93
28 82
9 65
91 94
63 80
34 48
0 72
68 96
35 39
55 79
8 75
75 90
46 48
70 76
31 61
36 78
24 72
19 97
14 38
43 76
57 87
34 45
30 99
56 84
75 102
36 39
57 61
77 92
73 95
21 32
0 2
66 94
23 77
11 103
18 48
5 77
81 90
25 102
72 93
11 73
66 80
5 16
83 102
37 78
71 92
12 16
9 70
13 41
72 84
26 53
24 79
11 34
4 36
46 77
11 95
47 50
35 64
48 72
1 50
58 65
94 100
77 93
14 42
5 26
11 101
26 94
84 101
83 89
61 102
9 35
56 78
68 76
21 56
42 104
48 50
32 44
52 97
79 87
29 51
11 70
73 74
20 45
8 21
31 97
2 5
48 49
17 22
42 83
28 99
14 96
59 95
49 88
37 103
0 91
38 58
31 38
12 32
56 57
13 59
46 62
0 99
56 88
50 87
19 86
32 68
55 80
22 23
19 33
2 20
16 45
75 94
51 60
27 39
17 97
37 84
51 67
57 79
2 23
14 52
9 53
12 101
7 90
37 41
29 45
28 42
3 47
49 66
11 36
19 21
22 92
62 66
101 103
95 98
1 91
37 38
6 33
0 78
34 42
9 84
15 30
39 96
19 91
75 88
37 77
26 84
2 3
7 12
63 64
32 38
1 58
46 61
1 46
0 85
18 86
88 101
1 9
49 62
53 90
6 28
57 96
33 63
7 23
22 85
34 85
6 90
2 85
11 61
4 75
48 101
30 76
50 89
1 28
14 24
44 66
9 25
6 30
68 75
21 51
40 45
30 38
20 80
26 98
26 48
4 8
6 75
7 85
9 10
2 63
14 34
86 97
65 88
53 72
42 59
78 86
9 31
10 35
0 32
11 90
49 56
83 100
29 65
24 60
34 80
65 66
41 102
0 11
1 35
77 104
51 101
33 101
1 79
26 79
49 79
29 53
29 55
2 93
25 27
17 43
7 59
33 66
55 98
13 94
29 78
83 90
52 101
22 36
77 97
44 70
24 53
34 87
85 98
28 46
20 25
31 81
0 57
3 64
18 100
1 72
10 76
41 68
9 15
6 71
48 61
68 104
6 79
13 76
24 70
12 27
6 24
72 81
10 88
7 34
13 104
22 45
13 79
43 92
96 101
58 63
22 80
2 82
93 97
56 71
54 91
41 44
58 74
78 97
35 61
8 73
81 82
17 81
72 88
21 99
13 28
59 77
31 96
46 75
38 61
73 88
53 89
42 69
15 23
7 51
12 19
3 101
11 31
77 98
1 15
30 47
3 98
34 95
79 99
19 41
41 51
15 102
46 93
40 52
0 67
21 30
2 31
25 35
30 83
44 62
1 34
6 25
2 76
6 59
38 75
3 43
43 75
69 77
76 91
10 32
47 48
54 103
49 96
25 57
51 97
31 103
37 50
8 12
56 66
24 78
30 49
34 47
13 48
11 96
30 102
1 85
19 70
40 97
48 83
77 86
11 88
55 94
46 79
26 97
29 48
9 41
21 25
72 97
13 78
18 21
37 60
10 38
16 22
14 41
33 89
13 87
33 67
11 94
40 53
21 88
14 20
12 50
4 68
31 70
10 60
39 82
42 77
19 60
8 86
38 101
35 44
52 96
31 50
74 76
53 65
51 89
48 65
79 85
34 59
43 103
52 69
20 88
16 54
16 98
3 93
22 93
9 18
4 45
33 47
34 38
17 57
51 94
69 90
8 25
17 55
13 74
31 35
63 104
17 34
42 98
69 83
36 74
89 92
56 76
15 20
21 62
21 29
28 81
10 19
11 97
64 92
13 34
24 88
5 85
17 70
45 97
67 75
18 33
7 16
7 83
0 4
40 100
74 97
16 25
65 78
55 78
51 54
74 101
24 91
3 7
35 81
30 45
2 97
48 60
8 41
24 75
7 52
23 25
60 90
92 99
17 65
68 94
28 80
47 104
74 89
67 100
46 47
12 63
26 72
24 40
54 72
3 13
88 94
11 19
64 70
60 74
4 32
49 52
20 84
46 97
10 51
43 88
53 83
26 46
43 95
19 25
60 86
31 56
84 97
32 84
41 53
90 93
13 89
20 50
21 33
21 54
17 76
32 37
50 73
29 81
8 42
12 96
32 69
36 89
35 98
47 56
20 53
22 97
12 20
25 89
2 12
0 36
10 85
55 56
20 57
59 78
90 97
39 70
47 49
0 92
19 84
40 43
65 73
24 48
19 57
33 91
8 44
50 72
50 59
32 39
6 35
15 94
22 69
9 82
34 54
14 47
55 66
24 81
39 99
70 85
51 100
26 76
24 85
10 50
9 100
1 77
51 76
23 90
29 41
33 88
23 43
11 68
93 101
1 54
12 81
54 79
42 88
79 93
78 93
26 28
8 34
92 94
9 95
15 70
18 94
58 64
80 97
63 97
3 84
6 74
24 76
16 91
31 67
59 70
68 69
74 80
99 100
65 67
31 95
76 90
56 82
31 68
10 59
18 46
70 84
61 79
8 80
47 99
87 90
63 67
69 74
18 20
49 67
23 102
9 97
3 73
52 78
10 96
8 57
61 83
92 104
31 78
30 59
38 42
15 93
1 103
61 77
78 92
7 81
21 70
53 77
44 80
37 100
27 52
83 101
13 40
38 62
52 76
22 59
11 42
16 24
67 85
50 91
21 40
82 104
55 58
50 103
55 69
35 47
3 41
89 99
9 99
32 87
3 40
22 39
17 56
64 78
21 50
43 64
5 39
55 95
69 91
16 47
21 60
35 82
40 66
84 100
65 75
54 82
16 90
7 93
19 36
76 85
14 94
71 89
39 53
8 81
0 30
67 104
62 63
73 99
93 99
8 67
27 53
18 82
69 79
73 75
61 67
24 67
100 104
32 45
5 25
11 98
46 71
67 76
47 83
15 55
4 13
44 61
15 64
9 62
88 96
25 75
39 52
30 70
58 91
9 63
51 90
42 62
96 102
63 82
7 18
11 93
57 59
10 18
37 44
3 45
5 67
15 74
33 59
0 26
15 50
45 57
66 74
14 86
4 23
36 41
34 101
26 103
62 70
5 45
58 73
102 104
28 60
4 98
27 103
3 74
57 84
59 82
53 102
34 65
44 78
5 7
6 46
26 92
13 97
7 19
22 47
20 66
0 69
78 83
51 72
60 96
8 43
4 72
58 86
6 104
30 48
20 37
25 73
85 102
21 26
20 101
27 70
13 63
12 98
61 99
21 77
8 92
57 64
43 81
80 81
2 11
2 66
36 73
25 36
41 89
38 84
1 45
28 55
65 81
23 70
43 79
41 90
31 94
9 37
8 26
88 95
20 71
30 68
38 90
51 99
13 24
59 85
53 101
25 74
63 77
70 90
6 15
22 84
16 97
39 98
52 59
23 91
77 91
18 55
8 97
68 95
23 64
5 60
29 50
18 83
0 70
35 91
7 77
88 92
3 68
24 94
61 74
27 100
7 40
42 46
31 62
42 64
69 72
44 46
9 22
17 52
38 80
0 56
15 60
49 100
45 80
21 83
70 87
9 48
3 10
4 94
24 100
44 47
52 79
0 84
7 49
47 63
29 92
4 66
38 68
16 20
56 87
9 44
25 83
55 81
1 90
80 83
0 76
10 94
61 78
79 81
60 78
15 54
50 66
10 26
7 86
33 51
42 65
0 60
55 67
60 93
18 35
52 74
46 74
17 48
8 103
28 97
8 94
49 69
53 75
2 98
62 80
48 63
21 59
3 57
5 11
11 15
37 66
31 41
32 43
30 100
46 70
8 90
82 95
59 93
27 47
58 72
23 41
27 69
55 77
32 55
18 81
19 27
40 73
16 26
15 67
61 101
54 95
0 83
49 95
44 63
12 62
8 56
79 101
25 59
69 70
6 78
50 63
26 61
46 89
1 96
18 87
40 44
19 82
20 59
14 99
30 32
50 56
0 22
21 94
77 81
6 27
18 28
31 57
39 77
62 104
72 73
61 68
58 75
14 54
18 32
77 79
33 76
12 59
10 20
41 82
40 67
46 66
2 83
36 56
4 59
24 34
19 73
30 79
37 92
28 64
36 93
42 89
2 22
13 100
14 75
58 61
42 72
16 89
32 71
1 64
13 85
6 11
39 84
28 74
58 101
39 59
78 81
40 104
14 93
11 76
23 29
45 95
10 29
31 102
12 36
90 99
36 72
19 44
39 93
1 56
18 40
10 41
64 75
13 91
9 43
70 77
23 50
22 40
15 22
24 102
34 37
19 80
45 79
40 42
1 67
7 42
8 10
13 22
94 104
86 100
59 65
93 96
58 90
39 73
13 86
16 37
75 95
19 46
56 104
17 86
70 83
36 80
32 88
85 88
69 87
0 37
52 67
54 81
44 91
8 19
64 79
67 73
75 96
82 90
33 72
28 91
4 10
4 39
10 102
69 94
10 73
91 98
10 100
88 100
15 71
58 97
71 95
32 67
8 95
25 43
11 22
26 71
33 50
17 49
18 62
93 103
18 50
29 58
50 97
12 94
67 90
71 82
3 38
42 61
4 25
14 89
5 83
17 50
92 102
3 72
82 91
50 69
39 58
32 56
92 101
10 97
59 80
63 65
60 94
36 102
30 77
17 31
10 68
39 50
73 77
47 58
16 39
28 84
78 95
12 69
73 93
39 79
31 47
42 91
23 82
49 55
56 100
49 91
20 83
34 56
53 70
11 18
25 55
2 71
42 76
34 57
93 104
44 53
55 89
23 56
18 56
42 96
1 63
37 54
81 101
43 83
32 70
34 72
53 86
75 77
7 26
48 53
11 39
61 94
60 66
6 85
92 103
4 87
20 28
12 75
34 58
30 96
58 99
4 81
46 69
36 84
8 84
19 34
7 98
48 84
43 45
62 102
36 40
67 93
17 89
65 94
6 94
35 80
57 91
57 67
41 60
27 43
44 102
19 45
66 86
60 70
1 33
56 96
45 59
13 43
53 59
0 24
63 93
33 37
6 23
38 65
45 54
20 41
48 92
12 79
32 78
76 98
35 60
7 66
14 100
41 96
40 48
86 102
38 86
41 79
45 67
33 42
27 92
32 58
83 104
85 97
20 61
37 65
11 35
35 67
19 31
50 99
23 71
12 29
25 68
31 43
21 103
37 89
32 35
41 77
37 87
7 63
54 77
25 48
75 82
28 88
13 57
16 32
11 89
37 61
2 81
20 22
46 87
0 20
61 62
28 83
7 37
1 6
63 70
51 93
4 70
9 103
44 52
4 58
58 95
4 63
48 96
4 35
33 68
26 36
31 44
7 102
33 49
9 94
4 96
12 95
25 62
27 91
22 82
59 86
19 26
53 87
14 70
11 13
46 91
60 71
57 90
29 69
0 94
4 19
14 59
30 72
17 20
3 6
8 77
14 73
46 53
6 92
30 87
7 22
36 61
8 83
18 39
22 61
1 7
76 82
2 43
39 95
3 34
54 75
55 102
3 75
51 56
26 74
63 69
22 38
19 71
38 87
24 31
5 88
54 58
3 95
84 87
47 77
33 44
38 102
7 99
56 59
3 11
14 88
16 103
47 73
67 103
68 84
71 88
9 61
18 96
13 32
18 45
18 72
35 52
6 12
52 86
34 40
8 91
26 83
62 86
70 78
5 102
36 99
40 50
77 82
58 77
9 51
57 98
48 52
31 64
23 48
22 86
1 89
66 83
19 39
16 69
39 55
46 101
91 93
15 101
49 85
39 103
24 35
11 51
25 96
18 85
14 31
20 81
52 92
74 78
6 97
58 92
26 35
31 58
82 102
31 65
84 93
46 92
27 51
3 92
50 94
17 66
80 95
29 66
21 49
59 60
30 74
98 104
9 52
66 88
36 50
53 57
3 81
48 69
13 23
2 41
4 84
26 39
7 96
31 46
85 104
16 19
28 59
32 76
12 86
19 72
95 104
13 66
51 77
20 97
45 56
1 2
57 104
19 65
54 74
45 88
69 81
23 75
20 27
89 98
16 95
54 61
82 99
10 101
6 67
14 56
28 54
25 91
23 96
17 21
14 58
15 86
7 39
20 91
6 54
30 46
5 73
11 86
25 78
39 102
47 90
47 94
4 34
11 40
86 96
78 89
44 92
9 69
17 88
55 65
19 79
42 81
48 76
56 92
28 73
54 102
22 91
60 79
36 62
11 104
1 82
19 103
29 89
11 16
4 12
14 15
24 95
85 93
54 99
60 83
15 40
5 8
39 89
44 55
24 55
58 85
59 72
3 18
72 85
3 46
4 6
57 88
62 69
37 40
54 67
28 50
16 71
46 84
58 84
76 104
13 99
5 94
92 93
18 67
38 63
44 58
34 50
17 53
70 98
31 37
10 54
36 97
64 68
76 93
29 94
40 58
46 94
52 65
18 42
8 45
48 66
3 5
11 46
51 82
4 20
15 28
22 64
16 99
49 80
47 66
55 68
31 74
29 102
76 99
66 99
49 99
28 58
4 43
36 91
28 76
2 33
60 64
6 18
0 73
23 69
22 33
17 59
24 25
48 71
91 102
85 103
10 31
8 50
40 60
48 94
23 53
39 49
19 102
62 96
44 95
22 56
44 71
60 89
2 53
32 79
84 104
49 82
19 69
40 62
23 32
71 73
19 29
64 90
15 42
38 73
20 99
75 104
10 43
76 92
54 87
84 95
34 84
11 100
30 93
46 52
67 78
83 96
41 76
81 86
25 80
35 70
16 61
32 36
83 94
3 60
23 80
70 72
39 51
19 78
22 55
10 72
71 90
78 94
16 73
43 104
9 11
1 26
43 90
14 33
20 70
11 84
0 54
36 58
46 50
5 89
30 97
41 94
5 27
56 77
21 36
49 81
55 83
97 102
47 101
50 71
51 80
49 71
13 33
32 65
3 70
24 68
31 71
6 87
34 83
16 78
56 99
0 29
0 39
32 95
43 68
16 52
15 87
3 28
23 60
28 32
57 62
55 70
1 57
17 102
93 94
23 81
40 83
33 103
49 89
24 93
18 74
44 103
61 80
31 60
72 74
54 62
9 16
59 91
26 88
19 87
19 23
93 102
98 100
19 28
34 78
39 104
17 85
28 69
66 104
39 88
35 87
45 76
47 53
6 31
15 43
54 68
36 100
26 82
19 53
7 92
54 80
8 72
17 63
55 87
28 33
50 104
73 96
24 44
74 102
25 98
56 85
12 102
39 83
94 96
40 74
4 55
57 103
16 94
22 53
27 99
48 80
74 104
16 46
19 50
3 50
11 29
19 90
4 37
21 63
53 54
61 95
72 96
37 90
52 61
14 29
83 88
78 80
27 71
24 58
22 90
34 43
5 56
11 75
4 82
6 96
33 73
39 97
0 74
12 17
8 31
38 46
68 97
62 81
7 95
57 63
52 72
15 29
75 92
27 80
15 77
63 95
21 55
43 47
3 44
8 22
10 36
29 83
15 78
48 85
63 92
39 94
26 62
50 93
11 21
16 41
7 72
20 31
20 77
27 57
17 94
9 92
10 63
5 52
28 71
84 94
53 94
36 67
72 91
31 80
13 17
66 91
14 48
32 48
18 51
35 93
65 84
1 81
55 91
42 51
33 75
22 89
7 25
20 48
22 63
63 72
28 78
1 80
81 83
90 98
64 88
40 69
72 95
0 34
56 61
38 93
87 93
24 59
55 74
15 96
35 90
96 103
22 41
24 26
48 82
35 56
13 44
38 99
15 82
18 57
25 44
33 83
15 18
42 71
33 54
37 52
26 77
39 91
5 101
49 73
17 99
30 33
52 90
29 98
70 96
38 64
57 82
54 90
0 19
8 101
36 87
28 53
21 95
41 74
26 69
30 69
2 10
16 49
24 74
40 91
31 100
33 62
38 56
58 76
48 100
14 18
43 100
39 45
11 45
28 29
24 54
91 92
23 26
3 21
18 53
6 61
26 95
18 69
19 74
15 73
55 64
73 83
26 70
41 98
7 103
53 92
26 96
89 104
74 83
12 45
33 93
2 36
32 91
7 84
45 61
23 49
81 95
80 84
53 81
16 102
18 71
37 68
74 99
36 48
39 56
21 43
15 85
32 42
63 75
18 60
23 85
48 99
1 43
82 88
27 84
67 91
1 74
84 89
17 71
83 85
49 57
36 86
42 82
21 27
20 29
43 93
9 21
25 70
79 84
36 98
4 24
54 55
2 29
12 40
12 73
21 93
70 79
45 70
6 89
1 55
13 72
33 57
13 96
2 88
51 52
24 47
40 87
11 24
79 88
27 87
71 93
8 69
20 96
54 66
3 87
10 83
10 12
78 98
45 104
29 57
16 86
72 78
65 82
24 101
33 102
44 96
7 15
7 11
15 59
60 103
63 101
40 94
90 96
38 95
61 85
32 61
24 66
41 99
38 85
45 98
24 80
15 46
34 94
6 64
3 83
14 104
2 92
40 72
44 98
3 19
49 94
1 94
33 97
64 71
12 33
11 79
20 23
28 92
15 79
80 102
33 99
6 49
52 104
36 95
44 81
8 16
69 102
38 59
56 69
40 56
17 45
21 68
42 49
3 33
12 92
44 90
32 97
42 52
79 92
9 13
60 95
27 45
3 54
24 33
57 86
24 36
50 78
10 104
27 38
23 34
20 65
50 95
74 87
59 69
34 49
38 104
4 60
30 36
64 76
62 83
81 93
66 82
26 78
20 89
14 81
9 73
48 97
14 103
56 80
1 86
56 58
33 71
15 57
2 42
13 42
25 30
11 20
40 82
4 102
60 63
0 13
66 87
7 73
1 88
2 9
13 49
3 90
8 63
51 85
26 91
5 47
27 86
58 93
41 66
18 19
35 85
37 46
7 43
67 70
4 61
20 79
27 89
14 35
1 61
36 52
12 57
64 69
7 33
24 41
36 94
1 102
13 61
11 55
25 76
59 101
16 48
65 96
67 98
6 14
70 74
5 62
63 73
4 33
9 90
98 103
93 100
65 95
76 81
6 93
60 99
13 53
71 76
8 89
21 97
31 33
6 40
1 37
46 81
61 104
44 83
43 77
0 87
42 57
63 91
27 97
17 46
27 36
22 81
89 91
16 51
15 84
25 52
61 103
58 87
18 90
23 46
34 67
27 55
15 89
82 83
57 60
81 84
21 61
30 85
48 56
42 53
36 65
0 28
43 72
30 101
8 17
11 58
34 44
28 66
38 98
28 30
66 71
37 67
9 32
65 74
22 100
41 103
8 104
54 86
35 76
18 30
38 77
17 72
56 67
44 54
20 44
42 102
18 23
8 11
75 80
50 60
36 88
14 51
31 77
39 66
58 94
43 67
52 93
3 69
18 37
82 84
61 91
54 96
28 43
91 100
23 74
20 74
27 32
67 68
16 64
61 96
56 94
28 100
8 64
6 63
65 89
26 37
5 33
73 87
54 78
15 56
25 93
44 67
49 70
16 55
29 90
13 90
47 75
37 76
46 65
21 89
0 43
35 57
71 94
6 82
24 62
6 41
45 49
18 26
22 83
22 51
58 68
28 70
8 51
12 82
68 80
7 97
45 103
6 26
39 48
2 40
32 64
28 63
56 65
25 46
54 92
29 87
27 83
66 96
24 103
38 53
29 56
1 71
28 38
79 82
61 84
37 91
0 62
7 78
69 95
97 100
68 85
3 12
30 90
46 98
51 102
0 48
16 65
32 51
12 89
50 96
35 96
9 24
15 90
10 58
2 74
85 90
29 43
16 70
25 38
32 80
44 51
30 52
71 83
2 84
34 98
35 77
61 87
10 55
2 50
49 74
44 87
14 22
2 17
69 82
2 99
32 62
68 81
50 67
24 56
26 33
9 85
77 83
0 71
22 104
85 89
81 100
99 104
22 27
52 98
26 40
41 84
51 88
68 88
37 88
25 32
43 71
62 68
23 61
50 54
18 68
88 89
79 104
65 86
0 42
36 55
7 75
21 64
31 88
54 100
55 84
40 77
24 99
34 53
71 101
37 63
0 9
30 60
54 65
34 86
0 88
76 79
51 98
82 100
12 49
88 91
12 43
77 90
40 49
50 77
1 47
87 98
29 49
19 55
30 53
11 28
7 58
84 86
95 97
30 66
60 69
61 70
20 82
35 43
22 46
15 65
36 59
34 62
67 102
0 38
46 103
67 92
64 83
24 39
13 55
85 86
6 17
33 85
45 82
53 98
13 29
28 104
6 72
87 94
9 96
77 96
93 98
0 75
17 58
36 53
7 29
28 103
25 28
90 91
33 39
23 98
1 40
54 70
1 4
23 58
41 73
44 57
94 99
76 78
27 62
55 72
12 76
38 48
12 61
58 104
4 7
34 74
33 77
47 57
14 21
16 57
40 90
6 103
11 53
38 71
13 98
9 59
18 95
8 9
6 69
31 76
16 43
70 97
11 66
16 96
38 50
65 103
4 56
66 95
65 71
35 48
2 26
45 58
12 97
25 39
35 51
30 64
55 101
53 97
13 75
53 55
20 104
1 78
55 96
14 63
27 90
3 99
92 97
40 75
0 64
34 46
5 66
51 61
34 66
23 31
10 37
59 76
19 51
22 99
67 101
52 94
48 78
17 93
14 67
28 40
17 39
36 92
14 71
0 81
29 54
61 72
1 53
18 91
25 53
61 76
7 67
53 85
19 30
95 100
60 73
25 67
17 80
22 103
87 101
27 88
35 66
39 71
41 52
22 24
37 49
9 39
6 73
2 28
52 81
32 94
56 83
28 86
70 81
10 91
34 68
93 95
4 99
47 64
50 62
23 57
45 72
54 76
26 32
63 68
3 51
55 59
90 95
8 74
49 68
39 47
64 102
23 66
1 99
4 49
53 66
39 74
68 87
3 88
69 85
47 71
46 86
30 44
71 86
65 69
31 52
43 57
18 89
32 63
8 98
26 49
46 73
6 99
33 92
59 88
15 92
102 103
35 92
47 100
12 91
15 61
74 79
30 78
3 30
17 67
48 87
31 42
52 82
37 56
80 93
17 83
13 35
6 68
44 48
41 85
13 25
79 90
27 72
4 80
31 39
3 22
29 64
52 55
0 58
25 63
23 37
27 58
26 80
57 65
65 76
4 9
53 95
86 89
40 103
85 96
20 90
16 67
10 89
45 50
22 48
47 93
18 80
58 88
4 52
6 19
83 93
5 21
61 100
50 79
25 103
76 102
21 85
12 44
77 99
85 99
2 104
11 69
0 101
70 88
64 100
10 17
4 64
76 89
63 99
3 29
16 42
8 61
24 87
9 66
25 26
43 50
7 57
17 60
10 79
12 14
66 77
82 94
32 74
33 96
2 96
27 93
64 65
7 80
54 98
95 102
47 103
48 64
19 35
11 64
12 58
11 43
9 74
85 95
55 73
37 86
29 74
7 104
39 101
78 82
54 59
3 16
31 72
97 98
11 52
54 88
51 69
4 50
39 76
1 31
66 92
22 78
16 59
70 102
4 30
20 64
37 83
19 40
51 96
7 9
40 63
9 75
16 62
41 42
40 101
35 42
2 13
44 75
44 84
22 98
31 104
8 35
58 96
58 69
33 84
10 90
14 45
30 55
49 72
16 56
48 62
12 93
13 38
18 27
36 44
29 76
57 97
52 68
47 51
87 95
17 96
17 87
24 64
14 95
17 51
28 102
44 85
43 61
99 103
19 22
71 91
20 63
1 32
64 74
48 91
64 84
4 73
15 39
28 47
80 100
29 31
27 28
27 68
0 40
50 81
45 66
16 88
55 99
34 104
11 37
8 39
43 82
30 51
17 84
10 70
45 55
31 83
11 72
30 103
6 7
3 56
8 100
53 82
69 75
0 100
47 69
48 88
52 84
33 86
13 82
49 86
75 93
33 40
15 45
28 96
3 89
43 99
35 38
65 104
23 47
61 66
71 85
91 103
73 102
94 102
21 78
54 69
4 91
43 97
55 75
58 89
43 52
24 45
52 64
26 63
38 51
25 79
23 44
87 102
34 55
88 102
41 59
5 104
56 70
5 37
74 94
0 97
11 12
67 69
22 101
52 63
37 62
62 84
21 22
17 100
19 89
1 59
28 61
49 97
46 63
38 69
61 82
31 85
8 87
19 48
80 92
38 49
63 81
73 91
6 21
43 69
61 75
32 75
10 44
43 70
19 81
0 80
29 47
53 62
40 54
35 55
14 27
79 86
41 78
4 44
13 31
22 32
9 33
34 82
14 50
27 40
51 92
19 42
15 53
5 92
45 60
0 63
13 16
25 69
32 99
12 88
36 64
24 73
51 86
51 66
77 102
11 80
27 78
36 46
1 84
51 91
1 10
5 90
17 74
50 75
26 51
45 83
40 55
19 62
10 71
17 35
30 57
18 41
46 104
31 54
36 43
24 71
22 26
18 65
29 61
5 84
43 94
27 81
12 31
61 64
49 65
68 100
65 68
61 92
32 92
53 63
23 55
41 67
100 102
2 45
89 101
20 72
55 90
55 88
48 51
78 102
3 79
57 89
9 47
51 64
37 80
27 54
35 103
52 70
14 61
0 14
64 72
63 89
14 83
49 64
30 41
52 56
32 40
26 104
72 101
87 103
2 69
68 101
66 76
3 58
4 74
44 86
8 28
80 91
6 95
17 27
33 56
21 74
6 56
39 41
23 83
22 72
24 42
77 80
22 57
94 101
42 43
81 102
2 77
19 75
9 30
32 41
0 41
72 89
43 46
15 69
40 46
50 74
8 82
10 98
39 57
0 15
83 98
83 99
72 98
35 88
29 52
22 42
0 55
15 103
10 34
43 74
4 100
30 58
28 98
38 81
66 101
9 78
7 45
47 68
26 58
5 41
1 16
37 64
15 68
5 24
23 39
85 91
40 102
74 86
84 98
71 77
78 96
0 104
66 67
63 100
4 53
40 92
1 3
29 67
6 57
9 26
13 54
25 85
3 71
37 81
72 79
77 101
8 47
4 28
35 101
24 52
25 84
16 92
4 38
6 60
38 91
53 78
64 86
42 78
82 92
0 90
36 76
22 74
38 40
65 99
58 71
8 68
15 49
13 67
90 104
5 53
59 71
61 81
16 82
70 99
85 100
17 41
56 86
94 103
26 86
73 89
78 79
4 85
3 67
3 86
1 70
31 87
12 104
1 25
33 90
37 85
7 32
42 84
89 97
12 52
13 51
3 61
38 78
12 38
15 48
6 47
63 79
5 63
29 88
11 78
42 50
7 44
6 62
10 66
42 44
1 29
49 98
33 64
10 64
22 75
15 26
0 59
0 45
60 104
83 91
62 94
52 91
27 42
0 50
82 93
60 84
23 24
50 55
17 90
19 58
64 104
22 50
9 42
9 71
0 95
26 89
34 81
19 37
11 62
87 88
6 77
23 97
1 42
16 31
81 103
15 38
5 71
68 74
24 84
27 96
21 45
19 24
17 68
52 80
35 68
25 61
25 86
25 100
52 102
62 82
12 83
82 103
42 97
3 96
20 56
43 73
69 98
70 101
38 92
11 83
35 53
19 94
30 89
50 57
47 62
25 104
4 104
43 65
5 79
2 44
29 99
57 66
81 88
57 70
25 101
56 62
95 101
11 102
10 52
17 95
42 79
23 33
57 85
71 87
73 94
27 74
17 40
1 24
13 60
13 36
64 85
29 70
44 100
16 104
30 63
39 65
95 96
37 99
19 76
12 70
9 49
34 90
6 58
12 90
31 45
59 79
15 16
89 93
29 93
26 64
56 68
38 89
23 67
7 10
18 31
32 57
52 77
10 95
70 82
59 99
32 96
29 39
42 101
75 98
29 80
26 100
45 63
82 86
84 91
9 46
69 84
43 87
23 103
85 92
39 92
19 93
37 59
22 73
7 82
33 46
59 67
15 88
9 60
66 102
1 101
17 103
53 69
32 33
46 78
43 102
2 86
27 31
37 98
11 56
35 46
25 99
23 28
41 61
86 93
47 102
69 101
1 13
21 96
69 88
69 103
84 92
42 74
39 85
3 91
62 71
47 97
8 24
71 99
26 57
33 65
2 61
16 44
8 58
47 78
81 92
77 100
6 20
41 86
24 104
45 102
5 43
21 57
28 87
17 37
101 102
10 45
57 73
59 81
62 73
33 87
22 58
41 87
87 99
1 12
4 71
59 96
57 101
67 96
7 47
9 88
47 87
44 88
41 58
57 58
35 94
68 82
46 68
39 69
74 98
44 77
59 66
22 54
18 73
35 75
44 79
48 75
38 55
49 92
23 79
42 103
11 48
13 39
3 14
27 41
70 100
5 9
44 101
5 86
76 100
14 39
10 82
92 98
88 93
54 93
21 73
24 30
56 95
43 101
7 68
32 49
14 43
1 5
44 60
45 93
24 51
20 21
42 90
2 55
73 80
76 97
14 53
16 29
35 37
21 76
38 44
27 66
54 63
64 96
2 21
9 102
46 55
59 94
8 102
14 26
17 92
44 50
28 34
18 70
13 81
58 82
39 62
11 49
35 58
12 56
32 60
36 103
47 59
27 104
40 88
3 62
10 84
69 104
6 36
36 66
9 20
23 88
80 94
54 85
72 104
38 70
9 104
31 90
47 72
17 73
34 60
63 83
60 91
1 8
63 85
25 37
42 67
54 94
12 87
48 98
10 53
0 61
43 62
53 91
60 62
25 51
41 95
12 84
44 97
50 80
29 30
23 42
81 104
68 83
48 95
20 39
27 82
28 101
64 91
28 44
75 89
54 71
10 86
7 30
44 99
2 78
39 75
17 23
87 92
37 53
57 92
63 86
30 61
0 66
1 73
61 71
47 92
53 100
34 61
10 13
10 57
16 34
26 99
62 76
2 89
33 61
14 78
33 104
45 65
13 14
17 64
3 78
50 85
60 88
5 42
61 93
44 45
27 56
49 63
21 101
0 98
32 73
37 79
7 56
65 93
85 87
81 85
56 79
34 103
12 34
16 23
63 78
41 104
34 70
14 74
87 89
3 24
16 77
15 98
41 43
36 85
81 94
43 53
29 36
0 93
38 82
8 48
45 47
61 97
43 63
21 102
3 80
55 93
31 101
46 102
21 52
51 70
3 66
44 69
90 94
47 79
15 51
1 93
55 57
55 63
9 64
45 64
71 104
22 77
28 48
53 64
50 98
67 83
9 56
37 73
1 100
26 41
58 81
0 12
32 89
24 50
9 54
88 98
75 78
6 39
42 75
5 20
0 3
10 67
46 96
80 88
29 75
6 66
42 68
76 88
18 44
13 18
87 97
31 82
49 104
13 46
59 63
3 25
15 91
35 69
74 96
27 63
17 78
36 71
11 25
31 93
2 60
14 19
62 78
6 84
29 82
18 97
77 89
40 76
90 101
92 96
14 84
26 65
8 99
68 90
40 89
57 69
63 98
5 28
70 91
8 93
90 102
24 97
63 96
1 30
38 72
54 104
33 58
4 21
19 101
62 67
55 103
15 62
15 58
1 11
31 89
7 35
6 53
69 99
15 80
60 100
60 65
25 33
83 95
58 98
9 40
35 97
22 30
11 60
29 63
5 82
21 53
2 8
35 36
12 26
12 37
79 97
1 18
21 35
2 67
36 81
40 51
11 38
17 98
84 90
17 69
3 15
23 59
49 83
47 52
26 68
47 65
46 88
19 95
49 60
4 69
49 75
57 102
65 80
60 82
0 46
20 102
73 79
21 75
10 22
56 64
28 93
58 78
25 34
43 96
28 31
59 104
64 82
39 60
94 98
20 68
55 76
25 47
65 90
7 31
20 78
14 87
55 71
77 103
35 83
40 47
37 43
68 92
5 57
17 26
28 49
5 65
33 78
68 72
10 87
45 46
62 65
34 76
0 103
29 84
52 88
6 101
58 100
38 45
8 20
4 62
41 92
40 81
62 88
23 101
2 102
25 71
24 65
50 101
50 65
10 56
64 94
56 93
18 43
66 69
78 99
20 60
5 61
78 103
25 82
86 95
12 72
31 59
46 80
5 59
62 74
45 75
42 95
5 70
52 58
28 37
31 69
46 64
33 41
12 24
5 74
21 71
40 86
7 8
41 81
77 84
23 84
29 77
62 91
13 68
52 53
46 49
8 49
19 52
13 88
16 21
12 55
2 48
5 55
10 75
46 60
25 72
32 54
7 14
52 89
80 104
2 51
60 85
3 63
41 49
18 29
1 98
29 79
21 23
62 72
40 99
74 88
71 75
47 74
36 47
19 92
16 100
74 93
38 74
68 71
32 46
26 81
76 80
26 85
53 88
1 23
27 75
21 79
9 93
4 42
36 75
11 67
29 103
15 32
53 80
41 71
88 103
44 74
3 65
8 70
31 55
26 50
27 85
2 62
32 53
33 43
23 92
22 28
2 80
12 99
32 100
45 69
0 5
23 38
80 85
16 84
53 71
22 37
7 79
66 81
28 89
30 65
54 57
89 100
64 80
61 86
29 97
15 63
44 65
72 94
50 83
47 82
13 30
11 99
21 100
10 15
22 35
82 85
83 92
37 58
28 45
14 91
21 48
63 87
46 57
74 103
13 45
44 82
60 72
54 64
68 98
16 28
18 58
5 98
9 89
12 65
45 100
37 45
34 39
4 27
25 49
17 29
20 86
35 62
23 76
61 73
35 59
59 100
2 19
1 95
29 85
60 97
37 70
42 54
100 103
52 83
4 103
54 83
40 70
51 62
26 43
43 51
27 50
16 35
21 47
72 82
0 52
29 46
51 75
43 84
73 84
4 86
26 73
20 93
17 47
30 104
5 31
66 72
22 25
12 13
8 53
37 74
56 91
58 102
64 73
45 62
52 62
97 103
65 92
31 51
13 15
68 79
44 104
8 46
17 104
0 18
39 61
4 31
8 88
59 83
48 70
4 93
4 5
7 60
3 55
47 91
101 104
6 38
16 72
5 78
65 101
26 93
41 54
64 97
8 40
2 79
53 67
30 80
34 64
6 32
31 99
65 72
0 82
32 86
1 22
88 97
41 69
22 71
11 32
21 72
12 42
47 70
2 75
24 38
74 91
88 90
57 76
2 65
22 96
36 101
69 86
4 92
30 92
38 60
34 89
12 30
71 74
5 97
12 39
73 86
23 65
13 93
28 57
25 88
23 73
8 30
13 50
8 71
4 76
39 81
31 73
23 27
21 84
9 23
35 100
73 92
24 89
54 60
60 77
24 61
10 93
21 87
25 40
39 64
29 37
19 77
21 38
12 41
16 63
60 67
5 87
18 101
14 98
44 56
18 98
55 82
12 85
71 72
42 55
25 60
2 103
40 96
79 95
59 62
2 64
7 87
3 53
66 90
39 44
0 33
25 64
4 79
61 88
31 53
1 44
17 44
70 94
28 85
60 87
5 48
57 81
1 68
27 101
9 17
38 100
8 66
14 23
12 47
37 101
52 95
4 17
47 84
59 74
14 69
14 40
46 54
51 71
7 54
27 65
30 43
2 4
1 48
68 93
94 95
0 27
14 79
43 54
18 76
8 32
84 85
14 46
68 89
30 62
8 23
13 84
15 17
71 96
72 100
38 54
81 91
0 68
19 47
16 83
74 95
11 17
51 74
4 67
5 23
21 86
5 54
19 32
24 90
42 66
14 85
13 101
63 90
50 68
5 18
20 30
22 34
24 28
70 93
22 29
94 97
73 104
11 59
6 50
73 100
17 101
38 43
27 94
4 26
53 99
0 47
25 97
29 60
90 103
10 39
39 46
5 38
53 84
47 89
58 62
42 87
21 39
44 72
12 53
20 38
46 72
53 76
32 104
10 62
15 81
91 101
24 83
9 55
2 16
16 60
79 83
54 89
46 67
39 42
1 27
27 73
30 82
20 52
1 65
28 41
4 11
30 88
4 18
55 92
75 83
23 94
48 86
15 66
46 58
55 100
18 36
86 90
33 60
75 103
4 14
24 27
75 99
1 66
21 82
37 94
36 54
15 37
8 18
11 92
40 68
40 85
44 59
12 60
34 93
7 50
76 87
6 37
55 97
7 101
27 79
78 104
42 99
97 101
99 101
72 103
68 99
71 78
48 67
39 54
34 52
20 67
28 75
2 32
13 73
47 96
26 34
38 96
62 97
35 102
78 101
65 98
4 41
43 55
14 66
0 77
20 42
15 24
1 69
40 59
39 86
24 92
35 86
75 101
11 41
78 84
73 81
49 51
4 48
9 67
40 84
13 69
51 95
8 65
15 76
64 93
76 101
36 45
7 91
17 91
15 99
12 21
30 37
59 87
3 37
70 75
21 98
4 57
2 100
2 57
63 103
4 101
49 59
33 74
0 8
8 76
71 84
40 41
8 37
103 104
62 75
27 48
3 20
32 50
74 84
2 18
33 38
33 94
65 77
41 97
82 98
84 96
28 95
18 66
27 95
29 59
5 36
73 98
28 56
47 88
16 79
47 76
44 76
71 97
47 98
19 98
4 15
49 87
28 35
2 94
50 58
9 101
43 58
40 80
15 25
9 29
46 95
18 104
62 95
80 82
74 75
2 27
9 34
19 20
48 79
0 53
28 94
32 98
0 6
13 27
18 88
54 101
14 68
43 60
87 104
19 56
27 46
2 39
79 98
84 99
38 79
10 92
3 85
39 67
6 45
10 74
81 97
41 47
15 35
41 56
75 97
5 49
78 87
50 84
28 77
48 58
24 57
29 32
12 80
37 97
81 99
25 56
67 89
18 22
45 84
11 57
43 49
65 97
74 77
59 64
60 75
47 80
46 99
86 88
22 65
70 104
41 55
8 79
36 79
37 42
54 97
80 86
41 91
44 68
69 76
1 39
25 41
59 92
75 79
12 64
0 31
31 86
10 78
59 75
15 31
33 52
23 62
23 95
68 77
4 88
33 70
12 22
15 52
35 89
31 34
51 79
71 79
5 96
5 72
2 59
59 61
32 85
56 63
20 76
30 42
15 21
35 74
9 86
3 27
12 54
4 54
27 34
79 96
16 38
25 45
31 66
49 102
28 68
36 82
44 93
56 103
10 99
10 47
16 75
34 36
33 34
5 30
49 53
25 58
32 90
31 48
52 85
32 52
63 102
9 12
64 103
34 97
2 91
11 44
50 70
11 63
8 13
96 99
37 71
36 77
28 72
36 83
6 86
32 47
52 54
21 34
26 101
30 91
10 69
29 100
4 90
19 66
45 73
31 63
23 93
51 53
79 103
18 49
29 71
47 81
4 40
52 103
50 90
75 87
65 79
36 57
30 54
36 96
66 79
2 34
0 7
78 90
70 95
12 46
77 78
74 100
67 86
1 76
32 93
27 102
16 27
20 40
57 80
11 26
42 48
20 24
22 62
13 64
47 55
60 80
18 99
72 86
59 84
67 87
64 89
5 100
30 84
60 61
15 72
11 33
3 76
20 54
12 68
79 91
14 57
78 88
50 53
87 91
10 49
27 98
71 80
7 21
21 80
45 89
41 100
4 46
29 68
55 85
9 76
26 29
36 42
18 93
26 52
11 74
13 20
35 84
38 57
15 19
7 48
67 95
11 65
76 84
80 99
15 104
32 83
16 18
31 32
41 72
17 75
84 88
53 68
36 90
8 14
30 95
26 87
37 39
26 67
8 52
18 102
65 83
27 44
3 77
8 33
75 85
8 54
39 68
9 19
10 14
6 42
20 34
42 70
11 30
45 81
73 82
18 79
24 49
82 101
2 90
57 77
41 101
10 28
5 103
80 90
20 26
98 101
52 71
14 72
82 89
7 69
39 72
78 100
33 81
57 99
62 87
35 50
67 74
67 77
81 96
92 95
21 67
64 66
0 79
11 23
36 63
7 53
10 30
34 99
23 86
46 56
4 97
59 89
59 102
50 76
36 51
28 36
30 75
37 55
23 63
6 10
8 27
26 54
23 35
16 68
34 88
10 46
5 75
26 60
7 24
53 74
14 92
27 37
2 52
14 30
11 87
14 77
89 96
31 91
36 38
73 90
91 104
17 18
60 81
53 104
9 38
34 51
34 63
6 76
7 74
22 44
10 11
11 85
42 92
34 41
9 72
15 34
8 55
69 80
38 94
59 97
0 35
34 69
28 65
40 78
37 47
73 103
58 59
31 92
89 94
7 89
6 52
20 33
3 17
74 85
33 45
68 91
26 38
30 98
82 97
40 95
22 52
21 90
31 79
34 96
42 60
43 85
81 87
78 91
69 71
35 99
2 95
44 64
5 10
4 16
19 67
10 65
11 71
42 85
67 99
32 82
18 77
41 83
2 47
3 32
9 91
70 73
22 66
5 50
78 85
16 81
3 35
51 103
43 48
14 44
64 99
6 65
69 93
55 86
56 75
42 100
75 86
86 99
59 73
42 73
18 52
14 32
56 89
10 80
9 87
49 103
2 68
37 102
56 74
16 93
0 86
29 40
71 102
84 103
35 65
80 101
76 86
37 48
13 77
65 102
10 81
43 89
42 58
5 19
62 90
19 59
29 35
11 81
41 65
10 33
48 104
22 95
18 92
24 63
2 15
39 43
12 71
45 74
72 90
19 68
11 54
5 14
96 98
17 79
25 54
45 99
37 104
71 98
3 36
72 92
33 48
5 35
48 54
20 69
31 36
15 36
92 100
48 90
96 100
67 97
40 64
45 71
41 45
63 84
34 75
5 95
45 48
100 101
25 42
41 46
2 87
29 96
4 89
20 92
35 49
49 93
76 95
41 93
12 15
14 62
22 88
35 40
59 90
25 87
63 74
32 72
43 44
68 73
17 28
66 100
53 96
65 70
19 49
58 60
19 38
13 37
21 44
30 40
24 46
45 96
4 51
68 102
21 46
14 90
13 52
72 80
9 68
7 13
50 51
35 79
49 58
1 87
59 98
56 60
97 104
49 54
37 93
62 101
29 73
16 76
86 103
29 42
34 35
42 63
2 56
31 84
49 77
13 21
7 61
17 61
22 31
67 80
37 72
20 32
20 43
45 92
15 100
66 84
57 74
77 87
27 35
85 94
17 25
36 104
91 99
58 103
15 33
1 75
19 64
14 36
6 70
62 85
69 100
22 67
66 89
1 21
5 32
52 57
41 62
45 101
60 98
38 52
61 65
86 104
26 56
11 50
26 59
57 95
37 95
97 99
34 92
21 58
5 34
51 59
10 25
13 26
33 95
17 82
22 76
57 71
50 102
57 75
79 89
5 76
19 43
20 55
57 100
6 88
18 63
20 51
86 92
71 100
14 102
51 68
34 102
67 81
7 27
18 64
32 103
27 76
67 88
6 9
24 37
7 17
86 94
0 1
3 4
28 51
40 93
24 96
20 47
57 68
22 49
50 82
70 92
91 97
18 61
23 99
21 42
28 79
66 97
10 77
29 38
27 67
21 66
86 98
9 50
10 61
54 84
43 98
60 101
80 98
32 101
50 64
24 29
17 33
26 102
32 66
6 83
1 19
4 78
43 86
9 45
0 102
53 103
35 78
14 28
27 49
62 99
25 31
65 91
66 68
5 68
5 29
30 35
19 104
95 103
23 30
48 103
27 30
30 73
4 65
44 89
27 77
20 87
43 91
69 89
3 26
25 95
21 81
89 90
56 73
66 70
17 38
31 98
72 83
77 95
7 94
67 94
7 55
67 71
29 62
3 48
42 45
0 89
49 50
3 102
63 71
83 97
80 96
7 36
16 87
17 77
60 76
35 71
33 80
7 64
61 63
68 78
9 27
23 40
2 46
11 14
38 67
7 38
5 40
22 43
1 62
21 91
2 101
47 86
57 94
20 62
16 40
23 52
90 92
39 63
22 68
38 103
67 72
70 89
51 58
12 18
38 76
26 31
43 66
20 73
96 104
40 57
50 61
49 78
6 100
2 25
87 100
55 104
58 79
38 41
0 49
0 17
35 45
2 58
3 97
13 71
10 24
33 79
25 77
16 17
45 85
4 95
9 57
54 56
33 100
4 22
33 35
53 79
62 100
79 100
74 92
21 69
12 48
6 80
34 79
98 102
6 55
70 71
25 94
13 95
8 78
35 54
37 51
38 39
3 82
44 94
18 103
14 17
32 81
51 73
3 52
46 76
64 67
48 81
31 40
6 81
28 90
19 54
51 57
42 47
15 83
5 6
26 90
12 100
72 99
23 51
