108
6
4275
60
154 2
162 2
148 2
136 4
123 2
183 3
258 3
212 1
256 4
253 2
131 1
275 1
205 4
194 1
206 2
131 1
147 3
265 4
137 5
240 3
109 2
180 1
174 3
198 5
170 2
101 1
155 5
152 1
151 3
172 4
215 4
238 1
222 1
120 2
199 1
226 2
224 5
177 1
221 2
140 4
181 4
243 2
161 4
270 2
107 5
212 2
121 2
233 5
103 4
129 4
249 3
192 5
209 2
130 2
235 4
123 2
186 2
182 5
284 3
263 1
147 4
136 2
205 3
114 1
221 2
164 3
196 4
255 2
232 5
263 3
148 2
118 4
200 1
186 1
167 3
283 4
215 3
144 2
173 1
126 3
121 5
268 3
104 4
236 2
101 1
170 5
223 4
138 1
137 1
126 3
231 4
225 2
106 5
246 3
111 3
233 2
131 2
145 4
186 5
109 4
268 2
123 4
123 1
140 4
128 4
196 3
274 5
207 5
58 65
0 31
34 55
69 94
54 103
0 41
90 92
17 92
20 50
8 64
4 15
73 99
12 22
56 90
13 29
11 29
46 92
36 43
23 81
20 24
20 36
9 32
2 63
9 41
6 85
78 88
68 89
14 82
14 68
48 54
7 30
36 72
10 78
34 92
33 59
12 58
77 105
35 69
21 77
15 101
10 73
17 27
21 48
17 47
88 97
50 59
34 53
23 68
9 76
45 81
37 77
72 96
0 68
12 14
0 54
9 14
64 92
13 19
6 40
14 79
64 95
45 48
15 26
82 91
25 97
6 54
40 70
6 51
10 12
49 94
5 107
32 81
2 44
33 67
67 85
31 52
66 71
51 69
77 90
64 91
12 62
19 24
19 28
13 77
27 29
20 68
31 67
5 81
65 80
31 41
61 83
34 62
70 80
53 97
20 43
17 88
30 101
61 99
33 40
1 54
17 71
93 97
72 105
24 97
66 90
33 46
61 85
2 41
16 62
35 96
49 88
12 56
87 90
50 89
25 59
20 75
57 94
47 98
34 67
11 50
24 64
0 103
14 44
7 61
22 91
13 37
79 106
77 86
64 72
11 56
27 31
46 63
75 80
24 84
57 99
38 89
53 66
33 82
30 61
40 99
94 101
49 104
49 99
93 106
17 78
66 102
25 81
24 52
92 98
78 95
63 75
12 97
10 14
20 62
27 82
16 68
55 106
19 65
22 51
37 64
36 71
23 37
30 92
52 89
42 67
43 98
30 34
16 63
20 85
3 45
25 57
4 81
52 74
13 17
15 76
34 95
1 97
41 90
7 80
71 91
48 73
17 81
2 102
33 72
16 18
19 33
9 95
1 73
23 51
18 25
30 43
46 82
73 74
18 40
21 99
16 21
57 105
79 103
4 25
35 56
2 78
56 92
32 75
1 51
0 102
70 103
31 40
23 96
28 95
25 75
33 80
60 106
1 60
58 80
2 21
36 41
13 48
0 107
60 96
19 87
77 89
19 89
97 107
50 86
3 76
54 68
89 98
66 97
27 101
24 54
11 16
26 83
27 37
14 62
50 57
30 84
13 63
59 79
16 52
4 71
56 80
97 106
15 55
29 84
38 50
21 98
46 79
47 91
0 49
42 69
50 69
5 94
25 26
22 65
65 66
60 101
17 35
58 61
87 94
70 100
4 82
3 75
21 103
46 72
17 33
2 105
2 30
44 90
60 81
39 102
14 65
12 23
70 92
48 107
14 31
12 13
22 50
17 99
25 46
5 87
18 79
54 99
29 44
31 104
21 38
26 53
3 12
28 57
2 39
27 83
49 103
21 88
46 47
23 52
1 81
75 96
19 40
27 59
30 52
5 50
18 34
10 34
7 87
17 57
57 78
44 106
106 107
45 85
63 71
17 86
59 77
22 64
10 46
24 89
66 78
70 97
10 65
2 93
43 73
30 49
40 107
80 97
7 76
21 87
7 28
32 94
52 103
14 19
39 44
54 92
23 41
66 93
19 30
72 97
0 60
12 71
13 92
0 53
55 88
15 52
10 59
92 99
67 76
19 26
11 66
2 56
6 93
25 94
45 66
27 87
70 86
8 73
6 46
55 69
51 63
28 107
71 102
10 69
28 32
23 89
15 62
33 100
10 38
16 76
37 98
41 60
52 90
10 63
89 90
17 18
15 23
2 28
71 81
9 87
42 74
69 89
64 88
14 70
65 70
47 52
65 88
85 101
36 98
54 69
75 87
57 80
27 47
91 94
23 103
83 88
96 101
46 97
35 41
94 96
38 102
45 107
70 74
47 58
0 65
14 54
11 97
27 106
15 105
5 23
83 89
34 97
35 78
12 98
59 105
3 106
81 100
1 53
11 17
31 39
89 104
38 58
7 11
39 91
3 8
44 52
5 77
32 67
52 88
54 91
1 90
58 77
8 19
51 97
68 98
78 97
82 83
48 95
18 96
45 89
71 88
38 53
86 98
49 71
28 98
88 89
2 10
5 42
37 88
69 98
21 60
32 71
8 14
12 18
22 95
64 71
3 10
5 16
29 83
16 61
82 84
34 44
96 102
12 93
49 70
77 95
28 92
50 75
27 64
103 104
36 40
18 68
2 69
2 45
11 100
16 97
23 105
19 66
62 72
15 81
48 88
12 78
49 63
15 56
41 76
88 107
14 64
60 91
33 99
43 94
22 53
15 83
34 36
69 70
5 72
38 77
23 74
70 89
6 104
33 76
15 17
10 61
79 84
1 13
31 33
42 47
53 103
0 66
59 83
25 63
4 98
33 50
1 28
51 62
5 43
44 91
44 74
48 76
15 27
46 68
0 106
22 59
6 9
20 93
32 70
92 100
90 94
41 85
46 55
20 35
21 42
75 76
37 74
6 67
12 85
55 67
23 53
13 82
30 80
1 93
2 11
87 92
25 84
4 53
31 36
105 107
19 68
25 103
28 38
7 34
63 105
3 73
8 26
16 56
8 74
21 54
1 68
37 78
0 5
62 69
44 79
3 30
7 62
38 48
18 76
58 105
6 98
52 78
36 100
47 82
30 82
18 87
81 88
7 65
3 97
28 67
32 87
12 76
23 80
12 34
81 102
9 61
25 67
23 84
1 37
5 69
3 67
40 62
91 106
13 47
32 51
38 69
100 106
3 55
36 82
5 57
35 47
31 84
40 83
71 96
24 101
15 71
6 44
13 79
38 73
58 103
36 52
54 82
24 59
72 89
59 80
6 80
8 52
83 107
92 103
62 75
62 102
67 98
4 37
30 66
33 51
47 83
29 92
21 32
1 32
18 24
64 99
4 64
24 83
45 67
34 61
24 105
63 98
8 21
10 54
84 105
48 64
8 12
3 20
5 30
49 54
83 106
68 99
82 104
7 38
36 55
5 79
16 104
4 43
70 106
101 102
71 103
5 24
36 47
17 28
30 47
74 92
8 99
36 84
19 35
25 70
8 47
26 71
26 77
62 82
6 99
82 105
73 107
30 87
52 53
33 75
14 18
35 73
31 54
16 83
13 41
23 77
20 61
22 104
3 37
86 102
37 54
52 79
43 72
21 79
20 63
23 87
3 11
30 89
12 51
64 94
51 72
14 40
16 26
24 78
86 105
65 95
37 63
67 75
21 73
0 44
19 27
20 106
55 75
26 40
14 28
86 87
16 44
23 66
11 23
17 38
30 88
20 94
7 56
14 90
24 74
45 51
2 17
6 15
0 17
70 91
32 60
5 12
98 104
21 52
29 45
80 102
1 85
32 85
31 63
40 57
40 81
2 61
21 37
92 105
9 44
35 62
1 71
52 56
9 102
4 9
21 86
14 32
57 100
13 90
61 79
13 83
46 49
2 51
69 76
35 101
11 27
58 60
23 104
18 27
81 101
26 90
11 87
43 99
54 56
4 33
50 98
54 95
58 69
7 29
25 83
56 106
9 33
1 4
2 27
104 106
57 64
5 35
42 44
1 10
41 102
21 35
75 91
24 81
78 81
4 58
20 37
75 100
23 27
37 58
0 51
6 62
58 89
20 77
23 36
1 101
53 89
58 99
72 73
0 25
34 96
0 82
31 72
3 4
36 99
7 102
50 71
46 69
41 69
16 24
87 102
6 24
64 70
10 29
97 99
38 107
32 93
48 105
35 103
3 88
55 96
37 71
7 64
59 60
64 105
4 66
19 70
64 80
49 59
99 101
16 67
7 44
5 58
63 84
53 92
28 29
41 94
31 69
34 81
49 100
5 68
7 67
21 25
7 49
21 78
57 71
17 42
40 41
33 56
40 59
16 79
63 96
58 75
39 85
40 50
36 95
53 86
47 56
94 97
2 83
20 100
8 80
19 73
25 62
4 57
42 91
41 97
67 87
29 55
86 107
45 104
1 38
11 83
92 96
18 37
88 96
21 96
2 37
52 65
54 65
72 75
10 41
38 100
57 75
71 84
28 39
47 76
11 40
25 71
8 67
28 62
19 51
50 67
51 106
56 97
35 66
51 61
16 92
94 105
4 94
86 96
26 98
32 96
19 32
41 80
58 70
37 38
44 50
3 82
68 90
35 84
30 86
39 65
27 104
43 106
3 63
27 63
59 65
55 104
26 56
54 90
10 80
52 61
22 83
17 62
2 79
38 78
64 74
9 37
34 102
36 46
1 65
12 59
42 48
1 92
13 107
49 75
93 104
1 34
63 94
36 56
2 47
88 92
24 46
32 103
5 14
47 75
33 96
28 85
7 8
47 66
17 51
57 76
23 63
15 53
29 105
13 93
24 102
58 94
17 55
93 105
57 65
24 88
6 31
32 39
8 28
15 66
4 78
39 82
22 107
43 102
85 97
22 81
33 94
95 107
82 103
13 49
36 39
35 44
3 85
18 101
12 45
45 50
6 73
22 86
60 98
31 38
8 9
43 61
99 104
12 81
6 19
6 53
3 65
37 69
38 105
25 74
33 90
0 101
28 56
4 21
23 101
19 53
29 79
29 52
22 76
26 52
37 103
21 102
7 10
13 72
15 79
59 98
5 101
21 47
82 98
30 55
7 15
30 58
38 103
12 65
22 75
44 48
80 106
43 95
36 96
16 65
95 103
80 83
15 68
79 92
55 56
37 83
6 50
34 50
97 105
40 44
17 107
23 39
11 22
28 40
48 70
31 45
75 86
59 87
43 62
76 88
42 76
10 60
23 99
90 106
62 70
73 93
10 58
41 62
45 106
22 49
29 54
64 75
95 101
33 91
31 60
56 58
29 30
71 95
13 20
65 101
10 30
17 26
31 88
10 42
88 106
2 90
14 59
44 80
1 29
0 69
0 15
3 58
9 94
48 102
16 77
50 87
12 38
46 71
41 46
39 99
42 58
41 48
70 101
8 71
43 71
22 77
79 86
3 22
61 88
58 96
40 87
5 62
19 54
35 99
12 21
26 50
38 61
39 54
13 89
14 50
48 87
13 26
37 89
10 102
85 92
2 46
31 47
51 73
29 106
32 89
11 75
7 23
6 13
50 66
11 67
43 51
18 41
17 79
21 30
79 100
13 75
52 73
9 101
40 91
35 72
33 78
41 64
41 73
1 98
43 68
81 84
68 85
45 77
14 83
33 47
57 91
7 93
77 104
79 88
19 29
32 91
55 91
61 66
0 43
60 64
25 40
4 91
62 79
3 7
51 107
27 32
72 78
40 101
41 79
58 92
19 77
62 90
71 75
0 74
2 81
26 30
66 75
70 95
55 73
4 96
29 48
61 91
6 61
65 106
49 105
37 52
92 97
15 106
11 31
11 32
59 76
16 36
42 96
9 23
34 54
1 74
30 93
17 74
16 17
17 61
7 60
8 82
39 96
25 91
36 101
76 87
31 80
8 62
19 76
7 74
62 83
39 64
36 103
41 98
34 91
71 77
3 19
46 107
24 63
94 103
29 91
22 30
10 19
30 78
30 102
61 100
15 64
24 43
20 102
1 96
8 15
9 86
89 92
16 59
30 79
8 49
49 56
18 80
17 22
27 66
5 17
57 59
0 35
17 98
83 94
48 99
66 81
99 105
23 56
37 76
17 36
83 99
18 100
31 106
28 86
21 74
24 45
29 60
3 51
56 98
40 64
26 78
1 25
0 34
30 53
15 80
16 23
39 101
13 54
33 61
13 98
20 104
50 70
56 75
59 99
6 77
29 47
0 6
74 105
13 40
13 50
90 93
0 88
21 55
43 53
34 84
3 66
21 44
9 65
11 49
14 105
8 30
67 100
37 105
68 74
32 69
25 65
21 45
18 90
4 95
31 75
58 100
55 63
0 48
31 65
0 10
0 70
50 104
31 82
74 98
49 102
55 103
15 96
2 16
52 91
29 64
2 29
44 103
62 100
4 69
17 95
18 85
19 47
6 87
0 91
17 106
10 100
54 75
83 104
39 43
78 87
17 67
84 92
0 58
64 93
28 65
91 104
20 95
69 107
67 97
96 100
54 70
81 104
11 80
1 20
15 44
54 61
28 94
83 93
37 65
26 79
89 103
78 94
17 20
52 106
87 100
70 73
20 52
21 27
10 26
16 66
20 32
38 66
67 96
28 58
55 58
51 71
30 36
73 105
44 65
74 104
32 98
79 107
47 106
28 45
12 30
72 87
29 49
84 103
67 93
4 50
81 87
0 73
61 93
2 77
43 57
45 93
61 82
21 57
7 89
1 87
6 66
27 42
79 83
75 102
37 46
16 82
29 98
20 34
36 38
66 72
48 83
42 98
28 47
0 56
27 90
54 76
65 68
43 66
4 30
52 58
43 55
77 101
69 75
1 27
29 56
70 76
34 71
26 29
1 55
34 99
19 106
43 67
6 28
1 77
28 99
27 35
19 23
43 89
30 67
15 18
100 101
0 46
16 106
34 93
17 25
72 102
76 81
22 98
33 54
90 97
101 105
51 104
24 28
38 93
10 36
15 41
32 80
51 92
19 34
94 102
88 104
13 25
7 90
3 26
62 63
0 99
57 84
74 87
63 83
0 77
7 105
16 50
56 87
37 82
37 99
41 105
22 85
55 65
49 73
56 72
31 73
73 80
23 50
36 106
54 60
0 83
55 99
92 101
44 57
19 64
17 93
58 83
14 91
48 89
78 106
33 58
32 83
102 105
29 85
102 106
65 71
8 66
81 107
70 99
18 83
32 46
69 91
44 67
20 49
49 67
53 62
69 78
16 39
21 71
15 48
58 81
47 63
90 101
25 55
89 94
53 56
28 81
24 55
23 35
47 100
61 67
85 91
21 80
84 101
35 42
64 78
87 93
22 72
42 105
35 81
23 24
10 23
3 79
23 44
45 95
45 79
30 99
22 56
102 103
69 72
3 103
57 106
37 59
31 79
25 92
6 105
58 86
0 47
42 56
56 93
46 94
67 101
48 93
4 36
89 93
58 93
43 49
27 73
65 79
50 92
19 100
3 9
29 66
0 84
5 86
49 68
26 47
20 89
74 106
16 85
53 60
15 92
24 75
39 76
22 25
21 67
72 101
12 106
2 88
2 68
2 48
16 69
15 104
37 61
64 87
48 84
53 82
2 9
35 91
71 72
7 104
26 100
20 42
42 63
5 63
11 36
0 81
20 87
34 74
58 85
26 59
3 52
4 35
39 94
18 38
53 55
13 70
34 60
52 67
45 69
80 105
32 68
13 27
32 56
0 20
2 36
30 42
10 67
10 16
8 51
10 71
11 72
53 77
31 62
17 103
55 89
9 53
22 71
10 76
28 54
3 16
93 96
53 87
15 95
8 75
17 97
79 90
18 61
38 88
0 14
22 36
23 72
42 88
29 72
19 58
84 85
46 57
81 94
7 42
8 59
55 102
58 59
4 22
79 98
54 98
81 83
27 52
24 32
50 55
2 3
70 71
11 70
43 54
44 83
18 72
47 105
31 55
51 58
13 39
51 85
0 86
13 61
51 70
34 49
7 21
52 71
48 57
14 101
67 84
66 69
68 81
45 84
53 63
37 93
38 67
68 69
79 102
26 86
40 96
6 74
97 98
9 31
28 80
68 83
8 55
16 28
6 103
30 39
32 57
21 83
49 96
54 63
87 101
8 40
49 61
26 58
78 79
24 29
70 94
4 44
43 97
80 84
30 103
44 68
18 65
14 80
33 52
37 107
0 57
88 102
32 78
5 97
37 62
63 86
66 83
1 72
10 91
4 65
18 81
67 107
13 103
32 41
40 52
59 78
27 30
6 27
14 36
13 52
77 84
46 48
2 12
64 96
19 92
17 31
1 76
6 100
26 44
5 27
44 86
8 58
14 102
27 54
25 35
85 87
32 92
34 90
8 11
50 90
28 74
66 88
5 99
15 72
22 62
34 48
74 95
15 36
34 43
60 97
18 26
52 75
9 106
0 29
2 54
40 66
11 74
47 107
60 74
38 45
40 89
7 68
78 86
9 57
39 49
66 92
18 32
52 93
8 34
76 95
55 59
6 35
16 89
48 104
80 99
1 22
81 105
31 53
24 39
48 98
19 103
12 50
21 65
31 92
7 33
35 70
3 15
39 59
6 37
37 101
28 78
2 91
28 77
22 37
6 70
13 35
53 76
65 69
28 44
53 107
35 38
30 97
19 37
46 99
6 48
39 74
47 67
44 60
1 9
15 97
31 100
38 96
35 88
36 69
4 17
98 103
54 94
18 59
37 55
37 72
14 52
16 25
15 42
96 98
42 103
4 55
4 93
35 71
57 62
78 103
46 85
47 96
9 18
4 107
37 104
39 98
32 88
12 20
50 88
48 61
77 107
50 91
31 58
8 95
43 93
57 58
27 57
16 100
16 41
66 67
76 106
35 86
41 104
27 60
3 18
10 43
13 67
30 85
34 70
75 85
69 80
58 106
8 24
33 66
84 93
18 42
73 91
62 88
3 46
19 44
74 100
27 76
74 76
40 77
88 100
46 83
17 56
41 83
80 96
26 64
34 105
4 84
20 21
24 50
53 80
0 87
22 43
42 75
43 48
51 74
11 71
34 79
58 71
28 36
2 98
28 102
55 95
26 74
38 92
82 106
75 99
42 83
65 99
34 94
39 56
51 56
12 24
65 90
15 100
43 82
71 76
27 100
27 67
32 65
16 107
60 95
10 50
47 77
0 7
21 53
22 41
2 94
56 107
59 84
78 84
61 78
40 74
84 95
1 24
62 81
68 94
33 53
95 96
2 7
17 72
17 65
28 76
51 99
70 77
41 86
47 50
35 89
86 100
5 34
2 38
5 59
59 94
6 23
54 97
19 67
40 75
31 76
57 66
35 46
43 65
59 97
42 66
39 97
64 83
87 95
36 97
52 101
38 97
25 99
28 31
34 98
15 57
67 91
40 47
23 32
71 85
48 100
56 99
25 76
11 95
45 92
54 58
12 19
13 56
59 95
8 16
29 80
95 106
66 85
42 78
55 80
37 49
52 92
55 61
25 69
0 59
57 88
2 25
61 87
31 93
3 83
46 58
24 53
83 101
16 103
67 105
41 100
41 72
2 62
26 104
22 34
25 45
89 99
25 47
8 10
20 57
56 67
10 95
2 55
5 83
3 41
20 86
0 98
71 93
48 91
2 104
13 60
42 87
18 62
39 66
35 64
6 49
32 84
4 10
26 76
5 13
5 47
36 76
43 79
63 65
7 50
6 83
39 46
71 107
72 82
55 97
14 55
89 101
15 65
18 47
3 104
37 100
56 61
61 63
13 104
22 97
64 89
59 81
5 98
58 104
3 68
38 90
79 96
45 64
69 79
41 81
42 77
69 106
57 104
31 85
7 19
2 95
12 16
12 52
74 77
57 101
42 68
38 56
6 88
91 97
59 74
2 64
24 47
40 102
15 88
15 86
30 51
15 94
7 18
26 42
2 58
13 80
9 58
18 84
38 55
23 88
1 56
53 85
72 99
46 73
48 66
49 52
3 38
8 81
15 31
69 90
11 13
84 100
41 74
23 97
37 43
61 80
13 34
74 101
47 81
38 49
60 89
0 23
25 68
5 37
51 76
2 20
16 38
9 47
3 32
52 99
20 59
40 97
62 99
25 66
47 70
33 70
23 64
36 51
99 106
4 102
54 59
90 99
42 95
49 95
40 84
35 60
73 87
48 58
51 86
13 30
74 94
5 106
6 82
37 97
34 104
20 103
57 70
57 93
44 46
34 39
2 42
54 77
15 63
91 102
13 33
51 68
103 106
42 52
15 70
21 62
36 66
7 86
44 105
13 15
33 85
13 102
91 101
10 27
60 72
40 104
84 104
0 9
43 91
0 4
46 93
17 39
50 73
54 86
42 101
3 44
18 107
56 105
19 42
27 46
24 41
18 92
90 105
22 45
52 97
48 80
45 74
58 101
48 65
61 101
25 52
3 35
6 86
2 14
24 56
0 62
41 75
74 89
18 98
20 79
29 65
62 68
80 103
63 74
44 71
2 65
30 94
10 40
29 93
9 97
48 49
0 105
22 102
8 85
28 60
24 33
53 54
19 97
75 88
89 95
68 92
17 64
41 101
33 57
39 72
74 97
26 31
63 81
29 40
46 90
6 29
6 90
42 72
8 107
66 73
63 106
36 44
23 76
6 21
63 70
3 6
50 105
43 64
35 75
8 42
1 35
39 88
12 101
73 81
53 98
24 27
21 24
45 91
20 44
26 75
12 17
4 72
49 51
74 91
57 107
28 88
12 41
1 52
76 107
66 106
86 99
46 81
23 98
4 23
3 105
3 50
51 90
7 78
29 35
35 37
15 35
65 107
33 45
26 102
6 64
5 78
14 25
47 101
69 77
14 46
80 98
93 107
26 82
70 78
88 94
18 36
14 43
39 51
28 100
2 75
62 103
65 82
48 59
11 89
80 85
2 76
33 71
63 89
57 67
34 82
32 95
26 57
9 29
11 58
1 21
7 75
28 66
54 89
49 80
59 106
21 84
15 93
75 84
43 60
24 94
15 60
50 94
23 75
5 95
49 58
45 58
70 84
95 100
27 86
2 57
0 72
68 84
17 91
5 70
13 24
60 77
47 94
25 95
4 18
61 96
38 94
41 107
40 106
13 96
49 101
33 65
61 74
60 84
32 107
18 21
55 70
5 10
44 87
47 85
87 104
5 75
76 96
35 54
19 96
17 94
15 45
3 62
27 75
7 99
36 88
13 73
23 67
37 73
36 57
36 63
11 18
19 78
46 74
20 82
0 8
36 42
82 92
30 77
53 78
10 89
9 85
2 84
44 84
52 85
7 35
6 42
0 94
13 105
7 52
65 86
31 90
25 106
57 90
38 80
79 82
24 35
32 99
48 67
27 93
15 16
29 37
5 6
11 93
59 91
74 103
62 98
2 74
18 105
49 78
9 38
28 33
9 82
32 72
7 98
45 97
49 92
9 30
61 86
8 48
33 93
66 105
51 83
26 27
96 103
88 91
57 103
33 86
46 53
35 105
33 97
76 103
37 81
49 98
41 68
47 73
4 24
3 86
1 80
42 92
49 83
10 25
60 78
0 76
42 57
43 56
85 96
47 72
16 34
100 105
43 50
59 63
74 75
51 66
45 56
3 72
50 83
51 98
60 104
4 32
37 57
29 67
21 90
69 92
11 43
3 71
50 62
33 73
63 76
37 60
44 101
40 65
76 92
92 102
8 60
30 106
41 47
5 96
18 69
18 46
32 55
10 51
8 102
17 63
2 86
4 39
16 51
53 59
29 53
20 26
20 47
20 31
20 105
38 43
46 50
74 85
2 60
73 106
10 103
23 30
72 85
52 82
1 49
19 62
18 63
93 101
28 43
5 104
20 51
21 89
91 95
21 49
49 55
19 75
13 36
75 95
21 56
46 70
38 46
6 36
86 92
20 33
85 106
56 82
6 78
82 88
53 100
3 31
42 94
45 61
61 94
7 77
25 34
54 106
18 45
42 50
74 84
84 97
57 97
43 45
10 72
32 86
22 73
10 79
10 18
32 44
24 90
10 39
23 83
64 103
32 54
4 38
3 47
69 87
53 93
59 82
30 64
23 38
51 91
47 57
52 94
60 86
22 35
12 92
63 87
61 98
84 91
73 97
5 44
41 54
28 103
18 74
43 77
59 88
51 88
58 87
42 49
52 104
84 96
23 69
42 99
91 99
57 82
22 52
52 57
5 18
38 42
12 84
17 30
70 96
11 55
42 53
7 43
22 29
80 101
51 78
59 103
0 104
77 100
87 106
17 101
60 82
65 75
5 61
75 89
89 96
15 19
22 26
31 95
38 68
19 104
64 98
97 104
98 100
14 78
4 74
42 60
7 37
63 107
24 30
32 47
26 48
55 62
15 91
24 92
46 88
21 64
11 26
19 101
28 55
36 90
25 51
2 19
39 55
20 90
5 105
59 69
17 48
48 53
76 97
14 30
1 30
35 39
23 33
32 40
42 70
41 51
4 11
81 91
65 97
21 72
14 74
46 54
8 36
26 89
30 33
23 25
11 102
29 33
12 79
10 21
13 69
43 44
64 102
33 63
19 38
92 93
52 83
17 52
49 82
14 89
30 54
12 77
23 90
17 84
13 42
81 86
19 63
65 98
16 64
12 87
50 78
77 94
71 83
13 44
4 61
46 102
86 88
23 73
40 78
78 99
19 52
7 85
39 89
27 96
41 89
40 54
61 71
5 54
14 37
65 91
4 67
78 104
67 90
91 93
31 103
41 87
49 84
7 103
52 59
17 19
7 13
28 46
16 84
69 96
87 96
72 106
42 89
72 90
1 106
7 71
35 79
14 106
73 76
87 107
68 73
22 74
62 66
86 89
49 65
29 96
27 44
58 74
15 99
18 43
18 64
33 55
40 61
37 86
26 49
7 70
57 79
11 99
11 20
29 69
0 45
31 42
59 64
75 101
41 59
15 87
71 73
70 83
18 70
59 107
33 83
12 55
42 55
50 58
16 87
39 70
39 78
15 107
62 105
22 23
27 58
20 25
32 90
11 28
9 50
86 94
0 85
74 93
20 22
31 66
22 55
87 88
9 17
51 101
18 86
73 78
31 43
54 87
24 40
6 60
70 90
15 61
23 107
94 107
33 102
21 43
9 59
11 98
13 91
28 90
38 60
6 12
4 80
12 88
1 94
45 86
34 66
57 98
27 51
63 101
27 98
33 44
53 96
37 56
14 17
3 90
1 99
11 107
12 72
57 61
22 67
7 96
60 83
57 89
25 88
16 73
11 51
38 70
31 97
4 86
8 41
45 75
9 43
5 38
33 92
71 80
36 94
42 45
11 96
0 37
4 47
48 101
24 42
11 34
23 29
48 79
25 37
59 72
20 30
16 71
27 77
36 80
48 63
66 98
34 57
76 105
63 90
61 81
12 31
84 90
96 104
47 89
72 83
7 81
14 63
54 83
37 51
13 100
17 50
64 100
28 30
38 76
69 105
57 68
7 107
18 19
73 83
31 35
45 94
34 101
11 62
20 40
66 86
47 84
27 72
13 57
9 40
38 95
17 49
18 104
55 83
14 35
74 90
24 66
30 35
15 38
3 91
57 86
17 46
17 44
73 92
6 91
8 25
0 67
16 40
7 48
13 94
20 67
42 85
79 97
85 99
58 91
30 75
70 85
19 85
48 92
22 40
9 72
67 104
30 105
65 83
96 97
9 39
83 87
77 96
86 90
8 39
92 95
32 38
1 8
1 18
22 24
80 82
72 98
34 56
66 76
27 74
6 84
21 41
12 44
9 80
7 32
6 14
18 52
83 92
17 104
50 74
40 73
3 80
73 95
16 45
15 51
8 27
67 83
53 99
82 87
82 85
47 103
4 34
78 92
26 80
55 82
4 77
16 53
5 56
75 98
0 75
79 105
103 105
25 28
4 29
30 96
21 82
10 47
48 86
52 84
21 34
24 68
1 105
51 93
23 26
45 53
90 102
9 48
21 28
36 93
45 46
7 39
20 96
24 86
27 39
59 62
37 90
40 45
49 50
1 2
22 89
47 54
84 94
26 60
32 66
1 82
1 89
10 85
19 74
65 76
32 37
43 46
2 82
74 82
16 101
58 84
10 106
24 100
0 78
39 48
56 85
9 46
21 33
60 90
51 59
30 91
4 56
25 27
38 71
10 70
54 101
17 75
92 106
12 43
21 107
1 104
22 66
21 75
15 54
11 42
7 59
38 75
26 39
19 25
36 60
58 67
18 97
9 66
31 34
100 107
13 28
21 106
44 55
58 72
1 3
22 28
27 99
25 32
41 63
40 60
64 79
21 66
14 49
29 41
35 45
80 92
10 87
7 24
30 37
41 55
3 14
79 99
25 105
33 98
29 58
53 91
72 103
53 95
7 46
20 41
80 89
11 101
34 89
2 99
32 76
100 103
65 93
67 82
1 103
9 103
28 49
63 93
11 86
9 10
60 61
38 87
17 21
37 75
65 96
31 50
48 106
26 51
17 23
2 43
100 104
2 107
97 103
8 76
7 25
55 90
81 92
24 25
7 57
17 43
47 65
1 41
38 85
35 87
16 33
49 79
28 87
64 97
7 101
56 59
38 52
24 76
19 45
8 103
68 102
14 69
4 85
73 89
74 102
64 65
6 16
33 37
81 106
75 90
91 100
12 80
62 93
28 97
31 48
55 78
6 18
8 33
61 107
3 93
41 70
44 51
31 64
12 48
36 45
21 76
42 107
59 71
28 50
12 53
2 4
11 84
26 84
21 51
27 36
10 62
78 89
13 76
22 38
64 69
37 95
43 74
6 106
22 42
81 82
10 104
6 94
79 89
65 105
25 89
48 68
26 37
71 97
8 45
3 77
72 107
70 88
43 80
58 63
40 76
31 83
29 36
9 78
6 38
7 73
81 97
2 18
56 94
12 74
10 68
17 24
26 46
26 45
76 101
4 8
29 90
9 12
6 79
45 55
23 49
29 89
39 58
71 101
53 83
43 104
37 79
89 100
0 21
68 77
61 90
8 84
3 94
25 101
47 48
3 96
22 54
19 93
68 106
43 87
20 23
11 88
9 75
24 49
10 96
65 73
54 72
18 39
54 67
45 52
24 98
4 45
12 63
77 81
61 84
12 83
77 78
59 73
38 101
91 103
25 43
81 103
82 89
30 73
14 98
8 83
40 85
26 36
27 28
67 68
69 95
3 84
30 95
36 64
35 94
32 104
35 82
9 64
12 89
59 101
11 90
23 55
1 88
33 81
28 84
1 48
2 13
10 52
29 104
36 70
97 100
23 31
36 77
34 107
30 56
44 89
8 46
21 50
8 13
101 106
84 89
10 32
90 91
13 88
0 19
27 102
30 74
27 38
36 62
34 72
4 5
18 50
12 36
98 99
35 58
11 19
56 64
59 66
56 95
53 84
59 68
31 68
67 99
1 66
22 105
38 86
45 103
28 89
34 87
44 76
19 84
47 90
42 82
51 79
18 22
47 74
43 59
73 85
16 93
9 62
23 95
8 31
53 90
60 67
25 87
68 97
0 2
0 39
42 84
47 62
52 72
3 54
94 100
82 107
67 89
42 97
54 64
35 61
14 58
17 66
23 54
6 52
50 96
7 36
8 53
4 6
14 104
44 104
58 66
90 96
34 78
38 57
59 93
9 35
4 90
3 64
45 70
64 68
8 43
41 95
14 61
30 107
37 66
17 59
35 85
60 100
61 104
89 106
46 105
1 84
11 25
15 22
53 57
9 51
52 100
34 52
75 81
62 97
0 100
16 46
101 104
55 84
40 98
6 71
39 83
41 43
73 75
7 47
7 16
51 57
47 92
48 62
41 53
14 86
9 60
9 90
44 75
52 77
32 45
34 65
18 28
42 54
48 71
45 47
78 82
33 74
3 99
18 102
51 96
51 102
23 70
85 100
7 69
3 24
50 60
40 46
62 80
4 27
20 65
46 52
27 56
19 83
37 67
22 33
24 104
47 49
59 67
67 71
66 68
68 78
70 87
44 69
13 18
85 90
29 43
10 45
40 63
51 81
13 87
57 72
47 60
27 79
76 99
22 80
35 59
65 74
4 88
55 74
39 63
86 93
29 63
83 95
26 32
52 54
56 84
64 106
37 50
20 69
27 89
58 68
76 100
34 40
28 91
4 62
44 100
17 69
22 90
33 105
27 80
14 48
86 106
0 11
15 74
21 36
11 12
44 97
78 90
8 22
9 77
35 106
51 94
16 74
21 23
25 102
42 43
41 96
52 87
14 39
3 70
42 59
8 50
3 74
22 99
37 39
21 40
7 83
56 69
40 48
98 101
55 64
6 17
18 60
2 59
4 60
15 103
37 40
43 63
0 3
91 107
72 80
0 22
71 100
14 38
2 26
5 39
3 92
1 45
3 78
18 54
26 94
10 98
82 96
58 73
44 95
46 76
11 81
43 90
34 45
5 76
12 57
20 70
66 89
60 93
37 70
94 98
15 59
19 107
7 45
7 95
37 80
10 92
41 66
54 96
1 83
19 49
34 86
26 106
8 32
85 88
79 104
4 20
25 56
60 103
57 74
12 37
96 99
10 81
52 55
18 31
20 97
8 92
30 44
26 105
49 74
20 29
11 35
4 7
10 22
10 88
56 100
23 71
54 88
22 44
24 87
26 97
44 94
50 65
55 66
53 64
6 101
23 46
12 42
23 91
58 78
25 33
11 21
6 95
83 105
3 87
8 77
3 23
96 107
53 71
80 90
11 39
52 76
4 26
4 52
24 31
8 56
58 82
45 78
5 8
16 20
59 85
0 92
58 64
27 34
0 90
65 94
24 73
11 30
41 57
15 37
0 40
4 42
12 32
98 106
25 107
14 92
70 72
83 97
4 48
49 53
30 71
21 22
6 102
19 90
34 59
30 83
24 60
43 96
0 80
69 74
14 60
11 64
24 58
15 77
49 91
4 75
11 47
50 100
56 89
1 78
14 67
60 76
2 8
10 15
10 57
58 62
67 106
65 81
67 79
24 82
48 96
35 95
16 42
35 68
62 104
31 107
3 53
49 89
8 69
50 84
18 75
43 69
68 80
46 77
32 106
41 49
76 86
15 46
17 102
50 76
35 67
77 91
0 13
41 88
36 68
4 101
3 81
6 72
31 89
44 58
9 27
25 86
50 93
7 63
28 52
9 55
20 46
85 94
28 53
21 39
72 77
39 62
31 57
16 22
12 69
30 104
15 89
13 43
42 61
77 103
17 32
63 103
40 58
52 66
40 71
68 96
17 37
24 36
46 64
32 97
20 60
35 76
83 98
12 104
43 47
55 57
16 94
103 107
50 102
59 70
2 34
14 85
26 62
23 62
51 54
20 71
7 79
40 69
96 106
13 55
22 68
29 94
70 105
28 75
11 54
92 104
9 19
51 53
16 90
11 79
35 43
29 31
41 82
24 57
76 102
40 49
56 101
28 83
6 89
81 95
49 85
46 91
56 68
23 85
54 79
38 72
8 57
34 47
3 100
84 102
48 81
9 89
22 92
1 16
2 106
67 72
63 67
60 102
43 103
10 84
23 57
61 77
31 61
92 94
39 53
14 56
33 106
53 69
25 39
55 68
59 96
29 99
24 48
60 105
7 82
63 68
30 65
12 46
26 41
56 60
11 94
22 46
84 106
16 102
3 27
55 94
91 92
45 59
10 53
90 100
17 96
46 75
81 99
62 89
45 98
11 15
33 39
4 87
3 56
60 73
43 75
36 86
10 44
25 98
89 97
45 60
60 87
67 77
29 77
84 98
40 95
77 85
39 68
26 88
64 90
87 105
1 64
62 77
16 29
95 97
34 38
53 101
41 61
26 63
64 67
52 105
14 29
4 73
61 70
19 36
6 58
61 76
68 104
18 35
71 99
11 85
15 34
52 96
72 94
11 65
88 105
37 91
70 79
28 41
4 31
18 56
32 105
40 53
32 36
89 105
17 34
27 45
50 106
56 81
44 77
39 100
12 61
31 91
73 86
39 84
62 95
68 82
88 101
78 93
56 71
19 91
11 61
42 64
36 37
14 99
86 101
13 53
46 51
45 100
29 46
28 51
38 104
71 98
34 64
14 34
9 83
61 95
6 34
20 58
26 93
0 55
25 79
85 103
36 54
26 54
16 54
65 67
25 85
79 81
56 91
66 103
9 81
17 41
24 77
7 27
6 75
1 59
77 92
82 90
15 78
44 61
8 105
22 47
74 81
19 81
4 12
43 101
24 65
29 38
25 61
19 88
63 82
11 73
49 60
11 38
48 82
9 25
37 68
15 33
74 96
63 78
65 100
18 48
19 39
46 106
10 64
35 63
24 51
82 100
49 90
2 23
5 82
45 99
24 38
21 26
33 62
31 37
51 87
10 66
17 60
8 100
61 106
9 16
39 92
45 88
14 20
37 85
14 47
41 45
53 68
64 84
45 62
74 79
19 48
67 92
8 44
67 88
5 19
73 102
1 15
2 100
27 48
11 41
21 68
21 105
14 26
45 57
19 82
16 55
50 80
19 55
54 80
15 28
6 11
55 101
49 62
6 41
19 22
50 72
31 98
41 58
11 52
11 91
78 102
66 77
15 25
24 69
71 86
99 100
25 73
44 56
53 106
2 53
28 106
16 96
30 46
85 89
30 72
29 62
22 106
24 93
68 91
83 100
58 107
67 95
12 100
0 42
6 92
28 35
75 106
69 73
0 27
28 72
14 77
68 107
59 104
35 102
36 75
21 85
27 53
35 53
79 85
46 80
36 91
82 94
25 96
47 79
9 84
69 85
52 81
32 74
9 52
72 88
15 69
75 93
65 104
81 89
63 88
22 101
8 106
25 36
12 29
38 63
21 58
12 54
10 90
37 41
5 100
36 105
33 49
36 65
18 33
61 65
10 37
29 86
4 40
91 96
9 67
38 64
19 50
22 94
18 29
35 51
44 62
69 71
38 99
50 54
70 98
1 75
69 100
18 51
73 90
10 99
55 79
14 107
50 103
54 78
69 99
59 75
3 25
47 86
11 14
30 41
70 81
20 38
55 98
98 107
34 35
52 62
73 88
41 67
28 63
59 86
30 69
5 40
28 61
14 42
50 81
10 93
39 52
19 31
52 107
73 96
16 43
33 36
67 102
27 78
68 100
2 31
40 88
46 67
73 101
19 20
31 102
102 104
46 62
21 81
20 88
67 86
29 101
20 66
46 56
9 42
6 76
65 103
14 21
94 99
5 71
29 74
24 34
22 60
27 49
9 49
20 73
52 80
31 96
27 103
17 54
31 56
13 58
64 76
29 97
47 59
63 91
23 47
11 69
68 76
39 81
12 102
97 101
8 93
7 51
51 65
17 87
26 55
53 75
22 61
54 81
63 102
5 45
75 78
72 100
18 103
14 27
32 34
20 39
44 64
32 43
12 82
39 80
8 35
73 94
93 100
95 99
1 14
44 47
27 81
24 70
10 31
4 104
25 78
34 85
62 86
6 25
26 96
32 61
17 58
34 80
16 35
57 95
45 76
28 73
76 78
26 92
75 104
2 24
65 77
6 68
69 82
94 95
23 82
13 21
45 71
47 71
63 100
79 87
42 65
35 52
15 47
68 87
42 106
52 70
46 84
1 5
82 95
16 70
4 63
15 75
63 66
23 102
44 72
17 68
11 105
41 44
29 95
23 61
34 103
79 93
74 83
17 70
30 98
35 100
55 72
52 95
23 60
44 85
86 95
72 86
45 101
25 60
29 103
2 66
39 107
32 42
78 85
35 36
29 39
29 50
12 39
6 59
75 97
53 81
11 82
1 7
13 106
41 42
27 33
78 105
30 31
