112
12
3978
60
106 2
136 2
122 2
132 4
119 2
135 3
111 3
131 1
131 4
117 2
116 1
117 1
113 4
102 1
103 2
105 1
132 3
107 4
111 5
115 3
105 2
110 1
93 3
117 5
111 2
108 1
129 5
137 1
125 3
91 4
134 4
135 1
119 1
94 2
85 1
90 2
121 5
107 1
129 2
136 4
122 4
107 2
135 4
112 2
125 5
98 2
84 2
97 5
132 4
114 4
102 3
122 5
128 2
104 2
110 4
97 2
116 2
112 5
115 3
127 1
121 4
110 2
91 3
121 1
107 2
94 3
93 4
130 2
96 5
94 3
89 2
92 4
108 1
116 1
97 3
103 4
134 3
107 2
125 1
89 3
106 5
110 3
133 4
122 2
130 1
111 5
87 4
101 1
89 1
111 3
106 4
122 2
102 5
121 3
96 3
119 2
105 2
119 4
94 5
105 4
99 2
86 4
108 1
114 4
91 4
104 3
94 5
115 5
132 1
110 2
96 5
113 3
10 48
0 62
49 54
34 70
51 109
85 106
76 105
7 103
25 100
34 59
25 98
66 82
9 108
0 54
93 108
21 96
43 92
44 46
91 98
9 106
51 75
6 70
66 79
8 91
76 80
69 97
63 67
13 107
81 109
28 99
13 36
7 84
28 96
32 95
0 63
3 47
80 90
37 54
21 56
56 104
16 37
3 65
18 45
46 89
75 110
2 51
8 70
27 81
77 78
43 91
33 52
4 53
21 26
77 98
7 78
48 86
61 70
42 103
1 51
65 80
94 102
14 46
33 90
36 61
24 67
43 54
28 51
10 49
26 100
64 84
30 96
46 67
17 94
31 76
50 59
29 73
1 47
8 67
59 68
28 59
77 104
18 28
12 107
16 80
6 57
5 78
60 110
1 69
79 97
4 72
56 87
4 25
63 96
49 109
2 22
9 87
19 64
56 103
4 32
38 57
67 95
78 88
65 99
32 62
60 99
36 41
56 89
3 99
96 111
24 71
4 24
47 103
75 84
24 29
61 84
22 58
4 9
44 91
14 73
7 26
10 27
13 69
79 105
80 89
91 96
70 102
21 104
24 38
68 72
5 16
24 55
96 100
67 84
53 79
15 105
85 101
19 62
8 44
92 108
85 100
64 100
46 78
64 95
10 25
35 51
60 111
0 88
17 26
28 95
68 90
61 96
7 46
13 67
35 85
5 85
51 102
43 104
6 67
1 70
46 109
78 101
29 37
48 109
3 35
41 47
28 61
15 78
31 91
51 97
24 27
40 46
56 86
14 96
6 55
17 104
16 56
24 77
13 97
36 100
33 99
45 59
36 110
42 49
26 79
31 105
5 107
22 111
4 14
7 48
18 71
43 82
17 45
20 89
94 105
8 48
53 85
24 108
50 81
33 53
66 109
3 80
50 53
7 17
18 22
29 61
0 33
64 88
0 6
24 45
39 53
53 58
5 84
53 109
14 110
33 109
21 52
43 87
20 68
16 106
68 111
32 46
43 78
80 83
41 104
50 72
1 95
76 86
14 49
2 67
69 104
5 103
38 45
27 84
43 62
28 111
6 53
58 65
5 34
72 84
13 45
57 103
19 104
94 101
1 28
24 59
23 96
6 26
18 47
1 56
90 92
67 97
67 83
39 77
63 91
16 45
56 59
46 104
75 88
91 105
2 23
38 47
16 43
43 72
36 96
2 76
31 48
10 83
55 92
37 73
6 11
12 70
11 48
63 108
56 110
33 66
32 38
38 53
21 100
30 71
3 25
1 71
48 70
59 77
4 37
0 22
70 107
17 20
23 106
98 100
51 107
36 81
79 111
15 107
19 49
50 88
67 100
28 79
53 106
17 39
73 84
48 56
21 76
105 107
37 39
27 57
14 107
73 92
29 80
80 86
8 105
22 33
70 85
12 83
9 96
60 87
29 110
36 50
26 63
8 80
38 72
71 80
11 96
22 41
11 70
8 50
49 61
36 89
28 87
101 105
31 98
11 106
37 52
65 91
32 100
6 78
60 66
14 72
51 84
29 58
67 89
77 109
61 75
10 26
71 83
1 73
14 104
2 43
98 101
24 52
63 102
9 68
42 99
14 54
96 108
10 111
64 107
9 83
29 94
19 36
6 36
4 36
32 88
14 15
13 52
28 102
41 78
4 98
9 35
12 32
54 93
35 37
38 96
39 98
28 73
63 68
13 48
0 72
2 9
49 66
34 100
45 89
93 96
102 105
27 79
6 63
21 34
77 89
102 108
72 107
79 98
55 107
22 28
78 102
43 44
13 79
13 40
63 90
12 57
87 101
15 97
3 57
12 106
3 107
60 103
60 84
58 87
63 93
11 63
86 108
10 84
12 89
29 32
19 94
38 97
6 104
86 92
59 105
71 77
7 74
30 82
6 82
86 103
14 109
11 35
60 82
12 61
71 103
2 86
42 101
61 93
45 81
42 94
63 101
64 93
39 52
74 108
93 110
23 35
75 102
48 96
14 106
37 42
5 90
52 66
18 31
3 69
6 100
58 100
16 102
28 33
61 102
16 31
52 64
72 79
32 44
1 55
66 69
87 100
69 75
32 106
6 110
85 96
81 91
0 46
16 17
86 105
20 62
25 28
90 106
9 56
1 59
57 67
14 76
20 60
45 107
2 57
99 101
1 60
76 85
39 41
64 76
41 43
6 42
32 39
4 33
9 89
29 70
88 111
2 53
93 101
22 95
83 107
23 41
24 76
20 38
70 80
6 35
3 23
23 105
50 54
48 68
50 70
90 101
43 47
55 87
47 90
45 62
41 103
46 51
12 45
6 38
43 68
17 36
19 88
15 56
29 41
2 34
85 93
39 44
76 107
16 46
59 97
12 21
24 50
67 80
51 55
19 60
10 91
34 71
66 93
43 61
9 13
84 87
6 51
75 86
40 88
33 37
37 60
81 99
34 51
1 67
50 93
26 33
50 71
100 102
57 80
17 86
89 109
44 60
10 55
24 54
41 91
2 5
17 81
35 100
16 39
38 107
15 68
85 108
34 62
63 79
44 75
13 104
27 83
4 48
17 64
35 67
30 102
5 76
69 102
7 13
35 92
61 110
24 37
88 93
15 75
13 109
8 37
14 63
24 56
65 88
77 101
62 79
23 25
40 60
78 87
21 27
3 63
29 105
38 48
23 76
10 81
64 101
41 74
91 106
79 87
23 100
12 92
56 74
50 86
92 100
6 62
65 83
83 101
28 65
25 107
90 98
78 80
57 97
21 85
61 97
96 107
17 60
42 65
14 108
20 49
73 80
23 58
16 53
59 76
10 69
42 72
9 58
14 62
54 70
58 84
0 103
0 97
73 109
50 63
25 34
26 69
79 81
73 87
1 102
72 99
28 50
40 64
65 84
12 19
8 51
42 59
64 75
44 61
12 108
25 74
5 74
15 65
34 66
66 108
20 82
75 87
19 46
47 107
46 75
16 25
57 77
13 43
59 78
66 90
31 84
63 99
93 111
39 61
13 32
19 56
28 78
50 101
14 98
68 76
13 77
14 20
19 66
75 76
48 99
17 76
62 101
82 102
33 56
5 11
2 81
76 110
47 100
7 105
7 35
96 106
2 74
62 110
67 73
7 81
65 68
17 21
8 15
24 91
8 68
44 76
56 60
27 75
14 67
5 89
44 86
29 33
6 85
84 110
13 42
89 98
5 77
42 56
7 108
11 19
54 57
72 96
33 34
26 44
67 101
27 78
80 91
25 36
30 100
25 59
42 105
55 109
81 104
2 68
29 65
26 30
78 82
93 103
29 54
3 96
11 61
27 59
25 85
90 93
12 35
2 3
88 95
56 83
1 2
30 37
5 80
90 108
90 110
53 89
31 75
25 55
20 34
71 110
68 82
85 99
31 43
50 60
47 70
7 33
24 53
43 63
19 93
0 85
57 86
29 36
10 30
36 80
6 101
39 68
40 50
42 97
23 56
27 56
19 32
50 108
91 100
20 48
65 86
3 41
67 104
41 44
19 72
62 87
7 58
33 92
44 48
52 110
38 102
67 77
22 94
43 95
65 67
46 111
92 107
14 81
23 52
4 21
46 105
54 63
37 61
28 48
60 68
7 98
75 96
90 103
30 108
68 105
79 106
45 91
67 81
2 96
51 92
5 101
40 71
34 57
54 80
85 103
9 44
4 78
50 85
45 103
0 19
14 58
8 33
26 68
58 70
54 75
46 71
94 99
32 49
72 110
13 35
5 97
12 48
45 102
0 56
16 60
52 109
30 39
37 97
45 106
18 95
15 88
58 97
34 84
3 68
29 107
50 95
44 49
51 73
9 31
6 69
40 48
37 94
9 84
30 85
39 56
94 100
46 60
38 73
41 105
4 103
57 106
7 40
11 93
2 91
49 77
95 110
14 103
42 88
48 85
30 93
65 69
99 110
53 55
2 40
64 89
90 104
2 50
31 35
85 104
0 95
11 60
38 43
48 71
52 85
41 59
40 78
18 36
25 63
88 94
18 57
74 106
20 50
37 71
6 19
53 99
8 110
37 66
58 67
31 39
39 43
10 24
18 87
84 95
24 85
32 50
8 87
24 107
51 100
29 30
50 94
82 103
48 81
16 64
36 55
10 36
22 71
7 57
47 77
5 55
76 88
82 95
69 106
57 90
15 103
32 92
46 54
22 59
64 109
18 74
58 80
0 98
31 38
69 100
16 78
27 40
16 61
1 38
13 25
3 110
44 59
49 110
96 98
16 65
23 95
4 16
35 70
1 111
9 85
61 98
60 79
96 103
30 54
17 30
49 50
21 106
73 102
37 53
79 107
41 51
31 93
13 17
74 86
42 83
44 92
42 95
3 32
43 103
77 80
11 57
27 77
12 17
92 109
37 105
16 28
7 75
49 102
74 103
27 107
8 75
80 99
42 63
35 52
44 90
1 49
31 107
25 50
99 103
12 54
16 73
28 29
39 55
24 103
26 73
16 68
59 73
23 111
14 24
1 99
20 37
51 61
12 82
55 62
8 27
19 111
28 85
72 93
60 62
2 73
15 80
78 107
17 41
42 69
22 86
79 103
41 85
4 101
16 72
61 86
70 106
69 92
70 88
32 53
10 89
21 51
75 108
80 81
7 100
54 79
1 97
62 91
66 95
46 92
92 102
56 79
46 48
25 95
58 79
15 77
45 46
55 66
85 86
55 82
66 76
15 85
43 71
22 57
0 91
31 100
58 104
22 77
29 55
31 78
21 92
16 83
62 77
60 69
43 79
40 56
35 65
26 76
20 32
12 42
17 50
98 105
59 65
87 102
89 99
1 46
8 93
40 66
5 18
16 70
7 107
94 106
80 88
3 13
19 83
100 105
15 59
5 83
12 86
18 54
3 53
70 82
38 52
54 68
38 91
51 71
8 74
59 95
39 107
36 99
19 50
10 65
1 40
45 73
18 98
1 21
81 103
23 65
32 83
17 82
30 104
56 78
2 98
9 49
75 97
8 30
47 95
37 109
11 65
9 32
39 62
1 48
4 85
70 96
48 93
38 56
11 62
34 101
38 104
17 61
46 77
40 74
40 87
47 54
13 18
42 82
62 74
49 72
60 88
53 71
4 31
30 106
31 77
102 103
12 39
53 82
73 90
19 29
29 44
25 77
3 22
7 101
7 61
38 66
50 109
16 52
2 45
54 64
105 111
25 84
57 85
57 74
42 55
36 105
11 66
13 92
0 106
18 84
55 63
26 38
56 95
2 75
49 86
15 49
1 35
77 107
2 49
7 45
54 96
40 51
16 71
10 94
32 98
24 70
18 91
22 73
21 42
24 61
37 67
21 25
34 90
64 102
29 101
17 55
68 79
11 97
85 89
50 55
21 59
35 57
15 102
31 104
5 26
5 38
60 100
28 41
18 101
29 102
28 105
50 105
8 69
22 106
7 94
54 71
30 49
17 38
4 43
30 87
41 102
43 101
0 101
4 74
96 110
0 93
25 111
22 49
72 108
49 104
5 32
52 97
61 100
34 41
84 88
73 75
46 47
20 29
33 38
23 84
49 82
79 95
0 76
30 45
5 69
23 32
38 71
25 43
26 81
84 89
8 60
19 35
4 87
91 107
1 4
15 62
65 78
2 99
27 69
26 95
25 30
46 106
103 106
52 63
6 90
43 67
16 47
20 45
22 27
41 106
25 86
7 42
2 84
32 87
35 111
37 58
16 44
58 105
14 28
7 27
35 88
102 104
30 84
61 99
26 37
0 111
21 99
71 91
13 59
4 110
7 89
54 72
11 53
15 20
47 111
97 103
27 89
47 76
42 50
90 105
67 70
36 90
16 93
76 100
48 111
25 66
51 85
2 101
13 19
57 95
18 77
22 101
29 106
85 88
30 68
30 88
52 72
1 16
3 97
73 85
87 109
33 47
25 92
4 8
59 70
45 74
52 90
83 84
14 50
63 86
15 110
50 74
82 110
4 69
36 98
18 93
35 48
72 92
66 103
5 37
31 101
63 111
76 99
69 103
11 51
4 97
75 94
8 106
35 93
66 85
88 110
10 17
30 76
28 63
100 107
51 54
51 79
32 48
41 77
66 88
10 50
83 85
44 99
32 104
24 44
11 108
18 61
65 81
43 77
73 107
17 70
51 110
71 96
21 98
56 97
42 98
5 49
89 90
42 111
28 54
28 60
17 66
48 64
17 89
65 106
67 106
15 50
47 105
32 54
5 66
72 98
60 81
14 78
104 109
8 58
2 89
50 80
47 92
59 111
14 77
102 110
4 22
0 86
69 81
70 87
0 57
16 34
63 92
11 92
14 38
58 73
31 87
23 48
8 42
8 98
13 41
16 35
5 72
1 9
8 39
26 31
29 38
40 104
80 103
2 105
33 40
4 12
59 85
68 73
25 101
7 52
90 97
48 69
81 83
28 89
15 60
10 60
48 57
62 75
22 74
12 47
78 108
35 107
5 15
28 68
21 60
16 66
22 34
11 64
20 106
32 102
35 82
52 75
39 64
12 58
20 101
54 55
75 83
46 52
42 51
5 28
33 55
60 91
5 71
50 64
13 34
33 89
41 69
12 100
77 111
60 106
50 106
5 35
45 75
80 82
28 35
70 74
57 92
10 32
33 45
4 51
48 92
81 89
72 77
6 97
7 38
41 79
63 70
20 98
45 111
19 40
21 43
20 91
24 25
65 100
28 97
40 94
30 48
43 96
1 66
6 47
14 53
35 89
21 23
44 93
79 101
50 107
74 80
9 37
47 93
73 105
15 86
22 24
80 106
21 68
6 111
21 41
57 102
66 105
62 89
63 109
20 53
10 35
6 108
64 108
21 94
58 81
10 99
64 98
17 53
29 67
54 58
32 68
10 42
52 81
43 94
45 79
43 98
0 52
3 62
76 89
15 40
1 94
20 23
59 98
50 67
74 97
37 74
21 22
4 6
43 66
27 64
23 50
40 107
67 78
37 47
15 84
2 78
7 19
8 40
44 98
10 109
65 95
2 6
6 34
35 44
29 78
2 71
12 55
73 100
59 64
25 65
23 49
15 67
55 83
64 77
9 51
49 90
48 94
11 32
32 77
7 72
7 68
40 105
1 52
37 65
17 92
37 68
48 60
97 108
49 67
86 87
39 47
48 87
65 70
83 100
71 88
21 32
92 104
6 64
17 19
50 73
55 101
17 46
29 83
4 45
27 103
49 89
37 38
3 56
21 86
84 90
19 103
0 108
40 96
22 72
78 95
49 99
20 111
36 65
58 99
62 93
20 21
70 86
40 41
32 52
24 49
5 17
42 77
9 78
53 57
9 19
73 89
22 53
94 104
51 98
25 97
69 96
50 102
70 94
26 53
71 92
32 45
66 67
24 43
40 73
65 90
3 58
47 91
108 109
76 96
25 61
47 86
9 34
30 103
28 53
47 98
29 86
9 40
67 75
48 91
20 94
7 73
18 85
61 83
25 90
79 83
104 110
8 22
4 19
28 110
89 104
70 98
85 92
85 102
5 9
20 73
16 38
32 94
62 72
9 47
18 48
27 65
29 95
33 105
46 86
18 63
95 106
85 90
45 105
16 85
10 11
44 72
19 37
63 110
7 15
13 81
34 49
35 90
99 107
34 48
2 58
66 87
8 49
2 80
48 90
5 67
10 103
28 106
58 72
32 66
30 56
15 94
25 75
38 68
9 91
11 99
54 98
18 92
49 74
8 72
18 41
43 46
30 67
16 33
33 46
28 46
20 39
43 81
50 99
25 45
41 68
36 76
21 40
3 75
19 51
32 93
39 101
1 101
74 76
19 43
47 62
17 31
31 58
64 90
60 97
42 91
24 104
98 107
51 105
13 110
43 45
55 110
57 58
48 95
10 40
3 111
51 77
17 37
14 68
38 54
36 51
56 64
6 88
2 90
11 94
69 95
16 27
73 110
49 51
67 109
9 42
20 71
68 87
13 72
3 4
20 55
36 72
1 64
71 82
72 75
81 100
2 104
88 100
33 67
2 107
36 66
6 61
35 84
27 32
92 111
97 110
29 64
35 105
52 94
102 109
74 89
69 110
10 13
58 75
59 88
47 108
50 58
2 59
37 45
38 87
54 91
0 68
30 40
66 81
36 73
65 66
26 48
53 96
25 57
6 99
35 38
40 82
50 98
11 40
1 57
36 84
50 97
7 62
13 30
39 65
48 50
85 97
37 106
70 99
32 90
23 57
45 48
44 89
19 78
29 82
102 107
28 77
106 108
47 60
62 69
45 47
48 65
30 78
69 87
33 86
1 12
30 51
31 49
25 105
44 88
0 35
33 94
5 58
16 30
1 6
32 73
31 109
90 96
49 76
27 67
27 99
18 44
43 60
54 78
24 63
10 59
26 36
73 97
10 82
66 74
57 83
38 42
48 76
67 72
53 88
66 92
4 52
91 108
9 86
2 15
14 59
17 47
58 89
22 65
92 95
22 26
2 109
78 111
15 31
16 21
92 93
82 104
25 39
53 74
19 59
36 69
0 94
5 13
13 88
28 103
43 109
50 75
72 101
13 24
22 80
81 110
49 98
40 101
4 91
47 81
30 80
101 106
64 81
18 67
23 39
32 84
28 38
55 108
18 69
26 103
36 108
26 77
46 103
52 95
54 104
2 64
60 93
69 93
31 62
40 95
73 99
8 59
40 90
12 18
57 94
49 92
79 82
41 62
21 78
8 23
43 110
3 49
5 31
18 24
43 93
74 110
15 61
88 103
19 74
93 100
33 43
4 63
60 108
39 90
66 89
34 35
34 86
36 62
44 73
26 70
59 60
49 59
32 101
12 33
24 80
37 85
29 60
78 79
11 54
40 110
38 39
15 35
9 76
52 87
27 90
11 45
44 81
50 62
21 81
18 40
5 110
39 102
55 67
64 80
79 91
79 92
51 76
13 84
14 37
26 28
93 99
45 88
70 83
18 59
22 88
56 91
43 58
20 109
25 69
23 102
33 68
3 6
23 104
11 30
3 105
7 109
6 18
13 20
46 69
20 40
76 95
9 16
52 55
0 38
53 102
51 91
23 53
14 30
43 57
61 104
52 96
36 111
33 61
25 41
8 96
0 24
37 98
39 95
76 102
11 69
24 78
0 50
5 54
36 91
13 103
3 5
89 93
8 19
13 111
55 56
2 37
5 88
53 108
68 78
17 67
76 97
7 41
15 54
51 108
14 41
56 67
4 68
44 52
59 66
54 76
0 3
51 111
39 40
36 39
70 92
2 42
62 106
83 89
27 87
28 80
41 108
81 108
39 92
38 98
37 80
22 110
53 81
9 61
0 29
31 103
25 82
54 94
6 76
24 93
73 94
27 73
85 91
22 68
8 24
18 37
19 67
40 98
15 58
4 94
3 21
19 58
27 29
94 111
38 49
89 91
65 93
30 92
35 81
66 77
77 110
34 102
11 14
9 93
54 83
19 81
39 75
56 62
101 111
78 81
58 85
15 83
19 26
55 100
2 79
31 97
47 104
27 61
97 99
23 60
94 108
49 57
20 72
55 105
34 40
44 63
58 103
22 23
13 106
38 88
8 56
2 85
52 58
51 56
80 101
46 74
85 87
71 85
4 77
21 58
66 70
47 75
32 107
92 96
70 71
15 51
42 54
8 26
52 70
53 73
56 88
13 21
56 68
26 108
5 94
19 54
47 96
23 74
77 97
67 69
20 103
91 109
81 93
24 84
61 62
4 95
13 68
11 103
20 67
14 95
13 94
15 47
10 110
4 38
12 41
0 70
21 107
22 104
95 105
77 102
26 57
52 104
22 82
81 105
51 96
27 43
88 104
62 85
35 101
4 60
49 55
15 82
12 94
47 110
7 54
39 71
56 105
5 79
38 106
9 59
98 102
87 106
15 28
53 61
14 92
37 84
29 39
41 83
57 63
28 43
71 86
28 62
22 96
52 106
30 57
44 101
31 67
57 110
36 95
27 60
15 19
93 105
18 50
34 85
39 60
69 80
67 92
76 91
14 29
49 84
89 101
25 27
64 106
13 28
39 96
43 90
55 65
2 17
87 99
5 64
0 74
8 65
58 92
97 98
32 108
40 83
57 109
23 98
37 59
5 42
23 24
30 69
72 86
37 55
33 103
83 93
89 94
10 58
38 92
38 76
1 58
32 86
45 95
44 57
32 81
53 87
43 51
1 30
18 89
44 68
6 45
68 99
36 59
42 107
28 98
10 46
25 67
48 55
101 109
2 38
54 81
79 99
87 97
60 75
84 103
91 92
33 36
14 36
16 92
35 106
62 104
22 85
3 9
66 86
78 98
13 66
63 94
39 49
66 111
3 86
53 56
31 80
44 111
25 96
67 93
32 85
58 106
70 108
13 91
52 105
20 95
7 76
11 44
6 86
8 35
46 93
11 24
73 106
1 90
6 32
55 70
40 79
4 41
15 46
23 87
83 94
47 66
19 75
32 79
47 53
44 62
15 22
8 63
66 97
63 100
70 90
83 109
3 30
51 67
2 94
34 37
84 102
22 83
39 66
47 88
62 73
34 50
60 90
36 60
46 80
12 91
34 103
21 111
29 77
89 100
41 99
51 66
12 71
1 7
99 102
4 61
10 68
75 98
57 108
73 104
95 108
33 84
35 56
34 52
4 10
5 51
5 27
45 108
87 93
1 72
3 95
27 72
43 74
31 88
40 55
8 86
50 61
12 95
17 49
72 87
10 61
87 95
96 105
48 105
30 109
58 69
18 111
30 94
63 65
68 88
75 95
36 88
38 85
54 97
27 70
6 79
70 78
45 53
6 28
16 86
9 14
0 58
5 36
26 72
5 20
20 75
10 51
57 93
83 90
27 106
15 32
17 65
24 75
42 102
55 89
26 101
25 78
52 107
31 47
73 108
32 76
52 111
18 60
20 52
45 70
53 83
75 104
79 100
16 77
14 82
9 102
20 47
68 95
7 18
10 106
52 56
31 36
83 106
23 101
46 62
62 107
49 73
8 81
31 65
28 32
60 98
40 69
25 103
0 7
96 104
5 45
19 52
80 107
35 40
27 100
43 84
48 63
13 27
69 72
36 86
27 52
47 67
32 33
48 66
13 74
46 98
42 44
41 71
29 51
58 62
38 78
3 98
56 96
25 62
44 56
10 66
18 43
15 55
88 105
1 110
27 86
71 111
8 66
22 67
10 72
18 66
49 71
3 101
7 34
48 88
33 71
60 74
6 94
17 109
30 36
14 44
24 66
28 37
62 97
9 29
87 108
24 88
65 79
8 95
17 98
72 102
1 76
78 92
10 57
33 82
58 61
11 85
35 98
27 33
5 6
43 70
36 85
11 83
7 32
20 57
55 102
16 54
87 110
40 47
9 65
42 66
72 88
72 83
4 81
39 74
40 49
2 8
50 110
41 57
5 41
59 101
33 104
66 100
17 80
73 101
12 74
18 62
13 15
45 110
47 63
7 91
46 99
87 91
28 91
30 63
59 80
14 35
23 54
56 66
63 66
4 50
37 96
14 66
30 74
22 62
0 84
51 81
27 58
5 53
83 92
83 99
12 13
73 95
81 98
9 63
42 76
40 54
54 108
34 93
12 66
44 50
36 82
14 84
91 97
54 89
103 111
91 111
48 77
19 102
104 107
27 105
34 111
7 53
15 33
92 94
13 61
33 76
108 110
45 61
47 106
71 84
68 94
0 66
12 96
56 101
75 100
17 56
97 105
59 94
20 36
95 104
82 88
1 93
104 108
25 60
39 84
90 100
54 73
26 93
9 45
19 92
80 85
21 61
26 61
13 98
51 58
69 94
43 88
48 84
25 70
28 56
17 68
51 53
18 42
11 72
47 51
1 106
74 83
9 26
48 74
44 105
57 64
68 100
74 93
39 94
38 82
68 89
31 86
19 57
24 42
76 82
20 80
7 90
43 52
71 100
60 65
15 36
13 80
17 111
30 33
6 89
11 36
31 72
40 63
56 84
14 105
12 103
23 30
28 81
22 70
48 103
19 100
25 47
77 103
4 93
87 94
21 46
15 69
7 12
40 70
36 92
22 81
3 104
41 111
47 50
21 30
94 103
75 107
37 51
43 102
7 65
55 57
31 71
87 104
16 100
14 69
62 90
8 47
26 41
19 96
24 68
18 46
56 75
52 101
31 44
39 46
59 110
1 85
95 99
34 89
70 104
12 88
48 79
4 58
5 33
1 31
5 108
84 98
24 92
3 51
45 100
101 108
27 39
75 77
63 98
33 77
19 79
23 38
73 98
0 5
61 111
21 101
75 79
63 77
16 97
53 103
98 109
12 50
5 87
26 64
41 96
69 76
9 55
29 63
53 59
0 104
6 65
38 90
1 32
26 54
54 84
25 89
27 47
31 92
53 60
33 58
2 13
17 35
37 41
37 49
46 94
9 80
43 85
3 52
38 67
16 110
19 80
23 68
1 77
27 95
69 70
49 70
40 57
3 61
19 20
34 67
74 104
24 89
12 65
0 61
77 94
46 95
75 82
16 84
1 65
21 53
9 36
84 106
2 72
25 38
63 106
3 33
36 37
9 79
97 104
26 46
28 44
24 97
32 69
2 26
41 89
26 58
68 96
20 100
24 69
15 71
22 76
18 82
86 101
13 49
11 39
43 65
25 94
7 47
17 57
31 69
2 33
82 89
15 18
36 47
2 106
55 94
8 11
55 97
57 78
45 66
58 83
7 77
44 100
33 95
32 61
2 102
23 36
30 43
26 107
64 85
54 101
23 94
45 87
46 85
49 106
22 63
45 65
17 100
19 63
97 102
62 65
37 82
11 17
45 49
6 13
31 59
30 34
69 98
8 90
68 97
58 76
56 85
27 51
24 36
23 103
74 82
36 53
65 77
17 51
1 19
31 55
9 53
29 53
19 45
5 95
32 74
63 84
12 78
1 23
24 47
16 63
65 111
37 48
45 98
74 111
24 79
60 95
27 96
27 71
6 41
9 22
30 111
97 111
0 96
43 49
23 90
66 106
1 34
11 23
35 75
70 105
6 25
31 81
25 53
33 79
10 18
3 15
8 55
84 94
1 74
103 108
40 100
14 74
1 39
19 31
74 88
11 90
4 89
17 99
5 102
42 106
61 106
61 103
48 89
59 102
64 79
21 110
79 94
29 99
38 59
74 100
77 105
10 47
15 109
31 57
84 104
17 95
8 29
55 91
60 85
49 60
17 59
21 65
48 108
88 89
4 99
82 85
46 110
72 111
12 69
9 107
26 105
5 68
62 99
66 78
14 65
49 111
88 97
41 70
86 97
4 47
72 80
46 79
51 78
69 101
24 35
2 16
12 53
89 92
67 102
4 88
7 50
57 72
42 87
57 96
33 49
30 73
38 44
87 103
23 109
63 107
12 14
78 105
30 105
2 95
33 102
22 60
77 81
93 107
40 52
41 82
58 107
2 82
54 82
52 88
63 97
22 37
88 90
44 47
10 19
58 109
70 75
29 88
9 50
3 76
40 65
52 100
15 99
82 105
47 65
50 91
82 83
27 48
66 98
22 105
8 92
22 50
52 73
6 60
7 97
27 49
104 105
3 38
12 111
5 24
28 83
9 28
22 103
9 73
66 73
81 88
20 42
15 101
30 77
45 80
4 64
107 111
23 70
15 27
16 95
10 38
51 57
0 26
6 17
45 96
2 110
41 67
13 99
33 80
34 64
38 94
80 109
28 52
6 20
20 108
57 62
98 104
23 61
96 109
58 108
26 99
38 86
23 66
11 42
29 56
26 83
14 111
45 78
53 100
20 41
24 105
42 53
49 103
18 102
49 107
57 88
110 111
19 48
16 109
24 72
71 72
45 58
2 7
64 70
31 79
3 108
60 61
61 81
80 105
25 80
16 26
30 60
55 72
16 99
26 86
1 63
4 55
32 80
32 71
40 72
36 58
0 92
14 43
8 16
6 23
29 45
51 86
9 62
79 110
17 75
26 62
15 92
0 16
3 44
35 104
46 58
34 53
17 43
33 64
89 96
59 74
51 106
32 82
12 30
38 108
95 97
31 110
19 27
28 72
6 46
24 57
66 72
85 111
90 99
13 73
32 36
58 102
67 94
77 95
0 28
8 45
51 74
41 63
34 36
77 108
56 111
25 109
11 13
23 88
19 68
36 48
23 82
17 42
16 74
8 73
18 68
63 105
38 101
35 78
37 107
54 69
22 109
2 70
40 93
24 95
42 70
58 98
34 81
13 23
24 90
13 31
25 46
10 93
18 64
13 65
60 73
26 35
35 79
40 99
96 102
60 70
63 85
65 101
63 104
21 35
36 75
30 79
20 31
10 52
11 49
17 33
23 85
51 88
71 106
30 38
18 20
18 79
18 97
37 108
62 111
42 60
68 93
64 92
35 62
22 25
41 53
7 66
109 110
49 95
48 100
20 88
41 86
39 88
14 18
3 18
62 66
29 46
43 108
83 98
42 89
34 39
21 75
68 74
24 109
39 110
23 73
46 73
46 55
14 55
45 94
50 76
59 92
57 66
3 94
2 18
45 72
22 36
15 24
73 82
65 72
68 103
49 85
47 71
38 50
36 56
31 74
21 80
44 106
72 73
40 102
12 15
13 63
18 70
65 82
0 67
3 42
80 96
17 102
8 89
1 5
9 95
9 33
40 84
4 66
105 106
71 93
5 99
35 39
1 83
11 29
18 86
84 111
8 101
46 100
82 86
41 101
94 109
38 77
59 89
87 105
31 53
1 26
89 105
25 83
7 80
50 83
4 18
73 93
59 62
3 84
23 72
31 90
9 12
10 79
34 95
14 83
69 74
29 89
9 38
58 59
9 100
54 86
52 83
106 111
67 103
97 100
42 108
64 110
99 104
7 83
88 98
39 105
2 35
44 83
17 106
35 109
47 55
44 67
21 28
15 57
50 89
5 7
62 95
57 111
66 68
55 73
101 107
55 78
53 86
1 100
59 106
62 86
29 42
36 54
33 81
3 91
14 85
76 98
26 106
50 68
78 106
17 24
33 93
28 45
47 68
15 64
7 106
12 75
1 45
42 57
87 107
3 64
53 95
15 26
94 97
10 88
76 109
46 101
46 87
3 78
8 57
86 93
19 109
33 87
0 43
2 19
35 58
5 40
8 79
11 71
34 87
32 55
95 98
27 46
6 103
49 69
19 33
10 39
22 93
32 111
39 45
26 43
38 74
3 92
51 80
3 93
68 83
27 93
23 59
89 111
17 85
34 109
65 103
54 87
12 40
12 79
41 87
88 108
103 110
48 97
78 91
8 78
42 52
78 93
45 57
4 109
0 100
32 72
40 61
10 37
48 61
69 91
48 67
28 67
12 85
4 49
49 64
48 78
4 107
43 50
28 74
57 75
10 28
0 79
16 20
23 91
17 22
25 54
15 21
29 50
81 84
10 21
54 62
60 77
31 34
0 71
2 65
24 110
30 64
90 94
64 104
88 106
59 83
20 64
14 42
19 99
102 111
2 44
68 91
28 39
51 70
10 23
26 59
29 87
29 49
62 64
38 93
32 43
24 86
6 93
60 80
18 81
70 81
9 17
35 64
83 91
33 44
12 87
47 99
11 73
27 31
11 20
2 25
22 45
3 10
41 109
75 80
22 91
20 22
13 33
24 73
34 75
6 106
69 99
53 90
48 62
4 111
55 111
48 107
34 98
16 75
44 108
9 104
11 58
98 99
65 96
16 41
35 69
34 69
52 57
60 72
17 107
51 60
18 110
75 99
17 78
21 73
56 94
34 43
67 111
53 62
13 44
102 106
83 86
77 90
88 109
69 78
64 105
55 93
4 46
23 80
7 86
41 107
41 73
85 107
40 109
43 76
9 101
72 91
20 70
3 11
23 97
3 20
29 97
84 85
7 87
26 29
55 106
13 87
79 109
20 93
32 89
78 104
39 79
5 104
50 100
28 36
22 38
19 38
33 69
39 69
32 47
95 107
2 39
16 103
70 100
61 92
59 67
19 95
84 101
47 97
7 21
49 52
79 96
43 55
52 102
25 42
27 53
17 83
20 24
5 86
6 12
20 97
23 47
50 92
6 29
20 25
15 108
47 109
51 62
20 86
25 71
12 104
3 77
13 75
4 40
53 107
34 96
70 101
65 74
35 110
93 106
15 89
73 96
49 83
33 96
0 42
47 61
41 65
79 104
4 28
2 4
6 96
64 96
29 79
28 31
31 108
59 63
65 104
19 30
88 107
86 107
11 26
88 102
62 63
86 91
21 95
20 54
15 48
35 47
26 75
9 97
18 35
18 90
45 97
63 88
80 93
57 68
60 94
41 45
23 42
63 83
83 88
10 95
16 81
45 56
11 16
31 61
33 60
34 76
46 70
20 92
13 64
47 72
52 77
26 67
1 24
82 87
17 71
41 46
8 104
9 110
53 91
37 86
6 87
61 105
59 100
3 7
32 40
22 42
25 40
22 56
76 78
57 99
47 56
14 23
9 46
78 85
101 104
3 36
74 101
36 68
73 78
28 107
74 75
71 89
12 110
23 55
18 76
12 16
72 76
69 71
28 100
26 49
100 109
30 53
38 83
32 57
37 83
84 100
26 92
20 87
10 34
11 22
25 81
32 60
5 21
28 90
34 61
65 71
83 95
54 107
1 91
41 61
20 110
41 100
27 85
53 63
69 83
17 108
35 49
18 83
43 64
23 29
3 109
20 79
39 100
38 80
13 60
67 107
11 109
7 16
73 79
8 38
47 74
51 101
61 66
11 86
6 22
44 102
47 82
87 88
53 104
106 110
28 86
86 89
23 67
17 110
12 63
63 81
21 83
9 64
23 37
24 102
37 102
29 59
2 87
37 87
34 107
28 88
49 58
38 70
37 72
52 89
33 70
61 64
99 109
1 75
16 108
71 104
23 99
2 97
13 71
10 104
1 82
99 108
21 70
16 50
53 70
4 80
86 100
17 74
26 104
5 91
61 71
8 97
30 97
39 99
15 96
56 81
1 50
54 65
1 79
49 81
5 70
51 64
29 34
71 109
90 91
56 82
0 21
67 91
74 99
12 23
67 79
5 81
15 43
4 92
75 81
17 72
45 68
51 90
8 71
6 58
13 47
30 99
77 87
35 73
5 50
77 79
2 32
71 108
28 34
4 23
25 49
55 84
40 80
1 14
6 16
21 108
57 76
81 94
37 40
76 93
11 88
45 64
6 102
1 98
5 12
1 43
68 107
13 86
2 55
34 82
11 38
91 110
38 99
50 52
0 82
26 60
49 63
59 93
21 69
67 99
96 99
41 66
45 55
37 100
31 111
7 43
46 59
101 110
61 73
80 98
71 81
23 77
61 72
31 56
5 57
76 83
78 100
35 60
38 79
32 110
4 5
5 93
12 102
82 100
61 79
76 101
33 107
23 62
30 83
21 102
24 40
37 91
17 101
15 41
12 49
7 85
52 59
5 56
76 79
5 60
9 109
22 92
25 87
26 90
8 18
25 26
11 34
14 56
24 58
29 71
26 51
81 106
64 103
51 103
36 78
56 99
11 105
107 109
28 75
53 65
8 76
21 67
65 108
74 92
86 104
59 86
3 16
5 44
7 71
2 111
2 27
28 82
4 83
18 80
46 76
5 10
82 91
8 43
72 85
61 108
33 74
10 85
22 29
64 82
54 85
57 104
17 25
2 108
12 38
60 102
58 68
18 53
19 101
17 34
65 98
91 104
27 82
20 58
44 66
67 68
58 64
28 76
33 41
5 39
10 64
0 9
27 55
31 73
32 97
76 104
26 87
23 83
33 111
14 19
84 109
53 64
71 101
6 24
36 67
3 26
74 95
6 66
30 70
84 99
39 86
24 82
8 20
15 37
22 107
72 100
23 107
59 69
18 105
61 91
11 91
46 107
61 87
33 101
7 23
52 68
78 109
42 62
18 99
67 105
15 30
47 52
14 60
9 60
50 84
11 68
45 92
