115
6
2294
60
235 2
254 2
295 2
129 4
94 2
198 3
317 3
117 1
271 4
400 2
410 1
378 1
308 4
110 1
265 2
201 1
393 3
214 4
361 5
167 3
388 2
250 1
255 3
378 5
416 2
149 1
357 5
321 1
144 3
132 4
252 4
55 1
116 1
410 2
181 1
362 2
151 5
401 1
126 2
199 4
229 4
115 2
341 4
329 2
320 5
95 2
257 2
171 5
140 4
166 4
429 3
163 5
268 2
156 2
316 4
138 2
124 2
263 5
332 3
80 1
129 4
173 2
154 3
206 1
137 2
223 3
442 4
270 2
269 5
135 3
119 2
441 4
215 1
157 1
72 3
298 4
329 3
335 2
199 1
196 3
235 5
349 3
350 4
339 2
248 1
152 5
403 4
296 1
339 1
361 3
114 4
86 2
308 5
151 3
170 3
380 2
201 2
369 4
234 5
377 4
294 2
413 4
336 1
221 4
396 4
299 3
256 5
200 5
393 1
261 2
280 5
198 3
435 3
175 4
90 3
34 82
0 24
23 41
66 92
80 95
0 43
70 103
7 36
13 113
37 62
26 88
62 67
22 106
6 68
24 59
43 111
41 95
32 80
81 83
19 79
46 78
0 101
11 109
47 89
11 101
67 83
60 71
44 105
90 113
11 13
30 68
9 85
33 90
31 70
10 66
23 25
71 93
19 90
31 87
81 102
24 113
13 78
1 108
15 96
70 73
64 87
58 70
23 87
6 37
40 94
12 82
4 54
27 69
7 46
75 87
2 30
52 93
8 31
0 76
48 57
82 109
13 93
100 109
34 99
57 84
41 57
15 83
52 85
25 99
32 111
40 103
23 85
49 86
30 55
46 61
3 18
46 110
92 106
59 87
34 74
44 113
17 59
34 60
15 23
27 55
0 73
52 59
26 29
9 92
3 112
53 85
90 108
59 102
18 65
10 52
18 91
53 101
20 84
41 90
7 35
12 55
101 113
26 80
5 28
57 73
53 87
70 108
89 93
84 88
42 86
3 83
17 106
69 93
61 104
21 73
40 91
42 89
6 101
30 90
10 22
75 89
8 61
73 91
55 57
80 114
65 107
10 55
95 102
6 34
23 62
60 83
100 103
62 81
59 95
77 89
17 112
35 71
10 98
36 92
68 97
21 37
44 66
65 110
19 105
23 58
57 85
37 44
27 86
20 31
40 86
5 17
13 17
25 110
18 114
36 42
49 65
24 85
54 110
32 108
5 26
27 110
3 25
46 87
17 29
52 55
52 107
18 107
6 14
49 52
16 92
11 102
14 43
6 111
21 104
38 50
14 32
23 84
4 63
32 68
43 52
1 23
17 114
57 104
71 89
10 103
30 98
3 80
5 29
30 70
7 74
41 85
35 93
14 79
52 65
14 98
50 101
58 98
15 97
49 54
4 47
29 73
3 113
68 113
22 38
75 113
21 91
96 107
36 63
14 91
3 17
43 87
56 71
51 62
32 78
16 60
64 101
43 55
5 99
64 82
1 17
41 81
73 85
23 29
47 106
10 15
3 56
11 89
6 40
4 99
29 46
17 78
12 46
41 65
27 102
7 37
19 29
16 21
12 96
11 103
13 53
62 76
44 87
34 65
23 66
22 107
28 49
7 88
12 56
80 90
28 67
0 74
23 51
19 59
5 35
53 57
44 92
26 72
69 97
32 83
27 81
15 82
41 75
2 75
2 67
29 111
23 91
11 14
52 96
10 107
77 84
12 16
105 108
46 50
37 78
28 75
21 113
20 97
1 19
16 87
12 26
28 73
71 97
17 76
8 13
26 68
19 56
68 81
95 97
44 70
35 40
88 96
15 101
51 71
51 75
63 78
58 96
16 74
1 48
15 106
91 93
80 89
10 79
87 92
1 104
9 53
40 98
40 113
20 68
1 41
12 36
22 75
30 32
2 72
57 61
74 108
36 57
57 82
32 59
46 70
66 77
11 26
77 82
58 64
76 97
109 113
35 48
72 113
86 87
55 111
28 81
20 99
61 83
99 101
14 19
46 82
9 28
48 112
13 33
54 70
71 98
50 52
57 99
90 109
19 69
3 33
7 65
34 46
44 69
92 105
20 81
19 31
26 57
3 26
27 49
99 102
28 41
43 83
16 19
35 103
16 53
8 97
0 6
7 79
29 38
55 65
72 101
17 94
13 62
37 38
37 47
13 45
38 45
59 63
75 107
9 108
22 50
42 43
98 104
33 67
71 73
68 108
18 30
4 85
6 98
16 62
71 78
86 99
84 89
72 110
21 43
35 38
72 82
41 47
20 57
73 74
42 49
25 65
50 66
83 91
48 73
2 100
5 15
57 77
58 110
22 98
26 40
76 113
78 85
23 105
19 26
29 42
10 14
34 73
47 113
77 105
32 51
15 59
37 88
0 55
6 24
9 31
5 96
12 14
0 114
21 76
52 69
32 63
5 24
58 61
43 74
40 102
2 63
60 92
5 47
69 81
4 96
3 37
69 111
5 91
1 11
11 108
29 69
102 103
10 71
81 100
15 20
55 86
26 111
15 70
9 101
97 105
30 105
92 114
81 82
72 79
95 98
25 106
64 88
24 112
55 105
7 105
74 83
13 69
2 5
17 97
11 23
17 64
80 104
20 25
14 23
72 97
27 31
58 112
43 100
11 70
11 97
70 83
30 114
28 33
52 108
9 69
2 43
30 97
2 46
21 69
79 100
66 90
2 54
82 91
13 41
27 51
1 93
93 109
51 55
65 85
16 39
1 112
78 110
47 88
47 104
4 36
16 71
16 99
35 53
45 73
40 42
20 69
41 114
5 65
41 71
40 69
14 99
59 83
44 89
81 106
81 108
77 81
37 67
70 105
7 107
10 46
15 62
62 109
18 87
3 84
32 89
35 43
27 98
5 6
11 113
76 86
20 28
69 95
28 44
31 90
23 80
74 91
48 111
6 92
18 104
9 54
17 103
7 10
7 95
6 42
39 47
80 86
2 77
8 58
7 29
69 98
81 94
34 63
14 111
52 97
64 71
75 109
27 47
86 94
49 112
26 64
46 88
47 71
64 107
25 105
29 85
2 45
28 101
39 89
34 55
102 112
21 79
79 82
50 82
72 73
63 73
7 106
21 42
70 76
71 90
67 73
19 67
9 81
20 46
0 20
105 110
28 92
36 76
15 87
90 94
60 100
89 105
81 91
63 71
14 89
53 60
49 88
1 33
74 112
18 76
61 75
101 106
28 93
14 84
80 96
71 102
20 104
54 89
58 65
83 114
9 18
2 110
26 114
16 106
22 69
7 69
9 110
55 114
66 68
96 113
1 14
5 14
51 80
12 31
55 70
92 93
68 90
40 111
7 109
49 62
36 48
83 97
8 16
67 88
7 70
62 112
45 102
2 76
44 77
2 14
60 74
56 97
2 41
11 75
5 90
41 60
39 113
62 93
18 73
9 75
1 102
39 53
92 100
10 96
52 83
54 69
76 101
56 58
62 75
46 51
82 101
28 62
57 60
14 45
20 108
13 27
38 110
25 92
18 93
45 92
19 43
69 85
52 75
46 77
103 111
75 84
48 53
3 85
4 74
27 37
12 88
108 110
6 87
18 75
30 95
59 68
3 40
56 94
2 112
18 37
23 98
2 47
88 114
86 92
21 61
12 95
47 97
0 30
31 41
7 76
3 98
5 61
88 99
8 88
32 99
40 64
10 47
25 72
37 93
12 77
25 43
0 26
30 104
7 59
73 93
32 103
29 83
19 50
36 50
36 74
37 70
28 52
45 52
11 37
71 104
82 93
14 44
2 103
11 90
24 88
20 107
16 85
10 91
4 48
79 84
53 81
47 79
50 62
80 106
8 48
80 108
98 103
24 58
14 94
62 98
66 107
77 87
36 107
38 74
47 94
45 53
3 45
9 93
32 53
28 71
111 114
32 55
45 64
17 58
34 80
19 48
96 111
63 101
37 54
18 59
17 60
10 31
63 113
81 85
3 74
17 102
18 66
63 82
21 31
20 37
4 88
8 111
8 63
14 42
45 84
103 112
81 98
31 74
60 112
28 80
81 111
33 55
22 63
92 95
30 42
6 28
37 51
35 94
15 37
40 107
24 107
69 105
60 85
21 112
73 77
13 46
51 111
19 104
33 97
49 55
15 26
38 89
27 35
77 91
56 62
26 90
13 105
43 96
19 85
6 44
25 67
58 88
3 20
8 24
55 56
20 67
30 107
3 28
30 64
10 94
6 66
33 44
48 109
12 44
35 112
50 67
36 52
30 75
24 31
0 34
3 86
55 68
16 83
28 94
26 60
32 44
42 47
38 76
1 20
3 92
34 72
98 99
9 34
37 79
82 107
93 105
44 48
40 44
11 27
33 39
5 50
22 110
14 26
42 64
87 111
83 102
67 97
46 63
2 111
60 114
25 77
85 99
50 71
60 88
80 102
11 57
42 92
23 83
36 39
34 112
21 84
32 34
46 49
49 107
17 63
75 79
24 66
24 53
45 80
66 80
69 79
35 104
21 100
40 100
51 52
61 88
76 99
26 103
79 87
13 23
65 74
39 68
76 94
38 102
24 83
29 84
13 22
49 63
48 62
3 59
29 90
46 59
62 94
5 107
74 100
31 80
22 52
2 24
78 100
4 61
37 95
50 60
3 91
7 52
12 99
60 81
60 108
8 90
49 104
55 66
2 64
100 104
26 35
10 105
0 108
0 60
1 74
11 65
89 94
46 54
99 114
48 55
6 83
33 113
4 105
35 99
10 111
51 76
15 113
83 110
50 61
38 82
20 110
7 75
35 86
60 87
14 58
39 64
11 48
14 87
48 97
72 93
85 104
14 90
42 108
15 45
20 90
46 76
0 67
72 99
81 113
36 60
76 81
31 101
3 41
6 18
4 25
36 47
89 91
33 95
41 44
5 76
40 49
21 30
39 45
77 112
0 105
48 59
19 24
47 75
67 111
13 71
34 49
9 58
26 48
73 108
21 110
32 95
5 114
75 85
52 66
0 93
27 76
7 113
60 105
67 82
16 76
33 108
50 90
21 101
7 80
12 39
15 72
45 104
10 74
5 36
30 110
65 111
48 100
65 93
48 80
9 65
1 53
70 71
73 83
58 109
4 50
23 45
0 99
26 100
44 80
80 84
53 77
68 95
14 28
96 98
42 72
11 87
52 70
71 74
54 57
61 113
29 40
19 55
17 44
30 79
72 77
55 90
28 42
60 75
4 97
1 113
105 109
10 80
97 106
56 100
41 68
30 50
15 36
4 80
22 30
58 100
1 70
71 95
78 103
79 110
6 63
6 57
31 75
41 50
17 21
93 95
82 113
37 105
66 110
32 67
25 78
85 105
45 72
13 25
4 67
70 104
65 87
16 31
23 108
51 78
8 54
70 80
18 77
35 58
0 69
15 85
23 67
27 36
61 66
56 91
74 95
38 104
95 106
88 110
33 62
86 114
27 101
18 92
50 110
57 94
1 15
44 90
9 20
14 40
11 18
80 93
49 58
19 54
94 111
46 71
16 96
12 93
35 49
37 55
65 78
25 30
38 105
18 94
44 106
30 35
40 90
58 91
35 83
38 70
70 98
51 69
17 90
65 89
3 89
0 14
7 48
9 46
27 59
2 88
10 108
27 103
83 101
14 106
53 86
37 61
0 98
17 93
79 107
87 96
50 98
54 77
80 113
35 64
5 85
86 102
59 107
31 49
25 37
50 102
54 66
53 93
3 38
44 72
14 75
11 77
71 96
23 59
26 37
51 106
64 89
19 51
9 107
15 31
42 48
29 50
23 68
66 82
35 100
2 51
33 57
66 106
14 18
90 112
30 72
63 100
76 114
106 114
62 88
0 48
30 83
14 31
29 96
9 68
27 32
22 74
22 104
27 96
5 112
60 93
37 60
2 25
63 89
73 114
6 23
24 57
4 18
43 101
9 73
1 88
15 77
30 78
44 55
62 100
4 56
6 77
67 113
34 36
43 113
33 71
50 55
1 21
103 110
43 78
107 113
22 95
107 112
22 31
65 84
14 47
11 39
22 43
38 52
4 78
65 112
31 35
8 110
76 88
14 105
49 96
40 81
76 92
41 42
53 108
30 49
2 22
59 79
73 84
37 68
26 75
44 94
96 103
49 85
19 68
0 95
16 81
1 82
39 103
13 31
20 75
31 62
13 75
25 104
87 93
54 96
90 103
15 35
19 58
34 51
86 95
24 49
21 25
58 67
24 36
14 101
1 69
19 111
21 108
17 34
6 93
54 58
46 92
39 105
84 94
37 96
45 59
49 102
31 39
89 101
62 99
34 76
26 96
46 89
12 105
40 54
12 22
24 51
70 94
54 87
21 72
76 107
29 51
29 71
2 68
4 110
19 22
25 42
32 47
67 112
31 100
13 97
22 42
51 58
89 103
60 107
75 94
71 88
88 113
5 59
89 114
75 92
17 98
21 29
33 91
22 114
22 77
38 48
63 105
66 102
102 111
70 97
65 67
29 86
96 104
69 103
90 107
9 25
34 81
32 105
29 59
27 54
27 40
33 64
85 107
8 81
45 106
39 90
62 73
86 110
62 105
42 97
4 59
9 80
42 82
51 95
61 73
72 111
68 88
14 110
13 35
66 93
16 105
53 95
40 106
29 72
4 86
5 63
18 80
2 95
14 93
59 111
5 57
91 104
65 98
15 41
25 85
65 86
25 49
44 83
56 112
8 101
87 88
5 23
56 101
47 114
45 75
39 71
44 67
70 78
86 101
9 95
64 94
1 100
6 97
59 98
18 74
89 102
51 113
22 59
15 74
5 67
36 67
3 105
17 41
93 113
5 51
1 28
103 113
31 69
96 110
4 62
73 105
74 102
19 23
51 103
24 104
75 93
14 103
7 56
7 78
46 47
74 75
1 40
1 105
21 89
42 80
45 103
25 94
10 65
72 88
73 80
17 54
21 49
14 69
9 74
17 66
88 91
3 49
25 36
34 45
37 106
49 97
0 68
25 55
16 44
17 95
60 95
43 110
48 77
7 32
28 87
57 65
47 98
58 78
19 83
39 82
71 100
2 80
15 114
48 74
29 81
43 68
32 77
40 47
91 92
25 111
67 91
8 10
88 101
29 98
74 81
66 113
3 61
70 82
18 67
59 76
19 114
104 113
85 106
3 77
56 93
27 88
33 86
29 31
65 96
6 80
41 99
20 42
51 93
55 101
20 76
91 111
42 91
31 92
67 93
68 98
107 108
21 39
68 86
8 18
20 60
24 103
62 106
2 10
20 52
40 108
32 86
68 83
1 86
97 110
95 104
33 85
7 55
62 84
32 39
100 106
38 51
28 54
37 103
4 81
51 68
10 70
41 97
49 103
43 72
1 55
56 81
9 103
93 112
18 111
29 44
65 70
56 78
56 61
53 114
4 41
9 94
59 93
15 28
12 66
32 91
39 50
62 107
11 47
18 78
60 63
15 49
63 79
22 92
1 35
61 87
33 87
4 113
54 102
93 110
66 86
24 68
46 48
55 102
13 51
5 44
37 52
16 78
60 76
60 99
0 32
31 52
74 78
27 71
12 101
39 48
45 90
38 100
37 72
13 50
56 109
25 101
7 86
84 105
57 112
40 82
46 65
75 110
3 81
67 69
12 107
53 68
1 50
76 95
59 103
28 70
18 72
16 48
3 60
41 92
47 62
10 24
69 82
11 50
103 104
7 22
37 58
31 91
55 89
37 84
47 72
34 103
5 66
72 83
69 84
65 91
47 73
25 38
45 66
32 61
35 95
20 94
9 91
50 73
72 75
45 63
82 111
68 105
49 61
42 50
60 103
74 98
65 99
30 103
66 89
38 92
66 88
38 91
39 108
53 111
14 25
44 99
87 106
77 100
45 69
27 44
14 96
88 108
0 23
45 81
12 23
82 110
25 100
46 69
18 46
34 39
78 90
57 107
7 23
54 63
58 87
1 72
9 106
33 50
65 103
74 106
11 95
79 91
38 88
62 96
29 55
23 77
65 68
28 82
32 74
13 55
27 65
41 45
44 74
83 98
6 76
43 98
88 112
13 96
4 46
69 78
69 108
2 20
23 94
34 53
3 13
32 96
14 20
103 114
16 67
13 104
27 67
24 97
61 102
7 77
5 40
8 70
55 58
36 103
17 77
27 85
36 96
10 50
52 91
18 26
51 108
16 109
13 95
77 80
41 49
19 62
1 78
32 81
11 40
78 94
104 105
31 97
5 41
67 85
28 85
16 41
28 56
31 68
16 66
2 79
16 94
16 47
68 94
63 65
44 114
30 109
3 11
9 96
57 71
6 99
35 97
13 84
78 108
16 34
16 72
52 114
46 73
37 80
34 56
5 60
18 28
36 82
34 89
15 66
71 111
41 96
32 66
13 68
64 108
12 35
19 94
57 75
46 91
27 61
19 78
63 108
49 98
18 36
35 73
2 57
7 14
66 79
66 111
14 35
2 28
53 112
73 88
50 70
1 10
34 47
2 17
24 29
82 83
56 75
16 77
33 35
57 106
5 82
41 80
21 70
31 88
2 60
27 93
56 68
106 108
35 78
28 59
13 101
28 108
70 110
28 58
34 111
25 47
24 60
53 106
16 27
3 30
33 81
2 8
15 94
48 66
57 108
26 102
22 53
76 77
6 47
52 105
36 37
66 70
89 107
15 108
18 105
66 94
33 65
20 56
42 87
0 44
53 84
25 112
32 93
79 109
87 98
44 112
42 111
45 111
19 45
64 100
19 97
25 97
82 106
32 52
16 103
74 86
16 82
7 100
13 86
23 112
31 48
33 79
32 43
80 94
9 89
81 104
30 86
41 63
71 85
72 91
12 85
22 51
15 63
68 78
61 111
80 81
54 75
24 32
62 101
52 73
94 98
3 39
22 78
81 93
2 82
5 48
6 41
25 64
21 68
68 87
101 104
8 37
38 85
5 74
65 88
24 42
83 89
79 97
69 90
5 38
34 107
42 114
27 94
70 92
31 72
21 95
54 74
17 91
67 90
29 36
9 98
56 98
45 67
52 53
29 63
26 42
31 61
59 65
60 80
3 72
16 20
22 66
44 63
52 112
28 36
94 99
9 38
55 93
12 64
61 76
35 37
51 114
56 95
64 106
45 68
44 59
82 92
95 96
12 97
10 32
25 113
72 94
14 48
35 59
6 109
34 42
74 94
3 96
26 30
23 109
29 106
69 83
79 92
52 62
31 96
26 56
8 94
53 72
37 113
63 87
33 53
25 69
18 51
21 27
42 71
28 72
51 84
55 98
62 70
62 90
37 104
71 99
8 25
97 109
7 11
12 49
12 87
32 45
50 78
49 109
59 113
3 99
42 79
47 96
91 105
70 88
11 30
38 49
8 75
4 7
72 104
25 27
48 104
15 65
36 85
82 89
21 103
74 80
47 52
62 86
13 66
53 89
28 29
8 109
23 24
7 30
97 101
6 29
25 90
34 54
15 25
38 56
69 102
11 73
13 28
70 93
17 27
35 85
49 77
32 69
48 113
7 63
2 36
38 46
30 101
43 70
35 70
24 65
0 50
78 80
15 103
62 104
12 98
12 80
30 80
16 58
94 106
64 109
35 50
1 81
21 57
79 104
52 99
1 95
99 103
52 60
25 68
8 86
30 76
1 52
70 95
15 92
72 103
49 71
12 57
27 58
53 65
34 105
8 82
10 114
55 104
37 63
34 77
29 66
16 111
69 76
59 64
102 109
49 113
22 93
46 72
83 109
38 39
34 71
35 107
2 87
8 65
50 97
47 93
56 105
5 92
5 83
51 104
21 83
19 75
61 114
77 79
73 76
15 61
110 113
7 54
11 55
6 54
18 21
14 50
31 66
41 66
21 96
48 105
79 102
61 85
1 2
37 114
28 76
33 69
19 49
27 109
4 87
9 114
14 63
5 16
3 42
15 50
86 93
5 12
41 112
71 83
10 90
52 104
22 71
45 87
44 93
84 90
36 90
83 84
14 39
46 97
73 90
64 75
88 105
33 34
21 77
18 58
37 39
45 82
8 17
31 110
18 29
73 103
44 62
76 112
20 96
1 18
34 43
91 112
45 97
19 99
36 44
66 108
17 110
40 62
16 84
46 58
42 76
50 89
3 88
22 85
15 51
7 82
37 99
32 60
71 86
47 77
6 12
37 86
40 56
74 85
86 100
98 111
14 95
15 46
23 65
56 103
101 103
1 12
29 80
65 100
90 101
83 107
54 56
16 89
27 75
21 97
49 66
48 58
0 28
6 48
74 97
50 51
33 47
15 81
61 78
0 5
77 106
0 11
46 95
84 85
60 97
1 87
79 111
21 34
58 68
17 35
6 112
84 106
78 107
23 35
10 78
50 77
99 100
27 34
39 96
21 111
54 55
66 83
54 105
7 20
27 77
12 38
42 99
35 54
36 55
65 82
39 81
61 98
82 95
40 77
37 83
40 99
11 105
70 89
48 89
16 59
21 71
79 112
13 29
4 111
56 88
41 93
5 88
10 39
18 23
55 73
32 73
91 95
29 70
31 45
55 78
40 43
38 101
4 90
94 96
17 89
9 50
21 65
32 72
35 88
12 29
28 83
61 101
8 107
31 73
37 43
30 89
12 30
30 54
43 88
75 95
18 24
95 113
109 112
6 113
96 114
31 59
26 63
64 70
57 89
99 111
7 68
30 33
15 105
45 101
54 106
86 91
29 78
24 50
15 47
76 102
56 106
80 110
17 107
74 76
0 64
23 28
59 62
87 103
62 71
20 77
72 78
59 100
51 83
11 35
15 86
30 59
13 90
42 109
15 18
31 60
66 98
15 55
0 56
65 113
49 83
50 63
6 22
1 6
10 85
