116
4
1000
60
91 2
98 2
95 2
93 4
90 2
102 3
101 3
93 1
87 4
92 2
94 1
94 1
92 4
98 1
89 2
97 1
89 3
90 4
97 5
87 3
100 2
90 1
91 3
102 5
100 2
101 1
93 5
89 1
96 3
88 4
88 4
95 1
100 1
98 2
101 1
90 2
99 5
93 1
98 2
87 4
101 4
95 2
101 4
93 2
92 5
99 2
89 2
91 5
100 4
90 4
89 3
99 5
96 2
100 2
100 4
102 2
96 2
91 5
100 3
96 1
101 4
93 2
98 3
102 1
89 2
91 3
94 4
90 2
93 5
99 3
87 2
89 4
95 1
101 1
96 3
90 4
93 3
95 2
91 1
100 3
91 5
101 3
94 4
91 2
92 1
100 5
99 4
92 1
91 1
93 3
90 4
90 2
96 5
91 3
98 3
96 2
97 2
89 4
90 5
93 4
90 2
97 4
88 1
97 4
88 4
99 3
88 5
88 5
97 1
97 2
88 5
98 3
91 3
95 4
102 3
89 3
9 97
23 89
21 60
32 83
41 59
55 81
69 75
21 66
44 60
23 91
2 4
60 111
7 37
29 36
46 71
3 107
100 109
32 45
78 104
28 94
8 84
42 63
8 43
5 110
3 95
63 94
57 89
27 87
87 96
33 100
19 23
74 107
29 102
43 79
15 85
47 109
63 82
19 66
73 94
46 73
57 74
5 68
15 76
19 35
68 91
14 55
3 115
21 37
6 26
40 51
9 76
52 72
10 105
71 75
1 33
11 63
61 98
0 9
53 98
15 20
80 91
43 81
5 83
104 110
47 89
40 87
8 111
13 31
25 69
44 86
37 52
12 33
89 108
22 54
45 108
61 108
13 94
88 109
54 106
26 106
16 21
78 103
85 94
43 61
92 102
25 66
4 62
54 115
22 33
35 41
52 89
3 80
76 82
36 48
26 107
42 105
52 105
25 44
18 79
18 87
40 78
95 108
23 25
56 69
16 46
52 91
54 93
85 109
31 110
21 112
16 20
4 15
67 112
0 59
21 47
10 34
42 44
30 47
19 107
12 103
52 54
4 28
71 100
9 90
78 102
64 89
2 113
90 112
84 106
23 34
13 26
61 103
61 71
49 105
75 86
46 59
6 45
81 112
36 53
20 105
8 70
43 90
59 88
17 24
56 81
4 69
6 93
27 54
23 75
45 46
12 101
29 90
61 96
38 55
35 82
63 91
3 47
15 37
55 61
7 15
27 78
7 19
45 107
38 94
57 90
36 100
96 106
66 89
23 111
33 94
14 24
6 100
97 100
59 67
1 28
53 100
108 114
5 102
54 77
42 78
11 28
2 106
14 77
10 88
34 89
1 70
71 79
0 10
7 62
2 91
40 115
19 88
57 92
14 96
32 100
49 111
13 42
31 70
30 35
13 58
61 72
12 81
17 31
27 102
6 39
25 103
16 40
23 24
5 27
84 94
93 110
96 102
83 99
32 43
16 39
5 89
101 106
14 42
73 90
58 89
53 66
71 94
15 38
47 54
5 29
23 41
36 66
5 13
14 107
30 71
29 92
64 84
40 95
6 43
19 45
47 61
9 81
12 79
13 35
18 108
53 97
33 109
65 78
74 89
22 80
7 76
30 89
5 78
77 115
8 102
17 90
15 64
43 105
2 70
52 86
44 45
99 101
59 62
19 92
40 72
61 84
42 67
31 39
7 95
29 77
25 76
51 102
35 68
63 69
15 49
32 67
58 110
29 50
45 112
21 87
31 63
41 50
11 55
11 112
8 114
33 98
4 55
3 44
1 72
25 65
22 90
30 95
81 111
82 87
34 82
85 87
42 49
79 89
47 70
62 66
27 38
51 79
27 99
23 63
5 57
22 103
84 87
69 90
18 43
15 82
40 55
20 43
9 28
12 19
25 78
38 81
3 76
57 104
56 57
48 60
32 36
19 71
36 61
19 76
64 107
1 6
1 59
18 91
62 65
99 106
34 90
19 115
83 86
58 85
3 79
18 93
60 75
23 37
30 33
37 88
17 94
66 115
17 35
5 82
69 113
56 95
67 105
87 92
7 61
5 100
0 21
3 60
12 62
58 104
91 107
36 44
39 57
20 38
13 111
93 111
26 51
17 38
8 64
16 114
54 103
7 46
8 89
8 61
38 41
41 68
6 62
79 87
39 49
70 115
75 101
50 89
83 111
62 97
58 70
3 61
6 97
50 101
38 103
42 108
67 82
4 108
13 28
16 41
27 91
19 79
71 89
83 98
18 38
71 78
20 111
97 106
70 94
40 77
83 101
58 92
41 77
100 110
85 110
15 45
1 20
11 80
28 30
56 73
102 111
44 90
12 25
7 97
76 79
18 98
77 112
35 55
34 36
26 85
28 68
75 102
65 100
29 31
92 104
9 17
2 67
26 77
4 14
16 110
1 88
54 73
13 18
5 34
6 108
70 95
41 42
39 53
5 14
59 86
67 100
45 114
14 34
15 63
68 83
23 31
7 77
65 72
29 35
95 110
34 43
17 22
62 109
54 86
79 109
14 67
92 105
39 61
65 93
89 91
20 58
31 48
90 108
63 72
24 83
78 83
27 55
15 36
72 89
30 77
17 75
51 83
11 29
65 108
78 92
56 62
50 91
53 61
15 41
43 54
34 51
43 99
20 70
68 101
30 52
51 114
38 90
15 101
101 113
32 84
21 56
71 105
77 91
6 113
28 82
79 108
9 30
54 89
5 112
89 107
64 67
2 84
17 82
22 104
49 72
107 110
47 52
3 18
88 114
42 81
44 95
31 59
39 74
11 77
4 34
31 83
40 101
16 63
100 115
27 82
11 45
20 72
75 78
53 86
69 77
31 95
17 80
35 49
103 104
61 99
9 100
5 22
11 83
27 66
29 30
13 73
4 68
84 108
44 58
67 114
31 54
25 38
50 107
72 97
24 102
3 96
6 106
17 81
21 80
8 112
11 44
36 82
8 45
77 111
51 65
28 60
67 107
33 102
30 78
69 86
5 21
10 86
4 59
67 95
36 102
98 103
49 102
76 92
2 105
93 94
25 75
29 51
40 64
3 29
35 67
31 104
33 99
87 114
64 76
76 111
7 94
29 78
4 33
20 25
20 80
28 101
69 105
66 77
40 48
20 21
104 107
20 114
28 59
30 112
36 37
7 27
0 24
59 94
86 92
78 112
25 52
21 111
12 20
9 43
83 113
9 93
10 68
60 67
24 81
64 80
10 20
78 84
70 72
53 91
16 43
81 91
1 13
23 115
24 100
11 109
22 42
6 25
15 99
65 104
54 114
39 112
18 69
2 12
4 48
65 74
54 70
70 97
34 57
66 112
1 76
32 54
35 88
38 115
66 90
32 57
65 113
2 6
20 50
51 111
8 115
5 66
7 10
59 68
41 87
3 7
7 86
32 62
27 81
50 51
61 83
9 19
59 85
27 101
94 105
88 103
45 84
90 105
53 58
55 56
61 65
11 14
45 71
98 99
14 26
104 106
25 46
39 77
13 109
18 70
1 54
19 68
2 69
14 57
67 104
45 97
1 45
73 87
11 87
73 110
12 71
16 102
84 104
44 105
98 114
19 62
30 60
33 53
58 64
55 92
52 90
41 80
23 70
15 105
2 103
85 105
13 47
0 39
7 64
5 51
27 74
26 71
4 36
10 65
2 115
10 32
14 61
5 47
39 96
19 74
100 106
46 63
26 93
26 42
23 83
0 92
4 110
71 102
29 49
2 63
35 115
15 97
35 114
53 114
36 110
31 65
31 76
70 74
79 110
4 41
24 59
15 81
10 76
32 72
16 28
16 70
30 90
76 113
52 85
81 114
106 112
78 94
0 1
93 97
49 115
10 81
26 56
65 85
74 99
75 84
0 88
46 110
32 91
44 75
94 109
28 84
21 113
72 96
99 114
13 20
7 69
39 103
58 97
6 42
37 51
59 87
10 16
23 71
27 85
67 93
4 72
78 106
34 111
27 75
70 79
62 70
48 106
41 102
20 42
24 38
82 115
21 83
96 111
46 90
38 39
28 47
59 106
10 66
79 96
2 108
17 95
7 22
27 105
36 89
35 56
55 115
26 89
26 40
68 77
29 57
67 87
62 112
71 86
19 80
42 110
38 107
55 91
42 48
38 48
1 12
50 98
75 88
55 60
45 62
2 96
43 50
81 82
26 69
5 40
12 69
13 102
54 56
28 64
42 111
63 79
101 107
15 18
22 71
53 60
10 52
10 95
3 64
49 77
35 93
35 92
42 55
2 53
92 114
54 68
32 97
28 42
37 98
80 104
47 59
46 101
0 44
0 15
4 23
22 63
92 115
53 108
102 114
80 89
89 103
3 85
39 76
32 85
79 85
1 19
5 95
3 101
46 68
86 93
2 87
67 75
45 83
36 58
59 108
82 102
49 81
16 90
59 82
78 90
4 87
99 115
17 76
36 38
91 93
31 80
45 69
49 53
38 106
24 37
14 45
35 47
4 56
9 74
67 98
53 94
72 104
40 57
50 60
30 41
31 98
26 72
3 19
20 23
23 64
16 65
74 94
38 97
18 77
10 31
16 24
52 60
47 76
68 112
16 30
45 79
17 36
103 107
84 102
31 44
13 55
31 99
19 83
31 91
37 55
89 102
10 71
17 83
3 45
102 113
36 56
59 102
27 57
56 78
18 104
13 52
94 106
44 84
2 95
69 114
15 60
15 84
41 85
26 102
0 33
94 102
1 98
29 62
33 77
65 90
24 42
50 84
45 56
81 87
49 71
20 85
85 114
4 102
80 82
35 48
76 86
38 98
29 68
18 35
59 101
67 78
32 41
43 91
93 112
20 96
24 98
4 103
2 46
46 95
36 88
79 98
68 96
7 60
63 99
5 19
8 105
49 78
85 107
71 110
3 22
18 63
78 115
3 75
34 49
25 62
5 71
89 92
23 82
11 40
10 87
0 46
27 109
37 80
22 37
3 46
11 51
11 104
64 110
47 97
51 72
37 72
14 104
102 105
16 55
65 107
