117
9
3053
60
31 2
27 2
23 2
25 4
19 2
17 3
22 3
39 1
22 4
17 2
23 1
36 1
11 4
16 1
21 2
12 1
30 3
24 4
34 5
26 3
34 2
20 1
22 3
15 5
34 2
31 1
29 5
18 1
15 3
39 4
26 4
25 1
35 1
36 2
25 1
22 2
28 5
17 1
34 2
41 4
15 4
12 2
15 4
39 2
23 5
27 2
18 2
16 5
32 4
28 4
40 3
12 5
20 2
29 2
30 4
14 2
12 2
25 5
20 3
39 1
39 4
16 2
37 3
19 1
35 2
38 3
33 4
15 2
31 5
30 3
26 2
41 4
11 1
19 1
24 3
12 4
25 3
21 2
34 1
13 3
11 5
25 3
23 4
23 2
29 1
41 5
28 4
31 1
29 1
23 3
32 4
40 2
35 5
23 3
32 3
22 2
15 2
36 4
36 5
37 4
23 2
24 4
41 1
11 4
30 4
41 3
36 5
35 5
30 1
36 2
15 5
13 3
38 3
40 4
30 3
15 3
24 5
9 84
11 100
17 87
32 43
97 105
4 68
67 97
24 104
78 113
18 97
22 89
59 99
62 97
87 114
11 83
15 24
94 112
31 89
76 97
0 36
8 26
79 88
29 111
40 114
46 55
62 78
5 90
25 91
84 93
6 40
31 78
16 116
1 32
30 80
4 104
23 50
62 66
33 67
0 21
28 62
30 55
1 35
49 95
7 101
66 116
3 8
2 21
45 65
0 106
69 87
13 33
37 81
42 77
15 98
15 20
31 106
60 96
57 103
3 39
53 110
77 116
4 24
70 85
33 102
10 81
86 107
84 114
33 101
25 40
46 65
33 61
12 17
29 68
81 109
60 62
46 105
7 115
85 102
60 76
16 111
20 74
59 88
9 64
25 67
11 76
68 104
20 64
68 108
16 36
51 93
73 99
39 56
57 90
24 80
9 22
89 99
51 109
13 19
15 81
24 36
9 104
91 95
0 5
55 65
33 82
51 95
82 114
79 81
22 116
33 97
4 7
70 83
66 90
18 52
21 22
103 113
41 68
1 9
30 75
30 103
104 109
12 18
69 116
76 95
22 37
63 71
13 23
87 97
109 114
72 94
46 109
89 97
3 57
65 105
73 90
18 44
36 102
47 90
85 101
60 80
51 70
7 106
58 78
32 34
55 77
3 15
26 112
50 51
33 40
39 71
14 55
24 73
4 74
13 97
38 42
47 89
44 82
0 46
32 33
14 59
58 79
45 54
10 40
38 48
26 78
51 54
6 109
11 58
59 76
27 52
13 108
54 85
3 48
24 68
17 85
23 29
61 91
15 91
31 77
41 102
8 85
5 39
103 109
80 102
14 109
7 92
0 68
10 109
9 49
40 67
87 112
5 83
66 71
22 65
56 70
7 12
31 88
30 116
1 103
2 102
64 116
16 109
1 90
27 69
21 40
25 74
22 90
14 54
14 85
3 103
14 20
49 78
34 85
31 87
94 95
80 108
63 114
33 81
61 104
0 60
40 63
69 110
54 101
46 70
7 54
50 73
8 36
77 113
36 94
12 13
1 95
40 47
27 39
1 77
40 74
74 111
14 89
18 47
59 84
52 99
25 70
94 109
75 112
22 54
30 65
12 23
75 114
2 33
75 111
50 83
13 52
15 45
7 94
51 65
46 79
41 53
66 94
57 110
26 61
4 46
20 108
40 57
0 115
29 42
42 51
0 24
50 108
94 113
16 106
111 115
35 42
58 89
4 113
2 94
21 62
37 109
3 27
91 116
3 100
4 47
37 105
2 86
35 52
25 36
18 106
22 64
79 97
42 116
61 87
28 30
82 92
22 79
13 101
60 105
72 114
9 97
2 108
15 67
21 33
23 104
79 116
81 98
2 25
15 63
39 83
44 46
26 95
11 107
37 59
66 77
1 68
11 47
54 114
15 111
39 72
9 13
37 77
35 97
10 100
63 89
35 82
56 62
17 49
45 68
93 116
24 89
46 94
80 101
4 96
10 69
9 78
59 63
50 79
6 22
48 96
47 71
19 62
21 35
68 87
36 50
62 109
27 50
84 89
103 110
66 69
11 86
8 97
33 55
57 96
26 89
51 98
12 28
13 94
89 108
31 70
26 45
54 107
0 81
8 62
45 75
7 105
30 47
50 71
39 86
1 101
58 59
22 107
24 83
36 41
0 77
109 111
59 112
57 62
0 4
47 112
40 97
58 71
27 29
42 58
65 110
48 110
10 31
16 21
2 72
67 115
80 113
64 103
69 94
20 87
62 85
92 98
39 105
6 105
8 64
57 84
24 97
30 57
0 25
9 81
34 105
3 82
74 89
25 51
79 106
15 62
6 110
25 89
74 80
18 76
51 76
33 76
0 62
19 96
73 106
41 71
1 40
42 87
2 45
8 108
30 91
7 77
36 38
44 78
40 58
3 102
65 69
46 113
55 109
42 50
2 97
3 74
58 76
13 44
66 78
27 76
82 105
40 56
66 108
10 95
0 32
28 87
91 97
5 113
37 65
38 105
53 86
61 83
10 37
10 22
88 109
69 107
85 110
18 50
30 94
10 70
87 93
61 110
21 81
15 17
13 34
70 102
2 113
17 54
34 65
37 51
4 112
103 111
16 70
26 51
83 98
11 39
3 16
42 76
4 98
38 85
67 77
21 109
51 55
52 108
23 80
29 110
95 109
89 103
15 46
19 79
75 89
10 80
77 98
9 50
43 114
3 64
86 94
3 86
62 102
10 64
5 98
46 52
7 97
98 112
12 78
83 106
11 69
43 115
9 11
38 104
8 14
65 77
46 49
40 53
79 104
113 114
95 97
27 51
17 110
37 57
73 82
42 95
69 97
20 46
15 23
42 57
96 105
13 79
8 80
12 80
6 57
27 35
58 81
34 97
19 75
72 93
66 92
30 100
23 25
12 34
45 71
70 110
94 115
84 86
17 60
42 75
24 82
33 103
12 100
3 104
75 107
7 114
16 75
38 92
30 40
14 74
33 66
47 98
36 76
48 98
78 81
32 35
69 93
75 86
7 27
3 35
4 108
25 46
28 103
25 107
13 67
72 74
50 63
22 82
84 111
57 95
74 112
87 94
50 85
5 100
19 97
42 67
28 67
68 79
33 105
19 93
12 29
97 100
54 67
40 60
35 73
16 27
27 106
24 102
58 84
83 93
76 105
1 66
21 86
49 93
5 18
46 84
14 51
8 59
58 112
71 86
9 112
59 116
76 77
68 91
76 104
29 54
55 113
78 114
19 25
16 65
43 58
78 91
0 73
5 103
53 114
22 38
39 65
19 98
5 78
85 99
0 109
53 70
15 87
31 44
65 92
7 99
14 33
35 45
1 84
65 70
31 101
64 95
1 67
28 68
82 103
25 47
8 70
26 57
57 116
40 113
14 49
5 82
31 34
53 83
18 28
60 69
30 89
12 61
71 82
0 72
85 96
1 93
52 73
10 51
53 116
59 107
11 52
44 89
77 108
22 73
77 103
93 107
13 92
23 46
18 48
22 83
19 45
38 57
6 71
66 82
44 115
61 73
7 10
71 97
12 55
103 115
18 67
0 12
44 53
93 108
82 89
32 95
35 48
56 115
54 90
87 102
69 113
75 92
1 82
51 104
82 110
33 45
37 95
2 39
94 99
27 43
76 92
7 25
12 76
10 18
44 56
5 93
54 89
37 69
19 51
36 87
24 75
75 100
25 102
12 104
7 95
13 109
105 108
63 108
21 55
35 47
35 71
72 104
24 61
17 69
31 37
15 96
68 93
77 100
14 93
43 86
49 75
81 91
11 36
14 39
30 52
24 26
74 114
65 85
21 48
98 106
76 87
6 89
76 89
92 112
44 90
25 116
4 114
64 67
73 88
9 66
46 58
43 95
19 36
16 104
56 104
57 91
0 1
94 102
9 35
29 57
18 98
3 23
48 56
21 108
53 61
46 61
6 24
6 106
4 70
36 80
76 99
18 54
2 67
20 75
60 109
15 36
72 112
6 46
12 88
6 65
36 47
92 93
45 108
27 44
27 101
58 96
32 61
77 86
5 88
33 69
34 115
36 45
37 87
4 77
9 28
17 98
25 100
102 111
19 111
32 67
61 98
69 102
42 60
32 103
14 88
47 79
20 49
37 80
1 65
49 106
73 92
103 108
33 71
81 85
3 51
24 99
64 102
23 86
30 79
53 56
30 34
7 9
39 106
7 90
95 103
14 115
11 115
3 22
14 103
25 85
48 87
31 113
35 49
75 88
27 70
6 20
23 96
53 68
69 75
1 21
31 51
40 101
37 86
28 64
2 74
64 98
59 106
103 104
89 92
64 86
96 103
77 114
93 105
66 81
47 48
45 91
20 99
21 23
22 35
45 84
17 66
4 5
78 102
44 101
74 105
24 109
58 98
48 91
80 85
38 109
58 72
76 83
1 99
100 108
11 34
7 36
31 41
44 87
61 101
61 67
57 85
45 49
41 61
44 66
31 104
8 27
3 9
66 76
27 108
49 68
0 91
36 106
46 77
3 28
13 42
19 95
23 37
38 95
96 106
72 101
10 33
0 53
47 87
73 105
46 92
9 90
38 79
44 97
33 96
16 76
45 97
8 78
6 23
6 12
6 114
48 54
8 65
23 30
19 64
11 61
42 88
83 116
88 98
58 92
53 66
18 82
57 75
25 64
90 98
9 20
29 99
41 109
68 90
40 111
5 73
26 72
20 96
90 94
33 36
41 45
17 53
58 69
34 49
112 116
99 114
54 106
78 110
9 36
4 20
34 86
33 90
1 87
38 52
5 112
31 112
11 41
9 19
65 106
91 104
1 58
36 92
32 60
19 102
0 29
15 116
27 67
35 57
77 88
1 19
8 93
1 8
44 100
39 46
44 72
82 112
70 80
31 76
15 73
5 31
4 90
57 97
42 93
104 110
27 58
3 49
1 83
5 52
33 52
18 110
8 51
34 99
11 89
13 85
42 97
88 106
11 56
50 78
69 79
90 115
45 109
15 112
64 89
3 42
29 49
15 33
38 71
0 114
6 70
86 87
15 99
9 38
31 66
32 115
63 75
18 85
62 110
13 15
6 78
40 88
4 91
69 108
76 116
80 116
25 41
13 46
91 92
43 53
51 85
75 105
4 100
28 51
24 66
87 113
3 46
67 98
52 61
67 111
68 100
13 104
29 92
8 77
15 83
39 114
53 90
5 7
5 47
8 112
5 21
92 109
6 88
54 96
24 107
18 111
32 80
8 61
3 52
39 112
0 41
1 16
5 38
16 94
74 98
75 99
16 46
101 110
16 100
31 56
85 112
36 99
78 82
17 42
19 108
25 31
80 91
19 105
2 38
8 71
35 77
62 104
9 103
49 94
72 76
16 108
106 109
34 58
26 91
1 48
53 93
33 38
52 76
18 45
0 42
30 68
70 114
28 105
87 101
18 109
44 116
24 114
3 30
78 79
60 64
43 63
10 15
2 56
49 89
47 82
1 89
77 91
31 47
101 115
6 63
29 34
72 110
36 49
5 44
0 48
37 96
3 116
43 79
39 75
22 75
56 79
12 15
8 96
48 107
30 109
30 63
31 40
62 106
4 22
7 61
23 115
11 105
13 83
26 53
72 102
16 63
35 91
36 55
72 96
5 102
48 100
49 90
34 89
86 97
81 102
51 71
54 79
12 89
34 113
1 71
24 69
20 38
35 50
28 38
51 101
16 84
43 45
16 96
3 44
9 80
68 85
34 103
50 56
52 70
6 59
7 29
49 107
19 91
22 106
10 13
34 100
30 60
32 63
27 109
62 101
7 26
46 87
40 44
6 14
61 72
23 28
74 99
5 50
19 81
58 67
22 47
26 58
96 99
24 38
35 78
27 33
27 57
12 60
20 70
8 82
39 96
47 68
4 39
60 104
5 110
10 112
40 104
5 108
36 40
24 57
30 93
4 52
18 105
45 107
71 76
20 95
57 77
2 15
48 75
7 51
5 104
91 115
2 60
64 109
44 58
93 104
19 55
52 68
66 85
9 107
23 81
17 115
55 114
6 28
25 33
47 84
28 114
72 95
5 99
47 66
4 82
72 99
10 24
8 32
15 47
11 78
25 104
12 14
43 67
89 91
85 92
81 84
8 43
15 69
13 40
6 47
30 72
22 31
4 87
5 63
37 73
70 91
42 63
13 49
83 115
33 54
19 76
20 69
14 64
80 109
58 73
14 25
8 88
13 63
0 82
13 99
31 102
65 115
27 111
59 102
17 19
20 67
25 111
79 87
55 90
7 47
99 110
74 97
60 75
11 55
45 56
38 116
9 113
16 30
16 72
35 54
52 91
28 69
28 89
2 14
18 72
48 68
29 115
31 50
30 110
52 74
49 61
65 68
5 46
56 94
49 74
53 108
83 91
2 37
71 107
68 77
54 105
46 72
20 73
71 105
32 97
89 95
18 90
1 55
15 108
33 62
14 114
91 105
12 94
99 100
62 84
57 59
88 91
84 87
7 72
28 77
71 88
37 91
58 95
16 62
55 111
66 91
80 93
38 78
57 115
2 85
59 105
63 96
41 76
4 21
29 33
43 84
19 23
93 103
58 110
17 51
65 90
47 97
8 50
63 105
51 103
16 83
14 56
1 85
54 81
44 106
12 47
50 69
25 73
12 56
75 116
84 109
60 111
24 81
19 22
37 62
41 112
54 108
2 8
3 6
81 94
37 94
55 94
94 103
5 76
38 45
28 34
75 78
80 115
50 53
61 116
14 79
15 60
89 107
75 94
7 68
38 101
62 65
81 103
2 90
20 60
65 67
86 98
8 86
4 48
41 75
2 3
26 27
88 97
11 65
42 111
70 84
43 92
0 43
105 113
61 66
26 107
44 85
5 40
77 93
70 94
17 29
67 114
44 73
25 57
8 29
59 66
74 83
69 72
20 34
98 115
21 89
40 92
10 36
61 93
33 48
20 89
62 91
48 53
36 114
90 113
55 80
0 33
31 33
42 86
4 51
14 35
47 50
72 78
3 62
46 62
15 75
90 93
69 111
32 116
28 99
68 89
46 104
42 44
21 101
36 70
30 108
84 95
62 96
3 65
35 96
19 106
5 14
54 66
70 100
64 73
23 90
56 102
57 64
42 80
92 100
84 104
56 92
26 114
28 49
74 81
88 94
19 89
40 81
25 55
20 27
14 92
27 72
39 58
41 70
43 98
11 75
51 77
57 70
93 100
30 87
65 88
6 104
20 82
19 99
9 101
35 43
39 93
39 77
33 99
62 71
33 95
68 110
83 110
87 99
2 78
7 48
90 99
14 105
90 100
31 90
49 84
91 96
107 109
48 59
29 87
67 104
97 113
33 115
19 44
80 100
18 35
107 112
43 94
54 74
14 90
19 33
21 102
25 88
102 115
77 105
35 58
53 99
34 80
52 90
60 83
8 17
30 39
31 100
63 90
19 80
2 65
32 93
59 67
5 25
38 103
18 64
23 103
27 86
18 24
55 98
101 105
94 114
15 64
14 97
94 101
58 60
102 105
15 72
35 116
1 15
102 113
57 93
34 98
30 48
26 71
25 42
15 59
49 51
35 106
89 101
15 49
39 67
44 103
21 43
90 101
72 79
108 116
66 73
13 80
27 91
10 99
3 71
22 111
22 109
5 105
10 25
45 96
47 106
26 69
19 48
75 90
91 109
20 111
35 40
6 64
15 18
45 106
16 102
3 99
82 109
4 18
6 111
37 50
62 108
4 33
20 45
78 97
15 55
48 93
4 23
43 105
67 70
65 72
47 85
78 80
6 9
74 77
46 100
22 88
62 116
6 74
63 101
37 82
58 111
52 55
23 99
22 25
37 63
22 26
81 110
43 111
13 69
63 86
61 85
17 25
105 110
1 75
44 54
58 113
17 77
47 110
4 17
0 63
55 99
8 30
56 75
11 26
19 49
40 90
24 108
56 63
63 67
36 96
7 108
41 91
2 92
22 48
57 113
56 77
66 89
110 116
7 86
39 103
43 47
95 110
32 62
73 111
78 98
33 43
82 108
45 77
60 98
0 92
57 104
83 102
13 48
31 105
11 20
18 23
15 35
92 95
37 99
23 56
3 67
17 23
28 57
23 113
53 58
2 66
1 88
22 68
35 93
5 33
8 103
9 93
50 58
1 78
2 26
47 86
39 107
15 68
3 97
44 48
97 108
24 45
11 82
87 96
19 56
10 79
27 77
103 107
104 112
16 53
5 85
7 93
26 109
1 18
7 23
30 36
65 96
25 87
8 34
50 109
38 65
55 63
99 105
15 88
39 60
3 109
26 39
51 61
20 97
44 111
10 28
17 35
78 93
35 79
79 102
107 108
7 13
44 84
0 94
19 47
1 4
37 53
62 76
50 70
55 67
27 82
10 38
20 36
53 65
61 80
2 7
6 54
28 33
6 21
12 110
63 91
64 71
52 64
22 55
7 41
33 50
22 85
5 35
14 43
14 27
36 56
32 41
77 90
1 106
4 15
68 96
14 91
27 94
28 72
32 90
54 64
46 56
14 106
11 92
28 41
69 83
3 96
33 114
24 79
56 116
106 107
46 99
28 90
32 87
34 53
5 66
20 42
2 10
46 96
42 49
52 114
13 22
10 115
7 112
22 102
24 50
9 100
75 106
83 95
73 86
1 53
49 115
41 66
94 111
17 92
40 82
3 24
16 68
28 79
43 85
81 104
24 106
44 81
25 38
62 68
31 61
1 115
76 108
8 109
30 67
97 98
30 58
23 57
7 57
49 83
26 81
12 27
9 58
41 111
75 115
15 86
40 45
38 76
81 89
21 77
102 116
18 39
9 83
25 53
65 80
59 91
4 8
39 80
36 59
60 77
31 114
59 109
43 88
20 85
76 107
6 32
13 64
12 93
5 29
31 84
5 16
76 113
23 77
40 84
56 96
44 55
12 79
76 111
71 99
20 114
30 82
22 23
21 44
28 102
34 60
13 87
69 85
18 116
64 74
64 97
54 94
83 112
70 99
0 30
34 45
48 80
95 98
62 87
92 114
7 56
6 38
12 45
51 59
28 44
5 106
5 79
86 104
41 81
89 93
29 56
50 64
8 91
55 59
64 90
2 46
2 48
65 82
87 91
12 67
43 46
18 79
53 69
17 41
69 78
40 95
3 41
61 113
21 107
45 47
15 76
48 90
9 63
66 80
25 39
75 81
24 93
36 107
17 104
32 59
75 104
61 65
78 89
53 109
10 84
49 100
12 21
53 98
111 112
35 37
9 92
57 111
23 106
7 31
30 59
88 113
25 114
8 57
76 112
48 65
14 112
41 58
33 47
55 60
1 27
32 81
37 40
11 71
24 84
38 49
23 112
99 102
86 89
72 92
39 61
15 110
29 107
77 96
45 86
48 94
30 61
51 97
6 85
17 43
24 42
35 72
2 76
84 92
12 108
88 105
58 109
44 114
50 57
16 67
14 62
29 85
2 114
84 90
35 76
99 111
7 19
83 108
2 34
52 62
42 46
12 22
1 11
7 70
17 32
8 42
7 69
14 101
21 98
19 94
6 86
110 113
34 50
20 101
19 27
10 19
0 56
49 71
1 92
8 111
75 93
101 103
31 38
10 110
38 115
37 98
25 105
37 89
67 89
65 97
47 72
91 112
51 73
56 60
88 112
53 104
49 102
33 80
36 90
39 94
54 73
41 63
62 114
56 111
30 96
91 103
21 115
36 109
23 64
91 114
44 96
18 112
50 77
28 116
71 98
6 93
21 32
50 54
61 69
53 107
5 19
49 81
43 60
5 45
73 80
17 39
104 108
94 98
30 76
2 101
9 44
6 10
28 93
90 107
4 55
15 100
63 102
9 45
75 91
38 51
61 63
24 92
14 42
7 46
12 77
12 96
32 68
18 58
39 116
83 100
35 104
80 107
21 112
50 116
2 24
29 67
92 110
88 102
35 87
5 84
79 83
32 46
78 84
23 109
21 26
40 115
10 56
103 105
90 95
22 57
16 82
34 71
11 111
101 107
42 108
21 78
19 29
70 82
73 76
8 104
44 67
1 26
85 86
5 72
103 116
93 95
27 84
25 48
2 80
48 109
49 73
37 83
70 79
17 91
36 93
13 26
44 49
12 57
29 109
98 108
39 41
37 107
33 59
54 71
70 104
26 85
89 104
15 29
20 77
8 19
90 110
37 47
24 37
20 28
83 113
16 92
33 89
0 37
4 102
46 88
17 105
17 83
48 71
47 83
29 51
70 116
4 25
23 98
23 92
8 24
65 81
56 98
44 63
7 103
12 35
36 51
51 111
23 110
1 22
50 61
20 57
84 102
79 99
101 111
26 60
96 97
38 84
15 101
52 59
16 90
52 109
79 86
63 95
35 68
41 78
0 84
98 113
63 72
105 111
70 93
1 63
64 94
44 102
77 102
23 65
20 115
2 63
79 96
16 99
67 83
20 50
24 78
75 101
54 84
19 116
33 63
78 111
59 82
13 30
30 105
6 16
21 76
62 79
37 92
96 109
24 72
52 105
21 114
38 81
58 101
59 96
14 87
62 89
1 57
39 89
25 65
59 81
35 101
30 66
57 69
84 110
42 64
40 109
92 106
49 56
13 43
20 30
25 92
7 22
112 113
88 101
100 111
61 92
23 102
4 28
14 113
44 71
12 50
23 85
104 113
80 105
25 29
96 104
83 84
16 18
49 57
72 109
76 91
24 111
19 86
25 98
67 72
22 43
62 103
29 72
61 94
68 109
98 110
32 94
30 70
41 88
112 114
41 57
8 105
19 68
19 112
53 92
106 114
63 77
11 98
2 109
13 59
50 67
44 80
81 97
12 111
15 42
7 59
37 88
50 86
15 41
18 99
45 79
7 81
0 19
60 93
22 110
72 73
18 81
32 76
73 103
28 94
85 107
18 27
57 94
23 111
62 112
69 82
29 66
41 64
50 104
31 107
11 84
43 113
47 52
2 83
54 63
42 114
19 61
6 31
8 9
12 19
30 114
38 100
47 53
58 85
27 112
18 87
56 78
53 81
79 113
50 93
32 105
66 104
19 35
18 83
78 100
52 54
80 86
50 105
29 80
41 107
41 55
16 101
9 89
61 111
37 64
41 69
54 99
77 115
105 109
21 87
28 31
15 82
92 101
87 100
25 71
88 99
78 112
33 98
3 31
107 110
57 101
47 58
18 43
13 110
51 116
27 28
6 101
3 47
41 96
109 113
62 100
22 60
39 42
31 54
54 97
26 40
23 27
0 64
14 17
52 89
11 104
30 49
71 113
39 95
3 108
7 24
1 81
36 112
35 92
48 85
29 98
109 115
48 89
44 50
58 77
34 56
49 87
49 52
52 110
20 39
66 110
69 96
31 72
2 70
37 54
61 88
19 46
2 107
52 88
15 53
48 52
72 85
57 87
6 48
51 110
26 64
41 42
21 28
19 60
0 13
51 78
43 112
59 68
61 81
4 27
40 69
70 88
44 79
4 99
22 39
19 34
78 83
42 55
27 59
35 55
13 78
43 59
0 7
57 109
35 103
52 111
24 100
11 19
2 20
49 105
23 24
40 52
21 25
12 102
10 66
11 99
67 110
75 83
3 91
3 40
31 49
107 111
45 78
38 75
32 84
43 82
39 109
86 95
39 110
53 113
53 95
20 62
97 103
29 55
51 92
56 66
0 97
42 61
83 111
74 104
51 52
69 99
101 113
54 57
33 64
4 32
68 103
4 110
84 97
34 44
40 55
72 106
35 112
71 112
84 113
25 72
28 106
51 53
20 58
5 62
66 72
74 106
3 54
36 91
64 79
83 92
49 79
46 106
19 103
53 101
71 110
11 106
18 60
48 113
80 88
60 61
16 86
65 84
14 80
30 43
52 66
11 54
0 39
67 76
83 107
44 110
54 56
3 4
28 75
45 112
57 60
20 43
25 82
33 109
13 113
18 69
20 21
100 102
46 69
21 80
14 41
85 103
71 115
22 92
86 91
65 78
82 116
18 65
50 68
82 86
4 67
17 20
60 94
12 54
18 25
41 114
19 73
19 88
44 93
80 98
28 39
42 45
21 53
81 92
17 95
6 56
60 92
89 100
12 58
44 59
85 116
14 24
63 93
34 37
33 86
51 107
58 61
34 46
66 106
54 70
79 89
82 88
58 87
78 96
71 83
14 81
1 33
32 74
76 79
30 51
76 84
18 34
13 58
12 66
69 112
46 114
80 82
65 79
29 39
11 114
22 97
22 101
19 104
86 106
7 84
9 46
38 94
90 102
4 95
2 6
41 82
34 96
36 111
25 35
4 83
1 111
19 43
21 24
78 99
36 82
53 63
4 115
39 113
4 31
29 64
16 73
54 92
63 109
32 104
22 61
2 30
37 72
5 26
26 98
7 75
5 70
21 42
1 91
2 111
33 37
8 56
49 113
34 43
45 63
28 65
68 81
63 84
10 34
74 90
1 36
61 95
17 112
38 112
18 61
43 75
34 84
0 80
4 86
40 87
12 87
29 31
94 104
81 93
59 110
22 50
13 65
74 100
56 95
80 90
23 36
13 70
39 84
59 98
51 81
18 114
85 109
11 74
54 86
82 93
55 105
63 80
0 65
63 73
3 26
46 51
71 104
3 114
92 96
3 93
70 109
1 44
2 9
61 77
14 68
66 96
57 92
20 52
29 58
6 8
7 104
3 94
56 67
52 57
24 95
6 94
49 72
36 62
18 74
65 99
16 81
10 50
3 29
15 28
14 60
48 95
109 116
17 22
5 94
1 104
41 89
49 110
30 33
29 113
24 110
34 74
34 82
105 112
54 91
14 30
50 97
24 96
10 102
3 56
27 95
46 93
18 55
86 100
12 26
10 55
41 93
12 81
23 41
2 59
45 67
22 40
23 74
13 27
27 66
66 74
7 55
13 53
2 99
38 93
3 50
66 88
24 63
5 114
16 33
41 85
42 52
25 45
57 100
19 38
70 107
2 52
20 56
87 107
51 88
38 90
0 10
8 79
14 29
78 115
38 77
55 112
27 114
27 54
22 59
28 58
9 79
22 63
16 45
9 37
21 70
6 61
33 88
61 105
15 102
21 56
22 77
50 110
26 56
31 73
11 94
63 74
40 68
0 108
4 34
27 62
70 89
72 88
96 108
16 51
74 95
52 72
1 102
71 74
42 56
59 70
10 87
40 65
66 105
0 6
44 86
28 35
50 52
67 100
41 92
50 107
8 54
6 35
17 116
32 83
55 73
0 23
101 109
53 62
61 90
33 94
1 30
8 45
3 18
10 103
65 102
9 98
24 60
0 20
10 97
14 78
15 95
5 6
15 107
80 96
57 78
11 18
13 98
14 31
29 105
59 83
1 110
8 69
85 106
85 104
65 87
1 86
8 58
6 27
89 115
42 107
23 68
79 95
47 64
14 19
60 67
63 76
11 33
17 79
1 70
3 60
4 75
21 60
62 105
8 101
36 48
20 72
18 22
88 90
9 23
9 109
81 86
2 47
10 90
65 108
0 8
39 99
21 72
21 92
25 60
56 59
24 65
54 78
58 62
33 41
6 62
69 90
65 91
47 92
13 72
66 70
68 83
5 36
2 96
1 51
8 114
31 99
54 112
15 74
2 28
51 102
18 73
89 113
63 100
74 108
18 84
55 108
64 107
16 48
9 12
9 60
85 108
59 95
46 48
21 103
9 33
6 25
74 116
9 26
47 65
71 92
64 76
62 82
7 32
83 88
0 26
37 61
6 73
60 107
21 64
35 69
23 97
48 62
11 80
11 88
39 51
6 72
68 106
36 42
14 58
12 91
29 63
34 116
45 113
21 111
22 99
67 107
77 104
24 94
108 109
92 108
28 53
32 42
40 99
7 109
13 35
10 62
24 43
49 77
37 74
0 74
0 76
53 105
34 52
44 68
9 91
21 50
42 106
36 60
49 82
1 60
16 23
59 115
48 51
34 79
60 68
11 51
13 86
64 106
8 115
104 116
13 45
81 90
3 78
42 73
42 105
21 39
27 63
24 74
99 113
39 50
74 75
26 113
13 91
25 69
4 101
25 61
25 96
46 115
6 108
38 68
88 95
32 69
77 89
2 61
39 88
20 91
92 105
6 7
45 55
13 74
70 90
2 81
22 115
99 104
79 101
85 90
78 116
67 92
17 46
16 110
25 76
6 91
41 115
3 92
85 88
9 16
43 116
45 110
29 83
19 69
45 114
10 48
80 94
59 69
0 105
28 32
18 88
46 85
63 81
35 90
24 56
