119
11
1755
60
158 2
150 2
137 2
52 4
134 2
76 3
159 3
58 1
113 4
89 2
81 1
157 1
78 4
159 1
98 2
61 1
127 3
119 4
104 5
117 3
68 2
146 1
88 3
157 5
96 2
117 1
55 5
109 1
130 3
154 4
76 4
86 1
120 1
162 2
95 1
78 2
56 5
63 1
121 2
77 4
134 4
65 2
156 4
99 2
99 5
108 2
108 2
121 5
90 4
134 4
82 3
95 5
74 2
61 2
167 4
160 2
56 2
132 5
84 3
66 1
97 4
159 2
113 3
129 1
51 2
119 3
86 4
85 2
165 5
103 3
87 2
67 4
147 1
53 1
112 3
68 4
63 3
51 2
59 1
164 3
77 5
92 3
84 4
100 2
90 1
66 5
110 4
66 1
136 1
104 3
100 4
72 2
114 5
74 3
84 3
69 2
124 2
76 4
67 5
93 4
64 2
84 4
124 1
126 4
76 4
114 3
62 5
105 5
145 1
58 2
113 5
76 3
97 3
53 4
85 3
75 3
97 5
56 1
86 4
44 59
1 24
2 112
49 94
39 74
16 57
64 110
35 93
44 93
94 96
5 72
57 93
81 88
19 27
34 74
3 72
87 110
30 107
108 116
18 82
7 28
22 88
7 118
3 23
4 41
59 118
12 94
14 58
79 100
28 99
100 114
21 90
29 103
28 86
2 110
5 36
59 106
18 95
52 81
5 19
14 103
54 104
15 20
12 47
64 82
0 20
38 78
5 109
17 46
40 101
57 104
24 107
24 33
0 116
74 104
18 88
48 53
87 99
3 57
52 62
74 81
32 47
1 48
22 59
9 60
38 107
37 52
26 94
24 74
6 18
28 34
39 91
28 94
60 65
43 76
7 94
79 117
80 100
52 58
105 110
20 37
9 39
7 49
1 97
97 103
44 67
48 71
24 92
13 84
50 51
45 96
57 102
55 92
101 111
29 44
3 118
91 99
15 44
0 11
25 58
19 37
85 87
2 73
53 75
32 94
50 53
78 95
75 78
45 112
7 77
20 117
68 95
63 110
96 99
15 95
110 111
66 116
9 66
12 56
2 99
93 103
47 91
67 68
72 110
68 73
60 106
11 13
82 83
95 106
22 58
23 45
58 79
47 82
29 118
78 92
73 108
1 99
34 93
93 104
49 102
41 95
56 76
6 73
22 43
53 87
62 84
82 90
5 23
38 63
27 115
25 110
23 110
36 79
0 72
77 110
39 78
22 28
44 117
8 117
26 75
9 98
58 106
16 46
37 43
48 61
17 117
37 50
52 65
31 55
13 75
2 71
37 58
45 104
9 51
63 99
51 105
15 54
95 113
89 118
36 113
2 82
92 116
54 92
62 106
1 64
93 112
12 117
3 32
83 95
39 56
45 102
39 63
14 43
30 52
47 88
22 96
90 108
30 51
4 21
82 98
17 20
30 84
34 44
72 85
40 81
22 37
24 101
18 114
40 109
13 89
28 65
47 112
30 105
6 56
18 30
13 93
21 96
9 54
59 90
87 111
88 99
48 55
44 114
25 98
30 78
41 106
61 96
15 35
110 117
6 38
25 49
38 115
8 17
10 87
89 92
12 32
12 90
41 64
39 61
51 54
48 115
66 72
72 89
91 103
11 98
18 86
15 87
72 86
39 79
81 82
14 111
0 108
30 82
49 91
42 45
9 64
63 114
68 75
33 98
51 71
39 46
43 107
10 61
65 112
106 110
49 69
33 113
11 58
6 102
95 118
58 114
58 76
58 110
28 53
3 24
11 68
79 97
0 36
112 117
27 72
15 69
97 98
56 71
21 107
10 82
28 97
75 94
20 42
33 47
56 91
77 113
26 82
45 57
58 95
7 117
15 30
33 70
82 112
11 50
43 77
33 79
77 83
15 26
38 75
19 68
11 78
6 19
38 58
39 41
11 18
11 63
81 98
53 63
93 106
10 99
9 19
34 101
10 70
61 67
52 93
33 92
9 93
6 9
87 92
24 32
55 75
83 101
78 114
9 53
102 113
56 118
0 61
9 117
30 100
109 116
16 74
60 63
44 45
65 95
53 101
0 27
3 82
79 96
24 93
22 34
13 33
26 114
55 98
57 92
25 27
62 64
10 22
0 106
83 116
87 117
7 14
62 98
18 74
26 78
35 69
11 55
13 42
12 51
0 78
63 79
7 79
24 26
45 66
47 101
35 116
9 97
45 100
55 64
10 113
11 22
39 86
26 57
40 118
63 80
66 84
15 84
2 56
56 105
21 87
101 117
76 104
62 77
66 97
42 98
24 64
66 69
3 48
42 94
55 86
24 40
33 72
8 39
11 36
8 61
9 95
30 71
53 79
33 62
24 75
6 109
102 107
84 97
70 114
6 90
53 80
32 59
3 25
68 81
70 89
7 17
46 104
8 31
18 46
81 112
19 63
37 48
6 79
16 56
1 118
97 111
22 46
18 76
54 55
5 55
40 111
56 74
55 56
41 67
72 91
44 63
2 80
64 74
17 100
4 42
27 114
17 118
85 89
24 55
6 41
25 81
51 104
54 56
41 92
8 20
83 88
87 105
80 108
8 59
29 117
81 115
109 113
70 94
29 52
38 42
4 79
67 100
18 106
17 58
101 114
59 93
1 36
92 118
5 30
50 85
27 101
41 59
0 5
18 69
65 80
51 103
64 92
94 108
49 81
36 101
29 47
20 64
88 98
19 32
60 79
71 108
15 89
7 113
73 107
37 44
8 58
17 48
81 87
60 84
25 80
22 25
44 96
4 18
44 112
90 101
32 109
14 117
58 108
37 99
33 100
39 77
45 46
54 88
39 42
88 109
21 95
96 102
87 116
6 25
0 95
69 113
1 87
64 112
5 46
7 41
22 102
88 114
58 75
17 72
51 113
26 63
10 32
9 61
19 28
20 81
69 81
3 44
63 112
7 37
8 103
5 33
67 108
48 95
17 19
34 60
8 10
11 23
60 83
1 18
34 64
72 82
16 36
14 105
37 87
29 63
63 111
8 72
18 40
38 106
0 115
94 106
43 59
39 116
4 72
26 34
11 107
89 114
41 116
42 108
9 14
11 72
12 96
32 70
23 63
5 83
79 116
71 90
21 58
19 50
105 109
27 59
27 94
21 64
95 111
35 113
8 37
28 55
0 87
89 99
21 77
36 85
1 54
35 61
11 33
56 82
8 114
78 107
10 102
29 60
10 27
1 29
45 55
50 62
78 108
56 110
50 56
36 49
19 104
25 60
72 92
63 93
28 78
54 59
100 112
12 83
15 16
65 106
38 82
13 41
21 81
1 89
52 66
38 57
32 43
12 103
15 71
48 60
51 88
42 100
16 53
62 117
11 14
34 49
8 101
19 55
73 84
65 114
54 99
62 69
88 105
62 70
10 93
99 105
3 91
55 118
9 23
6 51
100 102
38 110
34 54
58 64
58 59
23 37
43 45
15 67
43 83
80 94
42 44
50 95
9 63
52 68
0 7
57 101
55 57
59 117
73 117
29 48
16 37
47 109
60 73
25 52
45 70
9 88
40 71
88 95
63 102
7 42
38 68
42 74
68 90
3 50
93 97
15 25
54 84
42 76
4 74
86 115
31 110
35 79
55 58
52 104
44 61
7 32
60 87
20 56
7 15
42 118
78 91
8 40
59 67
31 73
22 98
49 50
90 102
6 82
11 77
18 42
18 103
38 41
22 62
35 88
23 112
16 64
25 43
5 28
4 111
12 55
28 38
93 113
33 106
34 51
34 75
26 103
23 98
4 58
11 30
30 55
54 78
65 101
73 109
99 104
59 87
7 110
13 97
16 54
4 15
29 75
42 50
71 92
12 27
17 67
8 115
90 95
57 82
72 104
86 92
44 103
20 43
7 87
61 97
98 109
31 66
44 102
42 75
66 82
66 90
7 47
73 100
25 66
87 100
56 89
9 83
100 106
35 86
24 114
85 114
16 47
1 43
8 23
45 77
96 114
17 109
72 114
20 26
12 71
110 118
58 99
7 22
6 23
63 113
27 31
35 48
10 105
44 82
85 109
27 40
80 117
56 94
10 26
73 95
10 18
25 38
35 46
33 101
47 111
17 57
25 41
35 65
28 46
64 68
31 82
18 109
62 96
66 105
0 101
31 118
40 58
46 49
36 78
36 65
51 73
48 70
70 75
100 107
41 55
41 104
24 42
6 99
97 101
20 103
28 57
51 74
31 91
73 78
67 105
12 79
17 112
90 106
8 50
14 59
114 116
34 35
47 54
66 98
16 79
64 65
109 112
11 94
68 117
51 86
79 109
30 69
17 52
39 90
73 118
3 70
11 80
20 85
11 65
35 74
90 96
8 95
88 112
74 79
81 83
31 60
31 81
3 22
2 8
62 88
2 36
57 86
51 87
38 73
74 105
33 43
14 61
60 97
56 96
47 58
75 118
49 68
58 72
72 98
12 53
42 116
16 84
56 65
43 64
28 35
46 101
19 85
23 99
50 82
0 12
7 55
20 49
33 111
87 91
79 91
87 107
47 102
35 53
34 86
19 48
22 77
15 108
2 94
37 51
33 36
69 89
17 94
12 26
40 63
86 118
45 63
50 106
9 116
43 74
94 116
7 102
29 113
39 105
38 54
57 78
11 83
35 90
22 112
17 21
14 110
4 7
42 52
11 118
38 94
18 37
56 90
51 84
24 98
14 118
5 78
84 98
5 8
4 102
66 80
39 100
86 114
3 26
30 64
5 58
84 94
78 94
11 74
3 74
44 101
48 56
27 82
53 55
65 115
74 113
5 112
33 93
32 102
8 43
81 86
13 88
25 118
16 63
5 79
77 104
63 76
30 39
30 70
49 88
60 71
22 44
26 97
34 61
10 60
13 60
73 97
6 62
58 60
4 97
5 60
7 36
31 116
63 67
78 93
51 67
19 80
64 111
18 29
25 77
67 111
32 45
46 74
0 54
18 65
32 64
37 118
18 58
6 81
19 47
8 52
20 75
14 51
99 112
48 108
33 38
9 16
25 100
74 78
20 96
62 63
58 100
60 81
12 20
66 70
84 85
43 87
57 88
3 10
19 70
32 44
29 61
60 110
45 81
60 92
1 34
35 51
5 90
12 88
66 111
3 46
17 60
63 105
41 109
36 88
74 86
58 85
72 80
52 95
49 76
47 113
82 99
48 112
50 83
65 71
15 58
57 87
28 118
46 118
61 98
26 93
103 114
13 76
39 83
16 85
87 97
61 112
86 93
99 101
18 48
93 100
78 110
19 65
8 22
22 116
14 54
4 115
2 7
26 88
71 76
71 118
10 96
13 69
92 94
29 111
35 100
80 110
16 83
74 85
39 75
56 85
29 88
76 82
71 113
34 81
4 84
16 17
72 93
48 58
44 107
14 22
33 65
3 6
12 75
25 93
21 30
54 76
3 28
5 97
15 52
39 57
67 112
28 42
34 114
82 87
17 18
4 93
102 114
19 89
34 65
65 74
24 53
7 81
42 46
15 118
0 10
46 112
34 85
43 86
81 109
90 112
35 50
11 34
11 97
36 94
9 106
55 65
42 59
38 67
83 87
30 62
54 85
28 44
47 74
2 76
2 5
2 61
11 76
60 88
46 50
0 58
10 69
65 70
30 60
7 111
34 95
35 56
56 63
38 92
13 105
22 115
111 114
99 100
96 103
77 87
49 97
2 3
16 104
38 98
9 52
13 107
35 71
10 19
12 42
86 116
41 101
66 78
7 103
83 89
24 100
65 93
61 92
80 107
77 100
19 44
22 53
2 9
7 48
50 92
33 107
99 106
34 80
27 48
39 59
19 78
9 77
18 96
69 82
33 75
62 82
26 38
69 109
2 15
75 97
48 93
53 62
15 21
32 113
58 98
88 108
98 111
18 90
99 116
16 40
26 48
10 85
5 110
2 88
15 49
4 69
10 75
8 67
23 94
8 80
10 58
4 5
7 35
26 106
12 73
82 86
85 88
81 102
52 55
46 113
21 85
53 64
53 98
85 107
51 55
62 83
21 33
86 111
35 107
23 26
66 110
26 112
10 104
5 53
40 77
12 45
77 114
97 105
69 83
3 61
89 104
33 76
69 87
98 115
49 80
71 97
18 73
2 68
42 47
55 109
46 79
15 32
80 90
4 54
82 100
7 73
7 105
29 95
16 65
18 63
51 63
34 108
10 20
22 27
9 49
67 101
79 90
13 95
80 105
11 19
108 110
54 61
1 25
4 48
6 44
1 90
23 36
11 17
105 114
19 116
1 20
98 100
6 71
42 81
75 84
46 82
18 72
1 88
78 103
58 65
43 104
37 111
0 73
4 24
13 94
30 88
13 99
50 113
27 116
1 77
45 60
16 18
38 116
24 78
37 102
30 45
34 90
39 85
62 93
54 114
40 55
47 108
104 109
85 96
78 105
68 100
65 85
67 107
44 116
48 97
68 98
2 48
60 107
24 39
40 85
32 74
11 21
11 82
3 34
20 115
85 97
60 66
17 65
97 117
82 105
79 94
24 91
25 97
35 85
18 92
43 57
54 57
9 27
97 104
25 47
9 113
8 92
57 99
40 62
58 71
67 79
12 48
28 45
4 47
3 45
64 79
19 25
62 115
77 86
19 117
61 83
55 79
40 107
49 104
13 57
60 117
9 13
19 82
5 35
24 60
97 115
51 82
3 33
58 101
8 110
40 98
0 117
4 59
53 57
30 50
52 79
63 87
77 79
94 98
12 28
15 79
61 62
14 60
19 69
76 106
15 107
59 102
24 112
30 108
55 88
16 58
51 65
0 65
11 81
19 102
17 88
49 118
23 33
21 68
81 91
15 91
17 106
17 62
14 82
23 84
82 111
67 82
8 60
10 67
0 98
56 87
58 111
43 62
39 67
21 66
1 60
95 117
56 117
43 50
16 39
70 90
16 23
46 87
21 80
71 87
80 109
19 30
6 98
31 117
13 62
32 60
74 106
35 82
46 91
71 95
33 118
105 115
2 10
41 69
16 30
18 93
24 79
30 85
24 61
53 67
44 106
37 65
5 13
68 85
35 111
28 36
80 81
45 75
40 104
24 86
76 97
11 99
30 43
33 82
79 102
25 96
17 79
19 62
5 49
52 80
67 98
61 103
4 17
59 77
55 66
44 85
26 53
24 94
38 114
2 78
13 106
23 101
13 31
39 70
8 44
19 112
8 16
13 116
40 56
62 86
13 114
2 4
39 81
69 100
55 72
63 70
30 94
86 107
81 114
8 77
38 108
14 92
38 85
38 69
5 56
1 63
2 118
31 106
95 107
17 61
5 86
82 85
98 103
55 101
35 98
61 80
84 100
47 118
0 1
94 109
46 97
69 86
19 79
35 105
45 72
0 8
13 103
22 52
64 96
42 69
52 88
99 103
1 76
6 97
39 40
40 105
36 114
33 87
80 115
12 29
27 117
58 73
1 83
13 102
77 98
67 115
32 115
35 87
2 42
57 61
7 56
1 49
17 81
11 47
3 31
24 83
52 54
5 9
1 27
87 112
22 84
54 86
56 58
23 71
83 107
33 58
36 112
33 105
9 92
36 107
43 103
29 78
60 105
14 115
44 48
61 118
38 59
15 60
43 80
39 93
0 49
42 90
68 116
61 75
52 83
19 88
4 71
55 77
18 33
23 35
20 82
44 70
27 57
60 75
41 54
33 44
57 80
18 34
82 88
85 101
51 77
44 80
73 88
0 53
24 117
13 59
9 73
66 92
13 48
60 90
20 39
104 111
19 31
23 80
47 60
15 29
96 111
8 25
111 118
110 113
23 39
74 83
29 53
45 71
24 71
101 102
60 98
36 80
94 104
37 91
43 49
56 103
54 66
42 60
27 37
13 17
42 91
78 100
48 73
12 77
42 103
46 114
93 115
23 34
43 84
52 107
32 54
4 89
17 84
53 109
44 87
50 89
54 81
21 92
20 73
0 56
18 115
54 69
60 102
27 100
20 102
39 95
27 42
30 101
4 20
54 83
29 50
95 114
27 93
41 103
10 49
41 76
54 62
99 109
93 108
7 13
78 89
35 59
8 87
32 68
55 106
31 36
9 84
89 100
12 69
9 38
14 107
77 112
85 111
23 58
27 84
3 78
74 114
4 29
51 76
1 38
34 97
29 70
74 100
18 67
6 39
69 84
48 88
106 118
38 99
74 116
23 28
47 53
7 78
48 75
26 118
89 107
24 31
20 89
41 58
65 86
87 109
92 114
42 86
15 65
22 86
75 105
27 88
62 92
42 67
11 66
63 66
5 108
15 103
16 35
55 117
33 96
7 16
20 48
96 110
12 68
14 93
89 102
3 9
7 72
34 83
2 53
32 104
40 69
102 108
30 93
2 57
20 112
101 110
10 94
17 76
41 83
59 116
53 77
61 84
35 45
14 102
28 83
32 91
68 115
27 60
29 76
46 64
38 46
