121
8
6171
60
383 2
198 2
449 2
169 4
371 2
292 3
303 3
343 1
233 4
119 2
348 1
424 1
270 4
294 1
380 2
202 1
109 3
329 4
173 5
222 3
92 2
92 1
250 3
514 5
423 2
105 1
106 5
229 1
262 3
343 4
226 4
197 1
486 1
156 2
497 1
162 2
368 5
444 1
406 2
518 4
359 4
344 2
162 4
99 2
312 5
90 2
111 2
499 5
249 4
356 4
199 3
509 5
485 2
271 2
452 4
409 2
473 2
129 5
327 3
504 1
238 4
207 2
353 3
348 1
234 2
251 3
155 4
307 2
138 5
226 3
396 2
199 4
480 1
473 1
124 3
305 4
381 3
294 2
257 1
401 3
383 5
332 3
360 4
94 2
312 1
108 5
239 4
258 1
316 1
113 3
328 4
504 2
99 5
158 3
513 3
381 2
307 2
166 4
91 5
387 4
391 2
198 4
370 1
456 4
178 4
231 3
251 5
252 5
94 1
127 2
458 5
205 3
421 3
437 4
346 3
447 3
283 5
470 1
98 4
120 4
229 2
21 53
1 13
76 86
109 110
38 74
16 76
62 90
6 82
20 36
24 46
8 61
61 117
26 89
7 34
22 101
11 110
82 102
56 98
96 101
6 118
5 103
1 72
7 95
5 95
4 44
57 116
14 63
28 72
75 103
9 114
92 95
25 31
67 110
36 84
0 48
85 87
57 104
18 52
4 115
46 79
14 66
7 54
15 82
28 50
61 118
2 119
66 99
6 53
48 76
49 77
6 83
1 10
54 79
23 58
14 93
11 13
3 11
19 26
14 30
72 106
70 114
18 89
32 45
21 106
110 112
37 110
29 53
23 115
3 111
98 111
62 109
6 108
41 81
22 59
82 103
50 53
57 111
76 99
107 112
15 25
16 35
9 12
7 52
1 82
107 116
45 113
24 37
3 45
22 103
48 89
31 98
53 106
43 75
92 109
30 55
4 35
48 105
14 110
4 34
44 58
63 83
80 93
29 63
51 99
31 113
48 91
84 98
71 105
39 56
58 113
11 26
61 92
17 66
20 21
6 40
96 113
111 116
10 97
16 46
87 89
100 120
94 109
64 89
81 95
34 88
58 100
3 79
77 110
88 107
43 80
50 103
56 81
46 58
43 64
70 115
7 46
19 27
33 108
19 85
4 29
40 89
54 86
85 103
43 84
51 111
29 113
25 86
6 109
37 66
12 50
21 33
47 120
9 13
36 70
44 113
3 42
21 39
31 42
20 44
80 112
23 28
42 90
36 49
33 35
17 76
23 96
10 120
21 66
81 83
36 98
13 47
23 82
4 8
73 119
29 43
5 26
14 120
38 63
39 85
6 62
17 109
86 110
4 27
14 67
61 97
16 90
1 70
4 18
15 63
38 56
34 87
1 96
6 64
17 63
46 64
26 109
29 74
26 113
17 65
27 57
56 58
7 104
71 86
30 33
24 53
21 84
1 67
5 74
51 106
10 38
38 107
46 88
76 104
52 116
13 58
0 113
30 49
57 88
15 32
38 52
64 83
4 57
43 99
28 110
0 92
12 41
43 114
96 119
4 69
95 120
6 22
52 66
102 108
24 106
26 67
28 46
7 12
17 100
75 88
49 88
31 99
34 41
21 48
111 117
13 43
3 48
1 51
88 100
64 100
23 94
12 94
0 80
19 90
48 61
40 115
6 91
78 81
7 18
9 69
26 57
38 46
8 13
27 95
15 86
40 104
53 57
1 30
20 98
109 114
88 119
84 104
26 43
20 61
11 37
3 35
0 40
88 104
27 90
26 104
1 2
0 15
23 111
24 96
21 58
11 39
1 8
72 73
32 65
16 47
74 82
0 2
2 91
43 115
56 97
46 103
46 73
80 94
86 119
26 71
29 47
73 98
42 67
21 97
45 47
29 99
2 35
40 96
36 48
79 96
19 30
15 35
51 87
10 70
5 6
10 44
99 118
33 116
9 54
58 118
3 36
69 77
37 87
42 104
82 84
25 49
44 47
72 113
9 15
93 100
106 110
55 63
12 37
5 33
16 33
44 95
16 24
21 67
67 88
63 71
52 57
38 101
75 99
8 19
27 42
15 83
24 64
8 108
53 112
99 101
55 116
3 105
16 120
54 98
79 95
45 117
7 113
22 53
11 54
4 28
46 109
36 104
3 66
36 64
42 101
69 115
23 67
24 92
34 54
50 115
35 43
28 82
53 78
69 101
54 111
38 86
30 110
39 115
28 114
61 62
8 18
62 79
1 95
21 38
92 115
99 114
60 63
64 69
31 84
32 63
63 97
39 98
76 88
0 39
53 100
26 45
100 113
56 118
41 43
1 57
11 53
51 103
77 113
14 97
9 89
98 101
6 23
67 109
91 114
8 72
31 107
2 7
0 90
67 93
67 118
42 71
48 58
30 81
1 35
3 115
44 80
62 89
25 85
3 74
51 52
90 94
40 74
52 73
49 109
33 77
34 82
54 84
67 84
61 80
42 59
71 108
68 80
58 101
27 53
13 116
10 102
80 95
21 61
12 100
32 74
60 102
0 78
10 86
1 42
112 115
33 102
76 107
5 9
100 103
68 73
96 107
78 97
2 15
64 104
53 59
105 108
5 17
13 20
22 65
27 88
14 27
81 101
86 112
2 49
49 52
60 100
74 93
24 72
20 33
28 63
92 118
5 53
48 51
23 78
28 73
76 84
82 120
18 88
30 97
68 107
8 33
9 73
70 96
3 86
10 73
28 96
91 120
8 71
66 69
18 57
2 11
82 95
50 111
84 107
10 69
99 106
72 74
41 86
36 105
13 96
56 94
15 67
38 42
21 46
90 109
89 94
82 108
7 119
28 42
94 107
34 74
4 10
62 92
20 48
87 100
38 57
83 99
83 90
24 98
58 109
78 107
67 104
16 75
8 48
66 92
21 112
61 94
48 118
0 69
8 90
65 74
25 43
26 33
87 118
5 23
40 70
105 109
10 109
15 99
14 68
79 106
82 117
36 93
68 90
43 102
31 97
9 45
7 36
19 94
14 51
30 72
10 33
77 107
3 87
24 25
50 95
54 75
10 42
18 117
5 119
21 76
31 89
36 110
3 32
76 77
17 117
86 87
6 36
94 110
45 65
27 33
81 91
18 102
62 120
12 38
1 23
15 51
83 113
29 32
33 92
99 107
13 86
19 69
54 92
20 85
74 116
69 114
65 91
9 60
6 18
8 24
43 113
25 56
54 120
47 63
90 97
49 91
15 47
69 86
78 111
49 82
52 77
71 101
0 23
20 109
44 46
3 37
3 93
42 73
31 106
50 96
63 78
4 21
91 102
60 66
46 106
10 92
50 52
11 40
60 103
8 55
24 44
33 64
17 72
100 112
60 81
52 117
59 115
0 49
20 60
32 80
8 65
2 39
54 66
38 102
2 106
33 117
97 117
69 93
14 25
56 61
15 34
3 29
14 32
16 60
32 120
76 93
49 62
28 39
34 61
50 98
55 107
42 54
49 67
70 106
11 14
47 56
18 54
25 65
22 91
2 12
18 49
4 32
16 58
61 84
42 80
10 52
114 119
65 106
17 97
17 44
86 116
18 48
41 96
25 97
81 114
31 43
16 84
53 72
51 63
12 69
98 103
25 93
9 107
23 86
1 116
74 100
20 90
25 106
1 43
42 77
4 53
5 19
29 51
9 112
26 53
58 79
37 44
44 94
34 100
47 104
24 81
3 49
1 38
17 114
29 97
86 117
92 94
87 99
33 66
33 99
39 62
1 110
29 73
29 80
7 87
37 77
32 118
76 92
91 97
23 26
15 117
2 104
9 111
28 101
11 88
30 47
68 91
86 97
3 30
22 82
84 101
1 102
69 98
79 81
0 52
29 59
57 107
59 87
67 75
90 112
43 87
72 98
22 73
40 52
9 56
18 91
17 112
82 92
57 93
65 85
114 120
34 98
0 100
4 77
11 30
4 89
0 18
30 85
89 106
47 64
69 108
4 74
89 101
28 86
56 101
10 76
20 57
12 90
53 95
14 33
34 60
29 42
80 115
20 103
62 119
54 104
43 112
70 84
0 11
5 81
26 75
34 58
39 76
24 79
18 120
0 82
27 75
61 104
95 104
27 92
57 82
64 77
39 117
12 109
40 80
44 103
53 83
6 78
54 89
46 116
67 79
55 102
78 115
40 49
32 56
17 102
4 61
89 114
29 107
45 49
61 87
29 71
16 52
58 59
27 46
82 114
8 98
6 54
59 86
33 50
45 104
33 68
8 42
28 92
0 42
30 94
17 31
49 120
29 94
11 49
63 104
38 90
84 102
6 47
64 90
39 60
77 99
20 88
78 118
11 80
83 97
70 112
76 117
30 82
16 85
5 64
34 49
11 116
9 79
42 120
39 40
71 89
88 108
49 103
72 82
54 106
7 75
45 108
72 97
70 113
25 39
69 92
16 39
6 67
29 84
17 79
3 6
42 52
45 80
15 70
4 113
20 70
46 69
50 109
5 7
8 92
61 78
0 60
37 80
29 102
46 78
16 28
73 87
21 45
43 50
11 101
36 57
9 67
66 100
32 84
86 113
2 27
44 111
64 72
48 68
1 55
66 83
10 41
49 97
73 105
14 85
43 62
16 81
62 73
34 102
24 42
19 78
98 99
2 102
14 43
40 65
87 98
109 115
86 93
49 118
9 25
68 102
13 30
106 118
23 46
2 60
25 46
12 99
69 103
12 106
103 105
7 49
93 113
10 85
70 107
19 88
38 109
43 70
46 102
51 79
71 97
32 92
62 91
32 111
32 33
2 32
36 53
79 104
7 67
90 91
30 38
39 52
60 117
47 94
41 71
48 108
49 55
26 38
7 82
44 62
33 76
70 86
22 95
50 65
7 59
14 102
34 109
31 49
62 97
91 104
64 99
17 88
5 60
24 115
64 74
34 37
37 63
67 116
8 27
18 97
25 75
96 112
7 114
92 104
15 26
27 110
110 115
8 99
97 119
91 105
47 81
23 56
51 92
22 27
16 118
59 109
33 87
64 98
14 15
7 27
0 94
0 68
36 87
19 25
8 69
31 63
28 87
108 116
94 105
44 63
58 86
0 46
40 108
62 103
53 54
61 116
112 113
44 54
23 25
9 18
40 103
35 97
69 74
13 110
41 77
52 106
78 84
11 104
47 85
5 61
62 104
55 93
28 55
29 61
26 34
28 33
10 75
93 116
1 94
32 88
26 88
15 46
23 91
81 92
51 69
13 33
108 119
9 30
42 97
82 111
15 101
32 64
13 34
38 75
74 109
68 117
37 43
34 79
16 61
85 118
43 92
50 77
76 109
70 118
6 57
39 88
8 43
72 103
22 42
70 81
43 108
65 117
58 80
109 112
46 104
33 101
42 91
32 83
25 36
19 92
48 86
39 64
10 36
39 99
28 117
12 82
27 71
65 78
108 113
77 114
35 36
15 110
68 96
9 83
17 118
33 80
40 113
26 63
49 51
34 92
24 56
29 90
25 101
33 100
58 94
77 100
17 45
54 69
101 115
64 76
57 59
27 103
9 35
47 52
37 70
24 107
52 103
8 85
9 11
46 50
49 105
1 100
22 104
15 87
58 82
2 70
22 106
81 119
32 38
18 103
13 70
33 110
34 68
41 101
37 71
45 51
45 87
97 100
91 93
16 63
73 102
32 89
48 67
7 86
14 100
6 105
39 94
101 116
95 108
3 51
26 97
48 97
40 95
42 53
53 113
85 113
63 69
111 113
47 59
50 79
11 118
1 32
15 36
62 93
38 47
33 38
91 99
49 59
72 94
15 62
22 51
21 65
20 89
18 90
56 119
34 59
66 118
2 44
25 32
6 25
18 33
39 102
25 96
105 115
83 93
96 106
90 114
7 109
91 109
66 87
106 114
14 21
51 68
0 50
3 21
15 72
23 41
22 89
59 78
12 120
45 75
9 22
23 68
26 49
13 44
45 115
30 114
36 112
16 96
45 92
11 92
76 98
80 113
37 81
60 69
92 110
81 110
80 105
66 107
75 116
25 111
50 61
57 69
31 32
83 100
92 100
14 76
89 118
53 105
27 117
2 87
12 35
66 98
90 118
77 81
26 35
59 88
10 46
40 117
102 112
45 58
76 89
20 22
15 113
17 75
29 30
42 55
9 40
10 72
55 80
81 85
62 85
57 95
27 51
31 85
75 93
18 115
0 41
90 95
73 74
95 119
15 53
15 17
22 80
28 30
19 61
26 82
13 27
50 89
46 108
0 33
1 89
107 113
93 103
27 34
3 39
44 60
5 11
74 112
47 74
42 92
46 85
13 63
12 101
17 86
27 35
46 71
49 80
61 109
12 93
10 119
23 119
1 76
29 68
99 116
30 43
12 65
60 79
2 10
7 15
16 100
46 84
50 90
74 114
9 20
65 116
62 118
14 42
49 75
99 115
65 114
0 103
51 86
30 119
72 96
81 105
31 68
23 40
23 62
80 103
62 84
31 110
31 115
90 100
75 97
44 118
7 83
12 28
38 53
8 60
52 75
44 65
36 79
72 105
21 107
82 113
55 105
4 88
56 73
11 89
2 78
27 120
42 119
48 104
54 118
46 101
19 62
60 101
45 46
59 73
37 86
48 99
14 105
7 65
19 37
10 89
23 101
26 119
48 56
38 67
90 98
49 116
75 119
50 101
35 69
39 95
11 103
51 81
26 69
48 62
35 101
73 94
43 107
41 88
35 100
36 92
76 94
85 115
73 80
24 57
57 100
9 96
1 108
53 102
17 51
6 93
20 50
17 29
16 78
5 46
16 41
33 109
55 88
77 82
3 5
55 68
65 83
82 101
105 106
78 96
6 76
64 103
22 83
30 87
118 120
56 113
66 79
42 50
6 41
14 58
104 118
19 97
1 103
41 116
27 104
68 104
54 59
45 66
15 27
63 103
19 93
45 99
14 41
24 66
31 79
2 42
75 110
40 110
45 70
8 16
94 116
29 76
10 60
40 63
45 79
12 119
29 110
35 72
23 44
51 91
43 91
36 71
26 61
27 65
107 110
11 115
63 73
44 57
39 101
29 66
54 85
30 103
27 84
97 107
48 106
40 114
32 50
76 100
65 105
64 119
59 93
20 81
20 29
53 80
81 107
18 98
26 108
8 62
19 31
22 97
104 107
38 91
38 70
0 53
3 43
19 87
50 99
66 97
39 53
12 33
14 31
18 108
68 120
53 86
60 111
18 23
81 106
60 99
36 44
34 81
34 65
37 88
28 32
53 93
69 91
74 75
28 108
75 106
26 46
53 87
104 117
38 81
90 106
51 116
6 17
79 113
7 94
46 94
28 100
87 119
45 76
45 119
23 114
18 42
74 117
43 82
27 99
62 74
4 25
61 83
2 99
7 85
5 113
38 40
2 85
1 11
36 39
32 105
84 114
6 106
77 97
15 28
9 65
100 115
51 74
79 94
31 41
13 26
55 67
14 50
9 100
78 113
6 75
44 50
1 93
3 72
50 84
4 48
82 104
81 115
6 29
95 116
0 17
22 58
15 37
36 37
56 100
28 97
106 112
30 83
48 74
27 116
4 38
25 60
61 71
34 97
56 84
42 68
6 52
12 55
16 86
66 78
89 115
87 106
17 92
55 84
7 115
20 35
18 96
25 33
82 105
43 55
88 114
37 85
6 20
5 14
34 115
24 82
80 107
35 92
32 49
43 65
14 84
19 49
15 95
5 55
35 57
33 51
58 84
22 33
23 27
10 88
19 80
69 87
45 110
12 80
41 76
97 104
96 115
70 116
57 77
91 108
0 74
44 53
12 48
58 92
0 38
109 119
6 114
36 97
12 73
48 115
53 65
119 120
15 120
73 112
2 65
73 103
3 16
53 97
77 93
74 94
87 101
63 76
42 72
0 104
33 79
12 61
5 96
59 116
50 55
52 99
14 114
29 31
44 102
9 64
52 87
58 96
4 62
34 43
32 34
13 64
30 36
52 101
3 15
60 118
4 114
108 110
40 97
0 89
22 28
16 32
40 51
71 85
8 40
74 98
7 96
22 81
56 86
30 58
21 63
50 113
92 106
16 99
6 12
9 101
22 102
80 117
21 62
2 112
75 76
33 89
74 79
7 102
49 110
33 112
42 107
22 36
31 114
13 24
2 93
21 44
59 118
45 57
43 44
1 111
37 83
19 21
18 25
2 86
84 85
26 48
58 87
29 36
98 118
23 36
24 58
86 108
45 77
26 120
27 105
28 85
67 100
28 78
60 107
0 115
63 96
40 78
65 113
51 97
113 119
10 56
84 117
89 102
17 119
83 120
81 113
48 57
62 111
76 116
33 98
3 57
25 53
29 118
0 32
16 68
21 113
4 39
36 66
12 116
57 114
40 77
51 101
15 48
113 115
17 107
59 92
102 110
24 48
60 106
55 64
29 88
24 35
58 120
14 38
59 91
31 81
13 25
71 104
0 105
10 67
14 86
8 77
30 78
12 87
70 88
63 118
68 72
8 32
9 36
70 97
6 35
7 66
32 103
43 85
50 108
18 55
18 77
29 106
32 57
70 109
21 43
84 92
61 91
20 93
31 35
19 66
72 100
62 67
69 85
21 96
44 49
18 112
51 72
12 34
98 116
17 49
58 89
7 118
21 86
25 68
67 73
74 118
33 40
39 49
20 42
94 103
6 55
27 45
7 111
25 41
41 56
39 73
94 120
73 104
36 56
29 104
19 29
57 106
6 59
61 103
32 52
28 107
15 114
13 100
83 111
60 110
105 119
23 51
56 78
31 74
1 34
102 119
37 116
36 77
22 56
39 110
46 114
0 57
86 104
60 82
33 86
60 91
55 91
49 68
34 72
39 66
67 78
44 78
55 109
4 22
13 48
69 116
22 66
94 111
70 73
105 107
57 117
110 118
75 102
24 102
43 120
80 120
16 74
32 53
69 120
65 108
6 63
101 109
38 89
32 85
10 35
109 116
22 120
34 103
27 47
10 99
79 92
35 117
51 67
9 80
2 90
5 90
4 30
55 82
11 94
54 72
22 75
94 108
13 106
56 74
48 55
2 74
27 109
41 117
77 88
45 90
40 44
47 67
35 111
51 93
57 112
13 90
36 62
90 113
60 93
77 104
105 114
81 103
4 78
0 37
63 109
16 66
9 26
22 71
77 79
29 64
33 84
22 40
33 105
104 112
68 99
22 24
34 120
30 96
26 64
30 35
29 44
35 62
102 118
10 115
36 106
20 74
46 110
42 102
90 117
29 37
80 92
28 66
27 72
21 87
25 105
24 47
78 112
1 44
2 23
45 97
39 41
5 29
43 89
30 118
37 53
97 101
11 95
18 107
27 70
24 78
21 54
22 96
44 87
79 110
47 50
21 51
13 98
70 94
75 120
3 92
37 114
48 93
65 89
52 94
0 6
17 19
63 68
4 40
21 23
78 104
36 42
29 111
5 88
9 91
22 35
22 68
87 88
62 80
45 50
4 87
29 82
85 88
32 95
39 103
43 116
13 74
28 98
19 28
19 105
28 34
4 101
28 90
24 74
9 57
49 61
1 14
8 113
2 82
34 51
12 98
14 82
43 48
47 110
68 111
19 116
47 75
25 58
81 117
15 45
17 94
11 62
24 117
62 82
44 119
5 52
15 89
48 69
92 112
39 120
9 55
50 86
11 81
32 54
42 109
60 78
46 55
58 90
53 68
45 86
35 37
80 101
87 108
7 68
4 112
2 79
106 117
46 60
14 87
7 88
91 107
18 87
0 119
47 57
5 92
61 101
2 63
53 89
66 120
48 116
46 75
18 28
76 102
82 88
49 85
6 74
26 68
2 69
43 63
4 110
49 73
68 109
55 65
47 88
75 94
15 75
31 38
54 109
43 76
28 54
22 63
3 104
1 78
16 59
2 76
72 119
82 89
9 34
4 93
107 109
41 100
12 97
75 84
67 80
10 81
71 107
70 120
19 51
38 104
100 102
59 82
18 95
15 33
86 106
2 100
4 83
82 91
54 65
92 114
31 77
18 76
88 96
66 116
3 40
41 110
79 88
55 87
12 89
76 83
56 63
7 11
18 36
4 41
13 61
46 52
5 120
42 99
12 18
28 49
16 65
41 92
66 89
19 81
36 119
62 116
28 36
84 103
22 115
65 68
37 45
69 71
79 89
22 62
15 104
58 75
77 117
80 83
6 103
86 95
75 91
56 114
11 99
23 70
72 112
11 33
75 78
32 106
73 91
44 107
65 80
19 60
16 108
24 101
4 90
42 98
3 25
41 106
35 110
34 64
25 112
73 95
25 34
48 107
12 108
1 19
60 120
72 75
68 79
45 114
111 114
20 108
83 91
79 93
48 119
91 94
49 98
59 63
65 103
39 61
27 113
29 77
101 102
34 113
18 86
51 60
11 38
66 109
70 100
11 112
78 117
22 38
56 89
20 68
62 76
92 108
35 41
68 119
51 57
7 99
15 71
19 113
1 49
20 113
13 19
40 90
12 13
35 99
32 117
50 60
69 111
83 103
49 94
32 113
52 54
6 51
28 65
46 83
37 84
57 81
33 120
55 81
77 89
46 117
69 81
53 91
70 79
10 78
23 112
2 48
46 66
17 24
32 43
8 70
22 74
18 94
89 90
57 76
85 104
52 58
64 68
65 95
22 49
8 37
6 30
72 117
87 93
24 77
31 103
51 75
66 106
11 24
69 100
92 97
23 64
53 66
71 110
48 88
55 103
40 86
57 78
63 93
24 90
5 66
84 105
39 48
15 108
5 18
11 42
50 71
19 83
55 60
79 118
58 106
87 115
8 35
23 61
9 27
12 46
54 77
19 106
20 100
35 95
87 104
28 113
47 89
24 114
8 87
5 38
41 62
56 85
66 72
22 100
12 113
8 15
19 107
4 26
50 75
53 110
2 61
32 55
82 109
63 113
39 47
14 77
50 107
47 107
60 74
9 29
15 24
16 48
104 108
7 90
0 59
29 72
48 60
36 101
13 31
21 71
36 72
44 77
88 116
4 46
27 74
53 85
72 89
30 62
24 75
61 106
21 91
112 120
71 87
28 43
14 99
1 118
12 58
9 32
56 92
38 48
35 71
33 73
4 51
26 90
9 87
80 102
27 61
12 26
24 38
83 102
59 103
5 85
81 84
71 99
78 98
5 77
26 103
5 72
23 87
29 87
20 27
20 82
1 53
21 93
21 114
76 78
0 76
58 76
3 64
5 75
37 113
12 19
58 93
0 114
28 57
25 95
11 84
21 64
49 78
37 90
66 68
5 112
2 38
1 73
112 118
10 101
19 34
74 95
38 113
31 61
9 33
45 106
52 74
0 63
35 52
46 62
27 30
27 98
111 112
64 71
35 61
23 33
11 15
57 72
28 62
25 38
5 89
43 94
66 84
24 103
42 116
4 95
35 85
38 106
23 50
24 55
72 84
20 86
10 13
11 120
41 90
46 67
38 58
64 107
42 44
26 30
2 72
52 118
11 71
10 113
33 74
39 54
36 115
89 91
8 111
34 36
19 119
3 117
58 119
49 100
8 59
49 117
11 66
80 98
7 110
17 33
18 85
3 52
58 63
68 101
83 84
26 96
25 28
17 20
42 114
88 89
19 57
37 104
4 84
7 8
1 50
8 20
15 29
38 105
13 46
14 81
2 43
40 54
66 85
101 103
68 81
75 89
98 108
7 19
31 95
3 38
55 114
108 120
63 87
113 120
14 20
38 44
75 107
11 23
25 55
13 49
11 12
76 79
16 69
15 109
48 49
37 54
68 83
51 56
35 65
24 116
110 116
59 99
36 59
6 11
13 65
44 61
4 16
100 104
25 82
86 91
46 56
55 117
36 108
60 95
7 72
8 57
18 84
9 58
37 99
57 79
59 68
75 85
60 70
1 27
50 100
43 71
53 76
47 65
23 107
9 110
34 119
12 117
3 106
12 68
30 89
8 110
11 117
80 104
66 70
37 64
2 24
60 89
60 68
74 106
12 17
103 104
74 76
1 17
35 38
81 93
7 58
39 97
17 40
16 89
42 58
3 103
8 94
3 107
9 37
73 92
21 108
9 93
54 56
67 86
79 85
41 102
7 81
5 80
101 113
59 61
13 39
32 71
32 67
48 103
7 91
61 108
77 101
14 73
74 78
71 83
65 92
17 84
61 95
35 80
69 88
94 119
15 43
24 68
31 112
64 85
4 92
20 41
44 69
21 35
10 104
79 82
23 35
4 7
35 102
15 106
77 90
19 117
74 81
28 41
78 101
79 115
35 39
34 40
36 40
12 32
37 57
87 116
40 100
33 61
57 66
25 48
0 34
37 108
12 103
12 30
35 82
103 108
75 108
59 77
4 72
35 79
1 61
25 29
34 89
7 51
11 55
20 46
66 77
43 100
24 104
27 31
110 120
32 110
26 78
22 98
51 118
52 112
63 65
67 119
13 69
47 114
36 113
44 90
35 54
41 46
72 86
18 26
88 94
41 111
4 23
34 78
61 81
17 67
6 99
27 91
82 94
68 77
61 70
5 93
47 48
8 80
34 76
8 114
24 62
82 97
48 77
31 92
92 101
51 59
37 65
52 69
58 70
42 60
58 102
13 84
5 115
27 60
61 63
61 99
66 75
25 74
57 105
3 10
51 110
46 91
61 98
21 78
32 40
8 67
16 94
33 70
95 96
52 91
3 102
90 105
61 113
25 59
46 82
5 104
10 68
8 117
3 80
28 47
34 48
19 53
46 95
45 112
8 104
88 109
27 97
24 80
34 57
46 120
67 90
95 97
56 96
10 21
11 109
26 66
87 103
17 77
6 69
18 40
93 97
13 73
32 91
28 116
5 13
77 84
15 66
23 100
2 9
22 26
98 112
20 66
87 102
36 88
23 47
55 72
61 76
9 74
51 114
3 78
93 107
57 75
61 90
31 109
47 66
81 109
39 109
25 76
91 115
35 76
15 22
29 81
13 104
54 103
36 91
77 120
57 97
106 115
57 99
26 95
42 63
10 94
57 119
100 109
13 71
0 9
10 19
49 95
10 58
12 77
56 76
24 112
22 87
10 82
9 119
84 86
40 118
18 61
20 59
69 109
85 119
2 110
55 106
5 34
66 67
2 113
15 42
67 68
16 45
114 118
97 110
103 117
2 92
54 76
88 120
26 94
43 88
79 114
41 55
75 104
8 52
11 97
33 45
82 99
47 55
12 36
14 34
101 105
38 65
17 116
42 111
94 104
7 71
41 47
57 74
49 114
76 80
19 114
11 70
21 83
60 113
54 114
19 43
68 92
40 46
34 117
51 58
101 111
84 108
11 18
53 94
5 99
22 110
13 119
38 118
55 83
16 38
9 76
19 44
2 118
76 103
76 101
34 99
46 107
21 28
20 26
85 109
71 119
84 120
25 99
56 59
14 79
5 118
19 41
93 105
28 64
9 85
10 65
1 112
22 112
35 50
39 86
70 89
5 91
31 52
26 93
35 78
73 86
24 120
1 41
60 119
28 93
22 109
1 91
19 65
78 119
4 80
5 97
54 70
93 115
25 67
27 80
64 65
25 117
8 54
61 72
11 73
63 67
38 87
9 108
33 82
72 92
20 55
51 85
83 104
12 105
5 101
17 50
68 85
14 22
6 84
86 101
23 92
74 115
33 37
26 56
27 54
76 105
43 74
71 96
19 40
68 93
29 91
32 60
36 114
44 89
36 116
80 86
57 120
61 67
33 49
27 67
89 108
56 99
30 92
20 24
11 45
14 62
37 46
90 93
0 64
1 114
3 31
80 116
56 68
91 101
9 17
12 104
24 84
33 48
26 112
12 43
70 102
7 14
70 77
17 43
79 119
88 95
7 43
20 114
22 52
31 76
57 103
25 116
10 117
3 108
32 77
12 44
94 101
3 19
5 42
40 83
8 46
4 86
5 117
46 92
22 54
55 115
67 108
45 68
10 66
21 110
20 104
83 94
5 111
98 107
21 22
73 90
16 56
77 111
1 98
16 106
10 47
32 102
16 40
27 38
85 90
49 115
13 95
30 95
17 78
12 57
59 66
5 21
36 69
6 107
100 111
78 94
17 27
22 29
7 26
55 112
65 93
46 80
92 119
64 109
15 73
39 114
6 79
48 50
72 77
13 42
71 103
76 87
20 78
33 57
25 57
12 47
83 114
4 59
21 49
9 71
76 85
43 69
48 102
47 76
12 42
10 84
29 85
55 69
7 84
62 99
59 94
41 73
58 110
5 45
29 105
51 84
101 118
52 63
1 48
64 105
114 117
7 47
52 62
47 91
28 58
15 78
0 88
9 81
10 71
44 96
29 45
16 107
59 74
35 58
40 67
44 97
31 101
68 88
67 120
7 9
64 81
22 113
65 77
57 61
2 34
94 118
0 20
90 102
34 66
26 73
65 79
24 93
50 94
7 56
31 78
7 50
8 36
21 116
16 102
8 119
8 76
74 99
56 71
67 87
96 103
87 114
75 113
91 92
88 111
44 85
62 114
22 32
10 63
4 76
81 104
48 113
21 41
101 114
82 110
59 98
27 82
28 61
33 78
2 28
48 70
35 46
44 104
35 109
5 40
27 62
63 120
28 69
20 77
4 71
21 95
5 36
0 107
54 73
23 55
78 116
26 59
14 24
35 115
50 51
79 83
51 73
58 61
62 117
6 48
41 65
6 88
22 86
55 73
63 74
8 38
19 103
24 111
20 112
44 66
60 98
1 26
49 101
73 111
59 83
37 48
33 93
39 108
11 111
27 118
36 55
34 116
57 70
38 55
5 106
107 118
35 104
53 103
46 49
1 7
7 93
79 91
11 83
38 82
75 96
52 95
39 92
56 70
35 55
13 55
66 76
9 86
55 62
43 90
4 99
55 98
14 74
44 52
43 103
34 80
17 60
94 113
12 29
50 112
44 110
27 89
33 94
47 90
16 79
43 51
17 96
57 80
37 91
1 33
38 95
2 109
21 79
55 66
5 27
59 89
9 21
31 82
13 40
69 99
50 119
53 99
53 84
8 105
18 109
15 97
54 113
7 108
26 55
35 106
20 91
38 83
28 68
103 114
65 109
26 86
82 115
66 114
44 55
101 117
19 102
19 33
65 90
10 83
27 44
16 77
28 119
48 112
7 38
69 72
23 118
57 63
22 30
54 119
60 87
50 82
9 70
20 64
15 88
37 89
17 89
10 116
3 27
69 75
25 52
54 87
13 114
47 49
41 108
35 51
94 114
44 82
70 85
16 109
26 99
82 83
43 56
72 91
37 112
38 108
39 72
66 93
31 65
30 56
66 103
35 53
27 32
11 93
34 105
67 92
79 112
8 34
43 52
47 97
72 115
41 99
52 115
65 75
17 22
83 110
26 105
12 21
102 107
78 110
31 48
76 118
27 79
63 101
18 69
23 71
51 104
46 111
10 50
13 115
35 64
34 84
43 46
62 101
28 60
29 108
36 118
16 42
0 65
62 94
16 67
77 87
7 107
27 40
53 67
21 98
34 101
4 52
21 52
15 84
5 15
24 94
26 31
8 63
42 112
71 77
33 118
58 97
2 30
13 53
0 86
57 71
15 100
34 42
44 91
32 36
104 115
95 112
57 60
61 107
25 30
69 78
50 91
55 75
77 105
46 59
29 38
27 101
42 78
81 120
80 89
16 72
73 88
7 105
85 112
7 22
18 31
75 79
0 25
41 120
42 48
38 85
30 69
57 110
14 16
40 107
36 82
24 76
8 78
58 71
8 75
54 99
15 58
49 60
68 78
33 72
36 83
23 76
34 95
39 104
16 57
31 116
46 98
85 114
51 77
73 117
12 67
0 75
38 94
6 104
9 113
78 92
47 72
54 61
0 43
55 92
87 96
34 39
29 115
44 81
73 89
27 76
48 82
47 98
47 116
77 85
68 106
63 114
72 88
71 116
14 29
49 107
85 86
9 50
37 39
36 96
37 69
13 23
67 114
14 47
36 111
25 77
55 104
99 104
4 36
75 112
31 34
23 117
3 114
101 108
14 55
41 118
30 73
18 67
57 118
11 27
42 88
8 102
6 92
95 113
20 94
68 116
12 118
16 21
62 75
75 100
19 84
28 84
45 52
45 103
18 110
44 71
74 91
12 54
55 119
10 87
9 10
0 16
12 25
7 23
30 57
11 107
45 83
11 74
4 118
73 76
96 99
54 96
22 25
68 82
42 47
38 50
9 106
96 102
22 41
67 83
42 61
5 50
50 97
59 107
5 105
65 101
88 97
43 105
8 112
26 81
74 119
48 53
81 116
55 56
63 80
46 99
95 102
86 102
63 99
89 100
78 109
54 57
58 107
112 116
11 59
0 3
6 87
5 22
4 12
0 72
58 98
68 114
73 81
30 111
53 79
76 97
24 39
24 89
4 120
73 107
30 102
46 81
2 75
8 81
26 74
24 28
43 119
35 74
84 91
8 79
10 34
33 55
44 73
95 98
70 95
33 91
30 112
31 105
8 51
46 86
31 36
23 88
104 111
22 23
10 17
5 58
43 49
14 44
40 42
79 102
33 119
31 111
20 28
67 94
7 103
72 110
46 90
31 70
3 65
23 105
36 102
67 96
46 72
29 65
89 92
68 103
16 20
82 107
36 80
4 37
7 21
32 101
3 62
1 71
51 94
38 71
24 119
36 47
53 98
92 98
22 39
64 93
33 46
63 94
25 47
14 116
22 60
85 116
35 84
60 112
40 81
13 57
33 104
90 101
56 72
1 81
3 46
45 72
18 29
17 53
98 105
17 111
21 77
34 56
69 95
46 70
23 59
52 85
25 70
50 118
31 44
8 91
21 29
41 83
5 28
46 57
8 58
49 84
46 61
6 80
32 109
40 56
15 41
10 79
29 95
41 44
12 53
0 91
11 105
8 84
56 108
50 69
19 55
32 116
100 110
86 88
14 108
31 46
13 94
104 105
72 107
37 49
49 57
6 16
32 72
37 105
24 30
65 81
25 72
106 119
36 63
82 116
54 108
9 61
20 54
20 119
87 109
4 82
21 88
14 19
52 104
21 104
97 99
45 69
2 17
112 119
79 80
63 86
4 103
41 57
37 117
2 115
3 22
22 45
41 70
81 108
60 73
2 3
47 53
41 78
10 30
47 112
11 90
39 106
16 80
67 113
15 16
14 78
54 71
98 115
3 12
2 5
72 120
1 15
16 34
51 80
25 118
90 107
13 87
36 50
13 118
15 98
4 14
11 108
73 97
32 86
4 56
11 60
31 72
26 51
35 116
41 69
16 87
59 81
39 93
35 60
35 94
33 62
1 83
30 106
33 58
72 95
100 108
98 104
44 48
59 76
9 72
56 116
28 80
39 74
45 81
8 100
48 83
43 47
27 115
44 75
104 119
10 29
1 3
48 90
14 80
48 120
47 93
48 65
78 86
55 100
37 52
49 92
84 95
47 86
23 45
6 61
44 101
28 45
6 81
65 67
65 71
29 101
33 67
36 75
78 99
100 106
21 36
62 98
93 110
106 120
50 93
12 115
47 103
24 36
88 113
27 56
10 53
7 89
21 60
47 117
4 106
40 84
62 78
20 95
86 100
6 97
12 70
57 84
6 86
25 61
35 47
43 79
69 118
21 56
42 106
18 50
99 109
60 96
39 81
71 74
50 64
99 113
7 45
33 43
4 50
17 26
32 79
55 78
98 100
17 18
14 37
31 57
69 107
37 101
1 101
78 82
31 47
62 68
87 94
70 99
52 68
14 95
19 110
98 114
81 86
65 104
32 47
62 86
40 102
64 88
8 53
17 101
90 108
1 18
45 54
2 114
58 81
25 115
23 93
62 64
115 118
25 71
9 51
21 80
15 49
27 119
13 97
25 42
7 39
30 53
91 98
54 94
59 80
17 47
34 118
48 101
19 59
7 20
62 77
40 60
11 61
2 53
30 61
45 53
67 105
10 32
50 106
3 109
1 77
40 87
46 63
83 96
23 99
39 89
20 65
18 74
6 32
83 88
21 42
59 101
35 89
91 118
105 118
20 75
6 28
10 15
4 68
63 112
30 80
19 67
95 115
12 31
70 91
38 80
93 104
69 112
53 63
36 43
56 65
87 107
49 102
64 108
39 42
26 76
30 68
5 48
30 52
31 40
8 103
59 111
38 112
74 107
42 93
66 112
29 86
70 105
74 120
22 94
16 112
11 43
78 103
40 58
42 87
5 86
92 102
26 111
60 62
67 76
26 114
5 10
11 20
55 90
76 110
52 67
105 120
37 50
18 46
62 115
13 101
18 38
41 48
20 79
13 22
93 109
79 117
71 112
25 40
95 106
26 77
97 113
43 110
10 45
83 109
18 116
27 37
1 16
68 95
35 108
17 55
44 112
20 84
85 93
33 90
59 112
31 69
54 82
0 21
79 103
37 111
61 86
17 35
64 95
1 36
4 66
64 120
104 109
32 119
92 99
76 91
95 110
82 87
4 58
60 75
35 77
17 32
72 83
83 117
53 62
56 107
4 67
52 102
53 58
6 14
2 62
26 39
16 113
30 37
26 98
103 119
44 86
28 38
42 82
20 69
79 87
59 105
53 74
37 59
2 56
92 105
20 37
54 78
95 111
17 30
1 63
51 109
49 112
59 75
31 51
24 100
23 42
76 111
74 80
81 99
11 106
11 22
5 16
87 117
1 62
101 107
48 71
11 91
62 65
1 12
15 105
41 113
78 83
26 91
69 113
2 120
89 111
53 60
12 40
8 45
71 94
54 58
30 65
14 23
80 99
85 120
0 70
40 92
102 109
76 113
35 91
60 80
77 80
54 101
3 100
44 105
54 91
99 111
53 61
30 109
15 81
83 106
27 28
47 69
67 107
4 111
9 23
16 104
33 97
42 108
27 86
67 111
7 53
78 102
16 82
12 91
22 77
7 16
52 81
5 24
34 38
28 56
16 31
67 85
37 106
55 94
55 101
51 98
64 114
79 86
43 60
8 115
3 101
64 117
75 86
29 116
26 58
25 120
51 71
80 81
17 42
27 78
68 87
87 92
21 75
53 77
42 89
2 13
19 98
38 78
86 89
79 109
22 105
13 21
4 116
7 24
23 48
6 72
11 114
0 54
76 120
17 41
80 84
43 53
20 80
83 119
36 94
79 99
93 111
22 88
12 83
99 103
50 56
13 41
56 79
29 70
12 16
28 31
73 82
40 79
82 98
23 66
62 81
72 109
53 56
4 107
94 98
60 88
38 60
66 96
22 78
10 37
15 39
16 51
67 82
14 103
49 66
56 104
9 24
46 54
45 62
56 110
91 116
11 63
6 56
98 106
86 118
38 76
61 105
97 118
77 92
65 97
8 74
30 84
113 114
17 57
28 29
17 98
50 54
15 54
53 109
52 105
19 118
44 93
52 86
8 88
22 90
24 45
19 63
84 100
25 91
118 119
49 90
2 105
17 73
26 79
32 39
20 43
70 92
51 53
67 89
14 92
92 117
41 74
26 115
27 49
31 73
21 32
87 110
57 65
49 63
16 54
37 40
10 49
31 118
59 110
38 117
43 59
16 17
34 52
79 101
13 54
17 105
39 67
37 95
1 90
68 100
37 109
8 22
51 64
32 61
65 69
0 7
45 89
22 119
10 23
33 56
47 109
25 78
45 109
59 108
15 60
4 60
84 115
102 120
23 63
54 110
2 31
97 120
31 91
7 57
15 119
45 85
16 119
0 110
37 102
66 101
16 70
6 77
10 57
88 92
22 48
33 59
10 11
54 102
43 57
17 108
54 93
33 47
52 113
44 56
2 58
8 97
18 53
0 14
25 108
34 45
107 115
26 72
85 92
6 7
53 92
66 73
37 97
72 93
63 85
23 38
4 100
5 67
33 103
30 86
14 117
70 80
20 101
27 108
19 32
66 110
100 117
12 92
38 54
47 95
49 64
21 81
23 34
98 120
40 73
71 79
13 17
36 90
12 27
54 90
81 87
54 62
6 96
29 41
39 96
57 62
34 90
6 27
33 96
45 91
14 115
3 110
63 117
0 112
35 96
35 42
30 99
55 86
8 109
1 75
41 59
69 110
13 103
28 53
11 41
49 72
47 83
17 64
55 57
41 119
65 87
3 4
32 73
64 92
49 99
77 96
101 110
60 76
10 31
3 28
91 95
10 112
23 110
59 106
2 52
73 115
71 81
24 27
100 105
5 35
37 51
4 104
43 86
5 98
16 25
42 96
42 117
41 109
52 64
46 96
0 29
22 43
57 115
30 93
3 50
54 81
53 81
4 24
7 69
83 85
18 51
38 77
27 69
7 92
31 50
51 113
54 74
21 103
38 59
82 100
18 80
80 91
0 99
66 88
75 80
28 79
58 74
25 103
2 67
41 53
13 88
92 93
83 107
24 110
2 19
91 103
101 106
4 43
62 71
64 110
47 54
71 73
16 91
38 41
14 118
38 115
56 60
16 116
23 29
43 93
60 116
27 83
96 98
26 50
51 70
10 80
7 64
52 120
9 84
60 61
35 45
102 113
57 98
87 95
6 15
74 92
60 65
39 105
87 120
37 96
51 78
36 61
73 114
102 115
97 98
83 87
19 64
83 95
0 12
44 115
59 120
50 58
75 98
20 71
20 87
13 68
16 111
24 29
45 82
10 90
16 71
64 112
117 119
41 51
57 96
30 66
63 106
32 81
74 105
86 120
75 101
6 37
15 77
41 107
75 81
32 68
18 44
59 114
21 89
79 116
36 68
59 113
61 79
49 71
20 39
12 62
34 83
7 55
41 94
20 92
56 66
62 102
41 52
4 54
17 21
0 108
53 107
45 60
3 91
17 81
15 116
34 47
28 67
85 111
22 117
70 76
27 55
57 113
62 83
48 66
95 101
3 77
20 72
18 104
12 59
7 76
78 91
23 97
3 85
16 103
36 117
13 92
92 96
23 103
38 92
28 99
34 85
19 79
22 64
51 83
51 88
56 83
55 59
29 114
5 57
89 112
109 111
23 54
72 81
11 69
1 92
3 20
37 107
0 85
12 112
13 38
1 20
43 58
7 63
67 102
29 83
26 41
108 115
26 27
41 80
0 8
42 51
45 78
4 20
64 70
54 107
61 100
28 83
76 108
31 108
18 82
64 115
18 100
2 57
22 72
39 58
19 22
27 112
40 76
16 37
49 74
38 93
84 111
29 69
42 115
12 72
42 94
20 120
50 117
71 115
21 118
59 79
9 48
16 49
44 74
44 79
53 82
6 60
14 112
117 120
13 112
5 39
26 87
3 82
25 109
21 92
9 109
6 8
55 76
48 111
47 115
14 113
45 120
45 84
1 45
1 115
15 92
16 88
24 69
35 70
27 52
77 95
1 21
58 85
64 87
99 110
46 48
117 118
38 96
98 117
40 88
102 106
20 25
77 102
15 80
45 55
63 115
62 69
59 67
63 89
85 100
23 65
83 115
41 89
9 46
47 108
54 95
9 75
68 113
9 49
97 105
103 107
62 107
44 45
22 76
28 70
75 90
15 21
9 43
99 105
0 117
4 5
45 96
56 93
69 90
28 105
107 111
47 102
46 87
15 57
100 107
64 66
50 105
65 119
34 75
47 79
40 47
80 108
94 102
7 33
100 119
4 15
66 119
0 77
84 93
57 58
25 102
96 114
92 111
15 107
19 56
71 75
67 97
33 85
28 37
63 98
44 88
12 56
90 96
14 119
50 57
12 81
54 88
76 114
66 95
79 100
81 98
0 84
86 94
18 45
5 102
56 109
42 118
80 88
49 58
30 100
44 116
32 75
4 33
53 115
75 95
68 108
33 106
2 36
19 20
56 111
15 44
23 85
71 100
22 85
64 86
78 85
64 78
37 74
50 104
8 47
58 64
49 53
91 119
42 70
17 103
43 96
86 107
21 47
48 110
63 88
56 115
77 108
7 100
18 41
10 107
11 78
52 56
29 48
68 86
9 52
24 34
44 99
35 49
42 66
0 111
73 93
33 114
0 51
8 25
37 82
18 24
95 103
88 105
35 59
48 87
103 115
78 88
63 81
24 43
14 60
2 73
33 53
58 112
35 98
1 99
38 39
43 78
25 44
69 102
2 107
21 99
10 16
60 115
21 68
11 29
70 104
73 79
68 69
9 47
13 62
94 117
51 120
14 26
2 98
93 119
51 82
7 60
34 112
13 35
41 87
102 105
74 83
56 57
1 9
58 105
9 92
46 112
80 110
30 101
40 48
85 91
36 89
0 71
41 79
23 106
14 39
3 98
35 56
12 71
29 60
62 96
7 79
2 103
16 92
34 69
25 80
4 91
7 73
22 84
57 108
36 81
3 17
2 55
39 78
14 72
61 85
92 107
69 119
8 96
88 118
32 66
14 109
35 119
18 93
58 95
82 90
19 68
86 111
109 118
43 106
85 97
56 64
29 57
73 101
78 93
17 71
46 119
75 92
59 97
11 50
19 47
3 68
36 78
0 45
9 94
30 88
8 107
52 89
39 118
16 98
11 48
14 94
63 82
48 80
54 112
50 59
26 65
59 71
113 116
68 74
20 63
19 108
42 75
47 118
13 28
3 73
13 50
9 78
7 74
5 107
63 116
10 12
29 96
15 96
17 28
76 81
4 97
74 90
34 44
27 111
83 118
19 89
76 96
9 105
48 59
34 110
36 60
13 32
22 92
27 36
39 116
3 69
46 93
40 99
30 107
1 105
28 95
85 107
57 101
36 46
66 102
53 90
7 117
68 110
15 50
71 109
17 120
3 47
20 118
23 89
74 97
89 119
12 39
55 79
18 19
33 71
34 91
32 107
26 42
26 29
49 83
18 47
87 112
8 31
27 39
27 68
64 118
15 31
70 117
63 111
5 109
26 47
28 75
107 119
16 18
7 31
49 56
1 5
32 98
47 87
27 73
70 78
16 55
67 70
89 109
98 109
16 53
2 101
45 71
75 82
99 117
38 72
51 55
88 91
10 64
22 31
89 96
19 100
73 120
60 71
85 95
63 105
1 68
16 73
5 78
45 63
62 66
102 104
8 44
10 103
27 102
111 115
25 89
29 93
15 40
8 41
0 96
40 41
58 65
84 113
81 89
64 106
57 89
32 62
40 57
85 101
80 111
35 87
51 117
7 61
48 73
5 79
6 10
4 85
51 119
53 73
52 97
42 81
0 95
47 96
20 117
8 93
52 90
10 98
46 89
27 50
14 69
43 61
52 60
18 21
64 116
28 52
23 79
42 43
103 120
73 108
23 74
44 72
20 49
69 89
89 98
13 59
39 119
31 104
90 116
17 52
16 50
24 60
108 111
11 65
111 118
64 97
0 26
77 109
37 118
37 55
30 46
61 69
80 87
59 119
50 120
81 90
104 110
50 66
88 103
28 106
39 113
84 116
31 86
43 54
85 105
17 82
33 34
29 75
96 116
97 115
52 92
21 70
11 51
12 78
73 100
99 108
66 115
89 107
3 89
45 73
36 109
10 61
60 105
27 29
27 85
19 86
39 87
14 96
30 98
10 96
9 44
52 108
36 99
32 96
71 92
6 24
65 112
17 68
93 96
0 79
67 98
6 73
108 112
17 62
45 101
32 35
38 73
19 109
31 120
4 9
62 72
20 47
80 97
4 65
3 95
25 100
44 84
81 97
58 108
31 93
2 51
14 70
53 114
17 87
105 116
49 86
3 81
61 75
14 18
25 51
10 14
26 28
16 117
86 115
26 36
3 96
24 26
110 111
30 44
52 71
51 112
75 109
26 60
65 111
43 77
53 71
24 118
67 71
24 97
17 23
0 22
50 102
13 117
13 15
86 99
116 117
26 54
66 113
71 120
8 73
5 114
111 120
31 66
84 89
3 113
12 64
21 119
1 117
67 95
48 52
35 112
16 29
16 26
82 112
102 116
52 65
69 97
67 81
71 102
29 54
15 20
24 73
5 25
56 120
44 64
3 97
39 59
13 99
21 37
31 119
5 82
12 23
55 61
50 73
55 113
41 95
35 90
37 62
4 79
53 120
48 81
20 99
21 40
65 96
50 70
23 84
102 111
23 98
45 59
62 113
74 84
87 97
33 88
89 120
12 66
108 118
19 24
48 114
50 114
93 120
0 58
17 113
2 50
2 64
71 91
97 106
35 88
58 77
5 116
52 53
44 83
9 68
79 120
65 72
17 95
35 103
63 84
83 98
27 58
25 92
7 120
14 91
25 79
22 111
20 111
31 100
33 39
51 108
76 119
2 84
48 79
6 70
51 115
7 41
30 45
27 41
28 51
71 117
8 21
5 31
58 62
27 106
18 73
13 78
14 111
10 100
75 111
53 64
2 22
17 106
0 98
37 75
33 41
29 39
97 111
10 59
61 93
45 64
9 117
35 81
26 70
52 98
48 78
51 90
43 98
11 76
88 110
53 69
33 115
63 107
41 85
116 119
52 107
35 83
100 116
8 120
37 47
0 62
53 119
74 88
6 102
1 54
58 114
52 114
40 59
3 99
78 120
40 61
16 27
9 53
18 118
29 62
24 109
13 107
9 99
20 38
21 72
57 73
16 105
19 54
19 72
1 104
75 77
2 45
69 83
90 92
29 119
11 57
7 101
8 68
112 114
6 38
42 74
22 47
83 108
20 73
72 104
35 68
16 22
88 112
20 102
28 118
6 44
19 76
23 102
32 82
35 66
25 98
16 44
74 89
89 95
1 59
51 96
11 67
51 54
49 69
9 66
4 55
9 90
93 114
3 76
55 118
3 116
19 71
4 73
64 73
61 66
80 96
38 61
20 62
1 39
46 68
47 80
26 80
18 43
34 77
52 78
16 19
38 68
56 112
0 5
34 46
31 59
47 82
36 73
25 107
60 108
103 116
71 76
82 93
4 11
61 120
0 35
5 43
4 109
21 34
6 49
31 75
8 66
41 112
15 52
26 37
28 94
95 118
73 113
72 87
8 26
0 28
84 90
37 72
35 93
58 68
40 106
37 120
11 82
70 111
34 93
47 61
34 62
79 105
26 32
65 76
19 91
47 70
19 99
57 67
75 87
16 23
13 102
31 64
41 42
105 112
35 113
106 111
13 36
60 97
26 92
0 36
33 63
53 88
30 54
2 21
6 65
115 120
29 34
100 101
9 95
22 50
55 97
17 39
45 67
50 83
21 31
25 83
19 120
77 119
77 94
0 44
22 67
8 101
2 46
50 68
6 68
7 28
39 84
19 48
41 58
47 92
4 31
67 72
3 7
38 111
84 118
20 56
12 63
92 113
58 73
96 108
37 94
35 114
18 27
29 98
45 74
7 42
103 118
45 61
106 116
42 110
86 105
93 112
24 86
26 118
28 48
22 57
48 84
77 86
101 104
25 64
58 69
81 82
73 85
50 116
71 118
46 47
42 57
49 108
83 101
42 65
13 111
41 93
62 88
57 91
29 58
24 99
54 60
6 120
53 108
11 35
38 79
3 54
39 46
0 93
18 66
66 86
101 119
39 45
11 25
103 109
3 112
55 111
15 102
48 117
75 117
54 83
15 18
55 99
3 44
8 106
60 77
6 90
26 83
13 66
40 98
17 74
25 104
55 58
24 41
37 78
34 73
10 20
24 67
26 62
20 53
45 118
20 45
27 64
3 84
19 70
64 111
9 104
58 60
18 71
3 23
17 110
50 63
18 81
60 84
73 118
66 82
14 36
1 24
5 110
11 113
23 60
0 73
31 55
74 108
46 74
49 76
54 115
49 50
30 113
31 56
23 53
40 66
27 63
25 88
11 85
25 69
21 101
8 28
33 111
20 67
12 111
53 96
63 90
57 85
42 84
55 96
14 54
36 38
8 14
86 92
18 68
28 74
68 71
24 31
32 46
70 87
77 83
35 44
74 111
14 35
43 66
35 120
4 119
21 24
84 99
43 83
70 108
1 64
43 97
2 26
18 119
45 98
52 61
53 104
11 44
20 83
38 99
72 85
102 117
26 102
31 71
41 64
29 100
9 28
27 48
47 111
30 59
3 70
21 50
114 115
61 74
18 101
52 76
71 82
26 100
36 45
93 98
94 97
29 56
37 56
37 58
91 110
22 99
88 90
41 114
11 21
72 79
6 43
37 73
30 74
22 44
75 83
1 69
116 118
0 120
37 38
37 67
24 52
93 101
103 110
105 117
16 30
24 33
33 44
14 53
11 75
18 111
24 70
3 63
35 40
1 86
1 29
1 109
48 64
15 23
19 35
30 51
16 93
63 75
96 120
17 93
90 104
14 48
72 102
19 45
72 118
6 115
48 72
20 52
2 16
36 103
33 69
102 103
70 83
57 86
50 110
24 85
84 110
69 79
22 118
104 116
63 100
72 108
15 64
0 10
30 63
11 79
68 84
38 120
39 44
44 117
6 58
108 114
32 70
23 31
31 88
20 107
94 99
78 106
31 33
31 90
74 77
7 62
5 84
31 94
43 68
37 41
58 67
40 111
13 56
65 70
42 76
26 44
17 58
32 112
30 48
30 71
55 108
24 50
29 40
4 13
28 102
20 32
12 110
19 101
10 105
32 108
17 104
82 119
81 111
50 78
72 99
25 45
18 113
58 78
21 105
25 119
90 115
48 96
41 54
93 95
27 77
23 120
94 112
14 49
38 62
25 94
17 56
42 62
2 94
11 119
97 103
7 30
55 77
12 85
13 60
47 99
95 114
25 35
5 44
3 119
36 76
26 101
18 30
19 111
18 105
40 62
67 74
23 37
21 109
15 38
33 113
52 84
39 90
55 74
41 104
71 90
27 100
83 86
3 56
31 102
18 65
21 94
28 59
3 18
9 41
39 50
14 52
7 97
30 75
65 88
30 108
27 81
41 61
10 74
65 102
56 69
3 71
30 50
6 50
66 81
38 43
11 17
83 89
41 67
23 72
40 116
59 84
32 99
14 107
55 85
1 47
78 95
33 107
71 72
79 90
9 103
5 76
19 112
79 97
68 115
43 109
21 117
61 64
111 119
101 112
80 90
1 4
32 42
24 108
19 46
61 73
40 64
38 110
18 22
14 71
13 81
70 74
85 94
88 99
1 22
57 94
5 12
23 39
21 85
13 37
25 50
57 109
15 69
85 110
61 110
67 106
36 41
63 110
7 32
53 55
32 104
47 60
39 70
18 106
28 89
6 71
61 119
5 37
10 54
11 56
2 68
91 106
95 99
88 106
9 102
110 119
10 26
7 78
2 33
35 75
0 55
37 103
94 95
72 101
69 70
35 118
12 22
2 40
48 63
9 39
30 41
14 57
56 62
38 64
15 111
65 94
18 39
12 86
30 67
56 87
6 116
84 112
15 68
76 106
3 60
87 91
0 109
14 28
19 38
108 117
31 62
25 84
27 93
7 77
19 42
0 4
58 111
33 83
30 76
6 13
18 35
9 14
1 84
8 56
9 98
37 61
32 90
72 116
38 100
27 66
3 90
72 76
19 73
7 17
47 113
96 111
23 108
11 72
62 110
91 111
12 49
14 45
4 102
76 95
113 118
39 82
59 96
23 30
32 48
79 98
28 103
47 105
23 113
95 107
38 98
63 79
30 79
15 65
97 112
12 114
30 70
18 92
27 107
10 22
74 86
6 112
7 70
26 52
17 70
43 45
19 104
5 41
7 106
63 77
42 69
12 76
92 120
62 100
29 92
57 92
2 116
15 94
15 115
62 63
49 81
82 106
68 118
40 71
54 80
18 99
67 77
44 109
13 75
18 114
49 113
42 100
10 39
28 77
21 55
65 73
60 104
69 105
90 120
115 117
73 99
41 115
35 48
9 62
0 116
71 78
26 40
96 100
44 70
27 114
15 103
8 49
18 79
30 32
18 37
18 78
14 106
63 91
0 102
32 41
0 118
4 98
57 87
59 64
22 108
32 78
16 83
13 109
12 20
45 111
28 35
88 117
43 111
103 112
41 72
43 73
6 95
34 50
83 116
59 90
21 73
40 93
0 101
4 47
8 118
67 99
30 90
23 83
28 109
25 87
4 108
3 34
81 100
37 100
3 67
40 85
29 79
31 53
13 80
109 120
23 24
25 73
44 68
23 69
55 70
9 115
41 66
53 111
16 95
34 55
65 86
30 31
42 56
49 87
78 89
29 78
24 40
21 100
64 75
17 48
43 117
22 37
80 82
21 27
10 18
23 95
25 90
25 66
77 116
9 120
74 87
65 118
42 105
62 108
32 115
50 85
70 119
8 39
31 87
7 40
90 99
13 113
25 63
39 83
57 68
6 101
45 88
23 73
3 55
49 79
52 110
17 85
96 105
32 97
65 99
7 48
7 116
49 70
54 105
42 46
10 110
93 99
64 67
29 112
9 38
21 111
16 36
107 114
