122
6
664
60
323 2
18 2
719 2
709 4
146 2
622 3
573 3
613 1
143 4
524 2
798 1
214 1
180 4
834 1
545 2
217 1
529 3
74 4
713 5
567 3
812 2
722 1
595 3
694 5
588 2
165 1
541 5
649 1
472 3
808 4
16 4
287 1
396 1
426 2
437 1
402 2
83 5
69 1
826 2
23 4
509 4
239 2
117 4
69 2
492 5
435 2
681 2
259 5
684 4
266 4
769 3
419 5
320 2
196 2
572 4
454 2
728 2
99 5
492 3
24 1
613 4
837 2
218 3
78 1
609 2
731 3
470 4
82 2
333 5
331 3
831 2
769 4
255 1
533 1
424 3
770 4
501 3
159 2
107 1
716 3
203 5
77 3
150 4
139 2
252 1
468 5
779 4
108 1
571 1
173 3
418 4
354 2
384 5
803 3
498 3
576 2
97 2
721 4
466 5
237 4
466 2
513 4
520 1
201 4
88 4
411 3
536 5
312 5
529 1
577 2
248 5
130 3
331 3
647 4
646 3
417 3
223 5
425 1
353 4
720 4
694 2
783 1
19 70
66 68
76 117
101 114
37 108
5 75
61 74
36 93
12 102
47 116
69 101
54 99
42 116
28 117
10 119
80 88
37 100
29 96
92 98
38 78
100 111
1 68
7 85
63 90
91 112
56 112
18 34
12 32
73 108
27 32
88 112
61 77
28 94
27 83
82 110
46 106
63 78
18 29
75 94
57 97
42 54
2 68
92 109
0 29
60 104
2 114
19 87
3 91
62 116
36 110
10 106
36 121
6 83
5 16
2 84
69 105
91 94
14 22
13 120
71 104
12 82
13 41
31 95
21 80
102 107
37 62
19 90
29 37
3 105
2 87
27 31
15 18
109 120
41 88
73 77
29 49
24 55
74 101
49 94
104 109
18 24
24 29
12 29
86 111
69 73
56 107
23 105
69 79
38 42
47 99
23 34
52 110
42 95
89 94
49 95
18 117
47 115
4 6
9 40
15 96
78 85
56 67
43 86
50 105
86 114
47 101
72 114
70 73
22 118
39 78
0 14
60 78
90 102
19 97
1 69
92 110
15 84
26 40
20 95
3 89
11 17
63 71
16 76
68 76
57 94
51 54
3 54
85 106
43 76
6 75
84 103
55 79
78 100
31 46
65 110
48 107
18 105
33 66
19 61
16 85
60 101
106 115
65 67
50 117
17 53
25 56
3 8
33 81
36 102
5 55
23 29
1 9
3 87
35 81
44 54
1 112
3 116
41 59
72 113
25 80
41 114
36 59
83 94
24 118
45 47
9 50
21 40
85 93
13 24
25 55
25 69
23 100
9 59
21 90
41 99
36 67
29 84
27 88
38 117
6 53
26 80
83 121
21 93
6 111
106 111
104 115
10 120
15 43
37 90
0 90
36 37
60 61
51 98
53 109
6 70
90 106
29 38
51 104
26 119
17 37
29 117
25 104
19 115
39 68
21 58
5 49
5 66
69 99
34 92
24 109
45 102
29 94
84 119
1 10
13 42
4 92
41 81
56 84
41 63
40 80
63 65
42 119
46 90
9 85
14 26
20 103
11 43
92 116
93 95
24 58
37 70
21 121
97 98
46 52
65 79
0 20
17 78
13 35
76 81
31 61
40 77
45 49
61 111
102 121
27 106
3 60
1 70
67 107
59 106
23 86
3 79
3 113
62 114
41 93
17 87
60 82
91 108
34 98
17 97
62 92
95 120
58 84
21 95
22 66
47 49
119 120
2 20
101 118
85 118
106 109
0 71
20 36
5 39
11 23
4 43
3 118
18 60
3 111
31 36
42 94
10 91
26 54
82 90
62 102
95 96
75 76
11 42
31 115
4 120
72 92
24 39
43 57
55 95
20 33
9 92
9 86
10 115
36 107
31 92
109 119
71 111
3 49
36 114
42 70
14 24
110 117
39 48
6 97
27 98
16 91
3 6
50 93
16 121
49 59
45 93
33 74
43 92
63 94
4 103
7 39
10 67
42 49
103 118
24 87
66 80
71 79
5 17
70 92
89 112
108 116
12 22
0 58
26 66
43 113
6 36
53 57
37 59
61 112
82 120
42 60
73 104
65 103
16 87
40 49
3 101
0 25
52 116
24 36
94 109
15 70
91 104
53 100
77 90
23 64
5 118
30 34
18 20
2 112
2 64
19 60
29 79
3 64
29 59
12 34
67 84
45 101
33 98
25 34
34 85
10 71
52 82
9 43
6 88
37 120
52 87
39 65
10 111
59 109
3 102
5 47
1 53
31 78
39 118
89 100
71 91
62 107
29 63
31 113
62 79
3 48
49 93
58 76
52 104
30 44
11 16
95 115
98 110
1 62
20 55
50 109
102 112
52 119
24 33
60 119
89 106
66 87
58 104
30 58
102 110
11 92
3 23
86 102
41 97
65 69
15 38
8 15
0 27
8 119
15 99
66 96
4 65
25 81
6 32
86 119
2 47
93 117
36 118
25 27
34 39
53 86
10 113
71 82
15 108
45 119
60 96
67 88
42 82
31 56
26 82
18 86
78 87
107 115
24 90
49 74
64 65
84 109
27 114
103 109
33 60
74 109
28 108
95 105
74 102
92 104
56 90
5 80
3 7
16 52
99 103
15 36
55 78
4 93
61 91
10 75
67 119
84 86
48 60
12 35
21 45
39 83
17 106
36 79
56 117
87 102
0 24
47 61
50 94
28 38
40 107
80 106
8 49
15 20
0 97
67 83
34 102
68 118
9 106
6 12
4 36
75 79
7 36
57 72
6 120
42 101
23 62
42 117
98 116
82 116
26 108
40 112
23 90
36 58
17 62
43 94
8 97
37 76
20 120
33 35
86 89
80 94
1 31
2 106
33 118
65 102
2 50
61 76
82 114
13 25
89 107
81 82
22 34
1 82
25 68
36 71
24 51
44 121
78 88
65 70
21 86
60 80
58 82
22 48
7 87
63 111
0 92
24 93
24 89
53 67
5 60
0 83
27 58
15 79
34 68
67 103
53 117
36 46
28 54
39 50
20 117
36 55
4 117
5 8
30 35
55 86
38 67
1 81
71 92
84 97
7 29
27 37
30 104
17 95
1 48
29 72
31 51
6 34
4 38
74 79
53 59
66 119
14 78
90 117
7 73
103 114
53 63
18 79
61 104
56 79
3 45
15 31
81 96
28 88
33 52
94 115
35 78
25 89
53 94
22 72
98 100
79 104
43 84
9 48
43 55
13 33
20 57
78 80
54 55
108 113
22 58
15 27
6 19
67 113
48 90
17 114
51 83
88 110
65 91
12 98
61 65
44 69
20 106
12 65
49 121
61 103
12 92
24 107
18 78
45 120
85 91
49 58
14 106
38 76
59 91
13 57
32 112
17 50
9 61
71 94
17 91
58 105
6 21
25 85
47 102
63 114
8 85
53 68
38 53
65 111
17 20
88 100
30 39
6 105
55 59
13 47
0 81
9 24
14 15
2 46
74 95
55 98
28 53
27 99
50 82
54 107
68 107
28 71
69 76
21 117
17 40
100 107
48 113
27 66
8 121
44 87
