127
8
4720
60
543 2
587 2
808 2
749 4
454 2
838 3
466 3
222 1
394 4
331 2
791 1
360 1
879 4
440 1
496 2
745 1
707 3
647 4
60 5
138 3
167 2
830 1
694 3
373 5
507 2
476 1
492 5
468 1
203 3
240 4
734 4
575 1
713 1
534 2
233 1
463 2
636 5
851 1
415 2
111 4
532 4
203 2
528 4
640 2
146 5
129 2
961 2
90 5
293 4
337 4
636 3
519 5
810 2
524 2
734 4
376 2
90 2
699 5
885 3
308 1
755 4
830 2
693 3
267 1
462 2
153 3
549 4
821 2
277 5
566 3
316 2
881 4
831 1
971 1
887 3
440 4
240 3
904 2
223 1
380 3
969 5
698 3
66 4
264 2
787 1
152 5
950 4
217 1
508 1
398 3
862 4
262 2
538 5
797 3
638 3
350 2
392 2
318 4
582 5
712 4
202 2
508 4
483 1
719 4
253 4
668 3
590 5
464 5
127 1
534 2
524 5
981 3
196 3
243 4
496 3
148 3
105 5
103 1
575 4
897 4
787 2
869 1
422 2
155 3
151 4
509 3
133 2
58 60
0 68
1 27
85 117
35 90
59 105
60 81
1 76
12 22
74 78
14 46
50 111
96 104
10 49
90 112
71 126
35 82
55 71
115 121
9 122
4 13
35 51
1 122
5 92
4 122
52 106
11 80
11 66
104 108
28 85
78 87
79 125
42 66
26 29
0 40
53 58
52 94
45 48
83 109
121 125
47 69
72 103
99 113
35 73
64 93
5 64
18 81
8 123
21 106
34 99
36 61
97 123
2 93
103 115
99 108
16 17
5 95
13 104
13 35
63 86
82 104
54 122
29 115
75 93
94 96
11 72
38 92
22 57
18 70
34 102
46 104
26 37
89 93
39 44
14 88
37 42
67 106
119 121
14 23
15 26
5 48
23 79
4 39
76 116
111 116
41 94
78 110
69 74
83 111
44 92
14 104
49 63
107 116
16 44
10 78
94 105
26 66
8 92
37 60
27 91
70 97
50 83
47 74
29 95
44 94
26 100
66 81
63 126
3 123
0 95
20 24
55 108
43 91
77 90
3 54
80 116
34 110
46 70
71 77
75 78
53 118
58 69
49 80
62 89
53 79
3 103
30 116
76 78
89 120
2 69
51 82
96 117
24 36
60 88
3 15
17 105
31 74
20 99
30 106
99 119
87 124
20 46
15 55
47 86
87 93
3 79
11 40
44 117
20 51
33 36
96 106
99 102
30 119
41 71
35 94
55 83
77 114
34 94
24 38
93 100
39 70
33 83
48 77
10 37
13 43
84 99
12 52
73 106
13 62
57 98
11 70
15 47
20 72
13 125
9 95
23 59
27 118
36 92
33 110
15 103
18 90
74 117
2 16
39 97
87 120
104 115
69 80
17 51
35 72
4 108
77 88
97 114
8 125
44 61
98 118
27 72
31 59
37 86
40 121
28 89
24 62
18 109
31 93
20 40
28 95
61 62
19 47
58 94
14 41
60 103
65 86
12 70
84 113
1 97
14 64
50 74
52 78
41 50
35 68
58 63
32 85
40 68
13 84
10 83
34 60
26 64
9 91
86 106
45 80
35 52
2 60
83 100
92 93
108 117
26 54
5 18
28 63
45 81
60 107
32 125
3 78
8 41
86 103
11 110
12 125
13 79
62 65
3 40
7 43
1 60
114 117
44 64
37 113
44 99
55 112
49 83
35 47
68 119
35 62
10 34
25 109
79 83
51 79
7 25
43 124
14 31
17 87
85 121
104 111
87 118
15 83
5 31
1 55
16 33
6 68
3 31
48 81
26 52
35 85
22 53
92 98
2 56
50 90
18 65
15 38
64 80
48 53
78 84
65 119
14 70
23 100
105 115
5 107
3 6
15 59
10 70
19 85
103 113
56 119
65 91
17 101
92 108
46 56
19 78
89 101
10 58
19 23
25 104
68 105
2 107
47 62
17 39
8 106
45 54
31 82
44 75
102 107
53 97
15 28
1 38
30 47
52 123
71 108
40 90
73 90
64 120
12 55
78 119
88 114
16 69
2 63
12 60
41 53
7 66
25 42
24 39
57 61
47 100
50 72
4 126
66 121
27 81
76 89
103 117
60 109
49 69
24 83
81 125
15 126
82 102
107 112
69 115
4 115
23 123
79 115
11 125
33 60
80 87
11 68
47 77
21 82
27 71
114 125
64 121
14 56
48 117
32 86
4 28
9 46
48 112
35 67
8 53
35 102
68 83
36 122
17 70
57 112
60 65
19 100
61 88
30 76
18 61
78 107
65 71
89 114
57 115
60 93
34 125
57 87
109 114
99 107
71 113
10 79
0 73
82 111
31 83
25 54
41 46
79 119
18 22
85 96
30 100
76 97
78 113
90 106
50 84
29 89
113 114
11 39
43 95
25 63
60 104
106 115
21 126
16 31
4 49
86 110
3 108
41 64
59 125
23 67
1 45
76 124
76 99
47 118
74 96
0 17
69 96
49 107
53 88
55 96
13 106
13 15
86 92
25 67
17 112
33 52
56 105
34 40
70 99
61 68
88 100
68 111
30 42
26 87
21 114
31 68
86 109
54 63
67 114
3 52
82 103
68 100
80 110
12 32
17 24
9 121
84 106
8 30
15 91
91 109
34 122
23 93
62 79
74 119
44 126
5 9
61 82
17 22
69 88
26 69
65 82
83 89
33 79
53 126
17 65
53 60
0 113
72 90
108 122
61 66
36 55
61 105
53 98
63 68
32 107
92 109
117 120
68 72
37 40
53 57
10 14
40 50
10 116
70 104
73 97
2 59
1 7
67 115
34 47
3 69
83 103
19 108
111 117
93 105
61 76
19 89
37 98
76 96
5 117
41 84
3 115
60 80
56 94
10 94
1 71
16 55
8 75
72 106
44 53
7 89
6 30
37 58
13 100
102 121
56 59
59 114
30 104
55 110
4 96
21 88
9 72
58 109
20 57
10 66
26 48
47 117
42 116
91 105
91 124
19 115
5 114
61 125
34 35
6 93
29 79
31 113
41 42
11 47
24 28
28 62
7 17
34 75
40 123
5 112
1 56
25 83
113 119
57 116
14 106
3 17
29 71
20 21
2 42
105 109
14 74
93 113
18 30
68 103
25 47
79 110
32 123
1 118
14 49
56 122
64 81
25 94
4 15
27 30
115 117
31 58
21 120
82 87
89 108
56 89
57 88
1 24
66 93
0 88
7 95
19 37
40 82
41 58
26 62
50 67
21 94
16 47
23 114
30 70
25 121
62 71
60 61
47 122
34 66
78 85
19 94
8 79
88 101
14 52
13 121
7 102
46 79
13 32
12 69
15 19
43 46
94 124
45 115
81 124
16 56
8 36
55 60
0 98
61 96
28 44
18 64
54 109
48 84
54 124
18 82
9 83
11 15
28 36
73 110
108 120
59 77
88 91
28 66
77 123
5 87
23 41
51 62
14 76
68 107
11 90
45 68
39 41
67 100
68 109
18 33
83 123
87 123
50 119
16 38
33 70
63 78
41 66
13 80
3 102
4 14
14 60
9 43
41 106
63 75
75 101
39 60
63 71
13 61
17 25
110 123
19 101
15 100
74 123
38 85
16 107
53 120
71 100
20 86
57 64
82 126
70 108
69 114
6 36
10 16
9 35
0 12
31 107
75 99
4 53
55 85
77 122
62 86
3 114
79 81
14 125
46 120
13 28
34 69
13 88
113 121
16 98
10 25
31 81
2 118
56 107
29 58
13 94
89 97
58 71
75 88
31 56
121 122
12 105
27 78
2 64
24 53
0 123
2 120
57 67
116 123
77 107
20 65
42 64
90 105
5 110
0 16
33 74
44 88
61 89
5 78
58 80
23 30
86 102
62 81
62 90
69 101
3 97
9 112
28 121
54 55
79 91
77 93
59 121
60 105
53 100
16 90
50 92
19 70
5 32
5 35
71 116
32 56
78 79
87 90
26 34
9 109
61 94
45 56
56 75
0 87
48 115
76 108
62 93
19 20
61 112
51 102
5 115
2 125
16 119
15 84
31 112
76 105
39 122
78 100
70 119
28 88
50 51
25 84
5 100
62 119
4 113
31 110
91 93
19 58
56 93
12 14
9 102
22 40
28 94
18 23
11 71
49 52
98 122
57 123
54 80
74 94
33 37
90 97
10 81
43 56
37 100
69 100
60 90
53 74
19 33
18 126
44 55
35 87
119 122
76 114
87 109
10 89
4 31
62 116
5 24
85 104
6 51
72 84
39 85
54 96
42 53
7 117
0 33
47 93
24 108
28 84
19 65
45 113
5 63
36 51
12 99
35 106
18 92
23 26
22 67
11 77
86 118
32 44
18 73
51 109
106 113
37 69
72 104
63 84
67 126
24 123
5 57
14 24
25 70
39 98
50 98
21 122
34 101
63 110
62 72
29 60
15 30
51 61
8 35
43 67
64 104
21 101
4 90
62 77
23 75
58 126
91 113
38 119
41 113
44 113
27 105
65 106
5 81
14 67
2 86
108 125
24 32
34 105
55 94
42 101
5 102
20 102
95 102
11 96
40 97
33 91
13 56
24 44
28 33
67 81
59 122
41 110
41 69
40 88
10 113
65 126
39 42
44 115
12 45
40 93
11 65
120 125
18 38
39 53
16 80
90 113
13 75
13 99
12 42
92 110
20 43
22 81
90 102
49 123
80 123
0 109
10 105
26 42
49 116
7 121
85 89
11 23
35 116
8 77
2 83
29 49
32 49
83 114
68 97
70 71
0 10
22 54
66 80
13 78
47 54
0 23
57 81
99 124
12 111
9 26
39 69
48 95
46 106
27 126
64 105
22 92
56 115
65 84
100 120
35 91
27 57
17 106
2 9
124 126
3 111
17 56
1 57
6 122
62 121
16 63
17 113
51 87
0 74
50 106
29 66
24 99
66 79
73 112
36 113
21 86
10 108
1 8
23 45
33 56
98 101
4 32
3 98
35 83
13 67
6 43
29 54
114 124
10 126
18 119
46 108
43 94
77 115
40 111
8 31
49 68
11 101
54 77
25 30
99 126
58 114
15 41
33 121
8 58
29 45
2 116
3 28
8 12
40 126
53 83
2 32
53 65
19 68
68 71
21 71
48 88
58 61
21 95
30 114
106 117
37 101
32 88
44 84
51 88
61 123
82 84
8 29
18 108
88 116
68 120
44 124
24 56
93 125
98 109
3 11
8 99
89 112
24 110
46 55
33 34
79 88
10 109
25 44
8 98
38 116
61 116
48 111
112 114
85 115
7 90
22 50
15 52
19 117
3 107
0 117
5 33
9 92
61 73
61 115
109 126
32 70
74 91
59 89
16 30
67 116
63 90
24 33
9 69
1 113
31 62
64 110
19 53
0 1
0 90
53 59
80 125
85 119
80 115
12 21
9 36
29 51
5 109
36 106
4 98
25 85
76 109
4 107
32 105
16 102
58 113
6 92
85 109
68 108
10 85
31 46
36 47
37 111
22 60
32 50
27 125
96 103
25 101
31 66
37 106
39 54
46 112
81 90
68 94
25 117
33 53
27 67
21 46
36 74
60 123
25 87
14 85
4 100
48 70
21 53
42 73
11 44
21 55
34 70
4 95
13 122
53 61
43 71
24 31
6 49
104 122
59 123
88 122
8 93
18 116
5 82
107 114
4 124
42 123
93 115
80 126
77 103
87 126
65 95
71 117
41 88
8 85
7 38
77 92
22 83
83 90
44 100
37 93
26 97
13 24
32 113
6 86
33 100
57 59
43 72
86 99
43 105
21 38
8 54
26 115
30 99
52 89
19 52
43 45
77 109
87 112
5 17
9 79
36 65
87 105
23 62
51 120
28 119
6 41
63 85
53 104
7 82
10 124
11 24
72 119
30 80
95 117
72 100
1 43
77 95
14 121
77 119
101 116
106 119
82 86
54 112
16 100
20 23
14 90
17 21
1 112
116 118
19 98
12 114
28 104
12 121
3 59
31 89
19 46
41 125
28 99
46 52
36 118
14 94
2 97
70 117
54 97
35 119
14 114
71 96
70 109
9 28
11 98
31 47
8 101
16 116
26 31
3 117
90 100
59 116
76 118
30 46
9 105
2 88
59 120
6 53
77 99
23 121
37 115
45 84
40 62
41 60
83 104
27 28
70 80
92 94
106 110
2 81
16 51
4 76
25 65
30 92
29 67
20 103
2 28
15 123
2 10
66 115
61 74
18 31
39 95
49 74
65 67
80 98
28 53
3 18
4 67
64 111
43 48
49 56
52 97
9 100
86 112
38 61
3 89
85 97
64 70
13 49
46 92
51 68
69 86
34 59
25 49
25 69
2 75
30 54
108 126
45 73
9 101
1 115
3 33
27 66
60 73
1 85
34 42
38 66
16 95
16 88
9 34
121 126
42 107
4 101
46 73
63 89
15 43
66 91
59 84
66 84
43 93
1 16
5 23
59 82
82 95
9 125
35 115
109 117
44 93
2 44
23 84
0 48
29 97
56 86
70 107
116 120
44 123
77 81
68 126
22 123
19 109
100 125
40 108
47 120
40 77
32 65
4 41
64 112
6 126
90 108
1 46
51 74
21 63
30 68
33 94
64 125
2 24
54 118
119 124
26 82
73 124
2 84
53 113
24 45
7 109
36 115
64 99
15 104
69 108
43 75
24 87
2 17
45 109
4 77
77 79
108 123
67 82
40 57
35 121
47 56
14 119
33 51
7 37
40 76
38 77
65 87
22 95
2 117
9 93
12 112
18 27
44 45
65 73
89 117
88 96
0 69
49 59
22 24
1 14
4 45
91 101
11 59
97 102
21 77
31 117
15 89
36 73
60 69
68 76
17 26
23 110
5 72
84 104
91 126
58 83
18 67
3 25
11 62
51 114
87 104
15 29
17 63
28 123
2 53
58 93
7 93
96 99
96 97
14 91
59 109
51 85
57 93
15 87
29 61
19 25
6 47
32 52
50 122
3 119
41 103
69 120
14 42
26 58
19 26
38 40
79 116
38 54
21 115
14 18
23 56
47 66
33 105
44 83
75 81
55 99
52 105
17 95
40 100
36 108
57 63
11 122
46 126
89 91
30 98
39 65
71 91
67 68
107 117
7 57
46 93
23 118
47 83
58 99
112 116
120 126
52 83
48 114
13 92
18 57
8 26
8 50
17 93
32 59
92 105
84 90
49 126
53 112
69 106
11 63
36 60
49 114
96 108
14 92
44 76
36 63
48 120
15 98
55 68
109 125
88 105
14 22
102 114
0 21
34 97
28 118
24 68
16 64
1 80
3 35
61 104
64 71
106 122
9 94
95 111
84 100
24 71
77 87
64 65
117 122
70 77
41 109
36 112
44 125
75 108
7 118
9 20
5 12
101 125
1 84
68 81
73 122
46 101
76 103
35 56
40 117
7 31
33 73
7 88
75 117
5 58
71 115
49 60
51 76
17 20
28 120
32 43
7 99
82 113
16 37
48 107
88 94
0 93
93 104
13 83
2 102
13 108
46 67
20 112
28 65
94 111
13 48
72 74
12 87
49 91
34 68
33 71
11 95
24 54
11 33
30 72
6 69
13 118
84 124
17 121
16 76
39 90
16 49
28 111
56 113
84 97
42 50
23 57
12 53
59 100
79 99
6 85
63 107
14 48
24 61
13 89
12 59
97 100
72 81
24 35
6 57
18 19
7 15
15 125
113 126
11 17
42 106
39 120
70 111
102 120
21 73
75 87
15 97
5 91
93 96
25 107
53 63
55 115
24 124
11 107
42 59
9 97
38 65
20 97
99 120
80 99
54 111
81 85
80 118
101 121
105 112
2 62
47 63
53 71
42 100
53 109
11 75
44 118
65 110
21 27
3 32
38 71
106 120
68 77
65 103
76 83
38 83
87 115
29 55
36 76
66 71
75 90
76 115
19 104
27 53
60 63
25 106
45 49
48 66
19 103
24 96
114 118
87 101
100 117
19 111
63 95
3 96
40 81
38 104
35 97
88 126
48 68
97 105
5 90
62 82
41 52
82 124
37 49
56 111
12 88
20 93
82 120
63 106
25 50
69 90
36 105
49 77
77 110
5 106
100 124
100 112
13 26
10 102
7 122
1 125
21 56
70 121
39 105
86 88
52 59
8 21
109 123
1 69
21 75
42 114
22 108
112 113
101 103
35 36
72 87
6 22
4 59
24 70
5 98
19 97
27 34
11 43
0 84
55 75
73 75
7 62
84 89
14 21
26 91
81 121
18 71
74 115
37 72
26 50
49 108
10 111
45 50
55 64
8 114
41 70
56 63
47 72
20 123
22 26
10 17
19 28
73 107
44 60
76 104
29 105
98 113
27 116
26 68
118 119
36 67
5 74
49 54
31 75
9 27
3 91
22 62
37 75
43 86
52 104
95 104
10 29
10 50
22 73
27 86
16 67
52 54
67 71
83 102
16 25
50 78
39 77
53 99
54 59
56 121
6 46
66 102
0 38
90 101
33 88
39 55
3 63
24 63
23 111
21 109
62 123
31 69
40 59
8 10
18 98
88 95
46 91
53 124
16 58
32 77
35 107
50 86
73 114
28 114
21 32
4 7
15 102
54 94
54 98
91 121
5 123
40 92
103 109
20 42
2 30
27 49
23 98
56 91
2 68
28 98
24 80
81 119
94 116
38 68
25 59
36 56
66 95
56 65
17 107
24 75
122 124
20 100
71 121
36 80
27 102
38 113
15 106
62 124
79 120
26 113
19 54
52 96
21 97
6 90
28 112
92 112
3 83
5 66
8 24
109 113
72 118
8 111
33 98
88 112
35 50
17 76
62 69
43 54
0 34
119 123
31 52
71 75
67 85
57 124
74 111
54 119
50 103
27 79
27 111
66 122
51 70
2 13
50 121
113 125
101 102
33 50
62 101
32 126
23 124
6 80
109 120
19 51
102 125
86 95
16 79
2 85
28 105
21 69
54 62
67 113
59 76
25 61
15 36
80 89
14 32
3 43
13 76
85 123
11 106
38 69
102 106
5 103
46 74
5 10
1 65
92 100
11 52
3 125
1 3
49 95
58 118
44 58
12 101
79 108
38 108
17 57
41 123
15 85
91 98
56 125
68 82
47 59
47 68
0 63
105 113
16 32
50 80
57 92
54 121
83 85
91 116
68 98
84 112
57 99
22 27
36 95
60 67
96 115
1 74
25 32
24 86
43 90
32 78
55 98
27 42
61 97
6 73
79 123
19 87
36 40
26 36
23 28
30 117
54 86
94 117
46 63
22 85
20 49
19 42
15 56
71 109
17 71
21 89
2 70
9 40
41 115
62 88
69 91
19 27
61 78
32 90
21 45
14 59
18 100
85 122
2 124
47 71
13 38
41 45
34 81
14 79
7 126
122 125
65 80
39 100
21 70
47 61
10 15
63 66
7 29
2 33
18 53
36 69
75 85
33 112
27 121
28 37
15 50
12 15
107 126
58 106
92 107
96 113
28 77
41 83
18 75
82 96
30 69
10 103
64 69
87 103
25 26
73 113
119 125
103 108
0 8
88 104
54 88
6 124
30 49
10 41
8 109
19 39
84 115
16 78
66 76
29 30
3 124
23 88
0 105
79 97
72 101
27 87
38 88
61 109
41 118
79 109
67 89
69 84
66 82
15 48
104 110
44 72
55 93
52 101
23 31
44 105
70 110
27 52
45 64
40 109
1 15
116 117
41 119
36 87
53 69
38 120
67 119
51 101
14 27
15 57
70 105
72 99
16 99
1 37
12 122
21 24
1 34
81 120
77 117
52 77
27 32
96 107
29 110
75 95
8 61
98 121
10 119
60 78
9 11
26 118
91 125
39 118
71 112
110 113
13 25
66 72
26 40
32 103
33 124
50 77
61 107
10 120
23 85
18 95
109 116
21 90
22 106
74 84
67 105
11 12
81 112
22 44
44 50
31 72
64 126
35 103
0 32
47 113
85 93
49 90
39 80
27 76
53 54
64 66
3 61
63 92
10 90
8 62
10 19
27 48
83 107
40 110
74 113
36 89
100 106
116 121
114 115
8 73
58 81
6 81
60 74
34 67
50 99
39 113
16 115
18 51
67 90
42 75
37 54
102 116
92 114
88 125
53 68
55 117
83 95
21 67
34 61
10 99
32 115
44 63
28 43
56 118
3 56
52 81
73 93
14 45
58 103
2 26
83 87
5 13
69 109
0 35
18 112
39 111
114 120
88 97
40 84
82 110
85 100
9 25
41 121
115 124
34 96
102 103
118 122
66 126
58 115
24 40
60 83
36 84
38 95
3 27
23 81
88 111
13 124
44 110
12 27
44 107
22 101
75 107
92 118
97 107
5 120
18 89
13 57
64 82
56 103
44 122
30 53
87 114
72 98
69 113
32 121
53 103
13 119
27 103
32 48
103 116
11 16
22 110
82 119
23 40
6 118
18 83
6 42
63 72
21 30
64 117
12 37
69 70
5 118
1 119
46 111
57 106
61 117
50 104
23 103
39 123
33 49
66 90
42 126
45 123
25 98
92 101
66 108
12 100
11 89
13 126
72 110
61 122
34 109
2 95
32 45
15 118
11 28
51 71
50 93
77 112
37 39
3 80
43 61
29 113
110 124
60 101
19 122
66 68
26 56
10 63
17 27
44 62
47 90
5 105
97 111
76 92
69 79
18 80
91 119
29 85
107 118
5 25
13 113
2 31
47 50
102 109
26 41
28 75
117 118
60 64
68 121
88 103
78 89
41 112
5 28
80 85
15 32
52 68
57 83
3 87
1 33
28 83
28 47
73 95
1 101
41 89
98 120
42 49
28 69
8 52
53 85
101 123
18 72
75 104
78 116
15 31
0 51
107 109
29 114
73 116
55 59
20 81
51 75
58 124
120 124
5 113
57 104
51 86
93 117
59 94
13 97
29 125
25 103
28 50
24 78
49 67
0 3
36 54
53 67
57 103
11 126
38 73
3 76
1 68
45 58
37 89
57 80
6 105
1 72
34 43
59 103
113 120
1 6
40 120
115 116
29 35
35 101
19 38
17 52
42 108
65 96
26 49
44 97
55 69
64 96
55 120
39 103
15 65
94 125
11 109
63 108
35 64
2 109
60 125
25 75
5 101
22 111
14 43
82 90
2 57
19 95
94 112
29 111
22 29
52 71
83 117
54 71
22 84
26 124
7 91
71 72
63 120
69 77
56 61
14 62
98 104
21 98
36 86
5 39
43 69
89 118
3 23
26 63
53 55
2 54
11 83
51 63
12 40
50 64
1 20
45 71
34 115
42 124
38 70
105 117
19 92
59 90
10 56
29 43
42 51
10 115
61 64
42 55
29 46
22 126
31 125
84 119
42 85
26 46
4 18
93 101
32 104
57 90
55 126
57 117
37 74
11 34
4 63
52 62
72 107
22 93
30 74
72 77
102 119
59 106
45 116
28 101
26 43
26 73
8 28
18 55
24 52
95 97
42 84
35 74
19 107
29 122
38 111
94 113
58 87
23 24
20 45
46 88
34 57
17 86
37 107
23 105
0 9
7 10
44 101
12 13
48 55
0 64
61 92
9 124
15 113
96 105
24 118
94 102
14 40
11 53
47 53
58 84
6 25
58 110
29 64
61 99
47 119
17 89
35 38
0 119
9 39
19 106
75 110
17 111
11 46
9 88
43 49
18 43
45 92
118 126
19 118
16 109
96 126
66 106
43 119
50 63
61 79
79 117
37 43
16 71
83 125
97 124
74 122
11 45
19 66
88 108
30 122
86 123
67 70
81 92
100 105
44 52
81 108
67 86
36 99
26 106
17 46
55 90
33 93
64 103
51 96
54 67
12 78
86 93
10 24
35 117
42 79
5 45
52 111
78 121
60 113
51 54
25 64
15 27
54 123
8 38
0 104
22 49
0 85
37 96
99 100
46 83
1 48
94 99
3 51
0 22
48 110
7 70
41 48
9 21
11 30
27 120
57 58
15 93
7 24
34 89
5 71
39 59
8 25
80 91
38 101
50 109
54 117
4 79
14 38
66 83
94 121
46 100
65 113
4 120
49 84
38 125
26 78
7 55
2 122
81 98
67 97
4 50
18 97
36 94
10 110
29 99
65 85
25 43
103 112
30 45
30 41
94 95
12 95
67 122
20 73
23 34
90 92
46 97
55 122
29 44
20 87
70 100
6 39
65 115
5 73
100 108
97 118
9 16
21 81
49 118
62 73
40 112
20 69
32 81
58 65
9 70
18 93
84 101
33 46
34 37
9 67
7 27
30 95
11 69
64 119
36 72
68 84
6 44
23 78
67 125
22 48
53 72
70 79
102 113
37 108
11 49
35 42
52 56
101 119
1 106
51 97
99 115
80 121
82 100
46 119
68 87
17 77
53 117
36 117
25 45
21 34
3 4
35 81
3 16
114 126
47 111
64 115
39 64
17 38
37 84
7 49
4 11
86 97
19 112
6 27
95 108
61 100
8 100
24 97
89 98
62 126
37 104
35 92
32 36
11 32
8 82
35 79
64 113
40 83
25 90
1 29
4 19
38 62
101 117
111 125
71 118
55 86
61 75
32 35
44 80
22 100
52 67
18 21
45 112
46 113
6 89
95 100
47 114
78 93
7 50
52 122
29 94
53 81
37 114
8 15
13 44
97 112
38 82
102 104
52 99
9 47
33 106
31 36
84 121
55 114
16 19
37 53
21 52
8 32
48 58
6 79
112 125
106 125
11 102
61 118
60 91
22 120
19 34
25 111
42 61
27 93
21 39
14 66
42 122
55 109
30 81
43 60
34 92
16 60
76 80
42 56
29 86
21 83
74 108
37 103
57 74
79 122
18 76
6 70
22 82
75 92
72 115
11 22
23 47
0 58
80 103
13 101
2 36
97 101
68 78
48 105
55 91
36 93
90 98
98 116
81 115
112 122
29 91
55 92
4 35
57 120
9 117
64 107
55 106
22 77
10 44
118 124
81 102
1 23
49 73
33 125
77 125
42 76
25 100
6 98
7 71
20 121
48 61
11 18
68 114
21 125
2 6
23 109
32 53
33 114
6 59
2 41
82 107
26 101
27 114
2 39
42 43
88 106
22 43
38 106
65 94
43 126
34 93
26 94
37 62
41 54
21 61
7 32
2 101
8 70
90 120
24 116
8 121
65 114
29 38
58 96
94 101
24 89
87 88
60 111
83 126
4 89
16 70
27 47
97 119
43 68
15 63
1 53
31 97
38 124
9 119
29 107
7 40
29 112
47 51
47 82
46 122
45 107
40 55
6 15
105 125
15 53
37 50
14 109
19 22
15 109
72 121
55 70
5 38
8 97
19 21
0 126
23 50
15 80
12 29
49 51
36 44
115 119
44 121
19 31
53 92
5 8
10 62
57 82
47 70
1 126
30 44
67 110
67 108
30 108
109 121
53 76
34 78
96 123
103 126
108 109
51 60
95 122
5 104
37 78
30 36
101 122
1 116
48 85
17 103
100 122
4 40
95 116
26 99
51 65
104 125
16 83
11 120
66 78
92 124
100 118
55 76
39 50
14 99
75 119
9 108
46 105
14 30
65 90
32 99
28 42
2 99
19 43
57 111
95 107
8 27
55 88
56 126
16 82
19 116
90 103
47 121
68 79
65 66
37 119
35 63
7 61
14 58
24 81
46 68
18 32
65 118
43 77
80 111
87 122
23 35
10 87
50 107
3 88
63 105
67 112
10 96
89 100
34 120
61 91
23 95
28 82
31 54
78 124
12 109
18 99
42 98
21 79
51 100
13 116
76 110
6 74
6 8
15 67
94 115
25 33
17 47
109 115
30 109
20 67
20 104
32 71
77 111
10 53
38 96
4 56
64 83
80 93
35 104
8 88
69 76
48 87
57 122
75 111
16 42
75 116
5 47
0 47
13 22
18 66
40 113
10 18
61 108
37 81
25 89
57 70
42 115
37 116
88 89
47 99
12 71
51 52
17 102
89 125
13 21
18 106
106 123
10 48
62 66
110 111
6 19
27 63
14 97
9 75
64 89
65 83
34 74
100 126
54 78
42 62
28 96
62 104
16 24
33 103
73 115
10 82
26 60
18 94
4 118
84 111
0 116
21 118
13 18
77 100
82 109
31 96
69 73
7 98
4 25
45 120
1 21
58 89
78 111
71 76
46 59
4 36
11 108
64 84
39 43
67 94
43 83
16 45
34 82
39 124
121 123
40 42
25 99
49 72
67 92
4 64
17 73
13 41
47 65
50 81
109 110
53 84
50 118
20 77
25 120
53 89
46 115
32 119
47 106
12 46
66 86
43 104
83 92
58 85
91 112
24 102
41 102
51 67
103 104
31 37
45 108
11 84
41 55
6 55
20 70
52 69
32 87
3 22
43 123
4 121
94 107
37 67
3 70
58 59
31 118
12 30
4 82
41 75
16 124
24 94
46 77
90 93
79 118
77 86
27 85
28 34
38 60
11 97
21 93
48 67
23 55
4 68
45 125
53 78
51 72
2 25
46 53
90 114
80 105
51 92
67 76
80 106
56 116
26 80
76 82
13 70
52 75
31 44
27 39
71 90
30 120
42 70
109 118
83 88
33 59
12 19
3 73
37 80
34 83
12 80
11 67
11 61
30 89
14 110
9 10
46 49
94 100
4 33
28 51
33 65
20 83
30 33
10 104
12 113
35 77
69 95
27 58
12 17
6 26
69 103
18 122
0 115
20 92
49 94
50 85
30 61
38 46
29 41
41 57
92 99
19 93
34 73
15 42
70 82
118 121
33 89
53 123
9 51
96 109
43 79
47 81
32 76
52 103
52 60
27 88
7 47
34 117
26 81
21 49
12 118
35 98
15 72
6 76
75 103
13 33
69 111
1 114
27 69
33 80
16 121
16 120
27 101
59 98
32 38
21 107
40 72
90 116
107 108
70 76
9 29
46 95
25 96
56 99
26 57
91 99
19 56
46 58
89 122
9 52
10 67
22 70
8 56
57 118
103 106
43 53
28 57
6 115
15 61
0 96
111 115
91 106
21 50
100 119
19 91
16 122
47 92
48 118
41 72
83 99
21 62
4 22
5 15
9 37
14 117
90 117
70 114
0 70
40 98
25 95
13 34
7 96
2 111
0 27
14 33
6 84
60 72
57 62
23 122
58 125
0 75
30 126
23 71
7 111
25 38
42 102
94 110
102 115
61 121
42 80
79 89
54 115
49 70
45 46
60 121
43 115
16 94
41 111
43 62
0 106
43 64
101 106
116 125
48 109
65 68
91 118
50 82
0 125
2 38
38 42
35 124
79 114
11 19
30 58
37 120
17 74
64 98
8 69
42 96
52 93
60 77
45 89
37 97
35 112
43 110
74 112
6 14
9 90
30 84
46 109
48 82
16 68
2 23
64 122
40 64
15 34
46 114
111 126
37 110
60 95
3 64
26 116
69 89
57 91
32 42
23 99
55 103
42 97
41 86
4 78
88 123
22 36
22 89
44 79
2 66
16 96
74 88
30 107
56 96
77 120
17 41
88 90
33 54
30 112
99 103
2 115
26 109
49 124
31 84
16 65
39 92
88 120
30 62
16 104
22 38
31 94
105 110
63 98
41 49
26 104
1 123
36 37
15 49
36 52
108 115
80 95
48 65
51 124
12 75
20 33
84 98
3 49
50 87
55 123
62 63
104 121
36 90
13 54
37 122
7 28
78 114
71 106
90 125
70 93
100 101
65 81
74 85
36 70
6 11
66 101
37 105
8 16
52 100
16 48
76 91
99 105
3 113
31 38
45 53
75 109
25 124
2 112
74 80
2 50
26 27
44 49
42 121
98 107
23 66
77 96
6 45
47 52
35 110
25 57
44 111
74 87
8 65
54 84
28 92
49 50
2 76
6 109
40 124
62 67
69 71
102 111
43 85
23 48
61 102
107 115
112 123
8 34
24 88
48 60
98 125
90 121
42 99
3 94
51 119
31 35
44 77
65 76
17 43
34 53
73 111
62 122
16 34
6 103
19 41
82 108
30 118
6 87
59 91
9 111
23 60
15 70
38 107
4 30
55 104
20 68
48 93
23 87
82 125
52 108
16 18
14 17
12 56
13 114
41 100
28 90
27 119
41 85
58 82
80 92
36 75
0 108
22 116
83 97
41 62
29 118
32 73
10 101
11 123
51 56
8 122
45 118
70 72
27 83
32 118
34 51
33 109
34 72
28 59
12 43
45 104
87 110
34 104
118 120
61 103
27 75
80 102
4 47
15 35
25 126
21 68
60 117
75 79
82 122
54 75
110 116
35 123
59 95
36 101
1 28
75 118
40 94
59 112
17 94
28 40
71 102
23 92
53 94
9 98
57 89
21 36
74 109
16 81
76 102
105 121
0 62
32 102
44 66
22 109
29 83
47 123
104 117
60 115
17 96
5 46
22 91
4 5
60 62
67 104
57 113
45 82
5 108
9 19
31 63
88 110
99 101
40 116
12 61
52 57
89 110
15 46
73 81
30 93
11 36
42 109
63 97
4 44
0 29
16 113
51 123
42 104
39 104
15 54
7 52
11 79
6 100
99 125
98 110
43 99
23 112
92 104
42 113
106 109
17 64
31 71
57 121
42 95
74 120
3 26
38 114
100 104
1 32
7 123
6 24
30 75
48 119
69 72
26 32
76 94
3 67
37 41
22 52
1 102
6 66
22 119
15 115
47 95
29 77
49 55
30 32
63 69
30 64
25 73
58 73
7 54
64 109
56 57
89 96
4 109
59 88
23 113
74 89
38 48
40 91
47 109
39 109
41 80
0 81
37 126
42 93
37 64
2 3
58 90
18 26
21 74
19 80
93 98
48 52
37 77
22 112
38 41
15 39
45 77
48 49
16 26
12 24
9 74
67 79
12 117
13 107
37 121
14 77
7 58
6 82
13 112
3 47
4 117
1 108
31 57
36 85
35 45
86 108
10 51
7 9
45 124
52 80
71 73
110 118
5 116
74 95
54 126
19 110
58 76
40 119
84 88
97 120
34 41
33 84
70 112
4 60
2 113
50 55
93 97
26 89
72 86
26 47
76 81
25 91
123 126
16 114
90 96
104 113
52 92
7 125
89 113
14 57
27 45
25 102
34 112
38 59
86 115
13 91
2 14
43 66
36 83
38 67
54 101
24 46
71 94
17 31
30 97
31 103
30 79
85 94
5 19
0 2
21 78
0 118
79 111
74 82
5 69
14 53
90 122
27 31
16 40
19 62
17 123
106 108
41 117
74 90
57 72
4 74
32 33
20 39
2 35
29 88
24 55
28 117
68 101
32 110
0 53
41 68
12 28
53 121
40 115
4 34
63 121
58 70
70 86
6 61
95 125
102 123
20 119
29 101
64 102
55 97
60 112
43 89
81 107
16 61
100 116
14 108
32 66
74 86
45 94
46 48
54 70
2 20
44 68
77 126
93 116
24 77
45 85
66 70
31 123
41 59
92 122
68 122
77 94
65 108
95 124
73 85
15 18
22 47
14 51
25 92
30 83
1 36
33 107
94 109
56 108
2 34
56 100
73 92
9 77
53 125
85 120
71 99
79 82
85 91
49 100
5 93
24 106
76 84
20 66
87 99
68 89
56 80
123 124
4 54
40 48
28 45
52 74
74 107
20 120
39 86
89 124
16 101
36 88
34 106
46 47
62 103
29 53
14 126
33 108
18 124
81 105
89 119
11 31
29 52
63 114
82 93
30 35
25 77
34 118
95 118
23 46
78 126
81 103
56 97
38 63
11 42
56 70
57 85
71 81
68 118
8 68
56 101
91 108
71 97
78 88
59 72
114 123
41 87
81 117
6 54
10 31
101 120
96 112
25 66
116 119
29 33
22 37
37 38
56 66
12 73
23 72
25 108
29 47
80 101
49 86
28 125
33 111
7 30
45 110
44 104
49 117
111 118
1 58
91 95
15 120
23 90
42 120
7 59
9 55
7 68
46 89
20 54
29 106
27 55
85 108
33 77
66 112
36 96
12 124
2 19
17 40
96 122
18 115
35 57
36 109
16 118
11 82
24 100
54 69
18 28
25 36
4 80
6 120
13 27
45 99
84 116
35 96
47 115
72 97
33 78
65 122
3 8
82 106
8 116
80 94
31 53
20 94
78 123
59 63
19 40
6 60
75 96
73 121
36 38
14 82
1 79
8 87
118 123
24 51
54 79
21 23
38 102
14 113
6 35
26 122
111 120
85 90
87 117
13 40
6 63
28 46
51 89
0 44
34 76
111 122
59 126
10 123
31 100
22 63
47 116
6 99
47 112
70 90
1 44
37 125
22 39
2 58
64 87
84 118
10 98
98 111
12 119
22 55
37 117
35 95
16 35
5 96
70 81
9 15
15 112
90 109
33 66
22 104
1 104
72 116
24 119
12 96
17 116
61 93
29 70
41 122
52 120
35 93
72 112
24 41
68 85
11 117
38 80
55 102
117 125
69 123
58 75
15 58
32 80
12 82
31 79
55 66
67 111
84 92
78 91
14 20
95 98
30 110
43 100
112 124
48 96
13 74
81 94
72 124
5 76
14 28
21 51
26 123
33 101
27 64
39 62
114 116
18 78
13 42
5 126
34 107
84 86
48 108
54 73
115 120
65 78
69 107
106 118
45 105
13 51
78 97
1 52
1 95
10 121
109 111
80 90
33 81
42 54
107 113
20 59
20 71
19 77
67 118
95 103
17 100
25 60
18 103
55 73
75 106
37 99
10 76
13 45
2 114
9 114
1 22
56 112
18 60
44 95
48 94
26 88
41 120
49 81
85 86
42 69
102 110
43 112
101 115
7 113
39 73
60 114
74 93
90 107
44 51
67 120
31 91
4 8
21 100
68 74
43 82
19 49
21 60
114 119
9 56
13 36
82 91
10 52
39 88
6 20
60 118
15 81
1 4
16 103
22 88
31 55
18 40
50 52
60 122
32 89
85 112
69 81
0 26
64 91
79 105
0 41
12 126
24 85
50 113
60 96
13 77
47 67
47 110
22 32
1 75
3 66
59 93
32 96
58 97
21 121
45 98
4 116
28 108
57 96
34 95
37 61
79 101
70 85
61 85
33 104
11 51
92 123
94 106
40 49
9 81
37 46
10 12
21 35
70 73
94 104
29 80
28 74
10 75
15 51
33 63
33 82
34 63
0 43
31 102
39 119
45 119
92 115
30 67
38 100
62 112
69 119
17 35
56 85
91 104
36 97
110 114
19 74
73 94
44 112
11 74
65 75
71 122
65 89
48 123
2 15
64 116
48 73
27 38
59 118
105 116
79 98
41 95
9 58
7 18
32 54
100 123
51 83
0 72
27 35
8 94
15 117
37 56
63 113
46 99
12 35
18 63
51 106
86 124
81 109
6 94
45 117
40 47
81 99
41 51
19 45
27 115
11 48
63 99
86 117
89 106
38 64
16 46
7 16
4 99
45 83
21 40
19 59
1 31
100 103
95 120
40 122
24 74
101 114
63 82
46 107
9 80
8 89
89 121
6 62
63 64
32 60
60 100
59 66
21 96
78 109
85 106
30 82
78 104
2 92
39 114
65 116
4 123
7 33
15 99
52 119
46 90
33 87
13 17
32 100
9 87
25 86
78 94
69 121
7 63
13 87
23 64
58 112
49 102
43 122
10 64
77 84
1 47
96 111
3 85
1 9
97 113
110 122
34 87
2 87
16 123
35 114
6 28
65 124
33 35
1 93
73 105
83 112
9 60
22 33
68 73
76 125
93 121
1 10
111 119
42 82
43 65
39 112
76 77
41 116
2 48
110 120
49 125
9 68
15 23
6 125
18 77
48 80
14 96
17 90
84 107
29 72
75 113
1 19
75 89
16 22
50 100
40 52
48 126
106 112
85 99
73 117
38 110
57 75
44 81
21 25
64 100
55 65
38 93
89 123
57 69
43 108
34 116
45 57
62 115
5 27
71 107
26 117
60 68
23 119
82 115
44 73
11 60
40 67
65 112
30 78
4 104
54 100
94 126
81 123
31 77
15 110
32 57
6 97
51 126
64 123
23 86
53 114
2 73
83 105
54 74
57 107
25 122
24 112
26 59
20 26
65 120
31 39
45 65
23 42
89 94
5 37
37 109
17 110
62 95
37 92
105 106
62 74
17 99
80 109
6 116
64 75
12 102
64 77
29 59
17 124
88 109
47 91
68 90
20 55
123 125
16 62
77 105
68 92
22 113
8 17
59 102
36 42
10 73
63 102
1 120
42 119
1 105
82 105
47 94
27 94
25 46
113 123
8 119
51 53
2 106
29 126
28 93
5 59
37 65
7 34
13 16
83 113
30 65
51 121
36 62
112 121
72 92
115 126
49 97
10 125
43 109
21 44
32 93
17 33
35 69
71 124
50 89
59 110
70 95
52 126
20 79
22 45
17 115
31 108
36 102
26 103
27 80
78 83
74 79
72 114
0 24
77 113
22 118
17 68
82 123
21 76
66 116
25 28
63 94
0 52
10 23
59 79
26 90
6 65
95 121
38 90
6 112
49 82
9 38
11 26
86 100
22 117
108 113
98 106
36 53
89 116
56 77
86 113
25 82
54 93
75 84
40 51
29 87
31 45
70 124
95 101
98 99
8 66
65 105
11 104
6 104
72 94
2 49
80 124
72 102
115 122
28 49
53 106
10 74
39 51
104 109
12 16
25 97
104 105
115 123
45 97
81 100
52 86
29 36
28 64
33 119
18 117
35 54
27 36
6 123
75 76
10 55
11 20
60 97
4 43
102 122
1 70
26 55
5 86
54 81
7 87
6 48
45 69
16 105
1 99
15 68
10 54
41 93
60 71
99 123
23 54
37 76
93 107
14 112
111 113
0 102
43 118
6 96
73 88
16 74
40 105
31 33
103 111
54 68
113 117
22 79
62 111
19 102
54 113
37 102
4 110
27 40
13 55
79 126
34 77
45 114
25 78
11 78
103 120
49 112
36 120
37 118
71 79
47 58
8 108
44 78
26 67
3 38
51 84
50 71
77 82
35 71
41 81
68 75
8 37
76 112
96 114
12 106
72 111
64 88
36 116
31 111
55 119
17 53
55 57
44 87
25 115
34 121
97 103
38 97
7 64
37 90
122 126
36 82
85 111
8 19
3 82
2 72
22 87
55 116
47 55
31 115
61 80
43 121
82 112
81 104
45 67
72 117
22 78
24 120
33 116
24 114
63 123
18 52
39 102
89 103
18 91
54 60
73 101
87 107
73 100
24 72
9 86
100 102
53 119
64 74
0 111
48 116
25 116
17 42
4 16
26 95
24 73
43 47
98 115
44 114
13 47
85 88
87 102
59 83
0 4
11 99
11 27
15 66
46 94
20 29
57 78
36 123
105 111
30 105
52 113
5 14
2 78
48 63
28 100
51 117
30 102
58 67
59 75
34 79
17 61
71 119
56 83
50 126
58 102
45 88
87 100
39 56
89 107
62 94
68 96
57 79
41 97
38 123
22 69
37 52
73 126
76 95
72 122
54 58
53 86
8 20
44 98
56 114
61 111
4 70
70 102
42 45
83 116
47 75
16 20
4 86
32 37
6 91
51 94
25 34
21 84
82 85
52 118
63 65
76 79
37 45
21 85
85 95
14 84
9 113
17 55
5 121
80 100
66 74
3 58
15 71
43 52
3 95
5 75
99 122
82 117
21 116
32 95
73 83
93 103
44 46
109 112
29 57
78 103
24 113
17 83
63 96
100 109
92 102
1 18
43 114
76 126
16 112
11 91
32 75
17 29
5 94
4 71
45 51
67 117
71 84
65 70
51 110
74 101
59 99
27 70
33 55
10 97
68 95
36 66
4 91
0 18
43 96
22 107
66 117
101 126
62 108
35 43
23 27
100 115
18 48
20 22
1 62
23 39
7 119
10 13
3 68
52 116
43 73
40 86
11 38
78 81
27 77
