128
5
7233
60
87 2
82 2
83 2
83 4
80 2
86 3
87 3
87 1
87 4
88 2
82 1
88 1
84 4
88 1
79 2
81 1
83 3
88 4
87 5
81 3
86 2
86 1
79 3
88 5
82 2
79 1
85 5
83 1
86 3
82 4
80 4
81 1
80 1
80 2
81 1
86 2
87 5
83 1
80 2
87 4
83 4
83 2
81 4
83 2
86 5
79 2
85 2
83 5
88 4
80 4
83 3
83 5
84 2
80 2
86 4
88 2
82 2
83 5
86 3
88 1
87 4
81 2
82 3
82 1
83 2
85 3
84 4
86 2
87 5
85 3
85 2
83 4
79 1
87 1
88 3
84 4
85 3
83 2
81 1
80 3
87 5
81 3
84 4
83 2
86 1
82 5
83 4
82 1
85 1
87 3
82 4
88 2
88 5
87 3
82 3
80 2
81 2
85 4
80 5
81 4
80 2
87 4
84 1
85 4
82 4
85 3
80 5
86 5
83 1
81 2
82 5
84 3
85 3
81 4
80 3
81 3
87 5
79 1
87 4
84 4
88 2
87 1
87 2
79 3
86 4
88 3
79 2
82 3
38 125
2 23
33 110
83 114
35 46
0 34
116 126
21 36
108 112
8 126
7 96
50 54
93 101
15 55
7 73
70 104
35 38
48 70
112 117
61 104
3 93
7 23
17 124
46 83
27 111
51 122
11 64
74 93
99 126
91 95
76 101
80 110
31 89
25 97
0 114
24 61
87 123
25 110
45 126
110 122
6 7
37 100
7 85
24 96
55 72
6 101
18 58
43 107
60 82
2 118
6 59
94 116
8 56
2 61
95 126
11 101
18 55
54 105
0 50
62 78
18 61
36 86
29 77
30 39
83 126
11 56
18 109
22 30
12 104
25 45
21 90
25 105
86 116
43 99
11 114
58 119
66 90
45 99
23 41
14 118
43 81
36 40
20 102
75 84
105 115
70 111
73 82
5 17
26 72
91 103
15 108
48 85
102 118
2 71
17 95
91 110
55 125
6 125
96 124
19 62
69 75
7 8
46 100
29 57
43 126
101 112
65 67
62 118
8 24
72 110
19 106
54 118
18 68
1 71
37 48
78 124
88 90
10 42
90 107
73 99
10 86
57 75
61 83
46 53
52 93
39 113
67 86
92 106
64 82
39 69
50 100
62 123
98 117
59 90
92 118
23 62
48 114
2 73
11 69
37 41
85 113
28 36
10 122
46 112
38 49
11 24
28 113
85 102
9 38
33 76
93 103
95 120
30 80
40 109
20 34
47 123
8 121
23 110
9 108
38 108
58 73
33 41
16 39
10 22
14 54
19 104
46 71
8 51
4 26
11 54
4 33
9 14
20 47
22 75
44 72
98 103
13 40
93 124
2 60
77 110
73 87
31 119
0 94
5 94
85 109
38 61
42 77
84 96
8 72
30 75
10 105
4 84
41 123
67 95
27 36
2 88
14 112
25 39
5 11
15 57
24 31
22 64
19 122
24 78
15 99
6 90
22 109
13 78
14 22
42 62
27 127
5 80
3 89
3 60
8 67
70 93
51 94
34 116
113 122
80 86
39 106
94 125
10 68
47 105
8 44
44 84
79 82
45 74
29 64
34 100
11 60
116 127
0 77
5 86
18 19
4 24
22 60
44 111
29 43
19 86
34 45
6 127
84 97
9 114
13 61
36 104
71 105
16 88
79 121
17 104
107 114
43 96
42 51
76 94
54 122
48 105
29 106
11 63
34 110
25 77
20 28
28 94
8 120
102 125
13 125
17 65
27 116
83 118
74 108
85 107
55 93
8 32
20 56
116 119
36 116
11 67
24 95
5 95
85 90
102 123
89 111
78 87
23 109
15 18
63 70
29 97
32 102
14 36
64 109
25 120
39 122
101 103
8 69
2 51
18 67
28 50
65 98
30 32
6 36
64 79
89 121
34 60
68 120
8 19
86 124
13 127
31 97
1 110
15 81
46 88
16 127
49 106
6 75
31 42
9 99
28 70
98 108
68 94
2 123
23 78
38 122
70 86
111 122
40 43
63 110
4 119
90 99
77 83
86 100
90 125
97 102
32 88
43 115
1 48
75 127
25 118
56 69
60 124
6 21
65 107
11 93
5 120
12 21
7 123
61 96
48 91
15 58
80 83
18 83
4 124
102 114
68 95
28 76
4 28
2 108
0 81
70 85
8 97
5 35
61 64
81 122
26 123
107 122
31 95
52 84
32 45
41 104
5 126
41 82
113 120
14 19
35 58
99 109
36 77
72 76
84 120
54 88
31 49
49 84
22 124
58 103
55 120
76 121
53 103
56 123
10 16
34 82
56 95
39 53
56 74
58 125
117 121
5 12
37 68
80 115
4 51
27 58
5 30
46 104
36 46
0 27
7 17
33 114
76 127
105 118
29 51
3 92
0 44
18 31
90 121
59 104
112 114
101 123
14 98
4 112
1 117
0 54
9 70
1 98
105 116
44 48
5 74
75 92
47 64
29 98
2 67
31 94
63 105
8 58
36 103
102 103
58 93
89 104
55 64
13 47
81 118
23 105
10 81
69 77
19 87
85 127
51 119
27 109
26 54
0 2
40 92
67 126
53 75
66 98
4 30
80 105
95 99
78 118
13 118
9 107
7 118
11 29
82 106
42 71
5 52
30 51
27 59
14 84
73 89
78 83
82 127
36 95
1 63
113 114
26 36
11 48
5 118
55 82
43 86
17 43
24 124
92 108
32 92
70 122
103 118
4 90
60 101
12 28
61 125
42 105
5 82
45 54
66 114
77 124
52 71
22 35
39 88
1 78
39 104
16 94
71 124
16 47
37 117
33 97
5 83
51 107
19 84
34 106
23 114
90 114
47 115
30 69
74 114
70 110
31 86
13 84
59 82
91 121
55 104
8 50
36 84
37 90
71 82
77 78
94 101
113 125
2 28
50 105
20 43
98 122
3 83
58 118
54 120
55 127
13 24
5 96
57 115
62 119
4 23
14 78
16 110
6 84
92 114
53 92
89 103
16 62
83 117
33 85
38 85
3 62
75 107
4 57
5 23
27 124
13 42
25 98
35 88
49 78
9 74
53 68
122 123
6 126
106 124
16 70
34 111
29 33
20 94
10 84
17 61
100 123
66 68
90 122
60 83
38 79
77 121
77 98
116 118
28 108
4 66
56 61
24 75
33 80
84 102
71 96
20 112
14 69
19 24
80 89
6 83
49 59
7 57
65 79
61 93
13 95
23 56
39 120
27 81
57 68
42 110
49 87
25 38
16 99
61 94
21 98
61 65
56 73
47 68
16 100
62 114
76 99
7 97
32 96
13 103
39 61
20 116
45 107
7 44
125 127
60 90
42 80
22 31
64 96
51 115
33 116
1 124
54 70
27 69
59 119
7 79
31 47
53 121
47 108
53 95
25 92
10 46
27 98
15 116
35 74
48 111
103 116
29 72
13 19
7 45
76 89
57 122
50 80
12 37
5 112
110 113
15 126
2 49
66 84
44 85
24 45
45 109
43 65
50 62
16 119
20 64
62 70
38 117
9 30
31 73
9 29
64 68
14 31
106 115
39 77
38 98
31 107
54 110
23 117
85 112
61 82
105 107
103 125
73 93
37 127
60 114
35 95
20 61
70 78
52 54
60 80
46 64
3 101
62 113
27 33
43 125
67 125
0 40
64 125
21 124
10 77
13 54
16 125
20 104
14 106
29 60
11 14
33 119
54 107
31 112
22 92
106 126
28 72
20 115
93 118
25 104
0 115
27 87
86 120
70 79
81 125
74 119
39 63
29 90
33 104
14 96
85 126
8 41
6 117
39 73
56 75
61 127
75 124
26 74
87 124
2 14
20 40
121 122
43 120
60 85
27 119
59 67
27 95
71 118
61 75
61 77
68 81
17 24
0 69
28 41
53 67
39 94
75 110
1 49
15 85
28 104
5 25
19 46
1 52
4 48
60 126
70 94
35 99
42 57
83 93
84 121
61 92
3 17
3 30
40 55
0 41
68 72
74 126
61 87
58 115
3 50
50 120
85 92
7 83
15 64
31 72
24 63
39 74
12 87
28 51
69 97
1 8
49 71
7 113
14 25
61 113
108 120
89 126
19 34
70 83
94 95
53 114
28 57
23 35
25 108
55 58
26 43
36 79
51 88
57 61
35 108
40 99
10 66
87 116
17 28
42 90
108 122
45 113
36 91
55 57
5 91
12 123
9 101
31 71
0 82
109 127
51 103
35 71
47 79
38 71
66 97
48 92
8 91
82 87
27 118
30 90
41 89
6 57
6 103
74 89
5 46
26 45
56 60
45 61
11 39
44 102
45 90
81 82
9 53
22 102
52 124
6 118
31 98
18 50
15 56
53 124
68 77
101 121
71 80
9 26
66 110
22 103
39 49
2 31
39 50
56 58
34 58
79 103
95 103
62 102
14 126
48 68
49 73
73 96
35 82
63 94
84 90
21 106
61 71
20 119
19 73
11 84
38 70
75 119
41 65
12 33
60 98
5 63
57 82
30 64
42 47
23 104
34 62
103 119
54 104
42 52
53 60
11 80
35 69
92 103
64 116
33 64
23 116
65 84
9 39
10 63
58 126
40 107
10 98
82 115
29 71
44 124
26 33
8 112
46 125
19 107
9 45
5 41
31 114
16 59
84 118
88 93
49 88
5 69
36 107
96 106
89 123
30 63
7 48
49 67
45 59
50 103
1 104
70 107
50 87
9 109
68 111
83 86
42 61
13 82
28 109
17 121
0 91
5 28
81 115
68 107
18 37
6 95
42 76
3 94
46 80
30 46
76 100
62 110
96 111
33 45
74 109
27 90
103 121
26 124
7 31
43 49
38 95
2 50
54 84
97 103
84 94
23 99
30 98
8 20
111 116
10 73
12 54
91 123
61 115
84 108
19 99
38 87
9 68
10 13
82 111
64 127
57 85
12 115
64 70
29 82
3 15
31 39
28 125
10 43
18 35
94 122
13 52
18 127
0 97
23 76
1 46
54 93
18 96
5 105
43 44
51 73
76 81
7 58
61 76
22 91
17 81
53 89
20 90
22 95
96 113
71 109
28 105
26 60
23 37
20 120
14 61
45 60
40 59
52 97
2 76
52 79
22 107
21 45
0 19
47 112
74 79
57 67
51 87
37 55
101 125
36 101
43 116
50 106
60 119
26 71
110 111
24 51
86 102
44 73
79 107
3 102
55 116
91 98
95 98
23 91
24 79
45 83
10 94
57 114
77 99
111 113
63 109
7 111
2 5
69 113
96 100
4 35
105 127
83 112
8 74
5 100
13 120
14 45
2 111
26 108
60 71
65 68
10 80
31 124
82 117
72 115
8 61
20 71
66 100
62 82
64 122
30 118
0 126
63 100
30 87
58 109
3 104
52 73
29 115
53 66
11 61
83 116
28 111
40 78
26 88
36 61
47 107
111 121
10 14
38 107
16 81
50 77
60 62
57 119
32 124
83 106
52 58
33 52
47 103
44 96
33 106
51 123
9 78
25 69
67 77
0 61
38 92
12 26
31 74
52 87
8 26
67 76
78 123
7 16
9 92
69 70
48 64
14 66
35 111
23 101
47 94
21 100
43 73
8 127
81 88
37 62
33 44
17 44
52 75
69 96
26 47
15 45
31 36
31 80
100 115
86 108
36 48
8 124
16 82
7 90
102 116
29 121
59 103
90 124
43 102
85 115
2 40
0 111
83 87
55 117
19 89
65 126
83 119
81 91
37 47
12 23
20 31
3 20
60 84
12 98
11 115
56 67
70 123
17 89
84 93
24 71
30 60
7 13
19 28
13 46
6 111
21 88
75 126
88 114
85 101
46 87
23 32
18 116
1 64
51 62
23 96
23 120
59 78
10 124
35 105
110 123
102 113
0 73
4 106
66 105
71 76
14 102
75 112
75 125
76 85
75 117
18 46
101 127
10 103
79 101
25 46
3 31
6 42
12 97
19 74
108 117
48 94
7 47
5 48
19 22
0 39
43 47
17 60
82 105
31 45
27 45
28 62
20 108
69 95
45 52
9 59
37 54
70 74
2 58
4 110
34 47
16 95
30 125
11 16
11 53
5 43
23 97
75 86
55 81
34 91
2 19
8 55
122 127
12 93
75 116
37 69
39 100
71 85
26 92
118 127
81 105
66 80
18 20
0 96
89 107
9 119
80 114
40 106
28 127
6 28
13 74
8 43
30 77
116 124
65 101
28 42
17 127
13 76
47 70
63 118
78 106
9 60
29 122
29 70
51 89
65 92
28 69
31 75
53 64
37 103
26 67
44 106
31 69
62 124
83 94
23 47
38 110
65 75
24 119
28 122
55 83
19 113
75 93
22 34
44 103
103 122
53 102
43 117
23 43
45 50
13 29
97 106
6 38
57 120
109 110
0 127
53 119
42 58
32 94
45 101
28 38
68 112
65 77
39 108
58 88
56 59
15 103
6 12
29 37
80 97
54 111
20 59
11 18
16 44
104 107
24 127
40 68
45 118
26 27
69 85
65 80
61 112
108 119
75 98
22 96
3 65
4 65
40 61
52 104
11 55
48 78
4 5
63 102
116 125
52 98
35 127
50 92
2 96
32 50
3 114
1 94
114 125
49 85
40 117
126 127
110 112
7 77
44 51
52 127
21 85
0 25
62 111
0 5
39 43
32 90
22 23
2 63
45 57
73 120
17 94
75 96
65 127
102 119
10 70
92 104
46 82
1 10
39 114
37 119
12 68
64 75
12 95
0 17
4 123
112 120
34 49
2 8
63 124
85 122
87 100
85 123
73 74
3 57
12 124
7 68
40 74
12 61
61 66
49 100
41 112
6 27
29 30
107 115
66 118
46 95
81 86
4 39
8 12
67 114
89 105
57 89
13 119
38 68
51 56
25 62
98 115
19 25
34 71
38 58
85 94
6 62
26 113
41 51
40 56
40 62
33 118
28 121
56 101
11 83
31 40
31 106
19 63
83 121
88 102
41 55
0 70
15 114
18 110
36 105
31 87
77 127
77 90
21 89
2 65
119 126
46 92
15 124
73 92
11 85
7 33
27 28
66 101
41 78
4 60
56 71
106 123
78 125
19 102
86 114
19 20
52 65
65 113
44 122
33 73
88 100
22 50
89 102
105 120
57 105
17 123
110 118
48 59
18 34
0 113
17 71
59 99
35 42
26 122
6 93
33 74
82 90
14 97
36 118
84 122
3 54
12 51
0 65
93 105
103 107
15 78
48 65
12 77
54 78
0 35
104 115
77 94
34 54
28 81
57 78
59 65
11 111
5 115
6 29
68 108
32 51
6 81
31 122
7 102
95 112
16 107
82 100
75 104
42 68
19 40
68 113
82 125
25 81
22 78
74 76
4 34
8 86
71 101
15 119
37 91
98 102
55 86
14 40
47 91
19 65
32 125
15 19
19 117
22 45
29 66
20 121
35 45
28 83
50 94
50 113
18 53
82 93
48 124
34 123
80 117
9 116
49 99
85 121
19 51
17 100
26 82
31 121
56 70
2 18
62 73
28 54
91 116
55 63
70 106
48 113
18 103
23 126
37 92
23 60
27 105
61 74
10 72
99 113
25 44
105 108
82 124
73 102
38 86
91 107
73 108
46 97
19 53
18 62
12 22
19 71
83 111
33 34
116 121
2 26
112 113
15 21
80 108
19 126
50 79
17 105
79 91
57 86
77 96
5 24
24 90
0 87
39 72
43 85
69 89
76 82
83 89
12 62
31 91
25 75
113 115
19 120
52 77
93 104
51 61
41 95
37 107
26 52
28 92
11 12
40 105
24 52
96 107
40 49
79 90
78 126
97 127
41 120
33 89
52 85
75 109
52 123
44 67
117 126
20 107
16 123
37 113
15 109
13 101
73 122
64 93
28 115
18 43
38 90
90 103
64 119
7 126
73 111
102 127
2 79
0 71
47 54
44 79
63 77
70 127
37 46
15 25
82 113
27 88
90 102
10 123
52 89
8 63
45 86
20 57
63 73
47 92
86 112
41 64
15 65
94 98
56 88
74 104
84 110
29 31
31 81
27 110
62 98
56 114
64 123
24 86
48 99
50 117
24 107
96 104
18 117
97 107
29 58
96 125
28 98
20 65
14 41
69 99
31 38
42 93
45 51
20 101
56 108
38 77
104 113
50 63
9 103
62 127
34 84
28 46
57 110
24 39
30 95
37 118
117 118
3 121
18 79
26 39
11 79
44 98
71 102
43 67
26 58
14 81
18 48
28 120
79 126
35 53
9 77
37 89
6 51
21 68
5 122
54 74
4 40
9 22
66 119
4 64
1 3
29 74
40 76
38 94
79 93
74 122
27 80
53 56
32 112
18 113
95 102
46 111
35 119
109 117
71 79
69 86
13 25
36 119
38 112
42 120
51 120
48 86
10 36
55 111
92 105
8 49
21 96
109 118
37 110
28 123
81 103
2 86
26 93
52 113
17 96
103 123
5 117
38 83
121 126
9 126
87 120
106 125
16 74
26 91
24 91
24 41
61 117
30 38
54 101
56 104
39 92
27 120
45 119
62 83
19 108
46 67
10 65
34 79
37 42
83 95
16 72
6 120
94 99
45 106
2 11
4 101
19 57
40 45
19 124
6 41
23 68
124 126
1 43
36 62
118 125
17 103
30 62
104 108
110 115
25 27
35 102
22 28
7 87
65 81
19 97
6 31
24 68
96 102
35 126
13 73
82 103
1 32
119 120
7 67
20 33
64 85
78 82
51 112
65 82
6 115
56 98
50 97
60 122
30 35
89 125
51 105
11 15
103 126
46 107
33 69
12 120
86 98
65 124
69 116
30 108
2 45
82 97
98 119
14 27
31 84
11 97
73 81
54 58
113 124
24 122
3 75
66 73
9 46
85 108
10 34
74 95
107 110
23 94
61 95
2 109
34 113
29 85
26 102
38 40
61 101
77 86
98 126
84 89
29 117
1 87
61 99
33 82
69 72
66 89
2 30
38 55
10 93
38 41
72 88
41 110
10 125
120 125
66 75
57 84
69 106
20 26
3 8
0 49
89 113
74 85
48 117
85 86
43 90
23 29
44 66
77 119
18 33
107 113
32 113
49 60
4 31
88 115
65 112
46 94
15 122
30 113
51 118
37 72
100 127
54 60
21 97
35 56
67 80
89 95
30 106
82 112
56 107
3 52
31 41
24 55
28 49
32 37
52 72
26 106
54 108
36 90
60 93
21 74
41 98
35 86
49 114
54 119
56 106
38 120
58 63
90 105
81 111
18 23
91 122
46 73
17 49
18 98
21 63
14 86
5 31
39 115
41 67
35 94
14 42
68 71
14 49
20 125
64 86
0 120
6 48
95 125
1 108
21 38
40 83
34 38
2 25
14 59
16 48
9 84
99 119
110 126
5 49
92 120
58 69
61 123
89 94
18 30
5 53
72 96
20 97
14 21
20 106
33 72
33 78
50 107
29 112
47 55
67 122
103 104
40 121
52 86
9 71
10 99
5 76
80 100
8 98
6 116
52 82
72 85
4 116
38 103
3 34
99 104
86 90
49 68
23 111
104 118
17 68
16 57
13 96
13 85
100 102
5 10
29 62
11 116
17 92
15 82
42 122
79 123
60 105
20 105
29 83
12 13
7 86
40 115
12 103
29 55
119 121
55 94
100 101
12 89
26 116
94 111
45 97
62 65
12 114
29 50
3 49
32 39
41 71
19 49
52 94
52 102
8 105
0 10
3 73
19 29
69 83
41 119
111 124
98 127
29 124
1 84
43 97
42 104
9 76
76 83
60 102
16 102
112 124
24 59
30 85
36 98
88 91
95 110
59 80
28 65
54 117
19 50
70 90
78 89
73 78
4 58
104 119
28 40
15 120
49 97
60 103
110 117
59 101
32 44
5 6
20 127
75 99
0 3
27 89
17 107
104 120
27 102
43 82
38 42
63 116
41 58
76 122
49 96
117 120
5 68
83 90
17 31
28 30
62 120
26 55
62 84
26 112
17 32
28 119
2 7
40 63
22 38
73 83
30 105
30 82
59 89
32 36
96 119
106 119
107 112
44 52
98 121
49 119
27 74
51 79
25 123
96 122
41 111
29 96
21 62
33 126
34 124
89 127
49 56
60 104
0 108
35 77
46 113
2 99
66 87
17 58
75 91
76 78
14 26
71 120
21 109
48 66
57 109
16 86
3 63
68 89
95 113
48 96
39 65
1 101
68 123
16 63
65 99
2 34
54 81
41 73
18 106
16 49
4 52
108 113
98 104
62 117
53 104
57 121
38 48
29 120
8 117
10 106
49 112
30 97
44 59
89 108
22 74
13 117
72 100
41 99
18 66
90 94
20 83
94 100
63 72
25 95
117 125
26 42
44 121
85 103
68 93
71 87
52 117
20 67
18 100
101 114
36 126
35 109
99 112
57 60
80 123
8 113
15 125
32 43
62 64
2 64
50 108
14 20
8 53
55 88
16 40
46 58
2 110
72 116
30 52
32 101
27 86
11 76
17 51
30 48
56 116
34 121
3 95
44 117
26 86
18 89
36 38
113 118
71 86
3 119
9 32
12 83
3 88
14 63
47 87
49 113
21 40
29 75
51 65
89 120
41 125
19 98
40 80
25 68
24 100
0 7
9 28
21 115
44 78
46 116
38 56
51 82
74 110
94 104
72 101
40 100
6 70
84 86
51 81
16 114
102 120
63 114
73 103
13 70
98 110
66 67
58 83
61 79
8 9
47 124
76 103
28 74
50 58
42 59
51 84
42 63
56 91
6 26
21 81
107 123
78 99
43 61
32 116
45 85
102 117
60 120
33 102
52 99
29 76
54 73
98 100
72 108
8 14
73 106
15 53
43 52
95 111
44 60
37 93
6 66
23 107
32 40
13 116
66 125
50 104
29 87
25 71
90 126
24 47
64 110
59 95
49 90
89 112
22 125
2 83
56 110
43 70
56 111
12 24
54 89
37 43
37 116
3 37
4 97
33 93
31 79
94 103
23 89
15 100
40 73
42 49
3 112
1 91
107 124
5 79
70 119
25 117
98 125
8 29
3 116
57 108
63 86
55 60
0 124
56 100
32 73
62 100
92 95
25 43
15 123
8 101
71 73
25 63
6 102
56 80
3 70
29 73
5 114
43 109
38 104
6 73
4 92
1 77
53 83
12 110
3 127
22 120
69 105
62 112
67 116
7 14
13 111
36 41
33 120
47 113
11 110
96 114
45 56
86 110
0 109
52 69
20 29
17 46
84 112
8 115
34 72
35 123
44 101
48 58
26 121
19 68
3 96
46 47
17 75
101 105
41 87
48 102
25 65
45 102
26 29
59 73
17 18
23 59
41 121
23 38
32 63
51 67
17 84
13 126
90 110
22 114
55 66
73 100
25 26
36 115
73 114
39 46
50 119
93 102
82 83
6 10
25 111
98 120
55 105
70 71
108 126
9 62
37 121
34 122
6 60
6 98
38 64
24 121
30 96
12 73
10 108
118 126
91 118
33 107
31 51
37 61
11 88
63 89
12 94
15 34
13 86
39 51
10 35
44 123
67 93
27 54
24 87
83 85
14 67
45 82
87 95
90 113
95 115
15 26
82 95
39 44
46 121
60 95
34 86
87 99
39 79
5 55
14 65
19 58
17 102
74 78
33 68
0 103
4 108
15 89
74 103
19 94
29 39
27 61
86 89
13 68
93 126
29 101
93 123
60 77
65 97
34 108
32 82
79 116
21 120
5 37
56 85
28 39
15 67
86 94
65 115
84 115
31 116
43 84
7 112
66 70
45 72
23 82
33 51
2 80
54 100
17 77
60 79
50 114
53 79
16 24
24 116
31 61
84 87
15 60
24 125
32 34
10 27
77 85
3 59
20 38
54 62
20 52
21 127
4 99
49 102
19 127
55 59
45 111
25 32
95 116
22 49
12 108
91 104
14 47
56 126
3 12
16 96
23 27
81 110
34 46
7 54
3 72
29 35
41 88
18 75
38 54
85 124
58 96
54 56
55 75
16 41
65 69
3 68
6 44
38 76
91 126
68 96
0 56
71 117
66 123
22 65
25 34
89 110
36 49
29 61
63 117
38 44
24 113
64 73
29 99
8 35
4 47
22 121
99 108
18 40
91 100
66 106
0 60
17 120
6 97
45 125
20 68
55 62
20 72
13 51
62 126
64 105
62 96
58 64
38 59
64 90
96 121
61 67
74 115
0 95
46 63
80 116
12 50
57 71
33 87
17 119
86 103
11 28
10 91
32 41
35 118
8 34
47 119
66 126
84 104
3 18
12 88
25 101
41 108
68 115
11 102
96 112
15 54
98 114
35 59
51 72
6 113
13 88
97 125
22 69
18 95
46 66
116 120
24 115
53 57
34 55
101 106
49 50
13 99
58 71
45 84
38 102
7 36
0 99
43 101
21 42
22 89
23 25
50 59
108 118
48 76
18 29
84 91
56 63
38 111
92 109
60 63
77 120
25 73
27 29
21 60
8 45
12 85
17 57
39 81
42 127
1 24
3 71
43 45
52 96
55 67
39 71
72 92
97 123
60 73
109 116
85 100
59 109
3 118
4 10
27 60
46 60
38 78
9 82
47 60
29 114
92 101
68 114
0 93
52 95
3 117
10 97
20 73
24 33
8 16
15 72
30 92
36 60
21 117
48 112
48 87
54 124
14 82
4 71
8 82
9 56
47 82
5 71
42 56
34 107
26 65
18 41
28 56
102 108
10 104
18 59
41 97
94 107
30 34
77 84
118 120
23 44
8 89
42 94
20 81
7 59
74 98
22 81
13 80
60 118
29 123
9 35
17 83
7 51
114 122
32 75
18 72
73 113
21 67
103 113
19 43
23 57
21 122
15 106
32 60
4 17
66 120
13 17
93 127
12 66
75 83
15 107
26 76
7 56
79 120
54 102
88 124
106 114
36 71
102 107
41 70
54 116
18 101
45 68
33 83
26 51
48 95
22 94
7 20
76 91
51 83
3 81
120 127
17 54
21 99
9 105
67 96
105 122
29 63
120 121
100 124
0 72
27 78
7 78
34 99
68 100
80 111
14 18
41 79
38 121
7 76
86 92
41 107
43 76
36 120
16 68
36 122
32 56
1 74
24 25
24 85
110 125
80 90
92 100
32 84
36 75
40 58
34 118
21 65
43 55
112 125
91 106
125 126
84 119
21 83
82 84
1 114
42 102
22 39
94 112
29 69
20 87
50 51
12 64
109 126
42 43
12 80
67 97
43 122
45 55
14 114
2 9
51 80
77 115
67 127
0 24
101 113
87 101
49 81
54 80
12 53
10 55
55 71
58 81
12 109
35 90
30 49
69 82
12 34
1 37
1 36
36 64
51 59
99 111
14 113
24 81
46 96
28 102
9 97
66 94
66 92
94 113
46 99
6 55
15 41
104 111
9 61
63 68
50 78
99 122
46 81
45 92
92 123
28 52
44 58
14 107
24 72
26 66
13 56
64 126
34 76
97 105
92 117
16 46
45 66
38 88
68 74
64 67
54 86
90 100
22 97
97 101
26 49
46 52
22 79
48 115
31 109
77 100
22 72
8 122
63 103
56 119
67 121
54 98
65 74
56 65
82 107
8 92
107 127
44 56
87 122
23 87
98 123
23 84
6 67
1 12
18 49
9 72
39 84
60 81
27 32
53 107
24 36
85 111
49 127
23 71
40 85
66 96
45 70
58 85
60 87
97 114
11 112
20 37
18 76
51 126
0 121
33 121
14 33
22 42
50 118
25 76
75 76
22 77
24 103
28 114
68 92
63 75
16 77
91 120
32 48
9 100
104 105
9 15
93 94
76 77
18 111
41 96
42 92
40 70
55 112
79 89
29 109
0 123
10 85
51 91
59 69
74 84
2 6
58 97
5 72
16 75
36 125
99 103
88 122
87 119
78 113
42 66
16 126
111 117
41 53
23 67
10 61
98 113
12 99
33 112
3 36
87 108
3 48
1 22
12 96
2 93
102 106
120 124
40 118
104 117
64 71
27 126
28 59
49 82
5 106
0 88
101 126
2 100
74 117
116 117
72 87
63 127
55 69
7 12
11 117
23 118
77 103
2 98
31 56
47 49
86 123
67 112
80 113
6 110
8 99
6 32
41 60
20 51
69 109
76 125
19 36
37 102
70 115
63 74
98 107
70 73
17 76
67 109
4 27
39 80
4 74
1 112
4 96
110 120
66 76
26 78
7 103
11 96
32 68
49 101
2 89
11 19
40 90
1 75
18 94
52 103
46 62
7 19
67 69
11 90
43 54
112 122
50 81
51 97
81 93
22 53
89 91
3 45
9 124
17 85
36 109
99 100
23 123
68 84
14 103
6 119
1 7
67 107
36 111
20 86
91 105
13 15
35 85
91 112
57 65
16 117
40 113
54 77
4 16
10 51
83 105
32 62
78 80
87 112
6 33
25 53
18 78
22 58
17 20
21 95
65 122
0 125
45 73
49 121
50 90
45 81
27 91
24 44
59 98
50 110
65 121
24 110
78 114
44 65
74 100
8 39
57 70
35 43
20 36
69 125
107 109
15 83
75 101
70 112
81 89
47 89
11 30
118 122
71 111
74 91
18 73
66 111
0 83
9 110
45 77
32 117
8 21
29 91
23 45
30 31
3 67
22 62
21 30
4 63
68 75
19 123
13 98
4 113
12 113
68 83
17 52
95 109
28 101
65 76
49 105
10 82
20 41
40 95
33 123
8 104
112 126
44 54
33 47
16 121
102 105
7 98
53 63
109 119
67 117
32 42
1 83
39 68
23 81
51 76
40 104
22 106
35 54
4 68
13 41
32 57
14 64
24 126
109 112
68 78
7 60
95 121
3 21
92 112
37 44
31 92
39 127
59 71
39 110
21 94
91 97
1 9
30 116
8 37
25 125
45 123
102 110
13 72
18 21
39 58
23 100
48 116
28 106
27 92
38 51
13 36
31 77
4 46
51 86
0 89
37 66
20 21
99 102
34 35
6 88
18 99
87 103
20 109
33 66
88 123
46 118
8 17
48 63
20 100
1 62
13 79
10 83
33 95
9 75
53 78
59 79
115 122
111 125
53 80
10 31
67 81
52 122
43 69
23 92
87 127
56 92
52 68
59 74
11 125
4 98
58 62
5 104
54 75
50 101
2 104
57 124
45 93
71 93
77 88
19 55
98 116
16 73
6 80
39 95
78 115
4 59
61 86
42 96
29 54
42 98
20 123
65 70
35 96
11 17
36 124
34 94
53 120
89 97
19 101
13 44
32 55
77 125
3 125
2 44
33 60
63 88
5 102
19 75
37 51
5 54
44 119
0 4
32 58
43 60
49 117
20 98
48 62
27 55
114 118
19 64
79 105
50 111
63 112
6 43
20 69
22 119
44 120
39 101
42 111
23 85
105 125
75 105
43 127
12 19
56 99
52 70
42 48
89 90
48 98
3 103
53 58
35 75
44 68
35 89
5 8
25 42
4 45
50 93
29 49
113 121
3 113
13 58
85 117
53 106
31 44
5 50
39 42
23 40
8 18
17 63
14 88
31 54
114 116
8 36
2 48
9 102
62 90
17 26
11 118
7 61
35 98
33 81
18 112
45 110
27 107
25 58
29 56
51 66
54 127
38 96
95 101
38 89
82 98
60 123
4 62
11 98
25 55
19 32
44 118
72 84
29 40
38 62
70 84
86 125
88 105
34 88
72 109
22 24
74 105
6 37
112 121
51 116
72 80
44 100
53 86
37 108
67 123
44 83
48 56
12 60
26 50
2 92
14 38
35 101
46 117
42 72
7 28
34 125
26 95
35 66
95 96
30 45
3 14
111 119
72 111
39 47
0 13
29 92
50 55
79 119
15 29
40 77
60 127
67 110
42 123
52 80
60 112
25 52
98 112
0 53
46 75
35 83
47 84
4 91
22 105
42 50
75 97
95 114
45 100
41 100
1 51
27 99
62 85
72 83
23 79
28 53
24 98
25 28
6 71
10 112
88 108
54 83
47 83
47 109
3 24
7 40
10 79
38 106
60 68
8 109
56 102
18 51
68 126
81 83
37 60
4 44
9 91
0 122
35 65
27 100
40 123
0 9
41 50
78 100
16 58
80 122
16 55
37 94
47 67
13 55
2 27
14 85
50 74
56 86
32 77
33 101
38 113
93 112
24 49
73 76
21 126
34 114
41 86
12 65
23 54
49 63
89 106
85 99
30 53
17 125
78 110
3 85
28 110
32 66
39 112
51 55
59 94
9 112
78 97
43 88
76 80
50 67
0 37
74 86
40 47
18 32
14 46
58 116
19 37
12 82
70 80
15 39
14 77
28 34
56 97
73 79
74 120
4 14
17 62
21 64
66 77
21 58
101 109
74 97
52 91
16 21
33 122
0 45
24 114
8 73
25 78
66 88
59 64
14 52
56 121
11 31
19 41
23 64
40 69
86 96
39 109
79 125
26 56
100 110
66 95
71 108
57 62
42 60
70 99
34 53
48 72
39 56
2 70
54 91
1 80
47 57
42 89
16 19
33 43
1 115
67 91
11 58
25 54
82 94
10 56
4 118
89 117
17 41
63 111
101 117
57 59
3 69
14 53
30 36
4 89
118 119
19 90
96 117
15 118
13 37
58 99
74 112
12 74
113 123
31 108
59 77
112 115
20 103
27 112
41 124
3 40
99 105
15 113
66 121
20 32
37 104
23 31
117 127
8 70
37 84
37 99
26 37
20 122
41 57
72 113
31 68
55 119
31 52
1 34
19 52
49 118
62 89
42 44
24 101
16 78
19 92
4 70
28 60
36 121
47 76
76 102
1 59
58 61
10 39
8 102
44 107
14 95
1 126
86 99
29 48
102 121
50 83
6 92
3 74
52 112
67 79
15 79
95 117
52 74
9 81
2 47
9 90
65 120
4 36
95 97
32 46
21 66
61 90
51 96
8 75
41 62
32 52
72 119
14 16
72 104
54 87
11 91
63 104
7 106
41 116
82 88
100 114
11 21
50 95
49 75
32 47
41 101
13 65
70 118
90 106
33 54
75 79
22 101
73 119
11 82
114 123
10 117
13 81
32 115
87 96
83 97
102 115
36 92
20 48
11 38
42 100
84 107
46 91
99 123
30 58
53 113
30 40
70 72
39 107
58 107
4 111
66 103
6 96
75 89
7 104
80 112
23 52
59 124
13 27
0 28
74 82
40 116
32 33
21 113
36 117
41 69
9 87
20 96
78 85
24 50
44 74
17 88
69 114
50 69
12 48
16 69
58 105
114 119
15 110
10 12
2 22
59 105
97 126
77 102
36 66
5 121
69 76
6 109
95 123
7 100
11 123
63 92
46 122
98 124
59 112
47 75
31 120
79 112
7 34
13 14
42 126
4 53
97 99
76 98
44 50
43 100
15 73
51 95
18 102
77 91
6 77
22 82
82 102
69 80
55 99
67 104
33 67
23 103
90 98
71 112
6 79
31 104
92 125
52 88
17 23
71 119
21 112
1 97
16 28
95 119
91 114
45 94
55 110
53 65
21 79
42 113
29 32
80 88
55 123
30 102
21 48
83 88
14 110
68 88
56 90
32 85
55 90
37 126
76 110
46 93
111 112
73 77
36 43
2 41
20 113
1 72
15 47
54 65
61 97
2 17
22 118
33 59
12 63
5 127
28 99
79 110
80 91
87 102
58 77
46 124
80 95
48 126
8 123
30 79
31 62
49 86
10 114
92 119
80 84
55 91
0 18
53 62
67 100
2 84
47 50
109 124
32 53
28 77
1 121
88 125
58 87
91 111
113 117
79 122
107 120
19 82
91 99
41 92
2 122
93 109
27 39
46 51
27 114
55 76
52 76
27 108
88 126
20 124
5 88
17 70
11 108
3 111
44 53
11 43
49 61
31 60
118 123
4 127
52 108
41 59
105 117
1 103
49 122
31 85
45 117
26 96
99 101
36 51
101 104
26 38
59 116
9 17
18 92
24 120
1 67
5 21
11 66
31 46
93 119
32 95
1 41
22 88
74 121
6 40
15 95
11 89
43 89
72 122
31 90
29 78
43 75
63 101
50 121
82 116
62 97
85 120
79 97
44 125
28 63
78 102
24 92
61 91
121 125
35 84
12 76
73 117
4 125
12 71
4 73
32 120
92 98
46 57
36 88
53 91
19 93
109 121
31 58
9 67
42 119
4 80
13 112
82 85
43 103
0 8
105 119
26 119
10 101
11 95
115 126
30 68
59 62
6 39
47 62
114 127
47 58
46 101
100 106
16 33
28 29
61 118
80 92
2 4
67 105
78 103
11 26
82 118
6 104
21 27
95 100
66 81
68 117
4 29
68 70
24 53
12 29
92 116
23 83
88 89
25 90
71 92
45 88
60 89
5 16
2 127
33 50
52 61
27 66
48 127
71 88
34 66
98 105
38 91
54 112
68 103
15 36
92 102
71 123
57 81
113 127
47 100
54 76
10 118
66 82
4 7
76 105
53 115
82 92
36 94
50 65
92 99
63 80
17 21
106 116
38 100
46 61
4 78
5 39
108 110
35 44
12 59
34 64
3 16
101 102
79 99
20 99
69 88
48 53
68 104
1 58
82 86
28 93
48 123
108 109
46 110
35 70
76 111
38 105
50 61
37 38
89 114
78 98
85 110
6 112
103 124
15 70
66 102
64 107
7 80
43 79
37 53
50 109
73 127
5 61
8 22
9 121
27 101
27 72
115 119
25 67
82 123
55 122
47 118
39 116
0 6
1 26
48 103
41 105
43 62
8 54
35 106
111 126
48 88
4 103
97 121
8 100
48 67
6 89
87 126
27 65
83 113
66 116
42 116
23 75
17 67
38 126
51 109
25 116
36 76
26 64
107 116
45 122
38 73
10 11
59 118
28 126
32 108
32 99
47 121
12 67
13 107
59 122
47 72
67 120
67 73
0 57
57 112
30 117
25 80
17 33
12 102
50 56
59 96
49 54
47 56
63 71
20 50
14 92
24 70
5 103
46 72
67 101
75 115
35 120
64 76
31 64
0 31
6 85
15 101
68 121
51 75
0 22
3 97
6 107
1 120
30 107
5 125
37 88
31 125
39 60
87 97
68 109
14 127
12 49
21 43
33 113
36 123
38 65
20 111
17 25
33 75
27 37
63 121
47 59
71 100
27 43
57 63
68 99
1 40
50 98
61 110
0 76
35 76
23 121
88 121
21 41
1 76
63 126
47 114
64 77
70 100
31 83
63 106
2 77
68 80
44 89
41 113
41 47
58 122
77 109
63 83
27 35
14 37
87 125
4 8
86 105
27 97
35 41
81 126
31 53
45 127
5 93
35 67
3 26
50 124
73 95
33 58
79 114
40 94
67 68
62 87
79 104
20 110
16 25
86 113
58 75
12 41
4 105
84 109
55 113
24 117
44 113
63 119
24 43
66 113
43 121
40 75
6 18
8 15
15 74
92 121
46 54
59 91
62 67
2 15
30 81
61 121
87 104
16 27
59 100
14 55
58 70
76 123
39 66
73 112
47 69
33 39
10 60
14 58
16 98
66 79
37 114
14 44
24 83
32 76
5 42
37 120
23 34
60 96
68 101
13 93
40 108
32 104
29 105
42 99
43 72
8 59
95 105
24 109
14 108
30 114
57 58
43 113
49 74
20 80
59 63
94 106
68 76
6 91
46 69
49 77
56 122
80 126
52 109
17 111
0 79
81 113
27 49
17 55
25 96
79 106
14 74
15 37
91 94
1 105
37 58
8 27
28 124
49 69
18 54
31 103
40 122
43 63
47 104
13 26
34 67
32 109
3 98
87 105
28 97
39 90
30 74
68 124
48 109
74 125
13 31
23 77
72 89
18 90
51 71
83 96
56 83
63 90
50 53
1 16
32 49
9 10
43 58
87 106
61 109
56 124
13 18
36 106
10 18
9 31
84 100
59 70
15 96
18 25
80 119
46 85
14 15
46 89
41 114
62 92
48 107
94 123
31 110
53 126
21 57
51 68
57 88
13 66
2 12
38 99
17 48
11 109
1 113
62 103
56 115
10 100
123 125
8 80
28 107
44 95
21 80
2 116
9 48
22 52
61 89
11 36
29 36
13 91
49 89
30 73
0 67
18 114
33 71
11 122
36 127
11 74
43 123
14 56
61 119
85 98
10 90
46 49
37 82
110 119
81 85
8 107
29 41
75 123
19 78
58 106
62 94
69 112
42 70
105 106
25 100
72 118
80 107
6 64
41 54
32 111
36 82
26 35
7 93
30 124
107 108
34 52
99 127
119 127
5 19
19 56
54 95
46 114
46 106
34 50
70 124
48 119
64 84
20 89
43 51
108 115
70 77
27 53
40 103
62 91
70 102
69 73
52 67
65 116
53 96
2 21
73 84
14 119
47 65
13 16
34 73
76 97
8 95
71 90
14 43
76 79
82 99
96 120
4 38
60 76
80 127
14 122
87 107
40 67
51 113
76 104
19 60
1 99
49 92
6 108
13 64
14 76
47 71
81 96
36 67
47 48
53 101
37 49
51 104
32 110
38 45
13 87
53 105
84 105
6 106
12 31
40 111
58 111
38 75
48 122
61 72
36 63
64 95
94 120
110 121
29 116
70 126
83 115
94 109
5 29
41 52
19 105
25 114
65 94
108 111
41 42
79 113
9 65
88 113
35 60
51 102
9 41
61 62
33 103
4 95
9 73
81 114
1 100
73 97
80 104
11 72
23 72
65 89
37 111
104 110
9 54
28 71
19 38
64 112
62 121
11 81
23 102
11 68
6 23
41 45
34 65
7 127
40 60
55 114
25 61
4 9
5 107
3 11
43 68
97 122
23 30
25 48
5 45
21 92
37 67
93 108
18 82
60 86
61 105
89 124
24 74
53 125
35 124
106 122
6 78
26 48
17 30
38 97
78 88
17 118
11 49
35 40
88 92
20 22
111 115
99 116
19 100
43 110
21 26
6 65
17 29
54 109
1 85
3 87
14 75
11 104
8 46
45 78
4 82
20 63
75 80
63 78
10 49
93 111
83 103
5 44
34 87
61 70
40 53
53 100
26 77
7 117
10 40
37 109
22 41
94 96
24 29
34 117
10 20
3 6
42 82
85 116
54 126
6 45
16 116
11 47
39 75
29 80
44 97
0 68
57 101
4 15
123 127
10 17
22 83
32 107
16 108
85 96
77 106
26 62
20 126
86 126
57 100
3 86
41 77
26 28
21 84
63 64
0 80
48 61
37 76
96 115
36 53
33 127
16 65
40 119
44 109
113 119
40 127
9 123
122 126
95 104
38 72
115 127
85 91
42 81
57 104
37 115
35 81
46 115
41 109
30 66
33 35
0 92
31 66
25 66
100 125
27 70
0 46
34 75
88 106
32 67
65 66
26 46
4 50
42 75
35 52
9 111
30 43
30 120
15 22
0 66
85 89
87 90
89 100
27 93
56 87
13 124
81 102
72 97
24 40
58 72
71 98
52 116
44 47
27 57
66 71
21 73
55 124
52 78
27 71
27 123
40 91
14 35
81 117
8 40
2 94
50 112
81 112
43 114
13 123
80 87
5 56
36 89
12 111
9 19
47 97
3 51
19 121
39 59
83 92
17 126
78 108
80 109
20 88
21 34
37 73
75 78
28 80
81 108
86 127
62 69
80 121
96 109
16 106
30 100
72 114
90 112
76 117
62 88
14 68
59 108
29 44
19 35
36 78
91 109
89 115
5 64
43 94
26 31
36 52
44 81
16 26
13 115
47 73
69 119
72 125
7 92
3 108
2 115
38 39
22 57
7 109
64 106
25 99
43 46
27 121
65 103
48 50
51 54
25 102
26 34
45 115
90 115
30 86
53 76
14 60
21 47
44 71
1 15
26 32
52 57
65 78
26 110
23 73
39 99
81 84
14 83
27 42
35 68
51 58
35 114
3 35
21 39
38 80
105 124
67 84
34 95
49 124
10 54
22 127
16 90
62 99
80 118
88 103
10 48
19 110
52 100
12 92
18 119
21 105
31 67
84 106
61 98
63 79
9 83
27 62
74 94
82 121
56 79
17 114
67 106
52 105
90 97
102 126
81 127
22 98
1 88
98 106
8 84
14 73
61 81
46 90
54 82
51 98
21 111
0 64
41 85
71 121
16 92
105 111
71 91
83 109
26 117
37 64
11 105
16 35
24 48
25 87
43 93
21 24
50 76
36 112
4 104
41 91
36 110
8 25
27 96
64 92
34 42
100 126
14 99
95 108
34 89
28 103
5 78
67 99
91 108
21 46
70 117
106 107
55 108
33 115
49 104
54 103
2 85
40 54
22 63
112 118
51 114
71 107
96 103
10 59
26 84
91 113
27 104
31 100
35 122
92 96
41 122
12 42
42 91
76 113
16 51
11 106
99 121
2 97
11 13
16 37
3 109
104 125
101 107
33 48
59 61
1 61
3 106
3 84
83 122
53 77
28 66
6 121
36 68
18 81
41 83
30 101
73 116
50 89
23 95
79 85
71 113
54 125
80 124
49 79
30 104
38 127
33 63
52 125
24 60
47 61
17 34
16 71
16 105
7 108
2 107
37 79
61 68
56 66
51 99
84 111
30 47
34 98
54 99
16 97
24 118
12 14
18 125
20 91
66 72
34 59
67 113
64 117
39 83
15 76
21 70
62 81
82 119
51 69
25 74
24 34
32 98
57 80
100 117
51 117
20 78
17 90
88 116
2 29
39 48
37 40
48 69
23 115
69 115
58 89
59 60
23 80
2 75
58 66
60 78
62 122
49 120
24 28
86 111
115 121
103 106
63 108
0 86
61 78
17 122
40 71
54 55
28 78
46 77
16 60
35 121
12 18
51 92
12 78
31 65
10 107
9 86
56 109
87 110
1 109
106 109
34 104
34 80
6 100
49 80
8 31
34 40
2 91
3 9
16 101
83 100
2 3
77 104
37 65
17 38
52 126
4 42
26 115
40 112
38 60
42 87
59 93
1 50
91 127
87 89
23 125
53 111
86 109
64 101
56 103
4 75
37 45
40 46
55 78
5 116
59 107
17 37
76 92
83 125
24 111
8 110
81 97
10 41
4 12
5 51
21 77
13 22
84 95
115 120
121 124
13 92
30 126
24 77
29 88
8 85
9 36
69 93
38 69
75 85
90 101
47 88
38 101
16 31
7 22
65 108
48 90
10 92
111 120
10 64
32 78
4 13
20 39
23 53
98 111
82 89
46 102
17 59
40 101
65 114
33 105
42 45
9 64
0 110
40 124
6 74
64 89
108 114
10 58
42 73
16 53
58 82
100 119
8 108
79 87
75 114
24 58
38 109
31 111
12 35
62 108
57 83
22 44
76 124
31 34
119 123
90 108
28 37
48 83
97 115
76 112
12 119
69 111
3 27
97 117
74 92
65 123
39 45
4 79
48 49
59 126
54 67
16 64
16 91
37 123
11 77
2 55
37 96
42 114
41 103
1 5
76 126
21 44
50 123
38 47
54 72
10 119
36 58
12 27
64 118
20 77
5 97
17 117
34 102
121 127
29 42
22 36
6 14
15 40
2 57
22 85
86 119
58 84
32 114
37 105
7 26
12 25
77 79
59 97
104 121
25 36
31 35
59 111
55 84
8 64
19 31
83 123
20 66
48 104
69 79
52 101
10 71
22 87
48 93
3 76
107 121
74 111
63 125
10 45
65 73
3 32
36 83
8 111
46 103
4 87
12 47
24 54
82 114
58 121
61 111
45 58
20 95
21 121
25 107
1 116
65 117
1 53
97 120
34 61
22 108
52 110
16 85
93 115
17 45
28 90
59 84
4 49
4 21
12 15
39 89
47 120
69 94
6 15
37 78
36 55
17 109
11 71
12 39
84 127
71 106
8 77
23 50
19 77
62 115
59 106
11 34
8 87
74 87
9 127
57 92
70 114
33 109
17 40
83 99
2 78
81 109
18 38
21 37
21 76
108 123
57 74
23 98
14 105
49 93
36 87
50 68
24 42
64 98
2 90
25 103
24 27
13 34
15 102
35 36
31 115
28 117
39 102
37 106
3 78
61 126
19 45
1 11
7 74
119 124
32 87
64 111
0 16
101 122
24 32
96 126
81 106
60 61
22 70
11 22
77 126
6 94
29 67
23 33
91 117
82 101
49 115
47 81
1 35
15 27
0 101
79 92
28 48
26 125
52 66
57 113
21 103
24 84
27 115
1 29
5 34
22 71
97 104
34 74
94 114
22 66
18 28
1 27
7 35
38 93
66 112
48 118
6 11
9 117
31 50
8 90
0 78
52 55
94 110
44 69
15 117
13 35
6 56
32 122
81 94
62 71
65 119
104 109
24 64
109 125
45 49
5 110
0 85
22 123
4 11
72 81
22 86
26 105
32 59
28 86
93 97
14 39
55 61
16 22
42 54
76 116
85 104
43 119
68 102
47 98
27 52
22 104
14 120
58 59
41 63
66 93
25 86
1 60
37 101
85 87
45 76
64 115
69 92
37 86
21 78
25 93
9 44
5 89
68 79
30 111
25 109
10 23
7 10
24 30
42 124
42 78
20 42
35 49
7 101
12 75
41 81
65 85
15 112
17 82
55 121
8 93
43 77
75 90
29 127
0 12
71 83
7 25
21 114
21 118
11 44
41 56
71 97
6 13
31 88
51 60
50 60
28 64
12 106
6 24
88 104
34 93
47 66
28 88
75 111
63 113
10 19
6 105
117 119
13 20
44 116
20 114
93 113
44 55
27 44
33 42
43 104
7 84
2 120
77 97
54 92
114 120
4 56
38 124
84 114
45 46
100 116
47 127
11 59
47 63
103 112
21 61
33 98
9 88
8 47
9 120
66 108
21 91
49 62
91 125
101 120
9 94
39 86
94 118
63 95
55 74
77 108
26 114
33 94
6 58
6 16
3 122
42 109
11 46
23 51
106 113
27 85
60 110
96 123
28 68
48 101
63 84
25 64
7 21
4 72
25 112
12 38
10 116
4 81
46 68
13 75
105 114
38 50
5 111
27 30
25 94
68 105
57 117
5 70
16 109
41 76
65 95
24 89
55 77
23 66
11 27
66 83
69 110
76 106
70 120
99 124
40 98
35 80
68 122
40 79
82 110
8 71
5 59
103 117
26 99
46 50
14 24
19 109
49 123
24 123
48 82
80 103
17 115
2 52
43 78
91 92
115 124
57 123
67 70
21 52
44 104
53 72
9 85
32 97
50 85
29 79
18 74
10 24
86 101
0 112
58 60
22 112
40 81
21 28
42 103
17 39
94 108
33 91
103 111
76 119
19 83
61 106
35 91
41 46
37 74
96 97
12 105
4 115
13 50
54 63
23 69
58 101
25 30
77 95
83 84
39 87
29 34
66 122
43 59
50 102
57 116
69 103
80 125
88 109
21 50
100 111
1 38
101 124
55 100
71 84
69 98
20 76
101 118
73 104
36 97
44 110
18 42
101 116
46 109
4 121
123 124
39 78
19 61
67 119
58 112
59 85
25 35
25 119
28 118
2 54
1 19
51 85
65 125
99 118
5 27
29 68
36 99
69 102
18 91
27 79
27 122
52 90
26 83
87 118
64 114
80 94
79 115
35 97
46 48
35 78
18 88
36 45
53 70
41 49
49 94
86 118
92 115
9 96
52 53
57 97
31 93
28 35
16 29
5 13
35 110
58 91
119 122
64 99
26 109
65 118
29 89
63 67
69 74
27 50
32 83
65 71
2 37
25 127
49 125
0 1
43 66
74 123
87 109
35 73
61 84
26 68
5 32
8 79
92 93
70 97
65 102
19 118
1 102
27 56
19 66
40 110
63 65
14 89
12 44
45 64
42 106
13 23
4 117
72 123
97 100
56 94
62 77
88 98
16 84
39 98
19 48
64 124
63 93
80 82
49 103
35 37
108 116
19 47
71 116
62 72
38 82
36 93
29 65
7 41
28 116
14 109
55 80
12 86
4 94
48 71
63 82
59 87
7 122
24 82
117 122
51 101
102 112
18 71
37 112
7 64
15 63
60 72
85 106
118 121
27 34
8 48
93 110
12 91
5 20
45 71
90 123
12 58
93 95
77 81
43 53
50 71
29 95
97 118
32 93
63 76
13 59
47 111
6 54
65 91
8 119
60 91
15 111
26 111
21 33
14 34
35 93
3 105
58 100
10 120
25 115
69 117
2 81
47 85
49 64
7 66
64 108
24 37
22 110
47 95
48 100
14 48
60 88
1 86
86 87
15 105
33 117
10 30
64 91
44 49
19 91
105 113
60 94
57 126
21 123
37 122
100 104
38 63
19 125
22 40
15 31
89 118
66 85
110 116
53 73
18 65
2 42
59 102
13 32
57 66
21 119
5 18
73 88
99 120
48 60
103 110
26 75
37 125
26 59
16 67
36 39
9 79
69 126
59 113
11 50
15 35
33 65
90 127
67 124
13 38
54 121
88 117
33 38
60 100
3 38
30 33
9 57
3 28
28 61
6 82
10 53
5 101
40 120
54 97
55 98
0 36
98 99
17 72
74 83
7 70
93 100
77 118
10 32
100 118
115 123
40 125
48 75
76 118
59 117
78 121
94 115
3 5
120 126
63 97
50 52
95 107
31 117
36 85
30 61
1 90
69 123
40 42
95 106
32 54
122 125
40 64
6 50
77 123
65 106
29 47
32 86
42 79
79 117
18 104
111 123
25 29
15 50
86 88
112 119
94 124
2 112
9 11
11 23
48 79
17 110
2 124
22 55
23 113
68 90
14 28
39 126
24 46
17 47
85 95
69 120
64 100
2 56
12 122
15 66
21 53
18 118
34 127
11 92
59 127
73 124
37 63
1 111
44 91
18 105
94 121
15 20
11 127
26 89
92 107
37 97
43 87
69 84
52 120
31 127
102 122
1 4
12 81
15 77
71 72
116 122
14 90
16 66
56 112
20 60
86 122
47 53
53 61
7 50
5 67
8 10
1 82
28 44
60 109
43 118
68 97
49 126
8 52
0 47
66 127
15 71
27 106
19 27
65 86
9 106
81 87
84 99
37 70
20 44
15 51
91 119
61 103
2 33
72 91
74 88
19 111
44 105
54 114
15 44
73 94
21 82
21 49
33 88
54 64
72 107
29 126
42 101
36 69
40 57
48 51
30 91
124 127
6 20
103 109
35 57
56 84
30 110
4 102
13 122
8 88
42 115
88 110
2 38
57 127
4 93
61 100
9 12
3 43
78 86
16 112
3 107
25 41
55 101
63 98
55 79
1 47
21 107
8 106
36 65
85 118
29 84
3 66
60 66
28 85
33 111
9 69
7 88
37 57
88 94
14 101
22 73
80 102
43 83
73 86
48 54
39 119
73 101
84 98
42 88
5 75
12 90
66 117
4 126
16 52
52 59
1 55
27 46
83 110
12 84
89 93
41 127
10 76
11 35
13 108
59 66
81 104
25 40
32 106
78 109
39 93
24 76
51 127
6 8
10 15
1 57
30 57
50 84
64 120
2 13
25 89
78 122
22 76
66 86
3 82
45 108
33 46
17 116
45 48
9 50
59 125
12 20
84 113
41 68
54 71
44 87
26 98
21 87
77 117
78 94
1 28
96 108
28 82
5 22
79 98
64 113
101 115
64 94
54 79
44 45
47 77
0 116
58 68
18 107
95 118
3 46
50 57
84 92
30 41
8 11
88 127
46 55
93 99
5 40
30 127
79 81
27 76
70 108
60 67
45 103
28 47
14 121
3 126
31 43
46 65
7 32
7 124
27 68
41 48
61 124
97 98
109 113
49 109
49 57
75 118
86 107
59 86
16 83
15 52
107 117
68 82
84 123
42 84
82 109
73 90
37 95
1 56
16 124
90 92
110 114
108 124
6 86
15 84
0 75
16 30
20 24
0 90
6 22
38 116
13 94
23 61
12 117
44 99
21 102
41 117
3 19
91 93
44 46
42 108
53 59
17 87
3 4
10 37
14 104
17 22
37 56
20 53
60 75
94 119
59 110
16 93
27 84
104 112
1 119
4 77
50 126
72 112
69 121
23 86
34 105
21 31
2 105
36 59
59 83
20 84
25 59
76 108
29 110
63 85
85 119
95 124
95 127
35 92
60 115
45 79
13 105
29 108
13 106
11 75
53 82
49 51
32 119
12 126
31 55
2 95
33 108
9 63
25 37
24 80
46 76
7 38
18 124
7 11
86 91
104 114
60 99
45 67
70 105
53 54
21 56
6 30
50 75
92 110
19 112
17 27
14 23
10 126
35 116
7 71
75 77
21 110
53 88
20 27
71 127
26 94
26 44
17 69
17 79
47 86
34 63
71 81
78 116
20 117
85 114
0 48
48 80
2 82
28 43
3 55
55 109
26 57
39 121
9 93
9 47
45 63
64 81
49 91
84 124
55 85
18 123
55 115
2 53
31 48
83 107
88 99
18 80
30 112
9 13
38 57
5 124
53 93
44 80
33 40
45 89
102 104
14 17
70 87
7 39
18 26
79 95
101 111
1 118
47 116
41 84
32 74
16 87
57 73
62 75
77 111
63 87
72 121
23 74
49 83
36 42
89 96
50 86
5 26
28 87
25 72
74 124
7 81
62 95
28 75
59 72
7 114
19 44
59 120
14 57
40 50
22 33
29 104
22 116
42 107
84 116
107 125
14 117
90 95
78 91
69 91
47 101
0 33
92 124
6 35
36 96
0 106
74 99
9 55
14 62
7 107
73 98
34 36
79 102
106 118
77 89
35 100
111 127
58 114
2 39
89 101
10 69
10 109
61 108
33 57
29 86
18 63
61 120
22 56
36 57
11 32
93 116
78 111
1 127
60 107
79 94
102 124
72 94
9 118
56 68
43 98
90 117
87 98
68 118
18 122
104 122
1 6
85 88
33 79
45 75
70 98
11 126
26 73
32 121
16 80
23 28
57 111
21 25
3 58
21 72
105 109
21 59
5 84
24 108
93 106
43 106
11 94
19 88
5 113
31 126
34 44
4 37
9 122
16 104
79 83
73 75
32 126
87 93
74 75
76 109
21 51
2 121
67 94
2 103
37 52
6 53
43 57
68 73
19 79
78 79
105 126
40 89
47 52
58 65
39 91
29 59
32 80
69 108
46 56
115 125
30 122
15 17
16 42
13 113
106 127
60 69
11 99
15 92
8 30
79 88
56 64
38 81
33 49
64 121
26 100
24 73
4 25
46 98
0 100
69 101
46 108
60 111
27 75
56 93
43 105
43 48
74 113
8 66
21 55
24 97
58 95
65 105
39 76
13 60
6 72
9 58
0 118
51 63
72 99
15 75
9 20
1 23
8 23
13 109
16 61
36 56
6 61
86 104
23 106
13 33
28 89
96 127
89 116
70 121
61 116
15 94
4 85
46 74
20 79
36 113
19 96
5 109
22 54
20 23
103 108
57 106
79 118
9 25
53 55
75 87
97 124
5 60
34 83
64 80
30 70
72 102
51 125
71 114
35 107
21 71
64 69
18 120
13 114
27 40
56 105
70 76
114 117
31 76
13 110
56 118
55 73
73 123
57 77
86 121
100 108
93 120
52 63
59 75
25 56
80 120
64 65
4 88
99 117
20 75
18 47
39 124
8 42
34 97
72 127
27 63
37 81
0 14
70 88
2 117
47 51
87 113
103 127
23 26
68 127
13 83
36 44
59 114
48 73
24 38
58 74
55 96
41 94
86 93
10 44
6 123
90 120
3 61
86 97
31 33
82 120
53 109
19 85
15 88
5 108
17 66
44 94
18 85
0 98
42 69
51 74
89 99
51 57
77 101
28 95
57 95
43 50
71 75
97 112
46 70
49 116
4 86
119 125
54 106
53 87
51 52
22 126
79 80
10 113
68 125
3 53
23 42
15 38
34 70
98 109
26 118
66 78
69 87
38 53
3 123
35 50
48 120
30 88
30 99
28 96
10 52
30 83
16 56
113 126
74 107
26 63
58 80
15 30
3 79
14 116
31 99
15 127
48 106
56 125
54 96
63 115
81 92
17 42
13 57
41 90
30 93
48 57
34 115
33 70
11 70
65 96
7 91
100 105
86 95
22 48
57 76
94 102
27 83
14 51
40 126
37 39
5 15
26 69
34 109
76 96
50 125
33 86
44 77
39 70
90 111
116 123
48 89
85 97
89 92
18 60
30 67
25 60
15 33
45 104
62 76
20 74
97 110
11 40
30 78
41 43
89 109
8 62
80 101
12 30
30 72
60 65
7 116
71 104
23 39
13 71
39 41
47 126
0 58
81 107
16 17
31 63
45 96
17 56
60 117
60 125
55 95
45 112
68 116
37 80
33 92
54 61
24 106
105 110
9 18
2 66
32 65
18 52
78 81
77 122
56 62
63 81
84 85
22 67
7 42
73 121
96 118
66 115
72 106
92 113
3 29
9 104
21 101
31 37
43 92
30 94
27 41
53 117
39 111
15 49
10 50
51 90
81 95
2 20
97 111
12 46
94 126
47 110
6 124
50 82
50 96
24 88
23 119
36 50
35 55
33 77
17 19
4 19
6 47
12 118
72 90
17 106
29 111
10 26
37 59
6 63
106 117
62 68
58 92
17 35
109 123
60 113
69 81
46 120
33 55
55 70
2 36
45 47
96 99
12 121
35 47
16 76
5 65
48 81
70 82
80 96
61 114
5 38
32 61
2 102
59 81
53 94
1 2
25 47
72 78
46 126
0 59
57 118
61 73
50 91
35 104
53 90
4 120
40 86
0 104
41 93
65 109
78 92
78 119
70 95
53 118
35 113
6 122
10 25
10 29
110 127
78 107
42 53
68 110
52 114
1 123
4 122
58 113
51 78
46 79
75 121
72 93
24 65
40 72
32 71
37 124
101 119
22 59
93 122
0 30
71 89
39 125
22 68
44 64
34 78
10 62
72 120
50 66
38 74
64 87
6 17
68 119
25 91
112 116
35 115
24 94
32 38
23 90
4 67
21 75
57 125
75 108
44 112
2 62
0 15
26 81
55 56
55 126
55 103
0 43
76 88
27 125
65 87
0 62
19 39
48 97
12 32
67 118
123 126
60 97
14 32
20 118
40 65
1 31
30 119
55 68
107 118
84 117
53 81
1 73
25 106
114 126
56 96
11 103
7 105
30 76
34 69
13 97
0 21
8 83
73 91
10 74
60 92
87 92
12 16
58 120
5 87
71 99
2 126
17 78
18 57
12 45
8 78
27 113
15 86
50 122
37 98
93 114
87 91
14 72
2 59
13 62
68 87
0 32
68 69
39 57
8 118
75 95
99 106
81 121
27 67
6 76
66 124
11 113
57 103
12 55
44 82
11 87
33 90
44 93
47 80
67 74
47 102
15 98
36 54
5 99
15 115
12 125
56 57
57 94
69 100
74 127
51 111
99 110
7 55
13 102
1 93
1 81
90 118
55 97
47 125
62 109
14 94
30 123
21 104
109 122
39 96
72 103
43 56
19 70
56 89
82 91
37 83
22 25
17 80
81 98
60 74
42 83
25 57
15 59
47 99
24 102
69 78
35 117
10 121
87 121
121 123
27 73
23 122
84 126
64 103
63 122
22 37
36 80
32 123
45 87
64 97
7 27
54 85
64 66
10 47
28 45
25 126
35 103
30 42
50 72
2 10
79 100
25 121
17 53
11 107
44 115
82 108
43 80
100 107
15 24
114 124
96 105
7 46
14 80
78 104
78 105
64 88
40 52
54 94
80 98
18 97
1 17
19 72
43 111
13 48
106 112
44 108
21 22
58 98
84 125
106 120
81 123
58 67
11 124
49 98
4 55
1 21
7 18
8 116
9 125
4 41
39 97
72 105
12 56
16 20
2 106
44 75
7 125
48 84
58 90
106 111
37 71
65 104
17 112
102 111
7 63
20 35
1 44
44 57
18 93
69 118
6 19
71 122
24 35
23 93
35 51
42 65
45 80
58 76
58 79
35 79
3 110
3 90
16 45
41 126
92 122
18 86
7 49
74 77
10 127
0 107
51 100
34 103
67 87
63 96
76 87
107 119
75 81
113 116
63 107
27 31
7 94
32 79
27 47
20 49
41 66
26 70
75 120
18 87
41 44
62 66
92 111
91 115
44 62
72 79
15 93
10 89
85 125
26 126
39 118
27 117
35 39
15 28
109 120
29 93
33 53
47 106
39 64
43 64
7 9
45 69
54 69
22 99
15 16
100 121
45 65
70 91
34 119
6 52
104 106
6 34
44 70
1 68
27 94
39 103
49 58
115 118
73 85
38 43
19 103
60 106
44 114
89 122
44 61
57 69
61 69
77 93
16 36
0 119
0 84
92 97
26 53
0 42
27 64
45 62
58 86
62 104
120 123
55 92
17 36
26 61
30 50
19 95
1 14
60 70
92 127
39 62
49 76
14 29
10 67
33 37
5 62
25 33
87 94
44 92
0 52
14 93
7 95
10 87
71 110
52 60
53 108
25 84
78 120
72 77
83 102
8 114
51 124
76 95
75 122
70 81
56 117
21 29
67 115
67 89
57 90
8 60
57 91
19 76
0 26
18 64
65 90
16 111
24 62
34 68
46 59
6 25
100 120
67 83
42 85
67 71
21 93
51 64
100 103
83 98
45 91
38 114
32 64
2 72
24 105
81 120
114 115
60 108
19 67
53 112
59 88
43 95
5 92
49 108
73 109
31 113
21 108
55 87
36 37
65 83
75 103
70 116
18 77
39 82
2 35
8 33
14 91
19 69
42 64
32 118
33 125
93 96
49 107
4 54
11 51
77 105
40 97
38 66
18 44
36 73
57 107
30 55
59 76
1 107
9 37
41 80
78 127
81 124
35 125
40 41
33 100
35 61
69 124
39 54
1 66
78 90
49 95
15 91
66 107
38 123
16 79
4 69
60 64
4 61
35 72
3 44
74 102
7 82
38 115
32 100
7 65
76 93
41 102
64 74
87 88
17 93
64 78
59 92
61 107
2 114
108 127
31 101
32 70
45 105
67 90
70 89
34 51
35 62
79 109
58 104
15 32
14 70
28 33
79 84
11 41
60 121
3 33
73 80
53 97
0 29
22 122
35 48
8 94
42 125
34 92
66 109
1 106
43 71
41 115
19 30
0 23
48 125
15 62
18 56
26 80
13 89
25 124
34 120
33 36
61 102
31 102
51 93
48 74
11 119
61 85
124 125
73 105
53 122
39 85
28 91
40 84
30 71
20 46
42 67
1 42
4 109
65 110
42 112
71 126
44 90
79 96
5 90
74 101
36 100
88 95
26 40
25 50
62 105
4 32
36 72
52 107
25 113
67 78
22 26
26 101
98 101
15 42
