130
4
3521
60
20 2
35 2
30 2
16 4
39 2
17 3
30 3
10 1
40 4
39 2
11 1
41 1
37 4
15 1
24 2
28 1
18 3
41 4
38 5
40 3
37 2
35 1
4 3
35 5
19 2
26 1
26 5
36 1
39 3
33 4
31 4
8 1
13 1
5 2
20 1
17 2
30 5
20 1
19 2
12 4
10 4
16 2
36 4
32 2
15 5
16 2
10 2
10 5
17 4
7 4
14 3
22 5
37 2
41 2
9 4
35 2
23 2
38 5
37 3
37 1
22 4
40 2
41 3
41 1
6 2
28 3
33 4
15 2
24 5
6 3
22 2
8 4
36 1
28 1
25 3
7 4
40 3
38 2
6 1
23 3
38 5
14 3
25 4
16 2
35 1
11 5
24 4
23 1
10 1
12 3
11 4
39 2
41 5
8 3
17 3
21 2
30 2
24 4
25 5
18 4
41 2
6 4
27 1
20 4
25 4
22 3
17 5
27 5
38 1
26 2
37 5
39 3
14 3
40 4
17 3
34 3
6 5
12 1
36 4
33 4
13 2
30 1
6 2
18 3
11 4
21 3
36 2
15 3
20 2
22 4
8 36
28 111
37 97
80 84
34 61
56 73
53 128
14 42
11 91
15 36
77 113
48 102
98 118
11 22
50 104
68 76
34 53
89 95
101 128
39 52
0 105
8 59
2 67
1 25
40 111
50 87
11 35
56 70
93 116
91 112
73 106
0 5
26 45
25 42
20 51
72 73
50 75
68 69
65 113
101 102
80 105
13 40
55 108
28 31
53 98
20 97
39 92
11 124
59 124
18 120
33 127
89 104
4 53
9 116
90 107
15 96
62 100
28 57
11 71
60 80
31 104
69 119
28 114
5 85
80 96
18 100
21 37
104 111
17 77
70 90
0 85
25 50
82 117
37 90
67 74
66 76
64 78
44 86
14 83
25 37
18 28
69 89
0 35
97 116
18 114
27 72
56 97
0 51
25 118
42 117
29 108
47 61
95 115
3 96
17 54
86 123
8 56
2 117
107 111
77 119
66 113
11 24
45 82
28 94
42 119
44 73
62 125
10 62
7 28
3 71
70 116
55 58
15 52
3 73
3 76
75 119
6 60
84 89
51 74
70 119
15 31
55 93
59 89
74 120
122 129
61 73
65 70
71 111
43 80
20 59
49 68
40 116
15 95
57 100
34 120
30 65
47 48
43 74
0 91
36 50
81 122
39 42
83 110
45 94
23 35
2 29
28 52
33 66
21 28
78 88
88 102
90 101
32 56
39 111
9 19
27 63
56 91
23 59
79 84
37 116
8 66
73 127
44 71
14 58
75 112
62 120
11 12
114 121
40 93
41 77
67 122
66 118
13 74
74 110
7 78
36 83
35 59
37 73
43 102
13 119
70 107
29 33
53 83
23 90
81 118
52 83
28 83
90 118
21 41
3 120
53 123
37 113
40 122
10 93
26 81
46 90
45 67
12 119
1 64
63 114
52 91
21 120
35 126
12 18
1 121
4 66
3 111
20 105
21 74
85 117
75 100
10 104
8 44
3 123
0 44
12 118
50 59
38 98
36 94
70 126
38 111
10 41
4 16
53 77
9 52
11 128
75 125
10 91
33 118
43 84
54 84
104 110
50 126
16 24
68 109
58 104
21 116
43 101
52 125
36 101
14 48
11 65
80 110
109 111
1 105
59 65
25 75
94 120
0 57
98 125
19 70
42 89
9 125
5 57
63 96
44 81
1 93
33 128
112 117
24 126
4 119
5 25
33 39
42 67
17 24
72 97
80 88
71 123
47 73
81 116
2 110
68 119
114 128
103 127
17 45
24 42
10 23
44 125
21 82
1 123
85 94
17 110
62 78
36 54
61 68
11 60
13 116
62 103
13 50
63 88
49 84
94 111
16 97
27 118
13 46
106 121
26 120
50 78
29 75
62 73
85 104
72 83
83 118
22 52
82 125
64 89
69 75
8 58
8 70
45 72
38 62
14 20
11 48
75 84
20 31
41 125
92 106
64 115
23 27
38 39
11 97
67 119
101 118
34 56
61 108
65 127
2 41
74 83
112 114
11 129
56 127
105 119
7 91
8 123
2 125
54 91
45 108
14 27
5 46
63 99
54 72
19 122
1 82
22 25
66 120
77 99
43 122
76 120
31 56
47 119
95 111
66 75
61 71
55 60
33 93
59 114
3 37
16 21
0 119
77 83
21 38
99 103
21 59
30 95
42 126
31 71
55 104
9 99
47 80
7 49
34 73
27 103
26 93
35 89
8 109
52 118
45 71
6 37
22 73
17 106
7 96
54 71
73 126
55 71
29 32
61 99
54 117
21 52
48 115
62 84
47 55
104 114
35 116
2 127
77 100
26 101
2 108
45 86
4 80
50 80
75 102
13 123
74 77
58 61
31 120
18 66
63 68
1 39
4 69
57 116
35 112
14 63
94 129
13 81
1 90
82 112
60 95
16 61
3 85
37 111
39 58
72 102
76 107
45 126
8 26
30 123
47 105
62 102
35 115
53 60
3 117
38 90
53 90
10 110
8 128
6 16
44 57
22 79
66 115
22 126
82 89
18 30
25 100
16 103
65 79
65 110
80 116
64 86
5 75
89 101
77 90
65 66
75 113
23 24
52 101
3 124
55 125
79 81
62 74
4 54
22 82
4 13
97 127
70 109
43 65
35 107
102 118
53 73
31 110
103 122
58 100
83 94
69 111
8 122
14 76
7 88
87 116
68 94
96 106
38 108
58 111
47 110
4 116
83 92
15 86
19 65
8 95
64 102
50 111
3 86
38 93
18 80
38 109
57 105
69 94
95 112
39 128
110 125
3 32
19 39
35 52
33 124
49 79
6 72
86 91
2 14
4 27
71 129
35 64
34 44
57 92
84 109
54 55
11 56
0 14
104 129
49 64
68 110
4 72
9 72
102 123
23 79
19 105
92 120
57 60
95 116
53 74
45 123
22 114
76 81
56 60
14 43
13 22
113 115
18 110
1 106
0 111
6 63
99 128
5 69
59 61
25 108
28 78
36 37
55 120
10 25
10 96
118 122
59 104
49 91
34 103
47 84
28 107
24 100
10 58
31 116
98 115
5 73
84 99
28 70
0 87
17 20
69 85
94 105
63 121
11 98
86 99
24 64
8 32
74 121
8 112
4 12
19 21
54 83
42 96
2 81
26 39
71 86
68 124
26 80
12 53
76 126
70 104
47 113
89 123
63 71
59 99
80 81
22 111
38 125
6 79
10 128
98 114
79 82
23 33
50 70
25 34
78 106
59 71
48 67
46 47
7 41
77 101
73 104
25 115
29 117
16 65
23 32
33 60
44 94
5 83
106 115
33 73
12 19
61 109
51 84
105 129
8 90
26 86
66 112
6 11
41 69
11 86
11 80
52 78
72 89
51 129
12 124
20 89
90 106
0 29
34 89
47 87
96 104
27 69
15 30
11 116
73 94
117 126
48 128
28 47
48 61
0 22
27 36
63 64
25 58
64 72
49 89
76 123
56 79
19 116
51 56
69 71
60 72
8 124
1 66
15 82
8 92
1 113
60 89
54 82
92 115
37 106
113 117
19 78
8 51
3 12
56 92
97 108
18 58
37 44
70 113
53 129
19 123
3 114
67 111
20 45
46 109
45 48
45 47
9 53
34 54
8 21
71 126
7 45
62 121
2 59
87 102
1 54
38 102
16 33
10 103
103 128
33 44
23 36
9 109
46 106
9 47
4 42
98 117
14 80
49 77
21 23
1 44
13 101
20 124
82 121
30 47
117 125
5 32
26 87
20 94
38 56
32 63
50 84
18 128
54 97
60 64
31 100
115 122
53 97
4 91
83 119
9 85
20 64
92 119
58 95
79 126
22 55
4 32
106 119
69 88
59 83
5 114
65 124
19 32
69 91
1 12
57 98
36 106
72 120
41 121
22 76
18 111
25 67
25 103
21 126
0 102
67 127
14 104
39 104
73 98
93 105
6 61
60 107
78 100
39 57
16 17
50 74
72 84
59 93
5 20
28 61
49 88
15 27
14 60
31 72
26 49
12 56
71 98
10 32
27 91
65 69
67 73
103 108
12 86
88 121
108 124
29 88
18 99
57 63
24 106
30 82
10 81
27 97
41 59
77 123
26 50
28 32
50 53
55 79
68 101
106 110
39 101
76 97
12 98
83 111
41 86
3 105
57 102
35 103
12 92
35 122
10 47
28 115
25 102
115 124
100 116
43 121
15 62
63 110
50 88
121 128
4 17
15 68
68 88
25 70
29 124
40 88
62 106
23 129
48 75
45 95
7 62
26 99
44 48
26 126
34 77
24 125
22 42
22 51
56 105
60 63
30 127
5 102
112 118
12 94
124 128
120 126
94 127
60 78
68 108
69 87
10 54
115 128
21 64
38 55
91 94
2 19
37 92
40 97
60 104
3 6
59 112
70 112
40 92
38 82
80 101
47 101
92 95
59 77
2 56
0 118
75 120
15 126
44 101
6 24
47 74
79 100
20 93
17 18
124 127
23 53
65 125
53 58
26 64
85 123
20 30
87 92
9 104
77 117
87 109
14 128
23 65
81 95
23 40
61 97
57 68
85 95
39 109
39 43
28 108
37 88
26 55
122 128
62 114
33 51
3 64
74 82
101 103
74 108
11 111
16 59
10 27
83 127
36 87
24 116
54 88
85 106
53 99
47 121
44 46
24 127
52 85
22 116
125 127
14 59
1 60
66 91
79 105
17 101
28 48
19 126
1 111
45 59
47 52
78 95
66 87
77 93
102 112
4 9
40 82
45 64
54 111
60 112
32 66
90 123
5 9
3 26
27 31
9 129
26 69
8 119
16 125
52 114
23 81
19 94
91 107
26 70
30 33
33 59
6 57
101 112
12 65
31 44
59 121
47 100
28 30
107 127
0 54
20 26
22 75
6 18
70 124
25 29
4 102
12 73
35 102
10 79
17 115
28 64
12 79
38 120
89 110
21 119
12 23
23 25
5 52
18 53
19 88
43 126
8 11
41 124
11 29
73 86
28 63
49 105
51 123
7 21
2 35
124 129
32 100
108 123
11 108
28 44
0 36
77 109
1 71
39 81
32 129
51 59
18 109
50 119
39 88
20 104
13 78
46 91
55 85
101 107
71 72
31 73
5 33
95 97
42 109
49 74
58 129
56 115
10 72
73 75
121 129
82 105
43 63
102 104
48 98
2 92
89 118
11 46
24 26
39 102
44 70
81 117
14 32
74 99
116 120
4 10
28 121
45 54
67 89
38 76
0 114
97 128
80 82
87 100
43 120
25 31
39 112
89 125
58 79
58 121
31 40
31 55
7 73
78 114
70 81
22 36
74 84
64 88
3 15
13 72
43 76
79 96
90 126
3 127
91 124
68 97
102 122
8 111
14 36
11 72
80 86
3 30
41 113
35 73
43 94
15 34
28 59
17 55
73 83
11 114
84 103
0 70
22 66
62 117
65 74
79 125
49 51
26 38
32 99
26 95
59 106
47 102
30 57
32 81
57 109
54 116
34 122
50 127
5 80
64 124
0 55
43 106
35 41
36 90
24 104
23 48
14 117
89 91
46 73
63 106
40 108
114 119
19 66
3 128
15 25
35 106
50 115
89 115
20 46
41 87
87 128
33 71
13 54
94 97
82 109
12 87
7 20
64 65
95 113
41 70
59 128
19 64
86 101
73 74
81 125
81 124
15 17
14 17
21 112
48 129
11 109
36 56
53 67
77 122
49 75
31 93
73 89
10 48
54 89
45 65
13 49
40 41
25 99
80 106
96 99
18 93
28 113
2 121
46 98
64 73
21 65
73 80
54 80
81 110
22 87
50 72
49 106
15 108
23 45
57 88
6 43
1 29
30 98
45 81
7 121
1 124
32 79
60 109
68 104
59 108
20 120
72 122
17 114
73 90
22 56
95 99
79 101
8 80
43 72
1 5
19 29
18 75
45 119
105 127
43 64
23 60
8 121
12 55
24 44
40 76
35 85
116 121
8 83
9 17
30 36
52 66
67 71
30 90
0 3
71 102
67 107
66 125
34 66
9 21
27 108
25 44
3 31
106 120
22 43
49 67
57 62
0 96
72 96
12 62
57 66
102 120
14 112
36 78
72 126
38 105
40 42
4 19
37 91
17 88
78 85
64 68
26 56
13 76
85 90
27 68
2 94
28 66
27 52
16 117
86 108
18 60
20 62
17 86
63 93
21 35
15 124
77 87
61 116
29 95
11 75
75 101
24 69
14 66
41 78
112 120
87 90
59 100
66 92
5 64
9 34
11 39
99 106
39 106
79 113
49 54
11 94
63 67
58 114
1 8
54 56
33 43
8 81
109 115
96 110
58 86
26 75
26 58
17 92
28 73
53 89
56 75
56 67
18 121
52 76
49 65
107 129
4 94
44 88
32 111
14 64
27 127
63 69
54 81
16 83
62 82
113 128
56 100
23 110
19 121
77 82
10 73
55 124
96 118
44 91
28 96
51 72
108 125
66 123
16 58
20 121
99 119
36 117
72 108
15 53
36 127
40 51
45 128
31 32
55 78
72 111
61 100
104 108
4 40
49 60
36 47
73 81
98 128
74 98
46 86
50 60
48 58
39 119
79 110
100 118
21 72
51 89
112 123
67 88
41 81
107 121
45 129
39 100
8 110
0 125
14 22
43 129
79 80
35 69
49 90
72 106
6 67
110 118
22 62
45 66
7 13
38 119
4 98
21 124
62 69
31 88
14 89
16 127
14 84
5 56
1 70
61 122
50 71
10 18
83 95
82 85
55 112
8 74
51 94
20 110
66 68
12 128
7 42
18 41
83 128
10 50
1 57
66 88
40 89
7 82
0 65
17 112
65 98
55 107
85 88
37 76
49 100
0 86
106 125
112 119
81 102
37 64
55 117
26 124
6 73
31 38
40 50
21 42
26 74
8 42
54 123
6 86
12 83
31 37
25 119
66 82
15 77
40 54
24 65
18 67
11 78
35 117
7 74
15 50
21 40
89 113
22 81
32 84
105 110
54 120
56 81
24 113
1 17
5 112
12 123
39 55
15 90
54 93
112 113
4 8
18 85
6 82
22 108
82 115
23 30
32 94
103 124
31 114
113 121
31 128
24 46
55 123
23 78
17 102
98 99
100 126
28 129
14 15
16 64
34 57
12 59
26 67
75 124
20 37
62 64
78 115
10 123
98 110
24 77
11 40
15 41
0 113
88 104
46 123
1 45
52 108
29 118
52 96
27 78
96 126
27 121
34 90
23 89
13 97
87 114
81 101
10 113
31 77
6 36
37 103
24 93
4 60
90 93
65 91
37 55
78 125
72 114
35 79
66 93
22 27
25 26
5 34
70 92
71 91
12 47
61 69
36 100
53 112
92 100
44 116
45 89
55 94
65 119
29 74
36 75
29 119
24 57
1 18
100 103
103 110
49 62
13 42
3 9
2 60
64 69
52 113
7 11
0 56
77 102
39 68
84 113
82 83
55 84
26 27
96 109
44 82
12 35
22 118
88 95
4 123
120 122
68 78
29 92
27 50
36 99
22 115
13 124
17 58
15 129
32 61
51 90
38 45
12 24
23 105
79 99
45 87
16 89
18 19
0 120
110 115
59 98
14 50
56 118
69 129
14 39
76 115
103 129
101 124
46 84
17 64
3 110
113 116
12 74
1 14
56 129
25 53
17 51
13 59
38 77
20 106
76 125
66 127
56 59
47 128
41 67
19 75
24 124
70 72
102 113
26 102
35 38
98 112
40 94
40 47
38 66
53 107
97 115
52 80
2 83
90 119
39 51
60 82
76 80
75 121
92 96
50 125
82 88
52 53
56 95
43 57
59 102
36 122
26 34
46 82
39 90
119 121
39 56
62 87
35 43
13 25
37 98
46 70
19 35
62 115
45 105
71 73
11 70
72 121
99 114
43 69
46 69
14 34
83 126
1 116
21 113
46 57
50 129
85 122
63 74
76 101
2 119
33 98
46 71
11 49
36 58
82 113
2 129
35 105
89 90
6 66
71 119
28 68
27 51
5 54
60 100
19 55
95 98
62 119
88 109
24 54
41 61
9 56
54 74
30 88
91 111
91 99
64 113
25 121
71 108
67 75
43 128
43 123
79 102
27 126
9 80
19 102
96 124
13 114
33 102
77 91
47 114
9 38
91 115
37 69
74 96
1 102
26 43
36 119
68 111
63 104
115 116
35 100
69 72
36 69
14 16
8 116
31 108
18 108
77 115
75 110
15 20
19 96
60 69
52 104
41 45
6 27
0 115
7 113
59 70
12 40
46 60
17 125
37 102
42 85
7 60
69 104
108 118
6 91
17 69
47 96
89 122
100 117
10 122
100 106
48 121
36 38
28 67
37 120
41 116
50 85
45 84
21 102
10 61
2 68
87 111
20 90
49 114
11 47
2 3
120 129
7 34
78 83
83 88
76 91
3 66
86 104
11 38
10 121
26 63
25 93
77 81
83 115
21 34
24 38
37 41
12 82
59 123
25 45
37 52
29 53
38 97
28 126
44 106
14 41
17 26
43 96
48 95
52 103
13 61
45 125
2 33
7 95
123 127
99 100
95 96
19 79
39 47
47 126
13 45
46 76
14 99
31 58
27 101
49 69
16 22
29 96
57 67
93 103
24 76
76 114
21 97
57 96
90 102
63 73
70 120
36 96
35 80
30 72
12 33
37 72
21 45
58 62
105 106
30 48
62 79
90 124
75 77
37 39
5 78
33 79
95 108
20 38
59 86
15 28
85 108
25 95
33 116
96 114
83 109
50 112
82 126
0 27
82 101
72 117
3 69
13 35
0 76
71 120
2 106
20 48
52 88
70 101
45 69
5 107
113 126
49 56
48 112
9 57
12 88
122 127
14 21
98 121
59 101
2 122
69 101
39 48
37 46
26 47
107 115
59 107
14 23
92 124
80 102
89 105
24 78
59 105
13 37
33 57
6 99
32 46
8 61
13 21
36 120
23 71
52 54
46 56
105 116
1 38
24 51
30 96
3 113
31 80
60 101
84 121
85 96
78 102
42 83
11 127
1 62
40 77
32 40
74 119
0 73
41 110
15 85
30 112
64 112
84 104
80 129
50 83
112 127
21 48
52 90
94 109
0 40
19 111
30 122
64 128
54 129
84 122
79 87
50 86
7 116
68 121
31 63
12 57
41 120
53 62
59 72
29 63
28 127
58 103
5 68
22 53
52 73
58 94
54 124
37 128
41 80
66 84
44 78
15 106
78 91
87 93
20 122
71 96
10 115
20 41
9 82
34 109
52 71
27 84
66 126
65 114
25 89
2 74
84 127
54 114
5 19
14 92
64 111
91 96
72 119
17 75
29 85
14 73
37 129
73 85
78 124
13 24
24 61
101 106
5 122
110 127
106 112
68 123
20 50
55 92
2 40
15 65
13 60
24 107
69 99
19 68
39 40
23 116
66 116
95 125
109 127
25 127
29 64
53 118
35 77
111 112
20 43
15 18
38 72
31 60
35 110
69 110
86 110
29 44
93 94
16 107
9 103
82 93
15 83
12 54
7 128
11 87
96 127
29 61
26 84
76 89
45 117
108 128
41 118
20 58
58 115
14 68
47 88
3 56
44 75
39 117
42 128
30 111
53 120
42 97
29 83
93 118
11 30
46 120
44 84
11 120
32 37
28 86
42 68
125 129
40 70
50 123
52 79
27 64
24 29
0 123
2 13
47 116
14 110
66 121
8 12
101 120
65 73
103 114
41 100
8 99
113 120
0 15
86 88
73 88
17 27
86 114
12 30
14 119
57 90
90 91
83 125
27 105
61 121
120 125
93 109
67 123
13 41
2 116
97 98
6 35
48 70
76 121
58 113
22 121
35 40
20 80
30 108
47 86
55 126
68 113
10 126
109 114
33 129
50 94
42 75
115 119
61 114
101 123
27 124
37 126
34 91
30 87
16 96
103 106
79 109
60 122
17 19
60 86
10 30
85 111
28 58
111 118
39 65
2 91
88 117
9 50
70 103
37 58
23 104
55 105
91 93
98 123
17 96
2 80
48 92
43 100
24 121
49 50
63 127
40 110
78 92
34 47
33 85
100 101
43 54
26 106
85 110
22 80
29 107
7 104
45 73
19 72
54 79
12 69
21 60
25 47
3 20
55 127
69 90
50 98
26 68
1 37
40 129
66 69
27 83
86 102
0 7
38 129
100 127
28 51
63 91
39 113
40 72
52 97
18 34
7 84
31 54
99 113
92 102
40 127
24 73
71 84
6 117
125 126
2 57
2 84
22 23
66 104
119 128
61 81
1 24
13 115
40 98
126 127
13 16
53 57
90 114
89 92
43 61
34 129
104 118
43 111
27 94
68 102
81 112
29 70
71 94
6 105
0 58
22 65
18 44
13 86
93 102
86 92
106 126
77 108
31 78
60 66
49 76
28 53
80 127
36 77
9 95
44 126
14 114
58 123
15 48
29 86
78 112
9 127
12 32
31 124
29 82
44 58
92 97
29 97
43 107
33 84
71 76
61 115
18 20
68 114
44 115
40 123
18 118
20 56
35 95
48 86
16 19
116 118
28 112
2 21
67 116
40 124
20 57
30 58
1 33
21 66
25 61
8 33
42 87
45 98
49 126
23 102
3 74
16 123
65 102
89 96
29 125
69 126
11 103
46 122
17 50
95 117
61 112
38 122
24 108
70 123
92 108
12 38
59 85
46 103
48 117
68 117
73 108
49 128
72 109
54 113
22 50
29 47
16 68
19 97
88 119
65 75
69 92
1 46
93 129
1 88
40 75
51 61
26 29
0 122
20 82
6 48
92 98
73 103
78 122
14 38
42 45
44 53
50 128
1 101
6 102
24 97
103 118
49 72
48 81
109 129
56 112
27 53
70 128
31 39
86 103
47 65
65 107
53 119
50 121
36 124
55 59
22 74
18 91
42 54
63 92
18 59
95 102
68 75
48 123
69 121
13 109
109 117
58 92
39 75
27 55
88 127
27 48
37 115
53 55
99 105
25 62
14 78
2 32
30 80
27 42
61 84
9 120
38 100
24 28
34 35
13 80
81 85
34 116
22 33
87 101
2 69
24 112
10 17
15 22
7 64
48 101
28 110
25 57
88 101
37 112
79 86
34 78
17 113
31 92
29 59
29 35
90 96
67 81
14 115
65 100
6 41
11 25
1 94
7 37
38 46
25 76
5 28
4 68
50 109
52 55
82 111
16 82
7 126
33 90
7 65
80 87
43 91
6 54
13 127
92 111
31 126
44 95
110 114
46 118
79 98
94 113
23 58
10 20
90 112
19 38
7 123
29 89
40 120
111 113
120 127
14 103
52 65
22 63
53 92
58 70
111 115
86 87
21 122
49 122
118 128
108 109
45 103
16 50
27 119
38 78
96 103
16 60
25 86
92 118
67 98
37 38
15 26
2 101
57 93
37 70
45 57
24 68
22 49
30 31
32 86
55 111
13 88
104 128
63 102
87 89
14 111
20 95
71 92
91 102
68 129
20 98
32 65
43 113
5 27
11 104
85 113
10 34
38 68
45 111
26 116
58 74
57 101
12 112
6 40
67 70
33 104
58 105
2 79
13 106
9 44
13 105
6 14
12 117
31 66
15 123
67 100
71 93
70 78
1 75
19 84
21 118
80 93
3 87
37 125
6 71
67 112
48 56
0 32
58 85
88 122
63 89
47 104
18 70
60 83
15 74
76 106
27 79
50 114
39 94
20 61
64 83
82 97
85 125
81 82
13 102
63 123
23 31
53 54
0 93
101 115
58 87
66 102
51 115
4 109
44 61
118 121
21 128
46 54
24 72
12 42
80 100
48 120
6 51
52 92
74 85
64 95
3 19
70 114
0 80
40 101
11 18
38 83
44 98
10 35
41 108
90 97
83 124
46 113
19 82
86 117
11 23
45 115
70 94
15 47
13 111
9 78
0 1
28 72
37 60
106 128
57 111
52 86
41 114
21 49
81 91
0 89
65 81
62 127
8 37
37 84
62 97
16 26
87 97
23 122
111 125
55 128
47 72
10 45
18 24
62 66
17 62
30 44
47 77
62 67
42 120
64 129
33 105
99 102
27 44
98 108
43 45
52 69
64 94
86 113
123 124
53 88
39 76
52 61
61 125
19 51
60 128
30 62
62 99
6 118
46 52
18 88
72 77
91 95
39 67
26 88
51 110
55 89
32 108
58 126
9 48
79 114
57 115
13 17
35 39
6 34
72 115
22 103
86 120
94 100
15 76
64 114
40 59
22 127
6 62
59 78
66 95
123 126
11 77
49 116
92 112
56 113
31 105
12 127
1 7
15 24
92 94
45 50
21 50
51 93
14 57
73 125
84 95
4 57
0 108
10 124
18 62
53 87
5 15
63 100
5 61
13 64
78 104
32 126
30 76
1 43
29 78
104 119
15 113
57 95
3 53
80 104
62 110
116 122
87 115
85 103
100 109
17 56
57 113
1 11
21 32
21 96
9 64
30 117
42 78
62 92
3 49
52 126
46 89
58 81
39 60
91 129
42 105
7 15
17 81
17 128
26 103
116 124
67 94
16 74
45 122
42 84
50 103
51 57
87 107
18 106
3 13
50 52
23 85
9 73
2 113
17 31
27 100
29 126
60 87
53 78
12 84
18 73
17 80
38 116
93 121
46 61
43 59
41 52
30 89
61 95
52 99
15 40
58 88
0 49
95 105
23 106
40 96
5 7
29 68
29 76
9 66
46 102
114 127
41 90
3 84
20 116
5 18
36 66
71 113
11 117
30 118
72 113
95 120
64 103
7 25
123 125
103 107
54 94
6 111
80 115
5 51
9 60
17 117
14 31
47 68
46 88
2 25
64 108
52 77
1 15
88 126
25 122
59 120
64 71
14 37
50 108
76 110
98 105
53 70
88 113
23 118
45 79
32 104
51 116
39 44
47 71
3 4
19 46
12 34
2 114
5 74
73 96
54 92
105 118
44 119
29 45
49 125
65 80
20 112
74 126
105 112
26 121
25 114
12 122
15 88
5 50
19 63
40 78
111 117
7 36
9 90
53 127
42 69
51 102
82 95
72 123
1 77
11 52
65 67
24 32
23 64
91 114
22 109
35 87
16 31
34 41
35 65
12 26
6 128
47 97
59 94
102 109
9 76
86 119
60 129
81 86
41 98
78 109
0 47
16 119
89 100
43 114
91 104
50 102
4 97
127 128
45 90
54 112
42 115
43 127
49 124
14 123
3 51
1 50
28 109
74 115
52 110
94 119
48 79
19 101
39 116
28 91
19 115
34 105
13 29
24 101
47 49
20 119
65 85
76 85
64 105
48 88
4 39
34 110
15 16
104 121
45 80
58 60
28 35
22 83
64 82
84 105
7 117
85 115
10 97
1 61
96 122
61 66
10 117
17 59
93 112
102 124
24 41
0 79
87 129
0 60
31 84
33 94
59 62
28 37
9 106
91 109
71 112
60 127
87 123
52 116
75 108
16 45
52 119
13 95
46 53
91 105
44 120
82 122
47 91
41 79
35 128
39 78
55 67
26 96
5 40
104 115
15 55
54 87
67 90
2 104
5 111
36 82
45 70
64 127
0 26
39 50
114 122
14 77
58 68
84 117
8 117
58 89
52 64
91 122
11 32
37 117
6 95
48 100
10 60
81 120
39 87
64 84
27 85
7 99
58 97
23 120
21 77
50 91
48 73
5 8
37 49
6 108
117 123
1 100
37 101
21 110
29 110
15 84
72 86
4 46
29 104
41 129
1 122
37 93
5 105
87 91
67 118
96 116
104 105
9 113
23 50
88 97
6 123
104 123
5 43
60 68
36 111
26 122
12 17
7 50
18 124
66 99
0 53
71 99
73 123
21 109
9 108
22 68
46 50
2 100
41 62
1 72
110 122
18 125
40 52
48 118
11 61
18 33
18 96
16 48
6 127
16 25
7 127
109 128
65 97
35 94
95 103
121 127
17 38
96 128
62 65
27 99
32 82
4 115
7 53
101 111
41 127
91 113
4 21
0 21
103 125
13 47
69 112
19 23
27 46
38 114
122 124
59 118
74 103
28 49
37 57
7 67
94 102
40 109
77 98
16 114
55 113
66 114
17 104
67 85
88 123
74 75
57 122
61 72
60 118
9 59
64 66
17 116
38 85
2 87
5 55
8 35
40 83
33 75
121 123
63 129
15 125
32 113
48 74
13 39
49 103
23 67
108 114
54 62
19 56
14 90
45 114
4 106
28 125
42 47
58 98
55 109
7 115
12 81
78 118
0 41
77 124
35 121
84 118
53 79
12 61
63 94
92 126
19 67
50 118
68 83
35 123
14 49
30 107
3 58
12 25
55 83
12 21
48 55
46 94
86 125
30 70
120 128
12 116
44 92
8 94
13 44
45 109
6 56
74 129
83 107
5 98
59 92
43 92
7 55
11 51
44 60
49 58
7 43
44 68
24 71
57 110
82 124
28 119
28 56
54 77
63 113
53 111
30 35
75 109
71 115
32 38
15 122
17 39
9 100
67 101
33 58
49 71
74 86
68 84
5 115
77 120
37 45
104 124
20 109
79 92
0 33
32 44
24 34
44 64
2 10
28 128
7 77
24 40
61 101
68 81
46 100
7 39
89 111
45 58
65 118
6 25
17 47
14 67
5 117
65 126
29 56
48 78
34 74
33 48
19 103
39 97
12 114
32 68
10 85
35 54
9 12
69 79
51 99
8 30
31 61
117 129
33 81
100 108
38 73
49 120
25 94
115 123
49 109
5 53
3 16
9 42
19 28
22 29
65 89
39 114
68 79
37 71
47 70
39 108
66 71
16 110
30 121
23 75
7 90
56 116
77 129
11 34
11 41
13 36
30 51
11 84
51 104
86 96
44 110
20 28
95 107
38 63
26 118
18 129
24 27
24 82
22 94
71 122
50 51
46 92
41 117
2 48
26 44
36 123
16 106
16 34
92 128
51 105
113 114
17 94
82 100
45 100
11 102
46 121
84 112
4 26
32 116
33 69
58 128
15 101
36 72
19 129
18 78
24 56
97 105
103 119
32 75
84 86
71 82
86 128
1 119
17 63
57 84
8 114
5 23
56 76
11 67
51 78
19 47
28 116
92 93
35 42
75 86
108 122
58 127
52 84
15 39
25 59
82 114
92 114
31 79
15 73
37 56
40 62
41 92
109 113
41 94
34 111
34 100
33 112
3 104
34 95
40 49
9 68
88 115
48 103
31 81
84 124
16 84
42 116
25 117
81 127
90 100
36 60
34 83
1 120
22 88
53 85
5 58
18 63
70 76
18 45
9 41
30 61
89 107
61 67
83 96
102 129
38 107
54 98
61 110
27 116
29 101
4 64
9 26
30 125
13 55
15 44
54 121
97 126
65 112
80 95
67 106
41 44
0 124
35 120
27 58
25 111
68 99
75 96
30 66
18 74
14 47
54 57
19 90
2 99
5 44
18 23
102 119
30 73
11 54
29 91
38 47
87 96
6 65
6 116
59 80
1 127
109 116
107 120
35 108
102 127
82 107
109 125
57 79
36 39
31 51
27 129
97 129
19 106
30 64
8 127
49 110
1 32
36 65
31 103
62 68
42 92
86 124
59 63
9 54
74 94
78 123
23 98
43 118
6 13
37 68
37 74
35 37
33 106
118 123
66 109
10 90
0 25
84 94
70 75
63 79
103 116
39 46
102 105
26 54
19 125
2 43
0 83
43 73
11 113
54 66
96 97
23 94
0 12
55 118
26 111
41 68
34 81
100 115
16 53
5 126
85 91
89 116
9 45
27 95
20 91
46 66
99 108
70 77
28 97
44 117
42 80
41 47
59 67
15 29
24 96
65 94
49 118
80 119
36 103
100 121
92 110
49 119
17 91
64 109
41 46
43 78
11 125
72 107
90 95
84 90
16 80
16 126
63 72
10 116
10 12
69 108
6 77
10 55
8 120
97 109
68 107
5 35
22 128
26 30
25 27
53 68
37 114
27 59
11 115
108 115
50 89
73 101
2 124
9 87
2 34
28 103
77 114
19 44
13 70
39 125
2 31
76 95
93 119
39 80
21 33
7 118
75 95
42 110
22 57
40 65
73 107
28 117
32 122
32 54
11 100
15 87
81 119
34 37
11 15
8 64
115 129
58 90
13 58
47 117
56 104
1 41
61 118
3 102
25 126
7 107
81 108
34 98
45 77
75 105
57 106
51 121
21 62
73 87
34 60
42 81
0 59
23 68
3 70
74 118
57 58
22 117
71 101
5 128
47 82
20 83
64 99
67 113
31 85
40 57
48 105
37 82
119 126
70 99
72 78
69 96
118 120
75 104
51 53
3 50
9 124
21 67
3 80
61 87
106 108
115 127
88 111
55 69
64 76
4 63
27 96
44 109
76 83
16 108
69 125
5 91
29 50
32 55
22 35
82 99
101 119
2 16
98 120
69 78
3 36
9 11
5 62
38 61
5 93
19 128
32 64
102 126
1 51
