131
9
6130
60
40 2
29 2
32 2
48 4
97 2
85 3
84 3
46 1
24 4
57 2
83 1
41 1
65 4
79 1
92 2
82 1
66 3
87 4
80 5
68 3
31 2
71 1
56 3
79 5
25 2
86 1
80 5
84 1
31 3
27 4
71 4
62 1
65 1
25 2
68 1
93 2
28 5
44 1
37 2
64 4
86 4
56 2
38 4
48 2
61 5
52 2
24 2
50 5
91 4
29 4
40 3
64 5
93 2
53 2
71 4
57 2
41 2
90 5
81 3
53 1
82 4
70 2
53 3
77 1
76 2
58 3
33 4
95 2
64 5
36 3
84 2
96 4
96 1
64 1
97 3
43 4
66 3
88 2
90 1
47 3
78 5
70 3
73 4
88 2
67 1
41 5
44 4
45 1
66 1
70 3
25 4
69 2
43 5
30 3
45 3
53 2
64 2
76 4
89 5
60 4
65 2
84 4
69 1
90 4
95 4
82 3
93 5
95 5
80 1
54 2
51 5
37 3
82 3
64 4
85 3
92 3
32 5
78 1
40 4
39 4
27 2
56 1
38 2
60 3
69 4
73 3
50 2
71 3
36 2
80 4
39 4
8 24
12 23
37 60
78 105
33 123
55 91
53 75
0 66
11 76
27 29
76 89
48 54
95 119
21 106
50 54
67 70
33 115
87 89
98 117
38 104
24 55
9 28
26 34
1 106
40 71
49 117
11 20
55 88
91 98
89 100
72 90
26 104
25 119
29 126
20 127
70 118
49 105
66 126
64 113
97 123
78 126
13 23
54 128
25 104
52 122
17 105
39 53
14 130
59 65
25 68
33 94
87 98
12 15
9 103
88 98
5 59
61 106
15 57
17 118
59 90
31 73
68 111
28 84
24 49
78 117
29 46
21 61
100 117
10 31
69 80
0 49
24 126
81 83
37 53
66 70
65 74
63 80
43 128
14 65
8 55
1 122
68 81
17 18
94 121
22 32
21 79
55 115
26 124
25 89
42 75
29 77
46 97
92 128
11 27
17 33
84 126
5 56
21 42
102 129
76 95
65 111
3 117
44 122
28 64
42 77
43 115
62 63
26 32
5 65
19 38
69 106
54 78
3 66
4 79
10 101
74 99
29 82
82 98
50 102
69 109
14 127
54 113
58 101
73 102
113 115
60 81
64 70
70 99
42 124
29 56
48 100
40 76
10 94
56 116
34 86
30 33
46 84
42 118
12 127
116 121
80 90
38 94
81 122
45 49
22 115
11 13
27 124
32 130
20 112
76 115
86 99
88 92
31 122
39 72
8 86
27 34
55 109
23 32
77 108
37 79
13 28
72 111
43 113
19 95
74 92
61 126
4 29
108 118
40 53
121 124
66 118
65 116
1 19
73 92
28 29
36 47
34 119
36 129
43 59
4 11
69 97
1 124
52 107
13 105
80 86
51 109
13 18
88 109
2 71
19 25
53 70
37 76
40 82
14 78
26 51
45 128
44 107
5 84
1 77
62 118
51 117
21 95
35 91
23 25
3 130
22 118
21 44
4 47
21 49
83 123
74 80
8 32
3 116
18 74
18 128
1 84
49 89
38 60
36 58
69 116
114 124
1 68
7 19
52 101
2 110
17 35
74 105
4 57
33 85
42 128
53 106
100 116
50 76
3 32
67 103
57 118
19 68
43 58
52 73
36 65
15 125
2 10
79 80
104 117
18 126
118 126
5 21
92 99
22 64
95 126
24 119
42 47
5 24
1 116
62 100
117 127
8 94
33 95
106 128
6 52
8 73
10 108
32 103
41 113
16 116
71 83
78 109
70 111
46 109
80 84
5 12
67 113
108 125
100 108
2 113
23 120
25 34
44 81
19 28
19 83
83 100
17 89
61 84
35 112
60 76
13 99
8 90
61 109
22 99
62 92
48 116
91 128
4 77
13 29
23 55
102 117
27 99
49 108
19 91
61 79
83 110
70 128
81 130
28 109
81 91
63 91
67 129
8 58
4 129
44 112
37 116
26 42
30 41
73 120
15 19
41 84
90 91
63 117
22 107
37 93
17 70
66 115
98 107
33 118
60 116
64 127
27 97
115 129
106 125
5 70
56 71
101 120
1 69
23 109
11 64
115 124
45 63
13 125
17 78
62 103
53 94
20 23
4 68
21 107
65 118
75 129
43 79
75 98
30 124
129 130
92 124
65 73
60 79
54 80
118 124
58 126
22 54
12 113
9 65
75 113
21 116
96 100
23 85
30 65
42 84
31 40
54 124
1 27
46 116
22 121
34 39
20 89
26 63
35 54
120 125
52 66
44 111
14 94
22 47
6 54
7 60
53 93
72 110
54 91
5 8
60 107
54 63
24 27
48 67
61 90
46 91
100 120
35 81
7 66
75 130
26 73
16 31
44 126
4 105
49 110
74 82
9 115
72 116
57 75
31 89
5 114
62 72
1 111
24 52
57 59
35 77
1 18
92 108
2 68
5 45
80 127
59 105
9 34
24 51
37 74
38 110
71 88
75 85
45 81
6 80
30 93
47 58
61 108
35 80
52 84
24 129
38 52
52 114
13 80
20 87
1 98
43 99
22 53
65 113
5 72
80 104
11 32
25 71
12 100
64 79
64 110
79 86
63 88
14 103
87 95
75 120
64 66
74 93
3 90
51 127
10 24
55 70
123 127
61 80
14 31
124 125
13 104
95 97
69 99
42 109
35 72
99 103
52 97
115 123
100 103
57 114
81 106
68 103
12 93
7 43
27 113
85 116
67 88
93 115
38 70
57 125
47 63
7 65
81 104
117 126
0 125
13 17
63 104
50 61
7 10
38 55
14 100
38 71
56 121
68 86
92 125
39 89
105 125
26 52
18 127
34 112
33 91
48 111
1 17
84 94
4 125
15 74
70 117
34 124
33 106
56 108
82 118
53 77
1 20
14 105
101 106
48 96
67 104
1 14
23 73
99 108
19 82
20 129
90 105
56 76
92 129
52 98
45 78
18 102
74 114
55 78
12 56
9 84
107 119
6 53
4 34
20 37
4 122
96 125
0 12
58 73
18 72
28 48
35 95
55 65
1 83
22 129
110 128
58 116
48 123
34 69
46 120
26 94
24 72
17 121
31 85
95 116
10 43
82 108
14 40
16 112
7 55
68 77
91 122
62 125
16 108
84 102
13 93
8 100
73 103
17 44
18 109
2 80
53 105
42 54
25 113
0 105
70 74
121 122
21 74
3 24
75 104
69 94
47 66
87 117
62 75
58 111
78 102
17 53
38 87
16 87
14 124
95 115
77 106
29 94
49 100
24 110
77 80
58 83
47 101
45 85
18 113
76 77
72 88
8 23
2 92
2 124
24 123
32 124
44 50
9 45
102 111
33 40
8 123
60 117
50 112
101 130
9 80
14 42
65 110
19 127
40 117
10 75
3 53
51 104
71 75
51 78
15 60
7 103
88 97
27 47
34 55
46 123
93 113
27 40
27 63
11 108
72 78
110 121
48 80
15 70
47 95
10 97
19 85
62 68
14 24
63 74
48 121
75 101
55 97
6 26
50 84
67 125
59 82
10 85
29 44
14 102
7 18
8 69
59 99
53 104
90 100
37 69
107 121
15 47
28 61
15 24
55 110
94 113
22 88
125 130
69 103
53 76
2 93
17 103
66 107
5 101
46 63
44 88
44 87
23 75
33 116
24 59
70 114
14 44
61 127
16 66
85 102
14 53
38 64
26 68
10 47
100 109
32 108
16 18
21 123
46 60
17 34
28 53
95 118
24 70
48 109
22 44
27 51
20 100
29 91
81 87
29 115
110 120
26 57
20 70
11 65
37 110
31 129
49 114
15 42
53 119
59 74
31 69
109 112
52 121
8 87
82 83
0 53
8 76
90 104
57 109
78 98
1 9
6 31
102 115
68 80
58 95
9 60
64 124
27 52
68 83
18 58
56 114
36 70
71 106
41 80
18 89
12 111
8 98
21 101
21 84
15 86
66 123
19 35
39 65
72 82
90 126
23 99
59 117
76 127
38 109
5 11
49 104
70 129
58 105
25 62
9 110
48 120
1 60
20 68
31 41
12 85
11 91
70 86
27 77
27 62
64 69
66 69
99 119
16 126
86 118
104 110
29 57
13 24
56 79
11 59
30 52
17 47
27 68
40 107
76 99
6 90
27 104
49 83
54 99
67 95
102 106
39 62
74 130
21 29
81 123
41 45
7 23
56 118
35 68
11 39
35 87
5 55
25 73
10 52
109 114
97 109
43 78
10 19
62 114
49 118
112 124
23 27
8 115
67 82
7 108
29 93
40 48
61 112
27 58
47 109
45 50
26 71
18 20
43 90
8 93
34 43
28 71
21 71
11 57
55 123
59 73
30 97
14 28
106 129
1 101
113 125
112 114
92 106
59 88
67 102
68 79
1 105
109 118
24 85
37 109
88 123
28 100
37 55
40 57
59 114
8 71
58 124
69 102
40 52
38 44
78 122
47 54
89 120
58 89
11 104
27 55
74 100
10 71
44 57
0 77
46 110
77 124
15 79
22 59
113 124
3 114
64 125
52 82
25 76
83 129
15 61
85 92
5 41
76 93
85 109
23 38
4 13
79 113
21 70
60 105
56 84
83 101
39 70
38 95
28 78
37 51
8 102
113 114
61 120
32 115
15 114
72 121
97 124
73 90
22 80
24 105
9 88
82 91
36 51
6 86
53 110
83 112
52 123
47 74
43 88
27 49
51 111
14 41
113 128
12 32
16 107
65 89
77 129
4 76
27 120
6 122
115 128
44 99
46 88
76 122
65 85
75 123
98 128
3 20
40 42
44 104
54 57
59 122
32 34
88 114
28 65
26 105
6 45
26 39
5 113
13 39
16 98
52 62
4 113
9 119
89 95
16 75
29 101
32 123
17 120
98 101
7 100
30 112
59 62
47 53
10 20
103 118
22 49
10 12
7 73
13 64
69 114
13 101
10 65
24 103
35 67
12 116
28 34
0 2
10 64
38 82
87 104
22 105
10 14
18 31
3 39
23 39
10 35
43 83
8 10
41 83
11 44
71 128
7 129
49 56
51 72
20 107
14 16
113 126
32 68
104 109
27 116
8 21
9 48
76 85
5 50
39 42
32 97
50 87
0 9
50 69
122 130
29 52
20 104
45 129
54 105
97 128
69 120
31 42
11 119
92 110
42 67
48 106
58 71
56 59
23 76
71 117
112 125
80 120
42 107
98 120
48 50
7 37
87 112
23 47
14 27
39 63
43 112
80 85
19 29
73 81
109 123
2 90
14 91
44 94
66 85
37 130
21 108
95 98
78 103
85 100
43 77
12 19
39 73
87 119
57 93
58 63
30 108
30 123
19 110
77 88
69 71
1 12
72 123
63 90
25 90
29 121
42 120
77 120
88 117
22 65
89 112
67 91
99 107
17 62
9 93
27 122
78 107
0 32
41 72
35 38
43 51
4 80
6 128
5 64
71 125
0 111
82 112
1 56
12 45
61 123
64 74
78 97
48 83
4 128
32 67
26 67
58 118
47 55
29 125
32 49
56 125
54 62
34 88
50 77
4 73
63 126
26 96
43 63
34 101
36 54
14 99
17 20
20 62
86 128
45 111
62 110
40 68
108 116
14 121
3 87
0 123
35 71
50 65
87 109
3 82
41 46
85 128
33 38
4 100
91 114
80 124
20 108
3 128
63 67
92 126
40 118
59 69
116 126
84 104
71 116
80 93
80 92
21 87
16 106
20 81
48 81
12 125
35 114
52 91
76 98
48 107
31 62
72 73
17 27
53 111
44 105
27 81
39 91
25 99
78 127
93 108
3 59
3 72
4 64
46 52
63 75
3 63
71 122
53 102
79 128
7 130
49 102
49 57
2 5
23 42
56 104
7 110
18 82
30 68
44 121
14 49
2 32
32 47
59 119
67 98
58 120
17 93
71 108
14 87
72 74
9 66
92 112
77 125
4 31
42 116
18 53
2 73
4 52
45 74
101 128
42 108
1 76
29 102
23 122
20 28
39 126
35 50
109 124
115 119
19 79
3 113
51 92
66 67
30 60
13 35
70 90
66 103
65 123
33 128
24 120
8 108
27 105
23 107
102 116
6 65
48 99
56 78
3 46
71 82
16 26
56 82
99 105
4 23
36 42
71 112
38 67
39 92
19 77
37 54
13 95
76 112
63 70
19 128
5 18
83 96
0 16
28 36
6 10
10 112
17 55
84 111
0 17
18 100
9 114
62 97
8 59
119 123
75 117
60 124
7 61
7 76
74 81
9 23
2 55
40 126
107 108
120 127
58 112
65 90
11 26
11 31
16 74
96 103
39 67
78 85
48 86
24 58
62 71
57 128
11 15
53 78
32 107
25 40
104 121
93 119
57 100
0 71
15 122
5 19
13 56
52 113
55 93
55 85
11 49
51 102
48 97
103 120
13 112
43 130
32 79
11 41
29 42
62 73
53 103
8 50
61 88
108 110
55 118
25 48
20 49
75 112
22 83
55 69
93 127
44 47
21 45
50 100
104 111
65 121
21 127
29 118
96 116
36 81
71 94
2 102
36 91
39 101
45 83
30 100
54 98
71 97
60 108
100 114
2 101
48 92
35 105
71 123
95 129
73 80
45 124
49 90
47 92
39 80
78 82
97 111
22 110
50 117
107 111
66 84
40 129
103 112
45 84
39 61
7 105
0 84
3 76
43 86
77 104
34 129
48 122
71 92
18 81
105 118
12 48
44 106
13 54
38 81
9 90
17 51
61 75
31 57
27 103
7 86
28 113
10 68
8 124
60 130
49 101
21 130
81 107
80 100
55 57
20 86
50 122
9 30
65 66
18 19
15 89
0 59
82 92
25 44
6 118
65 86
40 49
6 7
10 99
0 119
64 98
54 127
83 94
37 39
49 51
1 85
102 121
106 130
79 120
36 120
55 62
12 42
24 113
30 106
39 100
1 119
12 95
28 30
54 69
4 94
30 39
30 105
12 75
65 80
18 45
39 104
14 88
0 10
26 87
35 82
18 104
15 54
22 55
87 107
7 79
32 52
101 111
54 66
55 99
25 82
9 51
26 43
18 108
38 107
19 34
53 115
106 124
16 104
9 123
28 67
6 103
80 130
26 82
32 62
100 105
31 83
107 125
31 97
17 81
55 68
16 122
7 28
95 100
97 119
19 49
7 32
12 28
33 119
11 122
27 107
74 104
12 88
61 70
77 89
0 45
95 111
22 102
13 127
9 127
12 16
86 101
46 77
125 129
52 56
21 86
51 122
9 126
94 99
27 92
34 56
15 45
17 126
85 114
79 119
16 48
31 46
20 115
37 66
13 82
18 83
87 126
64 91
36 111
77 99
71 100
35 44
65 91
4 62
7 78
10 103
69 82
70 79
12 104
60 77
36 64
53 59
89 125
44 72
44 129
54 114
64 119
28 125
36 39
5 43
10 36
13 25
96 129
99 121
48 94
18 120
19 101
4 24
63 71
52 61
13 63
117 123
76 78
38 120
120 126
80 98
54 104
6 42
93 118
43 124
5 15
3 129
86 92
25 87
111 128
67 72
13 107
29 96
36 63
15 110
14 95
3 110
18 44
31 127
50 118
37 99
15 126
24 61
77 123
44 127
10 57
21 94
21 80
105 115
58 110
14 21
56 62
68 121
27 73
75 93
100 110
98 113
45 122
14 92
2 58
107 120
7 41
28 88
56 73
20 97
0 100
20 82
38 39
6 94
75 103
65 125
55 77
47 81
40 115
11 103
23 118
68 123
98 129
1 48
34 98
95 113
40 54
39 97
37 120
53 54
94 120
51 106
26 70
88 110
38 103
59 92
74 113
74 101
89 121
50 75
80 103
51 79
55 113
42 101
58 114
36 86
22 62
45 120
39 51
111 118
38 108
61 93
34 103
18 123
37 61
45 108
8 120
61 121
45 60
69 121
24 42
71 107
96 111
42 113
45 107
11 96
82 90
9 109
26 103
45 95
50 79
83 128
62 78
75 79
0 24
33 65
45 109
9 10
35 116
80 128
13 58
35 70
86 127
3 45
70 107
27 39
19 32
14 20
59 110
8 13
114 129
61 125
86 106
22 130
40 109
19 104
53 96
30 58
89 99
88 128
63 115
20 30
70 96
66 71
43 85
43 80
77 126
16 53
6 20
6 18
116 125
9 25
33 69
75 121
47 67
14 68
89 103
36 125
73 78
1 107
7 20
36 83
126 127
62 108
108 127
35 65
67 126
35 127
17 54
29 74
31 77
23 89
76 91
74 90
14 38
23 81
59 79
51 130
40 93
18 47
3 15
5 127
58 82
27 35
45 98
4 25
37 65
42 43
26 95
68 96
103 130
15 27
8 62
47 49
87 116
97 110
28 97
97 99
48 73
35 96
11 106
37 83
41 75
49 115
44 124
26 65
20 66
24 79
85 111
21 78
49 65
18 68
28 32
112 117
4 38
76 110
81 100
74 124
12 78
84 107
26 33
4 9
1 46
20 118
75 111
81 127
23 66
9 69
36 97
29 41
59 64
6 60
36 108
27 32
38 59
20 113
44 62
1 16
14 106
43 53
47 129
51 129
1 90
45 80
6 93
3 93
113 119
96 97
92 109
25 102
38 99
47 79
3 107
45 114
10 83
30 126
20 119
48 101
29 65
22 78
56 83
90 124
8 39
75 92
19 114
56 112
88 93
62 77
69 110
36 60
35 45
19 72
28 51
36 128
7 56
57 76
101 107
18 116
61 85
88 115
73 113
36 95
19 124
33 46
92 121
1 28
58 98
1 15
83 114
5 86
33 83
93 123
81 121
50 62
81 92
9 32
80 116
71 103
26 44
114 127
20 24
70 108
1 34
23 91
51 114
69 91
44 109
14 114
107 130
48 88
48 64
12 20
22 123
112 130
14 15
95 122
58 113
0 92
68 93
38 100
36 102
6 27
103 106
58 119
0 21
90 109
78 123
87 99
0 39
58 117
17 50
32 121
12 92
31 112
23 44
9 111
36 84
6 48
51 80
45 94
101 117
0 5
1 42
30 66
24 112
31 49
59 111
82 130
83 102
76 129
41 129
15 38
11 47
39 127
31 106
73 101
24 117
41 69
21 128
30 82
63 114
82 113
79 99
49 113
107 115
19 88
51 116
91 126
26 41
14 66
30 92
63 130
54 75
83 84
77 111
49 116
27 60
67 115
31 32
28 49
41 79
52 86
58 84
16 111
22 27
57 117
0 73
1 30
51 99
57 108
54 70
37 91
40 128
65 82
43 120
20 98
76 118
85 93
8 72
70 84
7 117
19 24
14 54
126 129
51 97
10 67
65 124
64 114
17 30
7 89
83 89
54 60
11 101
4 41
63 113
88 125
71 105
10 130
29 48
17 112
37 92
116 117
77 98
4 35
0 1
97 127
20 26
105 127
102 108
67 117
11 50
54 112
18 79
4 45
12 130
17 99
68 91
3 106
38 92
7 35
65 114
93 101
105 108
2 17
8 107
53 65
35 42
105 130
1 6
23 97
37 126
30 128
35 75
68 102
84 113
25 126
90 115
18 60
6 57
80 108
8 106
22 87
22 52
29 88
94 100
22 51
22 100
74 122
45 72
104 114
41 77
19 33
57 129
28 90
116 130
26 48
43 117
39 78
42 86
30 81
53 67
42 55
8 118
91 100
7 42
46 74
43 126
2 64
31 103
15 49
41 114
113 130
39 120
50 73
51 105
1 99
1 78
20 109
15 18
116 124
7 83
65 119
4 69
98 109
64 73
99 125
116 128
29 66
107 124
16 95
84 91
71 130
17 101
84 117
18 93
3 73
56 106
87 124
82 89
2 36
60 129
112 113
90 130
66 119
17 119
11 94
94 103
20 125
47 104
75 99
57 127
17 45
34 100
5 53
30 78
46 122
55 71
67 107
16 20
104 120
119 124
49 124
41 121
108 130
60 122
98 112
26 55
37 89
34 57
30 57
1 13
99 117
78 81
60 62
26 27
59 96
6 105
83 117
1 120
106 112
38 117
15 106
86 114
17 72
69 93
36 114
17 75
54 125
88 122
95 124
18 49
26 89
47 126
43 57
18 27
48 82
63 64
40 70
76 119
33 109
33 52
96 127
42 98
14 71
83 116
22 42
13 40
25 46
44 113
1 74
118 119
0 34
12 30
22 66
3 40
55 72
68 82
49 128
14 46
11 111
40 89
65 67
4 22
84 105
8 80
38 91
97 120
26 28
62 95
39 74
39 122
51 123
22 63
0 79
30 122
96 110
89 127
40 87
8 47
70 72
15 21
113 127
4 88
17 113
10 70
65 102
111 125
60 89
11 29
14 115
40 58
114 115
24 116
52 81
88 105
86 129
42 105
34 95
100 124
43 68
19 20
67 96
79 130
17 107
70 82
13 69
10 11
18 95
4 6
9 124
90 123
84 95
102 122
76 84
31 47
59 76
48 108
4 33
79 97
36 41
14 126
44 82
0 43
58 65
29 55
26 101
77 86
16 127
25 55
31 93
12 87
43 100
89 122
25 105
43 64
33 51
69 124
60 123
4 50
67 108
44 71
40 83
6 56
9 52
35 60
47 120
27 91
109 121
5 95
18 92
66 112
40 84
21 41
18 62
10 16
21 119
4 21
20 123
42 45
45 53
49 77
12 112
28 54
19 89
64 102
87 90
10 82
68 118
24 130
46 76
9 91
92 130
60 120
38 84
25 112
69 113
90 93
2 94
58 97
46 57
48 69
67 111
72 92
49 79
71 95
54 59
19 74
8 60
22 26
2 97
86 116
64 75
68 84
8 70
91 111
21 88
39 125
50 89
3 84
0 103
16 68
2 48
89 123
72 87
77 96
1 49
41 91
43 95
50 78
3 105
3 38
24 124
99 129
48 104
47 115
105 110
55 130
9 73
69 118
30 107
84 106
46 101
64 107
53 66
50 71
36 88
54 79
18 37
29 98
41 100
62 96
0 110
92 115
67 69
48 75
68 113
7 52
104 123
57 106
38 127
6 98
86 124
15 129
37 78
52 79
96 102
16 82
14 112
13 102
30 50
16 71
60 92
16 110
38 62
4 17
33 97
21 115
79 103
34 82
24 84
85 101
21 118
21 33
19 69
16 114
28 80
48 53
5 97
19 45
86 98
37 75
77 110
34 44
0 118
31 61
16 35
6 72
87 129
66 77
30 42
64 100
29 112
6 87
124 130
20 67
37 100
10 15
15 63
2 109
50 59
51 81
80 126
18 66
25 51
33 57
22 38
78 108
43 48
9 62
8 34
90 96
31 95
44 51
105 114
46 72
122 124
91 130
12 110
11 85
88 103
22 67
0 29
15 52
40 80
106 107
112 115
10 28
51 91
0 85
52 116
57 84
106 109
84 90
17 88
49 73
111 115
103 121
45 58
25 27
25 57
38 40
93 112
5 120
18 42
90 103
66 94
36 94
15 43
11 77
56 109
36 126
44 97
29 99
10 114
11 121
32 54
55 56
2 43
101 105
62 106
85 89
21 56
20 74
70 80
89 90
67 123
3 86
32 33
43 70
26 69
8 128
83 119
2 77
37 122
45 66
8 48
57 88
56 117
10 29
7 87
65 130
33 71
57 119
21 62
19 120
1 103
19 97
9 16
5 108
31 35
7 97
66 96
70 81
68 129
12 117
28 46
20 27
78 114
0 8
37 88
19 51
66 108
121 126
18 85
57 99
86 119
62 93
47 57
6 129
59 93
27 53
75 84
15 98
50 64
39 55
0 83
63 85
80 112
84 85
79 100
0 121
62 127
10 76
52 78
19 125
98 104
57 101
65 100
51 64
11 109
43 103
110 127
2 75
45 92
10 113
11 128
78 121
114 123
3 95
51 118
115 117
63 97
26 54
69 104
2 60
40 61
20 51
38 45
44 54
9 89
41 67
87 130
82 88
46 67
24 107
84 120
16 72
45 70
69 84
8 25
28 37
28 42
23 114
8 82
36 116
102 124
56 127
51 112
41 73
0 52
79 109
10 23
64 81
62 65
13 30
37 47
61 103
15 127
85 97
26 76
106 119
55 73
46 108
21 55
28 68
119 130
12 13
16 128
46 113
61 73
42 78
64 65
33 72
96 99
5 40
95 109
42 89
51 95
63 96
84 116
113 116
52 112
38 128
51 87
61 64
20 47
60 68
16 29
61 105
20 95
45 90
17 94
70 122
88 124
38 119
25 31
51 59
54 109
32 76
58 68
2 121
78 86
57 58
22 77
34 99
0 91
71 101
10 123
84 123
91 117
11 51
63 116
39 109
18 61
5 85
58 90
65 93
113 118
28 101
49 67
90 97
56 57
31 74
0 117
1 92
24 34
89 119
44 90
23 94
50 121
9 113
72 109
82 104
1 61
21 58
8 12
6 108
52 111
5 10
62 104
9 81
8 61
77 78
32 94
30 46
18 77
11 69
100 125
1 43
56 111
24 94
78 125
61 116
109 125
85 115
83 109
97 102
3 56
56 129
0 6
10 73
2 72
3 30
30 87
41 124
61 98
14 61
52 74
45 127
57 95
38 112
89 117
42 63
22 103
26 75
19 121
18 48
109 127
66 90
17 85
45 77
41 130
50 53
50 85
85 107
2 74
3 122
49 82
14 118
14 30
18 38
29 95
7 90
1 70
59 97
52 102
3 62
19 41
25 37
38 78
91 103
45 99
42 103
40 100
30 59
60 103
51 125
0 94
57 102
4 116
92 118
23 82
40 56
15 94
29 45
2 3
15 97
123 124
108 124
41 49
2 89
14 86
22 94
35 124
70 101
0 109
30 88
71 99
93 96
63 105
6 19
113 117
99 118
53 116
1 58
79 85
15 95
13 83
17 82
21 40
46 104
45 126
1 86
63 110
51 103
28 60
86 123
11 25
59 61
63 73
3 104
50 58
75 88
95 106
52 94
86 110
13 50
44 119
32 72
51 65
38 96
46 107
6 102
21 28
14 108
22 45
7 59
72 80
53 114
101 119
44 75
23 53
49 76
64 80
25 85
73 108
101 113
2 128
8 42
13 130
18 50
17 104
22 81
118 120
106 111
6 69
21 37
53 74
41 115
50 130
80 110
71 109
6 104
11 87
64 67
19 75
20 72
89 102
117 129
35 52
12 119
33 103
34 125
29 110
15 62
47 50
58 106
98 125
0 4
84 122
60 69
79 104
41 57
77 83
28 76
2 96
87 94
43 71
89 92
50 52
23 127
114 118
44 130
54 58
42 73
43 84
49 75
28 43
27 100
8 54
13 115
73 97
52 58
92 98
47 113
9 27
39 77
11 60
26 58
34 71
18 28
4 20
46 85
23 119
64 85
74 118
63 107
47 122
124 129
34 76
3 41
100 127
44 120
57 74
28 47
12 66
63 84
82 114
11 100
83 121
118 125
20 99
94 95
60 74
2 65
29 40
91 94
99 109
25 83
23 67
85 129
25 64
31 53
33 61
58 74
19 53
10 127
89 97
70 100
60 67
85 123
52 64
74 88
14 26
52 67
5 92
45 91
89 93
44 76
81 88
46 127
40 127
35 93
38 130
54 87
9 87
27 75
100 121
1 3
53 109
66 86
9 68
23 121
36 46
44 110
63 129
1 123
38 102
108 119
18 84
57 82
127 129
18 124
57 103
51 90
89 110
6 85
37 80
18 91
48 52
12 91
80 88
39 48
63 86
29 113
16 43
57 111
26 60
12 57
49 121
47 107
6 114
36 105
0 13
110 118
23 128
37 64
8 52
24 115
7 99
71 72
13 120
10 56
41 88
24 89
37 56
15 123
85 91
66 114
93 125
100 111
4 101
3 115
86 94
6 50
100 129
0 120
59 78
36 75
18 35
1 11
13 79
12 31
65 97
12 126
70 87
72 107
22 101
1 115
123 125
45 88
18 103
40 110
11 81
105 122
5 36
39 102
48 70
24 91
17 57
9 122
8 36
2 14
6 38
25 35
105 109
64 97
35 59
92 116
112 123
27 38
94 101
61 71
8 31
32 50
6 47
29 130
98 100
41 86
89 101
5 73
18 111
100 106
21 83
68 104
13 117
10 60
38 76
112 127
58 130
73 85
0 63
36 113
16 94
91 119
120 122
75 128
13 55
55 58
65 112
119 121
66 81
86 120
72 114
57 65
60 80
59 128
7 33
63 68
27 108
38 47
19 70
25 95
3 108
40 43
33 42
112 119
63 66
7 122
32 81
47 108
5 128
49 54
6 66
103 126
53 84
11 89
2 129
121 127
16 96
17 48
114 121
57 112
54 129
3 28
21 113
77 92
13 121
76 100
35 86
82 127
52 103
16 79
62 98
90 111
1 88
50 68
67 77
35 88
118 130
30 77
19 129
13 123
54 103
15 71
47 89
46 48
84 128
4 89
112 116
17 40
44 48
4 51
20 94
45 64
2 100
73 111
81 119
7 85
58 104
43 49
2 78
28 41
43 102
48 90
7 63
43 110
14 70
56 126
81 90
11 56
8 28
115 121
62 117
53 58
6 22
74 89
70 103
31 104
15 67
22 112
14 43
66 97
32 122
48 103
72 125
67 78
29 53
76 96
36 101
100 130
11 93
77 116
7 114
31 110
11 55
43 106
114 122
114 125
0 41
12 17
60 109
67 75
46 54
16 51
87 105
44 98
64 118
22 48
3 96
21 67
28 126
64 126
22 74
47 112
34 40
32 112
19 103
39 58
12 63
32 36
6 21
34 114
20 42
68 71
50 127
10 30
30 129
110 124
33 48
97 101
37 127
49 71
27 71
109 113
49 60
16 47
29 124
4 16
12 72
29 120
64 89
39 75
67 73
36 127
46 106
39 69
65 69
8 130
30 91
2 45
9 112
56 60
76 105
5 66
29 119
9 50
25 41
8 91
51 53
84 99
44 66
10 34
92 120
37 117
23 103
26 125
6 130
0 11
13 78
70 110
49 81
45 130
41 76
21 100
11 112
36 87
8 127
22 104
90 113
51 54
107 118
2 95
80 115
45 55
30 38
46 75
82 121
4 124
32 84
33 36
58 70
26 111
35 130
3 49
21 46
3 4
94 110
99 130
32 43
82 95
69 130
85 86
14 84
127 130
56 100
20 79
25 110
55 94
20 54
50 106
24 121
12 83
89 118
34 102
73 122
104 108
58 69
51 110
4 119
26 92
119 129
90 99
31 48
14 63
36 112
39 112
41 51
104 119
41 53
34 77
34 66
33 79
26 129
34 61
39 99
10 58
86 112
48 55
31 50
83 86
16 37
42 74
121 128
80 95
88 91
35 118
34 49
25 81
1 62
52 109
4 55
21 23
68 127
29 129
10 126
12 114
87 101
60 75
81 108
99 114
38 69
53 120
60 118
3 52
5 35
17 106
8 96
30 95
26 85
23 112
54 67
95 96
64 112
78 116
66 102
40 92
5 62
35 85
15 83
9 116
67 93
74 76
8 45
2 39
8 18
53 79
4 7
12 118
16 40
11 28
99 104
30 43
2 82
3 123
37 101
85 96
28 93
15 73
58 92
22 25
104 122
103 111
35 73
99 112
80 122
105 106
56 95
35 97
30 119
0 38
95 99
27 110
19 76
29 30
49 61
8 40
35 123
31 72
61 74
42 50
84 127
58 75
12 47
73 76
77 97
24 93
43 75
18 33
36 124
36 130
34 97
33 73
110 129
65 107
13 85
9 79
82 103
68 126
62 83
99 127
38 98
98 121
10 81
7 111
3 112
2 29
42 117
4 14
53 88
93 106
3 12
5 122
55 63
0 40
40 116
34 47
97 108
27 109
7 68
83 97
87 110
27 43
1 110
17 60
45 104
96 105
68 128
6 96
44 73
41 126
40 95
58 79
5 118
126 128
64 94
49 69
79 89
123 129
97 114
90 95
49 70
5 29
63 111
40 94
42 122
6 25
71 93
87 128
82 99
10 118
23 48
62 76
27 64
7 74
68 100
24 62
23 26
14 116
94 114
67 101
18 25
14 47
24 56
24 53
52 92
37 77
20 111
18 129
103 127
49 119
72 85
22 116
12 33
25 29
16 103
76 90
15 128
4 127
39 86
14 36
74 128
91 101
39 41
27 87
21 25
74 75
42 68
16 67
39 115
72 91
7 102
32 90
31 120
9 101
19 71
80 87
33 99
26 78
11 23
109 119
57 104
20 41
47 70
55 122
7 128
60 126
19 22
9 33
0 108
79 126
34 64
44 117
74 85
56 122
51 70
24 118
71 129
33 122
41 127
25 58
26 117
0 69
73 100
56 74
5 99
70 89
11 24
46 118
6 12
63 101
66 109
31 54
39 107
48 57
37 45
111 123
69 89
70 123
68 88
110 126
74 84
50 81
7 14
28 124
28 123
15 82
60 95
102 104
109 117
86 108
54 89
63 78
0 98
117 119
44 65
74 116
6 51
68 117
21 121
5 110
31 121
8 125
80 114
98 108
17 52
95 121
68 70
17 110
0 87
3 10
37 115
5 26
1 66
31 130
99 111
14 80
14 96
19 60
14 110
60 127
36 79
13 116
40 108
22 75
77 93
9 85
54 97
40 90
83 106
92 102
9 95
32 111
1 36
4 78
15 58
31 126
35 62
88 120
22 60
57 121
38 54
33 66
9 35
70 115
99 106
11 22
106 116
98 115
46 89
6 70
8 29
37 52
23 45
54 117
12 64
27 72
36 72
78 100
100 126
55 124
74 108
39 106
30 67
19 26
30 51
4 82
68 130
101 126
12 77
30 71
40 88
14 17
39 47
22 35
35 98
79 95
36 56
45 93
44 74
81 84
48 49
27 59
58 80
19 65
43 54
57 126
39 85
54 116
30 115
15 37
9 37
15 101
29 72
8 110
8 66
29 128
77 128
25 130
7 16
11 14
42 100
19 123
6 115
42 90
49 91
17 42
91 109
32 51
33 110
52 89
61 82
17 61
4 19
69 75
13 106
60 110
15 39
28 58
12 39
33 87
30 49
29 51
77 87
47 91
40 60
36 115
8 65
54 82
67 84
98 122
84 86
91 93
49 103
59 101
69 129
36 74
98 99
65 68
21 110
4 74
2 87
81 103
30 64
41 55
29 60
71 91
5 74
4 112
79 92
25 123
29 83
107 123
66 101
15 108
20 126
23 115
23 43
2 50
39 117
57 79
69 90
33 44
22 41
27 85
61 87
35 94
6 92
70 85
45 86
23 74
77 130
35 37
14 109
3 19
34 127
3 65
22 109
32 44
97 104
35 129
15 65
3 7
87 111
50 125
9 75
43 81
61 94
32 75
59 125
1 40
31 63
27 33
42 106
30 103
45 59
69 100
57 67
43 121
90 107
8 126
66 76
4 54
6 14
75 80
42 72
10 96
41 95
89 91
42 51
22 50
60 101
18 43
32 93
43 62
32 41
72 130
32 56
20 64
77 101
52 59
64 88
70 126
73 104
91 125
83 124
88 113
0 129
17 22
86 87
53 91
11 12
11 129
53 83
18 70
50 129
0 112
39 45
84 130
52 129
27 61
41 119
44 59
39 129
73 75
9 20
11 45
53 63
78 79
38 53
109 122
82 102
49 85
41 112
104 129
16 70
97 129
1 38
69 87
73 86
10 109
104 106
43 104
58 115
24 75
28 83
57 64
14 73
28 55
51 63
2 37
26 79
59 118
75 106
81 109
4 114
36 78
16 105
81 94
42 130
15 69
13 122
6 15
52 130
85 125
75 76
30 94
55 75
64 84
34 84
27 67
29 116
61 96
120 123
59 91
18 101
82 123
66 79
99 100
57 110
96 98
22 71
50 60
27 118
52 126
96 123
71 102
86 105
7 24
23 24
90 114
42 126
5 63
5 83
20 92
14 34
42 87
47 68
40 62
9 117
6 67
24 64
18 105
42 44
54 118
94 123
31 114
79 83
44 60
52 68
81 102
2 108
31 37
57 71
51 83
17 69
17 32
21 64
43 87
49 50
7 34
19 43
11 71
26 37
70 106
52 119
86 115
60 63
19 37
31 107
19 57
17 26
98 130
14 72
42 66
0 7
55 81
21 31
20 60
42 56
77 115
43 72
28 95
48 84
74 120
58 109
74 77
101 123
67 79
72 126
3 125
24 104
69 127
68 110
15 36
12 86
9 107
12 123
12 35
36 57
56 99
97 103
56 98
10 21
88 89
39 43
62 79
19 48
9 42
94 125
5 91
56 88
123 128
9 41
79 129
100 104
36 52
45 75
94 127
13 27
100 107
7 31
66 116
51 75
36 44
12 49
17 21
34 54
30 73
17 130
5 100
5 107
77 117
87 114
6 28
19 106
65 95
9 96
26 56
31 36
3 55
24 76
75 127
87 127
82 87
67 114
5 123
70 130
21 85
15 80
87 103
86 122
0 58
93 122
67 110
117 125
100 113
17 98
54 119
65 81
75 91
52 54
45 117
96 130
47 119
99 110
51 98
102 112
63 72
41 89
0 82
73 116
48 126
77 91
62 84
17 56
85 105
69 108
95 108
83 125
34 107
33 49
104 126
64 77
6 61
8 19
17 46
5 23
51 68
102 114
18 106
24 45
117 120
50 82
47 52
64 130
77 85
96 106
33 41
44 55
25 75
50 119
72 100
30 36
11 127
1 5
19 90
73 129
93 121
10 111
35 120
63 92
14 45
12 80
34 81
14 58
26 62
59 89
70 77
34 108
26 72
53 95
2 67
3 71
46 51
38 83
46 70
55 111
46 115
21 22
40 64
41 101
61 130
1 24
33 90
39 64
57 69
98 111
41 98
89 115
102 123
80 123
63 94
14 97
82 85
41 71
63 106
28 63
37 97
27 121
3 34
61 76
43 67
28 89
51 121
95 128
79 87
31 92
80 99
11 125
4 99
19 56
57 77
30 47
45 89
25 49
32 96
64 104
20 50
16 84
72 79
48 56
23 117
14 129
62 66
14 60
45 73
41 56
26 38
7 82
35 84
15 23
55 66
44 96
41 58
19 100
69 96
78 130
65 126
34 42
16 50
94 96
19 113
57 105
65 99
83 85
73 74
94 118
61 86
49 126
30 90
37 119
28 85
4 53
10 33
65 87
35 57
19 130
25 86
20 46
2 61
6 59
0 95
13 60
16 49
54 101
9 64
69 74
17 92
28 127
67 124
65 77
2 111
33 107
0 93
17 74
3 70
42 95
9 105
46 47
82 119
20 78
61 77
13 48
66 129
108 121
34 46
56 80
42 123
41 118
39 96
32 35
108 109
13 47
18 78
73 91
47 97
53 72
28 116
65 108
77 84
28 75
12 41
44 70
48 124
22 23
18 80
88 101
7 49
26 90
43 94
69 105
39 52
75 82
2 28
16 60
91 99
74 127
48 93
19 92
13 45
32 101
22 24
43 60
103 124
127 128
42 64
37 85
38 129
92 119
120 130
5 6
59 86
35 121
44 78
0 72
29 79
126 130
49 58
59 68
56 128
114 117
37 40
81 111
18 64
44 83
8 88
19 105
72 112
8 77
25 33
29 36
4 65
119 120
12 65
76 101
12 60
9 128
9 26
14 57
4 109
10 41
32 117
25 80
65 79
28 112
12 105
45 106
93 126
19 94
47 103
32 126
35 51
17 38
30 45
37 46
14 32
31 113
62 70
87 97
30 96
47 84
88 107
61 128
72 77
63 83
31 94
78 92
68 94
78 118
27 93
7 29
76 120
3 99
17 65
108 129
74 129
8 101
31 125
84 110
78 80
58 96
0 106
21 102
45 121
59 95
35 125
21 75
51 67
58 88
63 77
42 88
38 57
0 80
56 107
84 87
46 83
6 43
0 26
90 92
53 127
50 124
27 36
68 106
60 96
68 87
78 87
53 121
93 104
115 122
1 10
42 121
82 96
8 17
81 113
56 96
20 71
116 119
21 35
98 102
8 11
26 123
18 24
28 74
28 73
76 80
3 43
59 104
48 65
11 74
49 63
65 72
106 108
34 62
19 119
44 115
26 59
24 101
104 116
15 29
22 97
10 115
76 111
38 88
33 88
22 91
42 129
2 76
12 109
38 68
32 106
35 40
105 119
13 74
47 96
41 44
2 59
5 130
103 108
7 119
57 72
108 123
61 118
5 112
34 106
23 60
59 66
60 111
63 122
110 125
60 65
26 130
20 91
67 89
65 106
87 93
2 31
63 95
15 53
40 114
17 28
45 57
19 63
11 102
93 130
1 4
89 128
75 122
35 39
8 97
32 118
17 63
80 105
95 120
2 15
25 69
89 96
45 51
44 128
21 36
53 122
47 48
19 109
12 129
67 90
4 111
19 84
33 127
96 112
47 116
10 128
56 72
1 127
67 68
40 97
65 109
49 80
16 124
3 54
29 33
36 48
3 14
50 98
71 121
36 90
15 64
72 86
67 112
13 33
31 56
71 126
88 119
59 98
6 95
5 61
76 88
104 115
32 45
23 49
41 74
46 50
42 58
6 41
51 84
65 96
45 65
74 94
107 128
79 93
93 116
3 119
40 101
26 114
78 106
2 12
1 41
61 119
39 66
69 115
120 128
27 95
56 94
43 98
61 95
5 104
13 42
87 102
19 87
21 90
67 92
9 102
67 100
74 107
36 71
107 117
11 36
96 108
34 63
49 97
43 74
103 113
116 120
13 66
82 111
37 107
29 80
32 59
106 117
58 78
17 114
2 84
62 105
9 92
69 107
30 98
62 85
38 124
7 125
31 45
85 110
12 62
47 71
40 81
20 55
38 116
53 87
63 125
25 118
80 119
3 6
24 65
28 69
106 127
12 107
41 107
11 124
24 47
13 110
3 97
84 96
18 75
12 101
23 113
16 42
51 108
58 123
46 80
15 40
11 98
32 48
53 90
95 114
2 63
9 83
36 85
0 61
37 125
72 103
73 119
9 61
54 100
105 113
44 108
28 128
90 127
3 121
76 123
82 120
28 96
15 90
7 40
77 102
84 129
41 110
59 87
82 94
90 110
46 94
60 84
71 76
13 37
31 76
1 97
86 107
6 30
36 45
38 58
29 38
4 15
6 124
47 99
37 50
84 89
25 115
52 104
86 125
50 114
23 64
47 77
11 72
76 121
78 99
26 102
55 64
43 44
6 109
97 112
105 126
7 112
48 115
46 114
3 13
27 65
8 81
71 77
32 116
17 80
27 37
55 61
7 92
50 123
81 93
31 115
7 12
60 70
58 66
14 128
13 73
3 92
88 118
30 75
71 81
43 56
52 63
35 110
65 94
99 102
5 60
101 129
87 118
30 63
15 91
73 82
59 103
24 35
79 118
31 87
62 80
38 118
40 66
81 118
25 28
105 121
26 86
17 102
91 124
5 16
64 71
0 115
31 55
55 129
2 16
33 75
7 107
38 56
54 81
39 108
50 111
54 55
36 40
63 128
39 87
34 117
81 97
23 71
37 68
2 35
73 128
68 114
5 46
67 120
10 104
58 59
33 77
12 61
14 117
8 57
101 116
74 126
13 114
48 112
23 93
3 23
76 124
49 129
22 93
27 123
58 87
35 89
35 66
22 33
75 102
72 129
6 101
20 105
21 68
28 91
7 26
28 62
78 83
16 100
30 125
95 117
72 113
6 121
16 119
20 96
71 74
34 130
73 95
41 42
88 112
76 82
16 39
50 74
59 100
13 118
84 92
72 106
41 103
47 62
24 81
20 117
28 115
41 94
111 122
83 104
98 118
106 122
25 59
3 47
81 126
5 89
66 91
32 92
20 33
69 81
14 56
7 88
5 77
20 45
41 85
48 130
2 107
30 116
62 99
18 97
17 76
44 58
12 96
16 22
11 66
27 88
9 43
49 127
1 57
79 81
28 50
43 111
25 129
29 123
8 95
54 72
49 53
19 31
63 81
90 94
16 61
3 127
51 73
17 129
11 58
10 49
36 80
64 68
28 31
21 48
25 32
56 87
71 85
3 57
32 74
16 85
6 68
82 101
31 64
26 81
5 96
0 20
9 44
29 114
53 123
38 122
72 89
36 66
50 95
70 97
15 16
73 121
64 90
28 59
93 99
5 68
116 129
77 81
52 60
58 99
89 129
44 114
39 44
111 116
3 25
11 99
40 44
59 80
57 87
22 34
14 51
94 117
71 115
42 69
16 28
3 48
7 75
48 76
48 61
5 20
22 79
28 121
103 116
10 32
42 76
62 86
48 63
5 30
13 34
3 98
37 98
32 125
87 122
6 23
40 79
39 114
53 81
115 120
8 121
69 98
84 124
2 34
31 101
2 106
89 108
49 109
1 102
27 31
14 69
20 32
72 105
88 106
34 122
3 51
4 10
66 78
9 40
1 89
17 66
111 127
40 103
92 103
57 92
5 119
72 102
54 64
3 88
22 68
57 116
73 98
66 121
94 109
92 94
16 89
51 62
2 47
96 117
23 130
25 88
59 109
78 113
36 82
45 97
41 61
8 64
24 60
26 121
44 89
50 108
106 120
91 105
77 100
50 115
6 49
121 129
22 111
73 126
5 14
11 52
91 107
2 27
0 50
4 91
42 125
1 130
30 130
86 130
6 119
4 56
10 121
109 128
4 103
79 96
114 120
49 120
47 73
36 118
62 129
20 83
61 117
3 109
56 65
22 92
6 81
6 55
39 113
23 41
111 129
72 81
16 62
118 129
39 98
44 86
91 116
40 59
61 102
53 60
49 112
64 87
28 86
30 32
66 87
27 82
31 33
75 125
23 33
60 64
53 86
54 92
39 118
2 79
17 97
60 114
93 103
10 27
85 95
37 128
18 76
10 91
1 118
34 74
49 87
63 121
32 114
60 97
54 77
9 31
58 72
3 64
41 111
86 104
30 102
12 124
4 96
81 117
19 80
15 66
5 52
3 111
29 58
53 130
34 78
58 125
23 29
8 51
78 91
44 80
99 115
16 113
10 125
41 104
29 68
48 66
51 94
44 77
9 53
103 114
47 59
0 114
75 114
52 128
35 113
70 119
35 99
15 92
54 88
4 70
30 111
21 52
104 107
5 33
49 94
23 36
53 92
26 99
26 50
7 38
76 104
13 113
61 62
99 123
40 130
78 129
99 128
68 92
26 93
9 47
46 100
76 87
37 72
66 106
17 79
45 54
70 98
10 93
25 30
11 61
12 44
2 98
8 103
66 100
98 105
30 114
9 86
38 49
57 60
35 74
1 73
31 109
7 25
22 40
59 71
37 96
45 103
43 45
105 120
39 57
61 89
89 126
61 100
28 110
18 36
81 114
46 69
26 40
1 71
91 118
106 114
8 63
71 110
59 120
0 60
51 82
31 96
34 58
7 21
5 34
40 51
42 111
78 95
89 104
84 88
65 105
89 109
20 48
66 83
16 55
4 30
89 111
70 95
22 90
114 128
3 9
3 18
36 92
28 56
29 62
0 116
26 112
1 39
97 126
61 81
61 97
21 60
115 116
59 85
110 112
43 109
26 84
22 128
54 76
1 100
6 35
22 37
6 84
34 35
101 125
20 61
78 94
6 82
35 64
27 114
6 79
16 129
22 113
52 83
16 101
12 76
24 100
118 127
60 125
94 105
20 25
15 72
22 95
9 15
15 109
50 91
30 34
8 67
6 99
12 36
82 86
25 56
25 121
49 72
67 99
23 31
100 119
30 85
10 46
62 69
70 92
31 75
41 99
46 81
25 39
46 126
12 121
58 129
25 106
77 113
1 23
45 110
118 121
39 71
22 31
30 118
62 113
29 100
20 121
45 116
56 110
16 88
37 43
5 116
31 117
86 111
2 6
34 45
0 31
34 96
90 116
83 93
0 42
36 103
31 70
9 121
13 109
51 61
1 65
74 106
13 46
70 120
79 112
104 125
31 88
0 44
37 81
35 128
101 118
2 54
67 80
28 45
22 28
0 89
3 26
23 46
0 56
76 116
32 60
96 120
114 119
18 114
64 109
16 130
24 92
62 130
0 14
35 49
4 49
1 125
27 128
122 128
17 96
55 100
36 53
21 77
2 41
103 107
17 49
19 61
14 123
85 120
2 44
17 117
61 111
28 38
41 108
57 83
35 117
69 117
20 77
71 84
17 87
15 112
36 89
20 106
38 113
110 114
59 116
30 121
48 129
73 87
49 92
55 76
89 94
19 67
2 119
74 115
128 130
4 12
27 83
45 101
33 68
41 62
21 82
36 55
7 93
28 70
87 96
9 11
25 60
63 103
83 105
15 68
63 102
20 58
49 125
66 128
55 121
1 87
40 65
60 72
78 120
32 104
30 56
43 92
65 84
88 127
73 124
36 110
62 115
93 129
73 114
97 107
91 115
49 130
106 115
13 94
43 107
29 35
2 13
68 98
28 106
56 103
69 86
16 97
54 73
86 93
45 115
25 98
10 106
22 82
108 128
55 74
30 84
36 104
37 95
88 121
50 97
63 123
59 129
18 39
75 115
61 115
12 74
22 96
17 25
79 114
9 56
16 41
24 69
4 81
64 122
10 88
40 122
10 63
14 93
37 82
17 122
56 61
20 80
64 123
17 100
15 22
92 123
62 81
16 64
15 118
24 106
16 52
55 89
35 56
2 88
71 86
33 70
46 68
94 116
30 104
49 55
37 62
105 123
1 47
32 110
9 108
18 46
22 98
6 32
81 112
41 64
49 78
37 44
106 121
11 113
10 45
94 124
34 94
16 115
100 118
29 39
23 28
123 126
58 100
9 125
86 109
59 83
28 94
66 92
4 107
42 85
73 79
3 44
99 116
107 109
65 98
47 51
31 59
23 50
27 119
93 109
72 117
2 24
51 89
15 130
92 113
63 98
51 100
52 124
32 64
35 76
108 120
83 122
87 100
56 105
7 106
21 103
16 90
33 89
20 110
105 129
75 119
9 38
3 61
3 27
23 65
3 124
102 125
20 76
60 90
12 108
14 76
12 27
39 81
29 61
27 101
22 69
56 81
54 126
17 23
13 111
73 118
65 122
3 22
13 44
41 117
65 83
49 88
58 86
39 116
60 83
62 91
66 122
90 102
11 80
25 93
80 111
46 59
28 77
94 112
67 86
91 96
1 104
104 112
19 108
9 71
44 125
77 109
3 91
19 93
92 107
81 128
10 116
33 111
33 55
23 34
55 86
7 22
75 118
4 98
54 130
7 84
15 81
100 102
71 79
4 58
103 122
33 34
84 121
55 92
28 98
112 129
23 54
42 97
56 97
101 104
18 119
80 82
34 123
63 119
38 43
52 127
55 103
25 42
18 41
98 114
72 108
86 90
43 97
49 62
88 100
3 85
51 55
60 87
35 69
0 75
38 46
18 54
40 55
4 75
73 77
85 106
63 112
26 45
52 69
66 80
66 75
25 53
43 55
76 86
46 117
91 110
46 99
19 44
67 106
43 122
15 34
6 113
16 73
43 66
23 106
37 73
44 68
83 111
84 101
102 103
21 97
70 104
24 26
5 38
26 30
6 126
12 97
40 45
27 42
38 66
62 121
3 68
56 89
90 129
45 68
76 126
31 124
31 102
56 113
42 99
15 56
47 125
26 80
32 58
117 122
11 42
88 129
15 48
24 37
21 34
49 123
55 60
121 123
108 117
17 115
24 77
81 85
85 121
35 109
42 60
83 127
56 66
19 66
33 98
61 99
50 93
101 109
10 74
78 90
24 86
24 128
17 116
66 68
13 21
62 67
6 127
14 89
4 66
42 81
11 75
10 98
70 94
49 52
22 61
102 113
53 56
23 100
3 16
2 118
16 118
85 99
85 126
8 79
45 48
60 115
103 105
101 108
43 73
7 30
34 115
27 127
57 89
0 30
88 99
69 79
92 95
47 110
13 31
12 68
4 115
117 118
52 72
69 128
32 65
28 72
107 126
7 71
67 83
36 107
68 78
72 101
36 73
34 120
60 61
18 122
33 76
10 86
60 88
1 82
18 30
31 91
76 125
47 87
14 90
92 122
52 96
41 109
5 49
7 124
7 46
24 111
11 62
37 111
8 85
3 42
24 66
37 102
15 20
28 102
52 95
31 86
13 43
52 70
19 27
86 91
60 82
7 94
24 96
43 96
15 88
60 91
62 87
52 120
13 108
10 119
56 58
54 84
33 124
23 79
1 22
81 98
31 118
67 121
5 27
66 89
36 69
31 34
11 54
23 125
7 101
85 108
20 63
38 106
110 122
41 120
52 57
80 101
59 75
48 113
61 91
5 117
40 86
0 128
34 52
94 119
7 44
91 113
23 95
9 39
4 26
51 58
24 46
5 90
18 59
32 119
97 115
33 74
45 67
5 51
19 52
14 25
87 123
118 122
21 104
4 46
55 125
70 76
91 92
93 107
90 120
5 25
19 96
55 117
0 18
49 68
59 121
30 120
30 62
6 33
48 62
80 91
0 122
73 94
24 73
9 100
40 41
82 115
90 112
7 9
19 21
93 128
46 92
50 126
11 107
9 72
16 25
58 64
55 95
42 80
1 63
10 72
62 112
38 75
22 70
75 83
20 101
42 70
21 92
104 130
50 88
60 102
39 40
48 127
64 101
3 50
81 96
11 48
59 127
50 109
0 47
45 119
34 59
6 91
66 95
87 120
9 82
13 14
24 97
50 57
0 27
6 78
93 124
39 123
18 110
11 126
25 70
26 83
27 98
81 120
57 120
8 41
87 106
98 119
80 106
0 97
113 122
29 108
43 114
25 128
23 101
0 101
34 79
44 49
37 59
8 99
47 111
42 46
57 94
24 109
67 127
79 122
33 37
27 79
57 86
120 129
24 40
104 118
36 50
15 30
1 121
38 61
16 125
55 106
7 80
44 56
61 124
47 128
43 125
85 113
94 126
33 50
93 95
31 105
55 128
55 102
36 123
94 129
8 129
2 117
5 105
45 118
55 59
68 85
93 100
81 89
11 19
0 81
103 104
58 61
21 72
34 126
13 70
107 116
12 81
26 120
25 97
1 109
47 100
36 49
83 87
2 56
0 46
26 127
90 128
76 94
79 82
31 43
4 36
98 116
6 111
45 46
68 108
70 91
47 127
2 83
8 78
28 118
109 130
63 89
17 71
48 114
10 26
68 124
12 21
7 115
27 106
57 80
102 109
6 13
10 37
124 127
4 110
20 116
44 101
16 81
115 125
63 65
21 91
33 78
24 48
14 59
16 86
49 86
91 97
2 26
4 93
73 117
58 67
60 104
14 85
4 32
26 91
19 116
46 58
34 92
68 75
37 114
12 59
21 65
79 91
44 61
25 114
55 87
9 77
106 110
43 129
24 32
15 41
25 94
13 75
51 85
21 112
41 43
23 87
69 111
0 28
21 111
2 4
43 118
91 121
40 85
41 128
93 120
30 53
57 62
11 114
78 101
10 80
82 129
17 83
85 118
71 89
10 90
86 96
60 93
32 46
6 77
15 107
36 98
53 55
3 5
36 99
46 86
32 102
47 117
16 99
23 62
3 29
74 97
72 76
4 121
10 62
46 121
9 98
1 53
46 82
3 83
25 108
16 83
44 64
12 54
16 92
79 98
18 130
21 38
2 49
73 125
35 63
13 129
61 113
41 54
92 100
78 124
2 62
46 130
24 125
18 29
43 46
115 118
88 90
33 108
11 97
105 128
49 96
41 50
20 36
42 65
78 104
82 125
16 91
86 95
79 101
62 128
112 121
31 84
53 129
67 81
25 124
21 69
16 78
38 80
117 128
57 63
63 127
39 50
26 49
46 119
96 128
18 40
117 121
96 113
71 114
32 39
25 78
2 86
20 128
10 18
39 130
22 125
34 110
45 61
79 108
32 105
18 99
97 113
11 30
83 118
22 117
4 86
57 68
29 50
57 130
58 60
64 99
73 88
33 129
82 106
55 83
17 36
9 57
7 121
8 109
46 73
75 107
109 120
58 93
6 76
13 22
87 115
15 96
8 111
5 9
11 90
48 89
1 117
5 79
13 89
11 86
46 49
53 80
49 74
37 124
68 125
66 93
52 110
50 94
40 105
33 100
33 101
17 58
102 126
53 107
11 40
73 110
16 30
88 96
13 97
13 100
26 122
80 96
34 93
13 126
23 78
40 113
74 98
41 87
15 116
3 58
44 79
40 124
77 94
42 48
44 100
38 125
32 37
76 113
4 120
24 39
64 76
98 106
51 86
119 126
46 55
20 88
78 84
44 95
13 71
76 81
103 110
53 73
35 126
25 120
72 95
36 106
68 115
37 67
17 64
5 125
9 55
26 66
5 13
9 74
68 101
32 80
14 113
14 77
16 121
82 128
110 116
74 91
3 21
14 62
55 90
