132
7
1902
60
177 2
130 2
182 2
71 4
179 2
173 3
61 3
103 1
158 4
56 2
165 1
111 1
162 4
74 1
130 2
132 1
159 3
112 4
149 5
175 3
165 2
126 1
120 3
111 5
50 2
58 1
178 5
76 1
97 3
173 4
95 4
118 1
113 1
77 2
101 1
84 2
49 5
134 1
101 2
174 4
127 4
123 2
162 4
183 2
53 5
114 2
166 2
179 5
148 4
75 4
140 3
127 5
67 2
54 2
82 4
179 2
88 2
73 5
142 3
176 1
181 4
126 2
184 3
148 1
57 2
99 3
131 4
91 2
145 5
44 3
171 2
86 4
179 1
176 1
157 3
152 4
95 3
57 2
130 1
105 3
122 5
137 3
116 4
171 2
135 1
72 5
103 4
150 1
116 1
149 3
67 4
182 2
107 5
93 3
90 3
179 2
143 2
69 4
99 5
99 4
148 2
168 4
91 1
119 4
173 4
120 3
55 5
98 5
60 1
181 2
145 5
173 3
168 3
150 4
65 3
172 3
181 5
114 1
131 4
167 4
57 2
126 1
173 2
114 3
110 4
65 3
66 2
135 3
175 2
165 4
109 4
69 1
8 11
2 37
0 34
76 131
57 78
92 114
52 103
63 125
58 97
1 122
7 52
73 120
84 93
20 106
18 105
65 131
33 79
26 78
95 116
64 102
110 113
61 76
47 51
4 81
68 118
49 69
40 110
54 110
88 123
21 114
71 76
15 125
25 89
101 108
1 77
23 58
49 57
33 48
10 122
94 126
62 95
12 123
5 96
4 117
52 73
18 125
65 72
10 48
46 131
27 113
34 43
85 95
40 66
9 89
86 92
59 87
15 95
56 80
56 130
58 104
91 129
38 55
32 66
103 123
77 89
93 120
31 119
10 16
9 22
24 37
55 91
118 124
79 100
71 107
11 119
52 54
67 129
43 82
14 46
114 121
19 47
8 88
0 6
92 97
24 90
41 110
11 123
22 120
41 119
12 90
29 43
46 50
90 110
52 116
35 71
82 130
3 47
43 103
99 114
44 80
64 111
11 31
44 77
28 31
41 121
26 60
79 129
6 111
43 121
24 130
15 64
51 126
8 28
76 106
34 48
73 79
12 38
0 123
10 30
68 101
14 108
54 60
57 117
52 60
107 118
19 40
63 72
69 89
12 66
12 114
48 53
62 129
29 78
56 61
51 119
48 92
16 128
66 113
6 47
63 127
82 83
12 130
6 43
44 89
0 5
28 114
32 95
0 37
23 47
84 95
1 116
105 122
33 96
38 122
39 71
26 106
22 112
40 64
15 33
102 127
48 52
31 94
60 88
13 99
18 124
11 51
16 56
103 128
31 41
70 111
119 123
19 62
127 131
16 26
36 46
94 107
69 98
0 17
4 88
42 107
68 89
55 93
66 127
68 82
10 63
35 131
82 103
11 85
14 127
69 110
6 117
17 40
39 130
27 65
50 103
28 120
24 31
79 81
67 119
98 109
21 69
47 103
13 108
94 125
0 20
79 107
27 105
21 23
25 35
82 95
8 19
7 131
39 91
12 85
2 103
99 127
48 123
71 85
35 114
54 56
37 125
6 104
78 105
10 73
99 103
16 127
73 85
22 104
37 48
45 104
97 107
75 84
40 104
0 22
38 45
21 65
42 100
42 113
60 66
96 104
60 72
78 91
77 103
65 116
27 131
57 93
80 120
22 37
3 61
93 99
41 91
35 96
42 85
59 111
51 130
110 122
9 103
33 59
50 123
3 90
36 116
18 119
29 35
41 69
9 113
26 100
77 81
69 101
121 123
78 104
49 104
13 90
97 99
7 64
23 92
26 117
15 118
21 31
1 6
81 109
17 67
14 131
6 30
35 74
59 88
37 94
29 70
60 119
35 69
38 48
117 120
35 85
5 121
12 129
22 117
99 102
35 79
46 113
112 118
60 89
81 117
68 112
13 59
6 52
79 108
88 108
8 45
15 93
16 47
44 65
3 98
41 68
76 84
6 32
22 65
24 112
87 120
33 58
66 125
37 53
102 115
65 113
104 114
47 129
59 128
23 29
74 99
71 106
102 118
21 64
43 117
38 104
23 113
40 46
5 70
109 113
44 103
7 20
53 82
61 111
10 79
15 71
64 90
17 78
46 56
13 66
28 72
74 76
4 75
90 106
64 73
5 39
10 112
13 124
52 78
63 105
1 20
83 95
56 116
20 97
75 129
93 107
92 112
29 131
82 85
6 109
44 112
5 60
45 107
72 118
33 99
26 32
34 112
14 56
18 96
51 96
5 57
22 45
53 90
3 129
13 94
71 94
60 69
28 69
53 117
107 121
20 111
53 89
33 105
45 129
120 126
126 131
5 73
74 108
26 42
37 52
2 82
44 81
8 22
53 72
2 77
34 105
99 125
56 93
25 30
50 117
65 96
58 89
7 41
56 77
78 99
89 131
61 72
4 83
61 74
14 81
77 96
11 100
27 117
19 91
31 99
70 76
34 104
44 121
53 118
2 17
46 94
45 99
39 89
62 79
20 48
24 27
52 65
50 57
45 88
50 53
22 26
32 92
64 113
3 113
83 131
75 131
37 38
29 93
33 90
63 112
103 115
50 90
62 94
14 105
74 98
63 68
72 131
8 48
1 46
2 73
76 79
64 86
29 46
3 131
15 126
8 113
57 107
68 91
1 87
34 130
21 57
24 129
4 122
36 96
16 73
52 83
56 122
1 119
5 19
4 99
3 10
66 84
91 94
1 19
63 81
2 33
27 33
58 86
12 117
1 86
25 130
62 110
114 115
12 27
39 109
8 76
37 123
82 113
67 80
36 51
32 51
104 112
55 127
10 119
12 89
33 55
2 93
82 98
8 118
20 50
69 107
66 72
84 120
3 19
55 128
32 110
52 105
14 86
22 100
9 45
48 49
66 100
73 80
37 66
96 103
26 79
49 74
99 129
55 96
35 119
51 128
5 17
36 120
13 123
54 100
29 96
11 43
6 131
0 30
53 96
10 93
63 75
81 101
25 49
57 89
42 115
6 21
67 101
22 73
22 102
26 108
20 80
6 85
32 79
37 124
0 94
24 43
19 22
23 91
84 126
92 127
51 123
27 110
31 91
67 103
22 69
3 122
89 105
62 64
82 106
84 104
24 32
12 17
72 85
96 122
62 113
31 47
53 55
25 83
18 110
37 110
18 44
66 114
1 118
65 120
74 82
13 27
53 108
109 126
61 83
57 127
26 115
3 22
119 129
11 56
16 19
44 94
46 130
47 111
24 81
18 68
12 116
57 99
85 126
44 125
13 35
17 42
71 74
12 52
70 101
15 121
27 121
32 89
43 90
48 116
98 128
54 121
40 81
25 60
43 46
19 39
34 51
29 55
51 78
26 90
118 128
1 50
12 94
51 56
45 79
51 81
31 73
26 82
12 69
33 115
6 39
46 76
91 92
38 103
79 95
72 116
70 124
105 119
47 116
10 82
113 128
77 116
24 105
0 15
42 74
62 80
16 39
47 95
90 105
63 67
39 57
72 102
53 92
58 96
20 72
0 72
41 126
12 93
15 42
65 90
16 33
43 79
23 61
51 118
82 111
20 108
55 56
108 124
25 31
42 91
68 95
17 81
2 25
42 67
65 105
59 107
76 86
44 90
10 99
15 123
22 108
10 13
10 29
26 87
61 67
77 106
66 115
0 70
36 84
108 128
20 89
36 38
32 73
64 128
30 76
19 130
59 117
92 129
24 41
21 118
95 103
20 75
94 127
29 57
7 109
79 104
75 108
68 111
20 45
0 90
1 16
11 96
15 22
3 69
17 119
53 69
19 51
58 88
70 108
64 124
80 97
24 44
61 64
16 22
41 115
56 127
119 120
17 54
99 100
67 74
57 109
57 111
2 18
63 126
27 87
50 82
29 66
87 101
95 99
70 94
3 38
9 43
79 105
31 123
55 125
4 51
54 109
86 91
17 51
33 102
70 128
77 129
84 98
3 79
38 68
31 105
60 90
21 44
69 119
57 121
14 104
3 119
48 73
25 93
30 36
8 20
14 128
1 130
37 93
9 114
18 73
65 67
16 105
46 114
84 90
100 115
58 74
29 108
24 49
128 129
66 75
27 36
72 108
5 7
125 131
37 106
52 59
34 114
48 117
6 125
53 125
65 80
14 103
64 108
96 100
89 110
55 67
43 96
34 126
56 63
51 127
25 43
9 44
40 50
118 121
94 112
69 127
5 117
20 86
19 61
107 110
7 96
29 41
44 88
99 115
46 51
39 96
9 70
26 130
33 64
4 67
26 40
0 76
43 44
8 23
98 99
21 107
6 75
81 82
17 75
17 116
30 62
5 109
102 122
77 84
107 128
106 124
63 122
89 129
66 98
11 125
62 106
24 56
7 122
37 69
14 50
32 105
6 62
36 109
40 58
58 128
60 124
9 100
46 116
33 123
30 85
59 112
46 90
69 118
57 105
46 99
1 90
36 95
15 19
39 72
16 89
31 83
45 122
29 33
21 127
68 126
26 55
32 109
8 109
51 112
49 92
2 99
60 68
57 80
83 108
30 43
58 65
8 30
26 41
70 95
33 124
55 104
38 120
54 57
38 54
38 93
36 105
7 32
20 122
15 94
86 89
20 34
54 59
11 42
34 107
10 34
1 127
80 105
31 125
79 109
25 88
7 36
81 119
5 126
76 82
42 130
67 93
12 15
97 112
45 110
76 104
33 113
64 89
76 103
26 49
5 56
117 130
2 127
3 106
4 72
75 98
74 121
40 77
16 52
30 103
70 83
28 39
15 67
59 64
86 108
4 20
26 74
59 129
34 39
1 23
16 77
23 26
9 105
7 90
51 92
86 130
51 67
1 12
39 95
115 121
95 100
10 11
72 76
27 70
58 76
20 116
4 105
99 130
0 125
44 60
14 83
15 73
61 69
1 5
123 125
12 18
13 48
27 104
35 45
47 97
16 78
85 101
25 70
17 121
10 20
7 120
10 118
3 82
11 28
85 116
47 75
56 112
1 65
70 116
27 85
51 131
4 5
50 104
47 101
81 120
86 110
27 84
0 51
56 74
26 77
5 6
18 64
38 92
115 128
49 119
26 47
49 101
20 79
14 87
42 89
46 107
52 71
53 131
75 79
74 77
90 92
39 123
41 111
48 59
23 48
57 87
30 77
41 43
6 49
94 111
4 127
54 115
52 117
82 118
85 109
53 78
10 51
43 66
30 81
18 33
12 26
104 127
86 87
39 83
44 47
56 92
65 83
21 120
92 109
12 60
76 129
52 74
18 35
25 97
15 44
4 32
48 80
56 111
57 79
9 130
18 91
13 37
67 126
6 71
117 128
62 96
119 126
20 42
18 81
57 110
105 116
25 78
28 89
49 95
4 60
3 84
27 90
77 79
28 88
24 45
34 96
32 78
0 10
18 45
8 31
9 42
38 61
113 120
54 104
36 62
29 71
70 99
76 123
35 94
70 89
26 36
24 61
7 76
29 91
1 129
9 48
36 117
38 65
46 103
18 67
49 109
31 64
62 130
0 41
54 99
35 110
20 37
26 123
42 103
48 102
20 39
107 125
39 116
121 126
14 27
61 92
14 74
27 81
51 59
49 97
3 15
29 101
30 44
68 114
15 45
89 97
68 72
79 92
38 129
62 119
28 95
90 108
43 87
109 129
82 108
73 89
11 78
78 110
6 78
22 35
51 75
7 79
33 74
35 76
41 127
74 130
41 90
32 94
2 67
18 59
1 111
53 80
53 61
50 81
28 131
77 99
27 93
13 82
4 17
38 75
44 82
19 127
29 86
28 99
97 118
0 104
78 98
46 49
28 96
11 97
48 91
124 129
1 13
66 101
53 120
63 77
11 128
4 34
38 41
51 55
17 71
66 94
40 76
16 29
70 96
0 62
70 120
90 94
76 99
42 57
39 61
105 120
38 85
42 71
87 129
50 127
93 121
3 80
23 94
33 98
122 123
39 84
34 108
53 76
14 85
20 32
26 75
13 17
19 55
64 131
15 130
1 103
8 95
65 101
64 123
11 83
21 99
24 100
12 29
19 25
106 129
45 54
12 64
55 98
69 131
89 130
18 107
55 102
13 62
35 98
17 45
100 114
39 50
50 101
13 53
6 106
9 24
75 88
87 105
85 118
81 105
27 106
3 102
17 33
17 43
19 124
11 114
11 58
43 127
11 44
28 36
61 105
0 95
44 52
44 127
10 59
60 65
78 113
8 129
39 77
40 83
102 124
43 95
32 67
36 37
25 112
51 77
3 4
27 77
59 78
76 111
104 122
53 88
21 39
61 79
34 103
16 38
16 118
4 9
42 92
91 98
115 122
81 122
78 131
111 123
18 76
5 105
41 46
34 91
4 24
15 20
22 99
100 101
24 72
43 84
10 78
27 66
8 98
37 127
86 121
55 66
27 114
103 120
23 49
55 64
27 69
74 90
26 83
40 48
91 106
16 17
35 115
7 63
78 95
60 76
117 127
10 37
106 131
52 57
63 94
70 82
31 124
38 74
6 115
44 123
73 130
20 47
34 56
59 120
97 105
47 96
4 7
47 128
34 57
54 71
7 126
14 115
20 131
46 128
20 95
94 114
51 76
41 129
50 68
16 94
17 66
10 101
99 124
12 62
56 106
49 88
6 67
42 128
1 117
34 92
18 58
48 75
70 80
61 131
1 68
44 59
17 29
38 40
1 131
9 55
74 115
60 85
9 54
108 130
40 120
64 76
6 59
0 124
45 93
60 71
79 124
78 118
1 105
1 113
7 13
72 84
55 75
79 91
7 118
102 111
71 103
13 51
76 96
58 123
62 114
1 106
30 117
1 124
41 84
63 100
81 103
36 93
28 76
48 114
99 106
12 25
15 49
78 90
4 100
54 84
9 27
3 30
39 58
124 125
27 100
0 16
9 11
29 105
53 95
48 74
25 127
26 109
65 86
39 62
60 94
26 56
16 31
35 44
122 124
26 33
44 64
84 124
72 91
66 131
37 117
98 100
35 97
6 25
93 116
16 34
18 122
38 66
26 85
54 75
32 42
53 65
121 129
8 10
26 37
53 66
79 98
49 87
23 96
61 117
43 104
20 104
59 119
49 84
54 90
82 115
76 102
94 122
11 106
4 113
25 111
34 99
24 104
10 92
15 16
12 13
29 54
34 50
75 118
26 59
13 56
11 14
12 55
43 107
84 97
114 118
89 118
38 105
51 86
32 117
32 101
91 114
71 123
13 20
18 69
17 38
16 27
11 93
30 110
52 122
30 86
18 60
36 76
5 100
85 123
15 103
106 119
40 69
75 128
70 88
39 68
64 91
29 92
67 109
15 76
29 90
68 131
74 117
66 91
94 103
87 114
52 87
28 111
56 58
8 90
37 50
43 125
1 94
4 129
30 107
27 62
64 68
53 58
47 130
20 70
42 83
14 97
27 115
12 50
110 118
74 110
112 115
25 71
78 116
21 37
19 89
53 122
43 78
17 64
88 112
25 57
120 127
106 120
46 78
78 87
15 83
1 72
6 123
12 21
36 124
17 107
123 131
83 125
96 124
17 87
48 124
76 97
72 100
1 47
24 76
9 127
101 115
60 108
2 125
19 34
55 82
1 82
18 63
97 101
95 112
37 81
7 49
103 108
4 53
28 55
11 47
27 83
20 57
3 128
90 103
47 53
0 3
30 118
32 100
64 125
41 128
16 55
113 124
3 52
70 97
95 128
122 127
41 124
15 101
39 102
19 83
13 70
19 121
38 118
85 96
3 121
86 104
83 121
12 39
73 93
73 81
2 27
6 128
49 107
19 131
117 131
51 71
66 69
40 96
71 87
53 106
78 81
106 110
71 99
12 80
60 103
0 103
36 115
17 130
38 67
5 76
60 131
32 120
68 113
57 68
44 111
42 68
45 61
47 77
26 72
19 72
124 127
45 49
82 86
14 110
49 111
5 99
4 6
32 127
3 51
45 63
39 115
79 96
41 102
84 123
27 108
26 94
85 112
69 97
4 94
85 92
51 85
58 124
120 128
24 42
61 65
41 56
91 109
17 96
18 102
87 90
16 107
86 122
39 105
29 103
60 114
16 90
65 69
42 122
118 129
11 33
7 113
68 102
91 112
32 131
4 21
74 81
61 80
7 17
87 94
4 104
96 98
71 127
107 119
24 79
114 120
25 45
75 91
36 98
2 30
66 122
79 87
16 41
44 128
30 119
16 25
73 129
68 87
59 101
18 24
7 87
83 89
51 82
14 117
11 15
44 75
41 114
7 46
121 130
103 129
41 87
74 85
67 90
100 109
69 115
1 70
85 113
28 118
28 94
75 99
94 102
9 29
35 58
21 51
37 43
40 121
26 34
49 67
102 129
12 67
83 110
12 86
0 50
27 102
50 87
62 71
25 52
0 114
75 86
26 114
50 54
25 107
50 86
10 57
20 93
14 106
23 88
23 38
21 62
80 93
37 130
0 97
18 128
35 83
58 78
47 83
37 111
19 42
11 94
43 102
7 72
27 56
10 74
3 58
10 39
8 75
19 32
29 124
0 40
107 122
13 49
89 122
87 125
38 58
46 87
6 130
30 75
47 117
5 16
65 106
39 129
30 55
0 113
16 62
34 46
19 90
73 127
61 98
81 92
83 113
56 57
61 85
35 116
93 122
54 55
36 89
25 67
72 92
95 125
97 127
8 82
42 79
60 95
72 95
62 81
48 50
1 38
6 41
5 68
49 90
4 128
81 121
6 77
33 47
91 102
80 87
15 75
17 84
67 73
79 82
61 66
54 73
108 123
12 75
17 58
17 115
68 96
42 80
13 71
68 83
103 118
23 97
29 118
47 124
19 67
107 116
65 84
28 84
93 95
25 91
57 129
20 53
5 123
36 63
1 63
99 118
48 68
88 95
39 69
51 117
77 95
11 76
9 108
58 60
8 72
22 124
31 78
20 22
48 66
36 45
91 97
59 123
92 128
120 123
77 83
24 83
21 49
24 58
26 120
4 13
51 115
81 111
20 130
41 85
16 108
42 61
40 112
92 126
72 83
17 47
40 115
32 70
23 64
20 107
80 127
19 64
58 117
49 65
7 107
25 115
89 109
51 68
15 80
29 75
95 107
63 66
81 93
78 103
76 85
30 96
103 117
37 92
