134
8
2851
60
9 2
17 2
14 2
13 4
11 2
16 3
14 3
12 1
12 4
9 2
8 1
9 1
16 4
16 1
17 2
8 1
13 3
10 4
14 5
18 3
8 2
13 1
18 3
9 5
14 2
11 1
10 5
18 1
17 3
16 4
15 4
16 1
11 1
8 2
10 1
15 2
13 5
10 1
10 2
17 4
14 4
10 2
16 4
15 2
17 5
12 2
9 2
11 5
13 4
17 4
16 3
14 5
9 2
18 2
13 4
11 2
8 2
15 5
18 3
8 1
13 4
13 2
16 3
13 1
10 2
8 3
18 4
11 2
10 5
8 3
14 2
17 4
11 1
8 1
11 3
17 4
15 3
10 2
17 1
14 3
9 5
13 3
14 4
14 2
11 1
14 5
12 4
15 1
14 1
14 3
9 4
14 2
16 5
13 3
10 3
11 2
8 2
11 4
8 5
8 4
13 2
11 4
11 1
17 4
16 4
18 3
8 5
18 5
13 1
13 2
10 5
16 3
11 3
15 4
18 3
15 3
13 5
12 1
18 4
10 4
10 2
13 1
16 2
12 3
8 4
18 3
8 2
11 3
18 2
8 4
18 4
11 1
15 5
18 5
7 113
41 69
114 118
74 85
107 124
0 55
51 71
11 108
2 67
11 36
21 64
46 73
80 126
9 74
0 5
63 129
32 106
96 107
90 125
76 113
15 80
6 79
36 121
93 101
39 64
92 109
66 128
53 74
84 132
7 87
68 114
11 39
25 32
4 85
30 74
33 41
47 119
64 71
108 121
90 99
13 51
25 131
3 7
19 132
50 123
29 71
29 99
47 72
115 117
7 38
122 123
81 120
5 97
20 93
82 111
17 45
15 74
76 91
90 106
56 132
67 98
37 61
32 113
79 118
74 97
13 103
44 75
34 130
47 110
16 53
19 106
107 113
76 100
91 130
89 107
29 129
88 99
42 79
13 130
14 28
25 103
67 116
3 64
87 127
5 65
20 116
12 45
43 96
49 131
14 113
73 75
86 107
68 128
16 86
12 116
79 119
20 53
5 13
94 95
2 12
62 113
9 23
59 76
34 49
47 56
59 85
57 96
19 40
8 30
31 118
50 97
4 41
29 73
10 59
70 109
70 126
108 113
37 69
31 74
66 87
62 102
90 114
56 72
48 92
100 110
18 109
61 78
67 71
60 109
58 124
46 119
38 133
8 123
54 97
21 124
100 113
7 23
59 108
34 91
18 105
75 113
11 125
76 129
22 37
1 43
1 32
44 47
20 40
0 90
80 128
3 72
82 105
38 39
34 62
26 47
17 25
30 78
13 100
8 18
44 93
52 95
116 126
69 93
69 109
14 16
51 114
31 32
97 120
24 85
11 64
18 131
2 129
8 84
38 78
51 54
12 69
33 106
31 34
44 127
50 122
66 75
2 70
13 54
51 104
75 109
6 30
32 96
4 31
1 26
12 125
21 49
37 101
87 114
25 68
13 124
99 108
12 107
37 79
22 85
6 31
21 59
39 56
75 122
37 77
22 54
22 124
2 96
56 69
39 69
53 77
54 64
11 100
24 81
67 88
5 20
47 103
38 46
35 37
95 122
101 117
22 108
8 124
41 103
23 44
16 88
21 54
70 115
33 83
32 76
66 106
92 102
118 122
4 87
9 118
99 106
18 113
41 100
50 116
10 127
9 53
41 119
12 80
74 111
31 96
1 82
55 125
1 24
6 109
12 78
88 122
40 94
8 88
66 130
50 101
85 99
102 117
32 86
23 123
32 49
36 69
4 96
31 76
49 93
9 88
26 41
3 126
74 89
67 83
75 107
108 122
27 132
8 19
92 94
72 113
2 21
37 131
20 94
32 45
3 28
78 101
20 85
57 117
8 60
57 112
130 133
58 104
7 123
59 65
1 88
37 60
85 114
13 123
33 67
6 104
93 122
28 40
16 70
51 122
58 109
32 36
103 116
49 71
14 48
76 108
33 105
99 112
27 82
15 125
43 59
96 125
9 19
29 42
36 39
13 132
8 46
48 110
84 86
1 68
27 121
37 119
24 64
63 111
90 115
58 77
62 72
68 121
69 82
73 108
96 118
5 102
81 119
61 89
60 99
8 81
13 74
112 124
71 78
43 44
59 125
20 77
17 73
21 32
14 111
44 132
103 110
55 92
11 54
20 83
85 89
86 103
62 75
2 11
25 129
4 5
113 122
9 26
111 112
14 68
20 50
56 109
5 59
88 130
29 66
30 37
43 98
6 8
94 122
13 36
73 123
32 126
32 77
9 72
51 106
21 111
5 86
55 90
49 115
121 127
31 104
13 71
128 129
85 133
49 92
52 82
32 58
20 64
52 54
32 132
8 131
44 120
18 102
92 106
3 60
71 131
25 87
17 91
43 75
14 96
49 109
4 101
25 127
0 4
69 76
75 98
44 125
11 66
23 77
43 56
3 102
54 113
9 109
86 87
10 119
110 116
11 110
12 19
68 95
40 107
3 71
6 91
8 41
67 119
43 115
29 94
28 101
64 119
45 82
34 63
60 93
22 42
36 79
4 25
50 115
14 110
2 57
21 86
0 53
62 115
15 48
75 127
42 59
55 60
28 132
7 124
105 133
74 117
59 92
60 104
5 69
71 121
61 74
70 103
3 59
3 104
47 112
72 117
73 92
44 97
59 114
55 110
83 90
17 64
66 77
41 64
41 95
28 45
32 73
2 73
17 48
16 34
50 133
40 84
19 88
8 71
0 72
34 46
64 78
18 122
86 131
27 62
63 72
38 110
58 76
25 39
9 58
18 68
115 123
48 70
65 87
36 122
79 84
37 42
1 101
65 70
20 133
35 69
18 61
113 119
60 127
22 88
32 82
25 49
2 104
92 119
6 81
21 117
67 89
40 91
12 49
54 89
29 61
111 118
29 85
22 49
15 90
46 115
64 94
86 114
32 107
91 105
70 80
25 52
92 107
84 100
54 57
50 99
91 118
56 63
55 94
0 105
53 64
107 122
5 45
1 65
4 7
90 124
12 71
78 93
24 100
56 71
27 57
7 102
17 93
119 124
22 51
26 49
58 98
30 70
37 87
33 56
23 97
20 27
18 91
2 113
5 67
98 108
88 112
18 38
112 116
34 38
5 26
1 85
46 114
85 108
60 74
79 95
11 107
29 47
69 120
54 94
22 129
2 46
51 101
34 36
18 67
28 122
3 38
64 108
8 75
82 106
71 105
14 104
76 121
15 128
59 97
56 82
1 131
13 80
37 58
45 71
6 123
59 116
45 118
24 26
23 118
116 123
21 57
107 112
66 88
104 105
89 101
66 98
68 112
50 68
42 68
63 106
59 104
31 119
42 87
47 132
53 61
93 116
39 87
91 116
53 85
9 43
28 94
77 111
49 132
34 54
8 114
107 119
60 73
49 110
52 129
49 89
12 38
25 130
0 12
33 42
36 81
58 74
20 65
86 129
51 72
2 107
78 100
0 94
98 129
45 103
29 79
77 93
74 84
31 84
50 124
83 130
29 51
114 116
46 81
3 21
16 71
3 14
5 75
56 124
23 114
12 62
14 123
13 30
30 101
15 111
16 115
72 101
50 89
53 87
90 100
104 113
19 54
87 119
18 92
35 79
66 81
3 101
6 127
34 110
72 103
14 92
44 92
21 29
37 55
68 119
16 59
36 85
15 123
13 118
59 81
120 126
54 120
44 101
28 115
63 112
19 78
15 118
31 103
47 116
43 78
26 30
35 90
23 95
88 114
7 95
20 28
3 112
22 89
28 96
28 120
76 104
72 126
66 97
9 93
97 107
100 123
14 103
42 84
55 104
27 46
75 112
24 112
94 96
68 86
48 51
0 70
86 126
116 122
8 43
40 118
55 85
40 97
18 107
107 123
93 120
56 64
56 66
61 132
60 75
65 93
49 56
36 128
84 103
18 23
87 112
1 31
10 38
21 26
4 65
1 39
84 115
49 121
100 115
52 53
6 89
68 106
75 79
9 75
23 72
49 119
3 36
0 88
0 49
67 101
56 76
44 119
47 53
14 128
82 130
29 72
4 106
79 94
36 108
26 75
1 8
16 66
63 65
15 129
45 102
32 109
29 70
94 129
122 133
16 100
28 131
75 76
110 123
95 120
36 133
1 115
50 109
110 113
34 39
47 97
52 90
66 118
37 124
7 112
13 129
4 131
77 87
28 79
42 93
34 51
86 116
24 94
4 128
61 87
4 89
39 58
81 129
89 128
4 34
7 108
16 117
22 74
100 102
28 80
8 47
64 72
93 131
38 105
26 71
44 57
70 78
25 88
4 107
46 62
41 132
32 115
32 130
14 61
48 69
26 34
2 82
26 132
29 98
77 91
8 15
96 122
58 72
100 120
99 125
7 101
85 132
20 76
60 116
14 19
45 53
36 84
32 34
10 63
71 94
108 109
6 113
57 80
20 38
54 92
38 109
30 90
25 78
81 117
10 29
12 17
92 133
18 86
103 124
6 77
47 86
31 122
10 113
45 113
28 72
25 67
18 90
40 83
32 38
63 68
50 83
19 112
39 59
20 23
1 111
27 34
31 33
80 94
8 92
19 96
91 98
60 113
6 27
54 65
54 100
37 66
47 120
35 123
15 57
9 94
5 14
109 133
6 53
30 50
5 52
63 114
10 126
22 44
23 113
77 100
34 67
3 26
13 83
34 100
78 113
13 106
45 98
31 132
23 62
4 105
42 128
65 95
77 121
62 91
73 116
6 52
7 36
23 49
16 83
101 122
46 78
4 27
72 116
5 39
39 83
18 60
48 77
43 51
2 131
51 129
57 88
10 111
82 127
60 69
25 71
16 38
20 123
22 83
26 52
12 133
50 63
53 115
57 79
83 99
16 82
115 127
40 45
10 123
90 109
40 49
19 43
56 104
86 106
10 23
94 132
94 111
6 19
26 76
12 68
59 83
23 82
21 93
88 127
1 91
13 32
0 130
9 116
31 80
45 119
81 126
11 20
5 48
16 49
100 131
87 106
16 72
58 120
84 85
1 123
4 109
83 114
84 93
11 24
49 78
32 63
55 100
116 129
26 129
122 129
27 98
62 64
30 122
12 130
37 104
37 84
48 96
69 131
105 128
68 73
54 122
9 71
23 45
61 95
52 96
45 101
44 113
2 55
74 115
86 89
98 104
10 11
95 128
32 71
48 101
40 46
25 97
76 86
13 92
51 85
5 124
17 23
82 83
41 79
42 63
7 18
22 32
6 17
27 48
69 98
98 111
4 9
42 131
63 81
28 71
16 60
2 18
88 94
74 83
25 40
1 90
18 130
3 103
23 132
55 69
55 111
12 124
42 88
55 128
102 114
7 29
34 120
60 106
60 119
5 83
28 105
107 129
4 78
58 67
31 100
48 72
17 123
13 70
27 29
39 40
74 87
28 87
36 41
5 6
53 65
26 114
7 91
5 17
24 79
0 106
40 119
53 68
36 45
15 114
61 82
74 77
29 104
25 84
23 115
97 119
28 130
0 93
8 129
16 123
36 38
23 131
19 52
48 86
30 97
52 133
61 68
2 124
34 131
10 45
7 41
51 118
50 88
46 58
22 38
44 56
58 88
74 82
14 106
97 118
8 63
2 114
48 74
13 67
29 36
29 80
69 99
38 92
20 36
82 104
85 100
76 92
44 131
1 18
39 81
12 42
86 105
73 87
79 97
102 103
58 113
75 115
62 128
18 115
24 102
7 75
34 97
40 130
16 80
72 92
30 61
63 70
19 22
16 36
39 113
51 107
112 114
65 127
4 97
80 115
10 31
10 41
13 61
88 117
26 79
48 121
17 71
68 88
101 109
75 101
41 123
6 13
60 103
47 71
13 114
46 100
69 75
109 128
10 20
1 15
20 24
44 83
14 33
13 97
64 88
2 37
27 128
68 74
25 65
68 98
69 91
67 132
86 91
63 124
16 17
17 114
26 91
12 82
4 114
8 105
23 41
89 100
0 86
1 33
38 93
33 132
9 14
33 121
46 88
4 100
119 123
35 122
95 102
3 97
18 82
4 130
24 36
63 99
21 50
9 29
45 81
8 21
29 53
15 83
9 84
31 116
54 59
19 108
67 113
47 90
31 120
54 63
34 119
75 110
68 78
38 59
70 88
84 117
19 59
2 105
72 106
60 86
23 24
58 70
78 97
16 118
19 79
15 108
37 51
38 90
0 28
6 115
26 128
37 75
124 129
0 117
7 25
43 121
4 104
58 85
15 47
70 91
7 119
39 89
4 43
31 97
6 108
96 124
2 63
18 44
38 128
81 83
23 83
57 102
73 124
46 105
79 100
59 93
43 94
9 87
16 124
25 62
41 92
9 45
21 55
87 89
18 33
105 122
9 50
8 28
14 101
15 76
114 125
55 82
5 64
49 108
39 130
121 133
50 120
36 55
3 46
37 46
59 95
97 113
30 76
25 31
5 122
119 133
97 112
71 113
15 95
27 75
86 110
49 77
87 97
88 113
76 77
61 109
62 123
47 50
106 129
69 113
122 130
67 125
25 89
99 104
16 21
43 117
5 101
51 94
22 48
69 77
91 94
92 100
46 111
70 102
50 118
16 75
5 120
20 84
20 48
127 129
32 123
13 73
49 130
89 130
48 126
43 110
0 122
13 112
10 52
94 105
30 104
8 100
30 63
41 128
17 130
67 106
95 130
47 55
96 117
60 72
26 102
56 117
1 49
37 52
73 97
20 109
11 87
11 78
58 105
6 83
0 8
8 39
76 97
12 65
44 84
58 91
1 108
127 132
75 123
81 91
1 99
40 105
13 77
13 18
22 31
29 35
40 51
3 32
14 78
14 47
60 124
16 113
90 96
11 33
17 24
61 106
73 90
78 95
64 85
47 65
11 32
18 40
93 126
75 93
111 121
30 52
52 128
14 114
38 67
27 39
12 46
42 74
109 124
52 60
33 129
25 73
28 93
38 132
69 103
56 125
25 104
2 26
38 52
91 112
56 127
114 129
55 72
108 132
69 126
4 52
36 132
43 63
27 126
92 128
1 28
108 123
33 122
37 78
8 36
45 59
51 111
6 117
48 57
22 39
16 114
108 128
76 98
81 121
17 31
59 131
42 101
21 47
34 59
16 55
53 54
14 84
9 81
44 100
88 96
90 95
42 130
17 63
17 59
13 76
26 118
11 89
59 130
10 13
77 85
4 51
8 49
17 113
26 100
15 41
57 75
80 130
44 106
17 107
104 128
37 81
99 116
75 100
63 95
87 105
25 101
3 91
19 36
30 43
17 132
29 122
23 48
9 112
8 126
33 39
0 109
82 97
32 108
39 75
73 86
67 131
62 90
62 93
40 125
19 98
5 115
84 109
66 117
62 70
3 58
53 111
32 80
93 117
83 129
9 68
35 44
37 109
6 43
9 31
5 23
26 107
54 108
77 95
48 127
46 113
51 62
13 22
3 23
19 57
11 128
19 58
71 133
21 23
106 112
6 96
103 119
44 65
45 83
86 132
24 108
22 77
28 66
30 115
12 131
79 125
108 116
60 81
16 42
17 66
54 104
40 109
22 107
17 46
36 74
5 82
5 77
35 129
73 110
23 56
20 125
14 90
18 42
7 81
118 130
11 103
95 121
55 118
11 49
1 104
85 127
41 105
92 96
90 121
67 114
113 121
39 100
97 100
77 127
17 27
61 119
90 116
97 105
30 51
67 72
7 51
62 127
23 37
18 54
50 130
18 35
24 90
30 98
48 76
91 95
38 111
30 40
2 24
16 79
35 50
102 116
16 67
49 112
37 74
3 27
92 97
70 123
70 111
25 53
83 125
16 18
48 122
41 56
28 51
35 65
106 133
1 127
18 57
79 130
35 77
61 129
33 90
99 111
58 123
9 98
14 56
23 67
47 122
59 75
66 99
36 82
54 58
23 26
91 124
44 52
77 105
36 117
49 83
54 98
43 129
3 79
109 126
7 133
8 79
56 93
10 109
17 29
44 54
22 58
44 85
129 132
102 104
81 102
13 40
67 79
84 121
13 68
29 63
107 118
57 76
19 35
73 125
114 115
101 108
21 69
16 68
85 105
21 89
19 125
83 103
83 91
45 99
6 33
51 120
63 67
45 85
16 81
61 115
72 77
24 83
32 60
117 125
87 103
21 107
25 30
10 124
2 99
83 107
23 55
23 133
1 64
24 96
57 91
0 77
104 130
15 119
31 108
64 116
15 103
52 131
40 59
11 132
35 41
71 97
110 112
52 59
18 34
1 34
82 124
11 28
2 54
43 69
125 131
28 128
78 84
41 121
67 120
40 90
73 113
65 80
20 101
67 97
94 123
7 96
23 27
122 125
12 88
20 114
89 118
56 87
75 104
39 127
11 133
47 129
43 73
2 126
11 129
2 27
27 41
80 96
47 79
32 93
77 125
11 123
26 55
72 104
48 112
117 128
49 60
16 51
23 35
22 95
11 105
17 124
13 88
13 111
77 88
37 91
46 76
26 45
18 111
64 65
62 74
9 105
6 36
42 99
31 62
32 101
24 67
25 47
18 101
5 25
14 27
20 30
16 94
47 60
28 57
15 59
6 90
100 114
22 103
36 105
16 76
19 131
41 115
28 70
5 40
14 91
47 76
62 106
33 70
0 97
35 60
105 129
74 112
18 117
84 97
59 99
35 39
8 12
32 131
35 107
10 106
104 111
5 85
118 119
26 99
14 54
92 122
58 115
47 121
69 130
0 11
8 10
11 41
10 117
18 26
43 92
32 74
78 115
1 89
64 106
77 82
87 93
32 121
66 102
76 82
55 129
121 128
27 124
65 91
101 106
42 44
62 112
2 62
66 69
7 97
22 45
55 58
46 107
97 110
125 128
14 21
0 69
25 34
100 108
42 132
88 118
103 106
65 113
1 52
27 133
4 74
31 66
94 99
6 70
84 104
55 108
0 64
22 73
56 88
30 111
12 39
4 57
35 63
19 28
36 103
35 78
0 116
56 89
74 91
56 65
93 94
52 93
108 112
18 36
30 110
75 78
78 103
40 88
7 39
13 119
30 105
5 72
38 91
69 118
39 121
20 60
39 116
18 133
64 105
77 122
3 92
47 127
33 109
97 129
49 122
53 131
85 112
22 109
10 131
61 72
26 73
78 85
73 98
29 132
10 27
34 60
39 131
0 36
5 79
8 23
50 87
33 54
9 76
100 109
55 93
118 127
129 131
36 66
9 62
42 116
38 56
42 71
18 69
10 57
72 112
19 95
123 128
26 90
17 33
33 62
55 56
38 83
10 22
104 132
82 108
61 122
10 54
5 109
48 131
8 22
2 117
31 115
47 98
37 108
13 65
36 51
12 41
90 120
36 86
32 39
52 76
15 99
49 87
70 120
90 103
31 128
56 112
95 133
48 105
24 88
4 54
63 110
25 76
2 29
7 26
45 65
28 38
17 65
29 31
61 114
31 72
86 117
33 124
59 106
105 121
71 104
3 25
11 44
107 131
29 125
58 84
71 116
8 17
44 107
6 124
92 129
75 131
83 106
24 121
31 70
38 86
59 132
62 114
30 99
26 124
0 58
64 117
39 129
53 105
94 133
14 50
89 105
2 40
29 82
102 107
116 128
25 48
69 119
40 102
51 63
12 63
124 130
85 86
43 68
30 31
4 32
7 66
15 42
38 87
9 113
18 32
115 122
8 98
38 120
58 66
4 46
0 104
39 41
9 20
101 132
44 121
75 116
22 113
90 117
73 119
1 114
102 105
110 115
97 104
68 96
110 132
26 89
2 132
76 111
23 46
54 87
82 95
20 129
4 47
21 128
22 130
63 115
56 121
11 77
13 31
45 126
87 109
14 132
27 84
55 103
15 30
14 130
38 106
100 111
11 23
85 109
104 119
35 83
38 104
95 101
103 107
23 86
7 98
97 132
33 44
42 80
34 104
25 44
43 116
73 120
27 37
4 35
57 98
1 105
79 132
94 116
37 88
17 21
45 73
17 98
9 16
78 80
31 101
28 119
27 52
5 28
83 85
18 100
54 83
88 120
5 7
19 61
46 101
38 127
74 96
60 80
79 92
35 75
31 95
20 72
10 64
38 48
102 124
22 78
64 113
15 62
39 52
75 94
69 105
10 28
102 121
20 73
48 53
107 117
55 66
2 22
14 80
0 128
21 61
62 69
57 93
37 62
13 102
119 131
88 121
45 95
59 117
7 42
41 113
110 121
29 76
73 115
21 30
35 89
89 96
83 131
44 45
110 124
2 71
21 75
30 114
100 122
31 61
18 124
24 32
42 100
38 115
60 129
22 96
91 114
43 72
100 126
92 93
81 104
33 119
41 110
33 35
92 110
28 91
64 86
75 103
12 25
17 72
20 67
49 133
10 84
44 109
14 64
84 118
1 102
72 78
63 104
1 113
56 118
39 112
73 131
84 89
51 57
83 118
46 48
108 131
24 76
61 127
19 76
21 38
49 59
14 58
42 51
12 57
29 62
41 106
0 76
4 73
73 107
106 113
81 87
23 129
64 98
116 124
34 43
27 91
24 113
46 55
8 66
80 127
109 123
92 121
98 109
97 121
119 128
7 70
0 67
52 85
73 93
40 92
35 97
43 87
15 71
47 91
5 87
24 46
61 110
67 85
81 108
65 102
28 89
6 23
9 110
43 47
4 49
20 113
86 109
66 91
16 61
54 73
84 88
47 92
56 68
6 65
46 77
68 116
47 93
44 124
51 131
40 103
25 91
19 99
118 131
38 57
4 22
109 130
27 54
43 48
11 26
48 98
14 127
7 130
16 52
6 69
11 74
66 113
83 127
64 103
35 45
38 116
60 105
22 101
27 103
64 87
0 13
46 123
4 123
29 108
3 120
90 93
58 94
17 86
8 67
79 99
44 130
59 72
39 72
48 80
8 103
52 70
17 36
7 92
31 77
1 12
7 54
26 119
18 74
4 90
40 89
24 54
76 103
15 87
116 120
11 62
108 119
9 89
3 118
23 25
85 103
88 132
7 126
23 89
10 73
30 65
50 111
57 128
2 87
46 116
32 57
2 97
18 129
57 78
80 86
27 89
3 128
6 122
21 76
16 96
2 19
24 25
36 50
51 76
60 89
3 55
46 92
49 72
43 132
117 126
17 87
24 68
33 100
63 73
110 111
61 108
2 33
1 129
3 93
18 45
104 124
87 96
32 61
36 113
59 88
76 94
32 48
91 96
51 102
34 102
41 90
23 111
3 50
27 129
62 86
36 73
41 111
48 123
53 112
10 19
106 119
85 116
79 120
20 21
30 55
52 101
59 60
42 86
6 7
1 70
2 89
96 100
43 80
3 39
44 91
50 117
52 84
79 83
96 102
112 118
100 101
5 8
41 93
16 23
46 72
47 74
53 128
21 56
35 73
84 98
14 97
11 12
35 105
12 106
27 110
37 111
73 105
31 91
19 115
10 115
47 84
52 122
2 112
4 69
92 120
23 80
1 109
10 85
38 72
24 33
13 21
41 112
0 82
14 71
123 124
6 29
0 51
17 101
10 12
11 59
24 29
80 109
10 107
36 78
7 84
50 114
13 95
25 79
55 95
20 130
1 6
6 66
66 82
45 75
42 94
15 50
66 119
35 74
6 84
29 83
58 130
3 108
56 85
2 121
34 47
74 130
48 103
2 103
19 110
81 94
123 131
59 115
64 129
82 90
23 70
71 87
29 116
30 59
4 63
73 89
32 97
88 105
31 35
74 131
109 118
59 84
60 76
16 37
50 79
106 111
17 58
55 77
49 68
75 82
28 67
19 114
38 131
99 101
17 19
74 101
6 105
46 91
5 18
101 102
69 84
65 75
52 55
116 119
101 113
36 112
30 68
42 91
26 104
61 73
47 106
43 130
108 118
44 96
8 109
41 101
79 113
14 120
33 47
22 98
0 79
42 62
35 95
7 16
32 33
7 90
118 129
111 132
53 114
49 118
3 18
23 96
114 131
35 119
59 87
18 95
20 92
23 57
58 133
80 82
33 108
5 133
30 46
96 112
54 114
11 79
109 114
18 52
103 113
22 106
17 70
58 103
13 115
18 73
3 30
62 65
5 106
84 114
35 88
95 132
0 96
14 79
50 113
2 53
7 30
98 116
21 36
118 123
37 105
59 74
57 74
1 11
37 90
0 118
83 87
72 81
28 64
8 94
52 100
29 52
32 37
33 86
24 38
9 127
1 2
15 92
7 56
1 57
32 75
21 65
13 108
60 132
32 66
5 12
2 52
36 61
62 95
15 29
57 85
47 81
18 78
63 80
84 92
77 89
4 120
21 105
42 127
83 132
37 73
59 94
108 130
12 86
55 130
68 71
36 48
68 107
6 100
106 107
23 92
103 118
63 118
34 86
9 33
23 119
3 31
5 132
34 127
67 126
32 116
51 103
74 105
18 93
49 57
55 61
80 100
7 31
98 113
16 119
29 88
3 86
22 76
16 106
90 132
17 81
34 56
22 25
33 93
97 101
50 75
55 116
63 121
55 71
83 121
34 98
26 96
41 89
97 117
44 71
43 128
43 111
121 124
48 62
24 129
48 94
7 118
80 92
52 113
24 91
6 60
76 93
52 89
24 58
34 57
11 111
27 36
44 128
86 118
1 38
70 98
29 60
41 58
43 133
39 63
73 127
22 111
15 37
30 62
28 42
28 50
62 126
38 113
93 129
86 97
1 92
46 110
5 58
0 3
39 101
14 52
120 130
104 112
28 59
4 111
18 96
67 73
30 67
42 110
17 127
14 40
28 113
3 96
20 56
69 132
87 94
111 133
124 127
19 104
24 114
23 84
33 99
82 116
20 118
30 56
35 114
113 125
81 98
57 69
2 125
24 127
33 130
50 81
120 127
71 91
32 35
31 67
88 102
17 97
21 78
14 25
0 73
39 66
95 110
84 101
12 51
16 22
21 96
30 126
102 122
17 104
43 122
67 92
93 96
10 26
61 88
1 98
122 124
43 104
4 119
79 114
92 130
48 89
38 95
17 41
87 102
32 53
4 36
96 104
44 49
1 48
51 80
75 133
1 130
18 87
24 103
12 132
8 58
93 105
32 94
98 122
62 130
124 132
102 119
6 133
32 41
4 18
45 74
33 96
15 116
27 85
94 112
39 109
75 77
117 131
24 61
2 76
66 94
23 36
81 116
7 93
9 83
8 89
43 79
62 94
41 126
22 91
31 54
47 89
8 91
20 78
27 64
17 89
69 114
62 110
50 59
85 124
20 74
55 74
3 45
34 116
10 61
20 105
44 114
0 65
26 116
28 29
14 32
46 57
49 99
20 124
66 104
43 67
9 90
10 122
19 69
115 129
113 123
60 100
34 114
99 100
29 93
8 26
46 97
102 127
61 93
87 101
21 112
21 132
84 128
9 104
32 52
86 102
80 114
9 30
60 85
71 72
6 57
9 35
18 22
83 101
69 97
80 108
