138
9
3403
60
184 2
118 2
209 2
166 4
212 2
222 3
207 3
143 1
151 4
207 2
210 1
121 1
231 4
95 1
232 2
224 1
112 3
113 4
188 5
153 3
135 2
226 1
88 3
208 5
139 2
92 1
240 5
223 1
171 3
137 4
117 4
126 1
213 1
175 2
167 1
161 2
121 5
159 1
161 2
137 4
162 4
121 2
148 4
121 2
217 5
128 2
219 2
191 5
102 4
201 4
97 3
136 5
196 2
132 2
243 4
229 2
92 2
237 5
229 3
164 1
158 4
198 2
105 3
212 1
156 2
229 3
211 4
211 2
135 5
158 3
191 2
139 4
144 1
131 1
123 3
228 4
170 3
200 2
243 1
230 3
153 5
127 3
108 4
103 2
153 1
127 5
227 4
192 1
162 1
157 3
181 4
179 2
125 5
139 3
161 3
111 2
127 2
91 4
233 5
204 4
134 2
231 4
161 1
228 4
212 4
105 3
194 5
220 5
177 1
142 2
168 5
200 3
221 3
137 4
206 3
113 3
140 5
237 1
179 4
168 4
228 2
196 1
224 2
97 3
118 4
107 3
135 2
185 3
170 2
203 4
212 4
226 1
197 5
230 5
135 3
94 3
157 5
131 2
101 129
0 108
20 117
70 80
113 115
51 118
48 110
20 41
21 37
33 45
20 78
68 89
75 77
47 98
9 99
116 118
62 122
24 120
83 87
42 62
7 72
29 105
24 103
117 131
3 22
45 106
20 103
50 97
78 107
7 43
64 104
47 100
24 26
63 118
26 66
21 124
45 94
26 76
82 115
5 132
92 111
8 13
4 70
99 124
16 55
16 78
9 92
5 54
98 137
87 102
101 134
75 125
113 133
6 62
76 106
11 16
13 73
10 77
40 86
53 134
6 107
26 77
28 45
35 76
69 106
5 70
77 95
71 80
22 95
22 98
23 41
94 123
71 89
1 75
27 78
43 102
57 70
40 82
58 66
74 80
2 119
30 44
16 37
80 122
19 135
8 46
74 132
23 109
55 130
4 117
42 117
80 109
64 118
28 89
39 55
74 79
34 126
85 114
22 72
89 137
59 75
106 115
41 68
39 41
41 69
56 66
54 91
116 136
43 112
14 73
48 54
34 50
37 41
0 61
66 83
64 131
100 134
44 67
62 93
43 82
49 134
78 134
53 74
90 97
18 21
102 104
63 69
2 100
5 14
123 124
37 60
5 22
51 113
21 22
61 97
3 122
5 79
13 94
123 131
43 69
70 111
9 128
65 91
45 127
2 132
30 87
24 65
80 103
82 118
75 79
76 100
70 94
69 111
116 123
107 136
129 137
45 107
16 107
54 108
29 94
99 125
12 129
17 112
1 13
6 93
120 123
88 100
9 84
36 135
46 92
37 45
66 94
44 135
24 108
106 133
32 58
48 57
84 131
26 132
62 81
28 97
59 88
51 128
70 107
35 104
31 53
50 130
23 114
42 120
82 100
60 73
100 117
24 62
21 73
31 64
8 95
25 47
63 64
20 34
18 20
27 86
96 117
1 104
12 90
47 54
19 105
9 81
37 90
97 99
50 90
71 120
1 105
17 73
53 117
10 21
45 78
33 82
7 53
49 128
55 58
60 65
2 97
15 136
37 85
10 37
66 89
31 33
31 132
77 113
23 70
84 94
25 101
13 135
83 84
18 25
63 92
10 71
45 95
34 80
52 107
8 105
69 118
77 111
101 137
52 134
75 130
84 107
90 130
81 106
38 109
13 127
78 136
85 87
42 137
91 121
31 43
22 127
10 14
66 120
9 36
27 53
38 87
5 43
70 92
64 103
69 98
63 81
70 105
95 115
22 84
28 77
84 86
28 43
10 128
60 119
43 106
6 130
22 104
84 95
3 128
26 84
33 42
23 40
109 111
103 131
21 30
55 125
35 93
40 119
44 116
78 135
19 42
69 117
85 102
31 106
51 60
88 97
81 125
53 127
73 82
0 59
38 96
71 97
66 100
89 107
4 40
10 16
41 56
86 136
27 125
30 82
14 52
80 105
43 62
46 79
77 120
107 126
123 125
23 63
0 14
75 86
82 131
55 63
128 133
5 125
106 137
68 126
87 111
29 37
76 117
44 87
48 137
61 135
50 64
97 126
12 75
69 73
56 106
30 100
20 46
0 109
17 95
42 123
0 66
12 133
66 137
47 84
2 68
79 113
58 115
34 84
95 104
78 122
98 105
45 81
20 83
46 76
14 32
21 24
23 56
81 114
3 45
28 114
33 39
104 134
21 52
42 89
31 83
53 73
13 128
32 88
17 84
29 69
47 113
39 84
63 74
4 16
19 107
36 83
48 128
75 84
40 43
92 97
1 41
2 72
49 84
53 105
42 111
85 131
84 98
2 109
24 84
67 99
0 17
5 27
41 72
8 75
76 109
3 107
98 134
26 51
64 130
13 31
112 113
119 137
42 122
2 102
10 63
51 129
54 120
79 97
72 127
6 51
79 110
5 73
8 120
43 108
59 72
2 73
36 51
63 117
28 68
65 103
90 92
43 67
1 58
31 124
57 117
1 91
8 131
48 72
9 51
20 100
14 71
16 111
37 81
101 136
23 91
70 125
78 116
27 111
24 40
8 69
80 129
69 124
57 78
1 79
103 137
67 89
57 122
66 77
25 79
41 103
22 68
50 79
68 110
120 132
25 125
23 106
8 26
53 64
62 83
32 106
73 87
31 76
36 99
62 98
29 90
8 136
48 90
3 134
6 64
53 91
106 113
6 63
60 102
91 118
12 22
52 110
4 5
75 136
53 116
120 127
43 98
99 105
105 130
43 76
35 59
8 77
35 75
40 103
21 49
61 84
38 74
84 123
86 137
21 74
55 72
1 121
14 63
125 126
73 110
109 137
12 99
63 87
60 90
68 121
13 102
51 105
131 137
48 112
10 28
73 85
44 96
56 119
80 93
31 112
67 102
83 109
94 106
97 129
77 134
51 73
105 111
48 56
26 62
0 12
28 115
50 87
106 132
32 79
36 123
56 117
29 117
3 126
23 99
72 128
26 41
82 132
74 102
107 125
49 113
104 131
25 61
19 123
30 71
58 72
22 101
123 137
5 11
7 65
129 130
24 96
29 127
81 96
20 61
97 118
5 123
15 89
70 100
133 134
78 129
56 128
123 126
71 74
28 121
3 8
65 102
16 36
55 136
49 50
17 49
82 112
19 32
16 109
96 111
1 20
13 116
33 103
67 73
43 75
36 97
112 115
53 84
112 122
35 91
74 128
21 44
38 39
89 127
17 56
126 127
7 84
12 58
30 110
91 112
52 131
41 116
10 116
31 32
54 87
64 102
6 24
2 31
30 81
40 90
8 68
29 81
4 18
85 96
52 83
40 46
0 104
38 80
21 119
24 132
77 93
85 97
58 82
115 125
44 107
47 73
42 61
46 137
10 129
1 137
31 99
21 69
43 49
9 126
102 112
79 135
35 130
61 127
64 92
44 80
89 96
23 49
90 96
110 132
15 41
24 99
82 114
57 64
40 92
37 59
44 62
6 132
11 123
4 102
76 85
53 126
87 120
45 93
40 95
29 68
45 97
0 29
34 83
7 134
47 135
14 28
24 87
109 119
50 119
80 114
71 128
95 110
62 87
0 135
18 124
77 107
59 135
42 83
40 128
21 66
15 47
16 129
0 60
23 48
106 125
4 101
56 62
101 114
26 70
35 74
4 119
22 74
30 65
36 89
28 86
11 23
86 108
35 60
65 75
81 98
1 108
115 131
120 122
91 98
100 105
35 46
18 135
71 93
68 84
14 31
10 126
19 74
23 100
29 63
31 88
12 39
23 111
51 106
53 118
8 51
64 76
59 122
108 127
99 121
11 35
38 133
18 19
52 94
47 50
94 133
37 70
85 100
25 54
53 68
58 101
19 62
53 93
46 109
10 106
51 111
63 135
34 58
25 127
1 40
2 94
19 56
28 84
32 67
22 36
60 74
40 129
10 22
64 96
72 95
35 113
13 120
11 53
8 93
20 45
18 133
87 110
53 78
38 130
44 120
28 46
20 99
93 123
25 64
49 127
46 68
15 53
62 128
20 60
62 106
43 87
43 100
22 107
9 124
86 97
102 113
25 70
28 85
96 122
11 95
0 73
83 108
5 45
96 112
11 89
45 72
19 85
49 120
59 86
10 60
27 66
37 118
71 129
18 88
51 132
18 104
51 115
3 31
71 110
3 85
17 29
8 45
59 68
82 101
76 112
71 124
53 79
29 99
4 24
89 136
27 77
7 45
60 96
25 60
52 113
24 82
75 88
25 57
39 122
20 72
76 113
31 87
32 57
4 131
1 38
19 46
28 72
117 133
99 130
46 124
25 48
87 115
129 133
90 107
100 135
89 126
79 95
60 116
57 90
21 29
34 123
48 67
4 20
34 69
2 15
19 57
15 110
54 75
14 110
43 89
24 72
30 98
2 128
54 129
10 70
29 73
53 62
34 55
11 92
43 116
28 99
21 64
20 92
27 51
69 79
25 117
30 101
0 115
8 44
8 119
36 43
47 129
21 76
0 15
29 102
13 108
15 28
74 107
10 48
74 92
118 123
24 39
11 137
51 81
35 99
50 100
37 67
32 81
43 124
8 108
72 89
56 111
28 88
17 79
40 73
22 117
4 136
11 64
0 20
32 118
72 80
39 106
98 106
41 101
83 134
73 84
108 133
111 124
6 87
6 116
91 120
65 129
25 122
73 79
58 131
68 134
70 112
45 119
54 126
91 95
15 133
78 84
68 76
58 127
27 33
36 126
41 48
5 72
73 121
49 78
54 83
77 125
127 137
21 92
13 71
21 91
14 58
29 55
32 45
10 67
47 109
27 85
11 81
77 84
27 128
99 109
1 81
86 98
82 125
2 65
58 112
53 106
7 87
0 50
12 59
85 130
31 70
12 88
50 57
56 64
62 114
11 80
83 124
16 116
30 114
6 89
21 81
0 106
50 72
124 136
3 59
36 107
5 59
59 134
108 114
38 57
54 72
1 129
58 128
19 26
64 84
24 95
56 97
119 136
72 75
64 71
12 66
79 102
102 107
4 68
19 27
35 137
3 30
35 117
102 134
46 65
93 128
46 47
22 49
64 73
42 65
41 45
48 78
87 90
111 135
6 73
21 114
69 122
79 99
87 136
97 131
52 128
38 61
9 49
39 71
16 113
90 112
11 26
58 126
13 88
8 54
76 78
40 66
40 137
22 78
58 114
42 128
3 82
100 115
109 136
40 134
26 64
59 113
44 61
16 41
80 134
2 32
69 92
36 105
103 135
3 58
28 98
28 63
52 78
90 134
10 102
8 91
11 136
61 130
27 105
31 98
62 108
54 55
12 131
95 97
26 115
54 135
43 120
86 120
45 132
23 127
22 103
20 73
32 72
69 96
101 109
39 52
5 110
43 78
1 15
68 113
46 104
104 136
37 95
50 91
3 6
18 116
33 62
57 130
69 86
17 123
27 109
0 22
1 134
30 118
63 84
37 47
41 75
7 136
29 64
69 137
46 55
10 92
32 40
57 116
2 91
7 36
31 108
94 112
12 42
18 47
48 97
55 106
18 89
5 25
68 129
88 98
2 4
7 40
45 134
28 54
45 111
26 120
2 81
12 120
73 131
10 62
40 49
107 132
51 96
37 102
6 66
58 132
79 115
38 115
18 60
91 107
66 93
70 113
23 101
3 121
15 121
33 44
104 110
3 18
28 136
0 92
67 121
21 134
23 119
37 134
24 67
49 56
97 116
28 75
7 75
69 114
41 55
92 115
25 68
26 125
65 87
21 56
1 69
21 80
64 78
12 15
86 124
52 105
45 46
80 125
1 23
11 63
51 101
96 104
16 87
17 33
34 102
60 109
5 105
56 69
15 51
60 112
56 121
119 124
63 137
37 111
64 88
18 110
81 137
79 101
0 112
70 72
22 45
7 18
23 96
29 121
110 114
107 121
17 131
108 110
15 17
49 133
7 98
8 94
21 131
22 62
100 132
13 49
71 76
83 110
20 64
64 97
7 133
59 131
59 87
3 104
28 35
12 17
0 102
47 132
92 105
45 117
51 75
17 120
63 111
31 50
51 79
17 75
116 120
36 86
64 68
12 48
11 25
45 133
10 81
26 44
66 98
115 126
11 116
19 84
26 96
72 132
4 133
128 134
55 60
74 114
23 66
1 86
54 114
14 93
56 100
5 106
41 118
7 51
25 82
55 71
90 124
114 132
66 82
5 65
33 100
91 102
87 117
34 90
83 122
22 87
83 96
12 57
71 90
54 97
69 74
119 134
23 122
56 74
24 56
28 117
24 125
39 101
4 127
14 29
23 108
80 84
17 57
93 122
5 117
106 111
11 74
9 123
98 127
62 96
47 71
25 100
66 80
85 132
20 107
42 74
69 93
42 107
56 76
50 129
53 87
53 81
13 30
88 92
101 108
94 102
67 81
32 107
10 69
13 76
80 92
0 16
45 112
48 104
26 104
59 85
94 113
81 130
24 133
63 123
23 112
41 114
47 76
31 137
20 129
11 131
14 17
54 137
44 60
84 92
113 120
32 97
4 58
3 125
30 107
88 127
43 101
97 130
103 115
47 93
82 103
46 95
24 85
29 119
13 39
117 121
55 118
85 124
29 79
9 134
82 136
115 130
20 38
29 62
44 122
72 105
84 97
41 50
43 44
28 137
40 113
16 63
38 86
5 46
37 69
55 91
33 63
19 33
24 47
11 118
42 75
68 79
113 118
90 102
49 99
71 113
88 111
21 40
63 100
10 99
55 110
15 73
13 35
52 55
34 48
16 60
15 64
5 71
60 67
15 100
12 79
8 115
34 53
58 75
68 108
72 130
44 132
20 57
34 41
85 106
14 47
97 102
6 101
50 71
39 108
76 133
70 96
27 123
29 65
100 109
49 90
19 71
52 73
20 39
24 98
36 98
36 81
32 116
25 135
9 62
39 54
3 51
98 131
29 116
95 125
47 112
65 108
46 128
10 82
6 7
84 120
123 132
35 111
15 120
7 94
26 54
21 48
98 108
21 31
98 128
15 103
58 134
101 135
45 124
71 87
19 134
56 112
36 79
69 83
9 27
14 25
50 77
24 48
57 135
28 119
80 136
82 111
28 41
30 66
63 108
7 59
72 103
77 103
95 108
35 116
7 70
116 124
60 63
25 41
38 121
22 130
29 93
42 97
124 127
80 87
93 100
58 110
105 121
8 127
86 90
59 127
4 109
60 81
4 29
28 96
12 108
1 64
78 124
5 129
23 116
110 129
48 107
37 96
76 92
6 52
68 104
63 129
7 103
12 30
58 133
8 103
33 88
89 109
74 88
46 66
26 137
50 124
40 112
48 94
77 114
77 105
30 94
25 96
39 120
0 48
8 126
33 73
76 121
40 127
44 94
0 77
13 27
100 125
31 52
12 112
76 137
2 137
126 128
7 99
91 117
18 128
92 108
40 78
29 71
29 82
4 71
45 89
81 97
19 130
104 132
74 85
95 109
21 116
44 121
14 66
30 83
11 12
41 107
93 109
23 82
39 68
22 106
41 117
108 135
68 128
17 65
8 64
50 80
67 134
7 123
86 127
46 87
51 62
4 66
34 135
91 114
84 88
23 128
82 137
5 82
17 128
87 129
15 57
17 101
35 43
48 65
8 79
22 41
18 42
18 111
4 98
59 89
34 134
82 128
11 69
13 82
12 56
45 136
83 99
9 91
15 45
14 88
38 104
18 101
29 50
74 122
8 134
47 75
6 111
27 104
76 118
53 136
80 113
66 85
46 53
77 110
46 91
7 79
34 82
94 117
92 103
33 122
58 68
57 95
5 102
36 75
89 112
55 109
21 128
79 88
43 94
1 117
55 137
18 53
6 40
62 105
39 77
79 94
42 43
10 52
79 108
27 98
41 126
52 75
84 129
96 102
73 98
14 133
64 81
33 46
42 45
32 104
26 31
8 17
115 123
71 85
103 127
75 107
66 130
72 77
27 132
95 124
58 74
71 86
54 71
42 131
98 117
90 127
9 101
27 54
53 55
27 121
77 117
110 116
77 88
81 85
76 136
80 85
39 131
97 121
35 112
30 123
37 77
120 128
23 137
37 136
80 98
22 59
8 109
31 66
0 82
84 101
2 80
77 92
75 82
57 83
8 83
23 58
106 108
12 105
16 132
5 115
61 64
33 86
10 115
12 93
10 127
94 108
66 133
12 84
0 97
19 108
3 17
47 99
54 122
28 123
56 65
34 79
106 129
38 105
12 24
28 31
35 44
71 72
61 94
63 95
107 128
109 124
34 42
32 130
100 127
102 103
82 91
46 120
38 49
13 65
68 125
45 104
10 24
25 136
37 39
12 109
13 122
2 33
74 109
50 74
14 81
27 48
4 38
22 39
46 81
67 133
100 108
10 29
17 116
5 34
33 131
99 110
27 76
25 34
11 15
71 133
22 58
34 96
35 63
53 108
25 90
8 116
40 102
12 83
19 49
52 119
47 52
46 74
23 32
19 20
22 46
122 128
15 117
84 103
35 136
94 98
64 111
90 101
22 77
45 61
38 42
52 71
108 131
22 136
8 55
113 136
27 122
107 122
21 111
67 122
121 123
19 53
66 131
33 84
51 109
15 34
56 80
48 135
18 81
16 56
25 88
45 99
25 91
81 87
100 114
65 135
84 114
55 101
97 101
65 112
12 32
52 91
106 135
30 137
57 65
18 91
40 99
27 95
73 86
16 110
80 88
71 127
28 58
18 52
14 60
70 137
10 124
101 128
9 100
90 125
39 89
16 125
44 46
47 83
62 75
19 25
44 88
115 129
88 90
34 74
9 59
102 135
17 91
90 95
81 102
72 81
120 130
35 88
18 54
46 86
1 22
21 82
115 135
60 91
0 79
78 79
35 52
114 131
53 90
89 97
93 135
19 131
23 27
76 125
4 118
40 132
25 50
47 49
1 66
69 100
84 126
95 105
16 42
106 126
43 55
38 103
29 72
73 74
21 130
36 118
18 45
76 87
38 43
65 100
117 127
8 98
47 120
76 103
57 104
45 83
72 102
47 96
27 93
19 78
47 85
86 104
131 135
78 133
22 134
57 120
31 58
49 96
72 120
68 116
38 53
40 131
56 129
38 56
85 133
47 133
0 32
114 126
72 87
52 102
34 105
100 122
37 112
56 75
6 99
75 78
5 36
13 68
48 105
51 72
14 116
68 72
74 91
28 118
36 110
37 131
35 67
8 38
93 104
44 49
17 21
1 74
58 91
34 136
24 89
2 110
52 79
18 93
50 60
60 127
118 120
34 125
8 121
17 83
31 78
49 106
38 44
39 43
1 135
82 119
22 56
33 49
53 114
87 89
12 96
95 116
1 24
6 121
26 127
13 60
48 69
26 134
122 136
25 83
32 76
60 93
79 125
1 29
13 115
93 111
68 103
41 71
20 134
95 99
55 120
17 80
20 98
61 100
55 68
31 44
18 132
78 85
70 129
3 118
29 66
24 83
2 112
1 14
26 83
7 28
48 119
15 69
26 55
12 122
86 101
83 92
36 72
52 114
9 137
5 15
99 127
38 117
26 49
14 51
48 102
37 114
40 80
52 127
102 129
3 54
7 121
36 114
21 87
10 66
81 117
42 79
46 51
52 121
45 49
64 119
37 62
21 122
39 116
49 51
91 105
59 83
37 132
5 90
82 133
46 50
8 21
96 114
25 78
87 133
1 11
64 86
111 112
18 121
51 120
6 104
51 103
2 79
76 90
104 118
23 54
35 106
11 17
60 70
55 122
88 119
43 113
80 104
24 128
12 49
52 112
63 110
109 114
37 83
7 130
33 128
21 65
15 85
38 95
8 133
86 107
31 101
118 130
55 69
88 112
23 98
27 112
16 48
30 64
17 71
9 17
69 70
102 118
54 93
66 88
54 57
122 123
2 127
36 59
34 35
43 122
19 23
4 93
62 77
6 106
24 79
10 93
50 59
76 130
81 104
6 71
84 93
81 89
44 82
30 57
33 120
56 134
36 103
26 28
14 126
12 76
52 129
56 91
23 134
73 88
16 126
38 70
6 69
37 127
48 134
25 56
91 125
17 43
94 127
87 94
61 80
112 126
26 78
34 114
35 95
91 104
58 109
15 124
11 125
48 125
101 106
59 65
56 98
32 50
50 104
96 120
0 84
64 115
71 78
67 112
81 124
32 43
77 116
29 130
23 31
39 57
90 109
71 94
55 82
37 42
8 43
8 33
7 56
20 86
112 132
32 34
100 133
90 113
28 76
83 130
7 129
15 118
2 29
84 102
48 85
54 128
70 101
1 10
42 86
28 112
49 137
104 112
31 61
4 37
41 59
78 93
30 80
67 107
27 39
53 120
23 75
103 136
56 109
48 96
23 34
23 125
26 92
27 114
52 122
121 122
34 132
40 54
59 108
15 32
101 131
22 133
35 124
2 60
0 39
19 97
94 97
32 94
20 81
2 90
99 123
107 110
18 40
43 129
11 46
6 103
67 90
3 100
88 124
27 70
60 69
10 59
26 47
34 39
85 101
128 135
41 84
9 102
29 41
107 116
25 87
64 75
9 11
30 48
58 79
76 83
121 125
103 106
41 44
74 116
26 90
0 42
55 67
79 119
70 110
62 97
51 89
77 122
53 70
18 123
46 136
14 26
45 68
64 106
49 80
9 122
36 84
5 38
36 128
100 126
65 73
96 106
61 82
34 108
6 28
28 69
46 67
23 50
23 39
89 115
22 121
38 65
62 119
46 134
77 112
19 90
7 131
117 137
10 107
28 82
20 125
44 104
5 48
112 125
105 109
102 124
51 53
61 125
33 112
73 122
108 119
38 83
33 40
110 117
30 39
49 100
25 28
25 108
105 123
67 106
119 128
51 116
14 20
119 135
4 84
62 90
22 80
15 99
99 119
66 72
6 81
38 52
125 137
117 134
50 96
81 116
31 45
21 23
18 41
3 21
70 134
54 121
19 106
6 133
40 85
24 111
16 35
67 128
78 98
74 99
112 131
5 16
68 95
34 89
79 120
47 124
62 88
24 127
25 27
23 67
115 118
46 125
32 52
100 106
7 82
47 128
12 104
3 34
96 110
18 92
58 77
18 114
32 75
12 62
93 96
30 111
33 41
12 23
45 128
25 116
71 83
22 111
39 99
13 126
64 127
4 53
12 26
20 84
8 81
36 130
62 110
26 52
50 135
36 134
94 103
129 132
78 137
107 133
88 137
5 26
29 52
20 79
0 3
29 75
32 126
87 93
13 100
1 76
12 31
49 114
11 84
73 106
87 95
97 120
7 49
14 90
0 55
31 55
90 104
72 79
51 65
27 118
42 98
42 70
122 134
1 128
30 53
27 131
16 84
48 75
20 104
33 58
22 35
58 136
13 29
50 65
24 80
84 112
71 116
74 87
7 21
24 73
124 128
39 121
39 126
12 125
100 119
114 124
35 96
17 102
48 83
16 18
30 125
34 117
20 32
111 119
45 63
68 123
15 131
61 119
62 126
6 72
52 104
26 39
99 128
6 26
67 130
91 132
1 133
75 90
30 68
62 125
13 58
32 98
10 123
51 82
64 113
76 81
11 82
77 121
11 13
21 42
13 121
79 100
75 99
56 96
102 121
16 26
49 74
33 123
66 123
87 134
38 97
30 46
7 57
61 105
70 133
19 109
95 135
22 70
56 130
84 121
94 95
67 110
44 114
52 86
46 121
37 58
8 110
14 121
94 114
89 102
1 90
81 111
54 62
69 110
25 35
90 121
47 87
65 66
15 68
79 134
50 136
40 94
79 124
22 37
2 14
89 125
42 87
95 111
56 92
76 96
17 115
120 134
73 136
18 49
34 37
89 133
70 122
75 100
116 121
32 70
38 47
17 126
100 124
50 137
47 81
79 122
2 136
75 92
98 133
26 61
56 68
59 78
69 105
55 119
73 115
74 95
11 51
14 37
87 105
17 107
33 55
95 131
43 110
28 100
92 102
112 133
2 36
109 113
39 53
0 119
23 126
46 83
58 105
78 89
57 86
73 132
68 117
35 98
48 70
18 58
13 89
101 115
57 71
100 118
67 72
54 69
27 43
55 92
57 109
72 125
69 135
76 132
45 53
49 130
36 61
102 110
7 137
34 52
9 96
41 93
11 105
61 85
30 129
82 86
10 97
55 132
89 99
57 106
29 40
87 92
29 133
38 82
39 100
58 135
45 56
61 107
19 112
9 25
77 126
40 130
11 107
20 23
55 102
77 108
46 99
95 123
34 87
91 126
10 121
27 31
103 132
22 123
93 134
18 36
69 131
54 74
3 99
33 74
31 73
20 97
111 130
9 111
91 124
49 52
15 107
61 109
19 69
1 126
52 70
114 135
74 113
88 128
10 117
54 100
94 104
25 75
118 131
24 86
117 124
23 29
71 88
42 63
47 64
47 121
3 101
15 63
52 80
115 134
18 57
77 106
35 40
28 109
66 68
117 129
5 118
88 130
101 124
39 98
46 63
30 116
74 105
64 110
108 132
32 117
18 50
22 129
8 59
14 94
61 133
42 119
66 128
48 60
10 86
39 67
41 130
12 136
1 80
36 117
52 53
3 130
61 87
0 38
50 86
33 57
113 125
3 119
25 29
4 21
79 107
37 122
72 129
33 54
0 58
4 52
92 128
101 118
4 83
61 95
15 48
33 129
63 71
3 102
24 131
10 87
72 111
23 113
112 119
29 129
109 118
97 114
0 43
62 107
1 39
38 58
7 110
6 11
18 130
5 64
47 62
57 100
44 45
10 56
75 103
29 136
16 91
47 127
0 4
24 61
66 127
13 32
81 86
34 38
19 38
46 62
42 127
26 63
16 121
38 54
33 65
54 118
6 137
12 80
73 107
64 94
117 135
7 41
84 128
3 16
25 99
57 136
30 89
89 121
12 123
36 122
84 122
12 53
25 123
37 50
47 104
12 69
67 95
87 97
17 55
114 130
44 85
70 131
32 86
31 51
7 77
32 64
38 46
7 50
53 71
20 65
135 136
42 72
91 123
102 131
43 59
107 123
3 55
104 107
37 130
55 112
83 95
23 92
70 75
66 103
132 136
68 88
25 102
16 79
24 117
75 121
38 135
39 135
68 135
42 132
7 58
2 35
45 64
19 93
63 104
5 24
16 69
48 133
43 97
110 131
47 105
5 35
79 87
13 72
14 98
84 105
42 105
1 125
6 100
21 113
5 135
48 103
43 131
54 92
41 64
44 71
60 117
32 129
19 37
28 59
99 111
64 91
60 61
57 74
16 85
73 117
26 56
104 137
13 36
91 131
80 96
118 127
1 47
19 34
67 100
78 103
62 70
10 44
74 127
34 36
36 87
27 96
1 127
92 113
14 114
18 78
77 86
74 121
22 53
55 83
41 122
66 92
52 111
19 121
73 96
2 125
77 82
60 137
8 52
8 87
11 119
49 108
12 115
8 113
47 123
49 54
98 109
52 125
40 111
33 107
62 112
2 13
114 117
98 100
14 45
71 135
17 114
30 58
14 137
102 116
52 88
51 100
36 42
44 50
22 86
102 136
61 81
30 67
94 99
20 43
57 76
16 105
4 114
86 110
27 57
55 98
75 134
7 80
19 88
105 113
7 34
1 32
69 109
47 126
22 83
19 94
32 55
63 101
3 129
29 42
21 97
69 85
21 28
74 89
37 120
2 21
80 90
7 20
2 42
0 86
64 80
48 120
21 53
3 23
73 125
8 14
16 33
14 53
13 47
17 61
59 61
62 131
36 71
37 94
120 137
2 20
36 96
15 19
10 49
85 113
65 111
0 76
44 70
16 45
25 72
43 118
12 128
60 105
13 50
53 69
122 135
28 38
71 121
86 121
15 42
20 91
21 32
110 122
55 87
80 102
43 90
4 14
28 30
16 75
3 115
2 126
59 136
77 90
22 119
83 137
61 102
8 97
94 115
18 118
22 124
15 43
21 55
65 84
15 132
10 43
16 114
58 73
40 70
67 97
92 104
4 11
35 47
21 86
78 102
35 51
64 128
96 121
15 125
54 89
57 58
8 12
58 116
3 57
30 124
93 113
57 97
19 119
11 66
56 136
96 137
2 27
4 34
2 84
26 45
48 99
46 71
41 100
113 130
3 120
78 80
22 91
92 118
12 64
54 86
90 119
50 63
3 79
36 50
61 99
88 131
67 123
16 81
72 116
59 124
12 36
25 65
102 114
78 81
21 79
9 132
17 109
36 70
64 123
5 134
49 124
22 96
17 39
40 88
97 109
71 126
16 22
95 122
89 128
106 122
6 57
25 130
3 88
0 126
65 110
71 125
36 38
27 87
43 137
44 90
17 72
94 124
85 119
1 57
88 99
117 122
6 135
17 66
2 50
54 102
56 120
27 37
22 51
117 119
0 9
63 73
36 95
13 23
53 99
29 76
112 127
4 67
24 33
14 35
112 120
1 113
67 119
40 60
84 108
2 62
15 93
7 108
25 53
26 118
29 131
98 124
6 36
41 42
90 123
29 97
6 58
55 94
30 69
44 83
58 95
38 128
104 113
90 106
43 121
58 103
53 65
79 130
28 104
10 38
14 48
32 125
74 84
15 81
30 113
3 103
35 39
112 137
43 66
23 37
19 28
9 41
5 101
82 93
45 60
56 61
56 105
16 27
93 125
28 66
24 134
17 117
5 53
5 10
41 134
27 103
11 49
2 5
35 81
4 55
0 132
58 111
90 132
24 109
98 114
117 120
92 109
22 100
40 106
13 51
4 19
13 38
37 129
60 129
10 73
44 51
14 113
6 49
79 109
83 98
43 96
47 94
95 136
2 89
33 71
11 73
5 95
24 122
55 128
6 82
47 60
46 111
3 49
41 86
78 83
87 127
94 100
46 100
24 135
29 95
124 132
57 93
35 109
51 70
108 128
11 110
39 72
61 103
46 106
13 134
53 123
2 18
83 131
72 84
23 77
11 124
11 48
51 97
12 78
93 108
50 103
109 123
7 78
111 134
83 132
6 67
40 93
121 136
16 115
33 136
86 95
36 106
37 124
30 90
30 133
67 70
114 136
28 122
22 115
95 103
20 51
63 94
26 98
7 135
1 110
40 105
70 88
36 63
106 127
71 114
101 126
35 42
97 135
72 122
100 113
14 80
69 125
65 106
111 137
88 115
13 33
6 27
18 103
44 63
24 136
40 120
47 74
53 129
3 33
21 101
18 77
105 112
17 50
83 115
2 24
55 65
61 71
38 88
21 63
27 55
102 130
75 80
50 84
101 111
80 132
58 89
102 105
111 129
48 55
65 97
12 37
27 127
88 109
73 83
38 126
42 48
23 105
55 116
27 137
48 114
24 106
55 80
28 95
66 124
83 105
1 21
20 90
90 116
40 75
31 123
36 44
30 52
9 43
20 69
6 78
86 109
106 116
83 113
71 79
54 63
18 80
13 77
78 114
17 32
6 19
45 50
38 122
3 65
25 109
6 13
88 91
16 123
34 45
34 51
65 71
52 132
33 56
68 102
27 81
103 108
12 63
29 128
12 106
20 56
36 57
55 85
60 64
89 104
67 82
72 92
61 124
56 86
44 97
4 88
8 74
118 121
2 19
42 136
39 128
37 100
5 87
10 118
15 111
0 111
1 12
0 47
41 46
0 46
1 102
16 64
13 111
21 51
20 21
27 134
63 124
75 137
55 134
43 56
4 74
61 126
13 42
15 116
95 130
14 64
52 136
30 49
45 58
58 71
3 64
41 132
63 122
60 107
44 111
56 73
107 131
17 64
45 69
16 131
98 118
85 123
12 116
76 94
113 127
9 28
29 123
36 133
6 119
61 98
41 113
34 91
17 85
72 113
9 93
8 42
49 89
13 117
58 96
48 50
4 26
77 101
22 25
45 108
31 34
36 80
57 107
67 74
