139
12
1534
60
364 2
123 2
432 2
606 4
155 2
463 3
590 3
118 1
104 4
613 2
87 1
599 1
237 4
179 1
130 2
410 1
202 3
507 4
186 5
448 3
141 2
291 1
412 3
271 5
525 2
126 1
46 5
114 1
233 3
561 4
353 4
480 1
349 1
131 2
278 1
219 2
548 5
574 1
363 2
456 4
590 4
32 2
270 4
606 2
253 5
420 2
330 2
532 5
261 4
131 4
474 3
236 5
345 2
165 2
261 4
47 2
601 2
332 5
213 3
385 1
262 4
150 2
59 3
463 1
466 2
556 3
463 4
131 2
134 5
612 3
360 2
282 4
200 1
502 1
417 3
435 4
534 3
56 2
340 1
221 3
388 5
590 3
111 4
452 2
525 1
613 5
388 4
565 1
156 1
142 3
147 4
355 2
217 5
212 3
163 3
393 2
34 2
586 4
307 5
78 4
115 2
522 4
537 1
234 4
281 4
548 3
585 5
113 5
482 1
570 2
593 5
515 3
68 3
488 4
199 3
586 3
496 5
586 1
58 4
545 4
303 2
128 1
466 2
578 3
91 4
573 3
322 2
417 3
468 2
48 4
509 4
509 1
96 5
383 5
492 3
111 3
135 5
494 2
475 3
99 103
20 129
20 123
69 78
108 137
51 67
48 62
13 132
0 126
32 117
20 56
67 91
73 129
47 51
6 13
111 122
61 136
128 136
81 115
41 116
24 99
29 76
4 26
112 129
4 131
45 61
17 112
49 135
77 89
2 62
63 114
47 53
23 114
62 130
8 113
21 101
45 49
10 25
81 89
0 2
90 112
4 62
2 64
97 104
5 74
16 58
9 86
5 45
96 120
85 118
99 108
74 113
122 133
4 127
75 92
7 59
27 33
24 95
40 46
53 81
6 97
26 49
8 15
35 41
68 106
1 41
76 79
129 133
22 71
6 128
22 131
92 118
70 85
19 117
22 76
43 59
56 94
40 42
57 88
72 135
10 52
29 122
8 53
79 100
19 114
8 34
73 122
125 134
55 75
1 134
42 75
79 87
63 128
12 36
38 115
72 134
34 92
83 136
14 52
88 97
58 95
103 108
40 124
38 101
40 125
55 92
53 121
112 114
43 69
22 74
47 96
33 120
36 105
14 138
65 89
64 67
98 111
43 117
61 107
42 134
49 85
77 116
52 106
88 104
17 119
99 113
62 81
8 61
16 41
116 127
126 128
9 110
51 62
20 116
60 113
17 138
25 92
24 105
116 134
42 121
69 109
23 131
64 99
45 82
3 114
30 57
19 38
79 81
81 92
73 131
75 86
69 92
68 111
111 127
104 125
120 125
45 62
8 126
53 138
29 65
97 105
4 111
19 69
7 35
10 17
114 126
86 113
9 71
36 99
45 138
36 109
65 100
44 91
24 82
103 126
31 132
47 99
83 101
7 135
61 95
12 94
58 108
51 77
69 105
35 69
30 129
50 80
5 42
42 78
80 131
59 91
97 134
24 36
19 107
31 33
11 34
16 86
62 76
19 130
21 130
10 46
94 106
12 74
12 43
46 98
19 84
6 134
37 53
94 128
49 128
70 116
4 15
3 86
53 64
9 43
44 126
33 49
26 116
49 79
54 86
59 83
13 20
15 110
37 48
8 67
65 95
30 109
31 101
76 97
14 89
82 119
0 13
19 126
81 112
129 136
62 104
17 92
45 50
34 46
52 55
21 108
68 118
76 95
99 111
52 82
74 118
82 132
88 137
80 82
38 71
9 13
77 118
83 109
42 95
89 125
30 119
22 103
1 18
65 126
27 79
26 135
38 49
20 63
69 90
63 113
68 98
62 93
69 103
93 107
6 8
8 49
82 111
21 135
0 63
59 137
43 63
6 131
16 42
82 120
15 41
12 88
32 114
7 55
105 124
100 136
20 124
55 70
35 58
40 79
44 72
77 117
3 61
68 117
83 124
31 75
50 96
86 110
80 101
53 74
72 74
19 77
38 58
70 93
65 106
87 117
0 125
7 87
40 112
85 102
27 103
30 52
17 72
79 83
42 114
45 125
76 104
104 115
116 128
23 38
8 29
73 138
81 105
54 91
119 131
6 36
103 130
67 128
85 127
28 117
122 132
43 137
48 89
61 74
49 102
95 112
1 17
68 73
55 132
30 70
20 24
122 128
13 56
42 81
7 96
24 57
66 71
46 128
12 65
78 93
57 137
34 50
93 96
77 104
95 130
44 129
19 48
45 122
18 78
20 118
2 80
80 90
28 84
23 31
32 111
101 135
21 29
42 47
31 52
52 105
14 19
32 56
16 21
29 40
47 66
39 45
62 86
1 46
19 86
36 47
48 80
73 136
39 101
90 98
27 37
11 101
48 124
52 137
42 69
84 99
82 123
17 110
24 58
66 103
8 91
2 88
40 128
27 35
75 95
24 39
96 117
25 135
64 66
15 25
108 111
114 123
42 80
19 55
22 110
51 78
54 66
77 137
71 121
9 114
78 90
27 131
12 31
43 65
58 92
23 115
35 117
62 129
28 38
64 111
88 99
42 119
9 74
31 93
57 60
14 20
10 102
47 114
22 52
14 53
0 39
16 111
37 44
99 110
23 66
69 123
77 98
27 82
24 37
11 79
79 107
68 124
56 102
3 17
101 105
66 93
57 65
65 83
12 136
41 62
4 91
49 117
67 112
114 135
16 80
20 21
0 119
52 96
61 97
32 74
72 79
31 45
36 63
61 112
29 61
8 77
47 132
26 68
1 73
52 123
103 106
2 20
59 120
89 122
23 43
52 58
3 133
74 124
53 63
114 130
43 55
96 126
102 127
42 128
34 127
123 130
35 40
40 63
11 104
60 100
37 136
83 93
85 103
21 51
54 100
18 42
18 96
117 133
72 102
106 118
28 30
62 99
59 108
67 123
21 82
51 54
120 138
48 64
7 11
72 77
44 52
56 63
78 130
31 81
66 106
81 137
92 101
95 115
76 118
50 109
102 108
47 98
21 70
0 19
1 20
49 125
103 125
32 47
36 87
56 61
29 88
23 74
11 121
71 122
25 125
81 106
73 92
104 114
49 64
101 132
19 102
18 138
30 41
57 94
22 77
117 119
24 59
5 102
119 136
24 70
29 98
79 130
16 77
95 104
18 44
11 32
69 98
121 127
77 111
56 72
116 129
69 138
11 21
21 115
64 110
19 113
55 81
131 135
4 134
81 86
12 34
26 126
94 100
15 89
10 58
33 70
66 77
42 127
36 61
108 113
52 116
108 120
35 56
73 118
5 67
37 101
87 137
7 22
118 125
12 42
17 57
30 80
89 116
52 79
41 75
7 77
30 108
53 117
63 112
0 81
2 131
30 51
40 50
10 92
29 52
10 28
83 118
51 117
128 129
127 138
38 42
8 103
24 106
76 77
83 119
57 104
110 135
44 63
46 117
41 115
46 91
1 121
11 43
31 68
24 128
42 101
14 41
99 121
78 115
35 95
61 66
63 102
43 130
87 106
27 129
88 103
107 109
5 117
11 77
81 88
56 88
40 52
36 123
43 112
11 108
1 22
14 33
74 134
53 73
85 136
45 48
40 55
29 39
45 52
6 77
34 49
4 25
47 88
3 9
6 21
105 132
50 69
79 92
70 124
93 102
61 101
13 66
0 129
76 91
59 76
41 137
40 88
15 28
3 136
5 111
10 116
5 19
103 118
0 128
55 88
98 127
2 95
35 39
20 40
0 53
30 35
36 53
7 105
4 12
84 127
34 128
64 83
79 132
13 23
111 114
114 125
89 102
97 122
34 114
24 42
70 89
67 86
1 47
20 75
16 94
6 78
29 34
31 57
23 86
2 49
51 55
53 65
5 22
63 86
59 63
105 112
97 101
17 117
38 95
7 132
51 128
46 94
92 128
36 134
83 122
25 27
52 100
57 123
17 33
52 125
46 63
14 57
51 60
63 72
33 128
2 106
17 24
12 103
28 54
19 49
125 131
3 30
59 92
40 89
16 104
63 106
71 89
35 78
0 121
7 95
5 23
25 128
18 113
85 126
52 110
38 92
44 76
5 135
7 118
91 121
25 37
49 78
45 114
125 136
62 66
17 58
61 120
43 44
43 57
0 70
19 33
84 116
99 122
25 62
11 80
94 111
25 116
25 79
81 136
11 74
94 101
17 80
44 120
3 15
49 71
58 106
13 70
15 73
37 81
70 125
7 13
51 81
23 68
51 64
0 14
70 106
6 25
9 52
6 44
58 88
80 132
75 98
70 120
52 111
29 70
13 78
88 96
21 117
14 116
59 114
23 65
52 61
24 56
74 76
13 95
39 83
19 106
75 99
31 56
31 131
13 24
1 32
2 123
28 42
112 131
97 110
46 78
19 31
85 131
120 121
88 114
98 112
87 136
77 135
59 134
56 114
3 88
34 89
47 109
24 25
34 35
3 119
19 36
0 106
53 105
7 63
43 46
24 46
30 68
15 123
54 75
3 72
29 44
52 94
33 125
5 56
125 126
9 104
21 41
26 133
18 51
68 79
9 138
30 71
25 74
5 124
3 78
35 109
47 82
21 53
13 91
29 73
8 60
6 104
73 97
27 45
73 82
113 115
7 83
26 43
50 117
35 64
49 138
36 131
32 49
43 81
2 48
71 83
55 137
9 102
7 31
39 131
22 93
11 30
13 21
4 13
32 86
71 74
39 67
95 131
41 60
82 106
72 76
105 118
107 127
19 121
25 120
89 124
64 137
25 95
71 137
58 73
67 136
69 110
45 74
54 72
89 99
8 117
76 127
67 78
58 69
26 115
36 90
40 104
0 133
72 113
124 128
53 113
76 109
119 126
21 69
5 126
18 24
19 87
28 135
31 119
12 73
47 62
25 126
5 118
75 130
16 55
96 130
25 77
84 117
81 99
17 66
57 134
52 138
5 103
7 17
22 100
84 98
31 39
26 94
49 95
55 90
61 128
10 51
82 96
20 130
30 84
13 34
3 135
24 117
49 110
117 131
2 120
36 71
15 33
59 75
104 132
37 119
53 102
11 56
58 70
1 62
63 94
3 21
55 123
114 122
70 136
63 81
19 35
78 82
99 116
18 125
10 54
35 102
20 71
35 82
100 105
45 111
91 126
45 93
2 78
63 83
41 119
40 101
47 120
85 106
107 138
21 91
14 62
68 122
133 138
86 100
95 117
52 76
37 123
21 48
38 131
19 45
88 119
13 71
58 68
0 134
28 43
74 127
39 124
40 97
0 80
57 136
42 86
123 138
97 132
106 117
40 94
16 131
58 133
43 111
23 122
79 112
7 50
68 92
36 69
101 103
28 68
24 89
1 66
51 112
89 92
4 99
9 45
4 92
61 69
6 22
31 67
61 122
53 85
18 76
92 134
9 31
54 81
43 77
85 86
45 87
22 79
2 130
1 19
32 40
68 96
98 122
38 112
20 29
42 130
12 121
67 115
46 58
101 137
37 58
49 129
14 112
24 52
32 134
57 73
68 86
27 80
3 58
13 52
14 86
30 88
62 96
36 111
40 131
18 34
29 35
68 137
45 101
13 101
31 114
57 59
15 53
12 26
31 77
92 107
20 105
19 105
48 49
54 134
19 137
3 6
67 131
86 111
17 120
27 90
125 135
27 134
45 66
12 104
13 93
9 28
72 123
2 34
39 107
104 121
50 132
37 65
19 122
58 74
78 95
38 77
0 22
89 111
65 99
69 111
5 6
18 80
7 25
32 116
101 111
9 99
28 108
25 68
66 125
4 38
23 94
37 97
26 129
48 96
95 102
16 116
2 17
68 114
40 111
90 116
26 97
5 125
64 95
24 27
127 135
24 131
63 88
7 137
85 90
52 53
44 94
79 103
23 51
19 22
50 137
93 137
16 57
11 53
34 68
59 127
17 30
55 95
26 78
59 130
56 65
113 134
63 74
37 74
63 98
11 69
80 113
78 81
18 73
69 70
23 101
12 119
9 134
29 92
106 122
104 110
14 121
104 128
10 96
49 84
11 44
13 19
25 28
20 43
98 109
0 135
70 72
81 138
21 126
63 107
0 76
59 72
58 107
6 53
23 83
17 54
19 75
47 85
90 106
45 72
50 111
133 136
62 123
30 126
50 115
3 7
111 124
36 50
63 78
13 138
22 59
45 88
8 93
10 59
65 104
110 136
23 97
7 128
23 85
71 126
10 33
119 132
54 88
73 104
24 115
14 75
54 60
16 75
55 126
6 49
41 77
25 55
7 65
54 99
88 131
110 120
65 88
11 94
33 67
89 106
85 133
34 56
82 94
9 30
81 124
0 115
70 86
53 127
68 74
114 120
2 45
127 131
9 109
17 43
13 135
129 135
19 119
4 49
0 37
78 121
123 135
91 120
6 40
103 104
6 57
1 75
96 110
61 110
46 115
18 46
65 86
84 100
18 55
41 128
68 93
42 65
55 102
50 79
52 119
126 133
8 112
86 105
98 121
92 97
66 85
32 75
12 97
13 120
78 129
27 99
45 67
48 56
20 97
58 105
92 108
80 106
15 106
62 135
5 96
41 73
46 120
123 134
0 74
16 119
10 26
54 83
43 110
82 117
109 113
32 65
20 67
9 12
30 77
87 89
43 58
95 116
100 120
46 137
80 134
46 49
4 39
29 90
17 25
124 132
55 63
84 92
29 50
20 55
81 110
111 113
5 64
29 33
44 78
71 99
82 122
40 106
42 96
28 109
40 73
25 26
38 48
7 113
36 133
54 119
32 135
5 81
24 71
128 137
41 129
67 81
122 126
88 109
49 50
70 109
86 124
8 120
62 112
8 109
54 138
20 61
124 125
51 89
33 118
13 64
19 115
1 135
59 85
17 48
15 18
6 73
33 123
57 97
67 110
71 124
44 88
14 29
33 111
83 128
18 134
94 131
25 107
49 109
39 69
75 119
69 94
28 50
29 36
97 126
48 130
127 130
51 107
28 39
19 89
36 62
36 45
32 84
1 124
4 41
38 114
7 37
96 114
29 87
93 117
47 65
64 116
46 82
12 115
18 56
83 90
116 135
35 76
9 50
19 116
21 25
16 34
95 133
22 23
96 111
15 76
58 76
99 109
45 79
70 83
22 50
55 138
36 43
68 83
12 59
13 80
49 115
5 83
57 78
0 36
79 114
81 85
6 112
30 36
62 120
3 60
71 97
76 87
93 100
35 81
4 47
111 128
59 81
27 42
38 83
10 81
131 134
42 55
117 122
78 124
91 98
57 132
102 118
5 75
84 109
59 68
28 90
59 99
28 66
22 40
7 79
20 26
77 106
24 55
22 32
106 137
48 59
37 59
75 78
12 14
67 106
63 66
11 130
4 82
58 75
15 117
33 55
87 119
73 78
45 112
28 77
50 74
40 72
47 136
76 98
76 89
30 64
10 34
39 81
17 68
23 91
33 40
75 107
40 87
44 50
12 96
11 91
98 102
30 128
13 35
75 123
14 81
118 126
15 112
89 121
23 82
90 109
39 136
29 42
29 53
16 82
44 137
79 131
16 87
101 133
73 75
93 101
3 117
