140
3
4475
60
60 2
55 2
60 2
62 4
63 2
59 3
58 3
62 1
60 4
57 2
55 1
59 1
61 4
55 1
54 2
62 1
62 3
63 4
54 5
52 3
57 2
63 1
56 3
59 5
61 2
58 1
62 5
62 1
53 3
53 4
53 4
60 1
61 1
55 2
54 1
55 2
60 5
58 1
59 2
60 4
54 4
60 2
58 4
58 2
61 5
52 2
58 2
56 5
61 4
63 4
62 3
60 5
57 2
53 2
57 4
59 2
57 2
52 5
61 3
61 1
62 4
58 2
63 3
55 1
58 2
60 3
63 4
59 2
58 5
56 3
52 2
62 4
52 1
54 1
53 3
63 4
58 3
52 2
60 1
57 3
60 5
54 3
55 4
56 2
61 1
61 5
60 4
61 1
56 1
54 3
59 4
55 2
61 5
60 3
55 3
61 2
62 2
62 4
59 5
58 4
59 2
58 4
53 1
58 4
53 4
52 3
57 5
61 5
62 1
62 2
57 5
59 3
56 3
60 4
59 3
58 3
56 5
54 1
54 4
61 4
59 2
52 1
58 2
62 3
55 4
53 3
54 2
53 3
56 2
52 4
53 4
57 1
56 5
55 5
52 3
63 3
55 5
58 2
55 3
52 5
18 53
60 134
48 90
92 134
30 110
52 104
56 114
10 68
16 90
74 105
20 31
80 110
111 117
36 70
10 119
107 122
30 102
119 136
79 138
23 139
6 18
1 118
42 97
99 120
44 99
41 53
9 127
64 118
75 118
36 136
90 109
10 76
23 84
123 129
25 128
44 87
14 124
9 139
79 112
6 9
30 63
4 53
14 15
47 64
53 80
16 37
20 48
18 45
96 128
51 103
96 119
17 36
116 121
3 136
73 131
0 13
11 66
40 88
39 94
75 107
8 136
25 129
94 111
107 115
67 92
19 72
9 84
120 123
38 79
8 62
22 104
90 110
68 139
38 41
64 104
38 111
128 139
5 122
31 35
0 120
10 49
30 103
18 75
77 129
19 90
66 99
21 29
32 34
49 78
26 110
41 119
76 125
62 124
90 97
71 114
124 136
44 126
82 96
14 125
57 103
21 56
100 103
25 109
81 108
24 45
54 110
53 55
108 109
17 71
16 64
46 130
9 103
6 102
31 60
64 81
95 126
62 137
5 121
60 111
1 80
48 113
51 128
69 138
86 106
67 83
60 92
68 78
2 96
4 83
67 127
36 77
74 131
62 105
20 91
27 54
88 104
98 131
32 71
111 134
68 95
46 57
4 68
77 98
0 72
25 67
53 112
18 134
12 130
4 50
83 127
73 125
118 133
57 132
24 91
101 138
42 65
8 113
9 50
61 138
28 139
94 126
17 69
1 31
51 91
73 100
52 58
84 121
11 79
24 102
0 131
1 60
7 111
24 51
5 7
100 121
69 70
21 138
2 22
8 16
111 135
10 71
30 83
15 22
69 104
61 82
30 92
13 80
9 81
79 83
9 120
36 83
23 120
59 117
26 67
22 38
6 51
21 45
32 106
92 100
1 85
2 67
11 67
50 53
28 98
7 54
29 84
23 32
36 107
2 88
31 113
3 78
7 93
2 122
9 121
44 71
83 99
32 113
48 107
34 102
88 106
9 79
15 90
83 139
20 21
20 131
64 87
118 121
4 134
20 116
80 139
2 8
7 18
41 110
17 101
38 120
21 22
3 63
65 128
2 126
54 115
67 106
26 101
14 139
12 108
51 104
95 119
15 26
10 107
78 108
32 95
13 92
31 91
46 134
46 49
87 124
37 130
1 23
12 47
60 106
26 102
2 115
41 124
24 85
16 87
8 97
67 84
76 136
93 94
11 45
83 117
68 112
98 105
9 128
19 68
108 124
37 106
16 21
11 83
70 112
12 71
32 132
58 69
53 71
98 102
100 136
52 70
54 88
34 118
92 110
76 85
50 75
7 121
89 102
82 84
40 84
16 62
87 123
55 129
89 126
0 88
4 23
8 73
113 116
49 80
52 138
27 67
40 61
7 104
6 127
27 62
20 104
17 46
15 21
87 127
74 138
44 82
111 128
22 126
85 90
122 136
79 128
45 134
81 100
33 100
63 66
100 125
68 123
133 139
35 70
12 97
10 25
10 84
22 115
99 127
93 95
9 96
42 117
55 64
19 118
50 115
35 75
41 125
2 125
74 137
64 135
53 126
18 29
76 121
57 67
8 93
5 52
20 30
93 113
30 77
104 122
4 69
0 107
45 132
20 93
78 116
10 83
28 49
15 71
98 138
53 60
41 91
24 131
56 88
29 126
31 124
65 92
118 127
16 17
46 100
4 135
5 104
43 133
19 137
47 110
62 130
11 25
35 119
30 54
44 60
48 65
30 128
92 102
55 61
41 94
81 85
47 127
65 93
4 97
9 116
40 77
3 46
72 92
11 103
2 39
46 65
62 136
49 112
28 112
74 81
109 137
13 46
13 14
50 102
71 137
76 105
18 101
10 105
8 95
3 127
126 129
7 61
32 64
11 46
61 127
40 117
27 114
41 132
14 131
42 66
32 43
17 134
102 127
26 75
87 129
47 56
44 68
20 53
4 42
81 118
11 95
96 121
65 114
68 109
66 69
27 48
65 112
5 10
47 93
67 112
57 118
55 116
56 122
98 108
56 77
64 75
14 97
80 114
73 110
49 55
66 102
32 122
110 120
86 137
130 135
51 118
88 90
32 35
22 136
15 36
36 52
29 32
28 135
25 36
47 74
6 42
31 97
0 2
53 88
100 101
58 126
77 87
32 96
51 80
56 76
52 83
16 88
12 26
26 129
17 98
94 106
99 126
34 84
34 100
116 133
30 131
11 129
59 106
110 133
17 52
83 114
21 25
30 78
9 102
12 72
24 136
112 127
8 71
46 83
61 97
77 82
28 60
50 78
2 135
47 94
114 138
52 60
23 97
43 92
59 62
114 115
6 43
52 82
80 101
34 59
12 113
104 118
63 73
74 107
65 68
55 69
8 35
49 106
49 63
20 26
70 117
65 100
34 85
90 113
28 74
26 119
70 104
51 100
72 124
2 18
101 105
109 118
9 118
19 78
16 126
29 113
31 44
22 50
112 113
49 126
38 109
35 109
114 118
103 137
78 98
2 112
32 118
92 133
7 73
21 68
21 131
115 120
55 86
71 90
39 119
5 114
63 104
15 17
23 78
3 33
47 122
27 63
19 139
32 126
76 96
59 76
10 87
20 130
10 64
65 67
20 85
33 54
54 120
90 115
104 131
34 116
20 113
117 124
37 53
42 102
13 70
112 139
19 93
17 102
41 136
51 110
40 121
41 58
4 19
22 109
62 108
4 54
16 28
29 123
7 75
39 98
8 137
46 101
89 106
81 135
13 88
101 132
119 128
36 82
53 96
89 108
48 130
11 68
94 95
106 138
5 37
46 60
43 107
45 127
10 82
19 125
121 124
24 97
42 48
61 120
3 110
77 85
7 123
7 102
62 98
43 76
85 111
70 73
21 74
50 103
10 19
38 94
59 89
35 123
39 100
14 111
43 58
36 110
19 107
102 129
52 93
21 52
16 54
26 115
35 55
77 126
4 44
105 122
93 134
10 17
46 122
88 128
23 28
17 133
49 95
103 107
66 115
61 132
60 105
25 54
35 45
95 113
41 85
63 71
20 135
5 9
35 37
37 104
3 28
2 33
100 113
21 58
54 106
96 99
48 118
13 56
19 134
69 130
29 107
27 132
71 111
38 103
22 48
14 89
18 122
78 100
51 99
32 136
109 139
17 24
48 58
23 126
69 73
94 133
66 76
2 123
30 111
3 22
111 127
47 75
33 66
32 128
47 136
103 123
57 88
62 82
50 109
82 103
69 117
94 122
93 124
21 26
51 64
67 101
55 111
90 120
14 76
81 139
51 122
1 6
62 69
32 46
45 99
32 125
66 81
19 112
62 68
65 90
17 80
128 134
91 133
35 81
94 107
117 139
62 93
21 102
23 107
62 102
67 132
5 130
35 107
1 46
15 125
124 138
54 89
61 109
51 132
63 75
43 116
51 105
111 119
6 126
24 119
34 70
14 138
16 121
28 72
19 132
57 125
44 104
39 75
47 119
62 73
82 130
19 131
96 133
8 28
53 130
92 97
25 47
112 134
60 90
47 50
91 134
44 65
81 136
55 87
35 78
30 81
68 116
3 51
85 128
69 109
39 104
32 42
50 88
73 124
8 27
0 62
33 62
19 35
5 27
41 122
79 98
31 99
22 124
26 108
58 71
86 98
31 67
41 44
84 106
79 89
4 15
24 25
59 87
13 77
53 74
20 25
39 52
65 104
29 110
14 71
55 93
99 119
38 105
48 64
87 99
76 108
8 61
9 80
84 87
38 63
86 116
86 88
76 103
83 87
5 81
55 128
34 46
29 139
21 120
33 122
82 83
18 132
49 96
52 125
55 135
42 88
23 130
55 119
10 28
42 62
53 95
15 52
51 116
33 83
15 37
19 36
59 105
36 128
6 130
39 101
24 33
7 124
8 130
55 99
77 110
61 76
36 97
46 116
21 27
15 133
114 137
0 28
57 112
72 75
12 102
22 45
11 130
45 96
108 135
50 54
34 124
97 98
41 70
2 79
5 95
18 137
43 45
36 132
43 49
5 111
19 96
22 66
0 81
67 97
8 132
46 59
69 125
16 42
35 121
5 96
7 59
70 124
45 66
60 88
4 67
8 67
2 59
30 136
120 126
38 89
57 83
66 124
16 138
5 86
15 94
8 124
87 98
116 132
65 139
57 79
26 82
99 139
62 107
45 72
29 33
48 59
52 133
117 123
74 82
113 133
42 131
123 134
37 100
26 31
15 84
31 37
46 96
129 131
14 94
90 139
74 104
126 132
94 110
11 98
83 97
41 50
15 81
69 84
23 71
21 114
19 91
90 107
34 115
80 130
90 135
54 108
7 83
16 75
98 111
20 105
63 87
52 78
5 72
16 118
72 118
131 137
112 125
41 130
20 24
2 58
101 123
37 71
11 40
28 110
119 121
62 90
114 117
3 119
12 33
80 138
12 21
26 91
0 138
10 59
110 137
96 127
11 62
35 58
82 107
38 73
12 46
45 55
123 130
89 121
30 129
2 68
41 67
30 35
48 105
52 120
10 73
104 117
38 42
67 110
76 107
3 8
23 125
51 98
63 117
83 91
38 82
13 130
72 110
47 106
43 44
17 74
3 39
73 103
48 74
1 4
11 73
8 114
54 59
63 82
117 119
102 136
0 139
13 97
58 60
100 128
38 51
2 89
78 80
18 22
10 135
98 106
28 33
130 131
0 82
50 136
51 90
6 61
29 40
19 115
60 73
48 86
20 65
55 118
87 89
67 93
67 85
90 126
53 101
48 122
25 65
44 125
33 58
24 106
8 76
31 108
67 82
13 112
1 12
3 41
0 90
14 137
1 116
4 55
99 100
26 138
49 67
5 133
32 93
27 124
67 72
3 77
39 115
51 115
18 103
16 82
27 94
67 87
20 41
69 106
31 137
28 109
44 139
13 83
0 23
100 132
13 55
11 136
1 129
3 31
17 123
1 87
44 98
41 49
13 22
36 124
3 121
56 130
84 119
63 127
109 116
68 100
118 122
55 65
13 75
35 139
57 78
8 39
26 60
75 134
86 87
45 56
45 80
19 98
20 42
76 123
37 129
71 92
87 110
54 62
74 93
2 30
6 29
86 129
49 86
5 85
98 114
102 125
65 115
54 65
105 134
4 115
37 49
26 96
47 128
16 95
113 120
0 114
67 102
20 61
24 123
52 100
19 135
20 125
27 31
21 31
62 84
36 92
68 83
11 32
33 118
43 134
16 25
4 110
62 85
100 102
68 74
91 126
106 129
4 80
14 136
99 113
58 117
34 99
58 136
0 109
62 70
8 21
62 94
106 111
1 117
76 109
17 28
76 118
59 83
14 91
19 101
68 86
2 134
108 120
100 139
36 39
31 120
101 119
12 127
29 138
31 105
8 13
103 131
95 124
85 88
57 123
59 123
23 87
0 115
58 78
57 115
43 123
12 20
63 133
35 111
86 101
15 122
63 97
49 137
35 105
61 121
32 58
32 97
50 52
29 116
134 137
107 124
61 118
63 111
22 32
92 94
35 103
111 115
65 129
55 98
10 16
35 135
105 116
31 107
53 58
35 101
113 139
14 56
47 71
0 127
77 86
0 40
119 137
40 123
30 93
24 137
53 119
39 83
63 138
36 127
96 118
123 136
95 117
1 70
84 89
56 62
44 122
16 108
83 125
42 85
53 61
66 132
43 82
70 71
23 114
54 118
61 100
120 132
38 112
39 99
120 125
38 131
82 87
77 91
9 92
89 115
1 52
45 90
99 138
14 133
93 135
58 77
46 58
39 92
22 67
82 114
127 136
21 70
30 75
41 109
49 105
22 24
19 56
11 65
49 103
118 132
95 136
65 75
20 64
7 130
16 52
77 99
8 139
23 49
47 86
20 36
57 116
92 108
109 128
78 132
61 133
36 48
40 119
27 73
40 58
9 23
116 137
42 81
54 99
53 103
47 73
80 137
105 119
3 7
12 135
49 76
35 96
42 100
3 66
93 99
97 127
21 44
79 100
118 129
0 36
16 125
21 78
34 51
117 127
82 106
21 28
39 48
31 104
103 115
28 107
43 118
29 98
61 131
40 55
34 110
23 89
4 130
8 18
31 83
28 58
9 30
53 139
18 108
23 43
93 110
45 52
41 77
9 24
44 83
53 125
124 134
69 93
68 105
15 47
15 34
29 120
4 90
17 126
63 103
38 127
0 3
9 123
4 75
9 39
55 136
15 41
10 55
3 87
33 81
56 109
66 100
70 106
43 128
79 111
33 69
124 126
82 88
68 130
92 117
35 116
5 57
76 112
27 60
40 116
5 40
7 109
91 122
48 71
88 136
119 120
20 55
51 97
19 84
22 46
32 45
0 84
4 6
5 34
0 106
29 51
93 139
91 106
88 126
73 136
43 89
26 65
51 121
124 135
104 121
69 80
19 92
20 117
66 125
64 88
14 110
37 56
15 56
29 61
18 91
91 102
68 137
63 123
55 70
32 39
97 100
37 78
22 53
49 53
3 130
82 115
14 41
30 106
80 92
14 80
14 50
45 114
6 36
31 62
129 136
36 114
67 99
12 98
66 86
29 64
107 128
64 130
21 51
16 50
120 139
72 111
88 134
47 131
89 93
69 122
67 121
58 74
77 107
28 55
11 89
31 49
7 69
15 73
105 126
13 133
30 119
92 136
30 104
103 120
36 113
73 117
9 48
66 96
61 139
12 51
126 130
57 85
4 58
52 114
12 35
61 63
26 76
30 76
39 120
12 45
110 131
74 132
9 112
25 37
16 70
28 82
2 84
28 56
19 71
61 62
2 117
43 90
59 101
23 66
87 103
10 128
78 111
33 70
68 128
15 92
65 95
87 120
40 42
68 103
88 105
86 123
28 127
93 112
27 49
19 69
53 102
42 50
98 136
77 78
90 138
62 71
67 139
25 118
29 125
34 36
21 110
0 41
88 120
27 117
28 80
66 120
55 133
11 125
10 63
42 127
25 102
76 124
6 97
83 104
59 65
55 109
34 58
27 81
130 134
116 138
79 134
12 104
14 117
8 116
84 101
44 50
34 68
0 25
21 107
65 84
38 97
11 77
66 89
57 117
3 76
2 62
32 114
5 6
49 136
44 129
36 57
80 91
8 109
29 34
35 84
15 20
35 63
34 132
62 95
46 62
68 118
39 105
74 127
90 137
64 83
44 137
74 128
45 81
33 35
25 69
29 44
10 139
90 104
42 51
7 91
31 78
33 50
33 103
30 43
85 127
41 128
4 87
17 129
110 121
72 98
24 57
68 108
38 88
7 31
41 45
12 64
3 105
98 135
31 121
40 131
61 90
13 18
45 47
91 124
59 103
39 85
41 47
33 90
8 82
32 33
0 63
68 135
21 121
106 136
97 139
68 92
24 54
134 139
9 45
24 30
52 121
41 133
61 116
110 125
93 125
86 136
14 79
27 58
5 116
7 135
59 71
74 108
74 96
8 106
39 42
119 138
2 29
1 104
53 84
28 88
37 51
68 104
110 116
77 105
28 130
27 83
109 120
23 42
30 49
74 112
32 104
11 123
2 43
16 91
34 137
39 53
89 95
10 98
59 84
10 124
32 117
40 70
60 108
4 14
92 130
60 97
5 135
106 110
0 24
46 86
40 71
11 118
17 88
33 107
73 130
100 117
89 92
57 80
98 117
21 97
70 125
61 105
83 111
38 47
82 124
102 124
106 137
75 103
96 123
45 126
79 88
21 24
15 135
117 136
44 97
8 122
12 16
72 108
14 44
24 99
72 77
4 20
20 44
53 116
0 73
21 105
21 55
103 111
45 103
95 102
74 75
7 76
78 81
65 110
24 89
21 104
26 28
69 113
18 129
51 93
34 88
52 75
10 134
29 134
39 110
18 124
85 132
15 139
10 39
20 97
15 78
2 36
65 124
13 107
21 63
18 112
24 129
85 98
47 77
57 94
86 110
26 98
7 80
0 12
97 134
28 116
69 72
7 133
72 128
105 135
24 35
6 46
18 128
63 109
64 129
53 62
96 134
18 36
54 122
64 92
0 59
32 48
74 125
18 61
46 61
4 113
9 54
95 108
80 116
81 102
54 64
63 114
12 54
3 91
14 100
100 123
48 60
16 69
5 29
27 32
70 126
18 59
59 74
77 95
27 104
22 57
30 73
68 121
53 86
48 100
96 113
43 57
86 134
95 137
119 132
46 70
60 93
30 125
52 68
2 131
43 60
107 112
33 46
36 134
97 113
33 51
86 104
78 104
3 124
9 72
47 79
110 118
21 33
86 105
52 59
82 100
16 130
107 118
13 82
49 97
91 117
106 122
19 86
22 90
10 93
4 137
42 61
40 41
10 38
45 129
64 96
67 86
24 126
81 113
17 111
90 134
85 112
18 20
54 135
70 114
17 125
102 119
51 107
37 57
15 104
87 93
10 136
74 109
40 67
2 25
56 59
5 20
70 78
27 30
24 68
73 120
46 72
1 33
76 83
50 101
28 41
114 136
56 75
48 77
70 96
66 108
8 112
57 102
65 98
18 120
54 131
28 30
46 120
17 57
54 77
51 72
130 138
46 71
2 50
95 116
52 112
39 82
24 139
53 138
56 90
21 92
65 135
1 35
71 126
36 62
35 132
48 84
34 92
3 48
8 64
6 121
89 97
10 43
56 125
54 137
20 46
14 129
84 126
11 139
70 101
16 31
80 134
41 102
88 108
1 15
15 19
48 87
67 115
38 54
23 34
102 113
79 116
83 105
52 81
31 115
83 116
34 75
10 36
27 109
7 98
8 68
27 115
26 47
46 119
35 85
14 123
56 117
4 25
76 135
26 46
47 82
20 87
18 81
23 75
7 99
18 56
90 128
2 69
84 94
20 124
88 118
16 57
75 98
71 109
39 135
121 131
100 104
25 135
15 129
2 41
58 111
64 70
32 98
64 84
44 76
27 102
82 134
51 84
8 32
1 25
62 111
87 114
94 128
54 73
100 114
70 105
105 132
10 78
75 120
71 127
97 107
125 137
35 136
0 27
36 126
16 33
58 89
44 135
102 131
64 100
36 79
100 122
15 75
18 97
44 116
7 16
87 108
21 82
12 65
79 130
22 69
30 41
7 11
87 112
91 136
84 105
76 88
25 26
16 98
34 66
50 76
12 92
0 137
73 115
101 120
98 122
13 69
104 106
58 94
44 94
5 105
42 112
77 111
14 78
51 82
37 70
9 42
49 68
102 114
0 45
62 103
3 20
78 95
19 80
132 135
83 84
33 131
88 93
2 38
53 117
84 133
13 109
95 129
28 62
11 81
66 128
126 133
26 118
53 57
69 100
16 56
28 34
7 90
111 112
33 63
34 93
18 42
18 83
70 91
112 120
28 86
48 125
3 64
74 90
42 134
78 106
1 32
30 96
43 78
33 45
0 118
55 92
22 101
5 79
2 48
5 55
18 33
16 36
70 128
2 93
28 108
43 109
6 88
107 117
47 118
20 100
40 108
87 128
49 57
69 78
90 114
127 139
104 135
122 139
34 120
57 61
0 57
62 79
94 125
39 117
57 95
95 134
55 56
33 129
54 93
45 112
92 95
3 103
3 43
54 107
78 126
74 134
16 101
29 65
54 81
23 26
26 50
86 118
17 136
76 100
4 105
20 39
1 44
41 98
26 72
105 107
27 122
2 57
86 122
72 139
4 132
94 109
12 60
81 89
45 75
58 134
68 85
28 47
51 71
7 127
3 84
11 99
98 116
43 63
29 102
75 106
65 101
53 100
52 87
46 107
66 137
74 119
47 80
23 70
48 110
23 33
5 115
51 92
17 34
27 82
45 138
110 126
30 38
38 126
95 115
73 94
61 86
80 112
29 128
25 127
34 97
89 133
19 130
59 66
81 114
94 124
42 128
14 59
36 85
10 72
10 69
8 63
6 49
85 91
73 80
24 118
37 121
36 42
22 108
51 111
74 123
34 133
23 74
65 76
15 67
36 66
13 33
61 93
94 103
73 77
59 138
52 56
5 139
15 87
36 74
17 116
76 127
21 46
90 91
72 112
76 80
51 124
12 49
43 54
26 125
62 112
27 119
4 128
77 124
44 56
35 106
15 51
120 138
34 71
95 120
21 50
97 130
10 123
14 45
45 57
22 102
119 122
24 86
37 79
32 121
46 123
60 137
74 130
1 61
80 96
15 70
56 100
36 56
0 64
60 64
23 118
31 56
8 12
49 115
79 106
90 111
33 37
41 123
71 94
37 97
12 88
44 133
68 94
103 108
1 113
24 114
5 8
22 116
2 16
14 36
46 135
35 52
2 105
45 110
109 135
17 38
19 126
28 138
94 120
47 117
48 94
28 46
122 130
28 77
108 127
30 84
7 71
12 39
101 106
47 52
53 87
25 125
4 61
21 88
4 85
52 123
12 81
71 134
30 95
12 106
17 35
33 117
7 103
68 90
2 71
72 80
39 81
22 130
3 30
45 115
7 87
31 88
17 40
95 100
54 111
73 134
57 133
87 97
91 132
34 125
41 76
18 110
0 92
6 137
126 138
123 138
44 121
8 40
68 133
26 52
38 110
16 35
52 96
2 17
20 37
61 70
15 32
36 49
40 104
101 112
133 135
36 53
1 92
12 73
89 139
114 120
0 87
101 113
13 32
28 97
2 19
65 80
30 137
85 138
83 120
15 138
46 127
114 119
31 34
71 78
44 55
83 122
17 103
92 135
39 73
12 61
33 43
45 122
49 127
117 134
1 13
33 75
75 86
22 73
63 69
54 123
31 125
54 61
1 120
32 91
55 75
1 30
48 131
13 86
36 44
48 124
48 128
81 99
2 52
32 74
38 132
6 54
3 129
112 117
119 125
11 121
11 17
31 53
18 38
14 21
48 114
34 40
1 27
8 80
20 96
103 136
88 100
75 93
105 114
112 132
9 73
4 89
72 126
67 137
14 128
42 49
6 47
5 38
98 99
61 65
5 17
81 88
50 55
8 9
30 80
81 122
42 98
38 133
83 93
30 87
51 54
16 110
72 129
78 83
38 129
89 94
97 99
64 121
115 121
37 111
53 82
55 95
29 136
80 102
68 117
6 78
67 126
33 40
91 116
12 87
96 100
18 37
89 131
46 129
45 111
7 28
17 68
16 66
119 131
52 132
85 117
11 69
67 96
22 25
0 7
51 81
86 130
34 74
90 125
19 59
39 102
37 55
21 103
76 90
93 102
89 132
41 89
33 42
125 132
91 92
70 139
121 123
71 108
127 131
110 122
35 87
9 117
3 11
12 115
89 98
41 54
30 97
49 113
58 85
95 118
30 121
16 68
25 113
33 96
118 123
54 112
26 42
31 96
70 113
48 76
71 130
41 52
58 139
9 43
83 132
18 79
64 72
41 135
91 112
109 138
88 99
53 137
83 137
9 34
12 40
45 73
43 65
56 139
75 102
55 124
71 104
65 122
47 54
30 98
8 98
57 82
45 106
60 104
49 81
54 84
95 112
71 129
49 88
27 72
51 112
3 134
99 123
48 109
31 74
27 65
17 87
12 53
10 66
2 31
7 101
7 48
4 16
6 17
30 62
52 74
10 75
40 56
56 61
28 85
80 104
19 48
57 58
4 120
57 87
44 49
13 79
56 136
75 80
39 138
85 134
1 72
19 127
8 60
74 126
73 126
59 77
91 104
26 80
31 79
37 48
81 134
51 87
17 106
89 127
12 136
0 75
38 95
111 133
30 112
8 110
99 115
48 62
22 91
62 127
9 32
23 67
67 100
50 128
3 18
94 105
22 61
106 126
85 95
84 108
24 29
1 40
114 139
50 69
110 113
109 113
41 65
108 117
37 139
46 108
27 43
50 138
133 134
9 59
122 123
6 26
0 116
40 113
30 127
49 102
93 126
3 82
116 135
96 109
45 53
62 116
72 73
38 71
10 41
102 104
102 105
33 44
21 118
27 80
41 121
25 68
20 66
46 136
38 78
40 135
26 70
16 99
26 78
11 120
25 124
15 134
26 121
62 121
20 71
39 77
23 39
48 96
46 99
76 115
6 116
45 100
44 78
50 129
26 103
52 136
28 79
81 93
96 103
65 96
50 117
79 105
71 99
63 137
35 67
35 97
14 70
37 86
43 115
119 123
81 124
124 139
71 123
92 129
93 116
31 43
37 42
35 129
27 99
16 49
55 138
31 118
89 124
72 133
12 99
29 71
46 114
20 52
84 136
23 69
40 136
20 63
78 88
32 40
25 115
62 131
24 47
9 132
80 126
65 118
47 115
5 91
18 60
62 100
44 112
25 116
32 120
6 99
81 115
21 130
66 77
3 112
29 131
69 108
36 41
75 119
122 137
5 73
23 135
84 124
1 62
65 89
11 54
15 60
83 124
47 121
1 39
68 115
31 122
77 128
9 22
31 100
0 70
53 54
23 105
26 27
25 121
26 109
31 84
87 126
97 109
11 37
101 103
2 74
58 103
5 125
80 87
67 130
105 124
25 43
66 80
9 90
115 118
12 128
76 116
51 133
39 46
49 120
5 94
18 23
111 139
44 57
1 134
107 129
20 115
24 31
7 117
80 100
1 26
46 92
103 122
76 95
43 51
19 105
45 88
41 107
75 91
14 90
27 101
23 123
65 134
81 132
65 82
40 69
11 53
23 51
9 129
16 74
43 93
32 138
45 64
13 23
94 112
17 108
55 110
11 116
55 107
98 119
92 120
87 134
77 103
16 40
35 91
75 114
130 139
34 57
82 125
72 95
9 134
46 109
8 117
18 26
29 80
1 79
70 111
8 126
98 115
15 120
59 93
53 131
33 34
21 133
88 116
70 136
11 102
74 102
15 109
15 128
91 93
126 131
46 91
48 89
23 116
46 110
40 59
115 132
13 125
96 114
42 57
108 136
56 80
11 55
34 80
33 130
105 139
68 138
27 34
78 137
49 134
51 58
45 139
35 64
43 46
70 85
3 17
21 61
34 43
68 93
33 124
122 129
13 84
44 132
51 66
16 39
44 103
6 118
0 113
4 76
43 114
9 138
47 139
39 57
70 115
32 124
72 74
63 91
26 48
68 124
85 108
18 123
19 110
39 137
71 124
32 70
53 110
23 47
23 27
106 133
9 18
47 102
87 125
15 97
22 31
91 119
39 69
8 74
1 139
17 48
121 139
3 5
89 100
53 136
22 118
39 79
4 18
35 118
85 106
100 126
15 68
43 91
29 56
57 98
19 119
44 80
10 48
53 106
29 76
19 43
65 108
61 112
46 113
69 101
111 124
11 128
83 98
11 101
76 113
36 90
53 135
77 109
35 137
12 70
27 97
48 108
9 20
0 66
74 110
20 38
36 99
59 124
80 129
6 14
17 54
90 102
13 98
93 138
137 139
40 68
12 120
24 80
59 69
65 91
48 133
78 85
98 137
34 72
61 78
62 134
34 76
50 108
132 133
3 106
58 107
55 96
17 84
29 114
24 52
19 95
3 6
17 20
9 106
6 111
55 94
98 109
79 110
100 138
41 64
39 134
78 123
40 105
20 56
36 64
82 120
7 56
105 129
51 119
32 49
88 115
50 87
27 139
86 128
27 98
31 48
65 117
89 110
87 139
72 84
12 19
17 90
2 73
18 25
75 94
11 57
48 126
20 90
35 92
58 91
48 103
102 103
54 129
39 96
7 41
71 116
29 45
2 110
6 114
65 132
106 123
18 113
24 64
72 96
17 100
39 64
69 105
35 60
53 122
48 134
43 86
57 100
33 98
55 101
4 112
50 96
13 93
23 48
45 48
76 86
108 115
14 130
33 116
64 71
61 83
8 75
58 121
43 125
26 30
18 52
80 118
23 122
19 61
12 18
58 116
37 66
65 113
39 68
104 129
59 95
81 95
17 78
45 120
18 76
17 113
8 78
105 118
40 47
10 21
21 77
86 132
15 38
0 18
29 111
24 46
56 129
28 37
29 35
82 129
56 137
16 80
75 83
73 132
15 107
102 111
13 118
36 96
15 45
27 85
30 46
49 52
11 106
45 95
63 125
8 53
23 80
61 98
2 120
44 53
92 126
16 79
136 137
28 68
9 14
26 61
106 117
1 125
27 89
40 139
24 53
13 114
59 67
34 106
18 39
7 22
57 63
1 65
77 120
56 104
49 119
56 74
17 119
39 114
108 113
4 36
1 74
60 70
75 111
5 119
119 127
1 8
6 81
76 117
65 94
106 107
12 15
16 72
47 51
48 56
37 38
11 43
56 78
22 132
12 66
121 137
4 101
45 101
40 91
75 96
41 97
2 27
91 111
11 16
105 136
71 89
6 38
34 134
58 101
112 121
57 136
11 133
101 137
39 97
22 133
76 130
22 40
22 110
78 97
80 123
1 47
6 125
50 70
4 13
52 76
49 79
18 72
107 125
39 84
30 50
89 134
9 35
25 90
41 96
67 75
131 136
110 138
82 128
31 52
78 109
30 66
75 82
36 84
28 59
49 62
41 74
90 132
26 51
98 127
0 55
3 61
23 63
21 71
67 71
43 113
100 115
34 55
96 111
63 115
77 108
110 139
63 108
56 102
53 89
51 125
104 119
20 95
24 79
42 132
0 4
39 128
32 123
41 61
5 16
25 61
54 75
5 35
12 58
99 108
101 130
80 107
53 113
26 104
37 126
18 41
36 93
22 43
11 115
59 61
48 69
56 123
77 139
10 40
96 125
104 111
51 63
8 135
3 53
6 37
64 138
69 118
27 74
3 56
47 96
34 38
64 122
19 51
110 115
96 102
123 132
80 97
28 128
28 29
68 99
29 69
35 66
11 119
103 109
104 126
45 94
14 114
58 93
83 86
98 121
80 105
21 122
0 54
115 137
35 95
2 55
43 138
17 58
81 120
67 69
42 122
17 23
33 73
11 21
34 91
30 60
51 102
60 112
82 137
10 46
11 41
16 86
73 114
63 121
62 81
2 101
78 107
53 133
57 101
14 40
85 119
69 137
61 126
28 84
99 103
11 108
58 127
80 83
3 90
36 117
108 133
9 88
64 86
2 12
79 125
16 67
14 29
40 51
13 126
21 106
20 122
1 83
13 100
6 62
17 21
86 103
73 101
87 131
40 60
60 76
60 69
63 135
59 99
15 102
16 131
51 106
6 27
96 132
76 128
40 137
41 72
95 121
5 45
20 22
75 78
15 58
22 125
108 110
9 65
0 34
5 108
24 87
13 15
73 119
23 29
67 103
61 74
0 123
59 120
33 119
13 104
5 93
66 67
3 99
8 131
95 135
18 31
74 133
46 126
46 93
42 67
44 101
132 136
96 122
48 80
35 46
3 72
9 67
65 107
11 56
89 122
47 113
54 105
29 89
28 131
2 60
80 128
11 22
63 132
30 86
43 70
14 105
104 109
49 82
18 98
42 121
8 52
19 39
11 75
92 106
58 61
50 71
131 138
18 116
14 95
49 107
34 108
85 89
51 78
53 121
17 64
32 92
68 81
37 115
86 111
71 97
50 92
45 119
67 111
77 122
8 56
63 65
0 105
41 68
24 103
9 109
49 133
61 71
91 115
6 95
23 124
0 132
11 104
115 133
69 128
52 92
25 133
9 58
22 86
61 103
60 91
66 91
82 101
45 49
14 27
34 122
6 110
76 91
10 101
113 124
50 60
35 48
24 36
48 91
55 106
85 87
29 47
115 128
97 137
36 105
87 116
35 73
22 78
112 122
72 116
3 12
37 82
10 118
111 122
59 90
43 73
111 125
57 72
136 139
17 62
10 111
36 109
15 46
64 110
50 93
14 108
65 116
92 101
100 110
30 89
28 137
66 79
113 138
118 137
31 132
22 37
70 118
25 99
3 118
76 99
12 24
7 106
9 76
22 128
103 133
9 78
52 110
74 88
8 23
61 95
32 63
12 126
41 111
70 97
80 99
64 74
35 53
108 118
93 96
106 125
48 117
35 122
10 92
30 53
106 131
67 135
49 109
5 80
81 91
50 123
42 43
26 113
32 61
60 71
22 74
11 126
4 124
21 93
103 134
40 129
20 111
26 41
5 42
38 116
16 115
23 46
120 124
47 49
15 18
32 90
92 115
8 29
53 78
109 136
14 74
2 81
34 111
27 138
77 130
23 82
3 24
26 35
29 43
80 136
87 107
59 111
45 98
24 104
13 74
29 94
44 73
25 92
8 115
25 75
28 51
79 99
35 117
30 59
2 108
7 78
98 100
19 81
14 33
53 105
3 95
126 128
4 9
28 119
19 34
119 139
84 122
32 129
105 128
24 133
13 115
58 122
20 79
71 74
75 125
75 87
50 59
37 43
60 131
48 112
62 109
79 120
23 30
39 95
69 89
19 21
20 81
15 130
46 52
57 90
67 118
74 79
22 94
32 110
42 105
58 76
9 98
28 94
32 57
22 131
37 40
50 122
34 49
35 134
79 97
14 65
31 102
110 117
17 67
61 67
72 138
102 117
38 81
62 123
18 46
11 63
11 127
61 122
102 106
23 54
15 89
28 70
24 58
7 43
68 106
8 81
31 61
7 13
117 120
73 86
3 34
42 89
35 50
48 132
29 115
77 116
27 29
37 69
53 93
99 137
37 83
25 110
37 127
75 90
36 40
15 63
64 117
38 124
94 113
17 104
8 19
49 98
135 136
40 90
25 138
17 60
5 110
63 74
6 59
8 20
4 33
117 135
22 122
124 125
40 120
34 105
70 134
60 102
59 94
98 104
27 129
72 97
1 68
37 107
47 100
45 97
101 127
12 107
83 135
71 118
14 42
34 82
8 49
67 113
63 76
31 90
3 13
21 23
74 129
89 116
18 86
93 100
44 67
118 125
25 53
25 62
111 132
40 128
1 96
28 43
79 118
111 114
8 79
46 53
52 55
41 78
103 119
28 122
40 97
94 102
46 47
15 39
48 92
64 115
82 111
44 54
69 95
2 133
65 73
37 124
108 121
65 136
128 135
40 103
19 104
64 113
72 91
27 46
42 139
56 95
63 139
27 121
85 92
49 93
98 120
57 128
110 134
79 139
70 88
107 135
64 127
97 123
80 93
78 114
14 26
93 109
47 68
13 58
72 115
75 137
71 101
16 124
75 117
51 127
37 108
35 124
115 131
50 131
20 84
40 94
16 136
39 108
15 16
30 79
17 107
120 130
7 38
28 89
77 131
4 34
46 102
97 108
19 25
7 116
50 114
126 127
30 116
16 73
6 69
3 57
37 60
12 69
67 129
22 99
45 113
71 105
22 71
72 125
89 130
99 106
62 97
30 101
1 41
38 134
31 40
61 124
13 72
103 114
30 115
13 39
66 112
43 80
89 114
33 52
60 96
120 121
63 134
11 97
29 106
63 70
20 32
30 45
81 119
136 138
45 123
10 27
26 114
82 99
16 53
11 100
20 94
30 44
50 68
28 31
79 92
95 131
79 135
15 61
68 82
2 109
40 115
50 58
77 133
34 114
8 133
22 93
6 128
88 131
113 122
25 64
5 70
77 135
26 133
28 83
90 118
9 130
97 104
47 135
58 99
102 138
29 133
67 77
19 33
66 114
6 87
21 43
73 105
98 130
49 108
8 94
20 40
21 75
98 128
12 139
51 68
119 124
60 122
37 58
4 40
60 118
45 78
1 105
15 119
104 107
59 68
64 76
48 119
41 55
38 125
57 75
87 122
46 89
21 32
16 104
15 116
31 59
79 86
11 84
80 103
65 138
62 114
37 80
2 9
66 88
3 15
53 81
71 138
57 120
17 41
59 80
78 90
20 62
0 52
53 132
101 136
101 114
29 112
83 90
45 117
88 96
41 86
39 121
80 132
1 135
57 138
102 110
16 116
3 9
4 126
45 87
78 122
62 120
100 107
3 92
36 38
7 37
63 130
5 54
4 99
112 116
77 93
54 86
48 54
4 106
29 87
34 112
28 91
46 95
41 73
60 139
56 84
49 132
41 137
20 50
104 120
35 80
1 128
76 126
32 130
34 63
16 97
4 111
105 106
15 105
37 59
50 112
61 106
0 80
92 125
79 132
60 75
74 122
118 130
28 81
82 90
7 10
55 134
26 63
39 89
90 124
47 67
26 122
21 101
3 52
50 116
65 71
8 129
78 110
77 134
25 107
111 120
50 120
25 70
17 137
37 128
89 96
65 78
56 115
43 52
98 134
31 76
2 66
50 94
55 71
40 45
34 65
23 62
124 127
31 51
21 48
83 121
113 117
2 129
7 132
27 116
16 135
9 126
27 51
59 125
52 118
49 66
6 68
51 60
64 90
118 120
4 59
82 85
12 48
73 102
127 138
131 132
14 109
29 52
15 42
24 34
57 81
41 60
5 131
10 35
3 14
30 94
108 122
29 99
97 131
5 92
42 108
43 94
53 90
46 55
59 82
7 79
57 71
121 129
41 69
37 122
22 52
24 74
38 98
64 137
35 112
70 84
24 39
76 82
58 104
53 107
27 76
49 139
14 62
10 51
7 32
8 118
7 14
63 92
15 29
63 83
27 106
72 78
116 134
13 120
6 66
43 120
16 44
7 86
19 70
21 30
40 110
21 127
25 83
39 109
41 51
60 107
71 79
109 112
91 138
80 108
64 109
58 59
35 54
13 111
125 138
21 137
4 91
14 37
67 120
39 126
26 94
46 97
82 118
42 75
89 99
13 102
52 97
95 125
88 109
74 117
74 101
24 96
52 79
50 98
33 97
98 101
26 112
69 97
105 123
86 124
91 113
12 123
85 114
47 57
15 65
96 130
6 21
0 33
8 105
22 51
46 85
37 99
88 89
4 41
99 131
42 45
7 29
17 65
98 123
0 103
21 69
1 78
13 19
114 134
56 118
30 68
26 29
123 124
36 98
17 56
78 79
49 74
26 57
23 58
64 114
45 67
73 79
72 102
91 109
53 66
12 131
74 77
60 98
6 113
64 112
65 137
31 111
78 127
67 81
82 139
3 111
96 106
71 98
114 132
107 131
76 110
2 32
24 113
34 73
65 102
37 74
26 107
91 114
41 105
22 107
20 86
16 83
6 56
112 126
89 104
108 137
23 112
37 85
48 53
1 106
38 96
59 126
14 127
82 109
117 122
99 118
57 70
32 52
25 40
119 135
52 67
55 131
101 125
69 116
26 81
4 57
49 110
87 133
69 96
42 44
38 99
25 95
129 133
65 97
93 122
102 134
48 116
73 78
116 122
64 133
86 121
27 126
84 112
37 73
10 90
38 104
48 85
55 137
31 110
99 107
82 136
30 61
8 22
0 6
3 37
77 84
24 134
42 104
64 80
51 134
103 129
18 21
92 132
25 120
83 108
24 37
0 61
24 117
25 58
99 134
0 50
82 102
25 117
24 78
52 77
41 57
56 67
75 129
56 68
99 111
100 119
84 102
85 115
91 101
47 69
52 117
7 67
59 119
1 58
6 82
12 62
2 121
11 13
0 48
65 85
41 138
2 37
27 130
8 43
40 87
9 52
28 54
79 129
92 113
30 114
10 65
19 116
9 122
101 102
107 133
97 138
126 137
50 127
23 60
63 107
92 93
44 119
96 124
78 128
5 59
58 106
6 86
111 116
34 138
8 100
117 130
82 89
12 31
5 12
0 128
19 29
29 86
62 106
60 61
59 70
79 115
11 135
25 86
24 115
52 109
48 136
65 105
7 19
22 56
21 64
47 85
107 127
33 39
16 92
16 109
92 99
45 133
44 81
17 94
35 82
28 90
112 119
45 137
70 109
84 109
11 31
26 137
14 34
24 110
54 98
67 116
80 106
50 64
127 133
21 57
71 121
54 74
88 107
42 115
96 104
27 128
73 93
38 136
64 89
19 122
125 133
99 130
43 85
44 79
1 73
6 48
97 122
14 69
1 88
8 125
70 76
7 70
92 114
87 104
4 86
50 65
1 90
13 113
55 66
83 130
60 109
52 66
91 103
112 128
111 137
77 94
13 123
1 9
73 106
9 44
37 95
47 104
2 77
19 117
21 125
18 27
8 120
47 95
15 28
1 102
0 58
90 121
11 20
84 85
11 29
4 118
71 84
11 112
0 19
20 102
40 130
52 63
30 108
5 50
27 68
62 115
75 133
42 77
12 116
6 122
78 96
13 108
73 92
63 120
7 97
0 20
11 78
23 25
43 98
14 120
27 88
27 134
83 102
75 110
32 108
85 94
116 131
