142
6
2602
60
119 2
122 2
123 2
131 4
120 2
104 3
125 3
121 1
97 4
124 2
134 1
114 1
94 4
118 1
133 2
97 1
93 3
130 4
103 5
99 3
126 2
118 1
97 3
98 5
110 2
97 1
111 5
117 1
100 3
108 4
92 4
95 1
106 1
94 2
129 1
98 2
93 5
129 1
92 2
129 4
93 4
107 2
105 4
91 2
128 5
129 2
111 2
135 5
136 4
124 4
113 3
99 5
132 2
130 2
100 4
106 2
130 2
133 5
94 3
116 1
105 4
107 2
110 3
114 1
125 2
125 3
120 4
92 2
103 5
129 3
119 2
93 4
113 1
97 1
100 3
136 4
131 3
109 2
107 1
116 3
115 5
119 3
96 4
117 2
110 1
100 5
119 4
114 1
121 1
119 3
104 4
136 2
96 5
107 3
114 3
106 2
133 2
101 4
96 5
129 4
132 2
101 4
94 1
131 4
132 4
125 3
112 5
116 5
121 1
95 2
120 5
124 3
99 3
101 4
106 3
105 3
111 5
129 1
119 4
116 4
120 2
99 1
121 2
117 3
106 4
130 3
107 2
120 3
115 2
133 4
106 4
126 1
103 5
92 5
109 3
106 3
120 5
101 2
128 3
95 5
114 4
97 1
24 99
85 111
116 119
65 94
30 45
29 37
46 87
60 119
3 132
74 102
42 84
42 57
72 101
51 126
5 118
101 106
30 37
109 140
77 92
1 134
5 134
2 116
4 57
94 123
43 103
51 134
11 42
117 139
73 98
6 62
61 64
10 49
23 34
4 47
4 141
43 91
36 61
9 114
76 130
105 141
27 66
108 121
2 86
60 69
2 124
15 123
24 37
0 122
89 136
95 100
71 75
47 50
107 129
14 116
94 130
71 92
60 71
73 135
38 113
51 81
0 78
43 126
43 130
29 110
65 106
131 135
122 123
110 115
21 112
16 87
31 36
86 121
67 75
58 134
27 94
28 64
114 133
2 95
52 83
4 28
97 115
28 107
0 52
75 99
19 45
9 49
32 71
22 121
62 132
27 30
40 132
74 99
61 78
6 21
69 110
12 47
63 136
79 99
6 74
56 68
0 72
95 99
2 71
67 76
23 109
53 82
51 121
101 124
13 128
32 95
45 126
30 100
8 110
30 103
62 107
91 107
44 141
13 56
106 140
1 72
47 107
50 111
5 50
83 89
100 133
100 135
135 140
7 8
13 120
124 138
35 105
27 98
49 74
129 131
26 109
8 76
91 100
104 124
10 135
66 105
15 126
39 101
66 114
13 89
71 106
29 66
18 91
7 130
7 87
70 101
71 111
34 119
77 83
46 92
20 92
34 132
28 57
13 138
35 88
28 78
90 111
17 28
73 121
76 139
134 140
9 32
81 114
57 61
23 54
1 117
59 72
55 64
23 115
95 117
30 137
22 110
0 2
2 76
56 71
58 137
11 13
22 122
4 15
66 101
4 61
29 138
50 134
108 127
59 130
9 31
43 78
107 118
9 45
21 106
10 119
21 101
20 116
126 129
17 46
19 114
106 114
12 26
121 138
44 49
18 137
6 18
64 135
35 135
51 100
14 58
2 74
9 101
22 130
20 63
43 75
17 55
32 46
91 98
33 138
9 54
20 47
125 136
83 98
63 104
20 84
116 133
29 118
14 35
17 117
119 137
37 115
30 84
42 80
16 134
38 39
3 112
50 100
8 43
79 88
29 69
65 120
2 104
50 64
11 79
42 100
59 106
14 115
100 123
37 44
3 97
2 78
15 120
45 130
84 96
45 91
23 122
56 79
15 112
32 111
26 45
36 126
62 122
24 32
1 112
31 61
96 137
59 129
87 101
10 68
20 115
21 60
78 81
55 70
18 96
36 119
15 107
4 40
10 104
85 99
16 75
31 115
22 38
51 137
93 112
20 52
53 60
34 47
7 24
42 119
73 128
5 97
18 34
10 112
79 87
7 59
16 102
99 122
55 120
68 124
29 97
21 87
112 137
67 83
116 139
6 137
7 83
39 77
37 85
26 117
10 47
80 113
9 92
18 107
44 70
72 120
75 134
104 118
131 137
111 133
56 136
77 82
52 86
43 100
93 107
95 121
41 95
116 122
8 123
34 101
75 104
21 117
17 33
57 125
88 138
95 120
13 46
53 122
40 63
6 122
7 63
11 122
40 138
9 104
0 62
63 83
8 54
41 90
74 95
73 75
18 40
30 136
89 104
127 141
33 73
80 133
4 104
2 80
20 46
60 105
75 141
27 101
19 46
94 101
20 74
8 11
45 55
100 117
4 51
16 124
31 57
15 103
15 100
45 98
8 132
11 22
18 139
0 85
16 23
46 105
61 84
18 115
113 115
19 52
53 127
30 63
59 78
40 126
71 96
78 93
23 91
21 25
63 113
27 86
39 93
35 48
8 29
42 86
130 138
21 113
61 90
110 118
51 56
71 108
103 105
10 74
75 128
49 90
71 78
10 92
74 79
45 123
46 88
8 117
36 45
94 128
46 120
91 134
60 75
81 103
39 133
130 131
14 68
2 12
71 128
20 45
81 95
24 115
43 82
15 68
51 98
6 99
12 74
32 107
81 123
92 96
86 90
38 89
66 119
100 111
56 113
0 29
5 92
55 87
65 126
113 141
46 82
93 118
63 103
54 129
62 101
20 135
14 63
47 139
85 95
46 74
103 117
44 113
116 127
3 119
127 130
58 139
15 129
8 88
26 102
49 115
22 95
28 74
46 67
36 138
94 118
117 140
8 86
95 97
26 100
57 88
74 123
10 127
50 65
17 79
51 63
4 5
49 103
126 140
54 101
94 129
33 120
7 128
107 141
65 81
51 74
10 96
119 128
40 93
85 117
80 112
7 36
29 124
35 60
117 141
105 108
69 80
82 86
27 47
100 141
14 121
5 78
49 66
29 91
106 133
51 108
13 38
65 67
85 141
103 128
27 78
2 52
77 114
63 92
58 98
22 136
72 134
48 126
45 128
20 133
61 69
59 90
48 54
41 87
67 116
12 17
97 133
74 136
22 111
50 72
28 122
70 96
50 85
20 82
95 139
24 40
1 81
20 25
17 135
15 139
31 92
87 120
104 130
7 53
38 66
6 109
106 113
111 114
45 53
33 129
88 130
4 130
5 94
21 82
34 94
106 139
73 122
4 110
69 88
118 122
21 40
61 134
70 102
61 83
46 117
31 70
130 136
92 135
57 91
58 70
28 83
11 89
29 83
63 87
67 98
23 134
10 31
53 94
98 139
34 45
26 80
25 45
36 78
41 112
127 129
105 120
37 73
2 113
2 128
50 93
89 109
39 137
22 42
25 77
52 109
61 62
13 134
21 123
124 135
38 117
4 93
4 69
29 45
79 81
30 112
38 73
109 132
26 65
23 139
13 37
71 126
20 131
9 126
100 130
72 95
64 83
23 131
96 111
2 134
8 22
41 123
24 44
41 58
110 130
7 81
74 121
41 75
42 90
15 16
86 124
82 99
12 29
20 130
3 76
7 65
37 116
11 48
54 73
38 119
32 124
42 65
13 106
0 4
26 78
14 85
51 73
132 133
136 137
28 52
36 97
94 100
62 118
33 42
33 61
45 118
57 69
22 93
1 59
48 86
32 88
75 91
7 109
59 61
8 78
9 24
44 107
56 128
40 98
110 134
29 119
71 90
0 11
20 137
95 109
10 58
52 71
91 123
21 75
11 128
30 46
120 135
18 23
29 44
63 138
43 116
93 95
21 116
74 78
7 49
10 77
75 127
103 107
26 67
27 114
26 91
70 134
28 33
67 79
9 27
64 92
2 20
50 102
21 127
37 93
7 138
64 85
3 136
46 131
51 65
7 93
72 117
19 103
90 107
67 123
37 68
5 117
16 141
49 140
86 131
35 115
79 85
58 59
12 61
50 105
72 103
6 20
44 100
33 126
105 133
49 72
60 102
15 91
18 26
4 13
43 60
27 71
101 121
14 60
68 95
57 60
10 123
51 78
60 136
66 71
34 67
5 108
16 90
18 47
7 85
94 122
60 66
23 37
42 123
27 33
65 105
4 83
54 138
33 106
119 135
12 45
69 75
120 128
15 65
68 81
26 33
70 138
134 137
79 133
92 108
24 72
47 88
88 94
42 114
24 113
77 91
48 85
87 137
35 106
71 74
43 69
47 93
34 109
30 56
130 141
77 87
57 73
19 112
67 115
22 105
118 120
49 76
4 44
12 53
68 127
6 135
3 49
42 126
76 118
60 74
22 52
26 51
19 48
82 139
47 96
8 23
57 82
20 125
95 138
83 118
7 54
31 120
19 37
5 124
38 71
30 61
17 69
106 110
63 70
20 87
27 59
11 72
8 130
119 138
34 42
28 136
80 140
2 13
83 99
82 129
18 38
80 95
13 25
93 115
35 76
29 76
4 139
18 89
32 136
0 116
109 141
7 123
51 105
41 98
118 134
16 73
1 123
41 72
52 70
106 120
28 90
50 99
19 133
17 86
38 86
1 141
26 43
9 113
71 98
3 20
97 125
29 80
8 24
11 97
35 125
54 106
8 122
121 127
28 86
0 89
57 129
11 101
69 138
63 86
14 31
102 111
25 68
48 134
66 80
1 115
32 132
10 80
6 17
0 93
111 130
51 122
10 115
103 134
105 139
3 134
72 139
7 96
99 104
34 122
32 141
67 131
4 52
15 77
14 130
41 92
70 78
39 44
43 52
7 39
82 94
30 71
86 122
46 130
55 131
1 121
65 66
8 9
2 38
83 127
15 76
2 43
64 73
64 82
35 71
32 47
39 69
28 63
28 82
47 51
108 120
10 11
71 131
105 140
112 118
34 110
45 89
4 30
3 87
54 70
114 135
7 11
19 86
138 140
90 95
72 75
24 106
30 86
76 140
3 62
74 92
51 53
50 118
79 82
79 115
33 123
3 127
67 96
47 117
53 80
55 78
28 41
85 89
0 23
0 127
67 82
15 37
40 41
2 138
105 106
34 86
10 67
10 141
96 112
1 22
36 96
61 129
2 70
1 83
11 131
60 124
11 119
22 109
44 122
78 136
32 79
15 80
92 102
71 133
65 107
18 83
60 113
79 118
34 71
3 57
112 114
85 138
43 135
6 36
26 125
40 80
27 103
46 55
98 125
31 81
12 59
37 64
14 122
87 124
22 55
14 84
50 83
36 100
13 20
37 104
4 19
66 135
1 46
70 108
12 69
22 36
69 100
71 89
23 98
15 62
2 94
6 90
108 116
97 116
39 59
53 59
101 139
72 85
68 117
14 54
17 102
104 119
65 92
118 124
8 138
27 85
1 119
2 136
49 124
50 75
102 118
95 140
94 134
58 111
22 34
54 87
51 85
77 101
25 112
86 137
4 16
52 76
42 46
22 139
98 120
38 42
47 60
15 64
64 141
65 96
3 104
6 47
62 130
11 62
13 115
108 117
94 103
26 81
5 51
100 131
23 85
38 130
53 74
89 93
109 123
26 101
16 53
10 103
51 138
44 103
33 36
31 94
100 115
28 48
5 37
44 46
80 105
43 98
54 123
49 77
5 129
45 135
66 112
17 124
57 59
22 118
40 62
10 48
8 73
10 59
81 112
11 43
87 110
108 138
43 131
54 68
101 125
10 130
87 114
28 61
84 85
25 118
4 59
73 114
66 141
11 70
4 12
37 124
95 98
4 97
132 135
69 90
75 106
81 131
66 107
32 35
73 127
93 124
19 120
30 130
40 95
38 76
63 135
49 101
56 61
124 130
71 114
88 128
3 90
72 81
93 133
22 81
65 116
25 122
46 50
0 138
20 102
6 138
83 140
1 3
60 118
16 51
101 105
15 111
42 141
97 123
26 138
61 103
72 131
57 131
14 101
129 136
16 122
51 82
73 115
9 68
25 53
58 80
28 45
19 136
130 132
133 138
60 128
24 82
74 83
48 117
38 102
25 41
53 95
3 44
60 67
95 135
76 90
12 96
96 108
24 121
88 103
49 129
6 117
38 80
129 141
2 96
22 47
45 46
65 131
89 111
2 34
30 76
62 114
56 80
17 43
11 136
98 136
29 93
74 134
80 87
5 13
64 113
48 128
123 129
60 78
31 139
48 132
101 108
34 139
15 83
60 108
50 126
7 77
49 119
92 125
25 26
52 104
64 72
18 84
0 130
13 15
68 110
106 111
32 125
105 111
118 126
53 71
2 26
27 108
5 67
73 79
39 139
24 84
41 85
52 94
13 62
36 50
112 120
35 108
3 117
33 81
81 82
0 9
14 39
15 89
29 34
1 84
33 54
51 127
24 123
65 74
79 98
53 90
64 87
6 54
72 79
110 117
35 100
40 121
32 57
123 132
85 132
82 134
10 121
94 141
47 72
89 126
17 90
35 131
45 56
5 70
51 102
114 119
75 124
44 97
40 45
40 122
59 114
69 103
2 72
109 116
48 137
91 117
48 94
1 20
63 95
78 108
13 135
6 132
34 130
74 135
60 137
46 81
61 67
86 111
123 141
5 122
76 92
60 90
18 78
39 135
3 38
108 112
117 118
39 52
18 135
52 78
78 87
99 119
109 133
10 36
16 27
125 138
0 30
41 110
89 90
93 96
26 58
45 78
76 120
44 86
10 97
7 91
103 118
108 124
80 107
84 95
2 130
74 88
31 37
11 65
28 46
2 25
49 113
9 66
60 88
39 71
34 39
12 79
7 122
106 134
71 84
34 104
16 24
52 114
25 67
0 20
36 117
10 26
123 130
15 109
99 117
63 140
20 62
3 71
67 99
71 110
11 14
35 120
32 33
32 73
6 80
31 32
26 46
11 92
14 87
11 47
56 87
39 122
67 122
18 105
70 110
55 75
96 101
64 116
68 108
17 109
32 108
79 91
88 114
79 102
14 83
74 108
19 130
26 115
54 116
112 127
87 127
15 29
109 124
23 105
13 119
47 62
58 140
21 114
9 109
31 85
114 124
81 121
29 53
89 130
28 100
87 111
23 61
33 130
61 140
39 81
112 134
98 129
121 134
31 43
37 95
81 119
28 69
10 113
48 67
48 129
0 91
56 137
28 110
87 107
12 68
120 134
67 74
67 73
53 128
0 3
42 94
23 68
81 115
47 137
40 106
14 45
30 41
76 126
75 113
48 73
51 112
1 6
32 109
122 141
10 25
7 80
2 67
101 112
64 102
48 79
68 107
15 36
110 131
42 104
29 88
70 103
85 110
45 88
27 140
55 108
64 77
72 91
75 77
17 115
27 83
19 75
112 139
117 123
26 88
11 95
14 26
97 136
53 117
35 141
54 135
71 103
104 127
113 128
105 127
48 91
55 133
17 39
7 132
32 52
12 14
61 123
124 127
28 68
55 66
46 71
21 103
72 114
125 137
2 79
36 73
17 118
8 97
20 55
13 63
12 112
14 64
42 97
97 101
14 27
0 48
104 107
12 141
17 51
41 124
84 92
63 115
84 128
6 59
38 105
66 113
28 66
15 127
3 86
9 86
22 108
94 99
87 95
82 125
111 112
7 17
1 85
55 90
29 62
21 73
33 72
9 122
55 98
28 135
15 58
7 28
19 74
64 136
77 119
63 106
69 105
0 44
80 102
18 61
48 112
9 34
115 121
47 100
78 83
77 88
1 17
0 61
3 21
7 48
81 94
19 78
33 104
66 88
13 14
1 124
59 96
22 101
1 93
56 82
14 95
20 49
3 11
20 26
110 140
43 133
77 104
17 138
8 121
5 101
34 115
7 116
50 98
78 128
34 61
77 135
26 106
16 42
56 91
51 83
118 140
62 121
62 109
72 110
44 82
32 74
9 62
86 115
55 128
32 86
28 71
82 122
30 114
33 34
82 115
52 132
1 106
36 115
10 134
27 44
30 68
53 72
39 123
59 79
1 57
40 58
123 133
14 61
35 114
68 91
40 46
17 24
18 39
87 129
44 48
39 110
69 70
31 119
40 60
31 73
31 86
21 72
100 128
93 108
67 71
15 74
79 106
23 110
59 125
18 63
24 91
0 24
51 101
89 116
55 112
83 117
37 97
26 113
5 23
12 131
98 138
11 129
107 140
20 124
110 111
100 105
3 135
120 132
4 137
29 102
12 27
103 113
70 92
22 128
22 35
74 141
22 107
4 64
5 48
10 87
57 141
72 92
38 88
31 78
119 129
85 112
14 72
80 111
17 19
11 12
57 126
32 50
64 137
118 127
55 68
0 58
100 102
63 79
8 139
76 97
76 117
39 87
0 74
25 139
13 101
95 113
61 71
35 62
21 48
36 95
6 98
18 45
58 75
45 51
97 104
43 50
23 120
92 98
71 93
22 46
76 108
36 88
5 57
37 131
39 91
43 101
99 110
36 105
18 21
41 105
34 62
122 134
69 140
53 109
21 56
27 100
55 118
44 139
90 131
64 70
44 104
15 104
40 115
52 139
4 37
46 76
9 30
31 34
17 48
8 103
67 119
24 92
33 124
51 55
43 84
75 80
25 135
27 64
63 64
13 74
69 77
1 91
8 131
20 134
64 65
14 38
6 91
66 122
21 94
68 79
83 93
26 41
15 54
16 78
17 101
55 136
121 135
2 106
99 135
118 123
18 85
90 106
25 133
18 32
66 82
26 42
63 77
32 48
49 70
85 103
32 116
24 90
5 111
68 73
0 90
2 53
90 137
2 57
78 118
78 109
89 121
52 124
44 45
24 63
74 86
95 119
53 137
18 36
0 100
80 99
22 82
21 43
3 81
68 128
36 56
97 117
67 113
14 90
50 91
121 130
66 131
13 133
83 115
109 136
24 67
71 116
107 124
86 98
58 131
75 120
100 136
81 104
15 84
92 130
13 50
39 140
83 87
32 90
75 131
12 81
103 115
46 116
5 103
13 82
71 112
88 117
101 102
2 22
39 58
72 138
100 114
50 127
22 39
32 72
21 95
0 106
89 139
120 136
39 57
18 30
44 130
17 125
118 132
87 91
17 100
44 105
119 121
41 64
30 92
28 56
24 89
95 126
68 116
13 127
77 121
41 125
50 88
61 132
1 60
82 100
86 134
54 111
0 105
69 133
43 99
68 80
24 64
46 110
45 70
106 131
11 124
73 126
85 123
63 80
47 69
14 34
36 92
68 98
56 103
1 140
72 83
46 90
122 138
10 63
118 128
18 33
25 91
91 95
36 52
0 46
54 140
42 78
38 101
68 141
6 28
24 57
12 86
11 29
66 118
15 102
69 122
99 118
79 126
70 114
85 114
52 81
20 69
17 128
10 41
55 91
20 113
131 138
96 133
56 99
4 81
24 129
37 99
11 24
84 117
7 43
18 76
5 79
18 138
55 132
37 76
21 93
76 134
20 101
4 10
80 114
11 41
26 108
0 71
25 124
3 5
14 70
15 66
2 112
2 54
34 131
45 65
31 45
55 83
24 29
74 109
7 105
46 77
34 72
61 65
86 139
62 96
70 106
5 141
18 118
58 81
10 71
5 46
94 132
17 94
110 141
0 95
121 131
59 60
132 137
4 92
45 101
63 114
25 52
0 26
29 77
27 43
79 137
90 112
34 125
50 69
90 113
7 26
37 52
8 99
25 131
46 79
83 84
38 107
26 86
113 122
73 100
21 39
15 119
35 61
17 73
8 44
16 98
69 135
43 139
21 24
1 89
72 99
110 116
25 83
83 137
12 104
3 128
56 76
24 31
77 84
93 101
24 80
87 139
19 28
81 98
20 48
54 114
60 126
6 19
2 19
33 102
103 104
107 134
41 109
93 132
71 101
34 126
54 72
7 20
113 117
79 120
108 137
41 122
36 109
75 81
55 82
50 67
96 140
11 44
11 53
19 35
32 92
115 137
9 51
66 100
80 82
84 116
78 98
36 107
52 92
81 126
4 66
76 91
67 132
5 90
10 22
10 12
26 61
76 79
51 123
11 38
51 87
103 139
23 107
29 42
32 102
64 71
11 109
12 23
7 108
58 133
79 132
25 89
106 128
71 139
49 60
75 133
30 31
31 68
54 118
32 84
8 71
54 63
35 110
6 12
41 71
7 89
16 101
19 109
29 101
24 109
68 130
39 86
14 120
6 82
84 100
30 74
19 137
86 125
11 60
99 101
58 61
24 133
51 140
95 106
34 49
55 109
17 91
17 114
91 115
27 37
56 58
5 45
67 120
88 92
33 60
32 98
84 135
19 20
16 136
76 86
125 133
76 129
72 116
102 108
26 136
25 108
83 101
112 133
35 87
19 40
62 92
6 95
99 107
118 121
30 113
37 102
83 105
38 49
7 74
81 85
70 129
90 136
78 97
47 110
44 76
57 96
27 99
66 95
7 18
93 126
119 122
44 133
18 31
9 123
108 141
73 84
22 87
63 121
42 111
51 67
39 47
74 128
46 73
8 74
0 60
9 64
14 51
11 58
103 123
38 81
7 111
29 84
65 69
18 129
11 68
13 112
37 103
81 129
86 95
38 64
102 124
90 109
1 68
57 108
8 81
4 128
41 138
10 83
35 113
15 130
21 45
81 138
65 129
25 44
22 57
9 57
37 42
32 106
20 111
39 105
22 141
27 74
43 63
18 95
21 97
71 100
25 81
55 79
11 85
59 131
84 93
108 129
96 121
11 105
1 136
52 90
18 37
74 101
74 94
120 141
59 108
72 122
3 65
57 123
40 130
65 117
29 121
61 66
50 114
34 137
78 122
91 99
68 115
87 131
38 116
26 96
58 63
109 126
84 115
44 58
19 110
14 125
15 94
36 104
32 54
4 73
63 82
72 112
4 127
10 15
27 69
7 129
11 56
23 67
46 138
19 83
87 88
1 52
76 124
48 106
3 78
40 136
62 108
36 122
69 92
97 124
43 137
49 89
47 73
4 53
56 115
86 116
12 15
41 53
59 88
21 46
102 141
34 85
0 18
60 123
90 105
1 62
29 109
14 107
111 127
50 62
102 103
60 63
76 78
32 53
28 131
82 118
19 117
66 116
59 128
22 30
5 102
6 77
110 136
15 110
51 103
6 100
10 56
69 130
9 41
82 104
33 48
11 40
23 86
12 114
12 99
23 46
22 114
39 106
44 116
90 129
46 72
78 90
10 44
87 135
52 95
56 98
18 67
55 77
72 127
15 128
113 136
55 114
31 108
59 112
61 85
43 125
27 134
61 87
37 132
103 112
32 129
70 86
19 138
55 116
17 64
37 137
116 118
11 69
35 79
86 101
31 140
106 115
1 56
96 102
73 130
93 135
83 134
46 66
40 89
30 122
0 140
125 127
57 95
30 62
9 98
46 51
33 78
70 94
88 132
119 125
69 76
56 59
18 53
2 5
29 140
109 139
93 113
72 129
74 116
5 22
32 114
80 125
39 78
29 32
38 120
5 74
8 141
52 117
7 127
23 87
5 82
56 123
47 125
12 52
78 107
16 89
34 112
69 118
108 113
104 134
81 133
23 76
3 61
3 25
2 82
48 123
127 140
127 132
75 94
47 120
98 109
100 103
3 15
67 104
11 104
1 39
54 126
15 49
85 105
53 139
115 118
71 88
25 98
46 54
9 22
66 108
5 130
21 61
59 99
76 103
84 101
65 125
132 136
13 85
31 118
65 73
19 124
66 138
30 36
52 103
49 130
92 116
60 79
45 113
9 97
46 141
28 88
36 136
63 69
5 58
29 35
9 42
53 130
87 121
66 127
79 92
116 129
88 135
30 50
45 110
62 128
87 102
49 132
44 112
43 138
40 55
18 43
82 105
23 30
114 126
42 75
97 131
121 126
30 82
52 115
114 136
61 98
21 54
38 121
36 80
33 77
91 94
25 109
35 58
87 97
11 28
110 133
53 108
16 110
103 119
16 33
1 86
69 106
75 118
74 76
80 81
63 74
37 61
55 92
91 97
107 132
85 135
48 104
45 66
89 132
47 82
68 75
48 83
53 84
30 139
37 45
53 54
122 128
32 81
32 94
69 126
80 130
32 103
87 117
113 119
84 122
49 57
62 90
2 18
52 112
37 86
19 68
0 63
78 80
44 74
55 105
40 79
102 116
7 131
9 88
46 47
69 102
4 95
40 139
90 141
81 127
51 129
53 56
48 72
51 99
26 127
56 67
67 124
50 95
71 141
98 116
11 71
47 103
82 88
16 72
49 63
1 92
11 140
6 126
23 106
29 108
21 34
12 35
26 40
4 38
111 120
16 106
3 16
67 110
66 134
18 92
55 135
102 122
6 83
12 42
9 72
39 55
72 126
7 25
0 22
29 95
3 27
87 109
34 36
33 46
22 56
5 54
19 100
29 30
86 89
34 50
67 126
20 59
27 51
7 133
49 141
51 92
1 70
32 93
33 67
56 111
14 89
