144
5
8854
60
172 2
127 2
144 2
198 4
199 2
199 3
150 3
202 1
168 4
105 2
103 1
159 1
101 4
63 1
174 2
178 1
114 3
91 4
106 5
192 3
77 2
127 1
128 3
187 5
77 2
90 1
198 5
118 1
61 3
157 4
97 4
196 1
157 1
179 2
110 1
171 2
88 5
82 1
99 2
72 4
142 4
192 2
58 4
158 2
193 5
48 2
66 2
104 5
65 4
167 4
74 3
184 5
97 2
53 2
49 4
127 2
85 2
152 5
81 3
205 1
174 4
206 2
191 3
191 1
54 2
120 3
127 4
67 2
82 5
96 3
132 2
162 4
108 1
166 1
117 3
183 4
126 3
124 2
136 1
37 3
160 5
114 3
67 4
204 2
109 1
161 5
64 4
57 1
104 1
182 3
179 4
111 2
185 5
128 3
179 3
185 2
42 2
50 4
55 5
150 4
47 2
38 4
197 1
114 4
109 4
84 3
201 5
37 5
162 1
94 2
121 5
51 3
180 3
172 4
131 3
154 3
148 5
150 1
118 4
45 4
107 2
72 1
70 2
66 3
179 4
113 3
78 2
85 3
60 2
168 4
165 4
193 1
168 5
139 5
172 3
99 3
91 5
190 2
51 3
144 5
187 4
106 1
153 4
91 5
6 138
50 71
45 74
63 104
109 136
8 30
45 79
28 78
2 113
26 87
19 58
41 61
68 91
12 140
6 119
96 123
66 77
103 142
74 136
52 98
55 139
1 86
6 35
90 138
42 104
45 132
4 143
47 48
109 142
2 49
76 90
27 87
21 111
32 36
20 97
42 92
6 83
11 42
74 110
112 140
15 47
36 50
21 136
45 49
15 84
56 100
59 101
124 125
86 124
88 121
68 139
8 67
102 106
22 129
69 107
57 92
9 125
100 120
37 129
50 109
41 42
24 131
34 119
79 135
37 118
117 135
112 135
124 127
1 63
48 76
21 119
83 122
32 59
40 70
12 85
27 112
107 130
100 108
78 113
20 66
0 30
65 68
71 125
73 75
37 74
55 95
54 101
36 91
28 52
25 107
39 142
72 79
5 137
72 90
94 141
29 30
111 125
76 131
4 108
54 118
6 69
91 108
30 108
36 93
23 52
52 53
52 114
96 141
25 94
44 121
9 51
8 85
56 138
30 32
107 111
87 140
1 85
13 21
57 103
51 131
46 96
83 105
75 81
80 99
53 68
53 101
58 68
1 59
53 136
114 128
16 44
14 101
48 55
65 96
9 80
61 130
52 80
99 120
40 85
64 111
43 99
98 135
12 14
68 112
28 111
41 128
7 65
57 98
68 93
69 101
91 109
88 106
55 113
84 122
34 139
38 59
56 130
32 83
112 138
87 139
87 94
14 37
15 61
7 142
43 47
55 103
78 134
17 35
8 64
16 142
36 90
7 37
23 58
91 126
30 66
17 54
37 52
30 55
52 138
57 91
66 125
34 109
69 138
40 114
29 69
9 29
1 112
19 79
4 26
18 111
34 138
74 121
92 134
77 102
94 133
20 67
65 128
115 122
89 114
9 108
41 76
23 117
112 131
17 120
60 100
55 65
35 54
13 20
78 105
5 121
59 69
66 75
28 122
42 76
36 42
31 82
46 90
52 54
0 4
71 133
123 135
114 142
16 132
90 93
60 137
75 83
24 30
25 128
2 102
111 120
16 66
18 134
16 93
24 97
37 55
71 87
73 118
86 91
11 135
61 142
63 130
11 48
27 73
71 85
75 97
19 35
8 81
73 115
31 64
2 4
2 18
44 125
6 29
124 135
104 122
58 119
47 107
14 110
25 99
13 142
36 41
23 92
19 55
57 70
63 108
58 80
72 132
84 97
5 129
55 111
75 118
18 100
16 103
12 101
78 135
8 73
50 57
66 112
11 72
30 129
31 42
128 142
84 90
89 133
39 49
51 122
5 69
43 45
71 110
8 15
130 133
59 137
76 119
70 141
71 77
37 56
51 92
44 124
108 120
17 28
1 41
65 85
82 113
28 86
0 134
38 90
30 51
26 54
42 125
9 65
55 133
18 62
80 116
70 106
74 143
32 97
99 114
117 137
105 119
74 126
51 60
5 131
9 133
67 99
91 130
64 139
108 133
33 129
2 9
46 47
0 48
81 112
45 117
85 131
17 134
36 136
52 93
38 127
38 125
65 72
136 137
2 142
20 42
8 29
61 103
45 48
125 139
72 75
0 58
8 69
5 33
86 92
116 121
6 97
78 79
19 120
0 97
26 78
73 123
27 36
28 102
11 61
90 116
30 53
39 114
29 99
87 91
12 52
90 113
43 121
81 130
54 137
27 79
3 21
18 94
59 103
76 100
121 143
59 112
48 134
55 125
3 18
106 141
130 142
8 79
39 136
88 94
1 49
75 130
26 143
61 135
35 51
38 106
2 27
73 78
98 129
2 58
33 94
12 69
106 119
9 111
21 47
21 134
98 108
120 134
48 71
18 41
0 53
71 130
13 98
2 33
122 134
8 44
35 101
3 132
92 116
59 129
58 116
39 42
55 135
117 121
2 67
40 83
2 81
44 109
94 97
79 97
72 114
44 139
47 113
12 90
92 102
15 125
114 123
88 123
37 105
64 125
26 40
25 68
4 88
110 139
53 141
63 136
53 55
3 93
42 135
90 127
53 97
60 125
77 114
53 98
46 128
62 132
28 90
4 77
98 120
61 106
49 79
36 125
71 89
29 126
42 69
17 110
22 40
97 98
3 5
45 59
32 44
126 135
8 39
109 141
1 25
91 106
55 132
72 103
48 135
10 33
0 19
49 131
32 74
24 124
34 101
86 130
42 128
91 92
33 55
11 131
102 118
17 40
121 136
7 77
16 102
20 47
77 139
46 125
0 124
24 48
0 44
4 62
99 140
26 98
6 34
58 86
62 119
90 121
47 142
19 115
45 81
101 117
17 31
41 103
34 47
56 61
11 44
22 116
59 119
75 88
119 138
21 32
75 111
95 117
44 123
0 37
25 54
6 19
46 136
4 73
2 39
1 110
33 66
73 122
15 131
40 116
66 104
20 46
49 61
43 97
60 96
103 133
18 110
2 28
15 100
28 95
29 129
59 135
127 136
99 126
2 6
36 82
60 132
100 139
21 50
73 105
4 93
85 123
13 18
27 125
10 45
38 65
101 123
48 117
67 84
20 111
16 97
60 79
62 143
6 50
45 109
41 64
37 54
9 141
41 138
56 75
12 39
67 111
18 26
61 109
14 34
1 57
52 65
49 99
33 71
94 130
30 121
66 121
35 100
40 119
16 77
115 136
100 109
44 82
71 107
49 71
39 46
1 9
15 143
36 46
69 122
59 90
3 118
106 137
37 133
57 116
0 38
18 27
64 68
76 113
50 121
37 89
25 119
103 136
0 59
44 73
76 128
114 117
50 103
10 26
96 109
80 142
43 124
48 56
7 90
29 115
23 104
106 107
52 130
72 138
21 120
133 134
4 35
80 138
59 80
63 103
79 114
60 106
29 88
19 143
0 137
36 135
35 79
52 131
32 49
56 136
13 50
16 42
110 125
11 53
49 141
2 120
4 49
27 100
0 82
16 138
46 123
113 136
4 117
44 113
46 75
126 134
44 108
24 41
47 70
31 124
72 137
126 143
57 97
9 140
12 77
55 88
39 108
38 66
8 136
11 127
53 86
26 95
54 87
28 62
101 124
27 71
51 140
88 101
46 49
49 70
99 111
28 89
62 109
16 60
23 143
63 65
94 125
1 16
20 71
21 110
73 107
44 112
98 110
48 58
50 83
39 143
54 73
81 104
62 106
1 136
2 7
9 10
63 73
31 63
39 73
10 76
45 123
49 133
5 83
59 64
29 110
85 98
83 139
99 115
87 90
56 94
48 119
75 77
40 78
83 132
49 81
76 117
62 63
21 94
54 66
64 134
107 115
19 20
80 106
64 122
58 134
21 114
23 41
26 122
24 82
1 72
68 86
15 130
103 106
4 100
6 18
80 88
64 77
33 93
37 132
109 132
51 141
100 140
6 43
58 98
18 115
62 117
41 127
15 117
23 126
119 133
125 135
40 84
40 128
116 128
15 26
47 75
111 132
66 123
51 97
133 138
49 119
118 134
77 99
88 135
13 129
24 49
85 87
51 109
1 4
44 133
5 111
84 135
42 70
33 137
59 111
22 139
9 24
35 80
117 131
17 74
65 117
100 118
9 82
48 57
5 26
16 18
66 95
59 91
37 75
21 40
21 139
74 96
64 104
28 138
69 134
128 137
121 141
23 122
55 126
12 139
23 32
7 59
15 76
19 52
7 8
3 101
37 87
121 128
5 74
0 47
8 105
26 110
34 51
12 97
23 110
14 71
16 125
30 132
19 111
78 117
4 97
80 109
111 141
86 121
18 35
53 65
66 93
28 121
86 99
83 123
17 107
13 48
10 89
37 120
83 87
40 105
2 13
26 103
0 80
40 79
50 136
14 59
117 140
60 128
80 140
34 80
19 37
25 97
0 56
23 40
71 135
103 143
75 109
11 66
12 135
3 142
57 58
73 88
6 75
27 134
37 48
35 109
15 127
22 131
67 134
39 65
6 101
98 121
34 36
97 121
10 51
20 90
42 67
0 68
5 16
38 143
26 126
19 25
28 32
28 34
8 122
97 112
54 121
16 40
30 126
8 19
95 125
65 133
7 16
15 103
0 69
40 99
85 116
62 103
7 121
3 37
29 113
22 111
20 141
12 118
98 131
63 76
3 81
11 78
24 74
39 43
80 143
30 61
62 96
54 92
34 98
61 102
6 55
27 130
22 120
45 137
97 114
78 85
102 130
121 138
100 129
80 130
107 137
33 130
57 104
25 131
44 87
101 116
107 132
8 119
70 72
40 110
106 136
0 115
12 92
2 122
109 128
82 83
28 56
64 136
96 98
94 127
77 81
15 122
46 106
51 142
19 132
7 83
9 56
5 24
14 126
96 136
22 63
14 81
31 137
45 130
69 71
99 138
111 135
102 131
73 136
1 20
92 115
11 88
23 47
6 38
59 72
71 105
43 118
20 50
3 143
17 139
8 137
114 133
69 125
88 129
33 117
33 97
47 115
72 98
43 54
109 134
53 76
105 129
96 120
84 126
39 90
45 118
59 125
111 131
116 134
94 116
96 142
63 134
41 113
71 132
79 107
35 122
29 104
36 123
125 134
76 126
102 113
45 93
3 108
42 113
76 92
67 96
69 79
44 140
13 73
37 88
34 39
27 39
59 140
102 126
93 113
22 104
55 66
39 57
52 96
1 40
10 135
73 87
79 95
5 34
89 137
50 85
130 134
49 51
1 123
49 114
90 97
68 116
57 65
14 16
5 84
78 123
25 51
8 10
56 86
105 124
83 138
21 69
42 130
10 95
111 121
7 29
30 80
74 141
63 106
17 52
39 103
10 72
97 110
2 130
75 93
9 37
16 110
90 118
52 68
26 116
31 62
53 105
63 96
4 15
5 86
21 99
19 68
74 109
46 127
23 65
21 71
27 96
99 125
17 123
79 113
70 127
24 52
53 91
17 39
75 103
17 81
8 12
40 66
10 30
39 72
10 137
117 118
16 26
7 113
68 138
78 132
90 103
83 127
65 132
103 110
19 81
43 105
10 19
43 93
68 110
3 39
32 136
71 96
17 19
9 23
36 143
39 111
72 77
136 139
93 96
67 86
81 93
64 113
16 35
31 44
36 99
95 119
27 60
6 66
90 92
82 135
6 132
44 80
25 93
10 80
51 123
12 73
114 120
85 121
32 122
63 126
20 29
16 122
31 55
72 112
54 59
12 111
13 143
59 66
103 141
64 99
25 102
42 44
38 135
51 93
9 107
61 104
11 52
23 93
84 127
4 55
1 53
57 124
116 141
32 88
55 142
122 136
11 74
58 136
38 109
59 76
133 136
118 128
75 127
71 134
124 141
124 142
31 39
12 63
4 33
6 72
34 92
73 137
101 128
7 39
92 111
2 128
107 139
39 135
98 113
20 38
43 138
87 138
54 136
73 106
5 76
13 14
59 115
15 46
4 91
30 59
21 90
11 82
13 36
52 94
81 124
47 112
77 136
58 110
31 66
113 131
53 78
34 58
54 69
96 125
37 72
1 62
24 83
1 135
11 15
2 47
103 119
17 124
13 113
105 118
66 108
17 130
56 122
0 9
100 135
90 109
37 124
22 55
1 38
52 87
39 48
31 87
18 75
51 68
76 142
35 74
60 113
22 51
31 100
105 135
15 119
15 50
82 133
108 138
123 140
32 85
9 11
50 102
41 93
63 84
51 57
52 61
1 27
16 94
37 47
9 92
37 110
35 99
104 111
40 140
27 131
72 107
113 126
82 138
42 107
6 20
110 111
35 50
86 114
37 127
45 140
39 107
33 59
77 83
107 116
39 132
52 63
61 128
60 64
24 113
19 46
47 78
3 94
103 120
88 95
102 129
33 64
97 104
0 129
25 28
72 115
45 73
8 96
54 128
44 131
33 99
83 112
75 125
113 143
23 79
30 40
105 112
18 90
69 94
102 122
109 119
12 74
41 99
7 88
75 124
95 104
0 71
34 46
48 86
115 116
10 68
60 62
85 135
89 117
43 84
74 98
25 116
6 51
27 62
11 34
89 112
102 134
80 132
131 134
59 141
2 97
41 129
40 94
1 64
58 120
92 108
30 43
28 72
8 20
18 20
10 14
87 103
16 46
51 88
13 66
11 89
104 130
39 100
12 43
51 115
51 74
39 138
16 86
95 102
65 101
64 121
15 97
4 71
4 47
71 117
14 50
17 46
8 133
22 89
22 33
10 71
53 73
37 114
42 129
8 129
45 56
53 129
2 55
62 130
66 106
39 95
65 134
39 63
1 133
76 123
34 66
85 107
125 129
29 138
71 95
14 31
79 139
23 48
46 52
84 123
77 104
34 70
103 128
33 52
30 124
16 109
24 64
1 104
65 90
28 33
33 48
33 49
86 118
15 40
84 107
7 70
10 142
18 124
33 91
106 112
94 120
112 127
18 105
29 96
3 87
45 119
76 140
28 43
5 81
28 42
42 122
6 90
84 103
30 118
111 138
22 118
4 37
13 137
14 89
46 126
45 52
29 83
84 140
129 143
18 33
74 106
8 51
30 34
6 61
14 42
1 18
23 76
4 96
113 125
62 116
36 75
127 143
17 82
39 122
88 114
28 117
104 125
45 72
127 128
82 116
13 105
27 42
55 80
26 134
72 123
55 69
16 134
17 128
21 97
18 91
60 68
29 81
7 19
29 85
35 60
93 133
73 114
131 132
62 126
84 104
78 93
106 134
14 51
31 88
91 99
90 111
57 133
12 56
67 117
45 63
24 39
12 15
80 104
17 75
68 92
12 79
3 47
80 96
11 133
8 132
57 80
41 101
90 135
27 133
67 95
50 73
32 134
14 96
40 131
19 116
23 83
61 137
44 86
103 129
64 119
109 114
0 96
14 49
68 118
79 81
40 67
7 33
58 83
55 116
90 114
84 91
28 107
2 51
95 139
1 115
75 113
32 63
57 134
1 30
117 134
15 75
63 70
41 60
33 36
9 75
89 132
2 124
14 70
47 96
77 129
25 104
27 97
9 87
22 75
107 142
75 120
80 114
74 132
37 140
32 133
9 106
78 116
3 45
60 98
44 136
14 58
2 19
33 116
7 92
16 54
19 100
8 102
43 113
34 110
42 134
6 123
24 96
33 143
121 123
27 82
33 87
12 86
28 59
44 53
44 88
12 88
92 98
50 58
69 119
61 63
60 133
105 138
43 80
70 98
74 113
13 23
91 107
132 136
2 60
83 116
13 70
19 63
6 109
2 65
51 106
79 130
11 13
32 109
11 130
51 134
47 137
113 134
75 95
39 68
94 135
0 132
2 82
16 107
39 56
113 135
14 25
105 110
43 46
26 83
66 140
84 125
15 23
30 112
45 106
11 129
20 92
4 127
65 73
58 67
96 107
89 129
58 76
73 96
39 81
21 70
50 76
4 126
5 75
51 138
26 125
86 104
80 129
13 24
65 118
56 92
46 55
13 88
70 76
24 126
69 137
54 140
104 105
9 46
43 81
111 136
47 63
3 102
22 52
98 116
0 29
72 121
20 54
45 108
3 23
104 112
70 80
6 131
0 116
32 102
41 120
60 108
111 112
82 118
76 102
31 86
4 90
136 143
1 122
5 98
106 111
110 120
28 48
26 36
95 128
38 100
8 58
32 69
96 110
36 59
62 111
69 96
8 22
91 122
46 59
39 109
56 115
36 68
58 94
17 20
75 99
77 93
3 114
69 83
35 110
88 125
24 79
74 86
38 104
42 102
59 95
23 106
22 114
65 122
83 109
60 116
20 127
67 136
76 80
13 92
73 134
114 115
68 84
62 86
69 86
23 44
58 97
87 114
1 29
35 63
39 75
44 60
0 128
24 33
65 121
18 36
49 123
58 87
91 135
24 118
19 124
0 104
54 91
57 132
18 24
20 85
18 102
7 18
23 136
17 63
33 83
21 43
108 118
25 95
16 37
56 104
73 112
80 103
9 31
0 130
24 88
36 106
57 72
18 127
51 81
45 138
110 114
28 70
10 83
8 48
31 84
61 97
48 51
115 133
90 105
7 130
3 58
89 110
34 79
13 121
2 41
78 139
88 100
78 89
87 120
55 71
76 79
20 128
81 118
29 47
61 116
30 87
16 78
91 128
43 65
4 50
91 125
56 73
25 140
65 115
20 27
72 111
49 69
64 137
4 56
36 141
5 13
112 123
65 138
80 127
27 76
2 70
103 140
41 95
50 61
85 128
5 96
27 137
96 113
25 53
132 139
89 103
80 97
99 107
60 82
73 111
7 45
66 99
98 118
65 102
27 110
89 124
79 131
70 124
96 119
55 75
31 108
15 48
95 140
46 141
1 139
49 58
7 107
43 126
72 76
17 57
111 140
122 139
17 41
20 103
76 91
84 87
3 69
8 139
110 136
66 114
101 118
35 104
22 122
8 118
1 80
60 77
38 96
19 93
12 35
53 79
16 123
42 100
66 78
22 102
44 63
87 97
25 100
27 28
127 139
71 108
26 65
53 95
101 115
35 114
66 96
62 138
25 111
29 127
82 103
9 52
44 111
25 58
19 83
48 127
32 95
19 45
108 111
1 142
24 27
87 128
5 10
15 56
9 68
61 96
27 40
64 132
62 92
34 82
67 118
55 105
18 53
17 85
23 115
11 19
87 93
15 78
107 143
54 56
21 60
77 118
14 17
12 115
33 104
32 113
12 27
5 142
9 73
84 96
47 51
19 31
46 68
57 86
42 49
29 82
10 65
35 135
123 138
74 114
25 63
1 66
77 141
12 83
83 97
23 91
7 94
34 50
21 64
16 19
53 92
22 95
53 137
32 58
112 118
45 69
72 89
49 92
29 50
74 105
27 49
7 80
6 17
83 140
60 90
28 50
35 123
37 82
30 67
70 130
64 129
9 88
59 63
104 135
89 94
36 126
36 98
13 122
48 120
85 118
57 88
61 120
48 139
88 138
77 103
13 93
111 143
11 119
102 103
81 97
87 96
37 123
15 80
24 90
5 54
51 67
96 134
92 132
106 128
26 101
39 104
20 95
42 140
50 123
15 98
105 132
8 100
19 123
19 33
93 100
35 94
0 3
54 126
81 91
97 122
17 115
19 105
74 128
25 74
31 37
81 95
84 137
109 120
54 103
81 98
100 128
47 140
109 130
12 18
41 136
69 91
2 29
29 136
90 100
6 108
40 129
122 141
26 44
7 20
48 137
72 127
33 120
18 112
4 133
68 130
57 136
92 143
22 108
7 135
14 33
32 93
108 123
22 85
87 135
81 127
63 83
4 29
79 82
11 123
25 115
35 71
31 34
63 80
50 98
50 62
35 47
42 101
83 135
9 122
31 138
29 70
98 142
6 15
42 131
66 103
35 115
4 84
61 72
41 49
104 110
69 131
26 135
48 64
73 113
31 120
11 125
124 131
52 121
31 99
8 82
19 62
15 83
6 10
2 30
23 118
67 93
1 130
27 37
102 127
45 105
69 88
57 126
55 63
65 104
81 111
56 101
130 137
83 126
28 126
33 82
94 134
54 74
34 88
26 88
13 74
16 56
54 108
32 91
52 85
95 109
111 139
48 98
21 109
84 143
22 36
46 142
28 47
36 109
73 133
3 86
19 66
15 65
55 93
79 127
91 129
5 90
66 107
92 138
68 82
36 121
5 68
112 142
110 112
126 131
7 78
80 115
87 95
53 124
122 128
43 74
75 134
13 91
64 101
81 86
22 99
70 135
23 62
3 124
38 137
90 94
41 126
70 138
41 115
92 128
23 61
53 132
45 65
114 143
10 42
4 31
13 125
49 132
51 59
37 97
28 129
76 82
37 61
123 129
98 126
14 130
24 129
82 127
7 54
29 111
133 135
32 92
90 115
10 54
83 96
15 105
41 43
59 75
87 92
16 58
11 76
24 101
21 123
0 131
60 70
84 98
79 94
31 142
38 39
138 140
11 142
18 50
41 118
42 64
62 137
25 48
5 101
8 74
53 133
34 45
98 99
38 63
68 127
7 26
66 143
4 39
51 64
14 30
30 52
72 81
22 80
49 85
2 112
70 108
0 45
39 140
115 137
67 115
59 94
45 139
27 88
34 100
37 111
23 55
73 76
69 74
34 61
87 132
21 87
84 129
11 65
47 59
35 126
82 109
103 130
3 129
3 71
57 129
40 122
47 143
53 66
22 130
35 95
19 36
3 36
41 111
7 68
120 135
51 125
84 120
4 16
40 43
30 93
74 104
23 90
31 40
67 88
20 140
93 138
46 62
30 99
93 121
9 143
20 117
26 39
33 111
9 25
9 77
71 81
69 82
17 33
98 106
89 126
6 126
52 76
50 55
87 88
2 141
87 125
7 120
105 113
95 97
97 113
49 100
86 113
50 128
14 87
5 80
45 60
17 140
50 78
8 124
3 98
18 81
120 122
67 126
35 59
0 49
3 19
77 98
18 43
99 123
51 63
19 121
81 114
30 60
38 85
1 12
37 94
18 22
31 123
87 112
6 107
126 132
53 131
84 133
41 96
71 121
21 77
19 94
50 133
107 113
106 142
105 137
44 58
5 17
65 71
7 76
72 96
61 66
1 50
40 120
27 47
17 90
34 106
134 142
8 45
108 129
34 60
63 91
10 73
83 102
71 112
100 141
12 84
92 105
27 78
44 70
93 132
16 64
32 107
44 141
78 80
46 76
13 30
67 123
17 133
67 72
107 109
78 82
85 125
110 140
83 129
109 138
87 133
32 39
26 60
28 35
81 134
70 118
57 110
18 65
47 139
31 58
5 125
40 62
34 89
15 132
46 114
0 139
33 140
130 132
4 135
57 68
76 77
67 116
18 29
18 71
52 136
25 90
6 121
99 130
4 44
32 105
121 125
5 27
21 78
2 95
33 136
10 115
26 81
9 124
94 100
25 80
48 129
80 102
43 53
4 136
13 128
15 123
46 67
59 123
3 57
1 129
23 114
57 135
102 105
15 34
6 37
59 83
72 100
40 115
5 73
11 116
118 120
48 109
117 122
38 133
52 83
68 113
15 85
45 133
89 100
54 61
88 143
8 47
12 137
0 99
11 137
52 101
49 84
64 133
64 71
69 72
52 117
84 117
41 121
61 70
78 111
83 94
27 113
54 129
14 118
18 45
22 35
122 135
41 79
79 120
63 120
60 102
44 65
20 125
2 25
80 123
112 119
24 89
51 119
20 60
28 109
45 104
118 123
27 93
123 125
7 15
52 79
45 88
84 93
26 63
104 127
67 102
29 106
98 122
132 143
30 78
4 79
19 60
41 59
54 83
44 59
0 76
13 25
92 142
28 100
33 128
30 68
52 55
13 90
86 120
51 116
62 85
13 119
69 80
67 122
26 138
54 71
43 89
11 86
78 92
23 101
13 26
84 113
78 99
81 133
21 129
3 138
43 72
91 121
54 70
36 114
76 112
70 134
44 137
20 118
67 98
19 128
43 101
33 103
127 135
47 56
73 102
116 140
138 142
87 124
14 15
49 73
35 93
12 126
42 47
69 133
22 87
13 52
14 61
5 128
116 132
7 40
29 39
37 130
22 127
73 104
5 91
33 78
53 81
19 87
2 23
98 119
9 50
66 85
35 43
54 100
31 83
0 135
129 142
32 34
71 93
70 112
20 134
41 62
25 77
43 88
12 57
70 96
9 101
67 131
84 105
12 113
10 25
12 81
35 83
71 103
31 141
83 90
31 74
12 142
8 127
90 123
9 43
27 83
45 111
26 100
70 77
19 99
59 97
63 124
38 87
6 28
21 107
67 140
8 78
21 56
96 97
52 72
107 129
43 63
58 75
137 140
36 79
97 129
63 79
97 103
60 124
54 141
83 131
9 131
1 91
25 125
70 94
9 81
3 42
50 129
9 78
42 120
11 38
79 100
102 120
11 106
88 111
59 98
67 132
26 72
6 74
6 60
92 133
68 102
50 105
44 127
35 48
45 68
18 132
128 143
51 143
16 23
19 117
21 66
88 128
102 141
14 47
25 59
11 40
19 129
38 53
9 72
17 51
117 125
23 85
133 143
27 66
22 105
1 141
97 100
99 119
22 70
3 89
82 100
119 123
88 105
58 70
21 28
34 137
18 64
30 137
102 115
11 59
5 62
60 91
68 126
77 84
116 129
85 119
19 72
28 30
23 37
34 49
46 73
53 75
8 65
41 122
15 92
44 105
68 117
97 102
22 62
56 68
108 124
61 93
109 131
15 138
40 49
19 91
73 95
6 33
6 12
5 112
23 29
118 140
14 69
20 121
13 115
56 88
87 131
50 135
18 103
67 125
62 135
76 93
73 130
20 24
13 40
109 112
49 52
61 88
9 139
76 87
3 11
62 107
8 135
61 131
109 116
15 72
30 94
98 115
8 32
64 131
0 83
91 141
24 123
31 57
10 47
48 60
0 33
8 92
47 123
60 140
35 92
81 109
23 71
134 143
89 99
69 118
92 95
48 112
14 39
67 104
75 76
114 140
82 141
38 110
37 81
101 121
68 135
27 43
8 70
39 89
54 97
42 62
79 117
4 64
87 101
68 100
40 113
29 42
46 111
76 136
60 73
15 33
93 135
39 130
71 120
15 43
4 95
19 113
1 71
13 72
54 57
64 84
16 89
0 28
58 89
9 136
63 131
69 76
12 103
27 81
18 128
10 55
19 29
52 141
86 136
41 85
0 23
28 139
126 138
50 110
114 121
26 71
81 117
72 119
58 93
3 20
125 126
80 100
32 65
74 133
111 129
14 102
2 105
22 37
18 108
21 39
10 90
106 139
70 74
93 114
109 140
11 57
40 69
10 126
32 94
23 39
125 140
2 100
116 142
31 70
46 70
88 92
50 113
25 60
103 121
3 121
6 98
23 120
101 135
33 35
86 96
66 119
25 143
1 83
10 57
1 138
65 123
95 124
73 90
85 114
1 42
41 57
16 65
28 91
11 114
13 95
34 55
25 103
11 54
64 109
52 143
117 138
22 91
42 108
32 48
16 34
12 125
63 137
123 132
17 127
10 96
25 45
3 70
123 143
29 101
61 122
23 127
58 100
22 113
35 82
23 27
26 97
127 140
14 142
84 132
2 22
29 116
120 142
52 100
22 45
72 113
31 32
49 137
56 120
45 116
22 25
15 140
32 38
41 66
54 104
104 143
57 141
8 46
28 116
28 82
23 134
5 132
112 122
2 42
91 101
8 123
19 76
64 88
119 129
88 110
5 65
131 137
10 53
34 99
52 102
17 49
20 22
47 121
65 109
26 121
99 110
77 123
67 137
71 138
21 68
7 27
16 137
72 125
15 45
15 59
53 138
35 46
19 73
70 78
56 123
38 97
48 68
75 116
28 92
137 138
83 114
20 59
126 136
109 113
53 127
13 64
32 137
5 106
61 133
32 141
59 67
81 135
32 82
48 77
82 95
95 101
56 64
108 121
58 137
5 14
5 123
7 131
48 130
47 77
24 99
40 133
131 142
92 122
31 69
103 139
38 64
35 128
74 108
18 139
21 34
20 56
45 102
55 79
30 128
5 63
114 116
95 114
33 131
46 112
82 88
126 137
80 121
6 104
50 95
62 76
37 126
34 129
36 54
66 92
3 131
3 106
34 42
7 87
70 126
6 96
0 119
10 82
46 86
37 131
27 142
134 136
37 128
0 109
14 57
111 134
67 110
112 113
17 21
25 133
80 83
33 119
132 141
60 87
17 73
65 113
41 97
13 57
27 102
31 101
36 115
101 136
78 137
48 65
28 103
9 66
27 117
57 142
52 107
40 46
97 101
43 133
34 115
60 121
96 118
71 115
11 99
55 78
9 97
13 132
52 116
55 122
37 103
17 79
24 57
62 72
3 68
59 77
94 128
32 78
75 140
0 11
20 106
38 76
18 117
56 72
21 116
28 93
49 76
80 125
27 132
22 42
54 60
14 23
40 137
27 65
57 114
54 68
21 106
17 126
2 118
51 89
5 138
28 137
32 129
24 120
94 109
29 95
43 94
8 91
34 111
6 141
75 87
6 32
42 58
26 104
53 100
67 87
9 17
4 76
108 143
7 32
36 120
46 139
122 140
29 98
33 61
46 143
10 97
69 110
30 131
21 24
54 76
12 93
97 118
7 82
47 94
53 60
18 77
109 125
126 141
0 78
132 137
97 99
93 122
10 132
1 58
16 25
76 110
23 35
96 116
15 142
100 110
42 68
72 124
64 120
47 85
1 137
23 77
103 137
38 107
18 37
43 100
14 129
104 141
17 87
31 60
70 128
10 104
104 128
33 89
78 114
24 133
88 98
66 86
19 61
6 14
5 59
99 134
11 26
56 78
92 129
94 119
46 57
2 56
92 118
12 13
65 137
75 110
22 29
47 54
28 141
112 128
54 99
10 79
82 124
38 91
12 112
1 3
43 49
49 57
29 137
35 88
108 117
29 121
98 140
77 97
23 73
40 136
70 114
84 110
102 107
7 123
82 111
49 136
84 85
4 132
0 105
31 48
14 46
9 60
15 93
59 109
5 7
67 85
96 106
89 98
88 113
50 130
60 83
5 41
74 79
41 47
49 56
94 118
4 22
39 84
10 29
11 113
3 6
115 135
17 136
20 101
25 101
3 50
71 99
51 62
1 54
90 126
89 142
17 45
58 129
49 130
1 107
46 50
26 56
53 143
12 75
30 69
18 93
77 82
50 127
28 38
94 110
29 128
58 99
32 103
22 106
54 111
52 118
10 58
72 122
77 116
26 132
72 110
25 98
28 51
33 125
105 131
75 84
95 103
13 97
41 100
28 85
27 70
11 122
120 136
13 16
14 138
50 68
77 111
101 120
17 89
75 92
45 46
42 48
11 101
5 46
13 53
40 139
24 91
32 37
74 125
32 43
49 63
31 56
1 17
22 83
62 124
6 99
21 61
1 76
53 122
6 87
40 138
24 116
109 123
54 114
11 75
42 98
14 88
101 132
79 122
9 21
28 132
29 107
9 39
35 64
22 110
44 66
0 54
74 140
97 119
2 87
38 80
61 76
20 48
11 35
41 140
28 46
12 141
66 71
51 117
7 13
1 70
54 63
41 80
7 61
79 125
84 86
57 61
57 130
63 111
112 120
38 129
42 56
35 42
53 125
92 100
9 84
9 13
12 16
18 30
14 64
6 81
23 94
70 110
13 87
5 97
63 85
92 103
10 122
32 35
56 140
65 141
69 95
32 81
36 134
56 119
13 69
8 140
30 109
7 129
20 113
54 55
44 117
4 105
20 136
118 126
108 116
107 127
33 105
10 110
115 125
3 10
27 68
11 97
43 95
28 71
62 66
25 86
63 109
9 79
11 37
9 127
29 63
9 137
73 108
41 81
20 32
60 107
19 92
66 89
29 62
57 66
94 108
7 30
85 106
34 105
40 95
15 107
21 86
33 63
3 43
108 119
25 134
11 58
62 65
79 92
51 75
36 55
65 110
33 85
64 97
54 107
48 61
60 117
15 27
24 95
31 135
18 98
8 18
59 113
10 140
2 84
47 108
32 51
10 27
129 132
3 90
36 65
44 116
55 90
19 32
20 40
23 129
89 120
5 143
24 93
57 83
56 107
58 92
18 101
23 131
115 121
25 142
33 107
5 30
10 86
47 124
71 116
54 117
46 72
22 59
52 135
22 107
79 90
79 143
46 69
29 134
101 131
124 126
81 99
74 137
28 68
11 70
64 135
91 117
56 89
7 127
16 87
116 137
85 99
47 135
44 96
109 111
17 143
10 44
57 90
46 63
27 124
11 109
26 50
85 91
30 104
45 100
81 140
104 136
78 83
66 111
7 103
10 113
2 46
66 118
1 61
35 117
19 26
71 124
47 103
3 103
48 131
62 83
58 101
9 119
69 129
53 62
58 84
60 112
36 96
72 118
0 24
75 86
103 107
16 88
13 34
74 134
87 137
7 49
18 73
52 104
47 84
33 88
10 129
30 140
57 102
75 136
137 141
35 133
63 89
15 30
38 52
41 68
53 130
57 78
93 142
94 98
57 84
2 10
1 39
7 95
26 67
20 126
77 92
119 140
44 138
0 86
7 102
85 105
122 127
14 139
26 31
27 140
15 49
66 133
1 68
28 61
67 75
22 34
18 66
92 96
22 96
35 45
9 135
42 78
15 116
110 121
55 121
46 95
22 57
53 54
130 131
9 32
17 97
34 116
62 89
132 138
51 54
40 107
89 131
2 3
1 132
106 132
130 141
62 114
134 135
41 110
1 120
52 128
21 103
55 128
42 90
48 138
86 125
6 27
80 84
32 138
57 123
46 51
21 31
85 134
24 136
61 108
47 97
74 118
65 97
3 105
18 131
11 46
20 69
29 80
63 142
32 62
55 82
47 111
20 28
25 118
11 120
34 84
48 89
20 57
70 103
90 91
59 85
12 104
51 100
4 80
26 66
4 92
57 139
33 138
22 93
20 116
93 118
3 80
24 119
43 79
113 141
116 136
48 118
7 71
92 135
43 92
9 134
58 105
36 52
22 143
36 85
38 124
112 134
3 65
13 141
35 116
99 117
53 120
35 130
119 128
48 79
36 67
65 66
11 60
86 89
7 105
37 59
72 128
47 49
20 123
61 85
7 111
38 75
24 92
13 80
9 67
108 139
23 88
122 133
24 42
128 130
59 132
39 47
62 128
53 119
18 87
102 142
133 142
31 115
15 128
56 93
66 136
45 95
4 70
89 135
68 81
43 96
3 99
33 37
60 110
20 91
15 28
92 119
24 69
102 123
14 19
60 66
82 139
23 102
96 114
2 75
6 47
101 110
71 123
37 101
34 35
4 119
40 92
22 133
65 124
69 130
99 118
14 38
15 81
49 103
87 126
99 100
38 126
68 72
16 114
75 91
77 95
24 71
86 126
50 84
19 95
2 129
47 119
61 111
35 129
65 103
75 117
38 132
61 115
97 107
45 141
93 116
107 126
11 24
68 75
68 134
10 108
2 108
45 75
47 68
39 55
30 143
6 84
13 44
90 98
62 129
98 136
85 102
19 138
129 135
72 108
99 141
89 113
83 125
86 88
126 140
112 124
68 99
40 93
31 36
3 92
30 70
13 133
58 59
8 143
37 143
91 142
21 121
9 71
7 38
63 71
21 54
17 18
7 110
89 128
98 127
33 56
21 49
128 129
73 77
102 119
35 37
109 129
7 14
85 111
0 42
24 76
43 110
37 73
17 38
23 24
89 140
27 74
14 108
41 104
0 121
68 109
37 69
27 101
90 124
34 83
9 70
12 23
11 128
119 125
41 91
93 127
2 59
62 142
6 78
49 97
13 71
27 46
41 92
113 139
60 109
1 89
20 44
103 125
46 85
57 121
76 97
85 141
21 58
7 141
80 112
64 126
83 143
47 132
62 121
51 77
3 110
1 102
97 140
74 90
109 126
38 140
56 124
3 95
14 75
61 136
1 95
73 79
31 113
4 123
49 50
82 104
75 114
29 37
16 92
25 30
73 81
52 70
90 129
24 100
12 91
49 124
12 99
64 142
93 115
63 64
81 110
7 97
135 141
4 57
69 81
2 66
90 108
12 80
57 140
42 118
72 88
90 106
65 129
13 78
103 132
34 37
44 115
5 77
51 91
56 67
23 56
94 106
46 102
17 30
54 88
59 131
65 86
81 105
32 75
44 45
31 111
28 127
99 109
41 133
52 129
74 84
75 90
76 118
59 96
62 118
0 60
18 72
10 98
8 93
67 130
43 131
39 110
31 97
20 129
73 97
73 84
41 130
40 77
51 53
10 107
77 115
2 137
22 30
28 88
46 107
54 72
62 112
1 2
49 60
92 139
83 89
3 107
14 98
14 76
73 129
0 110
91 112
30 117
53 64
60 105
51 120
53 59
40 60
15 52
72 109
8 71
99 131
126 128
26 99
80 128
100 116
13 124
15 66
16 50
105 134
20 87
13 54
8 28
16 135
124 137
35 106
58 71
97 128
32 101
48 81
16 57
31 51
9 22
59 79
32 40
57 67
85 115
12 51
74 130
70 92
53 71
103 118
76 125
33 102
17 47
21 100
83 136
48 83
79 87
43 69
72 84
4 17
40 68
61 113
123 141
54 89
73 117
114 125
13 134
99 106
73 138
49 126
53 135
68 90
20 138
10 37
61 114
48 63
90 112
39 117
10 15
26 49
80 90
27 139
21 137
105 141
46 124
35 49
89 96
100 113
14 86
2 96
29 122
27 54
0 94
96 126
24 128
54 123
54 106
17 95
23 137
121 124
103 108
0 123
4 128
81 100
107 118
108 113
31 49
54 94
23 139
17 44
24 142
87 89
50 53
3 26
4 106
86 139
87 117
100 136
92 131
14 80
89 121
56 81
38 73
54 84
9 18
38 47
14 20
53 84
129 139
37 92
12 64
51 76
18 119
51 90
81 136
66 84
55 110
37 104
47 114
25 136
2 50
62 75
74 89
38 48
22 68
18 19
65 100
112 132
67 121
37 91
73 92
41 131
12 24
95 129
12 49
43 119
30 101
56 76
1 125
39 74
20 130
38 83
66 101
43 61
138 139
12 19
60 136
61 87
17 86
84 139
61 77
37 108
14 90
38 56
22 82
30 64
50 79
132 134
86 107
2 69
93 104
21 89
50 52
77 87
82 122
14 117
6 25
11 14
49 127
81 143
68 77
7 133
1 65
54 81
11 102
117 129
27 95
65 105
6 116
95 108
15 133
59 114
12 45
30 62
36 39
87 105
5 20
113 124
23 46
29 35
26 42
58 127
123 127
23 64
50 51
54 86
30 75
29 45
12 58
50 139
23 43
33 98
24 38
7 139
125 130
101 113
34 93
25 26
105 123
23 130
116 133
63 127
0 27
70 91
15 89
82 125
68 129
27 50
56 113
16 41
46 81
14 132
12 54
62 94
15 55
7 143
39 82
53 142
61 79
26 29
83 95
27 105
6 41
76 88
101 111
3 125
0 140
85 104
39 128
69 78
6 129
31 119
84 115
12 21
62 87
35 132
62 127
26 108
92 140
31 129
97 123
9 27
71 137
35 87
56 125
7 93
45 125
63 86
6 62
31 116
49 115
90 136
15 71
123 134
127 142
55 91
28 99
80 137
40 89
92 117
22 121
11 136
44 128
46 99
33 77
66 131
50 70
107 134
61 139
11 111
5 60
96 112
98 117
37 39
65 80
61 101
32 87
91 133
30 79
4 72
12 134
19 139
27 128
5 134
16 51
110 117
6 94
40 121
36 130
22 27
79 109
3 30
17 25
17 121
68 122
62 95
36 138
27 116
6 23
32 70
77 133
77 124
31 92
18 99
49 125
35 62
91 100
53 87
22 100
29 139
14 137
47 98
93 134
10 28
1 37
9 123
79 118
91 124
25 66
66 109
13 51
25 112
13 37
92 120
14 67
24 106
2 114
38 116
108 128
61 127
24 34
29 91
40 73
11 87
0 61
82 119
94 111
26 57
95 133
73 109
47 101
78 127
49 64
55 134
12 116
53 70
54 85
42 124
22 81
47 106
84 141
13 94
120 123
14 32
54 116
73 135
88 132
99 102
38 139
32 142
14 124
21 126
1 60
21 63
15 62
56 139
59 88
29 41
40 72
50 64
59 70
50 87
25 70
22 77
24 115
121 130
32 106
47 79
11 20
72 140
0 102
42 86
0 106
88 124
85 89
0 100
43 134
24 36
84 94
6 92
20 73
99 132
53 128
28 40
51 132
78 124
28 131
120 143
58 111
63 140
14 41
29 123
51 108
97 139
61 100
37 71
81 141
55 136
49 112
101 134
68 143
1 48
52 124
60 139
21 104
106 124
118 136
91 96
104 120
42 93
2 74
38 117
73 131
12 71
64 94
66 76
37 43
81 87
52 142
21 125
52 95
22 132
57 101
26 107
78 90
9 110
40 130
41 50
35 142
0 18
95 121
0 138
63 67
11 91
16 101
20 49
32 140
24 84
55 123
25 67
66 81
22 101
114 124
17 48
56 114
7 101
76 104
37 46
93 110
53 56
5 102
67 78
5 115
63 143
24 143
12 94
121 140
36 77
38 86
25 79
86 105
22 84
5 58
111 117
13 140
85 94
73 103
98 141
60 95
48 142
68 114
3 28
15 41
30 31
26 102
0 141
41 78
77 127
19 110
42 139
30 77
102 116
1 23
60 114
30 46
50 120
33 62
23 128
58 104
21 25
76 138
7 56
95 100
119 143
68 101
68 80
87 109
28 63
37 41
21 27
44 129
56 112
13 49
96 131
3 141
49 120
68 119
29 60
55 61
16 62
120 138
116 131
0 114
20 115
32 108
48 88
3 24
24 141
19 84
14 56
60 142
5 133
8 50
77 96
43 90
33 100
37 53
29 130
56 109
19 41
50 106
65 87
34 44
21 122
71 91
23 84
34 126
37 142
10 60
42 97
29 65
6 100
69 127
9 48
67 83
105 115
20 81
103 104
44 100
4 6
75 82
17 100
127 137
89 136
17 116
46 71
28 77
84 92
10 133
21 75
21 74
88 91
94 114
28 128
114 122
18 82
67 100
14 134
77 135
71 83
87 108
118 137
80 120
37 84
45 135
67 109
53 93
30 71
104 118
83 113
37 138
87 116
62 82
65 91
65 106
56 133
48 141
56 77
24 60
13 61
72 86
50 143
41 119
17 42
35 113
11 16
97 124
114 141
41 86
107 131
62 98
10 106
49 75
17 76
115 120
8 142
37 134
9 132
11 47
4 12
61 107
45 90
77 94
97 108
42 46
48 136
17 22
63 82
92 127
44 64
31 89
60 115
61 129
10 125
124 128
7 108
19 86
7 28
124 140
36 131
50 66
48 75
79 83
120 140
69 121
108 114
59 108
122 126
11 68
104 140
41 135
24 130
11 121
129 133
110 131
56 110
66 116
9 36
37 116
55 72
89 106
37 141
57 75
29 46
41 137
67 71
50 125
36 113
47 73
11 50
59 121
52 89
30 91
33 135
1 14
6 122
42 114
12 31
4 19
92 123
6 79
118 131
1 5
69 114
63 101
19 47
78 109
25 139
33 110
56 118
36 97
128 135
16 70
98 134
3 15
1 74
20 94
114 127
13 76
53 99
46 61
27 86
50 67
140 142
119 122
6 102
49 106
3 33
31 53
16 29
106 109
26 133
103 109
85 140
13 75
45 127
26 55
43 62
19 89
108 126
74 131
38 92
44 132
58 66
70 83
24 104
60 97
20 51
44 85
86 117
49 87
62 108
101 105
24 63
74 85
25 91
4 53
70 104
79 89
110 132
23 69
109 137
24 73
94 129
79 128
88 142
16 49
16 126
55 99
23 45
19 22
72 141
79 111
30 110
12 109
7 58
0 10
3 59
26 117
53 108
37 65
125 133
2 136
77 79
29 32
24 94
45 85
96 138
106 118
73 80
88 103
69 89
42 96
26 79
9 69
46 115
67 106
17 108
80 135
38 89
27 33
58 125
98 138
8 66
16 73
17 68
0 111
20 98
7 112
69 115
126 139
21 92
4 141
28 83
9 114
94 132
24 125
11 39
59 104
10 84
6 39
97 131
55 102
1 106
39 58
91 114
23 36
102 108
3 62
2 15
72 133
77 78
45 64
63 112
18 55
28 108
118 122
11 138
32 127
9 128
10 23
43 82
19 133
10 102
13 117
21 88
4 115
2 116
6 11
56 66
8 87
2 125
14 72
49 98
24 102
82 90
91 105
8 17
82 123
67 119
95 135
36 118
104 139
81 92
13 136
64 67
34 59
4 14
15 94
52 119
22 56
51 130
82 128
16 82
0 63
87 123
25 85
26 118
96 122
9 74
34 53
125 143
21 76
4 109
17 29
102 138
82 105
6 21
47 120
14 45
81 121
5 85
55 68
129 131
99 142
38 54
50 100
66 113
40 82
17 119
17 59
22 28
9 96
51 58
79 103
17 65
65 140
42 74
21 22
67 120
12 62
3 79
72 91
22 71
46 60
59 143
88 96
41 116
16 131
64 114
19 69
21 84
55 101
5 114
5 141
33 41
108 135
42 99
65 111
23 74
31 46
49 113
36 78
27 38
10 114
41 108
0 93
63 90
32 33
39 71
84 108
43 140
109 133
11 80
84 116
40 96
46 54
21 57
135 140
45 55
57 137
20 39
30 41
97 134
58 88
9 116
76 143
23 138
89 101
130 135
36 92
45 62
36 87
22 49
16 68
19 71
2 94
6 128
10 99
62 80
20 52
105 128
65 126
12 38
99 116
21 41
24 139
14 66
125 138
73 100
105 126
75 108
79 141
55 115
53 90
32 143
106 130
23 63
13 83
50 101
117 143
16 124
14 141
32 132
5 72
13 47
8 77
55 141
16 28
95 134
74 124
34 107
2 90
33 139
4 116
62 113
51 102
19 24
16 136
39 66
29 124
1 79
3 112
29 78
4 23
4 83
46 104
58 90
17 135
50 86
36 69
58 138
71 100
98 100
4 137
43 111
90 137
47 61
94 103
112 126
63 94
9 49
63 81
19 75
55 64
67 70
48 91
19 112
52 109
113 132
70 86
6 13
15 87
14 103
70 88
76 84
40 55
28 104
105 127
26 82
89 93
51 110
35 52
18 74
18 135
5 126
24 47
5 51
21 48
20 77
3 38
11 45
66 73
80 131
89 107
87 104
104 131
72 136
15 86
42 123
8 130
36 111
30 85
63 115
19 40
76 99
45 61
50 111
48 128
131 139
56 90
4 85
59 120
133 139
34 63
13 27
26 53
82 85
81 119
72 129
0 101
104 123
43 91
22 60
36 108
33 53
22 141
29 94
32 64
4 8
112 136
22 98
0 1
3 53
12 41
10 66
74 87
8 108
46 91
2 36
0 85
96 111
26 30
0 113
9 89
11 49
39 54
52 103
15 91
49 134
48 49
40 56
7 46
81 113
11 124
48 62
9 112
112 117
16 100
68 105
71 143
7 43
78 119
8 9
55 137
42 77
65 120
28 81
21 143
95 130
48 73
22 126
64 74
68 74
64 83
30 89
102 132
28 106
99 136
51 111
2 78
55 124
93 107
115 138
82 87
13 85
2 32
40 123
21 23
29 141
138 143
29 76
38 78
86 116
24 40
39 79
13 41
27 55
73 143
51 129
80 119
48 140
4 86
6 118
4 140
15 69
18 46
11 43
2 132
36 128
19 70
19 27
12 132
79 105
95 99
23 53
23 121
1 73
3 22
26 62
57 111
2 99
9 28
76 83
4 125
10 127
17 98
116 124
19 51
45 66
14 43
73 120
80 110
30 81
60 63
2 63
108 109
0 142
21 132
124 133
61 65
2 48
91 111
8 35
23 133
2 57
32 57
42 43
82 126
30 36
62 91
11 36
42 112
74 119
53 67
68 137
123 131
8 98
47 55
30 54
50 108
36 80
4 129
15 109
49 68
55 89
54 131
57 82
68 133
74 129
52 105
21 102
29 73
102 140
17 43
35 84
8 49
36 133
33 118
72 117
13 89
74 94
12 82
103 124
46 56
34 52
96 137
14 52
21 96
17 131
68 87
9 142
56 102
57 76
43 64
13 28
11 140
4 110
10 136
41 134
96 105
79 80
105 130
106 126
6 44
66 139
70 129
30 95
64 85
6 52
26 130
24 32
54 64
10 24
46 131
3 84
33 45
103 134
29 43
10 116
26 68
36 117
124 139
85 101
54 77
52 71
13 86
112 114
35 86
3 74
44 106
21 95
114 131
58 114
90 119
4 121
40 61
40 47
44 122
38 134
32 89
18 129
10 118
11 29
86 115
90 132
50 97
19 134
5 28
77 137
33 142
38 46
0 13
42 143
43 60
89 125
7 73
44 95
16 59
46 78
78 94
88 120
79 129
7 119
84 95
68 103
105 120
32 77
40 100
82 102
88 90
32 115
102 114
47 99
28 37
17 101
20 33
79 119
75 96
38 120
25 89
127 138
53 63
45 51
104 106
72 97
46 129
66 117
41 72
20 135
120 133
29 140
38 113
66 134
12 128
33 70
68 141
78 136
27 109
19 39
33 90
57 100
21 35
3 136
32 112
50 126
2 83
77 143
64 130
100 105
1 47
69 135
20 45
64 128
76 127
33 123
82 99
51 95
83 115
54 105
91 140
8 89
54 125
103 131
44 67
58 61
44 114
102 128
23 111
39 86
94 123
119 141
24 87
20 124
13 135
55 130
2 71
32 53
9 14
41 53
12 114
19 54
32 110
17 37
83 124
76 78
27 111
67 135
34 73
36 101
77 101
100 101
3 14
29 38
3 40
6 103
8 55
69 120
61 123
53 85
13 38
17 105
47 52
103 114
1 31
0 26
16 48
75 112
20 23
18 121
60 88
3 127
77 85
45 76
24 110
64 103
25 110
1 87
56 74
39 137
13 33
106 120
11 67
68 131
59 110
10 32
12 78
21 51
19 34
17 113
95 138
106 143
79 121
105 116
26 58
56 116
36 66
56 58
105 142
44 142
45 77
55 56
8 25
40 59
28 130
36 119
111 119
106 140
113 123
56 63
66 72
30 98
91 97
71 92
22 46
29 75
51 133
19 80
6 85
40 132
2 21
19 50
88 116
36 94
38 67
73 82
132 133
67 143
38 111
2 31
76 105
85 130
52 111
110 123
19 97
36 53
134 137
21 127
15 44
23 31
97 141
0 75
34 117
7 50
39 60
40 118
39 45
34 125
121 133
88 136
78 121
68 108
46 118
105 106
62 133
30 38
38 128
12 60
10 130
85 132
47 100
65 79
68 71
95 118
13 46
75 129
36 45
0 15
25 88
41 55
6 130
38 123
30 120
89 138
8 41
52 57
76 81
13 139
17 111
36 112
70 123
42 65
20 143
82 129
8 61
24 132
45 92
99 135
27 34
49 128
20 63
70 95
22 125
128 141
67 124
76 115
84 124
12 138
64 108
66 79
30 103
28 94
9 57
114 126
21 33
86 108
134 141
119 134
86 110
27 136
94 122
94 131
18 120
31 107
49 143
32 116
9 117
20 105
14 40
56 97
53 94
13 96
102 124
109 127
13 31
107 114
50 124
78 122
67 107
42 59
135 142
40 90
21 124
34 120
49 80
12 40
28 112
31 50
17 84
55 131
37 80
36 95
32 117
72 73
5 94
89 111
18 89
92 136
68 132
38 115
69 104
110 135
22 74
36 116
64 102
3 139
59 122
87 99
68 85
48 125
91 116
45 47
52 77
107 122
27 57
44 130
89 108
25 36
88 104
90 120
19 101
3 52
76 130
55 70
88 139
116 139
108 122
115 143
22 43
24 81
20 93
56 70
26 52
54 115
44 83
31 61
47 50
1 46
51 104
31 105
38 131
101 138
1 69
3 17
9 54
21 36
0 118
58 126
29 55
39 116
32 67
29 40
72 143
48 69
100 121
14 105
14 94
44 68
76 94
84 128
88 119
0 17
2 104
70 111
74 102
3 12
5 71
101 130
118 139
87 110
12 46
104 134
29 36
71 74
4 65
30 115
72 95
15 106
11 93
53 139
15 95
93 95
21 101
26 69
28 45
58 131
88 141
4 104
31 65
33 134
66 80
85 93
93 137
44 143
91 102
51 65
3 51
9 15
83 141
104 124
43 50
15 67
87 143
35 36
19 90
5 66
75 115
34 81
79 115
25 38
99 124
23 59
3 63
32 119
33 96
43 76
24 45
38 122
77 119
44 84
45 114
55 76
54 110
116 143
0 77
37 78
9 34
7 117
121 127
47 67
4 27
69 87
31 79
60 81
3 122
18 23
88 137
33 79
3 126
20 43
60 78
31 68
84 134
6 142
64 127
39 102
0 66
69 73
55 83
0 87
74 138
2 61
52 126
97 111
35 56
5 6
90 122
115 130
23 30
119 127
64 93
99 143
61 132
37 139
19 126
90 133
108 112
87 113
28 57
47 66
59 107
95 115
2 110
111 133
30 56
77 107
29 54
70 133
41 89
2 131
67 138
49 86
22 72
11 83
67 79
83 119
5 117
18 141
72 83
89 91
113 129
88 134
5 42
48 143
73 83
79 123
65 83
12 123
0 31
7 66
54 82
100 117
58 79
0 35
112 116
105 109
76 133
51 61
34 104
11 18
28 113
49 109
85 109
90 141
106 121
63 132
49 116
59 89
27 107
81 106
56 127
58 60
64 66
33 72
48 105
24 66
123 136
43 136
43 75
45 128
36 122
56 143
116 127
17 64
96 108
45 124
84 100
40 81
107 117
12 143
12 50
2 11
122 129
13 68
4 122
46 77
76 111
11 98
3 64
121 131
6 91
22 136
53 118
11 28
50 140
31 130
20 68
60 93
5 89
12 29
94 95
26 74
85 95
31 103
13 43
117 141
38 70
50 63
43 86
27 29
65 136
25 78
69 98
7 72
7 137
27 103
3 44
22 73
103 116
45 121
113 117
13 109
57 105
13 19
3 35
27 138
91 98
18 126
32 79
140 141
106 114
5 9
101 109
98 123
63 100
14 140
22 92
26 112
49 102
68 96
66 94
33 124
101 127
27 84
72 120
33 126
19 142
14 93
35 55
19 67
26 32
18 86
70 73
47 72
36 74
114 129
74 139
23 75
60 129
58 141
57 120
117 133
114 137
22 117
50 141
26 92
12 65
52 106
76 106
9 113
64 69
7 57
11 90
39 80
41 63
60 75
60 101
4 10
74 115
12 17
118 142
11 21
61 71
25 81
12 100
14 83
9 63
127 134
45 50
79 91
38 142
34 71
10 112
69 99
8 43
80 133
27 64
46 121
20 142
66 90
43 114
68 89
10 69
23 50
94 113
3 96
56 106
88 97
70 89
30 127
128 139
42 50
135 139
17 32
113 128
90 143
6 106
40 53
29 52
58 142
53 88
67 91
19 43
74 82
22 138
43 117
136 141
81 101
31 136
64 79
36 60
34 65
23 113
50 115
30 139
113 120
8 83
66 130
76 114
75 121
74 100
12 95
39 51
35 111
27 77
48 54
20 88
14 28
30 136
104 126
118 119
60 86
22 64
60 92
44 101
1 44
77 140
20 37
12 102
58 109
23 116
7 115
51 87
20 82
95 123
115 118
87 141
17 27
93 102
29 142
20 78
17 71
123 124
85 86
33 58
84 130
25 72
40 64
45 84
51 83
5 139
47 60
64 72
30 83
80 124
41 67
64 117
27 106
69 105
10 49
58 121
79 93
8 54
38 61
0 81
5 107
5 95
9 58
34 102
22 115
91 131
2 121
124 143
53 107
72 134
65 76
28 123
118 143
62 97
20 26
3 29
25 122
25 132
97 136
13 118
77 128
30 90
14 92
70 97
81 129
4 45
9 38
16 71
37 102
7 132
105 108
42 127
8 80
46 138
39 139
96 140
42 94
41 71
14 111
31 94
110 138
104 137
60 123
47 127
8 57
115 142
3 54
22 41
34 108
96 124
89 122
26 59
31 91
42 88
17 34
85 139
50 74
1 67
74 135
78 118
85 108
92 126
48 93
20 80
37 62
38 41
65 139
8 16
101 133
4 99
10 35
47 104
9 102
111 127
141 142
45 134
8 14
10 46
113 142
23 95
58 73
97 135
65 78
137 139
40 80
5 122
3 137
102 117
60 69
93 143
83 101
57 106
17 36
108 141
0 98
1 34
42 55
46 140
58 96
44 134
18 79
10 111
16 39
92 130
30 39
15 20
11 94
83 103
10 93
84 138
17 69
20 72
54 132
73 132
29 56
47 110
136 138
13 39
5 52
78 96
4 61
38 136
26 139
26 105
68 140
77 142
6 112
85 124
28 118
58 62
35 65
61 75
80 108
121 142
125 127
1 51
73 99
131 135
3 97
2 64
104 119
41 84
33 65
80 85
10 43
8 104
44 103
45 83
111 126
52 74
7 86
22 48
6 22
61 67
15 60
93 99
66 115
72 85
86 103
40 65
37 135
65 99
56 134
51 70
17 122
117 136
47 129
24 44
29 68
81 108
69 142
18 63
37 60
12 117
17 56
44 55
50 60
41 87
82 101
38 44
16 33
31 96
84 121
7 23
87 127
16 30
55 92
44 52
46 97
19 140
57 79
36 102
13 67
53 109
1 33
4 24
59 100
33 51
53 72
61 80
1 131
78 97
33 113
87 106
121 139
84 102
112 115
26 80
25 35
74 107
31 78
30 84
23 38
8 134
6 77
37 64
88 89
3 104
55 127
24 50
14 55
74 80
14 109
29 97
51 136
70 84
60 143
16 22
20 119
39 88
90 140
48 99
100 119
20 122
19 65
69 84
80 82
49 55
47 141
30 49
37 68
13 126
52 91
16 36
39 62
15 29
101 112
39 121
46 110
21 73
66 97
38 60
130 140
5 29
16 84
126 129
58 143
6 57
20 100
122 138
10 117
13 120
19 59
91 132
6 140
64 143
14 115
1 13
33 133
15 73
10 40
93 128
9 95
110 133
32 128
53 58
10 17
81 88
2 88
35 41
120 131
97 127
115 140
61 91
16 104
72 93
5 57
39 41
61 82
9 90
56 95
47 88
83 91
22 109
46 103
111 115
44 79
79 85
39 98
114 139
121 137
43 112
28 67
24 65
73 126
57 127
21 142
20 84
42 54
60 65
92 107
58 117
35 58
32 90
113 140
139 142
16 85
12 87
22 54
65 70
77 117
57 77
55 98
13 138
4 103
34 43
45 129
2 20
52 122
14 99
79 132
80 89
29 109
2 17
4 9
2 76
28 41
83 106
0 25
23 103
10 48
17 104
38 105
13 56
11 134
44 91
40 103
16 143
78 87
3 85
102 112
47 138
48 108
10 103
50 90
3 120
89 123
7 124
41 48
49 138
42 83
23 68
59 142
66 100
40 143
11 64
15 25
95 136
22 79
84 99
76 121
103 127
99 129
4 48
7 22
129 134
9 20
60 135
50 107
82 94
54 130
7 21
93 131
15 101
14 60
33 141
46 48
68 120
6 49
34 114
51 82
10 39
73 110
16 45
4 59
98 137
23 78
20 139
0 43
8 114
13 17
82 132
38 62
70 85
46 134
129 138
51 56
47 71
43 55
24 54
29 79
68 142
97 142
11 55
38 95
53 126
14 84
5 19
114 136
105 140
70 81
46 74
81 120
3 113
100 131
71 86
94 107
82 121
16 117
4 114
7 41
3 55
95 113
81 90
84 109
35 61
54 78
42 87
2 24
30 57
42 75
53 77
64 95
1 103
95 116
23 42
99 127
56 131
11 84
85 97
39 78
25 46
5 99
103 115
2 26
92 106
66 110
61 121
19 125
8 88
99 103
12 66
26 28
56 62
90 104
73 142
62 90
88 108
16 108
59 87
120 141
118 129
26 90
90 99
86 132
21 42
1 118
90 96
40 117
0 79
39 97
3 77
16 53
20 34
4 139
122 137
20 83
22 135
112 137
20 31
100 123
45 113
35 121
10 18
11 141
124 134
27 67
68 69
10 120
55 59
38 71
97 133
2 45
57 108
82 130
1 7
65 142
47 122
50 132
62 78
43 70
39 93
95 122
13 103
74 101
130 136
70 82
55 108
2 14
116 118
3 116
1 52
56 69
11 77
6 7
16 95
18 95
35 44
95 127
2 126
67 77
33 50
31 35
11 27
20 112
120 139
84 88
6 139
13 102
2 115
53 134
56 80
74 92
25 50
14 91
123 133
61 68
74 97
20 53
22 78
16 52
91 143
25 87
31 72
80 87
67 97
71 141
7 53
29 118
35 38
39 91
67 103
104 142
108 134
28 54
80 105
0 112
7 64
37 57
52 108
45 70
17 53
23 109
14 22
60 99
7 24
78 95
21 133
44 74
13 35
31 117
113 119
113 138
24 56
44 78
41 52
10 87
12 98
36 73
24 72
69 132
2 123
97 137
104 138
70 115
24 114
30 73
60 103
7 116
15 88
101 126
102 110
32 60
3 130
30 106
47 133
51 114
28 97
0 70
48 123
34 68
96 117
23 80
26 120
51 127
25 71
45 89
100 104
63 139
43 122
77 113
8 131
13 110
107 125
65 116
69 106
27 108
47 93
42 72
118 125
77 130
16 80
17 118
118 127
40 51
9 126
41 114
58 69
4 38
78 108
55 120
49 66
54 113
80 92
36 57
76 107
43 48
23 97
64 73
12 48
39 40
77 132
113 133
12 25
41 56
15 96
120 126
57 60
75 102
26 61
23 105
60 118
20 114
113 130
7 9
51 121
65 93
90 125
41 143
13 114
5 12
2 35
120 130
82 134
65 112
34 135
101 129
111 122
37 107
47 53
70 107
100 126
11 112
72 102
17 129
19 118
41 94
110 116
12 76
27 56
8 21
52 125
70 132
30 33
96 132
30 86
131 141
31 71
32 68
81 122
50 72
11 51
67 113
52 115
79 102
7 52
31 47
33 40
59 61
46 122
26 141
43 52
32 131
79 126
82 91
14 44
70 136
63 97
95 131
42 80
35 39
77 112
82 92
51 135
99 121
34 91
73 128
19 21
61 78
110 126
10 20
12 119
34 56
18 52
81 142
48 95
30 116
64 98
137 142
5 22
18 69
82 115
47 131
4 124
37 44
15 63
15 35
122 132
66 70
46 82
51 72
5 136
76 95
55 84
50 116
50 94
48 85
80 113
49 78
119 126
23 81
85 117
40 127
46 88
71 127
122 123
43 120
61 73
29 120
79 101
140 143
124 129
91 137
21 98
7 60
57 64
34 141
50 69
71 88
69 117
60 111
123 126
98 112
55 73
32 41
30 45
39 141
37 38
33 127
109 110
57 71
4 94
56 91
43 108
62 104
73 93
64 81
41 69
19 57
30 107
87 121
12 20
10 67
82 142
11 132
18 109
113 127
76 120
58 124
33 67
28 39
56 121
4 21
7 69
6 68
95 126
39 123
23 100
107 120
79 112
43 102
18 92
42 119
32 139
14 119
34 143
35 131
36 48
8 109
30 113
54 135
80 98
104 114
58 95
31 81
5 79
35 138
42 52
15 58
110 119
63 138
30 123
92 124
40 50
53 140
48 110
4 13
80 94
25 96
72 78
59 78
43 143
57 95
46 93
100 115
49 104
3 61
4 120
77 121
91 115
42 84
8 94
115 126
104 113
5 109
8 37
120 132
67 142
83 93
4 131
19 98
40 74
64 123
70 93
23 87
46 108
30 88
33 43
71 131
51 113
106 125
40 52
21 91
54 58
62 99
117 132
20 96
40 102
10 12
46 137
11 41
36 43
71 102
22 88
42 71
86 129
44 119
19 23
45 53
4 113
109 139
56 59
85 142
76 108
30 82
38 82
75 106
54 143
12 37
121 132
83 142
90 117
78 143
41 70
61 83
31 128
67 128
38 74
34 54
62 122
3 16
8 56
21 65
35 141
56 85
81 89
35 96
94 124
76 89
41 139
7 17
68 83
7 140
12 121
1 111
86 94
59 133
121 134
26 43
65 95
82 136
15 31
76 96
31 102
49 135
32 76
31 33
63 92
38 130
48 133
27 118
71 129
115 119
10 31
42 116
92 141
25 55
16 17
78 138
30 44
70 101
35 103
59 65
12 108
123 142
65 88
21 80
6 58
2 37
36 88
13 104
34 48
52 127
7 36
48 66
83 133
84 136
48 53
63 117
44 110
35 68
71 84
47 91
0 62
75 123
5 108
84 111
19 85
133 140
14 24
57 113
7 79
77 131
26 124
41 98
53 74
85 96
4 66
94 139
58 115
126 142
26 84
50 122
5 120
76 122
31 76
58 107
115 132
87 129
66 105
17 109
42 133
25 109
42 117
70 79
43 141
3 25
92 125
35 81
97 132
18 123
83 92
113 115
18 97
38 138
30 130
86 101
102 139
3 100
37 96
132 142
75 119
5 88
70 113
1 26
115 131
62 79
6 73
59 136
110 142
44 76
101 137
84 106
124 130
49 72
54 112
13 100
13 65
100 124
75 143
48 70
25 52
96 143
57 63
65 89
34 136
73 116
2 117
11 105
41 82
26 38
54 124
59 71
74 78
47 62
41 141
87 142
70 105
23 108
22 24
28 136
6 137
42 81
61 92
125 142
28 73
78 101
34 76
22 50
1 43
29 66
40 101
31 114
98 128
22 23
56 135
78 130
4 60
8 26
18 137
25 61
43 66
56 111
106 122
15 141
5 93
42 82
117 139
109 117
35 77
90 107
41 125
56 132
6 105
100 102
28 49
95 142
3 60
101 102
122 130
24 59
11 30
86 119
41 142
42 45
7 31
23 26
56 87
61 69
24 28
78 107
4 54
4 5
65 135
127 130
30 92
49 54
38 98
0 5
8 121
20 61
15 90
7 114
61 143
35 91
68 111
35 140
120 137
91 139
8 24
10 91
25 34
39 127
31 110
3 128
50 118
42 141
80 141
91 94
78 106
12 136
53 112
58 81
8 38
64 76
48 84
88 99
20 64
8 111
20 36
63 114
10 138
93 101
56 98
6 117
78 129
97 115
48 111
18 28
110 141
8 128
128 140
68 115
49 94
30 72
82 86
66 82
52 78
16 21
54 65
8 11
53 111
68 107
8 62
20 58
69 103
105 122
34 41
69 128
5 70
35 66
15 129
18 140
25 120
25 32
2 16
38 42
43 135
20 79
53 82
24 134
15 64
28 134
70 139
93 106
31 93
14 62
24 67
98 105
39 126
41 73
22 69
33 109
1 128
106 138
107 108
0 89
26 46
43 142
22 142
134 138
29 132
21 130
43 115
47 109
7 85
65 84
35 108
6 127
69 126
54 127
66 142
44 97
49 122
102 104
64 87
133 141
66 120
43 109
74 95
14 27
35 112
68 70
61 134
90 95
28 120
44 46
36 71
109 115
27 61
34 57
94 142
6 48
102 109
15 38
13 77
15 134
27 122
6 133
127 131
27 30
47 83
86 93
7 128
74 142
39 115
52 73
13 116
25 62
33 115
13 15
86 135
89 119
70 90
20 41
23 70
23 124
17 60
20 131
23 49
31 95
84 119
109 135
101 119
5 53
18 48
26 109
71 73
55 118
43 58
86 109
3 134
40 124
120 127
88 131
12 36
23 86
28 98
39 77
57 99
32 45
57 87
79 110
0 2
15 136
25 69
55 85
56 82
85 122
68 76
66 127
48 72
34 90
51 78
33 38
94 137
108 130
106 113
66 74
27 115
137 143
78 141
6 30
14 74
26 96
2 86
112 139
49 118
37 112
26 89
101 141
81 115
5 124
23 57
27 63
116 130
22 128
25 49
39 87
67 81
48 124
17 117
60 126
44 57
9 99
69 100
32 50
53 102
34 128
74 103
62 131
46 65
49 111
55 138
58 135
30 105
63 66
49 82
15 42
68 97
60 141
43 139
42 138
29 71
18 60
110 134
16 106
79 133
72 99
110 130
37 109
22 140
135 138
71 94
15 113
16 99
25 114
64 118
28 74
13 112
95 106
15 74
36 107
28 66
52 56
15 32
9 30
19 56
21 82
13 99
53 114
85 133
101 143
4 18
68 78
60 67
77 86
83 99
31 52
19 64
37 86
25 129
21 105
68 104
109 118
89 95
44 120
86 122
11 85
77 80
12 130
51 84
5 47
83 88
23 99
35 57
21 37
44 118
15 121
61 74
58 77
26 77
103 122
14 143
61 81
33 108
81 96
31 132
25 137
25 84
80 107
105 111
47 80
48 106
23 67
10 94
75 107
42 89
118 133
70 137
0 88
122 131
55 57
20 74
15 77
11 117
123 128
12 26
34 74
29 131
58 103
23 51
81 85
63 69
22 123
96 100
63 68
116 138
29 125
35 143
9 138
129 137
26 47
93 103
24 137
111 114
40 42
7 98
79 116
75 142
81 132
6 76
11 81
100 143
7 62
6 134
56 137
45 71
26 142
15 54
29 44
96 104
3 72
53 115
92 113
71 119
7 138
18 42
30 37
67 94
125 137
86 102
24 86
1 98
6 67
5 130
101 108
25 82
45 101
1 97
13 32
90 110
33 112
18 56
7 55
110 129
33 92
81 82
10 119
49 74
89 102
20 120
85 112
11 143
65 131
128 138
6 125
18 54
1 143
45 136
3 13
47 89
131 136
50 117
25 113
28 75
70 140
30 142
84 131
10 139
5 116
71 109
119 124
46 113
20 107
79 138
99 104
70 131
38 93
46 116
27 94
27 129
6 64
0 127
13 59
50 92
14 136
7 74
18 38
50 65
25 108
8 42
39 134
90 131
36 38
56 129
46 92
14 127
18 70
37 113
7 89
64 107
22 32
43 83
19 42
7 122
80 93
53 57
74 112
52 66
68 73
52 139
74 75
16 47
26 35
61 126
5 127
110 127
93 129
53 121
29 31
113 137
4 32
2 77
4 11
13 29
103 123
10 22
5 8
75 104
96 130
9 12
85 110
7 100
48 102
90 102
10 50
39 67
25 47
30 74
79 84
54 67
48 90
92 112
41 65
8 115
7 126
21 85
32 118
39 113
38 81
33 80
1 114
16 113
17 70
89 118
52 86
69 141
104 117
3 7
107 138
103 117
28 64
30 48
76 101
15 99
27 98
12 70
100 103
1 109
11 107
29 77
26 131
0 103
27 92
18 125
19 77
0 65
34 78
27 91
79 124
69 92
21 52
23 98
71 90
16 61
62 136
91 119
52 97
21 59
34 86
88 118
22 134
93 98
47 136
2 34
72 135
57 93
44 56
7 99
15 39
1 32
5 64
31 109
65 69
45 110
47 58
35 75
18 78
69 143
0 73
41 106
56 126
17 24
11 139
37 49
10 63
56 142
95 107
72 105
24 35
60 61
71 75
79 136
28 29
3 115
53 113
19 82
8 106
28 135
48 97
0 126
86 112
58 108
6 46
94 115
61 98
21 138
30 97
74 76
18 80
29 90
93 119
38 141
10 64
14 82
6 26
49 65
31 54
40 76
88 102
110 128
0 95
13 22
54 80
84 89
0 117
105 117
59 106
79 142
57 107
99 105
17 112
39 50
131 138
37 115
14 121
100 142
19 78
41 112
90 134
24 70
41 123
54 75
39 85
1 94
2 80
79 108
58 65
48 104
66 135
77 106
118 141
28 84
92 137
63 95
3 111
109 121
80 86
1 126
38 101
119 137
59 68
35 53
94 117
23 112
30 111
61 94
122 125
38 45
11 92
124 136
19 28
8 76
21 26
10 88
55 67
116 135
36 140
51 99
42 53
73 141
71 114
11 12
38 72
21 115
127 132
101 103
32 73
48 80
0 108
39 120
73 127
27 135
18 122
21 117
26 73
53 96
115 139
17 58
87 134
3 117
100 107
50 59
54 119
81 116
63 102
44 107
32 80
91 127
15 79
24 46
5 45
55 129
86 141
73 124
37 79
48 94
66 69
54 134
22 90
51 118
27 41
28 58
2 12
11 110
81 137
29 112
16 118
85 92
37 100
6 86
71 97
63 113
36 63
60 94
25 43
8 36
49 93
26 129
58 130
74 99
11 126
81 83
102 136
80 126
77 126
30 134
59 102
34 94
118 132
0 72
70 102
5 67
17 55
35 118
64 82
0 136
58 122
18 116
64 105
21 46
4 69
109 124
2 72
52 64
54 109
12 42
4 67
75 78
1 82
38 40
77 138
93 140
5 92
49 117
79 88
4 142
33 69
73 98
40 135
17 137
56 117
119 121
69 113
69 111
105 107
58 123
8 60
59 117
65 92
4 130
36 37
15 104
86 138
22 66
48 114
26 86
5 32
0 14
8 90
0 39
34 87
22 86
61 140
7 81
23 66
61 110
17 62
31 139
46 100
36 51
26 93
25 127
6 24
24 58
92 101
100 106
23 123
96 99
33 34
68 79
74 122
58 133
60 119
80 118
52 60
52 133
14 107
9 53
75 132
25 41
64 75
1 127
15 51
111 142
45 98
47 81
22 53
29 49
68 98
23 96
34 72
8 40
52 132
31 121
15 102
38 79
5 38
82 108
35 40
57 115
32 46
14 78
80 95
42 121
34 124
35 70
107 112
2 119
64 124
2 92
11 79
32 99
36 44
28 125
85 127
70 120
106 133
9 47
101 125
74 77
114 138
2 73
6 80
45 91
36 124
48 116
51 79
39 69
62 69
53 123
62 84
63 72
70 109
97 105
114 134
9 86
64 106
89 143
55 140
34 130
38 69
18 57
44 126
92 121
15 36
32 120
7 75
2 5
96 101
75 137
132 140
27 121
37 136
18 84
58 112
37 85
0 8
2 135
74 81
67 92
48 101
108 142
82 106
62 71
86 128
4 101
21 141
21 44
51 73
21 38
85 100
7 51
41 124
56 83
64 89
4 52
31 59
56 96
41 51
21 45
40 48
110 118
83 121
90 130
35 72
66 129
13 45
107 123
103 138
82 96
25 65
112 121
107 124
46 80
121 135
11 71
65 127
53 117
43 132
16 96
29 135
51 105
1 6
46 87
119 142
7 136
18 118
9 115
18 142
96 135
50 93
26 75
30 76
10 16
74 83
43 125
15 110
8 126
0 64
73 85
19 96
57 117
8 63
13 131
63 105
98 103
2 91
50 88
0 21
33 74
30 138
83 120
16 90
39 118
16 27
104 121
103 126
91 110
4 118
22 47
24 103
9 26
34 75
44 62
27 52
72 139
48 122
44 50
32 71
67 80
58 132
31 125
27 51
9 33
1 88
33 121
6 53
16 38
45 78
10 81
6 136
45 126
14 125
33 106
92 114
17 94
32 123
103 113
93 130
28 60
8 112
16 115
114 135
29 84
12 105
15 17
6 42
129 136
57 62
8 113
46 89
70 87
32 114
1 21
67 89
46 109
76 116
29 108
1 113
88 107
119 132
59 105
52 75
99 133
110 113
89 104
114 119
47 126
56 108
50 96
83 111
121 126
19 104
40 111
2 107
24 98
28 79
60 74
98 139
111 137
1 117
36 132
72 131
60 72
14 73
115 134
29 114
40 142
42 103
78 102
38 57
19 137
59 74
0 52
11 23
70 71
0 92
35 125
117 142
40 141
1 90
82 140
58 139
25 44
85 143
108 125
11 96
15 68
63 141
37 40
51 139
98 133
75 138
27 59
71 118
125 136
116 125
20 89
100 114
99 112
94 112
7 118
39 64
41 44
82 98
99 137
51 55
44 102
52 134
25 75
36 61
26 136
3 82
12 44
36 100
93 125
59 73
20 21
98 125
2 79
121 122
51 103
25 56
49 59
89 115
49 95
28 55
32 104
43 71
125 132
14 123
50 138
39 131
107 121
62 68
82 137
6 36
3 135
66 68
0 36
83 118
84 112
22 67
54 133
12 122
100 112
81 128
96 102
121 129
66 128
4 74
63 116
18 40
57 73
41 105
41 102
1 93
60 84
19 30
40 106
17 132
62 115
37 99
67 68
7 63
5 36
39 133
59 84
15 120
18 83
1 105
81 84
1 45
68 106
11 31
94 104
24 112
16 133
16 139
71 76
75 98
93 108
30 35
70 100
21 93
62 93
45 87
59 130
54 62
49 108
13 123
16 98
79 106
26 27
66 132
103 112
7 125
61 86
28 53
37 76
62 141
111 123
59 126
54 79
83 134
15 18
81 131
57 131
8 97
110 122
52 112
76 141
3 75
0 120
5 56
18 68
65 107
13 81
27 119
126 130
25 105
44 51
61 84
16 72
1 35
129 140
41 90
37 42
8 72
29 86
106 129
73 74
23 140
57 138
51 96
88 109
30 125
96 128
35 76
7 67
117 128
9 129
43 128
3 73
37 121
128 133
117 123
32 55
29 59
85 129
22 61
24 117
46 130
72 92
34 132
54 93
78 86
37 98
21 140
60 89
14 54
36 72
71 98
76 86
22 65
12 110
77 108
61 118
51 66
18 133
36 105
19 74
44 61
26 119
6 45
36 58
55 62
61 105
33 76
51 80
27 114
51 137
38 43
37 50
94 121
49 121
1 134
75 79
127 133
27 141
2 44
120 128
36 127
23 142
0 55
9 76
37 125
59 116
68 124
35 89
49 90
98 104
78 140
64 70
77 125
4 82
26 114
36 62
40 71
86 137
25 135
90 128
63 122
12 107
71 79
19 109
16 111
40 126
44 69
59 62
123 137
51 69
28 101
68 125
63 87
40 86
9 103
26 33
46 135
12 34
40 54
2 54
38 103
89 130
86 131
87 119
9 64
62 74
11 95
51 101
0 107
14 95
30 135
36 81
39 83
95 105
42 61
49 62
32 124
139 141
26 76
108 140
14 116
39 92
36 76
37 70
107 128
48 74
56 65
40 88
48 121
63 119
8 59
4 98
43 107
96 103
4 34
49 89
74 111
100 130
3 34
125 141
21 29
12 33
93 136
93 139
6 8
0 20
30 50
5 37
16 75
99 122
67 141
29 103
65 77
32 61
71 78
34 118
33 75
42 132
11 25
1 19
3 83
55 106
34 142
91 138
26 140
28 87
29 133
78 133
43 59
65 125
9 61
65 74
73 86
52 88
1 28
25 138
27 104
25 33
0 16
34 131
79 140
62 77
69 97
37 95
75 128
22 119
1 77
43 127
44 71
15 118
37 67
110 124
65 75
86 142
85 138
58 74
60 85
29 105
13 58
112 130
44 92
69 77
117 126
15 137
100 132
6 143
7 44
60 134
94 102
47 90
79 104
62 139
73 140
24 31
39 70
27 90
70 99
9 91
43 56
39 61
66 141
12 72
23 107
40 75
27 80
63 88
42 115
53 80
10 105
15 37
18 51
58 85
125 128
29 143
128 131
98 102
5 135
1 36
104 129
33 81
57 128
0 6
21 81
13 62
36 89
23 141
115 127
6 114
5 31
66 88
15 126
40 63
36 142
91 113
46 120
33 73
78 112
87 100
23 33
62 67
24 111
112 133
24 85
104 108
55 81
5 104
20 104
59 93
22 26
86 140
3 8
62 125
67 127
17 103
47 134
72 130
41 74
30 122
80 139
18 49
38 50
19 108
20 62
127 129
5 118
6 113
25 106
65 143
12 96
57 89
57 94
70 122
131 140
21 112
77 88
34 77
0 143
94 105
37 106
72 116
1 84
29 58
85 120
18 44
102 111
52 82
101 104
35 107
16 76
24 121
78 88
84 118
79 137
17 88
39 76
1 75
116 126
44 135
44 49
12 28
17 91
59 81
72 94
38 84
123 130
71 128
18 104
24 108
28 119
35 90
89 92
41 117
45 58
18 21
53 69
33 47
40 87
26 128
2 139
23 125
70 75
46 119
73 89
61 64
93 117
45 86
58 128
28 65
60 80
26 37
106 135
93 105
34 140
16 43
119 130
68 123
68 128
15 124
88 130
40 125
18 114
4 89
106 108
23 25
28 44
56 84
134 139
22 39
43 78
10 124
30 63
57 96
55 58
133 137
82 89
9 85
65 114
46 84
57 119
24 122
38 121
73 101
46 101
142 143
16 129
105 125
63 125
32 111
37 117
47 65
12 59
59 82
56 103
10 77
3 133
77 109
26 64
43 67
10 11
6 9
9 130
69 70
17 106
24 77
3 46
59 138
46 94
14 97
31 134
2 43
3 78
17 99
27 99
30 65
75 141
1 15
83 117
40 104
113 116
32 54
79 99
34 38
67 82
95 132
108 131
67 139
32 98
25 27
66 98
98 101
2 40
26 123
7 35
7 96
94 99
101 140
31 75
32 56
88 126
8 84
2 127
54 120
91 103
34 112
67 105
51 126
67 101
11 17
49 101
18 61
45 82
65 119
24 25
10 38
112 141
108 110
25 42
52 120
126 127
35 119
83 104
34 64
82 143
41 88
69 102
29 117
20 110
35 134
81 102
74 123
39 52
61 90
88 133
10 75
49 88
79 134
11 115
44 54
58 102
60 122
3 109
33 122
36 103
4 78
103 111
42 63
9 42
20 102
101 106
86 97
10 56
78 115
1 101
7 48
16 127
21 79
112 125
94 126
68 121
86 106
33 114
17 141
