144
9
1029
60
109 2
209 2
286 2
228 4
166 2
117 3
227 3
189 1
352 4
274 2
374 1
369 1
245 4
74 1
346 2
336 1
357 3
304 4
334 5
248 3
100 2
214 1
273 3
333 5
353 2
266 1
186 5
375 1
63 3
96 4
288 4
316 1
134 1
131 2
100 1
236 2
97 5
113 1
180 2
244 4
229 4
88 2
107 4
302 2
167 5
158 2
167 2
378 5
86 4
283 4
294 3
244 5
88 2
381 2
325 4
237 2
295 2
344 5
224 3
233 1
336 4
65 2
307 3
368 1
182 2
349 3
361 4
90 2
170 5
216 3
227 2
387 4
350 1
355 1
351 3
334 4
320 3
83 2
307 1
79 3
73 5
250 3
179 4
231 2
284 1
332 5
187 4
188 1
357 1
361 3
168 4
212 2
371 5
358 3
188 3
344 2
318 2
108 4
306 5
314 4
60 2
116 4
138 1
122 4
90 4
299 3
310 5
164 5
186 1
234 2
379 5
180 3
336 3
355 4
117 3
161 3
138 5
295 1
109 4
182 4
207 2
347 1
218 2
240 3
212 4
216 3
193 2
66 3
105 2
371 4
219 4
331 1
144 5
296 5
167 3
361 3
338 5
356 2
386 3
371 5
210 4
108 1
363 4
378 5
6 138
50 71
45 74
63 104
109 136
8 30
45 79
28 78
2 113
26 87
19 58
41 61
68 91
12 140
6 119
96 123
66 77
103 142
74 136
52 98
55 139
1 86
6 35
90 138
42 104
45 132
4 143
47 48
109 142
2 49
76 90
27 87
21 111
32 36
20 97
42 92
6 83
11 42
74 110
112 140
15 47
36 50
21 136
45 49
15 84
56 100
59 101
124 125
86 124
88 121
68 139
8 67
102 106
22 129
69 107
57 92
9 125
100 120
37 129
50 109
41 42
24 131
34 119
79 135
37 118
117 135
112 135
124 127
1 63
48 76
21 119
83 122
32 59
40 70
12 85
27 112
107 130
100 108
78 113
20 66
0 30
65 68
71 125
73 75
37 74
55 95
54 101
36 91
28 52
25 107
39 142
72 79
5 137
72 90
94 141
29 30
111 125
76 131
4 108
54 118
6 69
91 108
30 108
36 93
23 52
52 53
52 114
96 141
25 94
44 121
9 51
8 85
56 138
30 32
107 111
87 140
1 85
13 21
57 103
51 131
46 96
83 105
75 81
80 99
53 68
53 101
58 68
1 59
53 136
114 128
16 44
14 101
48 55
65 96
9 80
61 130
52 80
99 120
40 85
64 111
43 99
98 135
12 14
68 112
28 111
41 128
7 65
57 98
68 93
69 101
91 109
88 106
55 113
84 122
34 139
38 59
56 130
32 83
112 138
87 139
87 94
14 37
15 61
7 142
43 47
55 103
78 134
17 35
8 64
16 142
36 90
7 37
23 58
91 126
30 66
17 54
37 52
30 55
52 138
57 91
66 125
34 109
69 138
40 114
29 69
9 29
1 112
19 79
4 26
18 111
34 138
74 121
92 134
77 102
94 133
20 67
65 128
115 122
89 114
9 108
41 76
23 117
112 131
17 120
60 100
55 65
35 54
13 20
78 105
5 121
59 69
66 75
28 122
42 76
36 42
31 82
46 90
52 54
0 4
71 133
123 135
114 142
16 132
90 93
60 137
75 83
24 30
25 128
2 102
111 120
16 66
18 134
16 93
24 97
37 55
71 87
73 118
86 91
11 135
61 142
63 130
11 48
27 73
71 85
75 97
19 35
8 81
73 115
31 64
2 4
2 18
44 125
6 29
124 135
104 122
58 119
47 107
14 110
25 99
13 142
36 41
23 92
19 55
57 70
63 108
58 80
72 132
84 97
5 129
55 111
75 118
18 100
16 103
12 101
78 135
8 73
50 57
66 112
11 72
30 129
31 42
128 142
84 90
89 133
39 49
51 122
5 69
43 45
71 110
8 15
130 133
59 137
76 119
70 141
71 77
37 56
51 92
44 124
108 120
17 28
1 41
65 85
82 113
28 86
0 134
38 90
30 51
26 54
42 125
9 65
55 133
18 62
80 116
70 106
74 143
32 97
99 114
117 137
105 119
74 126
51 60
5 131
9 133
67 99
91 130
64 139
108 133
33 129
2 9
46 47
0 48
81 112
45 117
85 131
17 134
36 136
52 93
38 127
38 125
65 72
136 137
2 142
20 42
8 29
61 103
45 48
125 139
72 75
0 58
8 69
5 33
86 92
116 121
6 97
78 79
19 120
0 97
26 78
73 123
27 36
28 102
11 61
90 116
30 53
39 114
29 99
87 91
12 52
90 113
43 121
81 130
54 137
27 79
3 21
18 94
59 103
76 100
121 143
59 112
48 134
55 125
3 18
106 141
130 142
8 79
39 136
88 94
1 49
75 130
26 143
61 135
35 51
38 106
2 27
73 78
98 129
2 58
33 94
12 69
106 119
9 111
21 47
21 134
98 108
120 134
48 71
18 41
0 53
71 130
13 98
2 33
122 134
8 44
35 101
3 132
92 116
59 129
58 116
39 42
55 135
117 121
2 67
40 83
2 81
44 109
94 97
79 97
72 114
44 139
47 113
12 90
92 102
15 125
114 123
88 123
37 105
64 125
26 40
25 68
4 88
110 139
53 141
63 136
53 55
3 93
42 135
90 127
53 97
60 125
77 114
53 98
46 128
62 132
28 90
4 77
98 120
61 106
49 79
36 125
71 89
29 126
42 69
17 110
22 40
97 98
3 5
45 59
32 44
126 135
8 39
109 141
1 25
91 106
55 132
72 103
48 135
10 33
0 19
49 131
32 74
24 124
34 101
86 130
42 128
91 92
33 55
11 131
102 118
17 40
121 136
7 77
16 102
20 47
77 139
46 125
0 124
24 48
0 44
4 62
99 140
26 98
6 34
58 86
62 119
90 121
47 142
19 115
45 81
101 117
17 31
41 103
34 47
56 61
11 44
22 116
59 119
75 88
119 138
21 32
75 111
95 117
44 123
0 37
25 54
6 19
46 136
4 73
2 39
1 110
33 66
73 122
15 131
40 116
66 104
20 46
49 61
43 97
60 96
103 133
18 110
2 28
15 100
28 95
29 129
59 135
127 136
99 126
2 6
36 82
60 132
100 139
21 50
73 105
4 93
85 123
13 18
27 125
10 45
38 65
101 123
48 117
67 84
20 111
16 97
60 79
62 143
6 50
45 109
41 64
37 54
9 141
41 138
56 75
12 39
67 111
18 26
61 109
14 34
1 57
52 65
49 99
33 71
94 130
30 121
66 121
35 100
40 119
16 77
115 136
100 109
44 82
71 107
49 71
39 46
1 9
15 143
36 46
69 122
59 90
3 118
106 137
37 133
57 116
0 38
18 27
64 68
76 113
50 121
37 89
25 119
103 136
0 59
44 73
76 128
114 117
50 103
10 26
96 109
80 142
43 124
48 56
7 90
29 115
23 104
106 107
52 130
72 138
21 120
133 134
4 35
80 138
59 80
63 103
79 114
60 106
29 88
19 143
0 137
36 135
35 79
52 131
32 49
56 136
13 50
16 42
110 125
11 53
49 141
2 120
4 49
27 100
0 82
16 138
46 123
113 136
4 117
44 113
46 75
126 134
44 108
24 41
47 70
31 124
72 137
126 143
57 97
9 140
12 77
55 88
39 108
38 66
8 136
11 127
53 86
26 95
54 87
28 62
101 124
27 71
51 140
88 101
46 49
49 70
99 111
28 89
62 109
16 60
23 143
63 65
94 125
1 16
20 71
21 110
73 107
44 112
98 110
48 58
50 83
39 143
54 73
81 104
62 106
1 136
2 7
9 10
63 73
31 63
39 73
10 76
45 123
49 133
5 83
59 64
29 110
85 98
83 139
99 115
87 90
56 94
48 119
75 77
40 78
83 132
49 81
76 117
62 63
21 94
54 66
64 134
107 115
19 20
80 106
64 122
58 134
21 114
23 41
26 122
24 82
1 72
68 86
15 130
103 106
4 100
6 18
80 88
64 77
33 93
37 132
109 132
51 141
100 140
6 43
58 98
18 115
62 117
41 127
15 117
23 126
119 133
125 135
40 84
40 128
116 128
15 26
47 75
111 132
66 123
51 97
133 138
49 119
118 134
77 99
88 135
13 129
24 49
85 87
51 109
1 4
44 133
5 111
84 135
42 70
33 137
59 111
22 139
9 24
35 80
117 131
17 74
65 117
100 118
9 82
48 57
5 26
16 18
66 95
59 91
37 75
21 40
21 139
74 96
64 104
28 138
69 134
128 137
121 141
23 122
55 126
12 139
23 32
7 59
15 76
19 52
7 8
3 101
37 87
121 128
5 74
0 47
8 105
26 110
34 51
12 97
23 110
14 71
16 125
30 132
19 111
78 117
4 97
80 109
111 141
86 121
18 35
53 65
66 93
28 121
86 99
83 123
17 107
13 48
10 89
37 120
83 87
40 105
2 13
26 103
0 80
40 79
50 136
14 59
117 140
60 128
80 140
34 80
19 37
25 97
0 56
23 40
71 135
103 143
75 109
11 66
12 135
3 142
57 58
73 88
6 75
27 134
37 48
35 109
15 127
22 131
67 134
39 65
6 101
98 121
34 36
97 121
10 51
20 90
42 67
0 68
5 16
38 143
26 126
19 25
28 32
28 34
8 122
97 112
54 121
16 40
30 126
8 19
95 125
65 133
7 16
15 103
0 69
40 99
85 116
62 103
7 121
3 37
29 113
22 111
20 141
12 118
98 131
63 76
3 81
11 78
24 74
39 43
80 143
30 61
62 96
54 92
34 98
61 102
6 55
27 130
22 120
45 137
97 114
78 85
102 130
121 138
100 129
80 130
107 137
33 130
57 104
25 131
44 87
101 116
107 132
8 119
70 72
40 110
106 136
0 115
12 92
2 122
109 128
82 83
28 56
64 136
96 98
94 127
77 81
15 122
46 106
51 142
19 132
7 83
9 56
5 24
14 126
96 136
22 63
14 81
31 137
45 130
69 71
99 138
111 135
102 131
73 136
1 20
92 115
11 88
23 47
6 38
59 72
71 105
43 118
20 50
3 143
17 139
8 137
114 133
69 125
88 129
33 117
33 97
47 115
72 98
43 54
109 134
53 76
105 129
96 120
84 126
39 90
45 118
59 125
111 131
116 134
94 116
96 142
63 134
41 113
71 132
79 107
35 122
29 104
36 123
125 134
76 126
102 113
45 93
3 108
42 113
76 92
67 96
69 79
44 140
13 73
37 88
34 39
27 39
59 140
102 126
93 113
22 104
55 66
39 57
