146
11
7409
60
95 2
98 2
99 2
103 4
100 2
100 3
107 3
105 1
97 4
100 2
108 1
98 1
106 4
102 1
107 2
101 1
105 3
98 4
107 5
101 3
108 2
102 1
101 3
102 5
108 2
105 1
103 5
99 1
104 3
104 4
96 4
101 1
98 1
100 2
97 1
104 2
107 5
107 1
108 2
103 4
99 4
95 2
99 4
107 2
96 5
95 2
103 2
101 5
106 4
108 4
107 3
107 5
106 2
108 2
106 4
100 2
108 2
95 5
96 3
104 1
105 4
105 2
102 3
102 1
101 2
97 3
102 4
106 2
105 5
103 3
99 2
107 4
97 1
95 1
98 3
108 4
105 3
99 2
103 1
96 3
101 5
101 3
104 4
107 2
108 1
100 5
103 4
104 1
105 1
99 3
106 4
98 2
100 5
99 3
102 3
96 2
107 2
101 4
98 5
107 4
98 2
103 4
96 1
99 4
98 4
99 3
98 5
98 5
105 1
97 2
104 5
98 3
103 3
97 4
96 3
105 3
107 5
99 1
97 4
100 4
102 2
107 1
105 2
107 3
96 4
106 3
103 2
98 3
97 2
101 4
98 4
108 1
107 5
106 5
99 3
102 3
108 5
103 2
108 3
107 5
100 4
105 1
106 4
102 5
107 5
99 4
6 119
80 81
103 110
62 65
28 140
19 94
44 86
16 131
29 71
6 37
66 142
40 78
66 115
8 54
54 60
92 134
22 141
99 109
72 134
5 98
62 110
20 75
1 58
87 125
46 120
38 99
24 77
104 113
69 94
50 90
58 61
49 89
21 64
0 67
20 50
41 106
0 131
26 72
72 108
96 117
8 57
98 104
0 122
44 56
47 116
42 88
31 84
114 129
83 131
88 91
67 85
8 44
97 126
12 135
87 132
10 111
39 92
57 89
37 50
49 50
16 112
49 61
19 53
28 94
66 72
110 115
106 123
114 131
49 135
36 135
50 132
81 82
31 101
125 144
20 98
27 53
102 115
3 137
65 81
14 46
122 125
131 135
57 80
71 81
14 44
7 31
57 111
126 140
19 70
25 52
39 59
117 125
26 50
5 88
65 134
11 56
50 102
74 123
41 81
53 102
38 96
88 90
51 126
64 105
0 65
50 135
0 52
93 100
19 60
43 131
6 43
61 105
111 138
29 82
59 97
84 142
12 120
24 53
97 103
16 89
45 100
48 86
45 101
124 126
92 121
136 137
111 116
13 52
40 124
107 135
14 93
33 43
47 55
109 125
8 142
39 130
84 135
95 113
42 52
63 69
19 97
37 140
56 85
23 137
38 120
23 96
7 43
1 67
66 117
25 58
67 121
33 76
72 125
41 61
13 131
14 92
13 70
31 127
27 67
6 78
84 96
126 135
7 121
72 117
110 144
11 67
76 120
23 112
6 86
1 63
5 102
22 129
1 65
88 108
29 116
50 94
10 51
64 115
10 116
56 66
14 39
0 2
63 65
2 56
28 122
1 21
12 35
98 110
2 90
34 65
22 83
97 115
20 130
11 12
15 75
19 145
18 95
108 120
24 85
11 95
96 125
133 135
106 119
23 38
19 114
22 139
37 95
7 110
48 115
25 139
27 92
12 103
42 100
41 90
4 24
30 129
62 78
84 133
9 60
30 98
60 115
133 140
78 86
37 71
59 103
103 124
47 52
27 64
1 104
105 116
59 134
34 56
5 46
61 85
56 67
7 8
2 64
30 50
74 112
3 141
62 91
9 87
11 40
117 133
55 78
12 115
59 106
131 144
71 119
60 135
4 74
46 98
8 68
114 126
31 32
3 70
21 37
22 34
29 143
36 47
37 63
10 110
16 73
41 83
62 69
89 117
71 94
81 116
13 114
20 84
10 36
73 114
14 108
15 31
57 85
21 73
20 37
64 142
79 134
30 89
8 78
49 106
19 81
86 125
9 35
50 113
132 142
44 109
6 141
69 124
47 118
24 130
26 96
74 111
3 54
28 62
91 122
11 50
65 72
16 71
7 39
101 107
12 37
103 130
46 138
37 116
13 129
25 116
29 95
5 95
75 128
19 89
44 71
71 100
68 124
31 141
95 107
110 117
100 118
4 14
72 124
2 4
4 54
86 120
88 112
63 97
103 113
52 131
22 90
2 83
11 24
44 124
49 123
126 139
88 111
34 36
51 81
0 95
65 71
11 38
120 122
2 52
39 102
17 35
60 66
67 136
115 129
70 85
21 23
12 87
15 42
83 99
109 110
2 104
76 79
8 25
35 122
31 140
5 143
71 127
36 69
19 103
87 103
23 87
38 137
51 98
92 105
30 31
119 144
19 29
0 53
43 101
4 145
21 55
44 117
55 114
24 96
113 118
58 81
45 78
26 36
101 113
45 50
118 121
121 129
39 53
44 85
46 70
73 126
20 101
60 98
1 137
37 132
38 106
48 119
9 43
23 46
109 143
46 60
58 87
117 135
10 25
7 25
94 107
54 64
47 71
0 20
52 65
36 53
69 144
7 145
113 130
56 59
67 76
87 130
3 114
85 109
38 65
76 109
1 132
109 136
39 103
39 48
20 126
43 119
76 101
37 119
44 48
20 79
7 114
9 46
9 130
24 33
76 129
85 120
80 115
63 83
22 61
92 99
12 63
23 28
52 128
62 97
51 133
101 139
5 139
86 131
52 84
59 91
69 125
54 118
45 132
11 54
79 130
7 48
94 119
35 52
103 118
56 137
108 135
5 31
3 85
29 61
17 117
27 63
8 41
44 66
23 104
11 27
87 120
104 114
10 71
87 145
54 115
4 105
70 113
11 119
4 55
68 105
9 37
4 126
51 90
108 131
32 80
87 131
32 96
33 129
97 138
118 120
27 123
55 85
105 107
1 96
80 87
125 138
14 32
6 15
12 98
104 115
95 133
65 102
77 83
57 58
92 129
19 109
46 145
44 88
16 118
96 144
32 123
40 120
12 91
80 111
94 130
23 86
65 125
73 84
8 72
111 137
68 138
43 133
50 138
6 134
24 73
12 61
45 140
112 137
32 45
12 77
21 130
90 102
8 104
27 111
15 122
64 134
8 99
23 49
18 67
88 130
15 63
16 82
28 34
46 134
14 71
19 130
116 128
95 119
22 117
24 34
14 67
96 124
99 144
21 67
28 127
82 135
4 141
55 60
0 15
27 96
97 102
47 119
65 110
16 58
104 119
58 131
4 144
27 74
44 116
29 43
11 29
109 141
86 100
54 145
17 110
19 67
13 130
60 72
5 87
25 45
51 53
56 119
11 63
91 97
21 56
34 137
39 139
0 99
6 123
108 134
95 145
6 64
36 80
48 68
38 69
83 104
13 66
49 86
11 76
66 74
43 128
7 119
37 54
107 132
59 114
3 138
34 107
24 127
74 105
38 78
23 31
99 101
3 89
43 83
9 134
29 107
6 30
2 7
92 118
7 37
63 124
25 49
89 91
23 53
1 17
68 141
35 38
14 129
99 130
7 21
70 111
4 16
57 136
20 34
81 85
77 96
33 133
9 103
64 139
11 91
51 119
37 56
23 34
117 123
13 144
12 132
3 63
10 140
48 138
4 102
35 80
110 122
111 118
5 48
66 112
87 102
21 81
43 123
35 120
61 87
31 46
57 93
25 65
20 139
71 73
12 46
56 72
44 137
19 117
50 142
54 71
11 58
7 62
99 134
13 108
29 89
17 132
39 110
88 100
8 33
65 103
85 98
13 93
35 118
36 143
105 135
47 80
35 128
17 118
2 25
86 108
8 125
8 133
13 18
71 111
25 90
94 109
22 89
15 83
38 54
58 134
63 117
61 70
6 63
22 88
10 49
127 142
17 141
51 132
1 128
54 106
48 130
5 136
19 36
57 120
34 142
64 78
116 129
38 70
38 94
47 128
7 60
34 69
81 92
48 78
74 109
48 80
15 22
52 142
42 109
14 145
4 35
47 53
96 109
57 106
67 94
26 65
142 145
15 93
36 129
29 41
93 97
54 87
2 128
63 76
57 140
44 69
62 117
58 130
1 119
0 87
20 52
22 51
63 88
87 124
40 144
25 99
23 75
7 141
32 66
115 125
29 123
53 75
105 114
115 122
39 123
105 128
32 39
40 81
49 55
48 116
110 141
75 87
85 132
23 117
26 100
82 99
18 29
30 33
72 133
26 139
82 89
54 72
45 86
9 69
16 107
41 89
34 117
110 111
72 129
64 70
1 50
47 57
130 135
104 117
4 5
53 129
45 69
11 32
43 54
26 144
57 78
72 96
25 68
5 132
116 144
23 71
77 136
22 103
54 109
49 131
18 122
88 129
78 106
26 145
36 116
29 40
9 30
2 19
2 132
39 90
96 121
9 84
23 59
28 103
50 108
30 67
105 117
27 136
5 53
76 86
52 138
78 87
77 126
69 142
75 110
18 34
86 128
39 112
9 145
6 71
27 114
14 90
49 74
99 110
68 81
5 107
27 80
104 131
44 113
49 130
31 34
50 114
96 131
33 118
27 94
25 42
22 111
8 74
11 37
50 84
28 64
4 25
35 86
90 94
34 79
43 117
5 72
27 75
0 42
51 82
106 108
6 102
0 137
5 134
66 83
24 72
140 143
32 120
93 126
31 99
1 121
24 101
3 26
64 121
122 143
60 101
21 34
100 115
3 87
56 115
94 136
96 115
30 61
14 131
5 81
91 104
64 86
52 85
18 130
39 119
2 77
65 74
13 87
7 116
51 140
30 134
17 39
77 91
52 91
81 83
26 110
63 134
29 103
39 54
23 136
58 88
78 115
32 135
60 144
37 108
22 137
27 71
13 82
44 144
16 85
49 82
8 53
98 103
8 95
124 139
96 116
100 132
131 142
8 96
43 97
7 90
0 30
102 117
23 115
11 93
120 131
83 141
19 74
10 34
25 125
72 118
48 118
47 50
3 62
33 103
74 106
74 139
60 113
45 110
50 133
7 89
121 145
10 11
41 63
79 124
67 144
6 22
39 98
45 139
67 142
67 91
95 131
6 19
35 45
1 6
89 92
3 120
23 78
21 128
48 95
57 128
61 81
42 131
17 98
31 102
9 32
74 98
2 117
9 144
85 126
32 138
6 122
20 90
42 65
74 142
3 36
42 47
100 128
80 108
38 113
30 99
44 54
45 92
31 90
128 145
90 137
60 103
40 130
62 95
70 71
81 139
42 48
36 48
1 53
27 30
46 102
70 128
63 99
19 26
55 66
36 138
12 128
65 122
67 99
1 102
6 127
48 61
37 98
58 109
98 99
89 140
39 142
53 140
115 138
127 136
57 61
11 62
62 63
95 108
14 62
104 121
117 140
47 105
48 50
10 50
25 96
47 100
93 133
88 131
87 136
51 135
49 54
19 50
12 55
72 143
49 136
81 98
41 144
46 96
34 94
69 79
90 132
14 80
31 76
3 119
62 67
18 92
9 73
71 106
25 80
10 100
20 92
98 100
87 105
30 109
50 124
92 119
50 127
52 92
61 140
83 88
98 138
45 111
52 135
57 97
27 37
17 82
0 75
15 104
92 103
61 93
30 125
29 117
75 120
9 138
63 132
6 84
16 41
11 125
38 95
67 134
24 27
70 114
2 114
32 75
17 53
26 35
76 118
14 65
115 130
98 121
47 130
38 134
93 101
24 49
81 129
16 106
78 130
14 99
112 141
7 103
36 68
21 132
32 105
120 124
88 89
65 112
110 124
45 99
63 71
76 137
26 119
12 47
22 27
86 137
8 123
23 77
60 120
12 42
15 120
46 106
16 35
107 127
23 79
114 122
112 129
19 131
87 88
13 110
27 66
27 116
22 84
13 140
36 91
141 145
114 138
10 102
62 139
25 61
92 133
14 130
67 114
90 92
1 112
25 115
19 78
56 93
119 124
109 130
23 60
1 32
54 125
113 132
11 20
57 108
43 58
57 132
109 137
110 135
61 116
114 143
70 73
0 27
34 42
21 65
29 131
122 145
45 65
88 126
71 141
13 116
88 144
18 125
118 128
11 105
28 55
43 49
109 135
17 73
53 122
13 103
53 127
83 106
54 67
53 114
4 104
9 96
129 145
7 56
91 94
22 39
46 115
75 102
30 113
58 92
32 92
125 132
41 127
11 133
5 89
92 136
57 112
36 57
47 76
121 135
14 18
50 69
86 90
137 140
16 115
59 138
14 33
64 138
24 139
113 131
96 122
1 127
95 136
104 123
38 71
51 75
9 42
33 91
7 18
50 59
123 136
31 94
59 79
31 33
5 99
100 134
17 109
4 122
49 69
76 88
114 125
13 15
49 96
40 110
18 108
1 124
61 128
50 143
5 124
74 122
1 41
4 29
2 80
4 129
132 140
60 71
6 81
121 141
107 112
80 102
77 131
34 85
87 143
47 142
83 121
71 88
64 93
18 45
51 66
2 66
101 144
5 130
50 145
24 60
13 23
13 95
4 63
46 81
98 131
22 118
85 92
60 80
22 40
7 92
73 141
41 124
44 80
70 125
1 10
64 131
43 141
2 71
135 142
107 121
57 94
71 143
9 45
31 120
64 135
55 136
97 142
103 133
40 116
6 12
5 114
73 120
91 119
99 102
39 137
0 80
108 114
58 94
43 81
83 85
86 109
53 105
33 81
72 98
40 91
2 50
6 95
94 120
98 107
118 125
78 140
6 59
41 42
140 145
2 17
56 77
51 101
57 92
124 140
39 66
15 108
12 94
10 69
32 69
96 145
50 79
14 51
12 39
38 123
0 136
41 102
70 96
50 65
107 110
15 92
91 117
63 135
14 15
63 79
26 80
17 145
66 96
12 121
13 34
9 34
17 144
10 62
18 86
132 138
137 139
10 101
3 4
45 114
52 116
42 116
48 125
64 136
88 137
23 82
130 133
33 104
17 142
135 137
115 119
74 126
19 37
49 59
22 119
50 122
125 139
100 141
81 142
27 60
98 139
30 59
14 97
12 30
29 35
51 112
27 89
14 133
102 106
76 127
2 59
83 125
18 81
81 126
58 137
32 132
140 141
25 81
101 104
90 141
106 115
41 79
11 64
76 125
29 67
22 128
68 83
122 128
46 132
35 70
37 68
81 122
63 111
105 134
36 109
17 111
42 115
53 101
28 139
57 77
76 121
117 136
4 130
129 143
53 119
72 104
54 138
46 86
20 26
122 134
45 53
106 141
38 108
48 145
61 80
92 140
38 145
28 56
121 127
13 72
99 131
116 120
43 79
26 101
79 145
69 139
48 69
54 63
21 48
70 133
51 88
23 132
126 132
28 134
101 109
103 138
34 110
17 68
33 114
90 105
118 123
136 141
67 113
61 90
95 116
101 126
96 103
68 115
27 57
31 72
120 129
21 127
58 122
44 70
107 124
12 88
112 143
4 86
68 118
18 63
130 145
40 145
47 126
40 118
60 67
65 109
14 61
49 77
60 95
19 137
89 125
6 73
21 69
95 96
25 36
37 42
60 100
78 137
28 65
79 107
1 38
116 141
54 76
39 87
1 39
16 94
26 30
13 113
87 101
81 110
77 122
99 142
58 62
52 87
38 42
22 122
42 144
61 89
43 144
31 50
33 115
61 114
18 80
26 74
9 62
73 89
53 79
46 99
26 134
75 117
7 81
16 26
21 42
102 129
128 139
73 116
72 130
3 78
32 55
7 23
66 116
76 100
10 84
32 131
56 69
19 55
9 132
53 116
3 42
13 43
34 37
42 45
5 29
0 135
7 134
99 140
26 141
112 134
7 102
28 57
37 55
43 63
3 82
17 26
74 90
2 60
73 105
44 81
67 139
59 99
31 43
104 137
1 93
68 114
42 136
16 132
29 100
31 109
80 140
51 130
19 62
43 92
77 119
22 135
13 120
125 142
24 25
38 55
50 125
35 88
38 91
56 90
17 78
28 137
3 17
38 79
45 63
107 113
24 115
42 57
23 35
36 117
16 50
38 93
112 127
6 83
16 29
17 48
59 122
20 59
17 102
28 33
63 109
92 116
86 121
66 145
56 136
74 130
49 70
11 30
54 86
69 121
3 31
26 120
83 111
14 38
78 105
6 132
24 95
1 2
36 106
91 96
68 92
97 137
68 80
99 111
92 93
37 117
105 132
19 112
31 128
10 61
94 115
23 80
7 24
70 131
9 136
5 51
50 92
1 117
68 96
49 111
8 14
26 132
49 85
105 108
80 82
6 27
75 126
120 128
38 48
6 52
24 68
4 127
104 124
3 7
43 87
91 143
31 113
48 129
72 75
72 95
10 93
4 96
4 6
50 134
129 135
9 68
3 102
131 141
55 95
57 66
59 86
26 88
31 131
89 128
35 37
67 103
85 122
37 130
49 65
72 86
36 119
48 97
16 76
20 80
46 128
91 110
22 82
40 141
24 121
66 85
106 134
42 81
7 118
48 81
54 74
63 100
14 113
84 116
50 76
35 114
38 76
113 139
31 63
32 84
13 19
64 74
19 79
48 120
4 109
19 144
17 108
50 80
47 48
25 47
12 15
17 22
2 95
23 85
19 118
68 91
21 141
33 79
28 81
38 140
6 116
28 97
19 132
28 125
22 102
78 81
29 80
116 127
17 32
11 60
22 25
106 116
47 110
91 135
104 120
30 131
84 91
65 115
59 145
47 51
51 55
13 124
52 67
0 111
79 138
17 42
15 79
11 96
12 125
12 93
54 142
84 122
50 89
74 80
73 142
83 116
61 63
71 104
67 106
1 101
88 110
26 39
42 110
19 105
75 114
54 143
121 130
64 68
48 66
70 121
89 141
36 66
63 95
22 49
106 111
43 71
24 86
78 103
99 105
56 60
40 88
97 121
80 123
24 118
54 100
92 124
118 141
49 73
86 95
7 127
0 61
77 142
7 97
71 115
68 75
94 117
68 85
27 140
6 10
4 81
82 122
92 130
68 142
4 44
23 48
92 102
37 96
23 30
0 55
42 139
16 128
83 134
105 136
18 31
53 63
62 71
39 91
104 129
81 106
30 46
33 128
104 140
65 131
65 85
20 111
40 89
88 117
37 122
18 30
73 91
29 34
4 106
41 114
52 66
77 97
81 95
64 108
44 59
22 108
0 71
17 116
16 103
10 95
34 68
96 142
35 41
25 56
80 93
64 126
61 102
5 116
65 93
43 121
16 83
0 90
118 130
34 111
106 138
23 95
104 125
14 30
45 141
84 130
9 118
13 132
32 85
29 72
10 125
33 120
123 132
60 140
22 76
66 67
7 14
65 95
116 145
91 118
75 80
53 89
80 84
52 132
9 78
43 136
28 98
10 103
32 46
110 118
89 113
0 50
9 126
3 124
22 91
45 72
79 96
68 123
66 88
11 84
1 94
27 112
114 123
43 88
72 112
1 138
36 65
75 129
33 88
15 142
9 13
29 134
17 52
24 108
19 33
14 16
52 124
55 84
136 138
53 67
14 20
70 99
16 138
126 137
5 62
47 78
2 137
81 100
55 99
67 110
27 39
24 84
7 132
15 52
6 23
87 134
63 87
99 141
3 44
106 112
16 109
110 126
38 124
33 82
32 109
48 139
16 143
47 141
35 105
75 91
84 97
34 113
11 16
84 98
16 18
32 81
11 131
6 80
33 124
77 139
56 101
111 144
101 120
19 72
69 103
42 51
45 81
42 90
3 115
0 82
6 130
46 58
12 140
40 65
23 89
99 116
53 110
78 125
8 116
1 108
129 142
28 45
72 126
134 138
129 133
82 91
57 130
76 104
18 36
12 138
128 132
10 31
2 88
10 128
94 106
97 131
67 111
86 145
54 83
16 49
30 140
41 145
101 115
74 144
98 120
31 59
70 137
25 132
35 83
35 132
89 120
120 121
69 145
43 48
64 95
102 145
22 104
50 57
75 97
79 95
73 131
48 111
17 38
76 132
32 142
71 142
49 92
36 103
61 124
31 69
2 123
71 130
18 35
2 51
26 73
94 141
46 100
34 102
56 62
22 50
45 112
34 53
46 139
27 137
75 86
15 28
96 139
30 78
71 117
15 96
114 135
0 32
1 79
9 107
15 25
23 67
43 110
120 125
19 123
3 34
65 78
11 22
44 112
128 131
13 90
18 105
35 40
45 134
78 145
7 65
57 127
81 86
29 31
91 101
33 126
53 58
33 111
88 97
31 135
11 51
53 92
51 73
85 90
16 20
22 58
114 128
0 89
82 97
46 47
32 115
79 114
7 99
5 54
71 137
108 109
72 107
16 127
93 123
22 132
126 129
78 89
101 103
36 46
118 140
36 96
45 103
91 107
104 118
48 121
28 131
78 93
113 124
17 70
76 91
56 83
84 121
73 130
22 133
131 133
25 30
28 135
117 129
27 33
86 139
104 141
11 34
37 86
69 80
98 124
44 72
1 136
18 100
68 131
18 41
0 62
36 126
48 52
3 100
18 119
36 92
11 47
24 76
94 125
42 70
0 129
30 37
119 121
2 125
15 82
69 111
2 120
76 135
80 120
69 107
93 139
84 94
24 48
15 132
21 26
10 76
37 65
31 73
35 95
22 37
15 44
76 144
124 145
14 136
3 104
41 78
15 88
3 32
2 63
27 98
5 113
61 139
37 104
52 120
56 142
18 28
55 115
67 73
122 137
29 102
78 138
98 112
89 101
46 129
56 82
70 91
54 110
7 86
41 80
105 141
35 78
27 29
58 63
36 140
39 76
9 124
21 38
37 105
11 142
29 137
74 84
84 134
55 83
82 83
65 137
35 53
57 59
98 141
79 94
2 145
52 101
56 104
40 49
32 119
24 81
68 116
40 128
8 75
8 124
15 117
14 27
112 124
8 70
46 93
132 133
37 51
81 103
116 119
72 102
7 125
28 99
65 114
45 66
32 107
20 99
90 93
33 40
52 83
7 52
0 4
54 114
80 141
18 48
2 54
29 93
10 38
94 105
11 102
19 25
28 114
84 90
17 57
17 37
24 74
100 112
4 34
93 118
43 145
71 129
49 122
20 95
77 115
1 59
13 81
49 72
11 28
31 123
6 32
99 136
66 84
66 75
4 94
15 57
12 74
16 100
77 101
42 125
5 44
35 130
27 68
9 120
22 78
29 115
21 77
21 32
84 114
115 139
73 123
52 118
82 87
18 145
70 138
41 140
43 100
18 97
7 28
101 134
1 105
37 61
12 99
45 93
63 107
33 140
0 58
56 57
94 114
10 143
119 137
1 115
46 89
34 63
21 108
103 109
23 103
16 60
80 126
26 137
96 126
69 126
88 138
10 18
87 90
78 122
23 98
44 50
66 130
45 80
107 140
40 63
4 136
35 36
31 49
65 98
0 92
82 137
104 144
25 122
46 105
41 43
62 138
13 61
99 108
86 126
2 15
30 105
60 133
68 136
75 140
26 126
18 64
5 30
45 118
116 135
117 138
1 4
18 93
53 139
12 86
3 135
24 29
73 140
46 48
11 41
2 107
97 143
95 123
76 139
8 118
5 111
112 136
10 86
24 40
108 145
108 137
29 119
0 47
90 121
91 144
47 131
14 132
14 17
15 73
21 109
60 85
79 140
8 64
102 126
28 110
50 128
117 121
26 115
18 103
54 56
1 3
1 22
72 81
79 80
11 141
110 125
47 111
42 80
24 87
51 71
7 136
44 140
66 137
7 104
85 140
13 47
69 131
11 121
32 136
16 62
51 89
126 136
11 86
63 91
43 113
62 111
81 136
42 121
74 116
103 120
82 140
17 100
22 131
30 120
81 117
40 96
20 78
44 129
55 70
14 26
77 102
62 81
102 108
37 43
90 100
106 107
28 48
55 72
102 118
69 95
16 63
18 55
63 140
35 136
84 129
112 145
23 144
81 112
6 40
99 133
29 128
118 145
94 121
1 109
40 76
31 95
2 41
43 69
75 96
24 104
31 96
119 126
84 132
97 129
80 105
31 61
50 137
83 127
7 142
56 133
26 81
60 111
123 137
2 121
39 75
106 128
62 126
40 79
26 42
75 145
21 82
81 132
101 117
79 101
37 72
16 126
13 145
0 44
53 54
19 83
51 141
73 113
25 34
69 76
111 142
93 131
25 126
11 81
49 98
50 109
120 138
6 76
84 126
126 130
48 70
64 123
2 65
45 96
20 104
22 112
68 76
12 137
28 92
90 128
10 126
6 51
77 85
26 131
8 81
31 122
7 59
2 5
36 113
61 129
49 107
53 99
41 68
0 22
100 105
53 84
112 133
33 47
19 134
67 78
43 116
120 133
31 121
42 99
68 130
52 97
59 124
30 88
43 126
68 112
29 79
81 124
16 65
26 94
30 121
3 140
3 37
36 73
80 114
14 79
130 132
66 126
14 66
44 118
9 58
6 138
22 107
21 60
47 97
25 77
34 126
62 85
115 142
60 61
53 95
92 106
111 130
38 111
77 80
68 107
35 113
12 127
128 136
93 134
81 145
93 108
47 107
37 47
14 37
102 138
3 108
49 139
65 83
28 111
86 94
11 101
42 63
18 75
24 129
73 143
97 140
25 134
85 108
58 67
15 71
66 81
20 25
89 110
24 132
36 44
43 137
45 83
11 77
22 46
117 122
91 136
0 134
34 39
5 26
127 129
31 126
5 22
87 122
39 64
28 35
34 121
14 60
30 101
26 125
119 129
5 97
78 88
44 133
31 48
70 79
41 95
66 94
36 59
24 54
12 16
85 102
73 134
76 126
65 101
4 41
4 84
72 97
55 64
19 27
15 145
30 136
58 143
109 118
101 108
82 131
78 79
28 93
74 82
27 109
17 23
52 62
47 122
21 136
43 115
6 79
114 136
22 125
66 141
43 129
18 56
59 141
103 145
13 37
0 72
66 92
16 55
20 74
71 101
40 123
2 37
111 113
20 47
17 31
15 21
10 131
57 138
19 80
19 86
38 68
57 103
52 98
5 35
74 85
53 107
35 77
11 43
3 45
33 113
58 86
6 113
74 79
29 144
75 90
66 90
86 144
30 90
35 144
79 110
10 144
15 45
63 89
29 106
42 94
23 94
39 95
14 78
91 130
34 129
41 97
23 113
78 143
9 28
86 91
100 139
63 116
88 128
10 54
38 142
36 67
108 110
76 103
6 7
61 74
3 111
97 100
18 20
134 141
67 81
20 30
4 120
29 68
13 25
113 137
0 126
25 71
43 93
10 99
10 15
59 140
58 125
39 47
90 107
20 145
1 72
0 66
69 134
40 62
37 124
6 17
22 138
88 125
1 122
1 106
4 64
5 34
54 108
18 65
19 39
44 55
27 58
83 112
24 117
51 129
83 143
119 136
115 143
23 138
90 106
49 104
5 43
8 119
79 85
31 107
10 96
118 138
70 129
93 130
1 5
69 90
42 86
66 103
5 119
27 134
38 75
43 99
26 90
11 46
92 131
39 89
68 90
22 79
66 122
0 103
82 110
91 92
20 127
107 125
73 93
128 138
68 86
36 133
87 98
48 103
32 127
32 76
20 109
17 41
97 114
58 132
83 103
30 44
125 130
6 72
41 103
64 117
91 139
64 76
40 74
47 115
7 74
65 99
14 95
46 122
32 95
136 139
45 121
1 27
18 51
30 52
51 131
63 67
80 122
4 100
40 142
87 112
0 145
114 117
84 103
11 69
29 38
37 77
21 91
13 39
65 75
16 97
96 101
57 72
3 117
1 35
116 132
19 135
58 90
79 126
16 136
11 106
65 144
51 118
21 86
13 127
57 124
48 134
70 123
93 141
15 51
6 107
41 87
52 103
33 106
81 123
100 104
56 116
41 105
10 77
25 133
19 98
9 143
80 113
128 143
33 97
25 138
12 48
42 138
6 126
5 133
2 68
73 135
34 74
18 73
39 86
25 130
12 104
25 69
4 56
63 143
95 103
36 97
50 75
75 111
6 13
13 21
70 77
29 55
34 81
70 135
17 95
22 23
23 121
13 36
121 143
68 94
9 109
2 40
23 44
73 112
115 141
7 79
58 113
103 127
4 118
95 106
45 120
5 32
60 96
67 88
16 19
79 103
53 136
47 77
53 109
58 85
49 88
102 143
51 113
24 46
65 87
84 137
40 48
74 96
118 133
17 121
37 90
51 111
20 113
60 75
6 139
52 77
81 89
72 106
58 126
2 14
30 114
43 120
40 53
108 144
38 52
91 129
30 65
16 102
79 117
15 130
23 88
13 121
28 69
78 99
60 122
39 120
8 126
33 80
113 133
6 39
95 122
9 102
115 116
37 52
68 144
53 135
24 97
119 131
13 31
15 35
56 109
11 17
105 130
22 124
0 141
105 140
135 138
72 119
118 143
65 139
77 128
40 114
58 139
38 102
71 116
25 28
40 134
100 133
120 141
24 71
47 65
16 84
110 132
44 110
7 53
46 62
100 117
27 49
93 106
126 138
0 110
59 87
56 132
4 110
21 115
5 109
54 61
36 132
24 120
7 55
46 82
54 105
52 61
5 101
60 118
57 99
91 95
50 60
70 106
3 60
73 136
28 32
72 139
5 96
126 141
11 85
33 62
41 51
39 67
78 101
52 136
121 138
101 135
26 98
56 113
83 92
8 144
28 76
32 60
27 28
26 107
29 32
106 132
74 120
17 139
18 49
23 33
34 60
26 47
41 72
46 114
23 42
16 92
12 38
25 94
16 114
7 66
8 134
41 137
103 123
79 88
113 136
22 65
0 76
26 84
76 136
21 35
2 18
34 46
36 127
31 114
53 60
37 70
20 129
87 142
41 115
20 93
123 139
118 139
69 97
70 126
93 104
15 131
3 8
56 141
15 141
79 120
72 83
41 82
31 40
33 39
4 40
20 118
70 81
61 73
113 135
10 45
97 127
33 61
131 145
30 107
5 36
100 102
17 130
32 130
95 138
70 90
106 130
69 70
9 86
82 102
76 98
15 137
64 116
6 137
11 31
126 133
8 100
17 28
89 106
12 124
143 145
26 103
19 54
9 79
29 121
123 142
131 136
73 106
70 84
105 125
31 67
9 113
81 97
21 28
34 123
55 100
79 90
95 126
73 129
20 94
102 139
47 144
94 139
89 135
21 47
75 85
6 82
51 128
93 125
102 124
29 46
30 108
109 117
124 143
5 104
13 45
7 98
50 116
5 74
16 140
37 123
88 102
103 106
85 110
93 119
64 128
60 129
58 135
19 121
30 139
90 139
69 99
42 108
7 75
11 14
25 46
18 87
28 83
17 69
53 77
5 33
3 47
58 118
87 94
87 113
5 135
20 121
60 141
73 90
83 120
1 20
41 93
6 31
14 57
52 130
22 127
59 84
20 67
45 73
85 124
90 131
20 45
16 51
4 23
49 79
26 75
48 93
17 92
114 124
4 48
29 76
33 54
4 52
52 89
100 130
35 66
26 129
123 141
73 80
42 142
63 73
8 32
14 24
33 37
18 117
49 62
4 76
55 140
100 143
75 99
63 103
110 134
73 88
31 79
31 85
13 89
80 95
19 138
30 103
15 134
2 43
72 127
22 26
5 141
30 36
5 16
8 30
16 116
61 88
54 132
84 89
4 39
71 108
50 73
103 137
63 72
21 71
32 91
43 46
55 123
97 139
64 98
77 104
22 115
32 73
55 142
26 112
44 115
37 106
94 108
93 124
24 66
108 115
125 133
33 44
114 130
3 96
17 50
19 47
21 24
8 135
16 104
49 145
84 113
41 57
27 129
32 87
67 97
1 25
41 70
48 64
43 80
39 52
85 107
2 110
70 112
13 46
75 142
10 81
13 54
2 34
70 102
17 71
31 77
19 96
12 21
68 128
88 136
76 115
31 125
14 91
10 72
85 97
86 132
97 145
61 113
14 101
80 107
88 105
24 88
21 112
43 127
89 115
57 145
46 130
110 133
35 140
26 127
6 114
8 11
27 127
27 59
8 85
10 142
28 31
21 51
14 110
47 60
60 112
82 88
20 86
36 99
40 98
13 112
21 100
68 111
5 137
59 73
9 40
18 52
28 109
90 129
10 55
110 131
21 99
86 142
96 113
100 111
2 33
3 84
8 56
102 141
16 31
35 96
50 61
32 126
41 117
26 111
84 115
111 132
124 133
12 20
47 61
62 137
59 83
11 15
24 102
39 136
8 97
22 59
21 52
11 57
46 111
100 103
35 99
7 139
56 118
45 52
12 73
13 53
45 77
54 73
1 130
52 111
6 50
42 59
33 109
56 58
104 105
55 87
50 56
15 80
27 85
2 70
14 139
16 133
46 127
45 76
55 88
13 122
69 130
102 130
59 78
32 50
47 106
106 126
97 110
23 120
86 119
78 133
37 81
1 88
30 56
24 43
50 78
63 93
34 91
109 126
95 101
82 138
15 112
34 73
103 125
19 106
8 23
18 85
51 60
30 39
107 116
14 117
82 103
4 117
45 84
34 104
24 67
6 88
24 99
61 84
13 83
28 129
55 62
65 68
4 22
113 129
138 139
15 43
59 128
69 138
36 101
30 58
1 113
40 111
53 59
68 72
33 110
65 91
10 124
27 86
24 37
19 31
73 82
49 137
16 52
72 120
83 102
30 75
46 87
74 124
30 127
12 136
6 98
120 132
1 114
87 144
73 132
55 127
3 64
18 99
30 119
36 82
3 38
1 54
90 119
71 84
23 25
5 123
135 145
4 89
29 129
7 140
111 139
21 45
4 27
82 117
23 69
7 80
42 68
27 117
18 23
8 67
27 138
0 78
20 82
15 107
7 144
26 97
41 92
43 96
26 58
0 8
1 52
73 127
19 88
8 36
26 93
2 82
85 93
33 59
27 47
33 53
90 98
54 78
55 133
20 58
86 123
132 144
6 142
30 145
101 124
23 130
41 47
3 110
31 39
61 78
20 49
20 123
34 127
61 77
16 17
4 8
9 38
71 98
3 101
65 94
57 129
22 71
18 58
21 116
11 99
43 53
1 120
8 91
72 116
63 131
42 50
34 100
2 13
95 104
16 69
43 62
62 103
54 65
60 145
29 124
25 39
47 91
8 88
39 104
59 102
2 20
3 90
94 138
6 56
8 107
14 85
85 113
56 114
15 77
0 88
9 121
5 84
45 107
107 119
46 52
42 103
32 48
24 128
89 112
60 137
28 36
38 43
99 112
130 131
21 84
34 80
7 101
35 43
38 66
53 131
35 57
45 87
111 125
127 139
66 104
81 119
33 64
4 90
36 90
18 33
13 16
6 8
30 68
42 102
13 98
68 140
23 37
119 120
2 102
53 81
60 81
103 119
77 145
68 84
71 126
58 101
43 60
21 79
134 144
98 115
61 92
100 138
5 13
35 81
44 102
55 73
42 107
65 86
86 127
21 63
6 67
66 105
31 143
73 85
68 113
117 137
89 96
31 82
78 100
27 115
112 113
102 142
41 86
58 103
36 130
50 62
56 134
51 122
61 122
61 121
10 57
20 125
23 122
42 78
0 105
95 111
55 145
38 45
48 100
84 128
96 97
72 114
23 131
82 124
6 108
2 23
7 36
83 133
16 87
56 61
2 84
15 60
59 131
60 74
25 103
63 137
58 142
60 78
93 112
32 113
102 111
32 93
27 95
35 126
66 100
52 102
120 123
46 71
53 113
136 142
37 41
126 143
19 66
86 143
48 51
54 70
117 128
44 60
64 118
82 84
86 105
115 145
110 114
73 76
57 102
125 131
42 62
29 47
66 123
49 57
37 64
0 26
102 114
0 33
84 104
88 124
56 89
126 142
25 27
38 72
51 68
72 113
30 102
43 104
116 136
47 136
2 122
9 128
47 83
82 130
7 126
123 143
48 79
82 123
42 123
35 134
87 108
77 127
2 96
58 82
29 62
44 57
2 105
36 100
25 104
0 100
11 55
66 133
87 111
3 57
66 114
0 31
9 41
25 131
64 109
105 139
49 109
103 108
55 128
61 106
20 133
22 41
107 117
99 113
92 127
59 75
9 16
58 97
22 143
56 96
8 87
131 137
9 61
74 89
72 89
23 145
46 135
55 134
38 63
32 110
16 53
38 59
51 57
25 75
8 129
46 125
72 90
20 97
18 47
46 108
70 82
52 81
25 72
4 134
13 40
71 85
79 133
17 30
67 124
124 134
10 122
0 94
81 90
9 85
71 87
28 141
10 24
89 142
21 102
121 142
10 90
61 108
53 86
123 125
30 124
87 95
82 98
107 142
24 126
47 125
40 105
87 93
98 143
13 78
64 82
38 101
1 87
109 133
12 75
90 118
45 106
90 127
43 89
113 143
3 65
53 72
121 139
6 117
78 139
93 109
5 67
63 94
95 142
51 117
46 136
18 141
7 58
13 63
73 86
33 71
85 121
61 82
55 94
23 55
30 66
36 108
66 79
20 36
108 139
93 121
11 75
9 123
20 71
71 103
37 79
0 28
58 64
75 103
35 107
42 97
53 56
85 131
25 105
20 89
89 116
8 84
22 24
30 76
75 116
58 71
45 133
88 94
20 110
66 128
59 71
51 137
49 63
38 119
8 18
0 93
115 135
39 77
70 119
24 107
56 106
16 80
89 99
6 34
23 90
19 125
39 41
39 42
114 139
34 143
38 92
8 22
26 104
117 139
139 141
47 81
102 122
14 107
55 96
95 130
53 108
82 127
128 130
88 141
14 56
98 129
72 128
83 122
68 108
64 80
74 117
97 123
55 108
81 96
47 85
62 92
3 5
78 132
25 79
19 76
141 144
47 89
68 109
57 71
71 121
95 99
12 105
24 42
52 122
64 71
73 77
13 91
47 63
87 99
21 123
11 42
15 49
1 56
44 77
77 137
54 80
100 140
32 54
17 133
45 127
17 81
96 100
27 79
5 60
31 136
42 104
33 69
47 117
0 140
13 33
53 90
42 122
98 119
94 131
36 122
9 122
21 144
102 103
102 135
26 130
9 66
53 78
64 91
17 93
7 123
39 145
40 122
45 88
13 65
63 120
89 108
23 101
38 115
86 113
22 93
19 49
55 61
53 68
13 99
117 132
120 135
99 139
64 87
50 67
4 99
50 81
18 37
60 68
97 133
5 66
64 114
17 47
37 74
40 119
119 128
123 134
33 56
45 97
66 86
5 90
41 44
58 119
43 94
24 62
24 100
10 113
62 74
17 119
38 97
16 77
1 68
37 121
4 116
36 88
56 145
123 129
56 74
9 21
52 70
15 116
59 135
82 93
39 106
29 114
59 125
57 123
4 11
49 127
23 128
36 43
82 92
80 121
21 113
62 105
48 142
19 63
15 101
16 25
80 86
88 139
29 37
54 88
130 139
96 133
12 106
104 143
66 101
109 144
25 140
135 140
13 57
91 123
63 139
52 123
58 83
127 135
78 95
105 121
1 16
9 25
1 40
29 56
34 116
64 129
76 83
79 91
6 65
136 143
53 70
30 128
87 92
43 98
26 41
40 43
40 129
62 140
32 58
96 140
109 139
14 23
100 122
109 122
20 112
18 140
15 29
26 109
92 117
4 91
42 124
36 71
30 106
39 121
67 75
60 143
32 82
41 143
25 110
20 55
87 106
60 142
10 92
138 143
63 70
9 53
12 80
71 72
38 89
96 138
18 46
123 140
14 89
5 19
57 131
2 119
68 135
35 59
81 134
129 132
47 120
36 62
44 138
19 51
15 128
93 128
55 112
76 107
49 126
55 103
4 38
31 112
39 72
63 118
96 111
61 130
116 134
17 125
105 126
46 133
39 81
36 131
78 109
89 94
100 129
19 128
36 87
131 143
1 125
11 112
57 133
40 125
102 119
8 109
60 102
36 70
89 138
15 139
45 57
18 94
60 64
9 51
98 134
27 126
60 99
17 65
10 117
58 98
39 141
21 27
28 79
58 104
31 115
75 93
48 92
2 127
28 95
5 125
45 145
4 138
12 29
1 73
62 128
95 134
41 133
34 97
1 71
42 92
75 121
25 37
87 139
70 86
58 114
52 74
74 129
75 98
46 101
37 113
52 76
12 50
49 66
88 106
11 117
60 114
86 116
77 100
76 81
0 16
37 142
20 81
36 52
28 144
102 132
65 105
60 90
9 92
22 144
2 49
29 139
3 94
11 72
29 44
82 115
54 144
39 124
40 45
59 110
71 113
130 141
32 143
54 117
20 124
1 97
46 109
82 95
15 103
5 112
35 72
111 145
58 72
53 100
25 127
83 114
94 145
5 47
5 108
16 142
11 137
20 22
15 70
14 35
55 117
66 98
44 111
49 58
38 49
57 126
87 116
51 78
11 139
48 73
47 70
60 110
31 104
43 74
82 104
2 46
24 91
43 45
82 101
12 28
0 108
48 131
20 107
38 112
4 18
0 48
95 125
33 102
54 122
15 27
29 60
69 71
112 132
16 121
12 85
50 99
62 101
93 144
7 42
30 115
15 47
79 109
21 58
54 119
3 27
54 127
47 66
67 89
90 122
131 134
110 143
87 135
94 118
62 82
21 145
101 125
40 137
51 52
11 115
71 135
64 106
0 107
78 121
51 83
23 65
114 132
32 125
56 76
45 95
62 134
32 37
75 143
1 90
64 145
115 126
4 7
12 31
7 109
24 140
61 115
11 44
69 105
27 69
39 140
34 48
107 131
11 135
0 18
30 60
35 60
29 136
43 65
1 74
13 134
48 108
100 113
2 45
65 104
35 111
11 25
3 107
27 139
11 136
15 102
47 72
34 95
71 114
40 126
55 130
6 94
67 84
58 112
76 97
10 139
71 109
103 122
6 49
30 70
77 81
8 52
29 58
86 130
17 67
31 145
75 115
97 136
69 84
21 142
49 114
14 73
10 39
27 88
24 109
57 76
50 144
91 115
103 128
15 123
34 128
36 72
9 82
66 125
12 134
13 69
52 119
73 139
53 65
33 136
92 142
13 102
89 123
45 126
48 55
109 120
2 32
24 144
94 100
61 142
30 137
25 84
56 125
56 121
38 141
26 34
42 101
3 13
33 117
102 116
54 82
20 73
15 58
27 141
23 126
49 100
55 89
52 95
65 67
71 136
0 144
63 123
4 28
14 111
3 16
46 104
10 75
99 132
134 136
34 50
44 145
100 114
37 53
101 145
25 41
51 110
69 77
123 126
91 100
9 72
17 84
67 105
74 95
25 101
95 132
45 98
85 88
16 123
107 129
8 121
1 92
110 112
51 74
27 119
87 138
84 110
75 123
44 142
69 120
21 98
82 112
9 97
0 63
52 80
5 40
10 104
84 118
9 75
71 122
44 108
62 127
1 126
63 127
47 143
23 58
61 91
8 73
1 60
72 115
41 130
20 41
124 125
101 133
1 51
139 143
19 90
26 86
48 72
108 118
31 138
61 62
24 70
122 129
59 72
35 79
12 92
41 60
60 70
124 131
116 125
34 83
117 127
97 125
89 104
123 131
20 88
68 69
141 143
78 80
86 101
92 145
57 74
36 56
53 137
0 102
58 123
55 71
36 40
60 104
51 70
5 142
113 122
16 93
83 107
35 103
65 100
117 126
6 29
15 64
19 85
57 90
42 66
9 17
37 62
65 66
52 129
1 133
54 55
18 114
77 116
113 141
27 62
24 44
19 141
53 57
24 143
51 77
41 128
4 115
20 70
62 96
38 64
23 26
23 50
88 95
89 100
41 54
30 143
21 61
37 91
33 75
15 119
113 115
39 84
116 142
41 75
35 123
106 110
35 64
105 115
57 142
130 140
8 82
30 93
21 135
131 132
52 86
12 76
23 109
111 119
133 137
30 34
28 68
28 101
33 48
62 120
30 116
29 45
23 125
44 134
17 112
78 104
7 112
37 118
18 102
92 95
5 9
107 118
17 58
56 126
137 138
52 108
85 133
82 120
8 89
48 84
4 51
52 133
96 132
32 86
61 72
25 70
19 65
48 136
70 97
104 136
0 109
104 110
68 122
62 70
31 91
32 89
24 36
26 62
77 110
15 65
14 120
24 79
10 56
14 104
79 118
97 107
7 88
48 67
115 123
19 113
8 40
15 32
22 42
44 92
7 44
2 35
133 144
101 110
60 93
0 113
85 100
2 86
142 143
103 104
76 85
38 88
5 42
14 98
78 107
17 105
101 137
42 84
10 108
94 137
0 84
32 145
35 124
18 84
7 68
22 60
13 126
10 23
12 22
67 135
91 99
18 132
56 99
5 23
58 73
136 145
0 49
19 108
93 136
4 70
54 85
88 96
99 114
97 128
27 102
39 131
22 106
91 134
11 104
6 66
110 127
70 143
62 73
5 49
15 129
63 108
36 89
22 116
27 61
24 137
35 115
37 97
120 145
25 67
52 57
10 53
37 134
1 142
4 45
20 128
122 141
94 134
79 119
2 92
18 78
34 118
21 80
99 145
21 41
7 33
101 143
119 132
128 144
33 121
83 84
42 134
54 68
57 87
1 81
80 92
104 145
79 144
105 113
20 134
59 88
115 133
4 65
14 40
53 71
33 132
36 51
98 111
69 117
84 85
25 135
46 61
117 124
79 89
74 118
88 142
82 96
95 135
49 94
103 132
36 105
24 41
49 71
24 56
49 144
98 118
26 99
12 131
6 42
137 144
78 110
28 29
34 51
106 122
66 69
64 97
43 50
80 125
70 101
26 48
29 30
70 118
12 145
0 116
33 87
54 136
22 145
43 107
103 115
10 42
1 107
32 74
63 145
9 63
40 90
13 44
65 79
28 50
39 68
32 51
43 51
52 125
61 134
15 144
104 106
45 58
79 102
119 143
65 111
1 37
64 81
129 137
28 143
131 138
72 77
60 82
0 12
57 60
8 132
91 112
86 93
74 135
28 72
4 60
71 102
1 13
0 117
16 68
115 134
52 117
36 39
54 124
1 31
60 126
14 43
127 132
95 109
43 132
67 68
62 89
15 111
24 57
38 114
53 120
9 33
51 102
73 104
101 122
127 128
59 104
53 111
110 123
19 71
123 144
102 140
5 55
15 34
20 54
95 140
24 35
92 96
42 72
59 70
24 64
72 122
44 52
21 49
46 77
50 93
3 136
43 70
17 77
63 144
26 53
35 91
98 106
45 108
8 117
42 141
125 135
57 62
32 141
4 133
15 40
57 110
40 55
94 99
8 103
69 114
105 129
32 79
50 72
80 103
65 133
39 122
106 124
61 138
33 63
59 62
65 96
51 97
62 106
71 78
2 139
4 15
68 102
117 131
120 137
34 35
100 126
68 104
85 144
50 85
90 104
75 82
55 68
44 123
17 104
10 83
31 93
15 135
79 108
16 38
12 108
20 103
14 22
86 99
46 79
135 141
19 126
24 63
2 12
64 77
43 56
21 138
12 65
107 120
15 126
61 141
39 80
74 91
33 60
119 125
30 92
16 39
58 89
48 71
23 135
53 55
16 141
12 54
84 123
83 130
99 129
53 106
102 120
36 137
34 82
26 135
12 70
47 112
0 119
70 78
8 15
2 111
35 74
111 114
32 33
48 114
8 143
49 129
9 44
7 76
78 124
92 122
44 83
10 133
61 104
51 91
31 118
59 74
47 49
85 135
5 8
47 138
79 81
8 92
17 120
105 144
74 136
125 127
15 36
28 75
3 123
42 118
72 121
13 71
49 119
69 143
21 29
20 120
91 145
62 98
40 73
24 59
6 75
55 67
98 105
56 139
62 123
47 59
95 129
40 92
50 54
108 136
54 107
29 78
88 143
31 78
31 124
25 26
48 135
36 61
15 72
83 123
23 70
29 51
86 140
53 141
2 58
12 51
30 122
55 90
14 109
72 74
27 133
78 97
26 143
18 42
7 64
106 144
63 86
24 136
75 144
13 142
50 115
0 59
47 95
84 131
9 93
14 29
27 51
79 128
56 86
57 139
6 62
57 84
82 144
74 75
53 125
45 91
30 64
45 138
84 109
39 70
35 75
58 115
88 132
4 37
102 131
114 137
49 91
46 50
59 113
144 145
45 49
29 86
27 120
60 65
41 126
80 90
44 49
28 118
33 67
34 124
20 27
52 54
20 69
9 48
10 19
70 116
49 102
10 27
1 46
8 139
33 52
15 115
124 135
17 103
9 106
68 143
41 141
51 93
67 79
98 113
19 46
23 73
19 100
1 144
25 48
9 64
15 125
33 34
98 135
115 132
85 114
70 127
72 94
101 131
93 96
76 111
75 141
4 66
47 114
57 67
59 118
66 111
75 88
1 23
38 87
66 134
92 114
9 14
50 119
101 118
76 131
12 23
76 130
10 89
5 117
41 53
11 144
7 95
24 141
62 125
87 100
1 19
98 145
9 111
90 120
9 119
114 141
1 8
21 40
82 113
20 72
51 59
31 62
20 46
4 111
41 56
92 137
77 111
96 141
25 35
24 55
57 86
67 82
23 124
32 98
86 106
46 140
101 111
18 83
76 143
41 125
137 143
87 119
19 59
131 140
129 136
7 93
71 74
45 129
10 33
76 93
86 117
16 117
92 101
7 35
38 44
17 138
82 125
26 89
69 123
29 73
81 114
23 43
22 77
73 124
96 123
79 131
58 107
135 144
30 141
75 113
38 39
2 126
36 79
116 130
43 57
55 74
52 55
73 92
32 106
51 143
26 140
3 95
36 104
54 120
29 110
70 107
112 122
38 131
59 96
0 125
22 80
65 84
87 126
1 30
47 98
123 130
67 87
76 122
110 136
91 126
49 120
2 79
41 100
1 84
4 50
49 81
95 141
25 29
57 137
12 81
68 78
45 117
62 100
74 119
0 6
88 122
28 66
58 84
9 104
25 93
53 74
20 142
98 101
21 97
14 74
6 20
27 55
36 86
28 96
32 139
3 144
67 90
7 26
21 129
54 113
79 92
31 60
20 116
17 29
39 101
11 35
81 84
14 123
43 130
61 100
69 92
19 44
56 103
95 137
75 89
19 69
65 77
13 32
97 99
60 86
52 72
18 54
98 125
17 20
43 140
4 68
65 116
77 133
23 66
47 132
7 111
73 108
31 110
8 83
15 94
31 97
100 109
74 143
58 68
62 143
98 102
96 127
129 130
11 74
8 145
58 79
102 104
3 71
115 144
25 73
92 100
5 127
18 76
67 96
28 44
114 144
32 83
67 129
44 84
58 105
4 108
39 79
61 118
116 131
53 130
28 124
15 97
106 139
27 132
94 97
60 108
29 109
63 82
64 102
52 127
19 35
46 107
1 12
18 113
69 106
20 35
7 12
17 97
129 131
39 108
5 65
26 87
34 45
21 124
3 80
119 142
34 114
51 99
119 130
34 52
74 97
32 134
50 52
42 79
11 124
32 129
61 64
94 95
57 117
6 115
37 44
69 86
2 69
65 107
112 142
45 122
15 20
64 72
29 88
24 106
12 102
35 39
62 72
24 47
44 53
46 103
12 59
27 142
91 133
25 114
79 113
63 115
66 95
0 3
6 125
123 128
18 27
16 27
78 82
143 144
50 139
107 136
90 124
17 24
14 96
73 144
18 127
15 89
25 92
76 141
44 107
118 142
13 92
17 55
76 99
117 120
6 54
44 125
28 39
98 122
92 132
80 143
11 110
36 107
74 107
47 101
42 73
107 133
40 50
40 139
25 145
83 115
89 136
111 131
112 125
90 143
124 138
92 125
67 74
48 140
4 73
30 35
25 113
60 79
60 87
25 62
12 69
33 70
97 144
103 141
101 142
49 118
23 56
119 145
82 100
0 37
76 106
61 135
36 93
3 14
35 131
36 123
3 56
43 142
35 129
38 132
100 145
70 136
1 134
11 108
86 103
20 100
41 74
14 140
70 83
110 138
2 116
20 60
15 26
5 121
49 112
68 127
30 126
58 91
30 55
88 98
47 127
66 109
46 95
102 107
60 91
27 90
44 45
42 61
87 107
16 113
24 32
17 79
0 79
109 128
90 117
53 144
19 87
82 136
40 66
11 109
15 99
28 85
1 123
9 50
44 65
82 132
122 135
50 95
23 106
44 97
45 123
34 96
0 19
70 134
112 135
27 84
38 139
4 9
57 98
42 120
83 144
109 129
59 108
0 69
61 145
96 108
96 119
71 79
58 128
92 120
54 128
20 135
47 140
45 131
132 136
10 29
19 101
72 100
84 112
1 139
36 41
59 112
3 127
33 45
127 130
23 102
47 58
7 16
125 143
1 42
89 122
70 105
93 135
7 57
19 73
113 119
30 96
107 114
54 140
36 81
89 131
90 109
64 110
90 110
87 141
11 130
1 76
59 144
44 114
41 119
22 85
26 128
9 49
10 28
33 98
35 62
33 35
49 132
39 63
24 114
95 117
31 142
127 143
43 135
32 56
36 77
17 89
53 117
31 68
66 120
4 143
109 132
22 70
53 94
54 59
7 107
21 121
69 129
112 138
8 79
12 33
30 110
18 96
112 117
58 133
88 113
59 100
90 108
40 58
4 92
82 142
16 44
21 143
125 136
3 43
112 123
66 106
41 136
63 85
29 66
56 97
67 93
72 136
93 116
28 126
108 128
105 120
112 119
83 126
4 80
3 67
77 99
139 145
67 140
62 133
6 91
73 117
1 24
46 69
33 123
19 84
25 112
10 41
28 116
93 107
21 54
22 120
35 90
37 85
75 95
46 65
60 73
42 75
26 31
66 87
34 106
87 110
34 76
106 145
85 142
20 24
15 84
3 21
70 93
47 145
37 107
32 101
100 125
23 84
71 89
63 119
96 104
13 133
23 97
100 108
9 29
34 40
85 145
32 99
37 138
74 125
11 120
82 121
7 82
53 145
76 96
62 102
136 140
51 136
62 93
9 131
55 105
56 120
3 49
62 64
114 121
93 105
37 66
28 30
24 103
109 116
7 15
85 129
41 107
49 93
9 55
28 117
66 82
28 80
106 136
8 138
47 121
12 100
1 118
137 145
50 68
39 51
14 41
55 56
112 140
27 78
103 144
5 27
19 21
86 134
43 59
70 98
58 145
1 45
9 23
25 31
95 100
82 107
67 98
110 121
48 109
35 49
2 22
19 111
20 29
27 101
27 124
9 67
132 141
130 137
86 118
98 127
44 89
44 128
3 69
7 131
3 99
14 141
56 80
52 59
120 144
15 53
29 94
5 70
46 124
101 106
96 136
80 137
28 133
15 110
16 98
26 55
13 97
61 144
63 98
61 65
97 106
64 124
23 41
43 106
11 80
50 82
10 87
15 54
84 143
72 93
19 32
80 129
44 120
104 107
51 121
34 108
13 86
13 50
110 113
33 89
53 121
19 95
76 77
38 57
5 105
23 81
49 141
41 67
53 87
41 131
68 117
94 116
12 122
82 94
62 109
58 127
59 67
128 134
42 60
111 115
10 16
31 58
116 126
46 72
64 133
7 69
15 74
13 75
24 50
25 108
35 50
69 136
12 36
34 122
101 105
70 140
67 119
25 33
41 45
21 53
12 113
64 120
37 87
35 102
66 113
117 118
34 62
9 125
13 68
16 86
41 116
13 80
106 114
84 138
122 142
112 115
10 70
80 131
8 63
68 77
98 108
120 126
5 75
40 107
44 90
56 117
72 82
78 135
75 134
41 109
8 10
1 99
62 119
20 144
94 126
1 36
5 63
3 46
12 19
65 80
14 105
27 110
28 67
50 118
49 90
46 84
135 139
20 115
80 83
16 45
39 57
56 138
19 38
85 95
26 105
7 96
50 120
35 145
11 39
70 100
88 93
110 116
108 116
53 133
123 145
12 45
86 102
16 95
38 47
113 140
54 57
16 23
11 83
66 136
16 101
69 73
18 133
7 19
28 121
3 125
6 70
34 105
65 69
18 98
9 19
108 123
25 89
57 105
0 68
62 75
63 75
67 125
17 34
34 75
17 51
38 125
22 140
31 70
114 145
63 84
37 102
107 138
14 28
52 94
34 87
37 49
11 134
49 117
34 72
51 142
14 48
30 142
7 71
61 83
8 65
48 57
125 145
10 52
79 97
50 96
20 38
0 56
52 73
31 80
49 103
29 101
60 63
74 131
33 96
12 68
0 104
51 120
58 96
104 142
81 111
99 143
3 134
108 140
51 108
30 117
96 112
57 81
16 30
62 84
16 54
24 122
27 113
0 120
83 89
63 138
13 141
21 87
0 29
32 114
48 74
7 51
10 98
76 102
26 91
92 135
46 144
121 125
10 26
64 92
2 100
36 54
33 105
72 73
41 123
68 133
45 55
18 123
21 72
120 130
29 69
87 114
93 140
7 85
70 75
21 83
36 85
5 71
90 115
76 128
10 106
46 83
36 74
13 59
103 121
14 118
103 136
1 129
40 95
57 68
11 89
111 112
33 93
28 136
17 83
1 57
43 76
68 73
3 105
38 109
3 10
27 77
66 70
0 143
42 89
53 118
33 131
27 91
70 142
38 67
38 128
50 86
15 18
76 80
37 83
46 51
65 120
7 47
24 111
19 140
56 122
115 117
59 123
58 99
74 108
3 143
21 30
13 73
77 103
99 125
21 105
65 127
71 105
14 135
29 118
40 138
34 88
105 122
14 42
77 130
5 110
35 84
44 47
108 111
59 115
46 142
0 97
91 114
44 96
13 38
82 126
24 61
23 140
70 95
63 133
54 91
30 43
3 19
82 134
40 102
5 76
41 122
113 127
99 100
26 136
54 126
1 85
50 111
97 101
51 134
29 50
13 17
103 126
124 129
36 141
32 44
26 66
77 86
71 75
54 75
7 10
55 143
31 89
59 142
52 96
82 90
58 69
17 19
3 77
87 96
52 134
19 40
84 108
113 116
5 37
105 142
32 112
4 93
34 38
4 135
19 122
102 127
44 63
46 67
9 135
85 86
38 62
6 58
47 82
35 104
31 105
17 123
138 142
5 86
85 103
134 140
75 118
59 109
30 48
87 127
40 71
13 123
96 106
53 128
29 39
44 82
8 127
111 122
11 114
14 142
42 55
43 95
40 99
51 79
62 144
86 133
64 137
32 72
118 119
38 118
47 124
28 74
63 102
122 127
102 128
37 100
29 122
113 134
35 58
80 132
33 95
42 117
88 114
25 128
1 75
43 44
122 138
8 49
72 141
63 101
80 135
129 140
16 111
16 64
129 139
68 82
10 121
81 127
1 100
28 128
108 138
125 128
118 144
16 37
59 139
35 112
28 49
0 74
26 28
86 110
70 103
107 144
6 101
59 82
54 134
22 30
12 40
84 139
54 69
113 114
7 13
35 42
56 135
29 97
42 87
38 60
56 102
30 135
117 119
88 140
58 117
140 144
16 59
23 83
86 96
2 133
5 69
31 65
93 143
10 78
4 67
134 142
55 141
17 127
75 105
54 81
45 130
44 136
83 142
101 121
3 126
4 32
33 141
16 47
49 110
95 124
88 123
1 80
80 130
17 129
2 130
48 113
5 59
130 143
29 84
35 97
134 139
65 89
35 76
97 132
25 117
65 108
11 126
61 110
11 36
86 115
8 47
36 121
84 125
69 135
23 141
15 62
24 30
58 111
94 104
14 138
95 112
92 98
40 64
13 76
81 118
1 143
57 73
75 108
74 113
21 78
5 82
132 143
59 101
119 122
79 123
90 103
67 86
11 53
50 121
42 91
53 134
37 92
33 66
25 32
54 112
41 142
14 115
36 58
39 127
61 67
79 98
23 27
33 68
25 106
28 89
80 96
28 87
44 131
48 124
38 61
35 119
37 46
4 62
46 117
25 107
47 134
63 66
28 132
58 116
99 124
107 143
31 116
91 103
15 38
45 79
10 14
44 130
100 123
31 52
96 118
49 105
45 59
88 107
18 89
76 89
75 138
66 76
39 62
0 41
81 128
23 108
35 94
50 123
53 62
9 76
43 64
48 133
91 131
7 49
65 113
62 135
55 109
82 109
14 126
20 143
0 5
37 129
7 113
8 141
47 108
72 109
22 75
60 84
64 140
71 132
14 125
35 89
87 91
103 142
41 101
81 91
55 110
79 143
60 136
112 130
16 40
4 131
83 139
6 18
33 99
86 141
62 80
7 115
73 137
44 99
36 64
49 97
139 144
16 145
40 103
6 26
123 138
50 101
8 106
112 139
96 110
86 98
33 36
105 133
6 48
46 63
35 108
25 54
48 75
107 130
0 64
123 135
10 105
32 118
80 94
43 67
4 53
18 57
44 132
117 142
91 137
8 61
11 138
38 73
81 105
38 130
36 144
0 21
18 112
68 98
6 47
25 43
2 99
27 118
20 108
66 118
20 64
58 74
59 60
105 127
126 144
34 61
89 105
77 93
10 134
112 128
96 105
37 141
62 136
60 123
34 90
4 61
17 113
50 130
69 137
72 92
124 142
81 137
4 13
43 82
67 131
26 113
61 117
31 144
4 58
2 143
68 95
13 60
77 132
58 108
43 90
5 128
30 49
9 141
72 99
39 138
14 25
63 110
21 89
78 83
51 63
37 110
11 128
59 65
48 143
21 68
55 80
36 111
106 135
120 143
38 84
36 118
38 98
78 102
39 44
3 86
5 56
2 73
47 92
93 117
55 107
41 71
93 142
9 142
24 133
22 43
74 102
116 143
22 81
56 95
97 130
25 119
40 57
6 11
78 144
27 128
69 140
13 101
15 23
19 110
15 76
92 128
13 139
67 102
70 92
32 71
2 141
5 18
36 114
12 26
57 104
58 102
80 119
75 101
41 85
28 86
11 103
50 107
48 117
8 48
46 110
36 50
102 125
17 115
33 101
0 132
16 24
16 79
13 135
42 130
54 103
9 39
76 92
15 78
105 145
29 126
9 101
40 72
30 73
107 111
66 108
61 119
62 113
97 141
34 119
99 121
94 142
15 24
18 135
9 15
25 50
73 98
0 46
54 94
30 132
18 26
20 33
30 54
38 53
62 122
26 49
1 61
80 98
62 76
97 108
46 73
105 118
48 102
52 79
91 127
15 69
42 46
28 105
45 51
66 124
60 107
27 145
104 122
27 130
19 20
61 66
40 67
64 103
21 140
7 38
81 131
31 66
69 74
50 87
14 21
6 131
0 17
137 141
130 144
55 118
4 19
10 91
32 102
29 70
77 84
44 79
34 66
66 78
39 56
0 85
71 134
5 93
77 108
40 104
50 70
28 52
79 121
115 136
65 106
63 128
109 145
54 139
33 90
104 130
20 138
28 145
7 30
45 46
106 142
49 116
35 142
4 20
80 101
95 118
55 98
22 92
54 95
42 119
10 120
113 128
32 57
28 51
29 130
6 77
74 114
64 100
90 138
57 109
43 77
4 103
47 90
74 87
111 123
37 76
82 129
7 117
78 91
21 139
35 135
121 122
9 83
10 94
59 121
114 133
62 116
35 67
23 52
18 118
70 104
64 111
65 141
90 134
109 113
113 142
67 120
59 77
94 111
67 137
111 136
73 96
53 96
37 101
50 53
26 114
62 124
98 140
86 122
8 128
0 115
2 53
30 63
78 126
20 43
61 68
62 121
64 65
97 135
121 132
106 143
37 84
71 107
88 99
51 103
57 96
9 90
59 136
44 64
42 112
91 141
31 38
51 61
2 89
102 105
5 91
44 78
21 103
5 14
5 7
77 94
90 96
0 133
53 123
8 137
6 74
19 119
27 99
69 75
16 119
33 57
65 145
119 138
74 138
55 75
23 51
71 112
71 140
69 141
49 83
104 127
62 99
68 79
43 122
20 31
2 47
15 67
57 134
20 76
56 70
15 100
96 102
69 115
1 29
5 50
8 98
108 124
4 87
131 139
75 109
114 134
42 145
118 136
122 131
22 74
37 115
0 1
9 65
66 91
37 136
38 103
24 116
52 107
63 81
27 32
41 48
27 131
27 143
35 63
11 70
9 20
30 112
75 100
38 51
81 143
88 115
103 114
66 68
29 81
2 76
23 24
11 87
51 84
39 69
69 116
26 122
14 36
104 112
18 71
56 64
2 131
45 70
56 65
33 55
100 142
28 90
86 97
89 109
18 126
39 111
20 140
33 92
42 71
28 142
26 29
45 48
66 77
14 103
10 82
20 68
61 86
41 108
90 145
13 96
125 140
47 103
58 144
52 145
74 81
46 126
83 101
66 107
12 14
8 69
10 137
52 93
6 99
80 100
70 88
35 47
64 73
3 23
9 137
48 132
2 48
78 94
1 145
109 127
61 136
73 79
89 118
19 142
104 135
41 96
90 142
75 84
122 136
34 133
114 127
23 36
76 124
9 47
44 135
17 131
88 101
68 99
69 101
16 99
45 119
23 45
29 135
69 81
83 128
5 92
33 38
30 38
38 143
61 132
25 118
34 112
55 93
53 76
14 128
81 130
1 86
1 64
27 100
85 111
32 122
95 120
44 101
116 118
73 133
75 119
40 143
6 105
38 90
19 57
54 111
41 104
60 139
108 130
85 91
49 121
41 112
22 48
43 66
118 126
14 52
15 66
6 68
57 100
89 102
79 104
29 98
1 95
17 140
8 111
106 133
128 133
52 90
46 49
39 125
2 113
85 99
14 59
14 58
48 94
69 109
0 13
38 104
11 132
29 111
61 123
55 97
124 137
97 116
18 104
16 46
6 106
6 129
1 15
91 108
64 79
26 60
93 98
1 111
127 144
93 102
3 81
52 68
85 123
13 94
32 88
47 84
104 111
29 142
18 111
18 44
30 83
70 108
84 144
94 124
72 78
29 65
26 116
34 77
26 79
44 75
77 135
16 43
14 64
91 124
121 140
1 110
27 45
70 132
42 93
85 105
94 127
48 110
25 95
68 71
58 66
122 133
2 36
46 68
57 95
76 116
101 114
110 119
55 144
67 70
33 86
137 142
103 131
52 75
28 61
0 91
38 138
10 112
44 105
92 104
113 126
55 76
36 102
84 101
33 122
68 134
74 101
72 79
51 107
41 62
31 75
53 115
116 122
55 131
48 90
26 118
84 100
14 34
73 95
64 88
7 41
12 116
17 75
8 140
36 78
16 137
52 140
3 74
60 128
88 133
17 134
112 126
92 115
116 117
9 56
35 69
37 137
49 140
72 137
51 116
87 133
52 139
91 106
79 132
9 57
64 85
2 72
76 90
85 96
75 136
67 80
22 57
91 140
89 126
69 83
53 98
10 59
126 145
63 64
10 97
93 120
48 83
35 92
39 117
27 50
133 142
25 102
41 55
39 109
79 115
62 142
64 112
2 21
74 121
13 137
53 66
98 136
108 141
13 64
9 80
66 131
40 83
44 100
101 127
84 117
31 92
76 119
6 41
4 72
69 87
10 132
18 68
4 107
12 119
34 70
37 73
20 32
24 94
80 124
62 114
0 130
25 86
11 92
22 66
2 67
51 56
101 130
101 136
119 133
29 52
55 111
38 126
11 90
111 117
19 41
7 105
58 80
96 137
52 143
18 137
70 72
46 59
34 64
2 106
119 127
2 108
97 124
65 92
57 91
29 63
21 36
17 49
5 64
65 70
2 55
68 101
8 21
21 74
43 138
27 125
43 47
42 64
103 129
3 75
91 109
12 95
43 125
125 137
67 92
58 70
44 67
17 136
65 119
2 28
46 137
59 92
13 128
77 89
17 88
72 140
16 28
7 27
3 83
61 143
86 111
40 101
18 50
6 89
32 68
35 127
12 52
68 106
43 73
1 44
49 87
104 108
57 70
35 54
54 93
17 33
49 67
104 109
35 137
10 20
54 101
12 34
85 128
112 116
0 24
83 110
68 139
41 73
49 124
17 85
39 128
53 112
18 60
65 117
48 58
48 127
84 145
77 92
10 123
36 60
26 82
15 98
99 104
32 133
120 134
105 109
8 66
66 80
34 134
117 143
64 104
29 57
115 120
2 74
106 127
32 117
3 128
40 41
32 65
127 137
50 58
79 83
27 40
21 46
29 33
80 89
78 108
3 66
0 70
76 105
30 47
9 140
34 120
13 107
56 98
6 61
47 93
82 106
21 33
2 42
44 143
7 133
14 49
50 131
37 112
39 93
2 101
42 53
55 132
35 44
33 127
79 82
59 107
104 138
73 119
23 99
119 141
104 134
39 45
73 87
4 132
0 138
11 65
70 109
50 106
2 75
19 139
0 14
69 108
91 121
