148
9
5439
60
45 2
70 2
90 2
44 4
48 2
74 3
64 3
86 1
45 4
42 2
73 1
47 1
79 4
85 1
63 2
56 1
89 3
54 4
45 5
46 3
51 2
54 1
65 3
89 5
61 2
43 1
80 5
77 1
59 3
80 4
89 4
78 1
79 1
79 2
90 1
49 2
81 5
85 1
44 2
48 4
72 4
66 2
52 4
76 2
49 5
52 2
46 2
56 5
79 4
54 4
89 3
66 5
66 2
89 2
75 4
65 2
60 2
73 5
73 3
52 1
89 4
61 2
45 3
73 1
61 2
72 3
87 4
44 2
55 5
86 3
73 2
77 4
40 1
60 1
41 3
72 4
55 3
52 2
81 1
51 3
63 5
57 3
46 4
59 2
43 1
61 5
63 4
46 1
62 1
51 3
71 4
82 2
82 5
69 3
70 3
73 2
56 2
53 4
77 5
85 4
74 2
82 4
65 1
82 4
53 4
70 3
63 5
64 5
47 1
86 2
54 5
62 3
86 3
63 4
44 3
58 3
62 5
66 1
51 4
40 4
56 2
49 1
82 2
62 3
61 4
71 3
81 2
47 3
65 2
85 4
53 4
78 1
59 5
67 5
58 3
81 3
88 5
73 2
79 3
64 5
59 4
47 1
53 4
80 5
40 5
50 4
64 4
71 2
6 98
86 141
16 98
60 101
87 95
2 99
44 58
9 93
0 116
15 65
18 94
45 62
102 119
112 116
57 142
89 103
22 88
94 146
103 143
42 131
86 115
20 94
20 48
84 125
40 135
46 65
27 67
50 70
67 100
1 124
63 65
21 119
20 139
44 104
100 124
40 123
66 147
130 133
70 102
112 118
106 123
1 48
8 44
43 62
52 134
10 51
1 102
107 138
81 87
82 130
126 146
10 103
93 121
3 125
65 141
78 147
70 75
5 147
47 140
9 78
33 134
64 130
18 134
60 113
112 144
104 115
109 120
107 140
51 115
20 147
15 53
78 112
30 146
116 119
124 144
50 110
97 123
38 107
37 104
128 132
113 131
119 120
55 138
69 79
49 136
19 82
21 89
35 48
65 112
38 82
31 118
68 91
5 69
127 144
64 73
4 62
129 139
72 109
43 140
126 137
84 147
99 113
35 50
22 70
49 123
48 81
89 121
37 128
15 18
42 142
8 37
6 146
8 81
106 143
1 70
82 94
30 73
54 140
51 73
44 101
32 44
79 127
41 75
114 142
48 52
51 70
55 98
136 141
39 144
102 112
56 132
46 50
60 120
25 49
12 57
1 5
138 143
91 120
38 128
134 139
28 100
37 59
4 63
124 130
27 102
3 16
16 62
0 40
64 135
65 135
130 138
11 130
22 116
19 74
12 34
42 147
21 64
31 56
30 145
37 46
81 113
116 129
11 45
97 120
11 36
74 98
16 132
65 118
17 118
59 99
16 88
75 129
0 111
85 103
2 64
12 20
11 84
10 58
54 128
13 135
36 108
130 136
65 68
91 95
15 141
88 140
1 27
13 16
12 19
33 103
22 125
20 81
99 133
26 107
19 98
18 50
62 129
102 134
22 147
68 110
22 81
100 147
17 133
1 134
21 65
33 127
128 138
82 85
10 131
26 115
15 143
4 7
3 8
47 61
30 58
11 145
44 95
43 119
40 126
2 78
102 126
120 125
60 134
36 76
128 144
36 146
97 126
23 67
100 105
117 142
83 93
5 109
35 65
35 118
4 54
13 34
22 39
45 80
7 58
50 107
60 127
9 98
48 58
8 33
26 101
18 115
41 94
69 117
13 58
14 53
119 135
55 93
118 127
108 109
62 63
14 38
71 125
24 107
90 113
34 110
76 86
17 70
125 138
29 81
60 105
55 110
61 95
78 146
106 133
78 113
71 104
12 146
66 73
99 101
21 128
11 12
4 128
63 84
78 137
23 87
97 108
98 113
83 130
20 70
49 101
32 43
119 140
44 84
67 130
15 121
24 73
70 141
72 97
23 141
27 114
49 71
6 76
63 94
16 70
2 132
113 128
138 145
5 115
50 105
35 39
36 147
91 111
6 32
9 26
17 103
25 104
18 87
41 93
66 134
31 70
91 114
104 117
32 51
96 97
70 118
48 137
2 70
30 97
56 147
85 107
98 114
32 99
13 146
117 134
105 138
14 71
43 128
116 133
80 103
18 62
79 123
62 93
4 5
7 120
38 88
112 115
37 132
4 139
58 110
5 48
108 131
68 87
51 138
11 119
17 97
85 130
80 121
103 118
29 142
11 66
19 119
72 78
18 105
69 125
14 15
19 56
12 123
84 103
38 54
28 85
31 111
29 77
10 29
18 110
11 15
3 37
42 112
4 33
14 131
27 107
29 102
43 108
106 138
56 135
44 79
49 58
4 29
115 137
110 134
43 53
2 31
22 52
71 116
14 29
112 134
3 11
37 51
7 22
1 53
21 92
40 44
107 125
2 141
56 141
9 133
44 118
49 128
90 122
20 30
73 144
28 72
23 117
9 118
68 71
8 72
107 108
32 78
10 112
0 100
59 83
29 69
27 109
55 146
126 134
103 144
29 103
38 126
12 38
7 124
42 130
26 137
21 36
43 56
37 68
18 75
34 45
12 63
21 71
52 83
82 132
25 43
68 96
3 76
28 60
57 146
59 103
59 129
60 133
61 124
76 112
83 136
51 66
35 143
57 141
15 30
54 147
54 79
59 136
3 70
90 134
57 126
21 53
47 70
54 130
55 131
3 38
21 63
40 132
23 135
4 100
43 72
31 119
30 37
99 108
10 21
16 37
84 145
53 91
127 130
68 115
4 15
13 43
47 122
34 41
79 137
46 91
60 138
81 93
95 103
31 140
20 38
93 133
30 90
27 60
54 56
27 119
75 87
36 62
115 144
7 52
125 142
87 125
1 145
91 140
63 124
26 103
55 116
104 126
12 69
45 143
16 77
43 94
92 147
44 52
39 140
7 78
53 107
4 140
55 99
21 72
71 74
2 7
105 129
45 111
67 68
42 144
53 142
6 44
0 18
74 111
0 128
0 53
8 79
65 70
29 52
1 47
27 48
108 146
63 76
90 119
32 98
19 59
85 125
16 41
72 128
112 132
14 34
2 117
19 105
109 123
91 126
14 30
23 100
1 14
92 127
3 86
69 109
12 72
20 57
80 95
125 147
14 98
44 140
93 99
53 80
63 132
69 116
21 113
57 95
67 69
43 120
35 147
11 110
8 126
31 77
33 56
17 67
72 102
36 44
15 49
58 116
7 12
4 145
19 48
55 57
33 112
87 134
28 54
34 62
9 122
94 147
103 104
23 129
92 97
30 47
35 112
47 62
37 95
54 123
53 130
2 17
48 77
56 113
94 141
13 52
107 117
47 55
22 111
52 80
33 145
28 138
72 91
80 110
0 98
94 138
17 34
115 141
56 64
35 131
8 105
22 92
88 145
12 145
42 46
33 64
28 101
1 12
75 93
134 137
81 118
15 43
13 115
45 60
68 113
62 109
56 103
63 67
25 118
74 142
11 60
18 97
35 92
11 65
46 129
50 104
38 111
39 106
10 65
21 80
6 43
84 88
47 132
22 85
34 99
7 42
9 136
31 46
14 138
16 95
49 110
51 111
108 143
25 68
95 127
45 71
1 94
66 123
124 147
53 122
54 134
19 70
57 66
38 48
52 141
142 143
13 73
9 145
59 87
17 89
9 52
6 122
46 69
85 95
49 119
35 73
82 110
43 99
25 127
48 74
20 91
5 21
5 19
19 102
124 137
38 145
17 45
24 129
25 31
3 127
90 124
6 144
17 106
7 32
97 146
62 64
59 110
4 75
16 145
77 128
28 86
38 59
26 95
43 134
67 113
47 124
13 71
18 73
56 87
17 144
51 131
62 108
81 109
66 107
114 141
22 134
33 107
1 46
78 122
73 92
94 115
60 70
51 124
41 123
6 79
46 75
82 89
10 38
56 73
37 92
15 54
122 142
68 146
60 132
46 135
94 108
53 63
19 43
61 120
56 107
0 32
61 67
15 59
65 138
106 139
14 48
13 127
55 128
4 98
40 57
27 143
0 9
79 117
31 110
108 127
101 104
100 103
69 106
25 85
100 117
52 103
32 144
60 74
23 26
79 145
104 141
72 143
82 144
21 134
34 115
6 110
79 126
61 140
43 50
18 63
40 101
79 116
44 87
33 108
18 35
27 49
34 42
104 111
36 91
62 100
0 114
46 52
118 134
8 108
11 135
73 78
5 113
35 138
116 144
24 113
70 88
42 105
10 33
14 19
109 139
106 136
75 110
4 104
53 85
9 22
35 127
8 141
83 119
28 89
36 39
0 77
34 139
41 112
29 120
4 115
22 128
34 81
42 75
55 143
29 113
7 56
67 99
78 129
73 137
82 139
114 135
75 128
75 100
68 69
50 130
101 140
74 133
16 144
9 102
2 122
22 40
28 109
48 65
39 40
18 37
14 45
0 23
38 122
48 121
26 136
145 146
47 68
14 49
33 45
24 105
22 58
43 87
25 42
81 114
9 75
27 145
132 144
3 63
29 140
33 117
42 128
30 121
20 76
73 118
2 105
27 39
87 123
37 62
64 101
5 139
37 40
32 115
89 147
1 6
82 133
2 87
2 13
62 97
25 129
114 116
20 140
3 12
12 102
11 73
37 78
18 138
29 107
34 91
2 146
9 88
8 35
85 96
9 51
10 117
38 142
135 146
42 99
103 111
139 140
57 80
44 80
113 122
50 73
16 82
64 98
28 128
60 73
14 20
30 57
73 124
13 56
76 91
10 66
59 100
74 103
33 102
19 96
44 45
2 98
21 114
48 73
93 145
12 48
66 76
92 117
135 144
24 139
33 46
0 95
42 108
38 137
97 125
26 113
0 69
66 98
96 147
81 97
46 145
56 106
72 74
70 121
15 46
132 141
7 66
39 133
23 94
72 125
44 111
49 121
17 30
24 140
47 53
0 43
0 16
67 89
0 141
13 22
16 20
55 61
13 28
91 138
5 54
21 90
34 80
15 102
85 141
21 77
86 93
23 74
86 117
56 95
83 85
6 65
141 145
12 80
18 41
9 16
3 118
66 78
83 127
82 138
26 47
77 144
41 79
15 105
41 61
100 114
26 36
88 146
57 86
43 60
44 93
116 130
9 74
53 106
87 120
19 146
47 59
60 131
88 130
139 145
127 134
35 80
74 87
14 42
51 86
61 131
65 104
9 58
84 144
36 61
63 144
65 113
7 76
28 88
12 96
51 103
57 73
97 98
13 112
86 130
3 146
52 119
19 145
50 137
25 139
16 146
69 91
9 86
17 128
90 93
110 126
46 142
25 37
26 69
55 133
26 49
12 58
54 102
2 147
69 82
77 110
23 80
2 139
33 143
48 127
78 128
16 112
67 141
29 61
8 144
11 108
96 126
47 75
72 142
18 33
12 94
69 100
20 43
65 132
6 36
24 26
44 145
84 105
14 133
40 88
49 115
62 139
30 75
60 93
17 37
31 40
17 50
43 79
104 122
68 134
83 129
120 144
41 69
131 133
16 127
52 68
93 110
11 94
4 24
34 53
34 143
23 39
37 121
122 147
2 86
10 60
25 51
53 120
25 95
11 81
19 111
74 96
10 97
94 112
24 65
102 115
118 139
16 60
14 62
123 135
33 139
38 47
124 129
2 73
35 100
104 112
72 92
51 125
112 117
63 134
58 68
109 136
71 123
76 102
35 56
66 97
100 122
86 133
83 142
24 101
62 107
34 58
7 51
43 126
25 120
102 104
19 79
54 61
80 93
19 113
60 123
14 128
101 116
7 36
17 71
93 100
24 82
34 67
56 89
4 109
61 89
27 41
13 72
47 77
45 139
53 56
128 130
50 115
10 63
79 108
4 101
103 138
82 127
27 103
39 53
107 110
117 118
26 37
83 117
1 18
56 99
104 135
5 114
60 69
108 115
45 70
10 45
1 57
60 110
36 116
114 118
1 51
85 121
18 80
20 141
85 137
100 110
18 107
3 84
97 132
42 60
82 92
52 101
27 63
36 144
12 68
15 61
52 137
34 103
24 36
48 90
21 111
14 90
14 100
80 108
30 42
33 50
22 119
101 131
37 124
115 136
3 60
80 142
89 105
56 79
36 68
2 33
5 137
102 117
104 138
50 100
59 90
121 137
37 116
63 80
61 116
28 64
93 102
92 123
14 111
42 83
8 95
37 97
50 60
13 63
35 139
95 115
48 145
33 147
30 76
6 84
61 110
103 147
96 113
25 86
51 55
90 141
74 141
107 134
22 24
8 41
48 87
1 141
2 97
72 134
56 116
88 122
35 110
29 62
3 41
4 94
125 133
95 102
119 138
13 93
16 115
68 119
8 21
77 137
33 123
32 84
84 143
115 117
80 143
32 106
10 105
2 41
97 111
72 127
108 114
49 133
81 140
47 103
3 24
21 76
45 79
94 122
17 47
74 90
82 104
0 129
26 133
39 147
52 56
43 86
111 137
11 142
52 91
121 136
85 94
58 93
101 143
71 95
2 69
13 134
18 91
58 113
93 137
98 134
48 129
39 136
78 117
55 135
71 110
32 125
88 97
39 52
102 128
14 143
35 58
105 130
96 102
80 107
83 114
32 36
70 90
6 56
62 103
57 106
31 87
94 96
72 119
110 138
37 102
134 147
15 34
92 128
64 132
50 86
56 59
96 122
115 124
51 95
10 47
34 133
78 83
126 140
49 67
19 44
16 92
38 40
10 92
60 128
51 139
49 53
34 145
96 100
88 95
28 94
83 97
26 93
124 143
28 82
24 96
17 101
95 105
55 73
0 112
31 139
22 67
93 104
119 136
9 90
32 50
44 115
51 98
40 69
108 130
63 78
14 41
43 71
19 101
118 132
62 87
72 101
120 143
79 146
112 130
1 29
20 89
15 26
44 57
11 132
33 35
79 104
94 130
53 86
10 86
14 96
26 146
16 142
63 93
37 76
57 76
18 36
14 36
19 52
133 139
29 63
79 88
78 89
20 39
5 105
96 125
100 143
126 141
4 103
43 130
7 121
22 123
58 107
13 69
34 137
50 143
29 99
36 99
79 84
100 123
50 72
76 134
41 58
44 131
38 56
22 139
75 147
11 131
110 122
78 87
49 98
70 98
69 93
72 118
100 144
24 125
128 142
101 125
82 97
2 12
59 120
60 64
89 109
38 62
40 68
1 86
38 131
95 116
64 137
109 115
25 137
77 115
20 123
18 147
52 133
22 95
68 135
17 88
28 67
59 79
61 114
29 67
110 115
33 133
33 41
65 102
123 147
51 72
110 136
13 142
102 133
96 145
52 61
133 145
26 114
12 15
16 121
78 85
62 89
43 76
113 126
0 52
6 95
17 147
66 128
1 106
62 123
118 144
14 24
11 116
39 138
9 105
120 136
19 24
96 132
14 144
12 124
39 66
27 131
24 99
136 143
30 135
58 144
114 125
76 113
96 106
61 109
77 79
99 145
43 51
38 110
4 10
27 98
82 101
60 76
84 101
66 75
78 140
31 34
8 82
17 94
39 77
95 119
91 135
5 41
60 100
3 73
9 96
60 67
31 113
49 106
134 135
41 101
64 106
19 49
0 117
73 99
16 42
97 137
30 107
13 119
89 130
71 106
71 107
62 127
78 143
39 73
105 142
18 136
63 125
16 141
25 64
102 111
3 15
52 95
89 136
56 96
33 75
124 131
58 127
15 138
32 113
5 74
106 118
70 140
29 80
16 113
40 130
42 74
12 89
3 110
3 69
74 119
23 84
41 67
66 72
58 60
31 65
67 95
66 124
29 31
20 50
6 16
31 38
25 58
78 106
24 108
44 144
22 82
49 85
31 84
19 57
75 86
116 117
49 113
35 86
36 56
37 117
55 60
111 141
24 130
132 134
79 99
101 135
62 71
23 98
41 71
86 131
29 93
37 119
65 108
116 118
63 123
97 140
22 75
59 127
14 55
87 115
60 68
88 143
10 71
65 81
83 126
36 132
9 139
48 61
14 130
3 44
81 138
60 130
36 126
80 133
76 77
2 119
15 93
29 68
117 136
35 140
66 102
55 103
66 90
95 96
76 104
34 60
100 121
7 13
35 67
45 134
90 130
9 20
9 32
3 138
130 135
10 127
10 98
38 87
135 138
66 106
135 145
10 134
94 139
99 144
77 102
77 117
95 147
53 129
112 121
23 134
34 35
99 120
65 142
58 106
124 128
129 137
70 73
34 131
77 100
1 66
34 128
51 117
11 118
54 119
13 33
85 99
65 122
19 63
119 126
63 77
55 124
31 60
16 147
72 137
107 135
38 143
65 117
37 49
82 134
70 80
20 31
0 55
9 131
68 84
91 105
40 83
15 89
28 40
66 133
80 96
29 90
61 126
118 147
22 114
41 127
81 90
24 33
17 77
14 58
81 133
28 42
30 108
25 74
104 108
1 4
95 117
62 104
74 95
36 97
19 116
0 60
22 107
55 65
6 20
41 72
23 30
45 82
51 127
106 145
38 63
24 103
14 47
46 79
48 126
17 81
128 145
21 58
5 78
28 129
75 122
19 21
9 44
21 97
17 48
12 132
4 19
99 114
88 109
37 146
47 83
13 89
30 128
58 104
14 21
3 129
49 137
75 85
34 75
3 94
7 57
14 79
13 118
24 72
11 51
13 88
40 125
49 77
81 139
71 132
43 109
57 105
88 98
10 107
44 112
23 63
85 105
8 103
65 84
63 98
31 39
53 119
112 147
87 145
68 123
62 79
35 98
61 127
100 139
24 29
82 124
42 82
9 62
94 142
39 132
54 122
24 61
9 132
30 102
24 78
114 131
74 88
111 118
47 92
107 145
18 30
75 116
14 104
69 113
35 141
90 132
115 133
22 93
15 126
81 112
93 130
129 142
67 72
52 86
16 83
88 129
142 146
37 42
54 111
42 48
6 138
100 125
68 128
5 102
97 122
60 107
38 114
11 28
71 144
79 103
99 136
45 128
134 142
63 86
15 76
37 90
29 64
135 137
47 109
57 93
21 125
40 134
137 145
50 144
12 28
40 64
62 134
42 84
7 87
31 135
10 136
6 147
7 137
44 63
92 145
34 76
4 131
74 143
63 68
59 142
43 143
52 108
79 83
31 68
130 139
41 66
46 124
86 143
97 141
18 99
47 81
0 103
10 11
37 56
81 147
63 137
15 94
7 33
33 47
31 132
65 114
6 38
64 85
130 140
59 71
34 121
7 91
25 92
55 123
32 91
77 119
59 105
3 107
45 144
68 144
30 109
40 86
6 67
50 127
22 38
14 57
77 90
68 74
2 14
24 118
6 23
24 71
25 114
1 68
107 132
15 130
70 106
0 22
2 134
73 111
32 129
29 65
24 51
18 114
7 88
35 129
7 86
13 143
51 106
8 30
43 82
121 127
41 130
86 105
121 132
1 69
116 131
15 67
25 88
21 74
78 130
67 87
39 49
3 147
116 128
88 112
32 116
67 78
61 119
95 126
68 92
5 27
3 53
39 97
25 136
32 123
15 117
9 63
46 136
74 139
34 140
72 147
10 28
82 87
68 70
23 91
76 107
81 115
127 135
42 85
58 131
10 135
19 131
41 132
96 141
83 94
12 53
41 65
93 106
54 145
56 60
39 71
15 74
23 34
53 84
34 56
16 84
2 91
134 140
5 13
0 6
76 101
34 95
118 126
70 120
31 106
136 138
15 122
79 118
74 82
73 80
77 138
4 64
129 130
35 87
2 50
7 44
65 125
39 135
22 34
84 87
3 83
48 62
10 147
15 64
46 134
132 133
68 139
10 50
1 71
69 94
73 110
86 108
76 92
17 130
98 104
10 35
17 51
7 54
48 143
73 79
20 112
76 137
14 25
22 68
74 110
61 136
66 111
48 83
60 77
47 146
2 103
112 138
4 28
103 129
79 95
15 56
91 100
8 129
33 120
54 124
82 123
99 111
47 133
7 119
63 85
92 106
66 84
48 94
55 137
75 119
54 89
107 144
109 142
22 136
18 126
22 71
22 91
1 25
54 71
121 130
63 100
43 116
18 60
29 44
118 141
2 63
3 66
49 140
79 133
32 45
109 146
15 72
25 91
78 116
33 53
87 138
51 132
85 106
67 101
30 110
8 119
52 71
98 137
0 126
10 26
82 102
63 69
39 75
44 147
79 124
46 127
35 66
62 91
143 144
87 107
24 77
31 61
48 120
25 117
100 138
75 130
116 123
35 78
10 93
47 95
35 128
99 112
46 104
87 144
26 32
63 104
75 134
65 83
106 144
68 136
22 80
143 145
24 93
61 91
16 54
118 146
26 90
24 89
70 93
24 56
83 144
130 142
47 126
67 86
135 140
43 78
25 61
66 91
27 120
6 143
18 74
123 134
36 49
1 59
122 123
53 102
37 122
28 97
90 140
2 71
8 118
31 141
45 124
111 124
126 133
27 139
7 145
57 116
39 80
105 144
20 101
2 11
28 62
81 111
36 96
37 82
28 58
4 11
40 70
1 82
2 60
125 135
16 50
112 129
54 69
40 95
21 108
57 64
20 104
48 118
35 55
106 131
34 83
51 102
55 112
35 75
67 145
103 119
39 107
113 143
50 133
35 103
45 127
134 145
54 144
68 93
61 76
8 132
125 132
32 135
44 47
33 65
56 117
16 66
36 63
52 118
94 97
42 65
88 142
22 106
24 31
53 147
82 86
1 17
136 146
0 124
21 62
94 132
22 101
5 11
124 127
55 74
3 21
28 127
66 126
7 139
40 41
13 25
65 106
99 137
106 108
22 108
45 91
93 122
27 56
50 125
8 63
72 110
52 120
14 77
63 136
71 131
20 85
19 39
10 75
86 138
138 144
20 105
2 72
115 123
14 18
6 49
38 123
26 62
10 87
90 120
28 47
71 145
2 6
25 66
97 102
119 121
5 80
95 142
13 123
89 139
8 113
82 111
48 113
6 140
4 23
34 119
16 18
48 63
67 83
1 10
98 135
62 145
16 104
113 130
48 72
21 78
64 88
63 87
1 15
16 86
41 139
78 145
14 125
46 113
20 107
4 34
25 48
23 72
75 89
18 100
108 141
8 26
51 100
18 52
79 114
20 28
45 52
25 30
97 101
46 71
96 115
4 126
21 136
11 59
5 43
68 106
26 52
4 21
19 88
34 109
30 119
45 87
111 140
98 110
33 101
36 128
62 73
26 76
29 115
13 61
92 129
67 132
28 105
111 135
97 100
117 122
31 101
8 114
44 81
3 99
73 115
138 140
60 122
78 99
37 54
63 120
64 124
99 140
73 117
80 97
3 52
45 142
59 131
4 22
47 69
26 87
41 78
85 138
59 117
66 146
14 95
42 137
9 134
44 119
41 134
4 146
10 27
110 124
41 90
40 138
35 130
15 135
64 81
71 130
131 142
72 88
1 114
31 80
91 130
64 110
10 77
106 120
37 114
4 130
29 128
9 110
101 134
75 133
44 54
124 146
87 104
46 126
19 46
19 109
22 132
70 107
29 87
86 125
51 101
69 140
58 69
0 37
10 106
55 80
15 108
34 135
39 50
26 56
73 100
102 121
43 101
104 125
46 106
39 99
139 144
65 78
43 144
65 73
119 139
37 118
31 131
49 126
83 86
24 48
32 65
11 13
50 74
4 17
30 65
45 48
61 123
69 134
33 95
52 82
79 98
79 113
2 15
7 90
78 84
7 123
81 136
39 116
14 76
31 114
64 142
23 102
75 76
60 117
26 105
100 135
52 72
57 59
75 142
24 30
1 93
38 52
3 59
13 120
11 141
30 116
50 52
18 96
60 142
29 59
11 31
95 118
7 125
64 67
111 122
21 50
30 140
128 147
36 118
120 138
137 140
29 49
38 39
14 106
20 46
69 92
82 84
2 67
49 125
18 66
25 141
81 83
72 84
123 136
8 98
114 132
74 125
4 114
45 146
0 89
18 140
73 127
44 114
49 65
31 33
79 94
41 97
76 143
126 131
64 146
14 78
51 128
24 97
50 126
43 54
67 82
63 146
26 30
12 35
6 11
83 99
26 29
83 139
86 113
112 131
20 55
81 143
133 142
44 97
29 112
6 72
27 144
66 86
55 101
81 96
112 114
41 60
55 81
43 69
72 116
35 53
23 79
78 81
11 50
6 50
50 146
13 95
29 86
33 62
40 85
49 86
52 63
6 91
44 56
86 91
48 138
119 142
12 17
93 142
66 140
1 137
17 100
8 27
25 105
1 26
83 123
50 121
58 99
110 139
47 117
81 146
9 124
30 63
69 132
97 144
78 80
42 79
89 96
43 122
20 135
5 53
35 119
49 96
132 142
3 135
41 110
34 61
136 142
70 127
113 144
64 107
88 133
14 63
33 61
74 126
101 144
35 36
25 40
42 120
90 98
117 133
89 129
107 139
14 97
33 44
53 65
56 126
39 111
19 124
70 87
106 147
98 101
29 97
42 93
25 75
93 135
18 23
99 117
18 48
82 120
144 147
96 116
38 84
123 139
86 98
35 76
43 44
37 109
87 127
62 113
1 40
109 145
24 67
33 77
122 131
2 131
116 139
6 109
107 121
11 32
29 147
61 102
4 6
80 116
104 105
18 67
111 132
25 36
128 143
68 81
2 82
23 120
127 143
17 64
9 80
12 60
0 107
77 99
82 114
55 100
30 133
4 143
24 142
109 116
4 46
46 53
11 129
57 107
103 126
55 62
86 112
75 120
80 91
11 146
75 107
47 111
50 140
124 139
22 72
85 116
2 121
24 50
65 77
68 116
98 146
42 140
58 100
20 25
59 107
2 74
8 14
70 143
27 79
69 99
89 124
104 147
1 109
27 104
23 73
33 48
42 45
106 125
56 105
33 59
4 133
20 24
51 80
71 146
33 87
42 141
34 112
14 31
82 113
29 75
28 53
71 140
140 143
29 53
58 138
23 136
3 71
13 96
7 41
73 119
31 83
61 121
16 106
50 113
30 93
97 124
38 118
23 58
18 137
34 54
101 124
5 39
6 124
68 142
76 119
23 71
83 96
18 32
132 135
78 111
102 124
70 136
61 65
59 114
2 32
19 108
93 97
1 72
65 95
40 93
120 137
11 101
21 94
7 69
75 113
4 125
97 142
1 24
59 109
54 87
2 65
57 89
38 70
41 136
87 92
8 96
25 26
67 140
85 108
18 133
10 73
37 45
7 127
31 125
1 55
5 138
19 34
0 133
28 144
11 100
77 80
18 21
31 97
33 146
50 114
50 112
35 41
81 99
108 147
29 104
48 95
33 124
44 90
58 137
12 122
80 104
76 132
90 94
1 107
67 96
18 71
64 121
110 121
52 70
13 36
123 138
42 110
22 26
5 104
57 84
66 100
32 108
11 87
58 81
68 122
4 60
46 137
101 147
114 123
22 138
66 96
117 135
43 124
6 112
19 53
25 34
76 94
15 133
93 111
18 26
4 116
91 107
80 125
22 41
115 134
69 114
48 130
88 113
46 110
62 106
24 111
129 132
125 144
23 59
21 54
34 71
20 100
79 121
70 101
121 146
50 116
61 99
24 88
20 116
78 88
40 55
9 140
28 87
107 126
6 12
11 105
51 57
109 144
21 44
4 112
28 96
87 141
16 130
34 44
56 80
89 100
26 85
109 127
119 125
29 125
30 113
70 83
51 79
37 140
55 79
12 18
56 91
68 125
12 23
73 98
60 82
33 131
23 28
32 147
110 133
95 134
74 75
75 121
37 86
10 54
16 25
46 99
39 114
58 65
91 131
6 57
79 105
18 72
44 124
85 124
5 85
108 136
133 144
56 110
3 132
137 138
1 84
31 37
0 27
55 71
102 137
80 84
81 128
111 125
5 98
68 114
68 79
26 67
33 119
68 137
75 127
11 98
4 118
85 112
21 142
66 104
5 136
11 140
18 118
71 102
19 67
98 128
108 145
57 77
41 80
51 96
10 43
15 50
94 129
91 143
0 17
23 145
46 72
77 88
76 145
98 102
59 143
100 120
3 101
50 98
15 83
66 101
6 139
39 68
5 90
51 119
110 146
50 96
42 107
37 79
41 85
16 109
5 91
120 146
92 118
51 121
114 127
5 128
103 114
31 79
129 136
55 147
72 133
75 83
2 95
16 81
77 87
8 86
13 47
75 140
42 109
59 78
13 122
32 121
63 64
2 46
8 64
131 147
103 109
91 113
67 74
135 139
1 32
26 77
39 83
111 134
15 44
100 119
13 29
100 129
64 75
105 120
36 51
11 107
7 23
38 81
111 120
75 102
39 134
57 103
102 113
6 7
66 93
40 47
5 58
46 60
24 35
90 143
43 114
12 118
16 119
74 109
98 141
13 68
89 127
27 93
13 108
77 126
57 137
55 102
49 118
99 129
6 74
52 131
10 139
47 147
124 133
53 81
6 45
3 115
59 74
0 73
1 31
87 132
21 143
92 98
71 126
26 130
10 52
70 97
76 146
18 121
32 103
32 138
11 82
38 90
75 144
51 118
27 128
113 121
3 5
69 90
51 126
61 96
31 104
11 75
50 75
21 126
125 126
13 70
41 119
25 107
31 105
128 146
46 83
20 73
40 89
127 128
18 22
32 136
17 121
10 109
98 124
4 113
100 102
37 113
85 118
107 114
118 129
18 69
52 76
74 114
136 140
3 35
62 99
51 67
31 94
51 134
61 142
36 101
3 123
98 140
15 35
30 59
65 120
114 134
12 54
89 125
65 110
93 94
130 146
0 36
10 31
58 95
40 99
38 129
27 58
92 124
114 121
68 83
41 44
38 77
102 125
140 144
41 125
57 118
119 130
122 133
95 132
40 140
50 139
98 139
32 80
15 47
67 76
8 138
103 123
74 76
62 142
7 46
70 125
124 140
91 134
21 26
1 9
116 127
86 94
43 65
21 33
122 144
51 123
11 63
62 118
71 96
36 71
30 112
87 99
104 114
28 29
77 84
80 120
77 123
35 93
47 48
97 147
31 67
66 87
129 146
14 119
91 98
6 108
49 62
72 141
28 95
62 83
29 141
110 135
6 142
71 115
44 66
3 100
93 146
26 119
51 69
25 46
54 127
6 111
52 136
71 109
71 129
85 97
63 70
48 115
82 122
57 99
108 110
47 145
37 133
24 109
87 122
11 124
7 50
9 59
105 128
31 49
24 76
12 36
33 54
37 52
83 115
48 139
25 59
4 147
84 113
71 80
44 55
109 140
133 134
127 131
7 130
0 51
51 112
21 129
37 88
21 132
31 78
7 103
69 89
87 114
119 141
2 133
100 140
119 127
136 147
77 136
31 115
1 118
52 54
27 75
50 79
26 68
96 109
5 10
19 121
40 60
114 136
29 45
76 136
37 134
113 118
8 28
8 18
48 53
92 114
56 74
113 146
73 81
61 135
71 78
31 145
39 74
78 135
7 104
36 86
70 129
62 117
38 121
8 53
47 54
47 123
19 76
15 106
5 9
72 144
30 77
59 128
19 84
5 93
98 138
9 97
49 61
69 112
52 77
12 46
24 42
82 105
54 96
84 104
62 126
79 135
1 39
9 71
1 123
16 128
23 132
70 132
103 127
13 99
16 17
13 130
12 100
54 105
20 99
35 123
37 144
59 97
5 86
58 89
106 137
27 66
81 110
51 91
39 145
41 114
65 111
54 98
33 115
83 141
37 111
52 146
131 146
36 42
88 132
4 99
86 127
23 99
3 136
30 125
28 66
36 130
16 125
16 129
6 35
66 138
31 54
85 129
9 60
2 26
21 34
16 69
65 129
18 20
15 32
54 70
18 120
78 115
16 107
8 106
42 138
58 125
26 66
104 133
81 100
110 131
27 64
33 114
33 60
22 137
18 131
28 49
26 89
8 146
65 76
63 103
100 128
18 55
3 124
107 141
12 40
39 118
101 114
14 37
17 124
0 90
18 65
57 123
14 110
20 103
125 131
104 131
38 138
46 111
0 145
10 146
22 32
98 100
45 83
21 86
0 109
67 91
46 130
48 147
32 55
81 116
54 55
139 141
13 109
46 56
9 111
25 126
61 87
57 133
15 42
90 99
26 41
56 94
20 125
50 91
8 62
61 128
10 101
34 134
75 115
67 79
24 95
9 128
81 92
7 11
52 143
32 47
16 101
68 130
41 73
5 141
54 120
54 58
129 135
61 70
29 88
6 29
13 145
45 125
44 77
58 119
26 126
26 145
79 93
91 125
3 105
29 60
94 95
80 88
16 110
93 107
22 87
38 49
83 124
71 133
83 145
0 54
44 132
119 137
61 125
103 134
91 108
26 122
98 126
115 127
79 138
29 85
41 64
13 105
14 135
0 82
5 125
24 144
3 62
77 146
5 146
79 130
7 136
16 63
26 45
59 124
2 93
74 127
52 98
73 120
4 71
9 10
8 83
30 72
131 135
121 143
38 74
34 63
79 87
20 37
5 20
66 82
55 114
11 147
38 109
40 90
19 58
45 104
71 72
0 8
62 115
70 114
70 126
30 56
61 82
1 143
13 104
17 63
9 117
16 117
18 31
112 125
30 48
71 122
54 100
36 102
4 44
7 116
115 135
22 47
8 25
5 71
130 137
3 6
12 112
16 40
121 125
34 49
105 131
8 76
30 39
26 70
27 54
5 92
23 48
79 144
10 129
8 66
94 105
65 86
28 37
1 136
21 105
13 114
17 116
40 109
2 29
41 48
42 81
22 48
9 112
14 109
36 112
46 125
0 120
43 67
115 129
8 102
60 72
15 36
88 110
54 106
136 144
14 60
112 122
83 128
119 144
105 116
51 83
22 27
43 59
59 118
79 147
10 96
36 84
34 52
54 65
59 73
14 142
48 116
63 116
9 127
81 120
70 109
40 146
2 108
10 89
40 92
64 74
32 102
70 110
102 131
62 80
91 101
32 82
0 4
29 55
35 105
60 139
99 139
52 135
0 42
46 86
11 23
65 66
33 136
29 136
1 74
8 39
49 79
0 115
134 146
7 128
50 89
8 143
55 84
12 138
24 80
19 91
101 141
23 108
94 107
31 90
41 117
131 143
1 85
86 100
85 102
80 86
94 137
93 140
118 125
118 130
27 115
34 78
16 39
26 116
45 72
5 132
127 132
50 145
22 45
117 119
33 100
77 130
49 90
17 110
53 136
20 59
3 133
14 123
67 70
58 92
47 85
31 47
98 120
22 76
84 114
111 121
66 94
47 113
46 47
17 137
34 102
101 118
57 62
94 104
59 132
96 117
98 127
43 106
87 139
123 145
63 108
91 133
16 133
2 30
83 132
64 123
12 22
48 114
25 109
23 68
87 147
85 145
22 124
64 77
8 100
43 80
79 101
105 126
57 67
24 114
36 53
55 104
80 128
60 75
40 80
5 55
30 78
41 106
91 118
84 94
27 121
54 118
72 126
14 50
91 102
70 108
81 145
32 143
77 116
35 79
9 109
72 139
37 72
50 101
81 89
5 57
58 90
80 144
5 142
41 84
44 49
70 145
97 119
62 65
15 136
13 48
67 137
1 37
58 88
93 116
51 84
32 66
39 129
20 119
101 146
20 86
121 131
116 135
133 143
84 85
91 94
62 144
110 114
58 102
10 95
29 51
83 110
109 111
38 136
80 117
67 121
0 12
64 141
50 61
9 50
14 33
40 142
35 69
17 79
89 138
41 74
90 135
49 74
11 16
10 84
2 18
42 114
115 125
20 78
39 59
109 131
110 137
98 144
97 134
5 117
69 81
6 46
114 138
35 136
85 92
103 125
1 43
14 85
25 45
6 21
41 122
63 145
28 114
35 132
22 122
15 128
65 69
23 54
6 51
84 111
39 128
0 48
95 137
34 65
45 118
2 111
86 144
14 74
59 146
2 54
101 139
9 113
140 145
9 89
131 138
57 125
63 139
57 61
30 52
55 66
15 78
72 75
119 122
80 113
45 133
43 115
94 103
129 143
37 89
28 119
37 85
49 139
122 125
45 123
70 84
3 92
27 142
0 34
81 134
0 110
42 91
5 63
11 70
69 83
6 116
12 105
77 103
71 100
37 50
10 130
115 118
24 137
69 85
78 120
17 87
48 50
47 125
8 97
92 140
86 132
113 125
28 141
52 65
99 141
114 120
75 105
84 95
53 64
6 24
12 97
0 99
94 134
84 93
95 133
62 112
37 127
0 63
44 107
34 86
31 48
53 113
87 110
59 63
36 48
51 146
32 42
42 66
58 105
42 47
76 115
4 74
23 45
50 102
45 88
0 130
55 129
70 78
71 76
56 119
17 105
59 122
38 50
8 142
4 119
64 68
64 97
70 119
41 141
22 29
83 89
53 92
69 101
21 45
24 39
9 49
82 135
73 85
34 142
7 21
41 111
51 130
68 120
90 115
59 116
86 104
43 131
44 122
97 110
37 130
71 119
71 137
69 78
85 89
55 97
57 121
86 137
74 101
6 69
21 39
43 110
108 137
68 121
37 120
38 93
55 76
0 35
29 70
14 83
50 59
64 140
59 125
48 112
108 111
19 28
103 145
15 37
46 76
18 127
43 135
95 131
122 126
44 136
18 139
52 87
2 85
54 104
117 127
80 87
94 120
47 97
66 118
57 98
50 67
72 103
48 66
46 80
87 131
60 86
83 135
17 115
5 140
51 87
58 120
28 81
46 143
124 132
69 119
91 106
67 129
105 122
123 143
51 104
11 86
46 58
4 122
88 94
48 104
3 39
90 111
54 131
7 126
44 129
80 140
96 119
0 47
3 51
13 81
92 101
27 53
3 126
9 85
5 25
20 96
95 113
15 107
31 75
22 102
2 34
52 69
94 110
90 146
11 69
97 113
97 143
29 126
80 92
76 144
5 28
85 110
52 57
31 69
28 142
21 131
75 97
39 142
8 90
21 146
12 67
20 137
86 96
37 141
12 75
9 147
83 118
53 127
56 102
21 109
42 139
115 119
26 132
10 59
49 55
63 99
49 69
132 143
64 104
62 140
30 79
25 32
60 92
15 60
41 68
19 68
55 59
32 97
15 112
49 82
7 134
126 129
20 26
57 83
6 134
11 136
84 112
35 63
2 118
37 123
67 127
15 51
71 103
42 111
1 19
84 122
130 132
54 136
114 124
51 52
56 142
58 94
86 95
9 34
24 117
79 120
84 130
91 109
76 120
22 43
49 130
9 125
40 100
79 143
60 141
47 136
27 37
60 140
15 111
72 131
77 121
47 118
23 77
23 88
129 140
118 138
64 119
104 109
29 78
12 136
18 84
27 69
88 99
4 20
62 88
34 108
77 106
116 145
18 70
71 85
125 130
16 90
25 110
82 129
80 98
21 67
0 26
27 88
32 90
76 133
0 96
42 143
29 137
21 70
31 100
39 44
20 132
92 143
37 74
98 111
6 90
103 130
64 120
0 81
28 55
143 147
116 124
27 101
53 126
101 108
62 101
65 89
22 131
131 137
31 126
56 118
37 131
15 17
142 144
29 43
59 98
24 84
58 86
42 135
33 106
121 147
12 78
92 141
38 68
19 29
6 125
0 31
57 60
31 127
58 101
30 68
110 117
42 115
79 96
117 145
48 82
20 67
30 130
30 139
133 137
59 139
43 136
48 117
54 76
64 144
11 115
72 100
75 117
47 106
100 115
107 128
109 129
127 142
38 132
38 104
0 83
5 8
31 45
85 143
76 85
0 123
108 140
119 128
48 55
27 52
12 86
11 46
58 146
48 86
35 102
17 43
86 128
3 75
5 52
58 108
13 136
106 127
124 136
49 72
86 145
25 67
55 67
39 56
71 77
53 98
2 21
118 131
21 112
47 86
73 86
5 16
18 146
52 112
70 131
3 33
25 140
26 63
23 61
37 129
35 109
27 43
73 103
47 116
79 115
67 105
22 118
84 139
111 143
13 84
29 117
0 121
7 82
51 58
35 77
48 57
31 147
59 70
85 101
74 146
67 73
64 122
30 104
37 61
35 84
121 142
7 45
15 146
38 116
92 138
20 144
43 147
16 44
24 120
2 90
16 21
78 93
39 76
3 65
14 28
79 142
69 111
5 94
41 49
50 147
118 140
5 145
26 82
23 85
27 45
25 78
20 51
105 137
87 133
23 35
52 79
129 147
91 104
21 57
18 64
74 123
5 100
14 65
24 62
93 108
40 136
54 90
56 111
48 49
19 147
73 136
56 93
10 13
84 86
20 32
32 111
59 66
42 52
19 117
27 127
16 51
7 71
50 141
42 56
36 47
4 105
79 128
19 114
32 46
62 125
91 132
76 138
134 136
114 145
21 24
98 129
106 116
74 86
54 146
54 117
49 102
35 134
90 108
4 66
19 137
31 133
80 82
81 106
14 105
53 95
8 91
53 103
65 103
96 137
104 143
42 67
94 117
111 139
84 135
14 56
30 118
20 54
35 106
18 86
69 133
65 146
3 85
23 114
42 44
50 68
104 130
131 140
13 75
54 138
34 104
22 115
73 125
43 102
30 111
1 88
7 38
12 110
20 122
10 144
59 89
64 86
2 138
17 28
102 108
23 29
28 126
22 55
3 22
96 140
61 98
9 94
23 144
42 76
10 19
12 141
73 135
63 126
23 146
34 146
3 140
36 143
104 146
27 57
22 98
36 140
25 39
1 120
60 112
60 124
10 133
38 99
0 143
21 73
69 107
49 112
6 64
26 64
123 131
69 72
28 38
21 107
27 68
6 117
32 134
93 131
67 90
72 108
22 25
48 105
0 102
15 31
8 104
28 102
31 117
55 134
57 94
16 43
93 134
35 45
80 122
64 143
6 102
62 77
43 46
25 97
70 123
33 92
89 111
32 40
83 125
10 78
71 91
27 80
103 128
76 122
31 121
72 98
60 95
11 40
63 141
29 109
4 45
31 35
38 58
2 61
41 115
25 111
103 107
32 109
46 141
8 16
5 121
123 125
9 41
54 60
16 100
19 85
16 26
26 65
62 70
15 58
69 96
23 42
7 143
32 35
110 145
7 95
86 147
114 139
66 80
94 106
124 141
10 132
113 134
26 50
6 31
70 144
25 47
87 97
32 94
72 81
99 103
30 40
36 120
102 106
25 131
64 114
87 118
91 121
12 33
102 135
64 65
20 34
43 146
73 105
67 126
1 54
81 127
64 90
45 65
8 56
9 99
51 62
120 124
43 112
76 80
11 137
32 128
81 135
46 138
107 133
86 99
53 140
96 134
53 123
15 62
12 73
65 128
40 147
23 101
2 126
21 68
29 129
2 136
119 123
122 128
30 89
23 110
59 102
59 75
85 120
9 23
113 135
70 77
81 94
15 113
32 58
29 33
33 121
42 55
2 4
9 137
93 112
86 92
114 126
14 80
58 136
7 39
134 144
83 106
55 132
10 94
46 70
57 87
73 122
59 60
84 100
26 125
64 136
91 129
84 132
106 142
63 122
25 99
80 129
123 146
110 112
24 110
32 105
56 57
107 147
63 88
37 70
36 93
40 72
52 125
81 132
75 90
54 112
5 112
26 135
19 100
53 134
15 116
50 62
5 47
40 145
42 117
8 110
3 42
53 96
32 126
58 111
25 70
86 88
48 76
17 46
68 112
13 137
12 101
36 106
127 146
27 138
91 103
109 137
4 30
91 92
35 108
42 97
56 109
1 36
9 77
6 34
108 128
103 117
29 84
105 111
26 35
2 124
76 118
32 34
12 115
54 93
110 113
43 138
137 141
19 55
80 106
63 83
62 124
30 129
7 15
26 100
37 39
61 144
36 66
39 85
8 111
55 96
51 90
42 106
121 135
0 97
47 78
8 116
92 135
26 112
114 115
84 102
2 10
99 132
99 104
23 104
39 120
43 139
66 132
0 28
27 51
80 130
43 61
30 136
20 71
75 84
12 92
7 79
72 130
20 74
5 119
69 75
9 101
46 55
20 93
24 136
108 125
13 103
20 106
28 61
43 98
19 40
21 41
111 115
9 28
40 127
120 129
8 17
20 111
124 138
82 112
113 127
122 140
11 18
64 71
12 50
74 79
9 24
76 83
91 96
95 139
27 47
1 80
12 113
5 61
16 105
34 93
84 140
66 68
25 143
84 90
65 98
87 136
25 52
23 96
101 142
56 127
34 97
90 100
46 51
17 104
53 61
93 123
9 13
85 91
22 113
39 46
50 103
36 127
18 90
104 127
68 145
16 31
60 109
41 107
6 47
85 146
29 82
7 97
52 92
112 126
96 138
28 121
12 129
12 130
8 32
120 122
79 141
40 114
62 81
30 137
59 81
36 89
113 147
9 103
77 89
25 82
23 76
95 130
12 77
17 127
12 41
24 104
70 105
34 85
117 141
1 92
49 109
33 98
40 54
38 66
47 107
83 91
12 25
29 94
26 78
4 87
108 135
25 125
28 139
94 100
13 31
57 68
34 113
45 59
16 80
8 38
21 144
109 147
57 138
91 142
85 135
94 131
20 79
37 63
36 38
30 38
11 68
8 34
48 135
51 109
30 70
77 140
15 55
123 141
16 135
44 65
121 141
64 87
87 121
32 137
10 17
68 103
73 82
23 89
33 135
34 147
3 112
98 116
9 108
31 44
95 123
104 116
42 118
37 48
29 145
47 104
31 81
109 124
39 110
21 22
36 46
13 53
12 84
7 14
99 100
16 64
60 87
71 105
12 56
1 56
96 118
102 103
111 146
90 121
13 57
49 93
5 143
140 147
32 70
58 126
15 131
55 118
27 111
57 78
72 121
9 61
83 98
32 53
3 43
19 130
39 131
79 109
60 98
78 107
136 139
12 99
18 82
70 137
91 116
39 143
107 129
54 62
0 76
60 125
92 142
0 105
24 115
52 99
24 83
96 143
29 133
8 85
18 27
104 123
0 29
90 101
48 64
28 98
38 45
20 27
25 53
10 138
8 48
88 123
29 110
9 73
8 43
70 116
45 75
28 106
71 75
49 81
14 92
41 146
17 82
18 53
69 126
44 109
34 126
9 53
56 134
65 130
39 115
42 50
73 126
29 106
17 109
58 91
101 112
90 114
38 46
67 120
91 115
8 88
47 49
29 38
26 33
109 110
1 83
63 133
50 129
63 118
52 117
50 82
8 128
14 64
55 94
95 129
17 95
125 143
128 133
43 85
66 114
96 105
53 104
49 73
49 89
83 90
22 77
16 136
104 132
25 38
56 130
4 25
24 46
2 115
5 120
53 100
45 77
49 66
21 135
95 122
76 79
81 123
120 147
42 125
61 66
28 92
61 132
18 79
3 23
33 142
37 112
98 109
107 131
15 123
6 87
111 128
16 139
87 111
4 95
43 113
21 25
17 75
98 121
33 84
95 114
0 64
76 129
18 109
36 59
12 137
57 114
41 142
12 139
49 129
6 78
25 112
57 108
25 100
4 8
47 108
37 83
10 100
56 120
18 135
89 91
23 119
38 71
137 142
59 144
41 102
50 76
11 96
19 72
81 86
42 49
2 56
100 133
82 95
74 91
38 55
88 134
37 75
56 144
25 80
19 112
64 147
32 112
18 108
26 44
7 102
44 68
88 119
94 127
45 100
112 120
18 24
2 43
93 147
82 115
104 106
99 119
91 136
35 68
103 106
39 112
39 41
9 70
53 83
86 124
27 94
84 126
59 123
1 45
5 7
35 72
59 94
36 67
8 94
33 70
80 145
3 79
2 143
45 61
15 119
69 145
45 66
6 53
91 141
42 101
37 84
10 69
25 147
21 121
33 58
81 126
0 30
63 95
107 109
19 50
40 67
3 111
15 81
46 63
30 85
7 25
55 56
28 143
43 121
55 142
114 147
47 57
58 145
35 85
26 81
1 78
25 41
97 139
23 38
53 58
57 79
33 144
107 146
79 107
23 83
54 73
58 73
35 49
9 65
8 58
20 60
1 132
73 130
3 88
40 94
77 125
0 24
12 133
14 88
85 126
16 111
65 97
1 139
48 93
34 84
54 125
21 99
10 137
66 85
85 132
20 64
13 113
37 145
28 33
65 93
94 102
99 127
58 61
57 58
20 72
26 120
19 133
46 121
67 135
21 47
94 126
8 20
70 86
21 110
15 129
89 117
82 126
67 93
88 96
41 89
44 60
54 129
64 129
13 91
18 83
13 67
27 35
12 49
88 141
21 122
96 139
49 107
31 124
115 139
76 82
3 95
8 109
107 127
5 127
26 79
38 133
61 75
51 122
46 49
94 136
24 54
30 86
36 105
28 147
8 45
108 113
3 103
21 82
59 141
16 59
79 140
3 27
8 145
79 111
47 105
11 24
31 85
25 122
40 120
55 144
55 75
27 74
7 10
57 90
35 59
10 76
65 134
24 49
11 17
12 29
22 61
84 119
41 76
92 100
118 120
125 140
73 107
20 131
44 83
49 124
28 84
83 122
26 91
10 49
16 89
49 142
22 105
73 129
80 85
19 115
26 57
94 121
64 145
40 50
93 129
91 145
77 101
6 15
38 44
128 135
114 119
8 11
11 74
109 125
71 82
13 90
35 83
101 110
19 27
7 26
56 146
28 111
19 20
105 147
26 46
38 120
46 89
63 106
23 57
61 104
8 19
49 122
38 79
65 101
10 114
74 100
17 146
19 134
67 125
37 143
141 142
106 135
92 93
73 113
104 136
31 93
44 143
66 88
8 68
36 114
72 105
5 73
107 119
62 131
43 117
12 39
123 137
28 69
93 143
54 115
50 54
62 111
4 13
5 101
17 123
139 146
102 109
74 77
48 70
14 120
76 124
13 18
53 89
49 80
42 89
118 133
39 70
32 141
33 51
128 141
45 138
78 114
84 138
19 135
91 144
33 85
134 143
6 100
14 51
38 89
45 108
11 133
58 130
45 53
51 54
94 116
54 109
46 139
63 138
36 111
35 120
49 132
116 120
71 98
26 73
33 96
8 65
19 41
40 144
72 129
38 103
25 124
61 93
96 133
1 3
49 56
25 79
117 143
16 94
65 91
5 79
13 50
88 127
35 61
32 64
89 106
22 133
104 142
14 145
65 143
43 90
32 56
50 142
57 69
21 139
60 71
13 35
52 109
101 123
40 62
55 69
44 46
90 112
57 143
6 99
0 13
62 130
45 105
45 136
9 19
12 142
67 112
24 121
19 92
1 87
66 119
5 106
42 68
