149
6
8820
60
102 2
119 2
120 2
152 4
149 2
149 3
100 3
98 1
62 4
93 2
87 1
105 1
85 4
123 1
114 2
108 1
70 3
77 4
86 5
94 3
101 2
67 1
94 3
123 5
129 2
84 1
68 5
78 1
69 3
83 4
103 4
94 1
63 1
93 2
90 1
139 2
100 5
156 1
87 2
110 4
120 4
102 2
148 4
128 2
103 5
130 2
68 2
136 5
85 4
129 4
86 3
128 5
127 2
87 2
99 4
135 2
143 2
144 5
89 3
97 1
98 4
70 2
95 3
151 1
66 2
104 3
123 4
99 2
98 5
82 3
106 2
114 4
90 1
74 1
147 3
101 4
84 3
64 2
138 1
131 3
66 5
80 3
153 4
86 2
129 1
121 5
110 4
111 1
70 1
106 3
113 4
105 2
135 5
106 3
151 3
145 2
128 2
136 4
119 5
156 4
119 2
138 4
89 1
148 4
133 4
92 3
63 5
133 5
70 1
146 2
69 5
119 3
124 3
132 4
89 3
140 3
142 5
120 1
118 4
93 4
109 2
114 1
70 2
114 3
145 4
85 3
68 2
105 3
62 2
122 4
105 4
143 1
142 5
71 5
148 3
137 3
73 5
68 2
157 3
142 5
149 4
154 1
127 4
67 5
142 5
78 4
93 4
116 2
153 4
6 125
42 147
13 59
59 117
49 55
6 43
43 45
9 80
12 68
20 116
18 72
58 61
100 110
109 115
41 115
87 125
83 144
93 98
101 131
10 73
4 118
23 114
2 53
83 91
40 91
37 84
7 29
49 110
66 102
6 119
55 137
21 92
20 113
24 40
98 121
53 131
14 59
124 126
69 102
109 117
103 146
5 35
32 78
87 134
14 122
12 24
86 127
105 114
79 127
140 145
121 140
0 135
91 131
11 54
64 147
76 120
12 108
22 99
47 87
55 140
23 115
55 60
69 89
59 129
109 143
144 145
106 131
105 116
144 148
25 137
77 90
61 72
146 147
112 137
120 122
50 52
95 129
71 94
28 52
122 139
110 126
115 123
55 69
68 77
6 138
56 104
21 62
34 122
24 85
38 40
31 83
67 91
52 96
122 132
63 85
15 101
123 139
71 101
48 90
121 131
83 113
97 113
34 124
23 62
49 66
133 136
87 143
21 101
24 90
42 94
3 90
24 66
29 31
104 122
9 141
80 131
21 27
54 72
23 56
44 55
25 84
46 128
40 137
111 133
30 63
54 122
70 137
128 129
39 101
100 103
10 85
45 100
90 97
53 129
24 144
63 120
129 131
89 136
138 145
126 145
19 25
36 129
1 16
119 136
49 141
88 90
79 90
59 68
63 147
64 141
124 131
72 90
140 143
8 134
60 82
13 18
79 88
35 44
78 117
80 85
7 87
112 147
23 84
95 126
11 21
80 130
50 65
72 118
21 47
58 85
92 110
72 140
24 80
83 131
21 49
11 69
1 123
13 133
54 60
42 105
3 42
138 148
60 111
27 143
13 45
31 116
46 83
11 139
2 34
80 122
44 112
41 105
97 133
50 79
19 73
70 85
72 126
100 125
9 128
35 102
65 127
98 144
17 112
56 124
76 130
33 90
122 145
74 77
11 80
7 83
4 114
28 32
27 139
40 63
83 128
2 139
44 49
14 89
139 141
40 66
100 117
116 123
90 135
57 82
123 126
35 90
95 132
6 107
98 102
114 121
15 125
10 112
80 100
94 111
43 46
36 72
3 64
52 124
10 110
59 143
85 91
32 118
50 127
9 119
0 46
20 132
69 75
68 117
12 74
90 105
115 138
58 141
114 135
105 124
33 73
14 20
90 131
24 77
15 39
34 72
27 38
5 84
120 138
59 121
54 134
60 109
77 124
19 137
104 112
17 120
70 102
22 121
4 94
97 101
43 148
19 52
62 98
8 41
29 102
7 121
47 143
96 116
82 100
49 87
48 143
42 57
115 143
14 34
66 132
27 146
27 90
80 120
71 89
0 88
27 83
48 113
24 30
68 114
15 86
19 96
110 123
129 133
38 97
9 86
36 105
25 26
8 56
9 103
21 37
18 146
9 83
41 46
51 126
65 138
31 35
89 130
101 148
94 98
2 64
69 118
48 83
6 19
23 50
83 135
60 143
96 117
74 89
0 62
113 147
103 120
12 61
43 83
113 116
22 45
44 80
49 106
73 93
71 74
44 120
38 46
109 114
28 68
12 94
57 130
38 98
105 146
67 87
7 144
1 23
74 103
83 124
30 71
101 106
15 112
31 98
34 95
6 124
58 97
68 125
19 31
12 75
82 134
22 128
37 122
36 80
14 102
29 44
18 88
0 23
5 147
42 64
17 114
13 79
36 148
140 142
23 133
88 142
104 117
33 109
43 137
23 36
43 109
112 124
107 141
37 144
22 24
21 115
70 114
49 73
109 133
23 82
36 121
6 78
68 92
9 46
46 51
104 144
56 71
71 118
7 127
3 44
28 50
88 139
1 83
45 116
66 77
20 124
67 71
75 84
1 61
104 127
10 98
27 66
1 54
29 36
12 120
55 77
51 98
121 128
101 132
38 84
2 50
9 121
47 70
51 108
18 94
42 112
19 78
82 105
8 144
54 117
79 86
51 115
81 102
24 135
60 129
6 16
20 136
19 34
10 53
50 144
60 61
50 60
5 127
58 62
82 106
15 96
57 70
93 99
17 143
56 96
59 65
3 60
89 92
36 58
14 128
46 118
54 62
93 105
132 138
53 71
10 143
27 40
5 11
43 132
42 130
37 63
26 133
97 108
16 17
88 114
65 81
11 73
121 144
46 80
13 26
18 129
47 69
10 90
12 103
46 63
79 133
83 97
25 83
31 105
53 69
91 143
69 87
135 136
40 114
2 10
27 129
72 99
112 131
12 49
120 142
1 121
57 87
90 96
57 75
54 140
52 109
102 111
45 92
36 84
63 70
91 101
6 58
78 81
39 97
52 137
16 70
8 35
0 48
48 50
70 72
9 87
103 111
66 70
63 100
1 44
13 127
93 97
20 34
44 95
6 84
56 92
21 52
4 82
7 78
44 48
43 66
106 119
92 102
90 117
5 30
84 89
16 21
20 67
78 79
109 131
84 110
3 99
11 57
106 134
89 140
23 71
4 48
90 138
28 42
68 107
42 141
15 106
78 138
77 117
120 147
33 59
91 107
48 122
46 62
94 109
73 99
56 115
12 63
24 125
91 96
11 95
0 116
66 73
40 124
53 54
18 124
10 105
22 33
57 136
134 147
91 144
19 23
49 78
31 121
29 33
86 98
15 109
59 126
38 120
27 72
100 139
90 108
16 148
68 148
46 110
43 87
92 122
7 85
6 59
47 123
55 135
27 65
3 67
38 129
104 136
8 133
10 79
12 119
33 108
71 83
44 86
17 39
92 145
8 82
42 46
112 128
75 98
21 79
30 127
87 109
41 130
9 107
53 125
28 69
80 110
1 69
14 74
126 143
29 43
73 117
4 24
67 113
2 98
55 125
62 121
3 26
73 128
11 45
3 33
24 94
87 140
88 138
49 144
26 131
39 63
5 20
65 67
48 84
88 126
47 79
23 54
26 66
12 104
49 127
26 29
30 128
16 75
21 34
6 29
56 78
106 116
69 73
30 66
44 127
76 144
68 69
120 125
19 45
54 133
81 123
52 77
70 139
1 122
130 139
19 86
2 57
17 68
5 91
0 132
18 56
83 123
49 62
2 41
80 147
27 49
25 96
54 101
62 77
22 129
0 103
19 77
13 105
119 143
20 114
24 99
68 109
21 134
87 117
88 141
66 121
37 125
44 57
96 100
58 128
22 79
21 64
49 105
11 108
16 104
31 118
5 56
43 89
47 71
13 54
55 109
15 100
9 89
61 120
34 118
80 81
4 141
46 64
111 132
33 70
77 100
53 78
71 87
46 122
51 61
31 95
41 76
43 102
20 26
45 98
55 95
68 78
25 94
61 65
30 111
118 130
0 139
73 77
59 62
92 115
15 81
13 23
86 119
31 143
60 81
12 51
19 105
21 96
104 118
22 109
55 130
76 108
39 121
22 116
54 69
18 54
31 75
75 112
105 142
98 147
98 100
25 54
23 32
98 114
84 138
22 122
51 78
47 57
9 33
102 126
81 114
31 54
17 92
78 102
29 46
5 103
42 106
0 35
78 92
61 109
94 113
9 131
8 80
4 83
33 118
79 144
101 142
61 112
4 52
73 81
11 130
114 142
16 96
37 117
20 141
35 97
22 84
113 127
65 70
69 95
14 105
22 112
66 139
107 109
104 115
52 115
0 57
81 95
18 81
10 135
26 52
28 57
35 109
23 144
24 100
0 69
25 82
20 80
22 100
17 102
47 86
48 124
55 94
35 124
70 73
0 136
72 127
51 57
74 112
111 126
67 69
86 115
50 72
7 51
99 134
9 85
2 113
2 71
21 138
28 77
47 111
38 106
13 123
7 79
34 77
38 80
26 104
48 67
75 94
131 134
13 89
39 52
22 30
78 125
9 100
0 21
31 90
61 147
19 55
7 102
125 145
53 99
33 80
42 80
43 94
8 122
37 77
9 81
1 21
67 92
21 102
86 103
10 91
28 80
32 79
88 107
68 106
30 110
85 139
26 97
25 98
38 115
13 131
110 144
29 45
39 144
42 133
19 126
38 109
81 113
47 140
8 23
133 140
61 128
38 105
91 114
65 99
38 100
62 110
127 143
23 49
100 146
129 136
38 119
5 137
110 117
51 91
50 113
66 111
77 121
13 136
12 144
70 113
74 144
33 104
78 135
32 141
45 107
19 71
28 56
31 120
43 103
17 31
47 119
92 99
4 56
65 80
90 128
24 109
127 141
58 75
23 92
42 60
22 69
66 133
95 131
4 136
65 102
95 99
79 137
18 125
48 104
69 112
47 59
81 93
17 87
125 142
23 65
9 106
71 117
44 65
49 64
91 122
28 84
5 130
2 43
1 136
5 64
11 60
26 41
11 13
3 80
90 133
90 94
94 137
21 103
59 108
17 97
84 107
66 87
23 45
62 89
55 117
1 86
41 98
71 90
1 39
130 136
60 116
51 122
12 98
65 82
81 108
32 90
11 107
26 85
40 141
76 134
24 102
66 95
98 111
37 98
74 87
12 35
47 56
63 140
112 148
34 114
85 146
2 27
59 147
67 73
48 76
34 46
129 141
121 148
27 52
12 123
132 143
60 145
13 73
5 69
35 131
26 135
64 121
5 80
38 67
5 15
1 96
77 141
36 87
92 95
85 94
37 141
52 55
64 148
11 85
25 108
11 94
68 89
27 138
8 72
43 64
92 104
46 48
107 133
58 77
6 42
26 67
4 9
53 128
24 29
4 81
50 62
23 51
35 94
35 136
48 73
77 106
72 116
40 117
3 48
28 147
5 139
77 113
65 139
59 119
83 110
12 43
24 113
19 145
21 144
6 53
38 125
25 88
82 136
140 148
39 142
20 101
49 58
50 112
61 127
16 147
32 112
61 115
17 18
26 62
7 71
102 107
16 65
74 131
116 142
29 138
124 142
43 44
50 98
4 49
32 114
15 126
71 102
64 128
37 80
22 91
118 135
0 131
24 143
36 128
25 49
41 141
73 84
52 62
62 65
92 119
18 20
3 112
100 106
114 147
1 99
1 42
118 147
66 118
61 64
119 135
2 65
34 100
101 143
67 89
65 69
109 116
75 83
60 117
106 147
21 72
34 130
11 129
73 107
98 119
82 133
58 94
33 134
29 83
21 22
31 148
43 81
17 89
99 143
78 136
7 116
59 139
42 145
23 52
21 107
99 110
17 50
1 58
55 111
81 141
93 111
60 103
39 139
1 112
35 118
6 137
45 88
6 89
8 75
122 137
78 84
33 111
9 130
10 30
101 126
3 28
52 131
76 118
104 129
113 131
55 121
89 143
25 75
15 110
102 120
67 75
25 119
105 130
7 40
7 73
29 40
32 135
20 56
110 146
22 93
21 97
84 103
10 35
50 87
98 107
14 84
10 144
95 138
80 129
24 82
19 44
131 139
52 73
53 105
27 124
20 70
16 103
34 63
143 146
66 125
2 23
54 113
53 127
55 71
18 59
45 66
99 125
0 122
112 123
55 101
87 127
32 138
29 63
19 115
10 80
5 116
100 108
102 123
60 96
26 51
117 130
62 94
11 72
28 110
133 134
90 134
31 134
90 99
4 90
37 56
50 101
2 8
76 78
27 43
48 89
33 110
57 58
12 99
3 142
31 132
101 135
27 39
28 112
72 129
35 42
3 87
105 110
47 133
39 87
76 98
131 141
12 86
73 129
51 114
86 107
39 84
55 88
53 101
93 106
120 133
15 70
115 141
67 119
28 128
76 117
18 122
54 81
83 109
41 128
79 117
111 140
31 109
0 123
57 65
71 119
95 115
2 130
105 129
65 109
28 116
53 65
14 48
44 135
92 129
73 78
80 141
7 104
83 84
58 69
11 62
40 97
67 127
22 101
108 140
32 33
63 146
117 129
77 80
49 104
99 137
11 76
38 53
79 100
46 61
91 147
39 61
96 137
39 93
15 77
23 24
70 108
86 120
131 147
132 144
6 20
136 137
34 132
79 81
103 112
82 84
34 143
75 78
3 76
11 33
28 143
21 61
78 127
92 103
4 76
67 112
107 145
85 93
127 132
36 99
55 81
49 126
19 30
19 38
13 141
111 147
9 67
20 86
5 16
48 109
121 134
14 104
10 78
37 108
1 70
40 75
48 95
7 107
17 139
87 146
86 118
60 125
20 142
36 90
9 133
120 121
17 80
26 99
69 119
11 82
71 120
68 126
69 117
40 84
8 27
115 139
2 73
50 134
53 111
59 63
78 123
105 145
17 78
21 130
32 109
25 90
114 140
55 118
78 122
116 141
20 63
109 129
19 122
15 141
50 67
5 12
78 80
29 72
92 137
14 78
73 131
29 133
9 138
14 98
13 82
91 104
31 99
43 68
11 91
79 121
132 136
126 132
61 95
42 103
23 124
9 19
94 128
86 88
98 140
121 135
52 94
43 85
62 75
13 22
24 112
4 108
40 109
40 46
77 130
61 70
92 134
98 120
30 59
41 82
39 136
135 144
8 146
34 43
9 37
28 101
107 129
27 94
69 98
64 138
1 94
49 75
98 141
22 146
123 124
99 119
58 138
34 106
27 77
87 131
37 130
15 88
6 90
93 120
64 65
11 50
134 141
106 126
5 23
139 143
64 126
8 20
67 135
3 78
45 83
84 102
55 148
29 34
3 57
45 79
107 122
32 119
90 137
50 110
119 130
58 148
107 143
51 93
100 124
95 97
6 88
126 138
54 102
7 115
36 65
27 100
42 134
12 78
110 121
17 126
65 132
21 74
13 50
39 108
77 145
115 119
10 14
60 98
18 128
21 60
116 134
8 18
15 116
10 70
40 122
44 94
0 93
31 76
128 131
17 107
75 93
111 116
75 129
33 67
58 115
1 107
97 145
58 121
28 64
27 67
52 105
82 132
77 118
80 148
2 129
30 116
33 85
13 114
17 36
7 89
88 148
80 146
9 62
59 83
11 15
3 74
23 119
24 88
5 143
126 141
62 137
57 111
72 89
19 135
7 117
61 79
95 143
77 133
70 104
69 124
63 84
144 147
14 121
72 141
18 114
103 124
2 94
11 98
28 46
51 127
100 102
54 143
2 88
49 79
67 108
40 121
119 137
89 115
32 77
26 140
69 140
103 141
50 103
21 67
41 132
33 119
94 139
0 99
31 114
47 89
65 76
57 78
41 58
19 107
65 128
44 50
28 117
59 110
89 141
30 120
77 84
13 68
36 62
7 98
0 74
93 95
27 44
73 144
15 139
11 61
49 56
112 135
54 84
1 139
132 140
83 90
4 38
108 144
37 64
125 135
23 69
99 129
81 111
40 133
31 88
29 60
78 82
10 34
17 38
112 136
29 55
95 146
37 85
37 39
61 68
56 146
43 114
82 96
91 94
1 50
24 145
47 107
19 81
11 40
49 60
50 85
44 100
79 107
29 73
3 7
50 145
1 103
85 117
35 99
114 115
65 94
57 95
21 48
93 100
85 101
33 136
71 116
98 118
49 139
0 37
88 147
30 45
67 133
64 102
40 64
124 128
12 88
65 110
82 131
127 135
11 25
127 142
33 61
17 37
97 144
22 73
25 89
23 105
24 131
109 120
54 58
57 126
97 120
13 91
42 50
119 134
123 137
0 65
50 123
34 90
15 72
13 16
21 142
15 32
83 127
76 104
53 94
54 148
11 84
115 129
30 142
23 63
71 129
84 145
84 136
105 111
81 104
36 119
69 78
40 89
3 146
56 128
12 52
5 73
11 148
62 83
77 127
45 65
63 115
136 138
35 142
41 48
63 72
115 122
12 89
17 56
19 120
80 105
3 116
1 68
30 74
20 82
31 93
12 36
101 139
17 44
69 71
36 55
1 62
16 89
0 60
2 18
22 126
15 69
131 140
12 22
1 111
70 93
24 73
104 124
74 109
2 79
17 60
41 127
1 132
19 98
123 127
74 106
2 17
21 70
9 110
49 109
21 91
11 58
80 88
31 80
29 144
97 114
4 46
1 93
57 124
45 96
11 81
49 80
10 18
67 98
41 93
49 113
5 62
8 141
2 70
12 126
2 123
26 120
40 81
80 111
38 117
70 130
2 76
54 105
68 86
25 68
51 84
83 133
68 138
17 32
33 116
62 112
18 105
3 82
61 110
71 146
109 146
0 50
69 93
26 42
23 123
55 108
98 136
138 142
74 130
53 148
93 94
29 59
39 65
39 134
30 68
8 29
71 96
87 115
111 122
50 93
108 121
74 100
105 121
89 95
68 113
26 115
92 128
2 107
15 107
112 120
71 105
59 135
87 121
44 129
123 142
135 145
87 95
91 132
36 85
130 142
41 106
23 100
21 81
11 26
98 122
73 143
12 102
95 128
21 118
77 114
19 97
32 133
16 23
97 136
62 100
126 148
15 29
24 117
68 72
36 111
127 134
32 134
84 146
3 109
50 86
128 143
52 148
62 64
84 148
15 133
9 137
9 53
94 135
47 68
66 130
91 99
34 38
28 81
0 8
62 82
27 60
48 114
25 115
42 84
95 108
136 143
4 84
124 132
33 112
71 84
45 73
133 148
19 112
25 128
80 119
40 56
27 114
88 98
7 138
86 91
58 114
75 142
37 123
63 97
27 61
9 47
124 133
39 42
94 143
2 37
76 99
74 123
11 79
21 40
1 126
31 53
29 129
2 135
21 136
11 74
11 52
1 102
32 48
34 126
64 134
9 18
24 41
21 121
51 124
25 125
47 67
18 139
105 108
25 71
136 144
72 101
35 84
29 32
24 106
10 139
12 101
13 126
0 83
94 95
16 77
3 6
10 28
48 60
67 101
117 120
18 51
39 40
117 125
5 47
113 114
77 108
5 54
22 59
9 15
23 93
21 108
2 126
112 146
25 66
8 22
93 130
50 115
67 122
84 100
23 87
61 113
32 87
95 98
82 87
66 71
25 118
71 139
66 79
18 41
33 114
25 135
75 87
80 87
21 88
21 135
49 115
122 123
25 101
66 104
7 129
94 144
61 71
5 96
40 127
27 34
80 82
35 126
22 130
35 110
13 15
17 35
33 132
52 106
51 121
1 98
75 81
126 146
33 145
8 61
8 87
69 120
114 134
75 85
78 94
127 146
27 78
33 53
45 90
24 34
14 15
81 139
123 130
74 135
21 132
82 118
52 89
75 114
22 147
15 45
2 14
75 136
46 82
67 139
10 66
125 134
33 79
34 80
21 105
84 135
18 137
7 99
60 62
22 51
96 107
24 93
71 145
75 117
17 73
64 90
9 122
73 98
64 116
32 35
27 47
59 93
73 133
62 107
11 128
25 102
21 69
109 137
7 76
101 117
89 114
54 56
1 11
27 147
31 86
44 67
45 86
97 111
30 62
66 69
57 123
46 65
68 115
9 126
8 114
49 134
18 121
105 120
107 112
40 96
29 41
37 113
5 128
9 35
62 114
117 123
48 144
43 71
4 97
15 31
115 116
93 113
75 101
53 80
25 60
77 94
107 116
38 131
51 69
86 102
28 125
20 111
30 146
73 109
32 58
49 98
14 93
80 139
96 140
28 124
15 90
39 54
78 100
44 101
0 121
34 140
20 102
68 135
43 56
130 144
25 86
28 109
5 95
74 114
5 38
98 135
35 39
112 141
35 87
18 103
16 137
86 108
97 112
74 118
62 118
64 93
41 52
62 101
67 138
104 123
70 118
60 105
130 145
41 97
71 136
49 61
115 121
82 112
64 70
15 22
66 88
47 73
137 147
25 30
42 136
127 137
6 15
94 129
11 117
46 92
137 144
23 113
118 146
35 83
12 105
117 141
89 98
29 50
12 124
5 43
3 77
24 122
15 16
8 126
108 127
121 127
76 135
38 146
39 66
4 131
103 126
22 39
44 98
13 93
30 84
31 64
18 145
34 92
41 49
73 110
36 133
6 122
120 135
24 52
109 128
1 31
3 32
10 86
72 134
13 48
89 113
36 93
104 110
19 42
28 119
64 97
13 24
12 92
101 107
48 87
110 138
45 53
67 93
46 124
127 130
37 148
65 140
133 135
32 99
120 132
43 105
74 147
35 133
4 13
5 100
60 112
22 78
23 125
58 73
80 123
40 143
78 86
10 122
34 50
25 92
128 134
92 139
33 121
57 115
8 70
62 73
119 133
93 103
15 108
41 117
39 105
40 120
22 74
30 54
23 35
97 137
103 131
44 147
19 123
70 145
18 48
95 102
40 125
63 65
20 106
85 99
43 125
45 67
85 102
32 45
6 115
13 125
129 132
72 80
7 44
111 146
13 51
51 52
4 55
88 137
17 63
42 107
65 103
79 147
43 78
20 32
33 105
115 124
12 45
88 99
68 127
66 91
48 59
20 147
18 89
53 81
15 85
47 109
34 129
9 74
82 99
46 137
96 138
63 105
10 140
110 125
28 127
7 133
1 113
48 62
52 140
20 81
56 144
20 77
86 125
41 125
8 9
27 95
80 103
24 27
50 136
85 121
106 114
136 141
18 87
41 113
1 76
47 100
76 91
95 105
134 142
12 93
4 8
61 66
25 142
53 87
20 127
45 47
21 30
33 34
85 137
26 50
44 143
27 134
108 143
96 113
9 132
2 91
76 141
66 134
90 140
131 148
84 97
3 133
31 47
108 138
5 112
113 135
42 114
72 105
40 47
16 50
30 60
128 147
62 134
40 140
72 107
138 147
27 37
97 140
45 56
6 114
7 19
51 86
29 118
5 39
64 78
66 68
19 138
5 86
38 83
3 128
29 47
9 39
4 99
44 73
22 97
71 140
7 109
107 131
1 141
10 145
70 128
27 109
86 93
44 108
125 128
89 144
35 58
8 90
6 128
29 99
17 75
103 143
23 139
12 72
9 94
18 133
99 128
86 143
46 74
120 124
22 104
75 82
0 4
31 128
29 54
55 74
68 132
39 146
54 104
12 54
7 15
25 100
17 116
37 47
38 116
40 138
26 27
32 116
13 113
100 112
22 139
102 110
70 133
18 47
129 140
64 83
34 82
15 71
115 142
81 122
35 146
2 96
31 145
49 114
11 68
60 137
8 42
60 75
89 131
39 115
77 144
46 56
19 131
92 112
76 133
51 66
137 141
72 84
8 59
39 73
19 118
92 106
73 134
59 133
41 144
10 75
56 79
33 140
74 126
98 132
22 27
27 84
137 143
37 120
20 27
56 130
3 106
81 87
7 22
20 78
11 53
77 120
13 130
93 122
63 79
65 93
89 94
38 79
134 138
89 129
95 114
123 129
44 145
116 136
128 138
3 92
80 121
30 72
51 54
70 71
60 102
79 123
48 137
37 67
93 139
88 140
6 47
118 148
38 56
111 123
1 116
14 124
72 117
63 112
48 107
77 140
75 123
41 50
36 61
55 124
51 65
24 67
121 125
28 140
50 68
66 84
7 48
78 145
17 51
0 12
2 6
47 135
79 128
77 99
20 29
60 94
80 115
11 43
109 130
8 45
77 87
126 135
136 139
0 85
4 134
36 138
26 38
32 102
10 33
109 113
26 105
6 140
143 145
9 117
16 123
28 120
67 78
11 18
23 130
20 89
51 95
54 57
26 143
24 55
36 83
7 148
5 98
46 123
30 132
65 144
115 145
78 139
5 33
46 67
61 77
65 126
59 80
1 125
77 132
29 134
7 49
39 46
107 146
2 13
25 72
76 129
34 67
22 26
96 98
19 75
4 63
66 85
16 55
16 100
23 116
45 142
59 137
125 143
24 26
41 109
53 57
128 130
63 119
110 139
73 114
32 139
78 121
90 107
34 110
99 138
88 115
28 108
88 91
46 50
113 146
52 95
105 115
37 46
68 118
65 124
1 48
6 120
34 121
40 107
104 126
96 104
0 16
91 145
73 116
81 90
72 132
97 117
63 111
38 42
131 133
10 47
10 68
119 122
27 102
37 68
13 109
24 37
20 88
50 61
33 101
107 115
1 105
49 147
118 119
4 70
113 122
39 94
104 140
21 66
54 119
37 81
32 120
63 106
101 136
67 81
108 135
12 42
123 125
32 86
17 55
16 20
122 131
54 124
81 84
2 87
32 136
7 146
1 90
49 89
8 88
58 145
56 127
106 127
17 148
29 38
94 132
70 82
101 114
21 58
27 118
34 39
23 101
57 143
39 148
57 85
67 126
119 145
19 67
64 87
35 120
57 120
42 92
17 147
97 98
19 142
54 61
2 136
68 97
67 84
4 123
0 41
92 148
1 148
27 73
102 132
55 127
69 101
36 56
17 91
8 32
103 148
50 118
3 94
4 135
70 144
13 129
34 74
70 103
13 88
0 24
29 42
8 28
70 138
58 68
8 119
129 146
56 142
17 53
72 109
28 123
60 135
3 110
58 93
39 138
54 75
75 148
11 32
38 76
95 130
62 103
1 14
62 109
75 99
99 118
17 140
81 132
42 129
84 87
68 122
57 96
63 81
125 136
58 132
100 115
0 76
6 61
91 105
80 142
64 105
58 139
40 49
11 24
20 60
116 135
6 26
38 114
40 68
7 45
42 56
95 148
21 56
14 110
42 61
42 135
85 116
66 142
6 147
6 143
80 118
69 107
48 82
0 137
15 21
1 33
29 145
17 27
2 46
0 27
24 136
6 131
60 106
4 121
41 75
50 56
50 54
131 142
14 95
18 21
46 81
12 115
47 141
106 120
75 107
11 59
43 58
67 131
53 143
88 111
66 98
26 121
13 142
63 133
5 10
39 102
5 78
107 128
42 62
3 107
119 121
3 70
65 121
39 60
74 115
29 130
66 81
23 112
41 101
62 124
65 100
75 132
99 141
111 114
0 7
24 121
113 148
12 48
31 85
24 92
91 119
5 115
65 75
79 99
82 107
12 131
134 148
63 86
54 131
112 121
86 140
18 23
82 103
46 77
20 146
53 107
123 132
120 144
82 145
38 77
66 97
60 113
50 58
46 66
117 139
9 43
48 72
34 37
68 136
73 145
15 99
47 92
17 100
104 145
42 83
17 110
2 80
107 114
55 61
15 60
33 120
37 53
2 144
93 127
11 31
4 44
29 92
106 138
115 128
14 44
55 113
82 91
43 80
67 125
67 76
32 82
94 127
2 62
26 91
33 94
64 84
54 110
3 31
93 138
107 140
30 65
14 130
25 48
15 19
41 103
39 71
41 77
18 119
35 38
75 90
3 145
10 117
37 43
25 40
63 94
2 36
106 109
140 141
51 88
70 123
128 136
61 104
89 126
32 96
72 83
100 128
21 68
67 79
108 128
42 109
67 137
34 113
59 82
53 77
4 61
91 106
65 108
10 43
36 110
16 51
90 141
70 100
77 82
35 135
59 148
90 115
96 131
106 118
58 70
44 75
8 66
20 69
51 147
75 125
45 122
71 130
47 147
7 37
47 125
5 85
96 105
79 108
98 117
3 35
87 124
38 134
14 66
14 30
20 115
49 136
36 79
108 113
37 38
2 26
25 62
69 100
10 96
6 69
116 144
38 121
42 85
111 118
71 125
101 102
86 130
123 136
90 145
3 97
8 139
74 124
26 139
58 96
88 146
10 22
16 145
62 78
4 87
47 76
21 35
8 36
48 148
66 76
125 133
100 144
12 133
48 110
127 136
6 105
6 94
48 98
108 137
23 96
98 116
31 112
98 126
42 81
102 147
74 86
56 123
39 45
75 140
108 123
65 89
45 147
44 102
100 104
52 146
45 110
0 119
19 66
26 74
31 102
43 69
49 120
38 51
17 136
21 29
96 144
2 133
23 41
24 33
15 48
52 67
43 92
27 108
47 110
97 129
52 111
26 141
139 144
58 92
119 139
0 110
13 30
45 81
86 96
90 129
26 98
70 124
11 90
25 114
27 96
36 106
20 22
63 74
52 144
74 128
11 34
38 138
25 61
27 97
51 63
35 88
61 87
110 116
28 49
58 147
57 99
5 140
55 104
11 141
25 76
41 72
120 126
15 83
65 115
37 91
38 101
123 128
40 45
32 106
36 50
121 142
145 148
8 137
15 42
5 138
96 127
70 81
98 99
2 97
73 102
104 133
114 137
30 75
16 102
51 71
127 148
31 59
19 60
83 118
21 98
45 48
0 141
38 65
53 63
96 143
19 35
14 106
87 147
111 125
58 103
26 45
29 81
8 106
124 139
26 146
40 55
69 129
67 83
3 14
63 142
21 42
111 112
70 97
41 78
2 102
100 116
129 147
20 134
93 136
115 133
118 121
8 48
66 78
6 133
96 142
6 70
94 117
48 96
62 72
101 111
92 138
89 148
40 44
30 61
140 146
84 121
27 101
19 57
112 145
6 93
47 138
61 132
118 132
70 94
7 16
50 117
28 91
27 117
25 134
76 103
101 145
33 124
41 136
46 96
33 126
43 100
3 136
96 101
4 12
89 112
123 146
33 127
34 81
38 113
65 146
18 144
68 88
60 132
92 116
107 142
32 146
56 62
12 141
10 15
8 104
90 127
47 126
2 52
83 125
84 116
20 105
81 92
94 101
61 119
39 41
36 73
42 53
18 107
105 125
2 118
20 96
38 145
11 136
25 43
15 94
16 38
103 110
1 91
25 28
48 85
11 97
82 144
8 26
79 118
70 78
47 84
71 134
43 113
50 146
107 110
126 127
121 145
16 130
55 116
22 111
68 87
25 104
85 140
29 49
12 29
26 132
43 49
115 144
87 132
98 137
115 130
128 135
32 59
18 71
15 51
5 52
7 118
94 110
36 142
69 146
30 115
28 118
8 142
111 127
2 24
4 120
59 128
134 139
9 118
71 147
27 111
28 111
39 143
110 141
30 96
38 140
44 106
26 126
8 127
50 141
3 139
3 140
46 102
41 69
67 130
8 116
14 49
58 146
25 93
67 68
1 67
45 117
11 41
52 83
51 109
12 56
96 141
53 122
26 101
50 107
49 86
73 136
42 63
64 104
3 45
6 100
23 103
0 142
62 133
16 32
69 132
88 105
15 137
56 140
101 115
32 49
6 62
21 94
59 94
68 124
11 56
55 82
5 50
0 49
44 136
57 67
104 116
67 88
13 14
59 116
135 142
46 106
40 43
68 116
50 130
5 6
11 27
42 139
125 132
8 125
2 12
64 88
30 88
12 121
15 79
67 86
65 97
29 105
84 95
30 136
51 60
39 68
46 97
64 135
42 137
53 98
34 115
45 123
17 43
2 110
6 134
52 60
11 12
42 90
32 95
93 129
40 93
32 98
2 58
102 118
55 64
107 138
3 34
93 109
27 137
3 100
58 86
20 76
9 31
1 18
2 4
31 136
98 125
4 19
57 61
105 117
85 129
40 88
99 108
42 65
7 131
19 144
13 144
12 41
85 138
66 129
120 131
102 116
12 140
16 35
60 142
33 91
26 75
96 103
48 91
5 113
34 86
5 70
73 108
7 35
91 142
41 96
60 101
129 137
15 23
70 115
30 104
17 129
17 104
17 121
59 146
25 31
18 95
8 57
54 112
3 129
34 96
17 125
0 72
88 118
52 79
22 127
30 67
7 92
31 127
89 137
56 86
54 146
48 70
39 122
32 41
12 32
13 128
80 132
123 135
14 52
45 74
18 101
21 137
66 138
44 146
65 141
31 57
14 29
2 44
15 123
73 106
91 115
3 20
82 94
75 96
22 46
21 25
0 148
60 139
53 68
27 86
81 131
51 70
115 140
0 145
101 122
33 74
14 62
96 129
112 114
27 148
10 120
22 43
6 76
4 18
78 106
18 44
15 46
43 143
58 142
21 41
60 68
4 42
42 95
29 90
62 104
54 109
39 126
2 148
66 146
26 31
46 76
19 93
37 142
124 144
117 136
65 86
40 76
8 43
32 132
89 139
26 69
15 121
20 121
7 136
69 148
29 88
15 50
69 126
33 72
18 36
25 36
44 141
59 74
65 111
26 93
6 46
53 126
81 121
70 120
58 119
109 124
18 64
35 73
8 13
76 112
87 92
34 105
112 122
13 49
70 143
87 88
124 130
66 93
22 75
15 76
117 118
10 41
103 113
78 120
28 122
7 119
10 81
65 135
56 80
27 30
21 78
27 125
6 22
3 102
63 104
7 84
23 121
40 65
7 31
17 77
21 85
47 128
9 102
0 117
9 38
51 92
18 61
30 143
53 132
10 13
112 116
38 108
48 77
43 104
82 98
81 103
128 132
94 148
109 121
58 136
115 147
102 143
41 65
40 77
52 117
76 90
95 112
5 9
21 116
54 92
62 130
2 145
13 38
85 109
1 124
8 65
46 91
76 138
69 141
71 114
69 110
132 146
2 30
12 39
8 124
100 122
83 122
84 124
32 127
0 129
0 59
10 25
7 113
97 139
1 52
57 79
32 104
3 126
11 111
48 121
30 121
54 108
17 34
13 92
44 76
127 131
14 113
24 138
23 79
17 47
25 113
56 100
32 42
99 135
57 91
84 127
25 121
32 43
125 129
36 139
83 132
19 121
12 28
20 144
46 59
114 133
114 138
9 20
34 54
93 135
48 65
83 104
15 95
121 146
35 81
7 132
113 132
33 77
45 103
57 112
66 72
32 40
2 20
5 129
39 118
53 103
3 8
4 148
65 98
96 123
56 85
22 63
108 124
34 64
68 102
59 61
13 28
92 111
99 112
94 118
12 44
34 78
2 16
96 130
41 74
43 53
119 128
34 89
63 135
20 108
1 32
14 115
37 137
84 111
17 64
22 108
63 89
1 77
56 87
42 138
93 101
54 128
18 52
59 91
103 108
8 21
71 142
34 145
15 127
58 83
73 95
2 54
89 134
36 60
0 42
46 142
11 29
89 116
69 108
4 25
32 107
2 84
39 86
71 131
75 130
79 129
6 112
57 110
57 138
10 113
32 97
61 98
57 142
18 130
42 128
20 109
88 95
28 102
57 108
95 125
133 137
52 86
63 129
2 101
55 114
44 125
20 93
22 29
1 35
15 43
82 116
99 140
89 108
117 124
113 118
126 136
34 134
26 58
81 146
107 121
79 91
68 123
38 94
15 68
106 122
64 69
67 102
6 146
51 56
16 59
3 12
11 92
83 147
35 132
28 47
27 126
28 136
27 107
86 131
92 132
11 16
131 144
75 80
35 46
111 148
0 90
68 79
106 142
107 144
96 147
95 140
78 126
41 90
3 144
111 129
7 143
56 64
101 113
85 111
11 104
35 91
7 126
40 80
64 79
23 59
82 142
1 87
61 89
92 142
39 85
0 32
13 44
29 121
85 108
59 75
12 135
46 136
0 114
18 29
56 145
57 97
93 102
99 133
54 90
129 148
92 96
141 147
19 50
0 58
79 87
92 118
57 107
45 82
76 146
115 125
20 92
31 119
37 48
60 90
123 143
3 65
69 82
33 51
79 132
117 143
86 111
2 7
18 46
38 81
68 81
18 131
83 134
76 83
21 147
46 73
70 98
37 55
24 25
145 146
77 98
0 15
22 57
111 141
2 147
35 70
85 96
59 77
53 115
15 144
25 37
79 142
7 61
110 120
38 82
46 68
97 141
110 148
84 98
82 124
61 124
92 141
80 128
42 88
37 86
52 141
37 51
34 48
30 130
44 61
85 136
10 132
14 141
34 135
37 106
75 95
4 98
47 60
4 72
39 127
49 142
2 56
28 74
55 141
69 76
136 148
70 74
58 140
11 23
18 97
53 58
37 118
24 31
63 109
47 136
5 71
45 135
38 78
68 99
29 110
27 36
3 73
39 104
72 75
4 34
51 67
34 104
41 64
21 84
58 134
26 118
84 131
40 86
52 136
93 145
38 103
85 147
80 144
68 131
83 117
4 7
41 83
48 141
50 64
20 123
33 48
37 104
79 138
67 121
54 100
38 58
43 65
29 79
106 110
54 77
23 135
65 77
19 113
30 37
37 132
47 58
59 90
27 54
24 50
41 89
105 126
1 51
101 133
25 105
90 103
53 130
29 93
7 47
117 144
50 66
83 86
17 90
139 140
92 127
113 140
71 95
95 116
62 143
6 32
77 104
37 58
26 114
4 65
57 140
37 87
18 78
45 134
2 28
39 100
68 119
8 101
89 122
82 143
119 138
87 120
7 38
93 131
103 104
119 126
18 34
82 130
38 91
14 90
10 32
72 106
63 98
31 61
69 99
94 120
3 53
16 34
90 112
0 77
64 112
20 30
16 41
27 48
46 60
51 101
29 62
22 80
23 25
26 148
21 73
92 117
3 88
76 84
7 59
18 76
95 117
23 120
96 97
4 117
13 132
2 85
60 88
0 113
133 143
92 140
39 99
43 147
58 65
84 123
59 118
53 60
82 88
12 17
52 100
18 74
33 43
12 145
22 86
74 145
93 128
48 97
10 138
111 142
54 115
26 116
52 99
62 70
27 50
125 144
2 40
36 63
30 131
29 127
20 128
60 108
1 56
84 108
46 119
6 18
39 125
11 48
2 108
121 123
16 114
6 68
4 92
37 82
30 144
23 44
40 116
92 98
16 91
32 128
25 29
32 110
57 114
63 134
124 125
57 104
111 115
77 147
36 71
53 95
27 74
47 108
31 67
55 98
9 92
60 69
21 128
18 120
94 119
47 83
34 125
76 101
10 60
28 131
23 143
89 105
75 133
16 68
44 119
22 136
63 131
41 79
123 140
114 146
47 50
101 140
17 46
86 124
12 33
59 96
27 59
57 101
64 98
17 106
6 109
113 128
8 62
27 81
120 130
75 113
52 134
27 57
7 72
1 2
5 97
13 83
15 134
17 49
31 65
72 124
14 65
91 97
8 123
30 80
62 97
94 102
13 72
96 114
80 114
101 118
48 66
14 64
36 92
130 147
112 142
64 99
30 125
99 102
93 133
10 148
58 116
124 146
62 129
57 106
9 76
5 134
135 147
69 135
30 140
20 90
22 90
91 95
37 136
117 140
11 51
17 144
13 19
32 91
10 99
77 142
34 56
40 72
35 53
58 143
107 124
43 97
51 100
114 124
20 66
53 104
23 55
48 63
126 130
62 95
59 99
55 90
1 120
47 53
83 89
45 80
22 76
28 40
98 112
104 147
106 140
122 130
84 109
9 68
6 38
4 115
33 131
41 71
47 101
58 135
106 113
115 131
51 132
0 111
4 29
85 92
11 30
13 63
55 68
43 129
17 19
4 103
73 147
134 143
6 14
104 106
119 142
40 142
22 102
71 141
70 109
72 100
46 134
55 122
17 84
114 139
32 64
21 141
11 89
19 143
3 114
53 121
18 25
45 139
72 93
10 130
21 32
59 70
83 105
71 107
50 94
67 120
73 85
29 78
46 111
50 96
108 146
58 88
47 103
83 129
73 132
85 127
28 62
8 68
32 94
20 42
55 126
36 131
35 45
58 64
16 126
34 35
68 70
117 135
10 71
6 106
82 83
14 68
31 147
50 137
56 84
78 118
61 137
68 111
16 116
69 123
37 65
40 111
33 41
31 144
45 58
87 106
78 98
114 148
51 111
37 115
47 144
24 147
14 97
68 137
103 119
20 38
38 139
10 51
123 147
0 54
55 133
8 113
35 60
45 141
55 115
46 107
141 143
8 120
36 145
10 39
0 71
58 84
14 23
76 132
69 143
23 70
40 73
10 107
2 39
43 50
0 33
78 104
16 90
64 120
12 34
7 26
81 99
89 146
40 112
79 98
59 84
78 113
73 74
92 108
126 142
111 136
60 65
96 132
103 139
29 95
88 125
12 100
16 29
75 131
27 75
52 133
30 56
57 84
10 88
64 113
40 128
21 65
94 140
83 101
134 140
85 89
102 128
23 106
54 95
108 142
68 133
9 71
61 148
91 120
134 136
54 70
31 55
39 116
62 113
49 88
6 67
35 96
102 115
125 126
9 129
16 19
75 102
68 128
41 99
1 19
12 128
35 104
6 83
133 146
70 117
6 71
0 34
32 66
34 109
40 58
99 147
6 50
47 82
4 126
41 134
27 119
72 125
47 49
62 140
11 109
49 67
36 101
63 92
6 95
64 96
45 111
34 139
17 123
102 131
3 91
33 135
56 131
38 71
0 36
68 105
31 140
25 69
14 129
14 41
70 101
55 76
21 80
26 80
36 140
118 143
67 100
33 95
91 141
7 25
26 95
27 28
55 65
45 89
26 77
0 134
16 140
18 91
47 134
20 135
86 116
35 63
18 55
64 71
15 135
12 27
42 102
32 75
75 110
40 48
26 109
38 69
87 133
19 102
49 91
61 135
64 89
59 111
17 119
12 117
35 62
101 116
18 50
1 104
40 94
16 67
34 65
37 126
41 68
35 75
45 109
34 144
32 73
91 98
7 86
100 142
67 134
47 137
5 41
61 82
118 137
19 76
21 55
19 70
43 98
57 129
75 76
86 89
2 128
16 108
65 84
24 79
55 72
108 112
92 113
32 101
111 130
71 124
38 99
119 147
22 113
110 129
25 117
73 119
1 142
5 141
85 119
44 53
80 137
97 103
85 144
39 74
99 145
16 132
63 77
72 95
66 128
43 127
100 126
59 134
43 101
28 100
30 108
85 123
74 129
1 36
44 121
0 138
82 121
13 102
53 112
116 122
53 56
46 86
35 137
37 61
29 56
39 113
105 109
23 140
23 77
57 59
40 103
89 117
15 66
39 140
59 120
79 114
58 120
28 63
3 68
27 105
115 126
117 146
57 134
26 28
34 76
22 66
23 129
52 72
110 130
21 36
33 84
17 82
84 119
57 60
58 66
92 136
55 63
26 92
17 23
86 101
111 117
53 70
35 49
135 139
127 129
47 97
19 106
31 63
65 78
30 77
50 81
26 39
39 129
79 103
34 44
55 79
7 145
104 121
72 92
58 113
5 75
119 129
107 119
60 124
53 138
73 148
105 123
13 69
35 64
83 140
31 106
18 65
21 90
43 146
49 102
46 71
41 85
32 93
40 146
40 101
22 83
46 127
0 47
77 111
84 115
35 43
30 107
39 135
6 35
4 139
10 62
141 148
28 44
16 73
35 128
55 131
34 120
122 134
26 60
11 96
106 148
3 89
14 109
41 107
64 68
1 5
51 128
35 113
66 115
105 143
101 105
45 119
102 138
19 63
32 53
139 148
30 73
3 117
78 95
107 120
17 48
128 139
7 108
36 107
54 120
54 121
94 121
10 141
56 133
88 144
7 106
42 58
11 114
35 76
46 126
30 85
90 146
117 128
20 57
20 52
67 99
52 122
47 77
110 143
0 19
20 21
97 132
97 104
4 106
26 103
73 142
18 92
27 69
22 35
2 15
7 46
6 48
68 73
0 96
18 53
58 107
37 57
9 59
17 146
3 66
43 140
28 29
22 54
1 140
105 140
8 84
10 24
49 53
94 134
2 104
81 82
108 118
7 57
4 30
116 127
36 100
33 57
119 144
20 133
110 122
118 128
25 53
89 110
46 145
62 91
60 76
41 59
133 139
25 52
65 72
4 109
42 127
33 125
46 139
56 57
86 100
29 37
26 96
11 144
67 116
52 91
88 117
72 148
99 136
89 127
70 75
91 133
1 108
2 75
12 95
136 146
67 145
22 31
59 125
77 93
34 133
53 67
1 3
102 112
12 25
17 86
22 77
26 145
3 29
36 42
35 103
14 144
26 81
109 125
16 42
76 136
36 123
48 86
33 117
116 120
75 141
28 92
2 112
62 135
47 130
12 118
110 142
93 134
61 73
60 71
23 110
48 118
49 132
49 52
34 52
24 98
8 98
76 107
114 120
37 134
8 102
81 119
25 85
31 44
27 62
24 96
26 147
58 137
2 32
92 107
106 108
95 104
31 58
38 144
64 144
75 111
66 120
71 144
90 98
14 33
47 131
107 117
20 99
1 6
77 125
44 138
42 125
48 81
16 25
40 61
30 36
28 144
7 56
21 111
23 38
26 44
63 99
119 124
8 81
40 78
134 145
3 96
28 99
34 127
31 34
69 133
53 73
24 127
82 117
10 36
42 70
96 119
18 141
61 106
47 51
101 147
38 61
35 40
51 118
79 120
87 128
106 135
13 87
41 120
47 112
70 121
62 81
34 108
97 100
43 117
54 85
54 106
48 135
0 112
57 146
99 142
109 110
17 95
28 53
13 71
40 126
130 132
75 86
81 134
84 130
35 116
59 102
36 74
58 105
137 138
10 61
51 116
61 93
23 39
12 58
11 145
53 90
11 112
127 147
26 111
11 88
38 43
51 131
54 73
104 148
7 67
6 108
29 125
88 128
37 40
94 146
62 139
84 96
77 105
20 143
11 133
8 143
102 108
39 106
32 142
14 112
7 134
89 119
72 78
87 89
65 119
69 116
8 131
8 77
56 68
44 131
11 20
23 90
6 104
17 41
38 107
13 27
13 21
54 144
44 63
64 66
55 99
91 108
50 97
36 127
30 106
37 131
84 144
88 131
16 52
37 114
18 116
99 106
44 126
59 140
59 107
52 53
11 47
80 126
45 138
62 132
106 121
31 113
65 116
16 80
31 135
39 88
17 130
65 118
11 83
60 128
0 61
94 106
120 143
122 140
50 53
60 126
35 112
23 102
34 137
44 132
55 120
10 44
24 119
102 117
14 85
74 132
17 131
0 102
81 140
86 87
93 126
10 37
19 64
29 69
36 43
10 11
88 116
116 145
42 132
53 97
20 118
71 73
56 73
40 145
46 133
19 116
96 112
105 107
6 49
86 129
108 131
75 109
9 136
67 141
93 118
36 102
15 64
96 124
42 113
47 148
7 91
11 93
49 72
131 145
10 76
16 22
80 92
45 69
7 120
47 55
31 110
37 42
30 89
70 119
59 73
87 113
7 81
75 106
49 116
6 23
45 94
24 140
128 140
60 66
35 85
75 103
67 82
0 29
7 111
72 108
2 49
98 130
80 98
5 123
28 59
64 75
4 107
2 120
89 91
8 30
50 55
93 125
53 66
86 146
30 47
1 97
75 146
60 87
92 101
109 119
90 92
63 68
52 113
34 142
101 137
97 119
88 110
82 89
100 141
9 50
6 30
58 112
51 90
58 127
9 142
55 132
79 119
17 93
13 37
66 119
33 93
15 92
79 126
68 145
74 122
44 117
39 72
65 95
10 72
18 67
62 115
6 64
70 105
88 96
4 33
48 145
45 140
23 61
61 91
54 80
15 136
9 97
104 128
27 46
28 126
34 97
24 133
30 90
56 58
70 134
10 87
57 73
73 115
56 99
111 138
19 119
51 80
19 68
84 91
57 92
15 128
95 145
4 58
9 123
39 111
20 119
105 122
3 49
15 75
71 86
76 105
10 20
40 99
35 82
8 140
15 34
50 74
14 148
3 46
13 39
64 107
2 109
47 139
22 138
9 99
16 66
18 27
6 87
21 110
22 49
91 138
76 110
22 94
64 103
3 47
92 109
30 98
35 51
6 74
2 67
97 127
53 96
80 94
67 129
51 94
92 133
81 96
23 147
11 131
72 113
87 139
11 134
41 42
44 91
13 104
63 141
63 116
77 109
4 105
41 63
5 17
55 146
31 69
87 107
12 138
90 139
94 142
9 58
69 77
6 21
19 28
66 75
112 126
49 57
38 132
26 56
104 146
87 110
92 143
34 93
13 74
52 114
86 113
28 115
61 69
31 48
78 116
28 96
33 49
105 128
57 147
14 96
92 100
39 137
38 122
25 127
4 53
38 48
48 102
31 108
25 144
25 147
47 88
8 14
33 87
1 63
13 111
83 85
11 101
3 83
19 54
22 52
32 44
79 106
33 47
38 73
29 74
42 68
114 128
120 140
43 141
5 102
82 101
78 128
43 110
56 132
84 112
15 67
31 32
56 91
70 112
76 81
72 85
91 139
0 86
5 110
14 27
36 135
54 67
49 103
14 103
41 126
56 72
122 142
110 147
92 114
0 87
106 136
67 109
28 79
39 53
99 104
42 47
29 147
16 26
16 127
62 120
103 129
23 128
16 111
30 41
73 88
24 86
8 109
20 55
27 42
18 134
48 57
5 94
72 103
61 83
90 104
11 78
65 92
130 133
104 114
71 97
35 78
102 121
35 54
64 110
14 125
83 145
42 69
23 43
41 146
104 138
49 94
92 97
37 94
119 120
12 73
30 133
81 135
63 126
1 49
52 119
34 87
19 129
129 142
99 148
78 97
37 95
68 94
4 41
28 37
77 92
66 100
132 137
114 141
37 97
42 79
90 100
122 148
46 99
36 115
31 73
68 100
34 79
54 111
127 128
50 92
14 77
40 67
92 123
44 109
83 148
36 69
33 100
10 89
8 78
3 18
70 96
54 123
27 141
71 121
112 138
60 107
3 9
36 103
35 66
10 26
56 63
61 143
94 136
26 100
33 97
26 113
64 101
5 42
20 117
114 122
38 60
87 93
44 90
65 66
56 89
63 96
9 96
50 84
59 87
102 127
47 52
42 87
22 67
35 37
57 72
63 88
31 141
95 103
88 129
64 118
99 117
61 144
75 92
46 125
66 114
22 141
34 117
54 97
1 138
85 87
39 114
29 68
39 78
3 59
44 60
15 44
12 114
69 109
18 70
85 141
108 115
30 81
35 80
34 84
15 93
3 58
58 122
102 129
0 91
12 77
88 127
88 120
66 94
4 86
20 31
35 145
3 4
11 127
20 24
10 114
61 114
58 63
5 26
104 107
11 100
16 57
48 140
6 145
38 147
25 87
10 31
61 74
10 74
86 134
63 125
44 66
54 127
78 141
20 43
14 145
109 127
4 140
129 143
23 28
19 39
27 103
19 27
0 43
49 99
70 132
2 35
112 125
9 44
16 36
27 55
66 141
16 110
32 100
11 143
70 111
134 144
100 136
100 130
16 44
87 123
71 85
73 103
107 113
9 56
34 51
53 136
25 103
132 141
13 57
15 52
100 101
22 82
4 45
85 90
83 95
21 125
103 105
25 44
47 81
103 116
13 42
53 76
39 80
111 145
14 71
23 148
92 93
30 141
72 74
96 145
95 113
21 50
72 147
110 119
7 135
127 139
12 19
6 102
29 143
83 138
116 130
125 139
105 133
22 132
16 72
26 89
81 147
60 120
97 121
67 85
81 144
68 82
24 107
13 34
29 136
23 109
21 38
56 75
6 121
48 49
18 136
55 66
54 87
15 97
83 121
70 79
70 95
30 64
95 121
23 80
25 50
33 83
82 138
4 54
59 144
38 62
52 59
19 128
27 87
81 118
85 126
32 85
118 136
52 68
141 144
26 32
7 36
8 135
73 137
8 17
73 123
48 125
36 68
57 113
26 43
47 62
18 96
53 93
75 116
110 136
53 55
8 147
37 124
22 72
102 125
45 114
31 56
90 120
68 75
2 116
27 70
24 69
3 43
87 111
27 79
81 98
56 136
6 40
1 92
4 73
3 113
69 94
19 29
80 101
6 60
22 123
28 148
73 135
115 137
66 96
112 144
1 100
67 107
40 50
82 127
124 136
7 10
7 125
10 49
104 130
25 143
81 120
32 70
109 123
38 49
62 66
78 108
85 118
83 107
69 103
49 111
43 108
16 56
45 61
55 80
5 76
25 140
22 87
20 39
32 54
97 105
128 144
48 69
39 132
38 44
41 145
53 89
41 121
1 131
34 146
12 30
55 144
16 105
72 79
52 65
113 136
75 124
35 56
14 117
0 44
103 130
10 128
45 77
56 117
37 147
113 143
31 101
14 58
103 145
25 95
81 116
9 22
56 114
11 46
135 143
7 53
0 28
61 81
5 132
60 131
14 139
27 53
8 69
28 35
62 125
26 142
69 130
112 129
15 61
82 140
22 68
39 147
64 86
100 133
59 60
87 126
2 121
22 42
121 138
110 135
49 95
15 35
67 146
102 119
19 65
24 76
117 148
36 97
43 76
5 136
71 143
9 112
7 94
38 133
14 99
32 147
52 127
63 117
30 139
0 64
9 84
43 135
22 71
76 143
81 124
72 76
99 123
5 36
87 90
30 70
68 85
61 78
9 120
4 104
90 116
52 82
9 114
7 147
147 148
93 142
6 28
71 103
16 69
12 60
82 123
29 87
73 89
78 124
120 141
114 117
4 20
54 114
36 77
26 35
70 87
98 103
26 102
64 72
51 96
15 57
53 120
117 122
15 80
119 123
24 104
105 106
78 85
4 143
17 24
101 112
72 122
38 124
17 132
77 97
48 74
9 49
9 41
88 134
9 66
1 28
71 81
74 83
22 103
33 123
25 42
46 94
60 148
122 138
79 116
104 105
26 57
16 109
24 129
120 137
10 16
6 25
78 110
9 146
10 129
16 129
15 24
20 91
12 80
102 106
6 54
1 24
13 122
18 66
33 78
51 112
46 115
92 125
54 74
37 83
38 47
21 104
99 111
114 144
36 70
83 103
98 129
29 146
80 106
24 97
96 148
91 93
39 58
74 125
109 136
35 144
41 147
67 104
9 91
11 110
91 111
12 57
98 113
1 114
14 16
33 71
15 87
3 81
17 138
49 81
94 105
27 128
16 83
139 147
55 123
136 142
20 41
8 148
19 148
0 25
29 112
36 48
69 79
37 129
101 144
42 118
3 41
28 98
15 27
37 102
60 73
83 126
56 137
48 147
45 112
58 81
41 123
138 140
57 98
42 82
16 37
62 105
36 75
31 91
102 134
26 108
45 144
113 144
66 144
28 121
32 143
106 132
21 122
64 139
93 117
74 134
36 39
52 107
10 101
76 114
77 95
8 86
3 36
63 143
28 51
90 119
15 84
123 141
10 45
40 113
19 85
89 142
49 121
35 61
44 113
107 111
38 54
15 131
0 52
57 103
129 145
6 82
0 13
119 141
106 111
69 74
75 91
61 107
13 66
108 122
29 137
110 133
24 70
35 140
73 75
39 70
25 55
62 116
60 134
25 78
34 119
52 78
69 92
38 93
42 143
35 101
18 127
131 138
5 60
52 102
121 122
34 36
43 88
58 117
14 119
96 136
57 93
116 143
32 80
48 92
18 102
19 146
61 63
40 144
22 23
1 145
73 79
100 121
12 87
79 148
31 103
2 25
10 142
10 100
111 131
131 132
104 137
54 59
28 135
105 119
48 56
0 95
117 145
25 97
5 32
50 71
60 121
64 145
120 127
146 148
6 51
36 113
1 82
59 100
33 76
67 140
37 110
55 102
24 54
51 82
46 78
14 91
41 112
50 114
37 146
27 80
105 132
13 148
21 131
50 95
72 112
80 84
28 61
0 133
0 30
5 83
56 94
34 91
88 112
42 67
3 22
34 57
6 66
8 85
9 125
71 109
31 60
19 79
123 144
28 41
43 54
15 129
60 122
27 29
44 107
45 91
97 138
35 106
90 124
29 91
30 40
32 92
100 145
1 119
36 81
38 142
14 142
5 104
81 115
14 39
79 85
31 84
31 123
95 124
72 143
13 108
22 36
13 147
73 97
30 82
91 110
91 117
6 118
101 141
91 118
15 119
18 82
14 88
15 120
31 52
18 115
71 148
97 107
42 66
67 77
88 121
25 110
53 134
96 108
84 104
73 94
6 99
109 122
79 93
85 124
27 68
46 138
33 38
55 57
96 125
4 146
78 105
125 137
19 88
5 24
48 78
29 140
68 84
115 132
23 108
49 51
63 144
18 110
44 123
51 129
87 104
7 69
6 9
13 46
30 113
32 34
23 127
37 52
45 133
72 121
69 131
41 102
24 118
120 145
63 71
40 108
57 102
56 83
37 45
26 33
108 148
31 82
7 96
18 79
0 56
24 101
17 94
68 101
105 134
93 114
62 88
43 126
69 127
42 76
74 88
72 128
53 117
108 134
24 78
98 108
23 53
5 8
46 131
84 141
27 71
51 148
36 44
36 45
67 97
52 97
11 17
61 94
19 101
74 85
14 76
20 138
45 118
10 146
6 56
57 141
72 144
29 101
124 137
47 91
37 50
15 89
16 61
55 56
43 115
26 138
32 63
116 118
73 118
68 71
53 142
36 122
58 59
40 115
87 118
65 137
69 139
49 145
120 129
22 44
51 53
34 107
4 113
40 87
53 118
66 143
21 109
2 29
126 147
106 125
12 62
2 72
42 78
98 128
107 108
104 113
9 52
95 141
49 100
51 130
83 130
80 135
13 43
49 117
94 103
18 33
25 65
57 88
91 136
110 111
65 114
2 100
40 42
51 139
83 93
90 118
121 136
71 138
84 134
0 126
122 144
52 128
0 5
15 47
63 114
28 107
20 44
12 137
103 128
38 89
52 54
82 108
85 113
9 42
106 123
101 109
48 111
3 95
117 131
28 113
58 89
41 84
107 139
76 147
82 147
35 108
82 137
110 128
104 131
18 90
60 147
113 115
12 125
14 35
92 146
65 96
14 132
58 125
90 123
77 103
54 88
2 81
5 45
32 131
57 118
13 110
114 132
28 31
18 75
100 143
14 94
103 127
62 127
66 127
25 132
28 70
112 119
129 138
52 75
15 111
24 60
24 74
130 146
18 135
93 143
54 96
33 44
29 148
33 39
43 90
62 123
104 111
68 140
17 42
84 99
20 37
15 62
30 76
42 110
23 30
30 48
53 140
5 28
48 103
9 72
109 134
118 122
38 136
35 69
9 147
9 139
20 75
137 142
27 110
34 102
4 147
73 146
74 92
19 130
43 84
30 145
6 24
76 145
57 137
43 121
37 121
47 104
3 125
106 107
65 125
46 140
40 100
87 98
91 137
62 144
40 134
60 78
115 117
26 64
29 115
38 92
82 90
116 133
56 95
122 146
67 110
121 147
44 115
81 143
21 24
2 124
77 137
46 109
87 91
77 126
71 91
75 138
18 40
59 104
9 78
0 125
43 134
39 141
90 113
28 129
9 134
29 116
85 112
39 76
59 92
44 72
16 133
83 100
36 146
32 124
129 139
84 140
134 135
45 64
14 69
141 142
37 66
117 121
12 91
30 147
76 111
48 68
81 105
2 143
25 130
35 55
28 58
78 103
33 35
53 113
74 137
34 59
55 96
51 77
20 110
13 75
13 41
2 142
102 113
86 104
100 111
30 53
23 122
90 130
2 21
66 108
4 101
12 146
13 47
64 95
2 99
51 145
79 124
77 136
51 73
21 54
107 126
24 35
80 140
11 106
47 85
95 144
60 99
53 110
86 132
58 79
36 82
70 106
78 112
11 126
12 129
21 51
57 148
90 95
31 40
81 83
62 96
17 61
142 148
48 146
37 100
24 57
82 122
11 140
58 110
81 127
102 103
41 60
104 134
7 103
91 126
86 112
128 142
79 135
5 49
103 137
42 119
91 124
46 120
46 75
31 125
126 133
108 114
15 132
74 111
33 122
0 45
79 134
95 136
99 101
101 129
32 117
7 42
74 127
14 57
38 63
58 123
7 137
19 58
63 123
88 119
11 113
16 125
76 109
8 121
51 125
90 109
17 96
86 95
16 120
48 133
111 121
86 138
16 88
8 97
65 112
64 117
31 36
9 64
107 135
41 116
9 48
16 92
2 66
22 85
41 104
11 22
29 126
4 37
8 105
106 143
40 79
73 125
21 39
50 120
47 113
2 19
27 32
12 142
51 136
103 135
81 91
18 32
92 94
63 76
47 98
65 68
2 103
12 18
98 139
11 87
40 41
15 30
0 89
74 90
12 139
112 113
53 92
6 55
52 143
76 100
16 54
59 136
25 79
61 121
74 108
70 83
8 10
56 135
73 83
45 76
87 122
49 54
49 129
89 133
33 86
7 101
43 142
68 110
29 70
95 135
46 70
99 113
18 140
13 100
43 111
84 90
42 104
69 125
35 65
126 128
88 123
56 139
23 34
24 120
20 65
22 148
94 125
4 79
91 135
42 126
18 93
66 148
8 138
75 128
57 135
16 112
45 62
53 106
27 98
30 129
87 119
35 74
11 99
38 135
55 93
50 108
34 148
99 116
72 73
39 124
22 119
40 59
55 100
5 61
57 83
45 84
1 144
74 75
46 105
50 138
83 114
107 134
95 139
15 124
5 18
27 41
30 46
34 88
72 133
53 86
121 143
60 92
13 32
37 109
71 77
46 132
60 77
73 113
24 141
52 116
6 144
48 51
99 127
94 97
9 108
93 110
38 110
63 90
60 72
70 86
27 131
25 32
28 130
76 106
61 88
23 88
83 108
31 115
69 137
50 128
76 113
35 129
39 130
91 113
5 106
91 140
26 46
98 104
44 70
15 53
86 128
15 58
36 46
11 119
58 124
41 108
15 65
97 116
5 68
12 81
54 107
66 82
43 131
37 139
14 83
54 129
14 50
53 59
32 126
43 55
42 146
61 75
50 99
26 130
101 121
132 148
20 83
0 79
33 99
49 146
66 89
73 140
22 145
89 147
38 96
17 22
66 86
105 147
45 49
75 143
62 142
63 102
42 111
9 88
52 135
122 126
2 83
5 13
5 44
97 126
40 83
48 106
29 66
43 60
28 39
3 119
17 67
48 132
35 72
106 141
34 45
120 123
40 98
78 147
36 112
19 36
61 142
14 72
9 14
20 47
115 146
54 125
10 58
16 107
70 146
74 116
50 91
36 47
78 132
0 11
57 100
30 91
102 142
13 33
4 132
63 122
13 70
35 147
59 67
17 30
71 100
16 85
54 89
109 138
105 118
8 96
65 74
66 110
9 70
94 123
33 138
35 114
21 57
122 129
104 139
38 88
25 133
42 93
33 137
31 124
50 116
58 126
14 111
60 85
102 109
68 95
38 111
128 141
113 119
68 103
76 121
24 61
37 69
1 72
3 124
74 105
99 121
5 87
71 98
39 103
8 132
109 148
25 57
0 66
86 142
121 139
95 119
73 126
19 32
7 18
57 63
13 120
10 38
61 117
129 135
1 95
63 78
30 42
30 134
107 136
39 75
45 106
16 71
85 143
3 39
54 126
10 108
42 116
60 63
23 136
9 75
22 131
14 55
61 125
14 45
54 64
28 71
40 129
26 117
86 121
90 114
44 74
27 51
63 130
95 100
48 117
72 81
40 54
43 119
77 79
2 89
93 108
100 129
17 141
83 96
22 28
8 115
63 121
76 102
48 136
115 127
35 148
6 45
2 86
4 71
110 132
24 114
42 123
18 106
14 116
71 112
15 113
7 32
50 90
54 98
28 94
10 48
9 105
2 42
19 127
9 28
66 124
39 83
30 94
54 91
10 50
45 129
127 133
6 77
97 106
9 26
108 136
41 131
114 119
89 145
120 136
94 122
77 110
70 90
81 138
39 96
1 78
50 82
37 71
68 108
129 134
63 107
12 147
38 74
123 133
94 133
56 88
75 79
28 45
14 28
86 92
101 119
28 139
36 52
70 140
3 131
63 137
79 97
35 143
87 142
6 139
114 145
112 133
41 92
39 109
30 137
18 35
30 44
12 122
0 107
80 102
18 143
26 88
32 145
78 93
51 119
84 133
9 148
50 109
5 34
6 31
25 124
73 90
43 70
17 83
15 18
21 133
2 33
79 112
32 38
41 80
105 112
105 141
37 93
17 52
35 105
24 128
126 131
59 101
16 33
102 145
7 142
51 87
10 56
66 106
82 109
4 50
57 69
77 138
9 90
18 68
6 98
108 126
34 70
19 95
72 91
36 125
1 59
21 77
58 76
25 139
34 75
65 105
16 94
13 117
11 39
30 87
106 124
12 84
18 104
53 137
134 137
55 89
33 68
22 70
22 47
39 133
29 128
84 117
56 98
13 80
65 117
32 84
76 131
56 66
25 138
60 74
99 109
10 27
2 78
27 132
31 50
111 120
47 94
23 42
18 113
41 135
80 96
84 142
4 89
42 148
5 40
91 121
97 142
35 123
7 28
47 129
27 140
4 31
58 129
5 121
125 131
46 103
69 147
49 83
87 145
79 92
57 80
5 57
2 22
16 141
82 95
25 58
25 77
12 50
22 133
9 82
69 70
80 133
79 136
22 98
46 57
3 69
72 120
58 131
87 102
53 109
60 86
17 128
56 102
14 137
23 137
42 45
43 124
89 100
4 60
124 127
49 93
52 118
110 118
73 82
16 43
66 105
51 107
3 123
1 38
94 138
62 117
106 145
0 147
110 134
113 137
102 104
14 19
23 94
15 117
83 94
19 47
43 48
87 97
16 128
71 79
117 132
37 133
126 134
24 126
45 127
19 109
9 16
45 120
34 112
5 14
39 98
26 71
3 143
8 128
80 89
37 119
72 138
2 77
51 59
50 135
106 128
29 86
31 37
19 111
20 104
10 59
5 77
64 81
21 112
41 55
57 62
24 124
74 117
39 67
103 133
27 99
83 99
32 61
80 113
64 94
72 131
98 109
16 93
41 61
1 8
80 134
80 145
0 68
100 118
28 141
59 127
84 143
91 128
52 61
62 99
88 101
37 143
42 48
83 116
83 136
33 96
76 116
4 116
17 98
113 120
71 99
62 68
12 148
21 126
20 45
45 125
60 84
59 81
12 14
116 125
94 99
36 53
36 88
24 105
8 19
3 24
29 117
90 91
34 41
0 2
110 137
15 26
37 112
49 85
12 109
45 54
8 34
9 144
76 139
52 108
45 55
10 97
6 135
27 58
3 141
41 137
38 90
43 67
25 136
95 101
95 107
9 143
21 71
23 57
58 100
33 88
109 139
6 33
24 75
36 147
102 136
108 139
95 106
18 49
64 106
6 44
62 128
91 129
21 113
27 63
32 71
9 115
62 106
25 107
14 118
44 77
108 133
1 106
69 145
18 43
20 85
67 72
98 127
32 72
96 133
0 105
12 143
86 110
103 118
142 143
2 106
17 115
4 35
6 117
3 19
29 132
76 94
66 83
28 95
92 130
69 134
16 143
19 124
48 123
16 99
59 114
24 64
94 141
4 95
8 60
7 63
69 83
9 93
37 127
51 138
85 133
91 103
48 79
97 102
25 27
31 78
57 122
13 52
12 20
17 54
33 107
8 39
25 56
34 55
81 110
48 126
92 126
93 137
14 53
21 23
103 123
78 143
73 124
5 133
81 97
8 52
21 127
91 116
103 132
0 9
83 106
34 47
33 142
21 28
10 131
33 130
23 64
22 41
112 132
47 93
13 106
14 140
3 137
33 106
52 147
109 126
74 79
99 103
91 125
54 71
75 105
72 111
27 144
87 138
43 61
113 145
127 138
25 35
37 78
122 128
49 112
113 130
138 141
99 144
54 118
56 108
12 13
16 122
4 28
45 50
52 90
14 18
33 40
7 17
14 54
4 15
27 33
70 89
3 10
7 41
102 137
64 67
89 99
2 61
37 138
55 86
135 137
85 95
54 116
67 111
97 130
32 67
97 123
66 116
69 105
5 124
29 51
108 147
16 142
23 47
86 122
31 68
88 124
70 107
112 118
58 82
94 147
3 105
119 131
91 127
78 148
25 45
15 130
8 44
74 119
54 141
33 52
42 96
20 131
41 73
118 127
9 23
26 87
22 53
81 128
31 130
79 125
8 67
21 119
67 70
54 83
138 144
76 127
37 62
12 71
8 79
3 111
58 109
101 123
20 94
92 131
4 17
33 42
29 85
38 70
4 59
139 145
40 71
2 127
91 148
93 144
91 102
44 88
88 122
19 108
42 108
26 136
128 133
24 116
43 120
79 83
13 119
52 80
54 93
24 91
12 97
30 93
38 57
51 102
50 106
104 141
5 108
0 6
33 69
39 145
45 104
10 94
56 65
93 141
10 57
4 80
34 136
39 95
84 147
87 148
51 99
111 137
26 61
73 130
2 47
90 142
29 94
72 82
38 75
85 103
20 72
115 135
44 64
59 76
14 67
120 146
3 84
113 117
74 81
27 121
61 111
28 85
24 59
7 68
53 61
79 105
14 73
30 39
4 64
49 133
105 144
67 143
1 30
82 128
28 103
14 21
125 140
63 73
55 110
23 107
38 86
59 112
4 144
13 40
47 120
45 51
56 106
61 126
10 95
11 71
53 141
61 136
11 124
28 145
21 33
52 120
44 89
84 94
5 90
122 143
0 10
113 129
39 107
18 111
7 100
26 34
80 116
117 147
55 105
74 78
89 120
131 146
33 64
18 69
81 101
57 90
38 85
79 140
97 147
3 86
52 121
3 11
41 95
4 67
17 124
27 130
114 127
26 83
61 108
27 113
51 110
35 117
33 146
5 67
26 65
30 33
6 73
20 40
6 27
34 61
15 28
74 96
56 122
69 104
13 20
20 103
19 103
0 82
87 108
122 124
7 23
51 97
46 117
85 110
11 115
11 147
2 59
99 131
74 139
20 53
63 127
17 145
31 70
13 78
38 104
20 48
70 88
109 142
116 126
56 70
25 112
50 83
49 138
24 47
17 135
39 64
13 96
73 100
117 126
13 139
49 148
31 62
32 65
27 35
28 36
29 108
34 49
51 76
22 125
108 130
65 88
57 131
93 112
86 126
95 137
105 139
60 89
90 101
34 99
43 74
90 102
71 75
3 27
20 74
15 63
51 104
52 64
55 59
27 142
58 80
59 138
7 95
6 130
8 64
73 138
12 96
40 123
18 45
15 91
66 112
1 135
25 106
49 70
96 134
22 140
59 98
97 125
46 114
33 102
25 38
45 63
67 147
59 89
5 65
62 67
3 17
69 91
2 48
25 111
13 134
19 46
21 124
29 61
11 38
30 78
14 136
5 145
49 128
27 145
5 89
137 139
24 89
4 124
0 140
67 117
37 103
10 127
52 84
74 76
45 121
50 111
46 147
85 145
1 27
11 122
97 131
39 90
118 124
43 130
12 83
66 99
55 138
64 80
122 125
5 63
68 147
68 130
95 142
47 75
8 130
72 86
16 106
12 90
12 31
1 9
0 67
2 45
97 128
118 123
51 75
138 139
42 77
1 40
74 82
8 108
15 49
113 123
71 108
124 138
15 41
68 98
16 46
83 87
108 109
85 135
68 93
16 113
65 143
117 142
14 135
15 33
73 122
23 146
5 131
2 132
111 113
84 129
12 66
41 86
23 31
112 130
30 99
36 137
96 139
1 7
77 91
11 55
32 122
86 109
42 144
39 50
9 24
46 143
28 38
7 139
44 122
5 22
12 130
64 124
33 82
52 129
98 133
94 115
34 123
101 120
15 38
66 145
68 143
0 38
90 144
61 130
40 102
19 134
52 81
56 113
8 51
106 130
68 129
19 87
106 133
44 134
42 75
37 79
90 106
18 37
138 146
47 124
15 78
36 94
31 43
46 49
59 115
46 88
24 44
11 125
43 123
11 70
1 84
33 62
15 148
89 97
46 79
119 127
27 92
9 124
8 24
12 79
28 48
75 127
7 70
30 83
109 141
98 131
32 74
27 115
13 107
62 108
25 123
37 70
34 94
14 22
24 36
28 93
10 134
102 105
95 120
92 105
22 105
50 147
63 138
43 57
74 107
24 81
72 104
40 148
49 143
23 86
65 134
39 119
102 124
48 134
33 113
9 45
49 107
7 24
66 136
4 112
26 40
63 108
75 104
35 71
77 139
47 61
15 74
99 126
24 83
3 16
26 73
35 79
19 133
116 138
37 72
73 104
45 72
18 73
65 145
45 70
29 76
99 124
93 140
18 112
11 138
100 120
2 63
60 141
40 130
69 88
79 141
21 148
68 91
44 83
22 62
135 141
68 144
1 13
48 101
41 56
18 126
38 148
3 101
33 46
61 92
20 35
19 22
11 118
56 116
71 76
84 93
50 80
42 115
26 63
2 11
72 130
87 101
93 96
54 55
19 53
110 115
29 53
57 64
22 135
107 118
2 51
36 95
8 92
78 131
38 41
70 116
51 140
82 97
98 124
74 99
96 106
114 116
41 110
64 125
34 71
60 119
24 46
44 59
49 68
76 87
24 72
48 53
21 117
12 37
19 72
74 98
63 139
42 122
132 134
95 111
4 129
73 80
18 28
9 27
25 122
13 55
118 120
33 66
4 51
91 109
6 10
35 141
31 107
24 111
29 120
100 113
57 145
0 70
1 79
12 21
40 74
142 144
36 40
43 99
32 57
21 43
88 93
58 104
22 120
64 73
114 125
1 60
63 148
60 79
84 113
13 90
6 8
36 67
46 89
4 36
81 129
77 128
87 103
8 73
89 123
63 93
29 71
80 136
8 37
13 116
69 115
53 135
36 132
114 126
76 85
65 83
37 116
79 131
95 110
13 138
6 141
33 50
34 68
4 125
120 139
36 64
7 128
1 137
3 40
60 133
85 115
63 110
84 118
109 111
34 53
82 148
97 118
35 111
11 132
92 147
4 32
75 147
52 98
7 105
17 58
95 123
98 134
139 146
14 51
61 122
4 119
49 71
29 67
44 45
104 109
36 130
61 123
14 56
86 114
30 50
23 97
33 75
87 137
15 104
103 115
5 148
77 85
7 8
29 84
76 92
3 72
14 36
45 132
18 60
12 113
23 126
28 86
25 39
90 121
57 119
50 119
10 40
14 92
77 88
56 69
2 119
38 50
93 116
83 115
132 139
61 103
84 128
13 97
10 17
39 56
19 104
56 60
99 114
106 137
0 94
67 123
61 62
10 54
31 49
14 42
78 137
76 126
52 87
83 112
51 105
3 37
25 70
70 126
77 101
9 61
37 105
50 88
24 137
118 140
76 125
22 88
133 138
24 56
37 88
89 96
110 124
40 136
122 127
83 141
62 147
0 144
45 145
13 121
96 110
31 117
113 124
1 128
143 147
17 127
44 110
70 76
59 123
81 86
26 122
53 72
37 101
8 111
91 92
102 148
9 25
29 96
9 12
40 105
50 69
55 70
64 142
19 26
76 140
7 93
30 135
16 124
8 103
24 45
44 87
10 19
0 78
17 105
58 90
27 91
67 114
100 137
3 61
28 60
23 89
9 140
5 25
37 49
27 31
1 89
28 33
33 81
85 122
49 63
76 119
52 63
6 75
111 119
98 101
111 143
96 109
4 122
22 137
66 101
64 111
72 137
7 55
20 95
70 122
33 65
6 132
53 144
89 128
20 87
101 110
21 86
21 83
76 77
85 131
63 103
21 59
7 9
4 57
22 118
40 60
51 103
30 101
3 56
25 33
85 106
88 103
15 73
75 115
13 98
46 98
9 40
38 128
81 148
17 85
131 135
90 126
20 107
44 116
2 122
6 63
49 74
10 106
21 120
74 121
116 148
106 115
8 11
61 140
77 86
26 106
7 12
68 76
41 88
30 102
62 119
38 137
28 55
28 138
10 65
10 126
38 52
70 99
26 107
22 95
103 147
31 41
18 117
56 59
7 13
23 131
26 78
55 85
20 145
50 143
72 94
88 92
12 85
12 136
112 117
69 97
107 130
77 83
13 124
79 101
85 134
4 77
51 106
48 116
17 76
11 116
24 38
28 97
33 60
24 58
87 96
6 113
54 94
79 84
16 30
59 88
1 147
73 120
92 121
1 129
29 97
10 93
30 119
87 112
62 69
78 107
25 145
77 102
36 118
51 55
75 121
114 131
60 100
107 132
51 62
97 122
64 131
63 83
126 140
118 134
30 126
8 74
18 22
24 103
37 59
12 132
23 58
97 143
67 90
106 112
7 62
27 106
108 116
11 103
36 76
48 58
141 146
29 104
21 53
81 88
44 144
42 142
2 134
40 82
15 98
19 37
73 121
30 95
45 99
41 124
75 89
3 147
8 93
78 144
2 138
101 134
106 146
26 112
112 115
12 67
12 16
109 144
39 55
118 133
16 118
52 57
13 25
116 124
38 130
114 130
55 87
20 139
52 130
80 108
27 127
50 100
66 126
105 113
138 143
119 125
15 36
11 121
32 111
5 99
17 137
52 125
36 144
27 104
41 138
52 138
46 113
64 85
0 39
6 39
84 86
118 144
31 97
54 65
23 27
57 121
53 79
5 55
23 29
3 118
130 138
4 26
1 45
1 17
46 95
21 76
35 115
28 82
83 120
82 146
38 39
17 101
103 122
35 67
43 51
35 107
86 135
20 97
42 117
83 142
12 110
50 148
42 89
71 123
36 78
32 121
74 91
26 90
50 63
44 142
81 117
14 24
49 118
79 109
105 127
33 147
86 139
51 142
48 112
76 86
19 139
50 133
9 60
1 64
35 138
7 112
100 114
16 131
35 57
77 115
68 139
6 127
22 58
47 63
32 83
9 51
95 127
23 85
102 139
40 95
41 111
16 28
19 56
98 115
26 79
19 110
87 105
121 130
18 80
2 117
65 142
30 43
31 122
55 83
10 109
56 97
85 120
105 148
42 49
3 103
89 138
18 123
64 140
12 134
6 85
59 69
116 132
16 81
62 76
28 142
5 81
37 75
47 105
69 121
83 143
17 118
50 89
45 130
14 25
89 93
13 112
53 100
67 144
3 62
1 41
44 78
67 96
70 142
22 34
92 120
106 139
74 80
63 64
64 137
40 118
7 90
4 74
13 62
49 119
43 77
25 91
47 54
11 123
36 57
97 124
28 43
91 100
56 121
37 54
8 136
36 51
23 76
91 112
33 89
56 93
30 34
93 119
33 58
27 116
56 74
85 132
7 88
30 31
32 113
11 105
62 126
65 147
43 72
4 47
82 111
63 124
66 90
144 146
88 104
25 80
40 57
24 84
35 134
40 147
22 64
64 82
70 77
123 138
79 82
44 128
113 138
88 133
41 114
27 56
127 140
10 116
8 118
106 144
9 135
27 76
16 62
94 145
7 123
70 110
87 129
113 139
56 82
44 68
24 134
132 147
22 38
62 92
13 145
80 91
19 140
58 111
72 119
2 92
82 139
29 131
103 140
2 31
41 43
63 132
13 58
20 51
123 134
8 47
103 114
39 49
24 108
52 110
111 128
63 75
74 140
48 93
5 59
72 115
116 121
23 40
51 72
108 120
46 135
84 114
26 110
133 141
78 87
43 138
69 142
108 110
24 95
68 74
88 108
14 61
53 82
129 130
45 105
21 129
8 63
51 113
67 142
130 134
45 137
72 97
13 84
7 110
12 70
31 72
47 72
25 81
47 78
13 64
0 106
124 148
36 37
58 67
100 148
136 147
36 109
7 27
29 89
7 39
16 115
77 123
2 105
62 85
47 115
104 143
31 81
8 117
50 76
59 131
116 117
16 82
57 133
22 40
39 79
56 61
3 63
18 98
15 105
85 98
40 92
51 144
4 23
42 140
3 85
68 96
85 86
78 91
84 132
59 71
50 51
114 123
67 148
44 133
12 55
102 146
94 124
23 81
95 118
54 78
42 86
6 148
27 93
40 90
44 62
88 102
51 143
45 93
22 142
9 65
60 91
18 148
18 142
108 129
48 119
75 134
9 13
20 61
118 145
94 104
7 50
122 133
115 148
42 131
21 99
57 139
22 37
37 74
6 80
88 94
55 103
125 138
51 133
73 86
24 42
11 146
2 69
17 69
45 148
56 125
24 65
31 111
15 102
5 48
99 120
43 116
25 99
19 74
70 129
16 27
77 129
4 14
64 129
29 141
73 92
56 109
39 62
49 92
86 148
0 14
9 54
96 115
62 84
23 66
39 47
22 115
69 86
22 107
21 82
25 126
49 135
22 55
35 127
46 101
84 120
82 113
65 123
112 143
32 51
39 131
145 147
29 106
53 139
41 57
23 33
35 130
68 134
49 69
52 76
85 104
99 105
18 84
72 142
0 31
67 95
29 80
48 131
1 55
58 144
27 136
30 57
33 92
25 67
97 135
61 141
26 68
81 112
116 146
17 45
11 142
80 95
116 128
55 112
62 86
4 21
4 91
55 91
85 97
118 139
2 3
83 139
14 147
65 120
31 38
