150
5
6705
60
212 2
117 2
353 2
308 4
295 2
311 3
292 3
112 1
317 4
388 2
227 1
228 1
304 4
173 1
124 2
331 1
123 3
428 4
107 5
296 3
281 2
431 1
114 3
338 5
227 2
339 1
405 5
108 1
446 3
117 4
420 4
401 1
270 1
125 2
126 1
286 2
177 5
203 1
430 2
377 4
438 4
318 2
191 4
308 2
101 5
414 2
105 2
453 5
328 4
125 4
103 3
303 5
339 2
305 2
401 4
333 2
157 2
253 5
426 3
233 1
402 4
436 2
272 3
457 1
168 2
185 3
384 4
271 2
347 5
460 3
135 2
203 4
194 1
277 1
338 3
429 4
455 3
123 2
261 1
215 3
382 5
146 3
324 4
373 2
446 1
242 5
163 4
267 1
150 1
282 3
287 4
203 2
138 5
352 3
157 3
460 2
101 2
215 4
155 5
291 4
255 2
297 4
239 1
155 4
202 4
250 3
360 5
326 5
403 1
126 2
222 5
144 3
135 3
336 4
120 3
361 3
417 5
434 1
417 4
174 4
443 2
122 1
387 2
134 3
231 4
348 3
389 2
192 3
243 2
334 4
430 4
430 1
382 5
304 5
267 3
324 3
202 5
269 2
250 3
283 5
212 4
396 1
103 4
208 5
171 5
275 4
382 4
130 2
105 4
121 2
76 99
3 38
26 62
78 104
27 133
12 77
133 141
9 68
39 82
32 101
18 51
38 127
63 79
19 54
59 72
86 99
31 52
91 121
68 136
5 62
1 38
100 113
0 136
124 143
40 52
67 140
7 19
49 64
101 135
1 147
55 89
78 94
60 149
23 138
19 83
113 133
42 72
88 127
68 110
16 145
2 144
1 46
20 135
50 142
14 105
8 99
3 84
102 137
78 115
130 143
117 126
24 135
90 101
3 17
64 84
114 122
98 130
10 148
46 143
42 52
40 43
42 96
62 136
59 73
55 112
131 147
97 98
139 141
54 124
20 100
76 82
60 100
29 65
109 130
19 131
84 137
93 144
1 29
86 146
79 146
107 127
111 141
54 115
67 89
6 129
60 107
59 100
34 87
24 60
37 114
31 51
66 105
57 109
117 146
62 105
63 94
118 147
70 105
79 90
70 94
82 93
36 82
34 89
21 146
48 120
126 135
86 117
74 116
35 98
42 53
6 127
74 92
28 70
79 100
30 86
79 117
21 69
53 122
11 104
43 117
25 58
46 87
73 100
108 130
24 75
138 140
79 126
122 137
39 63
98 99
49 107
45 60
64 89
7 140
34 100
10 80
29 68
88 108
103 138
59 145
18 135
36 94
32 43
23 29
27 43
5 69
57 71
5 137
63 81
75 126
119 133
31 42
130 141
24 109
41 65
69 101
30 107
26 65
103 142
78 141
109 140
13 15
31 38
4 62
10 145
72 84
20 57
4 49
2 88
23 112
122 136
3 103
78 114
82 111
9 134
11 55
11 64
25 85
53 110
37 135
85 117
129 148
59 141
27 115
131 146
58 112
21 125
11 125
6 144
81 91
20 117
20 34
31 126
33 143
52 87
17 138
55 120
98 119
41 129
80 93
4 15
96 146
17 92
82 98
22 35
33 56
8 132
50 132
3 137
7 73
94 140
8 63
27 111
47 80
29 112
2 67
43 111
14 35
130 131
18 41
98 111
112 134
24 35
98 132
56 122
52 121
0 57
36 93
96 104
61 85
106 122
42 144
23 57
35 43
11 66
64 113
53 83
23 46
36 95
59 87
42 110
8 10
46 63
67 114
51 100
3 142
70 128
67 127
16 21
8 20
42 57
37 134
74 93
102 147
13 138
84 149
24 52
0 110
15 21
34 37
23 110
18 36
28 138
59 65
54 87
102 104
76 116
19 117
6 89
26 80
84 127
14 89
11 49
87 132
44 103
68 73
61 122
90 96
29 72
35 122
68 131
20 65
80 148
71 88
48 98
98 140
112 124
14 17
127 148
11 27
123 146
140 149
70 93
0 100
27 55
54 108
20 21
61 132
134 139
50 108
60 108
5 33
11 133
6 130
36 70
24 124
59 82
130 138
17 62
29 45
8 111
40 116
28 141
65 74
30 121
88 102
99 139
92 118
104 117
68 126
47 137
77 99
22 106
82 115
60 84
108 139
51 146
10 60
15 68
25 65
4 12
72 127
109 144
79 104
59 134
49 60
7 99
48 81
88 117
123 132
0 5
30 114
65 111
57 78
38 61
103 123
66 101
72 113
22 34
75 138
78 83
60 123
98 147
36 69
6 115
24 148
20 53
25 98
67 135
18 141
34 98
125 149
30 132
37 86
39 40
15 112
28 134
26 48
92 97
46 112
41 132
3 98
71 106
9 45
31 58
96 135
101 142
84 119
27 77
43 95
17 93
28 30
43 67
105 112
37 108
26 148
32 109
69 118
5 74
57 110
26 40
36 86
7 141
11 111
39 90
23 65
28 103
20 26
134 145
4 7
36 135
0 19
87 113
11 12
113 119
1 125
121 137
66 85
2 11
63 126
102 107
2 52
30 98
28 55
28 126
21 23
36 126
54 123
141 145
99 123
46 60
8 27
13 17
46 130
26 88
91 104
89 123
42 71
9 97
148 149
12 32
21 22
17 28
95 124
35 93
60 70
7 94
40 125
21 37
12 119
50 99
110 112
49 110
72 139
70 146
83 102
43 130
129 145
68 113
44 143
43 149
58 101
11 118
92 131
14 111
97 123
42 92
60 125
63 120
20 142
100 111
44 95
26 61
10 105
52 71
42 89
33 123
15 142
95 113
52 85
82 91
11 59
117 130
66 129
45 142
22 78
4 100
46 125
18 146
25 55
109 147
78 121
81 144
143 148
55 124
23 126
90 113
29 144
52 134
5 65
0 130
27 101
71 99
109 124
17 147
80 81
19 52
25 44
88 128
21 53
91 122
54 93
37 111
15 82
45 52
42 111
89 130
76 111
1 97
39 59
26 122
52 90
105 113
5 123
69 78
69 85
100 140
145 149
95 126
42 55
0 32
2 40
1 53
6 75
44 52
43 96
21 30
21 99
15 30
14 117
26 109
18 149
119 134
12 109
46 59
14 121
82 133
15 135
44 75
26 149
34 50
9 144
11 43
6 90
104 108
88 114
125 131
6 54
89 110
2 72
67 117
19 139
17 89
77 128
65 125
116 138
35 126
89 136
71 90
62 83
28 61
25 131
13 55
56 66
24 100
44 79
92 137
15 72
35 54
20 141
13 62
52 104
12 23
28 77
10 14
57 84
10 141
18 133
48 132
46 97
22 124
84 136
80 95
33 104
38 83
85 91
98 133
88 140
1 143
35 37
22 42
63 84
7 75
18 32
13 127
47 77
55 87
33 49
19 66
8 122
35 121
10 57
46 114
33 74
20 73
70 87
70 142
120 139
91 113
1 8
55 134
41 114
36 55
0 48
22 41
85 146
89 113
81 87
41 66
28 40
4 109
14 72
20 111
40 121
13 82
5 110
73 97
66 127
138 144
9 101
55 77
72 128
5 67
100 133
24 139
34 131
48 83
23 94
49 96
58 110
93 119
53 143
12 83
4 27
13 81
75 120
2 120
56 67
67 90
27 108
25 143
30 97
104 143
20 140
53 149
42 45
103 135
22 84
30 35
59 64
91 128
115 149
8 145
53 116
49 75
2 6
6 46
51 127
65 139
29 47
9 113
112 125
4 31
93 143
68 95
82 103
16 110
79 92
79 133
14 80
26 143
25 70
20 44
43 144
4 139
19 57
12 86
115 139
16 136
5 57
24 74
83 144
21 112
86 91
87 115
40 111
21 149
43 119
60 104
29 41
58 75
21 42
0 119
26 110
15 86
21 85
18 49
43 47
0 96
46 127
13 32
61 69
4 47
4 134
78 137
2 5
74 140
45 126
22 83
33 36
87 136
2 145
79 82
41 51
46 81
120 125
40 146
16 25
10 11
110 130
11 114
81 121
60 75
5 145
51 70
114 131
8 80
27 98
12 76
90 141
86 128
16 134
55 81
31 111
59 113
19 85
82 96
21 74
13 94
57 101
63 112
46 91
106 142
27 68
74 118
14 47
42 90
103 119
0 99
98 124
96 102
8 32
4 102
96 116
7 118
22 99
35 60
9 121
139 149
100 112
80 96
17 72
7 60
77 92
28 136
78 86
42 65
62 120
77 82
39 127
54 62
4 29
21 97
127 130
33 84
143 149
35 127
60 140
5 96
51 98
45 62
111 127
33 41
10 49
21 59
45 67
24 58
70 106
68 96
24 76
94 100
37 125
104 124
101 140
32 114
27 94
52 68
121 145
44 113
12 35
28 143
33 145
35 75
14 112
10 44
45 149
51 52
47 52
33 109
61 71
6 128
61 87
29 50
14 36
5 120
16 63
71 127
15 76
73 110
73 82
66 83
52 88
49 135
3 105
80 135
0 142
13 132
43 128
75 114
28 48
47 65
10 104
38 69
4 68
47 128
38 43
26 77
116 133
30 69
26 106
46 75
32 90
103 104
45 97
9 50
10 95
27 57
45 147
5 118
10 68
11 36
34 42
33 46
41 146
67 112
84 135
32 113
22 104
4 129
75 78
54 94
62 133
37 53
35 96
32 46
31 97
86 143
12 85
17 128
6 42
25 72
20 62
76 103
107 145
47 68
101 133
105 127
26 102
3 130
29 44
27 34
9 26
126 139
34 84
101 107
47 84
13 119
38 63
61 134
122 131
53 65
123 137
28 131
12 81
33 117
2 123
98 128
77 129
48 109
75 124
32 131
24 32
23 79
73 144
33 70
13 14
58 65
45 83
57 139
7 18
68 93
48 95
10 87
82 144
90 125
61 81
82 132
89 100
122 129
92 132
11 33
1 73
18 69
108 149
6 118
93 146
17 55
64 122
93 114
78 125
10 120
9 57
68 120
84 123
4 20
120 140
39 98
18 125
70 121
10 29
18 70
43 127
48 118
67 78
0 45
2 109
3 102
18 50
12 113
13 137
2 111
48 115
63 133
47 138
88 126
15 65
54 84
2 125
83 85
55 58
22 147
93 107
20 43
55 69
17 38
41 60
7 51
124 132
14 20
57 123
16 93
80 90
11 93
69 71
8 65
43 138
69 81
33 91
94 148
40 84
126 134
37 62
20 124
62 142
42 77
43 109
1 89
34 79
84 122
1 115
66 118
107 146
7 44
88 113
117 134
34 119
12 108
14 22
126 127
78 132
41 131
7 55
7 52
80 125
63 141
2 122
8 25
70 110
63 140
21 78
79 136
90 121
83 135
23 52
83 104
126 144
2 8
74 100
1 57
84 111
17 51
125 139
81 84
4 107
104 148
75 118
106 132
118 138
9 27
8 116
56 97
53 84
55 90
49 112
52 99
131 138
20 81
33 72
76 98
29 37
40 78
28 118
1 50
68 77
25 67
70 108
10 38
59 63
72 125
24 88
26 28
21 122
4 75
22 50
104 109
81 118
44 56
24 108
76 81
48 112
87 116
58 143
69 141
20 50
54 122
7 26
113 145
9 86
16 46
9 39
64 85
57 133
29 108
65 85
4 78
49 148
12 42
17 71
21 139
37 83
84 143
37 44
28 109
101 119
24 118
15 62
25 38
54 148
72 82
43 64
87 144
23 90
23 135
90 145
29 85
85 143
19 44
11 95
31 78
114 146
115 131
60 92
0 40
34 139
29 131
58 66
85 109
106 121
74 81
55 57
138 142
59 147
45 101
106 114
1 33
22 95
81 92
1 87
32 133
57 132
18 76
78 126
33 39
42 145
27 78
97 142
77 126
18 78
120 131
87 102
69 87
17 30
7 76
13 92
90 98
7 116
55 63
23 144
80 127
59 133
101 117
15 43
16 33
39 50
45 48
34 46
5 144
76 146
88 121
16 94
0 7
99 117
54 136
38 130
102 109
3 68
70 80
17 79
55 73
34 40
100 106
90 104
83 86
103 107
24 85
13 48
78 90
30 88
84 85
107 147
82 129
32 87
13 83
82 147
30 92
14 67
13 79
9 44
116 135
79 115
24 141
51 87
50 140
125 130
8 77
54 92
147 148
70 72
21 62
14 65
52 115
36 41
11 73
29 96
98 138
1 101
54 117
48 137
109 116
12 148
73 77
64 67
86 101
103 116
92 117
31 98
13 96
44 53
8 23
57 146
4 6
113 136
8 106
61 118
9 147
41 119
126 133
89 106
90 124
65 107
13 30
4 90
49 54
19 138
118 122
26 137
47 145
103 148
29 130
56 100
69 139
15 77
26 133
92 134
10 36
71 129
94 118
102 133
30 118
47 87
2 33
39 49
125 132
58 133
95 104
31 60
34 149
11 99
16 54
13 60
116 124
91 129
112 122
22 129
66 133
75 111
19 116
18 103
82 89
23 51
78 105
41 90
15 106
31 77
18 39
120 129
21 127
93 130
4 86
91 108
57 93
32 71
47 72
60 121
44 92
72 76
124 140
38 46
57 92
38 144
31 88
107 126
40 58
128 149
22 138
15 114
98 114
53 131
75 145
56 103
97 136
109 149
19 64
24 37
4 30
5 24
37 93
90 117
94 147
45 131
36 65
69 112
60 145
85 94
125 138
80 141
118 120
128 134
34 97
77 140
80 132
40 132
36 73
68 98
32 149
29 83
70 104
26 33
35 71
90 129
34 56
105 116
17 20
39 85
2 93
32 69
36 64
54 127
0 95
13 114
108 144
5 126
45 79
27 128
117 120
114 132
48 64
8 91
2 81
37 72
39 114
39 145
88 93
48 50
0 75
108 127
5 115
60 124
11 48
115 145
82 124
20 97
8 74
49 93
144 146
12 112
69 107
84 147
49 130
65 75
112 120
12 137
13 104
64 145
50 87
39 95
61 116
27 130
86 130
24 122
32 76
111 125
59 127
113 116
103 113
53 109
20 42
15 123
14 25
88 101
111 120
76 142
71 108
29 42
91 105
9 126
21 98
64 101
49 71
1 117
17 124
57 135
18 137
12 80
78 109
78 88
121 124
56 72
45 53
27 110
94 142
1 96
92 148
96 142
67 110
13 75
13 36
42 149
19 90
9 61
8 98
55 98
40 70
76 122
35 135
60 98
96 122
71 96
37 147
27 129
79 108
43 147
25 45
44 73
11 53
104 144
46 140
68 106
13 27
15 61
114 124
102 148
46 118
22 123
38 42
97 118
81 125
58 85
27 49
86 105
37 94
1 44
21 27
111 144
91 143
64 149
103 145
77 149
83 122
130 133
51 119
66 149
76 97
4 110
27 127
24 105
96 145
28 124
7 128
33 62
0 30
32 86
84 90
55 70
77 125
105 114
58 95
54 135
50 145
93 112
52 103
121 132
98 142
125 127
54 57
124 129
42 93
76 149
32 103
104 111
65 68
21 52
56 59
9 140
111 137
14 129
8 108
39 57
31 146
29 145
6 110
0 31
65 81
7 42
39 108
0 80
0 29
122 139
19 76
74 89
27 104
123 143
15 147
11 32
10 23
7 17
11 60
37 142
120 147
5 17
81 114
52 58
76 110
8 21
134 144
57 113
139 145
62 82
12 71
15 141
50 134
141 147
2 53
25 33
58 119
19 88
23 95
32 143
6 12
30 149
40 124
71 89
95 130
13 86
8 119
125 133
94 103
92 147
20 148
111 142
33 63
131 149
71 141
16 102
22 56
112 123
130 148
6 80
26 140
40 85
72 121
29 134
6 149
32 120
115 133
40 82
25 144
32 44
37 127
68 148
101 122
12 58
52 91
28 47
8 94
41 94
33 37
23 31
24 65
46 145
64 96
83 100
134 137
40 128
7 29
71 134
28 88
43 124
13 52
30 89
75 149
6 31
45 69
2 148
1 126
11 40
72 144
2 69
16 126
117 135
128 145
77 87
0 43
71 148
53 134
11 15
134 147
40 61
15 103
147 149
97 128
3 111
29 76
40 94
29 30
41 89
112 121
59 112
1 75
9 19
6 123
69 73
2 82
22 100
85 137
3 115
85 144
88 129
14 95
128 147
24 120
47 61
37 128
2 50
13 68
77 95
78 95
73 130
91 140
14 16
37 141
19 133
41 91
60 61
64 126
64 114
21 26
10 18
91 123
33 102
48 57
96 120
16 91
57 117
16 77
87 121
133 145
66 147
80 103
5 94
29 109
9 104
64 130
122 123
32 123
91 98
29 116
5 6
95 149
7 23
35 118
52 112
106 125
24 106
2 140
17 120
81 101
95 125
64 127
85 118
118 145
39 118
127 138
21 141
45 135
112 131
24 91
21 120
82 107
0 67
32 129
2 147
111 147
52 144
54 101
30 111
70 133
83 123
33 114
63 145
80 86
67 94
36 84
82 138
50 88
14 60
5 127
45 107
72 147
13 24
39 109
84 145
16 75
62 135
4 146
58 84
60 73
40 118
43 142
83 132
53 113
120 122
79 91
4 70
23 136
42 78
0 81
31 61
17 24
0 9
60 144
56 91
46 117
28 129
65 119
132 139
41 105
22 103
64 135
14 84
25 139
3 120
58 142
31 101
3 127
99 128
50 66
43 50
22 36
118 135
21 136
99 116
85 145
15 132
58 148
2 54
21 91
8 71
13 20
13 56
28 92
85 110
95 119
2 48
30 63
4 52
57 72
4 140
45 56
48 134
1 129
11 42
24 87
110 122
41 115
11 146
0 86
9 33
26 93
79 97
48 74
99 102
19 26
1 106
56 76
65 127
71 100
82 113
99 144
46 56
50 144
33 82
61 136
50 80
52 102
60 138
107 109
21 72
46 67
60 82
28 133
86 106
104 147
38 119
73 128
129 142
89 139
91 117
117 119
38 137
7 11
30 37
72 74
86 89
10 71
17 118
105 132
73 98
46 99
28 83
67 123
74 146
19 50
87 123
66 116
46 105
47 120
70 109
89 135
86 95
44 86
84 105
128 130
85 130
19 89
124 138
9 118
22 148
41 68
10 22
27 62
96 124
27 148
59 67
83 116
69 146
76 106
22 140
44 127
95 141
7 50
121 142
51 102
34 108
2 18
27 143
52 55
56 64
52 113
37 131
20 125
123 125
40 48
62 124
61 90
21 45
41 104
22 60
31 108
6 60
29 55
65 146
99 124
89 128
30 112
61 106
125 143
58 107
16 149
35 136
42 43
30 119
128 140
44 47
86 132
45 63
45 134
73 75
126 147
44 55
79 105
105 107
7 37
45 113
13 23
26 72
32 92
31 65
95 128
62 117
135 149
27 33
119 135
6 146
22 112
35 64
119 132
75 93
50 103
128 137
45 57
30 139
136 139
72 79
43 146
100 139
127 134
82 122
15 16
18 102
43 102
43 89
23 141
17 95
15 93
30 144
38 146
68 105
102 131
40 87
90 118
14 125
18 71
32 60
5 12
93 127
8 146
40 51
82 126
69 131
68 89
50 95
4 72
3 116
113 126
92 135
31 128
13 101
10 84
109 142
68 133
76 100
133 149
12 82
53 54
23 69
19 106
39 130
13 123
65 98
60 74
122 138
33 116
92 96
95 122
23 63
26 108
32 54
7 49
55 78
25 26
25 92
70 141
45 146
109 133
3 76
57 95
74 85
78 143
21 66
19 22
16 143
32 96
110 134
1 82
111 118
80 112
76 113
93 106
16 122
24 51
90 102
5 84
22 107
18 115
112 119
10 146
33 98
10 70
6 105
28 59
51 75
121 140
7 138
12 65
11 63
68 128
112 137
31 39
77 84
71 145
56 129
2 61
61 93
47 74
76 133
45 50
110 133
24 114
64 68
33 69
81 100
15 27
71 128
3 7
14 139
3 30
22 130
30 39
120 132
1 47
6 11
23 35
34 45
83 113
106 128
57 63
12 124
43 148
99 146
94 119
55 100
74 113
47 143
21 144
72 96
100 105
41 67
40 47
81 127
2 16
36 87
60 91
55 130
62 96
25 103
74 96
11 76
51 78
29 99
87 147
13 144
95 108
27 119
80 147
97 127
43 129
30 31
45 46
64 108
81 83
67 125
96 113
127 142
22 85
102 143
19 31
41 85
11 142
4 122
3 124
3 138
31 132
64 95
61 138
27 106
139 146
42 135
75 128
37 75
15 35
74 97
31 93
44 46
76 86
52 130
12 73
32 50
132 143
28 96
50 121
30 115
36 119
20 138
31 56
51 57
101 131
79 125
26 101
23 125
8 100
77 90
35 138
44 58
9 60
34 105
67 145
65 70
32 124
124 142
49 95
27 60
73 112
25 27
77 103
109 134
42 114
16 129
37 89
61 113
25 96
95 117
47 99
73 116
1 7
63 111
22 29
101 148
103 108
116 131
103 134
59 135
21 56
26 31
111 139
48 123
91 134
81 94
26 60
52 107
119 137
65 106
57 118
49 123
122 125
42 95
30 146
10 130
50 106
114 147
23 89
129 134
9 54
35 49
89 143
28 36
8 83
87 131
106 134
4 28
135 139
55 80
105 138
27 56
20 104
75 129
28 105
36 107
52 94
78 139
6 133
21 60
7 114
30 53
119 130
31 106
34 57
72 108
14 63
52 69
116 126
4 41
106 133
10 88
36 117
39 121
6 114
15 126
33 81
2 146
18 60
88 105
8 133
54 89
63 115
53 70
54 110
18 72
107 139
47 141
110 148
35 46
66 107
56 143
112 115
46 83
65 76
39 123
32 66
38 82
32 110
81 89
35 99
9 13
12 66
48 93
29 73
87 118
79 109
10 109
52 132
76 148
9 77
91 148
44 107
58 92
57 79
91 107
115 129
4 118
0 50
53 148
65 66
20 139
14 40
0 148
39 67
76 121
29 142
101 112
26 117
67 96
64 125
33 148
102 108
68 104
50 70
44 149
62 87
1 110
52 143
43 83
20 58
83 143
31 129
123 133
9 89
16 119
18 63
34 118
25 126
5 92
9 41
16 89
87 111
6 68
50 62
78 135
37 133
105 143
8 64
102 138
19 30
92 112
86 135
52 147
14 97
47 113
15 139
39 138
4 45
1 108
62 102
3 14
1 18
17 22
37 95
62 125
10 121
62 100
28 98
37 105
25 89
59 138
29 51
20 60
57 85
37 145
49 61
22 145
47 130
16 139
27 67
79 89
32 51
76 147
103 133
15 66
128 138
71 76
13 72
69 147
133 140
116 141
93 120
127 133
92 136
50 114
80 113
52 95
32 112
1 122
137 142
64 139
18 43
25 146
6 35
106 109
69 123
19 143
94 125
16 140
75 135
93 111
66 67
25 129
89 112
6 108
32 61
24 129
45 105
18 66
18 77
71 105
84 93
51 142
44 65
123 129
6 102
90 146
71 107
77 130
26 131
95 145
21 124
10 116
110 142
31 34
29 88
13 66
8 76
11 61
65 86
0 26
38 102
15 22
113 135
7 61
6 24
4 77
74 132
72 119
16 130
104 146
35 55
22 146
69 132
59 114
27 81
120 126
45 71
12 26
30 131
88 118
42 146
17 105
101 124
1 15
3 41
23 115
3 90
14 49
96 133
18 131
84 106
7 130
66 96
45 136
59 142
29 101
28 144
41 77
115 128
25 118
4 85
14 23
17 96
25 74
54 59
135 147
6 26
38 79
62 144
36 143
46 80
26 75
119 142
30 84
45 116
123 141
49 50
63 101
34 47
43 57
80 104
76 135
94 114
52 77
74 136
62 72
97 121
49 68
6 116
60 78
16 67
61 133
76 136
39 77
81 99
16 97
75 127
6 55
0 138
75 80
3 62
48 103
13 67
38 145
72 134
8 9
39 88
59 77
41 106
136 148
73 124
45 109
96 134
50 118
115 148
3 82
37 84
37 41
44 67
30 51
4 82
48 146
36 57
76 112
64 74
23 75
91 145
33 112
122 128
105 136
30 75
127 129
118 137
67 130
115 124
65 89
44 102
105 109
79 107
18 23
39 70
20 71
42 100
137 138
2 85
0 37
48 92
114 149
0 112
62 121
125 137
2 117
37 130
71 117
35 70
56 109
64 141
76 132
74 119
3 110
100 127
92 121
119 136
24 42
15 69
50 117
37 99
49 118
65 102
92 107
62 97
71 124
15 120
17 141
0 2
47 89
44 70
48 94
106 135
0 84
1 31
28 123
23 130
46 71
27 85
64 110
128 136
11 103
25 134
3 61
82 148
40 99
81 111
44 109
71 126
131 143
71 136
79 80
8 103
49 138
3 29
20 68
2 130
10 137
54 96
53 63
10 149
36 48
17 66
62 106
115 138
112 126
1 55
65 80
142 148
40 136
4 58
12 22
64 146
18 123
76 124
29 104
11 50
38 52
47 58
1 74
25 46
75 123
10 131
21 130
77 79
19 55
73 105
14 148
73 133
42 60
83 92
6 117
99 122
45 111
45 102
59 81
19 130
62 139
10 102
101 149
72 112
87 120
60 111
37 60
50 124
51 120
24 78
87 89
17 73
110 137
35 56
44 131
45 112
2 36
51 145
103 146
46 122
64 144
19 62
53 125
40 68
27 30
40 100
72 114
80 121
90 115
23 145
24 28
127 128
10 117
124 148
83 103
14 33
33 50
38 98
42 59
36 144
18 118
23 137
8 107
104 130
146 148
98 100
22 28
8 131
110 113
22 94
25 128
29 84
33 88
10 83
12 60
110 140
85 115
99 127
105 144
141 144
110 118
49 63
2 128
3 99
73 111
74 147
72 90
79 137
67 124
22 40
54 77
5 31
4 60
85 127
44 99
3 23
42 74
10 106
56 78
83 117
99 105
93 96
85 149
47 126
20 149
7 131
88 111
55 114
115 141
3 141
22 108
41 144
76 137
15 89
19 107
34 88
29 127
57 68
118 126
37 124
138 141
67 107
46 106
74 142
13 84
73 147
44 57
100 118
6 47
0 65
10 81
24 97
3 106
55 79
44 61
134 135
2 136
69 148
32 77
58 78
22 136
38 50
9 37
17 52
81 147
69 142
51 94
37 107
10 62
123 149
57 106
71 109
93 109
52 81
26 124
60 76
54 138
11 69
87 94
22 131
46 110
6 43
12 44
38 39
33 96
3 58
107 144
32 49
80 114
25 121
14 29
82 131
4 54
63 106
120 134
68 144
98 109
59 111
60 141
58 79
50 94
10 107
89 134
20 143
88 103
112 146
111 124
21 39
113 131
111 122
104 139
5 48
10 134
48 117
41 124
12 50
64 147
17 32
84 92
32 115
66 75
17 131
36 149
23 106
80 89
85 131
36 78
1 90
1 13
1 6
29 123
6 97
53 101
8 69
27 71
43 78
2 105
8 134
9 108
78 127
49 104
3 121
3 101
7 136
103 139
47 95
74 103
30 87
35 74
66 145
1 49
35 76
121 133
65 114
25 81
63 67
129 143
6 81
81 97
21 102
115 117
53 147
24 61
43 84
64 124
49 73
37 144
29 100
1 12
45 85
13 109
22 87
61 148
9 76
97 140
8 47
43 91
110 139
9 85
20 30
71 142
12 19
16 112
36 145
89 148
78 87
11 131
19 35
127 139
109 114
49 119
8 46
85 114
111 128
68 141
41 78
45 120
20 137
11 16
14 21
24 71
2 10
23 100
38 122
19 70
59 143
75 131
40 56
127 146
81 109
25 136
27 147
39 81
2 65
102 125
58 82
20 27
3 92
104 135
2 98
61 149
81 149
33 86
30 120
109 125
20 114
116 149
3 74
104 112
2 45
62 115
74 84
136 147
42 119
141 143
66 139
80 107
97 103
22 101
14 94
12 16
33 60
7 81
51 128
2 62
70 116
29 141
92 104
54 65
76 107
110 138
32 97
26 85
21 131
87 112
58 106
10 73
102 140
9 96
17 48
24 138
1 11
46 92
85 95
5 15
130 139
73 79
18 34
28 29
60 132
88 98
29 59
0 137
48 60
66 93
105 135
108 115
67 69
33 48
1 136
12 96
28 75
5 26
113 125
64 128
17 87
53 56
69 104
48 87
75 147
25 87
95 96
78 82
103 137
94 141
75 96
39 62
4 144
43 137
57 108
74 121
62 94
2 86
51 101
11 39
47 101
62 110
47 79
142 143
94 117
38 76
57 121
12 21
13 80
96 115
9 103
8 105
105 124
114 120
33 132
134 142
28 101
68 108
40 149
9 71
70 112
14 56
74 108
31 149
98 143
100 145
85 104
10 82
88 125
17 101
137 140
73 122
13 115
44 85
56 93
29 31
57 134
50 98
61 102
70 132
2 137
50 84
1 77
66 134
65 94
17 35
35 119
43 107
11 124
27 102
105 146
49 147
26 64
28 65
96 118
12 70
96 128
35 87
26 41
73 84
24 36
35 95
105 134
82 100
56 74
60 136
46 72
34 111
16 100
128 135
13 93
9 36
17 132
45 103
3 139
41 139
42 133
66 110
25 75
86 123
2 71
22 143
56 106
12 24
102 134
49 137
26 118
23 44
51 117
5 79
35 91
115 135
52 64
5 129
31 84
57 130
17 56
84 134
0 149
69 128
36 56
10 53
25 88
19 120
36 49
19 59
32 34
10 135
109 146
69 143
44 83
37 122
81 119
107 114
107 117
68 137
83 84
27 141
0 72
31 37
54 70
49 111
27 86
25 50
31 120
6 134
80 119
11 101
24 102
79 124
25 61
129 141
117 128
15 118
13 102
63 68
132 136
33 45
63 130
68 88
94 137
36 148
133 134
102 113
27 112
11 30
113 149
5 102
47 124
4 126
30 145
1 65
93 133
2 79
35 137
5 39
49 89
28 145
121 135
24 53
108 122
105 130
86 121
137 143
38 66
16 28
119 141
21 118
26 119
113 143
39 125
66 97
11 19
18 94
52 105
50 68
17 43
29 90
31 110
36 100
40 148
1 145
112 114
10 61
92 102
12 140
46 62
65 96
22 39
71 139
83 90
48 53
61 96
1 14
62 114
54 114
8 24
88 122
84 121
83 99
109 138
36 109
77 143
1 123
114 133
5 139
69 98
75 102
44 148
73 121
44 68
27 89
85 103
140 145
28 46
21 58
33 90
39 42
52 59
41 98
22 119
50 76
11 128
94 113
87 145
39 96
4 23
28 34
27 74
65 82
94 138
106 140
76 104
19 129
13 47
33 57
12 69
4 10
9 95
75 110
32 39
35 51
82 105
34 72
5 111
79 145
39 72
47 115
10 118
56 70
52 61
2 119
84 124
64 123
135 144
13 49
8 129
21 93
54 56
25 95
0 34
9 73
88 115
15 117
33 42
81 126
22 59
41 125
69 125
26 96
11 62
11 94
57 61
30 48
14 39
50 101
31 68
32 83
8 31
67 99
80 88
84 116
35 88
134 141
42 136
20 119
85 107
42 113
4 36
122 143
80 101
31 143
63 78
76 79
118 148
49 125
16 141
17 70
92 130
17 117
108 124
1 94
60 117
43 48
47 78
39 66
21 142
70 149
60 105
27 83
60 90
30 59
69 82
53 139
2 142
29 86
38 103
45 125
42 80
22 118
15 34
7 45
41 53
17 130
49 127
92 99
76 77
28 71
116 139
76 145
45 47
98 116
85 133
17 75
28 32
94 149
90 92
77 135
48 133
11 121
83 140
48 140
61 80
4 51
44 63
52 65
18 75
4 114
130 144
68 140
30 130
86 141
7 85
20 52
23 40
31 133
35 124
12 87
32 119
2 75
26 127
42 56
122 148
12 40
22 46
38 148
39 46
63 139
23 143
107 140
53 80
66 112
35 52
39 113
79 106
21 109
120 130
83 112
15 90
111 140
46 54
30 57
29 49
9 70
41 87
7 67
65 78
82 139
30 105
37 57
30 52
12 63
18 144
113 137
110 132
6 106
16 148
19 108
52 148
56 105
2 70
92 125
26 66
42 49
16 35
111 126
26 57
100 104
16 53
0 135
95 98
73 139
11 88
33 141
20 38
4 46
37 137
11 106
16 29
97 99
24 104
25 135
6 71
21 75
8 70
115 118
5 32
52 111
41 55
56 94
28 57
13 128
116 122
8 13
64 71
100 102
39 142
79 120
24 56
17 99
58 68
5 146
25 114
94 115
44 96
34 51
72 106
45 140
5 83
2 121
65 95
5 76
107 120
79 94
136 149
63 66
82 86
95 118
41 107
16 132
16 96
5 61
16 124
15 71
44 122
34 61
13 29
18 64
128 133
43 69
5 109
75 134
66 76
31 95
20 37
25 97
59 96
26 83
105 133
54 112
54 99
118 143
6 58
50 54
10 144
33 125
67 84
93 113
66 71
44 138
43 93
49 100
105 117
41 75
72 104
39 140
105 145
80 142
89 144
10 66
22 49
34 114
70 136
75 132
60 80
15 17
26 63
33 58
52 118
99 113
46 100
0 127
33 40
28 142
94 139
18 98
51 122
61 65
52 63
6 140
77 96
45 133
30 148
86 120
11 115
43 101
129 131
15 113
71 116
33 137
9 21
61 128
72 99
7 96
29 126
66 79
27 38
62 148
113 142
16 92
75 116
46 66
64 106
57 75
32 82
135 138
18 57
89 149
23 30
98 102
15 55
29 58
68 122
68 134
33 38
28 37
14 115
19 147
5 44
44 98
9 133
6 142
38 74
79 138
106 129
44 147
35 145
36 138
53 82
92 129
35 39
9 35
1 86
84 104
36 85
13 108
79 114
116 145
65 137
113 124
14 103
100 142
9 143
22 121
77 110
62 128
55 136
15 116
48 139
99 118
98 120
31 136
27 97
26 70
10 28
48 79
26 130
25 51
34 146
39 135
41 143
3 100
26 45
63 108
6 94
52 93
92 133
38 84
18 67
14 34
60 135
18 99
37 97
88 109
80 146
37 65
4 145
24 80
29 136
112 128
93 110
0 61
26 30
22 80
58 83
99 136
39 147
33 94
13 85
56 141
8 17
30 102
62 67
21 51
106 148
107 136
53 142
18 65
11 147
42 54
38 86
113 141
97 131
60 120
13 61
84 91
70 120
14 81
28 112
7 15
59 99
119 122
51 121
16 85
41 81
11 113
25 43
2 17
112 147
13 76
24 93
6 104
48 76
68 91
15 95
121 146
87 148
67 82
86 136
23 55
12 18
12 61
62 134
85 129
97 134
73 127
126 136
104 121
31 127
11 75
10 86
113 123
113 115
102 118
26 34
111 123
79 130
38 78
19 110
33 134
0 38
117 132
100 128
96 125
105 115
45 84
110 123
72 131
138 148
101 137
84 141
86 102
65 90
22 74
57 60
3 144
17 121
35 148
21 128
47 82
66 122
94 135
14 79
25 120
11 105
33 144
91 130
8 81
132 141
58 97
90 137
96 119
92 138
73 83
115 126
97 135
81 82
90 110
63 69
39 124
20 113
58 100
54 60
62 92
83 89
68 99
111 114
62 109
27 66
38 106
38 60
10 26
42 97
55 131
64 103
35 89
31 102
70 140
58 127
108 123
29 132
6 92
16 117
45 89
17 146
88 106
23 42
53 100
79 103
87 149
46 101
32 74
3 146
6 7
9 123
78 117
26 47
47 69
33 79
19 28
41 99
57 58
57 86
36 112
60 126
7 36
49 55
57 90
86 129
10 30
15 18
93 140
7 62
62 149
50 73
24 45
89 125
20 72
44 82
86 104
16 45
113 130
62 108
18 38
109 148
121 130
32 128
33 67
104 136
57 70
0 146
78 79
0 53
136 137
103 141
138 139
1 144
29 95
24 39
16 116
21 67
35 131
8 110
82 127
5 85
119 126
23 47
58 128
95 120
25 107
39 136
54 78
11 74
63 72
13 118
134 148
5 114
108 133
50 138
45 88
95 101
77 116
14 42
108 126
72 87
111 146
46 124
103 110
43 126
7 56
24 31
6 136
106 130
22 71
129 147
60 137
81 124
19 40
1 92
12 57
74 144
106 108
128 141
79 84
83 149
6 14
52 97
6 8
12 55
58 111
17 91
58 146
97 132
6 145
91 125
124 126
41 62
55 125
55 96
77 146
82 140
67 98
13 111
111 143
22 120
29 98
6 124
44 146
119 121
36 124
3 118
40 41
68 90
20 109
44 71
55 66
44 136
23 92
8 84
5 18
116 137
67 93
80 149
75 77
14 86
69 102
13 35
16 127
0 116
76 90
67 95
132 134
32 63
17 46
25 36
8 37
83 137
3 13
20 54
57 97
107 121
24 111
50 149
81 108
107 149
18 73
38 45
40 66
81 106
7 110
45 130
52 100
61 64
91 109
42 47
67 102
37 50
33 128
106 118
84 112
52 96
43 123
21 129
41 120
50 135
74 91
46 146
10 48
41 86
56 87
40 133
39 89
49 94
89 107
68 84
93 141
69 80
27 72
71 118
16 36
58 87
25 141
2 113
62 129
34 136
59 98
64 75
72 137
67 109
41 56
23 74
16 113
71 75
20 67
82 84
14 61
40 97
27 82
85 105
50 119
40 134
83 109
16 58
76 131
39 132
7 80
22 26
133 148
31 85
82 97
107 110
0 122
104 131
9 114
56 92
32 130
76 89
37 68
66 135
6 148
32 53
103 129
42 129
39 80
62 86
54 55
33 133
51 88
89 119
30 125
52 131
37 96
6 9
22 114
102 149
30 68
85 89
1 42
14 27
73 129
114 115
4 121
91 144
92 145
18 35
60 95
53 86
68 130
110 131
70 99
91 95
61 62
7 121
13 97
76 96
2 32
38 138
36 134
45 90
38 64
55 126
7 146
57 88
65 135
67 129
114 127
126 130
22 117
88 94
75 144
29 70
79 86
12 134
36 54
81 112
15 125
17 135
45 68
21 111
34 90
25 93
30 147
55 84
7 38
58 62
128 143
3 132
14 149
88 144
14 55
29 71
41 113
84 97
19 145
100 129
22 137
71 84
51 55
62 98
46 138
87 137
90 143
22 89
35 81
14 26
19 94
93 132
94 109
10 89
50 141
10 56
24 140
13 41
32 89
90 138
18 117
43 105
83 101
9 17
80 136
81 105
37 64
32 138
30 82
52 110
50 131
36 39
23 37
8 52
104 140
92 94
107 118
72 141
116 127
119 145
120 142
1 120
87 134
51 149
82 108
4 147
35 141
72 103
31 145
11 130
19 78
77 89
49 145
7 145
20 116
55 147
20 63
57 131
19 65
14 146
3 48
30 113
37 46
14 52
31 131
35 45
34 124
28 42
119 127
77 93
108 112
81 85
53 95
77 86
16 56
23 60
56 144
53 69
68 79
34 142
131 132
32 139
118 144
36 113
41 97
59 101
111 116
49 115
75 95
104 123
1 139
35 68
74 129
6 29
46 121
38 94
63 65
111 131
4 22
13 37
5 113
99 131
38 134
85 98
73 118
18 80
34 35
25 91
55 111
118 146
110 119
26 50
62 116
8 30
27 53
141 142
44 45
21 117
34 70
8 104
21 135
50 133
27 40
43 74
2 59
31 33
21 123
7 21
38 73
30 40
89 126
79 148
20 112
39 106
92 122
99 109
59 76
22 65
95 102
41 121
13 124
63 117
23 49
9 149
10 119
31 59
53 61
22 37
132 146
37 54
6 40
58 63
15 124
124 136
56 146
128 132
113 146
17 148
62 91
1 131
89 124
37 100
5 108
48 49
32 58
26 146
76 134
34 138
39 84
11 29
139 142
34 133
110 149
31 104
43 55
71 146
86 145
121 122
51 140
47 117
24 64
53 58
25 142
7 53
81 136
72 143
11 84
10 92
102 127
117 144
7 86
73 138
83 87
60 130
2 22
64 129
3 71
91 126
110 116
111 149
142 149
47 55
21 134
93 148
57 114
83 133
65 91
35 100
19 58
9 12
57 76
43 87
17 90
30 61
97 125
133 142
19 112
13 57
70 143
24 143
38 85
14 133
15 44
4 25
96 101
2 102
3 86
31 62
46 93
69 91
19 123
13 53
75 122
71 93
33 64
42 94
43 118
37 52
26 139
82 85
70 111
74 88
1 84
49 144
36 102
97 101
37 115
2 101
119 124
5 52
82 109
47 57
57 126
20 121
46 102
18 134
23 50
28 56
66 130
90 120
36 96
3 108
62 74
74 138
57 102
37 148
34 122
56 99
14 51
94 102
1 99
77 108
28 122
30 133
69 135
0 124
91 96
87 128
20 66
0 145
108 143
111 133
53 111
77 88
46 134
44 120
42 58
79 140
100 148
67 147
51 65
34 66
88 90
119 125
10 37
6 84
13 105
55 140
137 146
51 148
49 149
14 53
53 72
55 85
47 49
25 102
55 67
36 110
7 12
69 103
34 104
27 138
57 122
52 101
11 80
41 72
18 142
24 62
77 94
3 34
35 83
86 122
13 73
50 130
20 106
69 115
33 77
88 120
71 149
55 104
121 136
8 68
101 120
80 129
53 128
44 142
59 130
48 84
87 99
75 76
15 85
67 146
8 125
8 123
52 78
63 131
96 149
52 86
56 124
87 140
81 148
140 144
22 27
32 79
38 48
66 82
21 105
121 126
11 21
31 82
61 88
74 75
126 149
24 131
78 80
49 62
41 64
71 115
4 83
120 124
39 110
24 110
7 135
12 111
97 119
31 72
42 121
6 30
55 56
21 138
18 89
126 145
33 65
3 129
40 107
1 103
33 55
97 146
125 147
95 132
35 112
71 125
7 79
4 40
41 96
29 66
62 77
24 81
34 73
46 109
36 66
62 76
22 44
53 81
84 125
18 45
7 35
16 120
14 119
14 69
67 115
11 132
1 24
7 16
56 82
65 87
35 134
31 116
15 83
24 132
71 87
28 76
30 54
14 143
65 110
26 114
90 111
5 8
8 126
65 69
0 64
28 102
28 69
11 90
54 111
14 30
85 90
22 77
63 89
34 143
1 109
17 123
15 129
20 83
42 61
0 12
43 66
0 109
86 107
3 123
3 72
63 107
12 88
26 67
114 116
99 107
58 145
9 142
21 104
34 130
42 130
23 101
10 96
8 89
93 139
37 90
9 106
109 145
40 138
27 109
13 142
45 59
43 62
85 101
4 143
52 138
43 70
60 110
41 133
89 133
78 144
42 102
3 87
3 64
17 25
67 120
1 88
64 104
126 148
7 8
48 63
115 143
140 141
28 54
31 103
69 72
63 147
58 138
129 149
1 69
59 125
44 49
14 66
34 74
79 123
43 132
92 109
12 13
97 144
8 124
71 95
112 117
65 144
79 85
99 138
66 68
67 148
43 59
30 77
30 103
37 69
50 51
6 23
42 48
94 124
8 93
1 67
59 123
57 140
60 114
36 47
13 112
99 104
77 91
53 59
19 142
64 91
17 21
46 48
4 142
40 117
26 138
77 123
12 79
64 79
114 117
134 140
98 117
58 67
46 73
39 92
24 92
34 41
107 131
117 129
57 82
104 133
39 103
7 137
94 132
83 97
129 135
33 142
83 114
58 131
108 114
80 124
56 102
31 36
47 98
54 109
121 144
38 126
127 145
56 58
52 120
57 116
46 52
64 98
72 95
78 91
101 146
55 105
91 142
44 93
115 125
3 36
26 69
104 134
62 80
132 144
24 137
96 99
72 148
26 56
51 111
39 93
77 83
34 109
86 114
50 72
47 48
28 130
97 139
146 147
18 116
49 56
2 39
45 61
40 62
28 35
83 93
32 147
112 127
51 76
31 64
8 67
39 97
28 50
15 53
109 139
131 135
117 148
8 85
0 11
5 23
104 122
87 139
52 139
55 83
28 45
5 20
74 90
94 108
75 92
50 120
75 88
100 122
55 94
51 72
34 144
17 44
56 119
34 78
56 131
24 59
10 50
120 143
122 147
79 142
40 110
10 35
13 125
85 123
62 64
34 60
53 117
57 103
100 115
50 79
54 75
113 134
77 127
66 70
30 47
81 139
60 69
89 118
66 113
4 17
4 11
19 38
69 121
95 137
1 45
95 109
38 149
72 142
15 148
16 71
73 93
100 131
33 106
133 143
3 131
67 85
53 57
123 136
53 119
17 59
109 131
97 149
5 147
21 33
39 76
103 117
132 133
3 50
23 116
42 115
1 76
19 86
27 76
112 138
117 143
64 66
45 119
5 140
107 123
114 129
54 116
73 136
16 17
0 134
48 121
82 102
73 113
87 143
46 136
29 119
12 105
86 108
15 42
64 92
4 117
86 96
8 38
84 138
5 88
115 120
4 39
4 8
2 26
55 101
14 44
87 91
20 41
89 129
87 98
47 96
84 117
102 116
90 103
3 45
66 69
67 77
35 104
16 32
71 74
59 69
49 83
7 93
65 129
40 130
19 113
23 62
10 16
121 147
27 137
88 119
65 99
33 138
49 77
56 113
4 48
58 72
46 84
74 137
24 149
36 60
23 93
107 143
29 48
38 90
21 90
48 59
58 144
92 100
18 30
16 99
59 103
21 63
112 149
110 145
75 101
48 106
34 125
29 93
11 71
37 98
15 59
102 130
4 130
31 75
21 83
103 127
25 52
14 54
45 117
90 133
114 136
20 105
74 107
44 134
65 136
82 145
35 147
104 132
88 130
0 6
47 85
26 35
40 135
10 112
36 101
133 137
12 122
82 130
56 107
39 131
7 113
60 119
14 15
101 123
113 140
102 114
68 139
43 81
13 98
114 142
8 138
39 146
28 115
2 57
43 72
0 60
41 69
88 147
15 108
32 73
51 124
94 131
42 142
60 134
61 83
4 21
14 57
76 143
46 111
21 29
60 101
19 63
65 113
22 68
15 48
95 105
4 98
60 63
2 124
43 75
82 146
106 115
143 146
2 127
60 89
99 140
19 135
68 115
70 117
124 128
70 130
10 113
46 64
9 52
53 141
6 91
30 96
83 96
33 110
128 146
30 45
16 78
19 36
36 44
51 116
122 135
112 133
0 82
88 104
123 124
52 140
11 41
11 28
63 86
69 96
51 85
13 147
9 100
7 100
17 111
93 108
21 77
7 40
36 67
99 145
36 77
93 137
29 149
95 144
25 99
14 70
10 54
85 124
68 124
24 101
7 127
11 25
40 57
42 75
19 122
48 78
42 124
67 126
21 68
132 149
78 124
57 77
56 135
21 96
43 125
61 99
54 120
54 97
47 71
36 92
12 100
65 138
87 105
2 64
59 80
57 141
20 87
9 115
34 39
34 127
16 57
58 141
60 103
62 69
51 103
70 96
106 116
23 123
64 136
19 24
58 120
107 148
116 134
82 120
118 123
80 108
6 41
41 116
92 126
48 70
48 86
10 31
7 65
12 93
2 15
23 86
91 132
10 33
4 148
0 39
80 122
33 105
101 103
28 97
50 102
63 116
116 147
113 120
87 100
57 87
31 100
0 85
104 129
24 44
42 91
53 129
34 115
2 83
27 118
80 83
95 136
105 140
55 117
111 136
74 105
2 133
37 51
67 73
32 33
17 108
51 71
91 141
12 29
103 106
32 94
4 69
45 87
70 118
125 136
99 130
10 40
12 62
56 139
2 14
66 72
5 59
8 102
36 118
22 109
93 135
78 122
24 79
6 18
58 109
6 113
23 36
49 70
0 120
15 140
74 99
33 44
88 133
51 112
31 47
15 26
96 132
4 138
48 135
63 93
16 104
49 139
61 63
18 28
34 92
3 19
20 103
85 120
6 22
3 65
1 63
56 65
27 35
18 143
52 116
145 148
83 148
45 115
88 124
85 97
83 129
98 135
52 66
40 147
38 87
29 129
64 109
28 125
31 90
30 41
108 119
58 59
9 88
35 120
42 76
10 127
3 95
68 74
73 120
3 24
65 103
2 20
65 121
3 5
18 82
32 72
110 124
4 119
5 99
3 49
34 65
18 128
15 111
48 100
65 97
87 108
5 107
45 100
11 56
23 139
2 73
47 118
69 138
54 119
22 125
111 134
47 67
38 95
0 56
20 88
26 84
44 50
82 135
19 136
55 143
31 112
52 53
94 105
102 145
56 132
27 140
51 126
19 69
16 88
117 123
21 55
32 38
21 73
26 43
40 60
50 96
28 73
8 90
49 124
81 93
73 123
21 76
4 9
16 109
47 93
3 69
97 145
122 134
35 105
1 78
38 96
45 143
63 121
74 78
4 106
24 94
23 91
90 135
36 62
64 131
31 119
12 126
27 87
66 143
32 125
68 94
79 149
91 101
52 146
1 148
86 113
28 41
3 125
21 86
63 75
44 48
40 112
60 83
22 69
6 83
24 29
48 129
39 61
114 134
27 90
62 138
48 104
93 104
18 20
13 21
69 75
11 79
25 40
10 90
59 121
42 68
59 122
26 29
61 117
29 69
50 128
91 111
92 127
34 113
35 103
77 106
103 105
24 147
40 103
48 138
34 69
16 20
36 137
8 96
11 13
39 99
18 25
18 29
10 85
54 121
90 100
22 126
14 58
33 43
14 106
23 28
81 132
6 126
10 69
23 54
71 97
4 136
39 68
102 126
74 76
27 123
111 115
20 70
8 149
34 93
28 147
71 119
135 141
21 84
23 122
76 114
8 55
69 116
18 140
63 91
74 149
32 40
1 21
20 61
16 103
55 135
90 109
30 123
14 134
2 97
118 125
69 84
4 80
8 54
16 27
104 110
49 120
8 136
19 25
66 123
9 87
3 94
17 144
101 110
19 103
5 11
61 144
91 120
72 89
72 86
78 102
45 129
38 93
46 144
4 19
29 110
12 138
71 103
56 73
47 111
30 134
65 123
52 119
88 136
9 120
70 101
28 85
79 116
27 103
38 123
44 54
82 125
3 44
143 144
6 77
5 95
4 79
50 137
1 142
41 108
9 105
90 123
51 136
46 74
4 74
3 81
22 43
34 86
47 64
123 145
10 75
32 141
52 72
24 99
50 116
108 111
20 22
27 41
125 144
118 131
70 139
58 105
9 138
25 117
124 131
88 132
105 123
9 69
33 107
47 110
4 26
57 98
49 117
59 128
22 149
21 34
62 89
90 149
73 149
22 133
133 146
10 46
14 82
17 94
70 125
27 70
48 77
8 57
40 101
59 137
13 130
36 68
87 146
125 135
19 34
33 147
16 49
63 119
8 12
110 147
8 92
26 44
85 128
6 62
9 38
12 30
64 86
43 88
18 88
50 126
7 72
49 134
42 107
55 133
9 42
58 123
51 95
0 103
16 50
90 142
34 49
97 116
57 120
28 74
102 120
61 84
90 108
24 134
63 132
6 45
9 10
81 115
14 32
30 66
50 74
1 62
30 43
3 53
49 101
115 142
105 126
34 99
70 79
1 60
49 76
15 46
9 128
42 62
31 43
20 55
34 121
61 127
35 58
58 69
87 101
38 124
22 31
87 106
25 84
35 111
30 83
4 96
101 132
60 142
43 139
25 41
26 94
33 93
34 120
10 93
31 80
3 16
34 117
7 71
74 131
85 108
74 122
69 95
19 72
48 88
8 128
38 121
67 76
28 100
23 64
13 43
105 121
61 95
90 116
109 118
26 112
12 136
140 142
13 116
122 124
0 79
29 146
38 118
58 94
14 93
41 138
31 53
127 135
34 134
38 128
68 71
104 128
62 123
25 94
36 130
19 32
86 92
15 122
64 111
1 140
125 148
97 148
15 58
9 94
100 134
109 111
66 100
84 128
26 32
11 78
33 59
108 142
46 137
7 59
96 123
28 52
56 95
0 125
8 147
23 134
95 99
90 119
71 147
93 128
68 111
3 128
122 127
22 47
106 117
50 104
64 97
1 56
0 105
41 130
6 107
14 78
26 59
49 51
68 97
1 16
80 126
66 99
33 54
95 138
30 110
1 3
68 81
27 39
67 104
102 106
5 112
34 91
14 122
47 103
71 82
82 101
55 119
70 86
20 102
42 148
61 89
126 146
93 136
42 64
81 120
0 141
54 144
64 83
7 91
114 137
19 115
84 102
27 146
99 115
132 140
83 142
5 122
69 127
38 115
130 149
15 102
43 115
47 54
30 140
21 95
44 64
20 48
107 137
8 33
92 139
17 116
23 103
1 135
4 24
32 81
21 114
70 124
54 133
7 133
0 23
30 32
67 87
89 92
45 74
29 54
42 108
85 148
70 122
33 89
66 120
10 125
103 140
102 128
136 142
79 87
32 104
112 118
4 35
34 75
39 117
7 149
65 112
55 72
19 125
66 121
12 144
83 115
8 62
51 90
20 46
53 121
80 102
52 141
42 139
25 79
1 9
20 23
77 98
84 94
82 87
69 99
40 96
71 104
33 149
86 126
17 122
14 140
69 105
19 60
84 95
114 128
12 103
110 144
45 91
32 146
69 113
47 123
90 94
88 112
55 144
65 77
25 66
71 79
4 73
110 127
27 37
22 142
33 119
40 144
64 73
99 119
76 85
24 82
9 129
7 83
101 126
53 67
57 65
121 131
20 133
80 98
71 78
56 68
19 75
32 68
36 42
30 79
127 149
38 107
28 99
48 113
65 83
86 100
60 72
63 135
109 122
5 16
68 138
38 53
30 138
86 133
13 19
47 88
62 118
98 127
117 124
0 132
16 115
20 31
30 76
59 129
47 66
25 31
114 119
143 145
20 146
6 139
6 72
44 80
5 138
70 145
0 74
9 40
36 80
30 73
35 63
1 41
62 137
27 84
49 65
65 143
17 103
11 149
10 63
80 106
4 14
66 109
0 140
97 122
31 48
16 69
119 140
67 97
5 66
46 47
77 137
17 133
32 75
88 148
13 141
63 88
51 110
70 107
20 75
92 108
116 132
71 137
31 147
77 114
83 124
66 136
45 70
46 107
57 128
59 89
5 35
85 93
11 144
113 128
58 88
115 119
57 149
107 116
6 50
102 129
13 121
41 50
27 59
107 134
99 103
78 120
53 76
15 45
10 20
15 67
109 135
14 114
16 37
7 120
111 132
36 123
70 85
75 112
66 138
30 124
118 121
77 113
101 130
34 62
26 115
116 128
124 125
47 125
46 53
34 67
45 95
56 80
77 100
83 88
26 86
6 96
9 127
35 85
99 143
39 112
1 105
35 142
12 132
33 126
34 77
81 135
38 47
17 143
20 84
13 106
111 129
91 93
97 110
8 42
40 53
82 83
43 73
3 10
53 124
118 130
75 142
106 141
17 81
29 32
93 94
89 122
15 136
29 77
3 21
116 125
79 98
61 104
14 74
9 81
89 140
1 2
43 86
66 144
21 65
46 68
29 114
13 33
30 64
43 100
83 110
22 102
45 81
130 137
28 127
6 99
48 97
112 143
55 75
99 135
39 111
58 136
35 116
38 139
35 92
26 147
12 104
59 86
58 64
91 94
8 72
59 105
34 132
40 115
122 132
56 62
56 88
129 140
100 120
15 47
96 103
110 135
60 85
19 134
108 113
104 106
6 121
31 32
11 123
53 73
58 132
23 39
73 134
105 147
7 148
41 109
112 135
61 100
37 70
63 77
118 149
28 31
29 36
79 129
71 72
61 79
13 65
11 129
6 20
104 126
27 100
88 116
9 122
19 91
75 84
115 137
42 98
34 76
44 141
96 121
68 82
58 104
99 110
17 102
106 123
118 140
12 72
70 134
36 103
102 112
105 129
18 62
55 82
92 115
59 92
70 100
42 70
68 100
1 58
91 112
85 111
75 146
116 140
28 84
31 57
91 136
40 50
89 91
29 147
113 118
66 94
54 85
17 88
45 114
12 128
45 82
49 131
18 56
81 133
10 123
1 133
10 21
98 115
7 68
63 148
4 87
123 148
53 123
91 110
51 113
102 117
3 22
15 128
14 144
29 138
19 23
15 36
41 100
39 54
125 145
116 118
12 149
60 109
28 79
25 109
60 62
72 93
69 89
101 115
132 138
10 147
15 50
14 110
21 148
27 114
3 60
81 117
17 33
21 57
41 141
103 109
17 50
50 65
41 74
28 95
37 110
41 80
18 22
94 116
55 132
10 34
36 111
3 126
92 95
74 115
21 46
31 45
57 99
45 49
74 112
70 113
25 106
2 29
32 137
21 119
64 87
17 39
29 74
25 60
119 128
14 68
18 95
95 143
57 69
0 68
56 108
113 127
98 139
89 96
35 59
80 105
98 112
6 38
14 109
7 48
77 144
30 122
124 133
51 54
71 143
43 61
31 74
36 40
31 91
134 138
105 125
23 82
10 72
11 26
21 143
61 74
89 146
8 48
7 69
13 120
125 129
20 95
36 61
26 49
0 1
16 87
66 91
9 84
56 127
87 95
106 127
66 73
3 80
1 104
80 111
84 100
36 121
55 149
74 106
59 118
42 137
37 63
9 31
40 145
46 88
24 25
36 120
54 103
10 136
7 70
33 66
139 148
51 82
138 146
45 132
41 140
29 107
12 91
35 115
97 117
1 17
32 62
51 83
144 145
36 132
129 130
101 141
33 85
36 128
7 103
6 70
62 93
10 32
53 135
44 62
95 140
5 36
6 86
0 69
56 142
54 71
68 143
103 111
98 134
30 34
0 111
111 138
61 112
53 99
91 137
83 106
29 105
41 142
30 93
3 54
96 110
18 83
0 92
18 108
83 119
7 88
56 134
48 54
21 43
96 117
66 111
35 123
1 4
39 100
100 137
60 122
141 146
51 147
13 146
39 41
119 139
0 20
4 95
0 70
70 74
6 10
8 22
46 147
11 23
48 96
5 53
76 140
25 30
72 118
26 145
67 83
51 96
16 107
116 120
54 132
2 56
51 131
0 102
40 127
17 114
82 116
50 67
3 91
49 129
8 14
55 97
30 78
137 148
79 83
6 141
35 50
101 138
101 145
96 130
107 142
50 56
83 138
18 148
89 93
19 127
94 101
79 121
39 134
10 78
45 108
48 141
25 63
68 80
43 68
97 107
97 141
23 87
117 122
64 134
81 140
46 90
118 127
13 64
6 67
89 90
51 93
3 113
11 107
2 90
45 73
46 55
1 134
10 24
21 103
96 97
81 88
56 61
20 101
43 134
39 94
43 82
30 55
47 92
34 94
105 110
36 58
79 132
53 68
113 121
67 132
50 146
135 137
90 136
52 79
48 136
1 43
34 52
27 91
60 88
33 135
3 67
38 101
4 76
64 116
4 124
67 142
43 106
31 63
30 74
111 119
79 95
4 5
101 108
98 137
32 127
57 66
53 138
109 112
43 136
80 99
86 124
123 139
18 107
10 64
36 75
3 134
71 80
2 41
124 144
17 119
51 125
7 14
101 136
32 108
74 110
34 44
76 115
19 148
5 117
82 143
5 134
63 100
72 145
55 145
16 41
8 109
61 105
114 123
71 77
37 59
73 95
49 53
8 140
4 101
12 117
57 145
53 96
51 137
28 53
115 146
129 132
73 90
11 120
19 29
6 74
70 82
9 93
132 145
15 79
37 113
68 145
90 128
51 62
9 117
33 146
100 123
45 64
31 117
25 77
111 135
62 81
38 67
112 144
37 49
80 138
60 131
118 129
20 82
20 78
29 135
0 117
85 141
29 43
23 59
61 110
8 144
55 139
6 147
85 126
23 73
70 95
70 138
4 92
6 13
28 107
5 101
39 52
139 140
74 141
56 120
9 23
37 81
84 88
20 127
18 111
55 138
92 149
63 138
11 127
37 80
32 78
103 112
56 101
40 76
0 14
41 149
63 136
104 105
23 102
130 147
75 105
120 121
33 75
24 96
43 97
77 97
25 90
57 59
5 7
26 51
20 94
37 77
116 117
59 60
36 76
27 125
30 56
17 31
98 105
84 142
38 113
23 120
14 123
9 14
29 111
38 141
16 62
95 142
23 140
63 113
1 119
48 75
50 55
76 128
41 92
40 72
0 46
19 124
27 44
121 127
63 124
26 68
18 87
41 103
85 106
69 110
35 108
34 140
77 102
0 115
6 63
53 97
92 113
38 109
19 43
15 73
12 53
61 120
23 27
57 96
83 126
69 117
131 141
36 79
3 43
45 148
75 87
35 67
93 99
90 144
57 148
85 86
101 118
78 123
15 20
81 96
74 128
14 28
1 70
47 51
44 139
42 125
20 39
8 40
36 50
35 72
18 109
46 79
33 120
97 100
14 73
29 120
89 94
94 126
31 49
53 144
15 98
47 91
0 10
62 143
74 120
59 66
22 98
87 93
20 115
1 118
42 67
108 118
5 119
107 112
15 70
114 138
85 112
108 147
52 106
19 79
69 145
105 106
64 132
11 20
72 117
40 91
59 90
24 26
2 46
60 143
14 135
24 50
31 40
64 69
74 86
65 145
48 52
33 101
4 103
38 142
86 94
101 116
14 18
7 22
83 120
8 86
10 51
68 92
18 136
29 34
90 148
42 104
31 73
64 88
27 126
19 42
108 146
73 88
44 115
16 60
41 93
26 142
38 75
39 51
15 88
26 135
7 122
12 54
73 106
22 72
14 137
51 64
2 68
8 45
27 88
41 47
46 86
49 140
7 54
48 142
22 113
56 86
66 84
86 142
9 98
63 104
97 112
94 95
16 101
22 70
42 63
16 106
120 148
37 40
36 51
78 110
28 82
30 44
87 97
53 62
19 39
71 102
38 135
42 50
40 73
56 90
36 136
90 105
6 61
37 43
5 77
35 143
19 92
9 119
106 138
0 42
86 93
58 102
42 66
94 110
109 121
71 73
48 144
2 89
53 87
36 59
49 132
89 137
54 139
28 146
8 87
86 98
1 25
9 132
8 113
106 112
15 127
15 92
33 122
18 119
94 99
71 133
144 148
21 54
4 125
37 47
137 149
52 62
95 148
8 112
94 122
1 138
14 77
100 141
29 89
49 105
67 131
97 126
18 61
31 44
13 89
16 79
69 90
86 138
91 133
12 110
53 102
111 130
16 133
87 130
24 144
100 143
60 116
28 135
1 40
75 107
30 91
41 117
28 33
6 53
44 78
49 78
96 106
25 123
82 92
85 102
32 47
32 117
55 68
43 114
13 58
38 57
95 121
29 92
21 41
12 52
58 71
118 132
4 50
