150
11
3352
60
177 2
187 2
111 2
80 4
252 2
266 3
133 3
257 1
249 4
189 2
253 1
257 1
223 4
79 1
126 2
197 1
173 3
201 4
168 5
190 3
267 2
156 1
260 3
212 5
169 2
208 1
227 5
209 1
221 3
137 4
122 4
267 1
166 1
154 2
186 1
88 2
147 5
217 1
176 2
150 4
216 4
219 2
202 4
217 2
199 5
100 2
262 2
176 5
244 4
162 4
182 3
168 5
237 2
260 2
195 4
98 2
120 2
142 5
220 3
256 1
89 4
187 2
240 3
184 1
169 2
102 3
177 4
104 2
103 5
185 3
97 2
140 4
130 1
135 1
131 3
141 4
145 3
223 2
87 1
129 3
267 5
246 3
256 4
119 2
190 1
175 5
129 4
193 1
110 1
258 3
146 4
208 2
133 5
174 3
121 3
241 2
224 2
239 4
131 5
238 4
173 2
220 4
206 1
181 4
194 4
97 3
117 5
187 5
110 1
95 2
249 5
194 3
143 3
144 4
248 3
229 3
98 5
174 1
249 4
259 4
212 2
91 1
250 2
245 3
136 4
104 3
171 2
152 3
137 2
106 4
89 4
120 1
203 5
265 5
181 3
240 3
190 5
136 2
148 3
196 5
224 4
131 1
251 4
212 5
196 5
83 4
133 4
233 2
186 4
130 2
76 99
3 38
26 62
78 104
27 133
12 77
133 141
9 68
39 82
32 101
18 51
38 127
63 79
19 54
59 72
86 99
31 52
91 121
68 136
5 62
1 38
100 113
0 136
124 143
40 52
67 140
7 19
49 64
101 135
1 147
55 89
78 94
60 149
23 138
19 83
113 133
42 72
88 127
68 110
16 145
2 144
1 46
20 135
50 142
14 105
8 99
3 84
102 137
78 115
130 143
117 126
24 135
90 101
3 17
64 84
114 122
98 130
10 148
46 143
42 52
40 43
42 96
62 136
59 73
55 112
131 147
97 98
139 141
54 124
20 100
76 82
60 100
29 65
109 130
19 131
84 137
93 144
1 29
86 146
79 146
107 127
111 141
54 115
67 89
6 129
60 107
59 100
34 87
24 60
37 114
31 51
66 105
57 109
117 146
62 105
63 94
118 147
70 105
79 90
70 94
82 93
36 82
34 89
21 146
48 120
126 135
86 117
74 116
35 98
42 53
6 127
74 92
28 70
79 100
30 86
79 117
21 69
53 122
11 104
43 117
25 58
46 87
73 100
108 130
24 75
138 140
79 126
122 137
39 63
98 99
49 107
45 60
64 89
7 140
34 100
10 80
29 68
88 108
103 138
59 145
18 135
36 94
32 43
23 29
27 43
5 69
57 71
5 137
63 81
75 126
119 133
31 42
130 141
24 109
41 65
69 101
30 107
26 65
103 142
78 141
109 140
13 15
31 38
4 62
10 145
72 84
20 57
4 49
2 88
23 112
122 136
3 103
78 114
82 111
9 134
11 55
11 64
25 85
53 110
37 135
85 117
129 148
59 141
27 115
131 146
58 112
21 125
11 125
6 144
81 91
20 117
20 34
31 126
33 143
52 87
17 138
55 120
98 119
41 129
80 93
4 15
96 146
17 92
82 98
22 35
33 56
8 132
50 132
3 137
7 73
94 140
8 63
27 111
47 80
29 112
2 67
43 111
14 35
130 131
18 41
98 111
112 134
24 35
98 132
56 122
52 121
0 57
36 93
96 104
61 85
106 122
42 144
23 57
35 43
11 66
64 113
53 83
23 46
36 95
59 87
42 110
8 10
46 63
67 114
51 100
3 142
70 128
67 127
16 21
8 20
42 57
37 134
74 93
102 147
13 138
84 149
24 52
0 110
15 21
34 37
23 110
18 36
28 138
59 65
54 87
102 104
76 116
19 117
6 89
26 80
84 127
14 89
11 49
87 132
44 103
68 73
61 122
90 96
29 72
35 122
68 131
20 65
80 148
71 88
48 98
98 140
112 124
14 17
127 148
11 27
123 146
140 149
70 93
0 100
27 55
54 108
20 21
61 132
134 139
50 108
60 108
5 33
11 133
6 130
36 70
24 124
59 82
130 138
17 62
29 45
8 111
40 116
28 141
65 74
30 121
88 102
99 139
92 118
104 117
68 126
47 137
77 99
22 106
82 115
60 84
108 139
51 146
10 60
15 68
25 65
4 12
72 127
109 144
79 104
59 134
49 60
7 99
48 81
88 117
123 132
0 5
30 114
65 111
57 78
38 61
103 123
66 101
72 113
22 34
75 138
78 83
60 123
98 147
36 69
6 115
24 148
20 53
25 98
67 135
18 141
34 98
125 149
30 132
37 86
39 40
15 112
28 134
26 48
92 97
46 112
41 132
3 98
71 106
9 45
31 58
96 135
101 142
84 119
27 77
43 95
17 93
28 30
43 67
105 112
37 108
26 148
32 109
69 118
5 74
57 110
26 40
36 86
7 141
11 111
39 90
23 65
28 103
20 26
134 145
4 7
36 135
0 19
87 113
11 12
113 119
1 125
121 137
66 85
2 11
63 126
102 107
2 52
30 98
28 55
28 126
21 23
36 126
54 123
141 145
99 123
46 60
8 27
13 17
46 130
26 88
91 104
89 123
42 71
9 97
148 149
12 32
21 22
17 28
95 124
35 93
60 70
7 94
40 125
21 37
12 119
50 99
110 112
49 110
72 139
70 146
83 102
43 130
129 145
68 113
44 143
43 149
58 101
11 118
92 131
14 111
97 123
42 92
60 125
63 120
20 142
100 111
44 95
26 61
10 105
52 71
42 89
33 123
15 142
95 113
52 85
82 91
11 59
117 130
66 129
45 142
22 78
4 100
46 125
18 146
25 55
109 147
78 121
81 144
143 148
55 124
23 126
90 113
29 144
52 134
5 65
0 130
27 101
71 99
109 124
17 147
80 81
19 52
25 44
88 128
21 53
91 122
54 93
37 111
15 82
45 52
42 111
89 130
76 111
1 97
39 59
26 122
52 90
105 113
5 123
69 78
69 85
100 140
145 149
95 126
42 55
0 32
2 40
1 53
6 75
44 52
43 96
21 30
21 99
15 30
14 117
26 109
18 149
119 134
12 109
46 59
14 121
82 133
15 135
44 75
26 149
34 50
9 144
11 43
6 90
104 108
88 114
125 131
6 54
89 110
2 72
67 117
19 139
17 89
77 128
65 125
116 138
35 126
89 136
71 90
62 83
28 61
25 131
13 55
56 66
24 100
44 79
92 137
15 72
35 54
20 141
13 62
52 104
12 23
28 77
10 14
57 84
10 141
18 133
48 132
46 97
22 124
84 136
80 95
33 104
38 83
85 91
98 133
88 140
1 143
35 37
22 42
63 84
7 75
18 32
13 127
47 77
55 87
33 49
19 66
8 122
35 121
10 57
46 114
33 74
20 73
70 87
70 142
120 139
91 113
1 8
55 134
41 114
36 55
0 48
22 41
85 146
89 113
81 87
41 66
28 40
4 109
14 72
20 111
40 121
13 82
5 110
73 97
66 127
138 144
9 101
55 77
72 128
5 67
100 133
24 139
34 131
48 83
23 94
49 96
58 110
93 119
53 143
12 83
4 27
13 81
75 120
2 120
56 67
67 90
27 108
25 143
30 97
104 143
20 140
53 149
42 45
103 135
22 84
30 35
59 64
91 128
115 149
8 145
53 116
49 75
2 6
6 46
51 127
65 139
29 47
9 113
112 125
4 31
93 143
68 95
82 103
16 110
79 92
79 133
14 80
26 143
25 70
20 44
43 144
4 139
19 57
12 86
115 139
16 136
5 57
24 74
83 144
21 112
86 91
87 115
40 111
21 149
43 119
60 104
29 41
58 75
21 42
0 119
26 110
15 86
21 85
18 49
43 47
0 96
46 127
13 32
61 69
4 47
4 134
78 137
2 5
74 140
45 126
22 83
33 36
87 136
2 145
79 82
41 51
46 81
120 125
40 146
16 25
10 11
110 130
11 114
81 121
60 75
5 145
51 70
114 131
8 80
27 98
12 76
90 141
86 128
16 134
55 81
31 111
59 113
19 85
82 96
21 74
13 94
57 101
63 112
46 91
106 142
27 68
74 118
14 47
42 90
103 119
0 99
98 124
96 102
8 32
4 102
96 116
7 118
22 99
35 60
9 121
139 149
100 112
80 96
17 72
7 60
77 92
28 136
78 86
42 65
62 120
77 82
39 127
54 62
4 29
21 97
127 130
33 84
143 149
35 127
60 140
5 96
51 98
45 62
111 127
33 41
10 49
21 59
45 67
24 58
70 106
68 96
24 76
94 100
37 125
104 124
101 140
32 114
27 94
52 68
121 145
44 113
12 35
28 143
33 145
35 75
14 112
10 44
45 149
51 52
47 52
33 109
61 71
6 128
61 87
29 50
14 36
5 120
16 63
71 127
15 76
73 110
73 82
66 83
52 88
49 135
3 105
80 135
0 142
13 132
43 128
75 114
28 48
47 65
10 104
38 69
4 68
47 128
38 43
26 77
116 133
30 69
26 106
46 75
32 90
103 104
45 97
9 50
10 95
27 57
45 147
5 118
10 68
11 36
34 42
33 46
41 146
67 112
84 135
32 113
22 104
4 129
75 78
54 94
62 133
37 53
35 96
32 46
31 97
86 143
12 85
17 128
6 42
25 72
20 62
76 103
107 145
47 68
101 133
105 127
26 102
3 130
29 44
27 34
9 26
126 139
34 84
101 107
47 84
13 119
38 63
61 134
122 131
53 65
123 137
28 131
12 81
33 117
2 123
98 128
77 129
48 109
75 124
32 131
24 32
23 79
73 144
33 70
13 14
58 65
45 83
57 139
7 18
68 93
48 95
10 87
82 144
90 125
61 81
82 132
89 100
122 129
92 132
11 33
1 73
18 69
108 149
6 118
93 146
17 55
64 122
93 114
78 125
10 120
9 57
68 120
84 123
4 20
120 140
39 98
18 125
70 121
10 29
18 70
43 127
48 118
67 78
0 45
2 109
3 102
18 50
12 113
13 137
2 111
48 115
63 133
47 138
88 126
15 65
54 84
2 125
83 85
55 58
22 147
93 107
20 43
55 69
17 38
41 60
7 51
124 132
14 20
57 123
16 93
80 90
11 93
69 71
8 65
43 138
69 81
33 91
94 148
40 84
126 134
37 62
20 124
62 142
42 77
43 109
1 89
34 79
84 122
1 115
66 118
107 146
7 44
88 113
117 134
34 119
12 108
14 22
126 127
78 132
41 131
7 55
7 52
80 125
63 141
2 122
8 25
70 110
63 140
21 78
79 136
90 121
83 135
23 52
83 104
126 144
2 8
74 100
1 57
84 111
17 51
125 139
81 84
4 107
104 148
75 118
106 132
118 138
9 27
8 116
56 97
53 84
55 90
49 112
52 99
131 138
20 81
33 72
76 98
29 37
40 78
28 118
1 50
68 77
25 67
70 108
10 38
59 63
72 125
24 88
26 28
21 122
4 75
22 50
104 109
81 118
44 56
24 108
76 81
48 112
87 116
58 143
69 141
20 50
54 122
7 26
113 145
9 86
16 46
9 39
64 85
57 133
29 108
65 85
4 78
49 148
12 42
17 71
21 139
37 83
84 143
37 44
28 109
101 119
24 118
15 62
25 38
54 148
72 82
43 64
87 144
23 90
23 135
90 145
29 85
85 143
19 44
11 95
31 78
114 146
115 131
60 92
0 40
34 139
29 131
58 66
85 109
106 121
74 81
55 57
138 142
59 147
45 101
106 114
1 33
22 95
81 92
1 87
32 133
57 132
18 76
78 126
33 39
42 145
27 78
97 142
77 126
18 78
120 131
87 102
69 87
17 30
7 76
13 92
90 98
7 116
55 63
23 144
80 127
59 133
101 117
15 43
16 33
39 50
45 48
34 46
5 144
76 146
88 121
16 94
0 7
99 117
54 136
38 130
102 109
3 68
70 80
17 79
55 73
34 40
100 106
90 104
83 86
103 107
24 85
13 48
78 90
30 88
84 85
107 147
82 129
32 87
13 83
82 147
30 92
14 67
13 79
9 44
116 135
79 115
24 141
51 87
50 140
125 130
8 77
54 92
147 148
70 72
21 62
14 65
52 115
36 41
11 73
29 96
98 138
1 101
54 117
48 137
109 116
12 148
73 77
64 67
86 101
103 116
92 117
31 98
13 96
44 53
8 23
57 146
4 6
113 136
8 106
61 118
9 147
41 119
126 133
89 106
90 124
65 107
13 30
4 90
49 54
19 138
118 122
26 137
47 145
103 148
29 130
56 100
69 139
15 77
26 133
92 134
10 36
71 129
94 118
102 133
30 118
47 87
2 33
39 49
125 132
58 133
95 104
31 60
34 149
11 99
16 54
13 60
116 124
91 129
112 122
22 129
66 133
75 111
19 116
18 103
82 89
23 51
78 105
41 90
15 106
31 77
18 39
120 129
21 127
93 130
4 86
91 108
57 93
32 71
47 72
60 121
44 92
72 76
124 140
38 46
57 92
38 144
31 88
107 126
40 58
128 149
22 138
15 114
98 114
53 131
75 145
56 103
97 136
109 149
19 64
24 37
4 30
5 24
37 93
90 117
94 147
45 131
36 65
69 112
60 145
85 94
125 138
80 141
118 120
128 134
34 97
77 140
80 132
40 132
36 73
68 98
32 149
29 83
70 104
26 33
35 71
90 129
34 56
105 116
17 20
39 85
2 93
32 69
36 64
54 127
0 95
13 114
108 144
5 126
45 79
27 128
117 120
114 132
48 64
8 91
2 81
37 72
39 114
39 145
88 93
48 50
0 75
108 127
5 115
60 124
11 48
115 145
82 124
20 97
8 74
49 93
144 146
12 112
69 107
84 147
49 130
65 75
112 120
12 137
13 104
64 145
50 87
39 95
61 116
27 130
86 130
24 122
32 76
111 125
59 127
113 116
103 113
53 109
20 42
15 123
14 25
88 101
111 120
76 142
71 108
29 42
91 105
9 126
21 98
64 101
49 71
1 117
17 124
57 135
18 137
12 80
78 109
78 88
121 124
56 72
45 53
27 110
94 142
1 96
92 148
96 142
67 110
13 75
13 36
42 149
19 90
9 61
8 98
55 98
40 70
76 122
35 135
60 98
96 122
71 96
37 147
27 129
79 108
43 147
25 45
44 73
11 53
104 144
46 140
68 106
13 27
15 61
114 124
102 148
46 118
22 123
38 42
97 118
81 125
58 85
27 49
86 105
37 94
1 44
21 27
111 144
91 143
64 149
103 145
77 149
83 122
130 133
51 119
66 149
76 97
4 110
27 127
24 105
96 145
28 124
7 128
33 62
0 30
32 86
84 90
55 70
77 125
105 114
58 95
54 135
50 145
93 112
52 103
121 132
98 142
125 127
54 57
124 129
42 93
76 149
32 103
104 111
65 68
21 52
56 59
9 140
111 137
14 129
8 108
39 57
31 146
29 145
6 110
0 31
65 81
7 42
39 108
0 80
0 29
122 139
19 76
74 89
27 104
123 143
15 147
11 32
10 23
7 17
11 60
37 142
120 147
5 17
81 114
52 58
76 110
8 21
134 144
57 113
139 145
62 82
12 71
15 141
50 134
141 147
2 53
25 33
58 119
19 88
23 95
32 143
6 12
30 149
40 124
71 89
95 130
13 86
8 119
125 133
94 103
92 147
20 148
111 142
33 63
131 149
71 141
16 102
22 56
112 123
130 148
6 80
26 140
40 85
72 121
29 134
6 149
32 120
115 133
40 82
25 144
32 44
37 127
68 148
101 122
12 58
52 91
28 47
8 94
41 94
33 37
23 31
24 65
46 145
64 96
83 100
134 137
40 128
7 29
71 134
28 88
43 124
13 52
30 89
75 149
6 31
45 69
2 148
1 126
11 40
72 144
2 69
16 126
117 135
128 145
77 87
0 43
71 148
53 134
11 15
134 147
40 61
15 103
147 149
97 128
3 111
29 76
40 94
29 30
41 89
112 121
59 112
1 75
9 19
6 123
69 73
2 82
22 100
85 137
3 115
85 144
88 129
14 95
128 147
24 120
47 61
37 128
2 50
13 68
77 95
78 95
73 130
91 140
14 16
37 141
19 133
41 91
60 61
64 126
64 114
21 26
10 18
91 123
33 102
48 57
96 120
16 91
57 117
16 77
87 121
133 145
66 147
80 103
5 94
29 109
9 104
64 130
122 123
32 123
91 98
29 116
5 6
95 149
7 23
35 118
52 112
106 125
24 106
2 140
17 120
81 101
95 125
64 127
85 118
118 145
39 118
127 138
21 141
45 135
112 131
24 91
21 120
82 107
0 67
32 129
2 147
111 147
52 144
54 101
30 111
70 133
83 123
33 114
63 145
80 86
67 94
36 84
82 138
50 88
14 60
5 127
45 107
72 147
13 24
39 109
84 145
16 75
62 135
4 146
58 84
60 73
40 118
43 142
83 132
53 113
120 122
79 91
4 70
23 136
42 78
0 81
31 61
17 24
0 9
60 144
56 91
46 117
28 129
65 119
132 139
41 105
22 103
64 135
14 84
25 139
3 120
58 142
31 101
3 127
99 128
50 66
43 50
22 36
118 135
21 136
99 116
85 145
15 132
58 148
2 54
21 91
8 71
13 20
13 56
28 92
85 110
95 119
2 48
30 63
4 52
57 72
4 140
45 56
48 134
1 129
11 42
24 87
110 122
41 115
11 146
0 86
9 33
26 93
79 97
48 74
99 102
19 26
1 106
56 76
65 127
71 100
82 113
99 144
46 56
50 144
33 82
61 136
50 80
52 102
60 138
107 109
21 72
46 67
60 82
28 133
86 106
104 147
38 119
73 128
129 142
89 139
91 117
117 119
38 137
7 11
30 37
72 74
86 89
10 71
17 118
105 132
73 98
46 99
28 83
67 123
74 146
19 50
87 123
66 116
46 105
47 120
70 109
89 135
86 95
44 86
84 105
128 130
85 130
19 89
124 138
9 118
22 148
41 68
10 22
27 62
96 124
27 148
59 67
83 116
69 146
76 106
22 140
44 127
95 141
7 50
121 142
51 102
34 108
2 18
27 143
52 55
56 64
52 113
37 131
20 125
123 125
40 48
62 124
61 90
21 45
41 104
22 60
31 108
6 60
29 55
65 146
99 124
89 128
30 112
61 106
125 143
58 107
16 149
35 136
42 43
30 119
128 140
44 47
86 132
45 63
45 134
73 75
126 147
44 55
79 105
105 107
7 37
45 113
13 23
26 72
32 92
31 65
95 128
62 117
135 149
27 33
119 135
6 146
22 112
35 64
119 132
75 93
50 103
128 137
45 57
30 139
136 139
72 79
43 146
100 139
127 134
82 122
15 16
18 102
43 102
43 89
23 141
17 95
15 93
30 144
38 146
68 105
102 131
40 87
90 118
14 125
18 71
32 60
5 12
93 127
8 146
40 51
82 126
69 131
68 89
50 95
4 72
3 116
113 126
92 135
31 128
13 101
10 84
109 142
68 133
76 100
133 149
12 82
53 54
23 69
19 106
39 130
13 123
65 98
60 74
122 138
33 116
92 96
95 122
23 63
26 108
32 54
7 49
55 78
25 26
25 92
70 141
45 146
109 133
3 76
57 95
74 85
78 143
21 66
19 22
16 143
32 96
110 134
1 82
111 118
80 112
76 113
93 106
16 122
24 51
90 102
5 84
22 107
18 115
112 119
10 146
33 98
10 70
6 105
28 59
51 75
121 140
7 138
12 65
11 63
68 128
112 137
31 39
77 84
71 145
56 129
2 61
61 93
47 74
76 133
45 50
110 133
24 114
64 68
33 69
81 100
15 27
71 128
3 7
14 139
3 30
22 130
30 39
120 132
1 47
6 11
23 35
34 45
83 113
106 128
57 63
12 124
43 148
99 146
94 119
55 100
74 113
47 143
21 144
72 96
100 105
41 67
40 47
81 127
2 16
36 87
60 91
55 130
62 96
25 103
74 96
11 76
51 78
29 99
87 147
13 144
95 108
27 119
80 147
97 127
43 129
30 31
45 46
64 108
81 83
67 125
96 113
127 142
22 85
102 143
19 31
41 85
11 142
4 122
3 124
3 138
31 132
64 95
61 138
27 106
139 146
42 135
75 128
37 75
15 35
74 97
31 93
44 46
76 86
52 130
12 73
32 50
132 143
28 96
50 121
30 115
36 119
20 138
31 56
51 57
101 131
79 125
26 101
23 125
8 100
77 90
35 138
44 58
9 60
34 105
67 145
65 70
32 124
124 142
49 95
27 60
73 112
25 27
77 103
109 134
42 114
16 129
37 89
61 113
25 96
95 117
47 99
73 116
1 7
63 111
22 29
101 148
103 108
116 131
103 134
59 135
21 56
26 31
111 139
48 123
91 134
81 94
26 60
52 107
119 137
65 106
57 118
49 123
122 125
42 95
30 146
10 130
50 106
114 147
23 89
129 134
9 54
35 49
89 143
28 36
8 83
87 131
106 134
4 28
135 139
55 80
105 138
27 56
20 104
75 129
28 105
36 107
52 94
78 139
6 133
21 60
7 114
30 53
119 130
31 106
34 57
72 108
14 63
52 69
116 126
4 41
106 133
10 88
36 117
39 121
6 114
15 126
33 81
2 146
18 60
88 105
8 133
54 89
63 115
53 70
54 110
18 72
107 139
47 141
110 148
35 46
66 107
56 143
112 115
46 83
65 76
39 123
32 66
38 82
32 110
81 89
35 99
9 13
12 66
48 93
29 73
87 118
79 109
10 109
52 132
76 148
9 77
91 148
44 107
58 92
57 79
91 107
115 129
4 118
0 50
53 148
65 66
20 139
14 40
0 148
39 67
76 121
29 142
101 112
26 117
67 96
64 125
33 148
102 108
68 104
50 70
44 149
62 87
1 110
52 143
43 83
20 58
83 143
31 129
123 133
9 89
16 119
18 63
34 118
25 126
5 92
9 41
16 89
87 111
6 68
50 62
78 135
37 133
105 143
8 64
102 138
19 30
92 112
86 135
52 147
14 97
47 113
15 139
39 138
4 45
1 108
62 102
3 14
1 18
17 22
37 95
62 125
10 121
62 100
28 98
37 105
25 89
59 138
29 51
20 60
57 85
37 145
49 61
22 145
47 130
16 139
27 67
79 89
32 51
76 147
103 133
15 66
128 138
71 76
13 72
69 147
133 140
116 141
93 120
127 133
92 136
50 114
80 113
52 95
32 112
1 122
137 142
64 139
18 43
25 146
6 35
106 109
69 123
19 143
94 125
16 140
75 135
93 111
66 67
25 129
89 112
6 108
32 61
24 129
45 105
18 66
18 77
71 105
84 93
51 142
44 65
123 129
6 102
90 146
71 107
77 130
26 131
95 145
21 124
10 116
110 142
31 34
29 88
13 66
8 76
11 61
65 86
0 26
38 102
15 22
113 135
7 61
6 24
4 77
74 132
72 119
16 130
104 146
35 55
22 146
69 132
59 114
27 81
120 126
45 71
12 26
30 131
88 118
42 146
17 105
101 124
1 15
3 41
23 115
3 90
14 49
96 133
18 131
84 106
7 130
66 96
45 136
59 142
29 101
28 144
41 77
115 128
25 118
4 85
14 23
17 96
25 74
54 59
135 147
6 26
38 79
62 144
36 143
46 80
26 75
119 142
30 84
45 116
123 141
49 50
63 101
34 47
43 57
80 104
76 135
94 114
52 77
74 136
62 72
97 121
49 68
6 116
60 78
16 67
61 133
76 136
39 77
81 99
16 97
75 127
6 55
0 138
75 80
3 62
48 103
13 67
38 145
72 134
8 9
39 88
59 77
41 106
136 148
73 124
45 109
96 134
50 118
115 148
3 82
37 84
37 41
44 67
30 51
4 82
48 146
36 57
76 112
64 74
23 75
91 145
33 112
122 128
105 136
30 75
127 129
118 137
67 130
115 124
65 89
44 102
105 109
79 107
18 23
39 70
20 71
42 100
137 138
2 85
0 37
48 92
114 149
0 112
62 121
125 137
2 117
37 130
71 117
35 70
56 109
64 141
76 132
74 119
3 110
100 127
92 121
119 136
24 42
15 69
50 117
37 99
49 118
65 102
92 107
62 97
71 124
15 120
17 141
0 2
47 89
44 70
48 94
106 135
0 84
1 31
28 123
23 130
46 71
27 85
64 110
128 136
11 103
25 134
3 61
82 148
40 99
81 111
44 109
71 126
131 143
71 136
79 80
8 103
49 138
3 29
20 68
2 130
10 137
54 96
53 63
10 149
36 48
17 66
62 106
115 138
112 126
1 55
65 80
142 148
40 136
4 58
12 22
64 146
18 123
76 124
29 104
11 50
38 52
47 58
1 74
25 46
75 123
10 131
21 130
77 79
19 55
73 105
14 148
73 133
42 60
83 92
6 117
99 122
45 111
45 102
59 81
19 130
62 139
10 102
101 149
72 112
87 120
60 111
37 60
50 124
51 120
24 78
87 89
17 73
110 137
35 56
44 131
45 112
2 36
51 145
103 146
46 122
64 144
19 62
53 125
40 68
27 30
40 100
72 114
80 121
90 115
23 145
24 28
127 128
10 117
124 148
83 103
14 33
33 50
38 98
42 59
36 144
18 118
23 137
8 107
104 130
146 148
98 100
22 28
8 131
110 113
22 94
25 128
29 84
33 88
10 83
12 60
110 140
85 115
99 127
105 144
141 144
110 118
49 63
2 128
3 99
73 111
74 147
72 90
79 137
67 124
22 40
54 77
5 31
4 60
85 127
44 99
3 23
42 74
10 106
56 78
83 117
99 105
93 96
85 149
47 126
20 149
7 131
88 111
55 114
115 141
3 141
22 108
41 144
76 137
15 89
19 107
34 88
29 127
57 68
118 126
37 124
138 141
67 107
46 106
74 142
13 84
73 147
44 57
100 118
6 47
0 65
10 81
24 97
3 106
55 79
44 61
134 135
2 136
69 148
32 77
58 78
22 136
38 50
9 37
17 52
81 147
69 142
51 94
37 107
10 62
123 149
57 106
71 109
93 109
52 81
26 124
60 76
54 138
11 69
87 94
22 131
46 110
6 43
12 44
38 39
33 96
3 58
107 144
32 49
80 114
25 121
14 29
82 131
4 54
63 106
120 134
68 144
98 109
59 111
60 141
58 79
50 94
10 107
89 134
20 143
88 103
112 146
111 124
21 39
113 131
111 122
104 139
5 48
10 134
48 117
41 124
12 50
64 147
17 32
84 92
32 115
66 75
17 131
36 149
23 106
80 89
85 131
36 78
1 90
1 13
1 6
29 123
6 97
53 101
8 69
27 71
43 78
2 105
8 134
9 108
78 127
49 104
3 121
3 101
7 136
103 139
47 95
74 103
30 87
35 74
66 145
1 49
35 76
121 133
65 114
25 81
63 67
129 143
6 81
81 97
21 102
115 117
53 147
24 61
43 84
64 124
49 73
37 144
29 100
1 12
45 85
13 109
22 87
61 148
9 76
97 140
8 47
43 91
110 139
9 85
20 30
71 142
12 19
16 112
36 145
89 148
78 87
11 131
19 35
127 139
109 114
49 119
8 46
85 114
111 128
68 141
41 78
45 120
20 137
11 16
14 21
24 71
2 10
23 100
38 122
19 70
59 143
75 131
40 56
127 146
81 109
25 136
27 147
39 81
2 65
102 125
58 82
20 27
3 92
104 135
2 98
61 149
81 149
33 86
30 120
109 125
20 114
116 149
3 74
104 112
2 45
62 115
74 84
136 147
42 119
141 143
66 139
80 107
97 103
22 101
14 94
12 16
33 60
7 81
51 128
2 62
70 116
29 141
92 104
54 65
76 107
110 138
32 97
26 85
21 131
87 112
58 106
10 73
102 140
9 96
17 48
24 138
1 11
46 92
85 95
5 15
130 139
73 79
18 34
28 29
60 132
88 98
29 59
0 137
48 60
66 93
105 135
108 115
67 69
33 48
1 136
12 96
28 75
5 26
113 125
64 128
17 87
53 56
69 104
48 87
75 147
25 87
95 96
78 82
103 137
94 141
75 96
39 62
4 144
43 137
57 108
74 121
62 94
2 86
51 101
11 39
47 101
62 110
47 79
142 143
94 117
38 76
57 121
12 21
13 80
96 115
9 103
8 105
105 124
114 120
33 132
134 142
28 101
68 108
40 149
9 71
70 112
14 56
74 108
31 149
98 143
100 145
85 104
10 82
88 125
17 101
137 140
73 122
13 115
44 85
56 93
29 31
57 134
50 98
61 102
70 132
2 137
50 84
1 77
66 134
65 94
17 35
35 119
43 107
11 124
27 102
105 146
49 147
26 64
28 65
96 118
12 70
96 128
35 87
26 41
73 84
24 36
35 95
105 134
82 100
56 74
60 136
46 72
34 111
16 100
128 135
13 93
9 36
17 132
45 103
3 139
41 139
42 133
66 110
25 75
86 123
2 71
22 143
56 106
12 24
102 134
49 137
26 118
23 44
51 117
5 79
35 91
115 135
52 64
5 129
31 84
57 130
17 56
84 134
0 149
69 128
36 56
10 53
25 88
19 120
36 49
19 59
32 34
10 135
109 146
69 143
44 83
37 122
81 119
107 114
107 117
68 137
83 84
27 141
0 72
31 37
54 70
49 111
27 86
25 50
31 120
6 134
80 119
11 101
24 102
79 124
25 61
129 141
117 128
15 118
13 102
63 68
132 136
33 45
63 130
68 88
94 137
36 148
133 134
102 113
27 112
11 30
113 149
5 102
47 124
4 126
30 145
1 65
93 133
2 79
35 137
5 39
49 89
28 145
121 135
24 53
108 122
105 130
86 121
137 143
38 66
16 28
119 141
21 118
26 119
113 143
39 125
66 97
11 19
18 94
52 105
50 68
17 43
29 90
31 110
36 100
40 148
1 145
112 114
10 61
92 102
12 140
46 62
65 96
22 39
71 139
83 90
48 53
61 96
1 14
62 114
54 114
8 24
88 122
84 121
83 99
109 138
36 109
77 143
1 123
114 133
5 139
69 98
75 102
44 148
73 121
44 68
27 89
85 103
140 145
28 46
21 58
33 90
39 42
52 59
41 98
22 119
50 76
11 128
94 113
87 145
39 96
4 23
28 34
27 74
65 82
94 138
106 140
76 104
19 129
13 47
33 57
12 69
4 10
9 95
75 110
32 39
35 51
82 105
34 72
5 111
79 145
39 72
47 115
10 118
56 70
52 61
2 119
84 124
64 123
135 144
13 49
8 129
21 93
54 56
25 95
0 34
9 73
88 115
15 117
33 42
81 126
22 59
41 125
69 125
26 96
11 62
11 94
57 61
30 48
14 39
50 101
31 68
32 83
8 31
67 99
80 88
84 116
35 88
134 141
42 136
20 119
85 107
42 113
4 36
122 143
80 101
31 143
63 78
76 79
118 148
49 125
16 141
17 70
92 130
17 117
108 124
1 94
60 117
43 48
47 78
39 66
21 142
70 149
60 105
27 83
60 90
30 59
69 82
53 139
2 142
29 86
38 103
45 125
42 80
22 118
15 34
7 45
41 53
17 130
49 127
92 99
76 77
28 71
116 139
76 145
45 47
98 116
85 133
17 75
28 32
94 149
90 92
77 135
48 133
11 121
83 140
48 140
61 80
4 51
44 63
52 65
18 75
4 114
130 144
68 140
30 130
86 141
7 85
20 52
23 40
31 133
35 124
12 87
32 119
2 75
26 127
42 56
122 148
12 40
22 46
38 148
39 46
63 139
23 143
107 140
53 80
66 112
35 52
39 113
79 106
21 109
120 130
83 112
15 90
111 140
46 54
30 57
29 49
9 70
41 87
7 67
65 78
82 139
30 105
37 57
