151
10
10192
60
564 2
124 2
120 2
260 4
627 2
128 3
124 3
404 1
489 4
600 2
289 1
110 1
211 4
595 1
666 2
203 1
470 3
225 4
594 5
538 3
33 2
33 1
506 3
200 5
409 2
631 1
212 5
215 1
293 3
659 4
632 4
273 1
427 1
7 2
18 1
658 2
444 5
310 1
62 2
69 4
225 4
285 2
613 4
565 2
538 5
436 2
307 2
155 5
145 4
627 4
200 3
60 5
456 2
137 2
273 4
515 2
84 2
385 5
508 3
145 1
374 4
493 2
654 3
664 1
10 2
597 3
471 4
38 2
154 5
602 3
337 2
50 4
586 1
504 1
140 3
96 4
682 3
640 2
453 1
702 3
564 5
558 3
496 4
410 2
418 1
214 5
675 4
469 1
512 1
624 3
269 4
235 2
430 5
594 3
574 3
547 2
83 2
62 4
62 5
448 4
92 2
34 4
431 1
52 4
674 4
682 3
522 5
298 5
320 1
488 2
519 5
41 3
632 3
18 4
107 3
583 3
284 5
261 1
114 4
496 4
395 2
109 1
574 2
311 3
688 4
575 3
336 2
179 3
500 2
586 4
317 4
507 1
494 5
481 5
394 3
66 3
514 5
16 2
532 3
490 5
179 4
173 1
680 4
635 5
583 5
482 4
154 4
107 2
447 4
538 2
127 3
75 97
17 96
12 91
77 98
28 29
4 72
126 148
25 140
1 72
11 63
18 40
48 113
62 103
7 143
58 104
84 142
21 137
89 149
67 150
12 47
3 76
98 114
23 141
120 129
39 114
67 73
7 8
48 114
99 133
3 131
54 129
77 88
60 89
0 86
19 58
110 134
22 48
87 101
67 124
10 97
19 127
134 142
3 61
50 92
14 87
31 49
35 105
100 132
77 109
124 148
113 147
38 42
88 132
12 35
63 106
111 119
96 137
37 112
46 95
3 41
23 62
8 132
62 74
58 105
55 57
125 145
95 108
130 137
54 70
20 74
75 80
59 130
0 9
106 147
31 35
83 119
92 108
0 116
85 124
78 138
105 107
108 150
54 61
66 105
1 42
59 137
58 132
35 53
24 30
37 69
14 15
65 123
56 145
114 131
61 131
62 118
115 128
69 115
78 82
69 104
80 148
6 111
34 47
21 119
48 70
121 139
85 95
73 118
8 102
41 113
11 103
139 150
28 34
78 92
19 31
78 109
8 49
53 69
12 15
44 113
33 98
45 139
72 104
106 107
1 103
129 146
78 118
118 133
38 127
96 106
49 58
44 114
63 111
19 81
5 50
18 140
29 31
86 145
101 130
59 86
36 50
30 102
33 80
27 127
35 135
30 34
56 107
15 27
62 105
74 126
115 144
22 37
124 146
22 72
12 122
68 113
30 69
26 33
101 134
77 135
107 114
4 129
17 102
10 131
22 144
71 90
7 71
46 128
46 140
21 128
118 132
12 37
77 108
81 97
36 55
11 40
10 17
1 53
53 57
1 95
84 97
124 134
59 82
27 80
125 144
57 146
25 134
14 24
32 108
79 149
19 138
9 99
14 115
19 28
51 133
15 124
55 65
96 126
30 82
79 83
5 108
95 104
5 59
81 84
42 62
32 132
19 137
50 82
7 62
5 56
93 102
6 136
38 90
39 86
29 75
8 136
43 62
1 108
124 136
17 149
96 118
109 139
19 63
96 139
56 66
52 69
41 60
11 85
94 117
60 113
104 105
23 28
34 115
1 43
7 36
63 135
52 127
10 83
46 134
58 119
7 140
37 140
45 115
66 130
50 148
3 100
69 138
66 143
12 17
7 97
41 117
20 46
73 95
100 142
13 121
83 131
23 148
2 45
33 111
39 135
8 23
3 52
28 102
58 97
53 129
99 149
134 146
46 74
17 77
26 106
83 109
0 126
11 34
86 108
0 46
67 87
60 150
88 127
23 127
19 45
67 145
19 79
79 138
70 96
47 150
96 147
109 129
35 89
122 146
23 114
119 137
131 135
69 103
15 81
37 88
53 150
13 73
61 71
127 138
50 58
59 138
31 41
2 108
17 54
44 147
133 138
58 114
124 143
18 103
22 32
9 93
40 68
20 96
64 94
7 103
86 139
97 143
90 143
102 106
67 140
47 88
76 95
47 89
81 101
59 114
106 116
51 95
42 94
3 150
29 76
42 99
71 133
107 118
78 96
59 75
48 110
7 104
5 22
87 91
119 123
17 66
7 128
64 131
134 150
37 127
101 115
65 119
71 119
17 33
74 138
76 150
60 63
97 101
6 105
37 104
26 88
25 67
10 20
67 68
12 76
6 84
121 130
37 41
1 8
28 107
28 98
18 43
2 82
90 122
17 71
41 83
23 135
70 114
1 27
24 35
94 148
143 145
83 101
43 46
33 64
27 116
42 125
8 143
102 145
21 101
21 30
29 96
68 130
39 67
56 146
36 133
7 130
34 50
0 87
41 94
20 87
19 130
7 106
127 144
44 137
16 61
21 26
86 89
30 148
110 120
10 21
117 138
65 103
1 120
62 150
100 102
25 144
27 47
28 90
15 61
24 146
36 82
54 69
131 139
97 127
37 113
27 143
11 68
41 101
9 65
89 132
88 95
3 104
5 148
133 136
22 24
16 138
5 141
93 140
21 57
59 100
37 122
7 12
11 82
21 32
49 149
139 142
49 61
71 145
70 76
82 86
39 101
124 131
67 127
6 102
43 100
57 135
17 103
91 97
21 110
95 133
45 129
60 65
62 144
20 116
98 112
26 86
20 67
19 61
51 117
17 110
9 10
31 79
93 129
51 131
80 146
18 86
114 115
133 145
45 91
0 147
46 77
12 72
20 111
3 98
107 121
77 115
80 132
132 137
55 69
31 121
88 144
18 139
52 82
27 81
27 66
32 137
70 107
106 141
19 119
78 142
24 138
5 41
87 102
37 50
89 150
53 135
2 36
44 106
10 94
42 63
88 102
75 109
38 123
47 71
0 102
51 136
102 146
5 81
68 90
68 97
98 141
132 147
93 142
41 115
46 102
6 65
15 59
43 108
24 57
20 132
9 40
41 88
14 99
26 77
18 125
1 99
115 145
45 111
14 103
6 92
81 119
19 150
46 60
10 88
22 106
12 147
2 26
21 113
101 145
87 88
120 141
8 145
87 144
10 64
66 133
15 68
29 140
76 124
64 145
113 127
19 72
88 108
70 98
61 109
23 35
12 32
28 39
55 104
16 17
42 91
91 103
3 7
16 136
23 67
25 98
51 150
1 135
5 138
37 121
56 120
15 50
31 51
48 82
20 58
30 76
83 118
79 85
37 149
39 79
83 137
96 140
87 114
34 109
12 118
45 121
62 108
1 139
18 126
10 65
46 131
54 127
23 131
5 85
35 78
37 118
9 87
32 150
7 56
144 147
69 97
70 72
116 145
89 141
22 82
55 79
34 44
21 141
135 146
9 136
84 126
87 147
79 145
27 126
12 108
14 39
12 100
37 95
13 65
12 61
4 15
72 101
65 145
129 150
38 107
54 117
71 134
31 53
98 134
34 89
9 122
34 80
35 80
48 148
57 144
91 141
53 90
19 145
7 10
23 109
74 120
25 131
55 105
66 106
45 96
1 80
20 114
102 132
1 138
53 96
22 99
101 127
30 74
43 140
134 139
90 96
112 142
22 90
53 63
48 127
12 23
36 148
51 76
65 74
23 95
10 98
109 130
7 33
92 107
67 109
81 89
11 74
78 84
78 125
26 111
25 39
16 144
27 75
2 129
19 32
48 101
34 122
112 132
24 44
28 59
24 68
82 128
3 70
84 134
86 91
11 43
30 138
43 70
59 134
17 38
57 109
11 140
14 116
0 6
18 25
15 132
42 105
12 74
46 79
4 126
1 79
60 97
34 41
33 146
77 131
15 48
73 142
45 75
43 79
0 120
86 112
45 131
77 146
45 133
30 143
116 131
9 137
3 85
43 71
107 143
39 111
80 109
59 105
28 71
50 118
111 128
12 60
48 61
46 98
89 111
85 106
31 72
54 121
1 110
58 145
21 47
81 82
20 125
29 116
56 137
62 136
38 147
104 125
19 35
73 120
41 102
4 116
101 111
20 26
96 131
94 115
4 73
37 133
94 129
22 71
31 115
4 121
46 65
130 145
98 113
79 86
6 114
33 94
76 88
25 111
77 80
23 57
61 146
76 78
15 41
53 104
40 129
33 43
122 128
5 87
132 138
28 69
60 80
42 46
50 146
6 75
108 136
34 104
32 77
34 135
24 28
10 44
69 116
67 110
41 48
92 119
35 137
102 113
99 138
13 86
0 43
51 114
117 146
25 117
11 124
27 114
34 147
8 72
30 142
24 150
37 138
50 100
46 86
13 126
60 99
28 134
60 115
18 102
25 38
2 7
11 46
70 135
23 78
72 114
72 86
65 101
51 134
49 86
6 128
79 125
13 115
24 53
27 134
74 114
32 78
46 119
40 115
17 45
18 55
37 109
26 45
47 72
113 122
3 68
45 127
23 146
9 37
100 145
9 128
10 105
26 147
18 141
44 59
17 120
0 94
32 122
1 52
41 99
20 43
66 128
83 117
4 19
9 129
21 53
74 78
53 136
62 71
31 124
31 58
32 39
44 82
85 121
30 38
25 41
23 77
1 105
0 106
75 101
105 125
15 115
99 131
103 113
28 128
4 31
9 13
23 41
40 41
121 143
2 57
99 105
18 146
37 129
19 102
61 73
118 127
52 109
119 128
25 110
6 87
9 25
17 68
96 135
76 125
15 147
74 124
23 128
12 141
32 146
72 148
32 68
26 37
57 99
8 36
57 82
13 100
67 107
27 53
29 80
81 130
89 95
60 109
81 118
87 134
118 125
91 98
18 45
41 79
35 141
106 126
44 129
92 110
7 141
63 144
91 136
77 119
14 125
14 98
67 134
83 105
7 59
116 146
25 128
5 113
69 131
48 93
43 78
48 68
2 17
66 94
10 135
39 91
40 59
27 69
33 84
8 54
14 34
3 65
63 70
32 45
133 142
8 108
53 126
2 33
81 137
54 98
36 83
91 129
16 148
54 109
12 129
17 134
18 78
119 148
4 65
57 66
11 78
79 80
9 32
68 83
40 119
40 54
133 137
39 146
93 110
29 45
121 138
28 122
0 65
62 80
43 60
34 37
45 118
7 116
83 104
2 8
65 136
105 126
45 109
86 150
114 119
12 48
8 30
38 75
121 131
77 126
36 149
35 54
37 114
79 115
63 78
28 117
4 92
69 120
63 77
19 33
78 128
89 91
82 119
9 44
82 88
121 148
4 90
73 102
2 9
83 93
18 61
120 149
79 142
24 74
102 137
74 118
104 115
115 119
23 100
1 54
55 135
52 128
54 130
49 63
51 145
125 136
0 20
47 78
75 96
28 82
9 28
47 105
31 137
67 91
134 135
69 118
38 78
58 95
71 131
21 95
0 100
12 139
25 31
29 55
101 146
80 106
20 135
12 125
75 79
48 62
86 92
58 85
69 72
9 73
54 68
16 24
110 146
20 53
28 50
13 24
63 107
57 76
1 6
64 105
38 106
49 99
26 72
17 19
19 147
36 112
83 125
8 113
42 98
99 117
24 132
32 33
13 90
54 94
71 88
34 88
86 120
15 140
13 145
89 115
6 66
84 123
13 101
32 144
0 49
111 143
112 124
59 122
4 64
36 101
32 43
57 100
84 89
103 150
73 83
54 97
129 148
59 88
17 104
103 143
23 142
18 57
79 150
33 59
20 102
57 75
42 138
77 120
42 97
9 62
5 100
96 98
76 122
4 145
116 137
85 142
68 99
13 75
18 116
34 98
88 129
15 76
54 103
33 102
79 117
59 74
99 115
3 53
26 78
44 102
3 82
17 150
16 72
75 144
87 95
1 49
140 141
97 121
54 82
29 86
100 104
11 49
69 90
15 79
54 113
26 148
98 107
88 135
81 138
100 148
28 94
42 92
77 84
17 145
82 134
105 127
81 115
2 65
21 144
81 133
3 143
13 68
17 124
40 140
113 124
78 107
41 138
50 135
50 90
120 140
19 115
53 134
133 134
69 82
6 141
11 58
52 63
35 75
0 88
44 76
96 145
30 149
54 63
44 80
106 133
1 94
72 81
63 89
138 150
101 108
90 142
38 58
24 141
32 107
47 106
57 89
8 60
110 137
6 20
60 146
15 39
22 83
121 137
87 140
89 94
64 127
36 88
17 85
139 144
26 105
114 138
36 63
47 96
101 140
19 105
55 138
69 70
5 122
11 109
91 100
33 52
70 137
92 137
100 128
28 75
46 141
32 141
8 105
120 142
58 75
93 120
22 108
32 93
11 113
16 54
21 106
112 150
90 97
109 127
9 34
66 67
74 111
22 149
6 108
80 144
40 150
77 99
17 147
48 105
37 72
23 44
116 135
8 74
92 94
43 150
89 136
56 129
27 57
24 117
60 61
7 85
71 82
120 126
19 73
56 128
26 63
39 120
105 106
42 55
123 141
39 85
41 123
96 121
53 78
74 145
55 141
95 146
107 123
13 98
3 122
10 100
38 87
27 28
88 148
93 109
14 33
31 134
68 124
60 85
83 140
120 148
79 131
114 136
123 126
31 109
76 136
79 122
11 147
14 144
67 112
4 71
25 125
69 114
9 139
29 46
89 99
30 140
102 149
29 109
31 44
47 97
16 85
25 62
54 73
42 132
2 98
106 121
18 105
14 69
1 150
113 141
111 129
5 58
36 140
0 91
39 98
37 65
25 58
86 130
45 76
23 53
105 148
10 31
60 64
0 68
112 138
81 110
18 136
22 96
48 145
132 140
36 147
68 119
83 129
49 81
64 95
109 125
29 137
43 82
64 81
49 137
36 37
60 144
24 93
85 108
17 93
11 29
108 134
59 68
110 117
101 105
53 56
16 113
46 144
14 20
86 138
108 129
75 140
70 116
21 71
89 133
5 86
44 125
63 123
0 17
30 147
27 77
57 78
19 57
144 150
77 103
77 82
117 125
55 110
3 139
39 77
93 104
25 86
91 114
95 100
66 126
48 67
8 84
5 9
21 65
28 120
44 109
135 150
9 142
75 120
9 17
59 128
94 135
70 104
40 104
43 98
78 100
33 130
30 40
22 26
29 88
102 133
30 90
67 120
24 40
3 33
111 121
100 143
3 44
36 117
33 145
95 128
80 113
57 119
40 89
84 148
0 140
30 80
41 73
109 112
90 111
64 85
101 137
76 145
82 106
124 138
51 68
66 83
75 95
27 96
28 88
19 121
95 103
48 103
32 46
19 25
6 130
9 47
82 139
54 110
76 121
102 147
57 129
54 81
50 95
91 134
51 149
117 133
96 149
120 137
53 99
119 145
13 17
75 147
21 25
101 148
64 88
36 57
55 97
19 20
108 146
38 121
1 59
37 144
17 128
5 115
13 26
3 36
64 101
1 122
25 145
29 110
35 66
118 135
35 139
73 91
6 74
119 134
7 92
10 82
37 97
14 136
32 71
37 74
117 120
30 89
80 102
51 104
75 108
3 59
127 143
56 149
130 141
61 108
48 85
2 112
50 84
131 141
40 73
23 66
58 61
0 144
41 84
40 76
10 79
44 60
19 29
70 97
93 146
25 81
0 80
120 143
92 122
91 113
32 133
109 110
16 93
125 147
70 149
18 44
35 119
109 128
125 128
11 141
29 97
15 87
71 127
9 31
38 102
40 51
112 126
47 91
37 86
31 66
4 143
68 80
99 120
35 43
51 137
6 106
22 129
22 38
30 134
29 103
34 71
46 97
63 118
82 84
127 136
28 52
3 17
70 142
42 70
19 87
5 137
140 144
74 149
17 44
11 32
31 33
16 104
47 134
71 150
26 94
36 72
114 120
123 137
76 83
45 68
71 77
53 81
15 84
127 146
37 116
48 55
133 135
95 138
28 114
16 128
10 133
36 110
3 127
109 126
58 144
2 131
10 73
12 43
68 85
29 56
9 138
84 117
14 77
84 124
87 103
19 36
123 139
10 71
46 115
16 83
24 123
148 149
76 91
77 89
72 134
90 108
141 146
34 137
26 38
24 33
59 91
63 148
63 136
33 61
12 45
90 91
2 42
16 43
94 133
9 146
57 60
2 80
86 97
127 129
66 81
79 93
14 122
1 44
2 111
64 66
118 119
24 113
89 126
0 58
21 123
138 147
13 74
24 76
52 60
104 108
19 80
12 38
39 117
80 89
93 141
63 149
84 98
115 126
33 129
122 136
21 93
12 54
109 136
6 117
20 97
81 93
31 75
33 82
15 34
109 115
52 92
53 143
33 73
69 143
82 107
42 88
63 82
78 147
66 110
7 45
81 124
49 138
25 96
13 50
9 19
72 75
21 111
23 120
83 127
12 58
62 73
40 70
57 118
59 103
1 142
14 70
82 116
53 60
116 128
78 83
16 134
30 141
14 100
19 46
16 48
1 77
7 64
60 84
55 129
15 32
22 75
64 139
126 130
4 42
20 109
64 71
23 144
31 62
16 150
58 84
35 127
16 58
97 132
49 116
21 109
28 32
115 116
32 69
97 120
134 144
7 96
58 90
10 111
28 56
29 77
22 89
13 84
23 83
84 90
93 135
15 83
6 58
25 28
56 108
22 50
17 98
48 84
10 127
10 86
15 99
107 135
22 114
30 86
17 78
39 104
3 102
78 89
47 126
97 106
24 136
16 122
55 114
64 147
70 108
81 99
97 148
137 138
50 94
0 39
61 75
49 130
51 148
60 78
104 134
23 70
36 67
59 112
23 71
84 149
102 136
139 147
72 132
124 128
88 111
89 145
113 140
9 58
2 20
17 95
71 80
84 132
43 95
3 128
103 118
72 102
12 128
15 70
66 139
73 148
45 66
86 99
65 134
17 43
27 43
69 119
88 107
84 138
19 64
83 87
122 149
84 110
3 13
120 124
40 128
25 135
30 136
2 19
45 134
94 137
37 101
58 99
82 100
69 77
75 104
33 67
1 146
94 101
24 62
117 143
50 150
35 146
16 139
136 144
51 101
55 102
52 61
39 110
15 96
118 147
15 43
61 150
60 118
33 72
40 93
24 34
15 77
33 77
17 74
65 81
97 128
88 100
5 8
60 134
121 124
57 141
43 83
20 91
30 62
33 37
123 132
7 25
85 110
35 62
25 71
72 79
122 123
1 25
78 97
102 140
32 52
12 57
30 145
23 91
16 141
18 38
93 144
61 143
128 140
6 9
136 140
6 123
31 100
19 95
115 143
74 93
50 53
123 129
21 87
15 19
128 143
71 85
2 22
98 140
122 132
81 108
32 55
42 147
40 91
39 123
19 85
3 111
43 113
7 89
46 75
67 119
100 126
31 138
88 149
13 93
10 23
3 20
16 36
91 149
20 101
2 126
81 112
68 143
67 103
49 145
42 51
20 33
110 127
91 101
8 13
23 68
25 129
107 116
67 147
75 98
127 133
21 59
52 98
42 148
24 134
23 111
33 75
64 118
59 104
118 134
23 34
90 121
93 138
25 120
24 105
25 94
25 61
54 118
33 141
45 95
70 71
19 140
106 150
35 68
56 131
73 87
77 137
32 56
10 149
9 18
7 14
107 147
16 100
108 127
79 102
75 111
91 128
32 145
28 73
88 133
19 133
3 80
33 57
109 124
6 61
1 15
4 149
8 42
16 73
50 123
117 141
137 147
30 119
22 60
67 142
109 142
23 145
76 80
71 74
56 73
17 89
60 121
35 133
75 131
7 53
107 146
14 143
63 90
38 47
80 88
138 139
70 136
29 121
15 135
2 87
45 93
27 128
116 138
17 50
30 79
35 109
16 64
82 97
104 111
56 99
47 109
36 127
97 150
92 138
54 140
73 115
31 119
31 80
71 102
98 106
4 62
29 131
80 115
31 135
46 137
59 121
55 75
61 122
139 141
73 98
13 127
50 126
3 115
86 123
26 103
93 124
43 80
79 137
95 137
44 100
38 109
40 69
63 130
79 141
66 141
94 126
122 140
47 53
100 138
0 3
17 125
5 89
15 139
13 41
36 141
40 105
63 117
61 77
42 87
130 142
14 89
74 128
7 101
34 128
73 99
16 29
31 128
75 84
52 78
20 64
30 77
126 134
25 106
50 71
9 21
8 70
1 136
37 128
50 105
99 129
78 117
19 23
39 129
29 112
76 86
3 56
23 118
32 84
20 25
67 78
64 90
1 125
120 128
48 147
5 52
72 116
17 88
76 99
107 108
16 41
25 65
137 149
60 141
45 63
93 133
27 88
72 120
40 74
62 135
21 42
99 146
100 149
113 120
101 126
59 76
48 83
17 108
108 148
41 42
90 102
80 82
35 110
52 55
115 148
64 126
57 61
49 74
118 121
34 112
23 60
35 42
50 56
111 144
34 121
123 146
28 104
13 123
88 115
21 118
13 105
86 107
104 117
46 72
128 130
54 120
103 124
47 121
38 63
74 129
36 105
30 92
51 140
77 133
17 138
14 18
4 91
38 70
115 141
16 102
11 25
71 114
6 62
51 115
113 115
39 74
104 116
4 30
45 46
32 89
26 66
32 111
35 128
28 54
14 21
86 142
4 148
53 131
62 139
52 114
54 56
8 24
105 119
1 147
108 119
38 85
65 125
56 87
109 120
10 96
64 96
4 141
42 121
35 56
42 144
79 147
24 87
10 33
1 102
17 137
48 81
86 94
78 101
33 89
52 80
75 146
12 59
90 116
33 50
57 126
56 115
89 135
112 122
11 143
42 90
53 95
64 86
29 105
22 109
3 125
29 33
75 119
19 78
99 110
44 54
66 112
63 147
19 142
100 103
67 118
49 120
25 104
61 113
42 141
52 91
20 103
0 7
82 127
2 51
119 124
38 124
5 83
8 48
27 72
5 55
136 147
5 112
13 96
86 87
4 98
49 112
77 129
14 53
103 129
11 81
100 133
24 31
90 137
142 147
52 95
47 64
31 65
30 65
19 71
7 80
10 146
61 128
11 26
10 95
28 81
35 85
62 63
38 82
61 126
31 67
18 63
32 131
59 79
23 43
22 117
56 121
27 32
36 91
29 122
44 101
40 111
11 106
78 81
0 130
75 145
101 125
17 22
123 130
70 84
34 105
69 78
126 147
113 130
91 142
122 131
91 102
50 64
79 103
51 141
29 104
25 115
129 137
64 75
32 106
44 50
44 53
103 138
68 135
40 67
92 144
27 130
74 135
91 133
65 85
29 136
87 146
19 99
15 129
27 82
41 133
41 144
43 48
70 113
82 142
51 91
1 22
119 120
26 99
89 116
70 115
76 126
4 57
94 105
29 51
7 84
108 113
27 37
10 143
17 113
10 24
48 49
64 106
9 106
4 75
14 104
110 136
43 86
10 78
11 83
73 134
71 125
16 110
145 148
13 58
36 49
68 144
58 146
31 87
116 132
30 114
9 101
21 28
87 92
27 29
5 123
99 122
18 107
5 71
13 130
2 68
22 53
94 146
14 78
83 88
45 85
65 114
33 74
59 83
18 36
40 127
38 112
112 121
25 43
19 122
26 121
18 42
37 145
53 101
128 138
13 119
28 143
62 82
15 144
32 149
40 107
116 119
4 79
33 121
119 132
143 149
62 125
1 78
0 84
79 94
75 133
92 133
51 123
73 138
61 98
95 131
32 85
41 95
59 108
25 148
61 72
75 134
2 91
80 87
21 88
74 127
1 117
22 147
74 80
6 150
7 24
17 75
31 83
71 140
35 82
9 50
58 109
4 61
129 131
72 128
20 115
94 147
50 68
112 141
5 24
38 86
6 52
28 80
46 116
12 40
48 96
6 148
75 110
63 96
30 37
90 113
26 50
118 124
103 122
28 70
122 127
115 118
66 146
112 117
64 109
17 84
102 142
78 99
46 122
5 53
1 35
48 72
129 133
20 84
47 144
9 147
111 146
37 85
61 147
120 147
34 59
17 58
70 125
8 88
55 147
64 77
75 130
73 121
23 138
98 128
90 146
115 147
24 104
17 111
50 67
3 114
49 69
64 122
90 132
61 123
70 132
19 66
43 126
46 143
14 95
47 146
4 56
104 118
27 50
45 123
0 23
45 98
2 49
25 103
63 132
123 128
21 104
0 111
6 120
81 134
18 54
80 99
10 132
70 134
125 141
70 144
77 144
17 122
49 89
39 64
43 121
16 68
43 149
53 138
52 107
7 39
26 97
2 115
61 132
112 131
109 131
22 94
64 100
131 149
27 100
29 67
20 133
64 82
20 141
75 122
40 55
41 136
47 57
40 49
0 145
22 42
74 123
1 133
8 14
75 149
5 105
72 109
44 65
72 137
138 142
81 144
45 51
97 126
0 99
9 83
58 113
32 66
62 77
20 90
99 147
71 118
86 96
59 141
31 61
50 74
51 69
35 112
85 129
13 23
107 150
36 78
16 78
38 146
6 69
51 94
101 138
39 130
64 80
40 52
53 72
23 121
23 116
23 124
71 120
79 111
88 146
11 51
37 71
122 126
34 73
120 134
82 87
41 119
141 149
6 8
3 66
32 82
10 32
19 139
0 38
102 119
132 149
96 107
25 97
33 47
107 126
1 33
22 132
31 59
24 89
9 71
23 38
108 111
84 95
97 131
103 130
131 138
107 131
0 56
33 110
26 60
72 115
73 149
71 96
78 129
66 140
15 51
53 119
28 91
35 69
84 107
11 102
47 63
26 75
2 95
55 116
82 101
97 109
91 118
84 129
24 111
11 142
10 74
86 148
55 59
112 134
2 118
13 112
4 142
75 135
17 64
42 82
2 144
5 23
56 104
114 142
48 79
129 147
66 123
44 61
73 144
14 28
73 74
20 29
98 119
17 79
32 64
5 130
10 150
47 69
54 119
32 92
127 134
33 113
69 79
28 96
57 112
0 115
13 69
28 74
9 134
80 135
69 73
50 142
20 107
28 58
119 140
56 142
70 117
91 131
51 127
22 103
59 106
54 84
13 16
85 134
33 55
0 92
10 38
21 56
11 148
13 147
18 65
105 124
1 7
79 104
8 9
19 38
81 117
44 111
62 130
116 140
68 76
96 116
58 143
60 81
57 113
49 144
39 72
88 106
147 150
86 140
110 111
108 133
4 6
110 132
108 131
102 128
41 54
18 29
37 57
7 46
18 108
64 83
1 96
82 141
39 127
65 93
35 148
24 135
1 131
78 150
84 111
16 123
9 38
27 36
21 147
44 69
14 50
52 145
14 72
27 117
2 89
38 105
13 25
30 120
77 121
49 55
30 49
14 101
16 117
101 131
17 57
73 105
39 119
41 118
66 79
2 3
25 114
117 134
64 134
5 30
62 91
124 129
35 104
80 85
27 67
111 148
53 94
22 128
16 129
63 146
48 125
44 57
16 87
11 129
9 27
42 104
13 37
61 87
42 149
95 150
30 133
42 95
108 110
1 12
24 137
70 150
5 25
4 109
27 133
88 120
77 81
12 13
24 26
122 137
106 131
49 70
38 77
84 94
108 137
68 73
8 96
11 53
2 70
8 53
10 91
41 56
23 94
13 46
39 118
17 26
59 84
74 131
38 145
122 144
80 97
32 65
3 38
3 123
43 145
100 120
57 116
35 97
142 149
102 124
20 88
61 88
80 137
3 40
28 146
106 142
10 28
113 138
38 56
101 149
4 41
61 141
73 86
129 130
37 110
131 137
66 73
79 97
95 113
32 38
23 143
41 132
32 147
2 37
51 77
24 116
69 126
9 68
90 129
53 107
75 105
108 109
9 61
4 102
11 92
86 88
135 145
46 52
100 135
3 138
16 95
25 68
1 76
2 53
83 141
20 127
124 144
72 83
40 65
18 75
60 72
86 135
18 110
47 112
35 111
65 111
103 121
105 136
66 85
135 140
4 140
20 54
17 61
8 12
110 126
63 150
8 126
52 100
68 116
40 109
74 147
6 28
93 112
76 149
134 145
93 103
137 145
24 107
23 30
46 68
56 144
73 123
61 120
44 136
50 149
145 150
13 44
61 136
33 46
131 144
92 136
4 9
57 64
38 48
35 114
94 128
6 147
36 70
103 110
111 117
27 144
127 141
6 31
67 122
2 141
8 115
69 122
31 73
73 110
36 81
96 150
98 146
83 150
26 36
87 99
28 85
129 135
72 126
31 130
22 131
55 131
7 42
57 77
49 148
60 130
69 142
10 45
49 134
24 56
66 68
64 114
29 50
24 73
15 78
33 66
46 124
103 132
49 98
35 44
41 140
94 131
14 79
94 141
28 77
38 71
72 88
0 127
6 118
103 120
136 141
55 112
60 76
20 106
15 126
25 139
123 127
44 124
42 44
42 85
36 123
6 38
22 115
36 99
65 128
18 82
85 101
19 136
24 99
55 144
45 112
100 129
49 88
36 45
16 63
51 66
21 67
23 45
112 128
51 110
10 11
26 39
57 73
15 108
83 116
13 113
68 140
13 138
31 112
31 123
21 34
45 72
13 124
37 77
38 55
107 120
69 74
27 106
7 16
80 107
104 139
104 142
68 69
81 136
3 74
24 144
5 26
53 112
49 62
40 94
5 61
29 106
0 5
79 109
33 76
39 68
78 116
15 37
124 127
113 149
42 58
4 37
62 92
126 127
1 127
63 67
67 102
93 99
18 59
126 141
100 108
135 139
1 64
110 150
21 49
37 90
35 94
0 12
23 113
92 97
44 58
16 121
39 75
48 141
11 64
117 136
19 126
105 143
103 116
85 99
129 138
47 143
19 94
116 118
28 57
1 70
110 144
29 53
65 115
17 53
26 74
52 53
49 118
29 74
37 47
31 68
12 124
12 96
12 138
109 119
28 123
90 127
27 45
26 132
64 116
13 49
70 147
81 142
25 75
60 124
4 10
61 140
54 60
43 139
87 96
83 103
82 83
107 112
18 33
76 139
35 64
111 130
44 98
68 110
74 102
32 48
72 125
33 49
43 67
83 149
130 150
41 49
10 142
10 46
12 97
51 105
24 82
34 48
49 126
29 41
92 132
86 121
5 102
27 135
21 116
12 113
64 102
93 100
104 123
75 102
46 66
35 147
7 28
34 123
48 117
11 116
74 110
31 32
20 122
81 91
20 28
38 67
78 137
47 66
7 81
36 124
55 108
51 107
26 84
83 106
63 145
128 135
7 27
24 96
11 132
53 98
5 125
16 33
0 69
87 89
29 62
47 90
80 114
9 111
9 78
68 137
42 129
16 115
6 99
56 97
33 100
13 142
50 51
1 98
0 18
43 53
66 115
78 149
83 98
22 130
127 140
20 41
37 54
84 87
37 68
29 94
118 139
79 91
17 47
62 102
75 77
115 129
49 76
29 82
26 134
91 96
39 83
105 145
33 112
59 147
28 46
18 109
29 141
46 107
70 79
59 135
3 117
59 120
38 57
68 94
53 86
9 81
45 104
7 79
11 55
10 52
38 148
9 114
18 145
45 113
1 73
49 78
90 124
74 150
30 50
113 128
75 143
47 145
96 123
84 113
38 104
47 110
93 111
88 123
76 131
19 91
23 50
82 124
17 20
60 108
9 89
13 47
51 111
17 140
8 77
124 149
68 72
26 122
85 119
38 98
33 36
14 113
26 95
17 142
21 107
12 101
2 136
3 60
4 117
118 144
19 69
32 120
30 106
21 45
63 76
39 66
105 120
52 124
65 130
44 97
1 148
78 98
29 139
116 136
82 96
17 136
108 149
3 15
30 67
38 46
17 118
17 60
20 73
64 98
81 125
15 92
0 146
21 89
4 33
7 144
110 138
107 145
23 51
42 126
31 140
52 96
55 143
39 97
90 150
39 116
47 99
7 29
108 135
27 74
98 105
22 29
20 95
93 114
72 143
140 142
3 88
31 93
18 37
1 86
139 145
9 26
95 109
38 101
4 127
9 144
15 117
23 72
111 149
3 50
52 59
36 79
55 132
35 41
37 125
112 148
20 130
63 93
98 103
25 83
78 112
4 134
33 125
57 102
14 55
15 52
92 134
45 89
47 98
71 112
1 144
40 118
14 61
64 115
44 120
104 145
78 86
129 132
62 90
80 141
93 134
23 93
33 135
36 85
44 72
3 30
40 103
10 120
11 110
42 127
31 56
123 125
14 30
38 130
74 134
65 94
40 48
2 31
19 93
58 128
0 36
103 119
54 58
53 141
115 124
0 16
49 104
32 130
44 88
66 100
91 135
65 89
1 60
46 88
49 51
102 150
35 67
71 110
18 51
139 149
79 132
88 116
0 24
32 134
26 31
69 146
74 132
59 110
32 116
28 106
3 132
52 66
97 117
30 44
14 16
44 91
143 148
93 101
2 127
51 71
60 93
51 109
41 80
76 92
43 52
28 144
85 98
13 97
5 66
123 143
29 89
70 124
11 67
39 73
61 67
71 105
15 38
37 61
65 97
46 54
62 86
110 143
47 135
74 116
8 61
63 128
56 111
28 142
128 129
6 73
88 121
43 72
96 109
35 63
37 106
67 136
67 148
31 39
44 48
24 120
29 65
22 70
6 43
35 102
36 94
2 146
78 130
104 112
36 139
20 32
15 109
52 126
91 95
2 39
6 77
32 125
83 86
39 133
26 83
78 106
113 134
65 72
110 125
6 14
98 143
44 63
25 69
76 106
62 66
55 81
18 56
26 52
97 122
96 127
2 109
1 92
28 79
39 88
0 95
25 137
2 62
48 63
22 126
45 62
14 109
9 55
62 132
0 133
51 139
91 99
19 50
37 137
16 60
60 75
48 121
5 80
86 146
79 136
6 116
34 62
19 148
5 60
109 133
91 132
39 100
3 35
34 114
57 117
97 140
28 135
2 48
10 101
56 85
26 128
18 129
61 93
28 138
104 131
105 116
53 89
6 96
15 131
135 141
28 76
110 142
95 141
59 150
14 146
82 140
69 130
3 87
22 141
44 71
58 131
115 133
51 70
41 92
44 150
1 21
4 114
14 36
110 112
18 81
45 130
47 128
19 134
67 105
2 13
117 147
86 124
66 98
85 114
11 134
36 107
31 88
62 72
84 109
95 144
72 131
121 140
102 110
10 89
25 149
33 79
110 124
110 116
100 113
145 149
108 132
78 122
9 135
31 114
18 31
19 21
114 117
98 129
94 138
102 148
31 81
107 136
71 137
130 134
99 135
83 123
84 145
64 110
13 117
56 96
28 137
29 40
35 99
33 103
6 56
65 140
93 97
21 126
9 132
13 136
14 32
90 98
22 62
126 132
57 131
89 107
94 132
91 104
72 87
112 119
95 145
79 140
88 141
62 93
16 92
4 124
57 134
53 102
61 118
81 141
67 113
108 123
61 135
42 49
35 46
13 141
3 31
43 115
55 76
63 125
8 33
13 104
69 150
58 69
105 144
33 78
4 131
36 62
5 63
32 34
86 143
46 49
52 144
78 95
86 125
23 33
8 32
1 128
27 141
31 142
77 111
46 123
36 68
8 147
29 48
2 24
56 94
56 122
41 147
60 66
2 119
44 87
56 126
85 107
27 55
31 95
92 104
133 139
62 87
49 123
11 97
88 97
7 51
15 63
84 147
7 20
110 131
61 134
22 138
107 122
117 131
35 113
20 108
102 125
56 106
14 46
76 146
2 99
128 141
101 133
129 145
38 88
27 104
47 75
3 94
10 109
11 86
20 118
81 113
24 71
115 137
26 82
58 70
93 136
21 91
33 138
53 120
20 128
62 96
27 60
127 147
48 107
106 110
50 88
24 85
93 117
76 112
26 55
105 147
71 93
109 114
34 129
101 102
26 119
17 63
15 17
43 47
104 113
36 75
124 133
60 77
80 112
41 126
1 112
26 117
73 146
103 137
123 133
77 148
82 133
6 135
51 143
45 147
14 38
57 145
40 122
58 88
95 142
9 115
90 93
119 142
1 85
55 70
54 136
76 142
81 126
66 114
29 134
109 111
9 22
36 76
7 41
5 39
115 132
19 112
48 86
26 137
67 104
9 23
2 67
54 106
10 139
13 39
8 62
17 83
136 137
66 109
79 139
74 77
11 146
68 114
15 116
33 68
17 35
75 88
66 111
125 149
12 79
24 52
46 70
39 113
82 121
2 107
7 91
56 133
104 146
39 128
50 99
80 96
105 129
13 144
45 79
20 47
80 94
25 124
41 107
51 146
60 92
89 137
15 141
66 118
27 148
43 74
103 147
83 94
51 142
44 139
40 146
6 11
50 85
73 93
6 23
9 72
14 67
55 125
17 76
40 77
48 146
87 141
67 98
92 105
68 92
47 58
70 126
34 139
57 121
29 43
37 107
62 67
4 120
58 130
63 97
71 143
66 125
33 143
11 150
3 113
70 83
3 29
80 139
26 91
18 85
20 23
84 85
50 69
38 150
82 93
3 67
75 129
36 143
143 147
45 132
127 132
18 22
81 83
104 135
36 136
102 120
47 148
55 130
47 87
75 87
23 82
66 69
35 117
8 146
101 121
23 101
17 40
61 112
53 97
6 71
50 136
88 91
38 140
52 79
22 105
4 23
2 46
100 144
45 94
83 135
13 30
4 52
72 133
111 112
19 132
90 112
91 111
24 106
59 125
52 130
67 144
107 144
69 109
89 123
140 145
13 18
11 50
75 94
39 141
23 99
6 110
20 69
0 114
55 71
147 148
56 124
65 70
66 145
111 124
121 134
19 89
86 131
74 144
28 121
77 150
22 36
44 122
80 100
137 139
26 138
2 58
22 98
15 107
43 96
8 82
54 124
28 115
57 96
123 135
22 93
43 123
87 118
26 89
24 90
11 70
82 146
9 14
98 130
10 51
70 92
50 103
61 124
12 65
86 113
89 113
2 72
24 110
23 98
9 125
92 96
92 128
38 43
50 91
133 149
42 108
43 56
20 77
89 108
36 132
9 86
82 85
1 93
79 126
80 93
0 40
17 80
12 30
52 58
50 81
6 145
32 135
21 52
102 129
90 119
104 143
71 147
113 116
116 122
116 148
1 50
86 110
51 98
81 94
35 36
14 41
71 109
7 117
39 40
22 112
76 85
49 96
30 75
16 126
55 92
31 92
57 74
34 117
4 12
39 147
6 57
6 63
13 14
41 100
7 115
16 34
9 76
115 138
76 89
105 133
79 143
52 139
76 82
44 107
27 61
56 88
52 113
67 93
14 130
125 130
34 90
115 125
15 72
14 117
58 133
108 125
49 66
74 95
102 112
6 132
3 118
73 131
46 73
10 37
28 61
62 89
108 140
15 146
33 109
42 124
97 135
9 103
83 144
72 122
12 135
26 143
1 130
55 56
133 146
107 132
9 88
61 142
19 74
4 25
131 136
15 71
30 113
16 90
20 94
1 48
50 83
37 139
26 104
22 23
12 130
4 87
9 74
13 83
40 66
88 98
78 140
8 119
36 93
90 147
97 113
58 108
30 139
93 118
37 131
44 83
62 141
36 122
2 138
15 86
0 32
52 105
47 85
126 137
27 33
34 116
57 97
41 64
120 122
56 90
123 124
110 147
19 114
61 117
30 97
88 96
47 93
14 17
34 91
16 59
8 106
75 132
44 49
134 136
34 110
130 138
26 136
108 120
28 83
10 93
71 75
85 123
117 123
51 89
31 97
15 90
52 102
10 67
24 95
80 124
71 149
44 94
42 134
100 122
114 129
30 60
72 142
81 139
60 70
6 48
64 65
33 83
90 94
107 129
109 117
131 150
20 99
4 132
92 112
56 150
82 117
64 111
42 145
25 63
37 92
56 112
26 114
47 111
38 39
95 135
126 149
9 149
37 42
70 73
28 109
8 99
17 81
19 98
45 145
94 114
26 73
36 41
32 140
18 84
68 103
36 120
20 30
74 122
70 101
8 79
4 44
28 132
36 58
46 71
80 140
69 121
73 90
45 144
49 95
11 135
95 111
141 150
12 102
115 135
46 111
81 95
6 94
57 69
36 52
34 42
8 110
10 121
4 47
65 148
89 90
6 142
14 135
61 100
73 140
56 138
28 103
37 124
55 137
5 143
92 121
6 46
76 104
12 132
46 48
68 147
5 27
89 124
86 104
11 130
29 98
106 120
108 142
53 58
76 84
38 118
8 39
2 55
78 132
98 149
67 80
50 113
30 84
86 127
115 136
12 24
6 49
21 48
55 85
129 141
51 97
49 100
10 41
52 116
54 125
15 118
6 34
54 107
19 60
40 132
68 115
12 148
45 148
57 65
51 147
40 136
26 129
10 55
19 149
76 90
21 85
28 37
85 100
4 32
50 80
29 66
68 127
5 144
87 94
71 78
54 144
117 137
2 94
99 118
79 119
53 75
47 136
59 71
13 43
85 139
74 76
31 103
67 79
31 150
2 148
51 124
63 68
95 107
51 132
56 68
86 116
80 136
130 149
21 79
40 131
14 90
65 100
37 82
117 127
29 73
40 124
60 116
73 77
122 125
31 57
76 147
5 146
21 132
70 123
48 92
116 130
8 133
42 73
36 39
2 104
95 129
11 19
23 147
18 69
54 96
3 26
0 66
121 149
5 48
21 61
18 46
20 37
19 77
96 102
121 128
93 148
2 96
70 133
20 59
35 136
46 57
15 149
61 103
0 108
16 133
12 66
3 72
61 102
0 41
52 125
83 107
24 92
7 102
21 130
20 146
27 131
66 131
11 57
31 55
20 93
55 120
64 107
3 108
12 117
10 22
30 45
70 95
6 85
24 59
19 123
64 130
5 51
88 142
9 54
47 56
64 89
6 122
14 132
41 142
0 4
54 57
38 60
83 136
19 107
62 113
41 121
3 63
22 127
34 68
33 140
6 30
1 14
2 110
24 147
84 150
43 94
21 77
62 131
28 130
21 103
111 113
97 111
58 87
2 90
37 45
42 120
134 140
40 90
37 58
7 87
92 103
6 91
29 126
107 119
7 73
13 56
42 66
18 88
14 137
83 147
19 113
52 86
25 27
59 140
38 84
88 105
77 138
47 103
16 107
40 79
18 132
66 136
31 64
63 126
122 124
3 89
25 26
112 136
130 146
42 86
29 57
68 84
63 84
58 80
124 135
39 107
59 66
23 85
33 114
48 71
78 115
34 51
90 134
44 51
96 100
11 18
70 103
109 122
65 79
77 149
97 142
65 86
135 138
8 86
7 83
138 140
19 59
49 101
44 95
24 149
92 143
27 120
34 72
59 64
57 83
59 144
21 23
40 99
97 108
76 87
52 103
1 66
136 146
11 126
4 147
40 143
2 139
16 74
76 119
1 45
63 101
111 114
127 139
96 124
57 101
39 56
3 10
21 129
16 96
105 111
113 150
56 118
102 122
38 68
137 141
93 94
81 149
123 147
34 85
82 98
58 73
105 135
79 114
55 140
32 109
44 135
54 55
117 145
25 107
122 143
55 96
52 68
57 59
2 6
63 120
71 101
77 85
99 144
54 145
90 110
8 29
112 118
18 130
4 100
102 123
61 106
126 135
1 17
94 112
72 76
14 48
51 60
21 124
76 79
23 63
85 92
49 122
42 80
10 144
95 149
132 148
37 132
26 133
2 88
21 102
146 148
38 94
81 145
35 107
109 132
50 124
15 40
7 55
12 70
11 65
3 9
107 113
125 133
114 133
11 41
1 13
21 134
102 111
86 115
52 87
54 123
30 58
0 60
73 92
92 127
74 92
50 70
74 88
98 123
54 134
50 120
3 96
12 36
56 63
42 109
56 75
35 142
32 119
116 149
118 143
78 134
38 92
29 61
28 110
84 103
61 90
41 77
53 64
56 139
98 116
49 129
53 117
110 135
76 123
65 88
18 60
80 127
59 99
88 90
65 131
23 96
45 53
46 85
68 133
94 97
33 65
93 125
2 34
71 148
3 6
3 126
72 97
98 132
11 15
126 150
36 113
66 101
52 101
119 127
53 66
18 73
106 148
96 105
11 105
21 69
42 67
101 109
125 148
39 106
4 112
22 33
1 149
16 39
24 114
109 143
114 128
63 88
5 16
31 99
104 148
111 126
54 62
72 140
15 137
31 144
3 81
81 88
72 117
86 119
16 119
9 60
37 142
85 86
47 79
63 114
19 26
139 146
44 145
83 120
40 108
136 139
24 66
16 77
39 149
54 141
34 45
85 131
28 84
88 101
85 138
24 148
83 99
100 111
88 134
14 26
65 87
66 93
40 82
36 115
70 82
58 101
48 135
16 23
64 149
45 52
21 143
32 47
12 145
117 148
36 44
87 93
64 119
9 121
48 129
56 57
30 91
57 106
27 125
73 139
14 31
35 71
24 133
105 123
7 108
37 108
26 61
46 90
58 86
90 125
34 83
3 45
58 135
37 53
110 114
108 116
74 101
3 64
23 55
16 137
43 81
26 71
2 116
100 125
9 52
29 146
37 146
101 119
7 142
30 70
44 84
89 103
111 133
137 143
73 109
40 121
65 71
81 131
7 68
102 121
87 104
46 139
2 4
21 33
39 84
1 132
13 133
126 144
25 92
81 116
55 145
29 142
2 23
59 149
42 139
99 121
110 141
100 109
68 71
42 136
21 86
111 139
16 108
34 82
34 40
41 110
45 82
41 89
20 98
87 121
32 98
36 42
51 73
92 150
33 99
60 74
60 111
18 76
13 61
75 141
2 145
26 43
59 131
36 92
64 133
42 133
35 116
93 121
41 145
59 93
40 137
0 27
81 132
103 144
132 135
4 105
59 119
97 144
6 18
67 129
69 127
119 144
69 140
36 84
7 58
31 104
53 88
18 19
12 105
81 148
8 11
123 138
17 62
5 109
28 111
39 57
51 65
118 131
109 138
0 124
86 141
118 146
52 88
135 147
40 123
62 110
68 108
50 133
27 34
133 143
28 119
36 51
91 130
2 60
1 97
8 122
97 149
26 81
92 101
26 145
94 104
31 47
3 129
9 119
84 104
67 138
5 101
43 144
16 131
34 57
47 130
7 43
21 148
0 73
66 142
4 136
126 140
77 118
56 113
56 79
18 41
22 73
60 127
54 66
53 139
2 10
2 81
22 143
65 73
85 145
8 137
58 112
57 84
45 50
4 49
1 121
5 19
31 131
58 83
59 133
61 95
51 52
69 106
103 145
27 35
64 72
41 67
58 62
105 128
113 123
81 106
114 139
79 98
21 27
47 122
91 92
7 30
26 90
21 22
26 126
7 52
22 86
23 24
90 100
142 150
5 92
37 136
79 112
9 30
99 101
5 32
50 52
62 140
113 136
110 121
85 140
136 138
40 87
9 66
102 118
26 67
5 72
53 76
0 89
4 123
3 43
78 144
94 96
103 126
55 62
108 145
73 107
29 113
46 92
66 89
137 140
2 15
50 119
90 109
33 149
100 147
42 100
11 52
28 45
69 128
120 146
97 134
8 73
25 119
56 83
46 63
65 90
5 124
45 48
16 47
13 107
92 99
77 116
41 96
39 93
57 143
48 120
30 127
24 51
20 63
8 78
73 101
16 49
87 107
51 61
28 139
23 48
94 145
34 46
20 38
62 117
20 113
49 90
60 91
15 104
26 125
44 132
10 69
84 100
20 140
39 137
5 114
55 103
47 139
8 125
52 64
132 146
82 132
33 62
87 98
83 143
82 113
96 142
51 112
38 119
30 56
30 46
63 131
0 59
19 86
32 61
105 140
57 93
19 104
28 87
43 87
4 26
43 130
138 143
72 124
10 116
64 123
23 84
64 141
47 123
7 47
17 51
107 137
26 58
35 93
41 78
24 102
45 49
48 50
7 119
64 117
85 148
41 58
46 150
25 70
20 136
14 23
0 61
68 150
54 65
46 121
108 143
11 79
45 120
29 111
9 35
11 37
25 42
81 121
25 52
55 88
37 126
51 99
92 124
100 140
56 76
23 86
51 75
18 115
31 78
113 144
45 88
9 49
38 126
7 67
1 91
49 146
1 46
7 34
49 75
80 81
72 127
3 24
46 147
16 35
9 96
136 148
96 101
118 130
26 130
142 146
20 21
1 124
62 145
73 80
21 120
20 119
23 54
89 105
13 129
64 67
12 25
42 135
2 143
66 77
18 148
67 108
78 141
89 129
52 94
31 105
85 91
19 47
11 13
6 88
62 99
137 150
0 15
59 113
22 31
6 7
12 41
30 137
0 13
143 146
18 149
62 76
34 145
91 126
39 63
29 72
68 87
10 77
4 103
38 110
59 62
19 62
59 63
29 71
60 145
0 67
50 78
89 139
91 93
7 61
39 144
76 102
100 146
48 88
14 107
25 76
2 73
0 76
39 53
21 139
47 73
34 64
12 83
34 67
20 148
54 67
88 131
23 90
14 134
16 146
14 138
14 149
80 120
11 138
13 31
20 44
70 105
2 105
138 146
100 121
73 78
3 149
108 124
25 93
26 100
26 115
24 41
70 127
128 132
31 111
5 77
75 112
4 40
68 128
24 25
62 115
74 75
36 111
13 118
8 41
15 54
55 80
88 140
40 148
14 129
41 141
114 141
68 96
17 100
4 39
32 87
101 147
49 71
25 90
10 104
65 141
23 112
30 35
10 84
99 108
8 38
37 64
61 83
89 148
71 95
71 92
77 96
37 84
30 54
10 19
140 147
39 96
27 54
70 111
55 111
3 142
28 141
64 143
52 67
87 110
43 110
69 111
8 89
78 108
31 86
36 134
11 119
81 111
32 59
132 133
45 124
36 126
44 133
50 87
10 35
48 98
22 61
89 93
51 85
1 19
35 47
3 27
1 118
141 145
21 68
119 136
11 145
15 53
51 118
20 50
50 66
105 132
33 150
13 66
121 125
114 147
69 149
57 139
4 93
27 78
119 147
87 106
103 109
12 89
11 122
5 82
4 94
56 134
49 68
59 69
25 142
19 27
61 115
89 119
73 76
28 60
127 130
17 119
17 41
17 24
69 135
18 90
23 36
35 45
0 11
59 78
18 50
26 41
86 122
120 145
13 20
34 118
15 75
62 143
7 77
108 118
32 121
26 59
84 108
37 79
1 3
17 28
63 108
21 136
21 135
50 76
14 105
49 85
25 133
146 150
44 105
58 65
50 143
28 38
3 84
89 112
144 145
95 126
57 63
31 43
100 115
60 112
88 139
21 72
63 69
20 76
1 106
80 103
41 120
48 77
49 124
32 44
19 84
22 51
49 52
112 135
103 112
33 123
69 89
22 68
48 128
28 99
0 93
36 103
8 112
39 82
2 128
61 66
10 115
57 103
85 141
2 21
26 32
85 146
43 90
8 109
12 86
28 40
99 130
60 82
40 44
12 44
38 132
5 36
33 122
44 64
30 51
22 41
36 114
19 30
135 142
84 88
73 124
68 107
21 73
22 124
39 124
9 131
66 92
35 60
14 35
31 107
103 107
60 123
88 147
106 135
10 15
9 45
130 147
0 83
118 120
41 108
27 79
23 110
57 128
17 34
10 114
23 137
122 133
45 78
19 49
67 85
102 117
61 149
1 55
45 55
11 144
84 135
11 14
63 133
15 47
121 129
96 104
10 113
28 147
98 135
106 128
65 118
83 110
26 62
9 79
46 89
106 119
3 91
35 57
94 136
33 90
55 133
47 115
38 80
20 48
93 115
88 150
71 76
91 150
67 125
5 64
118 123
47 51
103 146
50 54
63 119
2 14
17 116
29 60
11 98
18 150
18 104
30 93
67 111
25 77
79 116
65 117
5 40
94 98
18 112
35 115
67 95
3 137
66 120
100 101
0 54
47 54
7 137
43 127
70 90
81 87
55 64
69 96
48 94
33 136
60 117
121 150
92 100
1 11
80 108
39 44
54 90
63 105
9 130
111 134
6 100
83 84
46 58
97 119
126 131
82 126
25 118
68 139
6 115
125 129
26 140
42 114
25 80
37 150
21 115
47 132
7 9
105 117
2 66
91 105
37 43
13 15
22 110
20 27
7 35
5 97
69 134
54 79
6 133
16 25
28 41
66 103
87 126
38 120
24 78
18 83
84 128
69 132
38 131
65 138
30 146
101 132
100 123
128 146
78 79
20 86
109 123
17 36
12 99
22 67
7 23
64 132
54 112
34 94
65 139
11 60
82 99
25 147
50 138
16 99
53 68
79 92
52 89
38 134
6 81
41 143
36 108
76 94
82 143
80 142
68 111
35 118
70 112
22 56
85 104
26 34
21 40
68 117
16 118
82 144
111 125
25 109
108 115
27 92
47 74
68 125
18 121
88 125
86 149
55 89
64 97
24 127
70 87
18 96
107 140
38 83
27 139
0 101
25 33
63 95
97 123
75 83
48 115
39 121
2 30
99 124
52 111
56 101
117 132
6 51
79 88
70 86
55 106
30 95
12 114
47 81
19 48
122 147
6 47
34 38
21 100
64 103
84 143
59 102
63 72
106 139
40 133
68 70
41 146
45 74
85 111
14 110
5 49
61 144
96 134
113 145
0 132
39 132
20 45
34 43
59 70
43 68
43 136
111 116
132 134
2 102
38 95
2 142
24 98
4 36
70 75
30 128
10 137
10 29
43 132
32 101
13 143
62 75
26 146
8 148
65 78
41 82
2 124
30 110
79 96
16 65
65 127
4 137
95 132
10 26
27 136
116 117
66 113
14 73
3 57
76 133
44 143
14 88
87 122
11 38
62 112
51 59
69 117
44 127
90 133
113 121
70 145
47 131
76 110
82 108
66 70
31 36
25 50
57 71
58 121
32 86
83 139
16 40
110 129
57 122
111 150
57 92
104 141
24 46
100 124
24 39
15 26
32 99
105 114
97 107
77 114
52 120
1 82
13 79
45 58
107 109
16 70
45 138
28 108
108 141
35 37
69 95
74 112
66 72
5 73
114 137
76 109
99 128
11 77
30 59
113 117
119 141
43 147
29 63
16 21
28 113
55 118
76 96
81 140
3 101
15 114
28 68
33 116
97 147
22 39
12 81
13 82
8 134
4 34
12 34
80 123
40 95
34 95
44 75
42 103
108 138
89 121
95 120
15 46
11 121
80 138
46 78
34 79
53 71
114 146
74 142
104 124
43 85
20 40
91 116
88 94
33 39
137 144
4 118
113 114
78 90
60 132
5 37
20 61
88 112
0 81
21 114
66 78
12 14
25 141
43 117
14 60
28 63
39 47
82 94
29 101
45 87
124 142
11 87
6 32
38 69
109 148
54 115
97 139
19 54
58 78
18 30
4 138
46 112
23 103
11 24
58 118
57 98
89 122
12 69
58 137
48 52
2 43
118 128
55 100
55 126
124 126
141 147
11 48
94 116
107 148
59 115
46 94
105 134
101 143
34 60
9 36
41 130
52 117
58 74
30 99
72 138
103 133
29 44
40 42
109 140
143 144
6 89
62 101
115 130
23 25
21 35
78 121
70 80
60 107
27 140
47 125
13 78
102 115
17 65
87 90
41 127
13 51
74 84
112 130
4 74
37 135
1 129
94 134
67 96
57 138
97 114
5 121
104 106
115 121
13 116
69 144
26 108
100 107
103 115
21 44
54 122
90 140
58 124
69 110
34 35
67 114
9 98
89 140
84 91
74 146
113 129
11 114
1 84
90 104
28 140
87 125
24 118
110 119
65 112
53 127
4 59
0 105
46 132
42 64
49 82
14 127
80 121
7 120
4 86
22 69
96 122
27 42
63 85
19 135
119 139
53 70
89 138
51 62
100 112
11 128
36 65
30 31
8 117
3 75
1 16
25 138
4 133
121 126
112 144
38 136
59 139
27 89
36 97
59 92
71 99
68 101
99 113
126 129
38 45
16 89
16 52
4 48
31 143
8 138
80 105
1 143
35 134
45 106
100 150
41 148
49 115
42 60
6 90
32 105
2 97
8 94
92 135
55 77
35 143
18 28
5 45
90 120
73 117
35 96
0 131
56 135
34 131
73 114
69 123
3 54
17 27
9 51
27 62
63 109
44 141
12 133
12 116
115 139
7 90
45 100
94 103
56 105
34 107
55 146
110 128
96 146
87 130
11 131
79 95
96 119
10 90
8 50
24 81
76 140
45 56
119 149
50 102
71 72
27 118
31 147
5 70
30 66
127 137
103 111
22 59
31 37
29 39
39 51
60 102
88 118
2 149
37 96
3 90
120 139
24 101
18 66
41 85
29 84
42 101
65 109
18 80
56 71
85 135
104 110
65 91
6 10
0 141
79 101
82 149
16 45
55 94
73 108
58 150
45 149
5 132
18 138
5 117
8 135
5 107
39 52
53 145
44 103
23 39
29 78
130 144
50 130
130 132
23 46
27 124
4 107
36 106
42 115
95 127
1 126
14 128
50 131
132 139
2 27
123 142
99 139
6 113
20 55
21 41
12 68
61 119
43 118
53 82
27 94
94 100
28 43
24 27
44 108
56 86
53 113
68 75
101 103
96 141
24 128
13 94
108 147
60 140
52 143
90 105
82 90
19 44
6 16
30 111
25 29
94 123
8 95
4 111
40 60
82 103
13 131
56 78
47 119
14 139
94 130
65 129
7 123
12 29
17 18
98 138
60 62
131 140
51 96
9 116
24 60
115 150
8 120
42 56
45 77
69 84
4 46
7 124
46 99
0 135
38 52
25 73
75 138
2 41
71 124
40 138
66 99
50 144
33 58
112 146
54 78
30 57
51 80
0 77
28 47
3 92
81 102
49 117
2 5
49 80
36 100
54 137
19 103
129 143
77 147
13 120
44 45
99 136
99 143
94 143
105 122
49 106
82 122
12 107
87 127
36 66
92 120
78 113
9 112
18 100
13 42
2 150
43 99
67 94
7 65
95 117
96 97
21 138
113 143
64 70
80 128
6 25
114 143
43 119
18 58
87 124
50 141
21 108
43 138
34 101
42 75
1 87
28 64
27 90
1 107
94 110
79 146
55 99
19 52
45 54
43 88
6 50
33 96
26 54
16 30
102 143
5 35
78 124
52 112
110 122
66 148
50 96
127 150
89 106
51 125
44 86
25 47
27 107
30 101
59 118
8 10
45 60
2 140
5 119
63 138
33 126
67 75
18 93
40 98
10 106
108 128
78 87
41 129
99 106
96 144
0 134
56 102
53 85
106 129
41 91
79 89
85 102
119 130
32 41
9 80
6 86
43 49
70 88
21 66
120 130
41 62
51 74
2 86
99 134
35 132
73 112
8 26
75 113
34 102
26 118
81 129
20 79
62 124
72 73
55 90
22 49
16 147
60 133
111 120
70 85
35 77
72 99
16 62
16 145
20 129
21 62
57 88
52 140
51 86
18 137
112 139
123 144
72 94
27 147
37 75
10 59
69 92
41 81
126 136
20 56
28 42
68 77
89 98
50 110
40 45
15 30
98 124
31 149
15 106
12 84
108 144
61 107
13 148
109 149
39 55
147 149
60 71
114 145
5 84
13 135
13 60
44 116
84 121
4 35
43 65
60 138
29 58
55 84
25 51
84 106
20 100
69 105
69 148
27 76
30 81
26 44
6 103
34 149
130 136
73 143
56 64
34 130
10 56
82 137
25 84
42 48
55 83
91 115
145 146
39 122
6 93
9 33
101 104
55 139
39 138
25 56
17 94
63 73
101 142
39 43
125 127
74 105
116 127
47 68
17 109
24 100
76 93
28 67
56 95
2 79
25 143
142 145
14 150
112 143
58 92
16 142
35 91
30 94
10 40
96 112
83 124
46 142
42 128
24 84
28 133
35 130
12 67
7 112
94 102
0 136
62 137
41 149
4 146
49 105
75 126
6 109
44 70
1 37
21 127
40 106
117 128
62 148
23 130
3 109
5 44
84 86
68 122
48 51
7 135
76 98
27 99
41 45
52 141
90 138
15 25
32 76
5 47
36 73
60 148
5 131
56 132
82 110
68 129
125 139
0 47
36 56
32 115
74 87
26 76
91 121
89 114
57 91
83 132
99 116
77 117
47 141
80 84
73 130
25 36
37 51
43 73
19 117
43 109
8 34
3 130
18 26
16 103
41 97
17 121
22 79
95 110
12 146
25 35
87 128
92 145
19 92
53 91
1 10
23 29
38 40
62 81
73 122
58 98
41 74
85 133
10 134
40 64
43 133
105 139
7 15
104 137
42 68
111 135
84 92
106 124
52 54
3 97
69 76
102 139
64 68
29 91
71 123
2 32
58 122
35 49
17 117
60 83
44 126
31 120
39 81
63 91
73 88
65 80
17 126
18 52
31 116
44 79
84 137
99 114
7 26
20 22
82 104
32 73
134 149
67 106
28 92
29 83
89 118
5 128
31 34
63 110
10 136
12 149
106 123
72 92
33 124
27 85
10 102
26 35
19 83
33 56
29 93
0 142
4 99
23 107
72 110
13 85
34 108
50 112
36 131
41 112
1 140
13 80
43 141
49 91
20 70
26 47
18 32
55 124
65 102
85 120
11 61
62 128
95 122
92 114
9 126
24 67
1 30
20 144
117 121
27 40
44 149
77 104
10 70
4 45
85 137
52 106
18 113
70 110
3 119
31 125
18 98
55 128
37 99
88 136
41 105
40 139
32 118
29 124
31 54
12 62
104 121
2 12
84 136
57 136
47 77
92 129
106 138
70 81
34 150
5 6
52 131
1 4
49 83
88 109
54 85
21 39
33 132
84 141
25 105
35 48
1 101
103 141
21 140
37 83
34 148
34 74
92 118
70 141
132 142
2 35
29 125
19 41
129 144
51 108
94 108
4 80
92 141
36 146
3 62
98 142
3 135
49 56
66 147
95 136
3 69
45 143
8 15
35 61
68 102
85 116
90 101
15 110
52 146
108 139
6 15
86 106
4 128
98 144
59 146
35 86
46 125
74 107
25 127
5 110
5 145
39 46
42 83
48 130
94 119
38 114
80 147
83 148
8 59
44 128
54 108
29 132
20 65
22 101
93 137
43 112
22 77
25 37
57 105
114 148
41 71
64 120
39 54
27 73
23 61
36 102
49 142
60 69
16 124
71 122
20 120
15 21
74 130
12 131
59 111
32 136
7 57
8 19
71 146
40 120
71 103
14 57
18 144
29 68
101 124
37 134
73 141
114 123
61 105
116 147
23 32
12 20
0 1
23 117
80 125
51 144
93 147
21 78
41 59
94 144
22 125
22 27
28 44
112 140
26 92
32 126
37 56
49 73
35 92
21 117
34 58
23 97
7 121
140 149
99 150
24 55
63 137
36 118
38 133
69 81
85 128
23 31
72 118
74 136
53 114
98 127
3 42
92 125
43 143
57 70
14 42
3 23
8 27
37 39
56 84
35 59
104 126
63 87
100 136
33 117
46 101
78 114
3 21
15 148
41 65
64 146
63 116
72 93
100 114
86 93
50 62
27 49
48 106
35 121
16 75
48 123
34 93
73 150
25 49
30 32
14 121
135 148
14 111
118 145
15 145
58 149
66 129
74 115
25 95
43 75
18 128
7 50
20 143
95 130
104 136
20 131
125 132
38 137
77 136
6 146
13 77
84 96
14 126
2 130
126 143
20 39
92 98
40 113
22 63
2 134
132 145
2 40
22 30
30 63
46 69
49 65
26 49
31 42
32 40
11 35
45 140
29 148
56 103
65 104
12 71
58 136
12 111
39 71
41 109
32 139
58 127
118 136
65 150
59 127
26 120
31 82
87 145
48 133
15 23
53 61
77 102
87 120
72 111
12 142
4 84
27 97
10 14
14 114
96 130
128 142
22 52
16 53
90 99
113 132
62 79
25 74
46 61
65 68
105 113
5 98
110 118
55 95
7 98
13 106
51 116
73 132
53 73
18 77
30 104
37 55
52 121
89 92
61 62
136 145
28 118
4 27
94 120
27 101
24 38
65 75
0 121
18 35
117 149
14 29
66 80
7 19
93 127
44 110
53 62
41 69
5 116
19 88
68 106
12 85
79 110
47 84
26 124
91 108
15 20
53 80
0 85
119 126
115 122
9 108
29 144
0 79
20 71
23 73
16 116
53 103
73 79
83 112
43 107
69 75
72 95
51 119
15 36
62 95
24 130
77 79
106 143
69 112
45 101
13 64
74 109
50 106
128 133
25 46
34 66
17 31
38 149
2 75
29 100
71 89
31 141
23 59
58 81
76 101
82 95
6 60
29 92
54 99
71 94
42 146
21 82
35 126
77 128
14 140
54 76
4 8
146 147
6 33
39 145
5 68
66 86
33 115
12 49
58 148
35 76
22 91
11 108
48 144
29 81
117 142
76 127
1 65
88 93
95 101
22 55
56 147
75 128
50 89
39 89
65 96
44 46
137 142
26 69
33 87
22 95
10 63
15 102
53 79
26 96
38 103
29 120
8 114
101 135
68 149
68 123
48 91
23 74
11 133
96 136
101 144
16 42
89 146
56 127
42 53
27 63
11 31
81 147
43 135
1 67
100 117
29 129
74 125
6 127
8 31
95 118
29 95
34 142
35 150
35 81
22 85
11 88
10 50
35 129
29 69
10 58
37 111
7 31
124 125
36 98
13 76
64 113
94 107
10 61
131 133
88 122
11 149
33 81
16 79
6 39
17 115
85 93
42 116
50 97
15 29
85 97
72 107
8 144
59 142
9 100
26 123
33 60
9 113
29 87
50 109
67 92
23 37
78 111
37 100
14 131
3 55
22 122
13 27
82 150
66 102
56 91
98 108
131 142
37 81
12 82
14 44
115 140
61 116
63 115
104 144
9 150
86 109
71 86
43 50
87 129
28 49
14 133
89 102
11 42
12 33
105 115
28 145
91 122
27 111
1 62
97 145
84 93
93 107
141 143
3 107
110 139
0 128
5 147
84 112
69 93
117 118
117 129
91 127
99 148
97 138
77 78
84 131
82 114
27 58
45 117
48 134
51 113
48 69
122 148
27 142
77 139
32 63
43 45
101 139
41 86
130 143
89 128
133 150
27 121
12 73
50 61
38 139
62 123
43 66
46 53
99 112
56 141
1 2
82 148
50 134
35 74
15 24
80 134
72 146
78 91
19 82
40 114
14 102
18 135
4 150
25 87
103 117
18 74
18 111
29 37
91 107
37 115
82 105
33 118
142 143
23 27
9 92
17 144
17 37
85 115
55 134
3 49
120 133
107 124
118 148
73 135
69 113
58 102
60 120
48 87
109 141
39 136
50 60
62 78
12 94
62 119
58 59
14 97
63 102
11 80
76 81
103 149
53 84
58 71
34 97
32 60
43 51
49 67
79 123
60 139
13 53
59 72
30 43
22 104
74 133
45 47
30 126
29 49
35 140
20 142
32 37
90 128
8 75
13 128
37 91
17 25
76 97
91 138
91 144
64 79
36 109
27 56
103 134
43 148
0 52
54 80
59 96
18 62
42 123
43 131
81 146
132 136
39 60
61 91
81 90
17 92
46 59
88 130
103 128
61 69
13 91
60 114
79 121
7 111
19 24
66 96
112 115
5 99
32 51
30 85
5 90
61 138
93 105
83 130
15 130
3 147
10 30
11 45
13 22
54 101
26 127
7 114
29 128
0 110
46 136
68 74
47 95
37 63
18 118
29 147
52 122
83 115
14 58
5 150
51 138
15 88
64 76
6 21
39 99
65 116
75 136
38 51
3 73
44 104
93 123
17 106
88 104
106 130
50 147
58 140
17 112
52 150
34 132
79 82
62 114
19 101
99 102
114 140
45 136
0 112
55 123
20 31
18 131
71 130
17 87
58 77
57 133
32 80
96 129
57 120
46 103
9 29
32 49
55 122
129 142
38 143
43 93
88 113
21 90
51 57
26 116
23 134
104 114
58 139
48 97
60 79
11 139
38 66
95 112
21 142
73 103
54 92
87 113
18 97
88 126
2 137
114 127
128 145
35 138
107 134
19 75
39 90
88 143
37 103
30 98
3 39
73 116
21 96
94 150
112 149
66 90
13 134
21 150
8 83
48 119
24 45
80 101
54 71
19 22
87 97
21 37
111 137
56 70
118 122
9 42
45 122
104 129
94 99
29 85
122 139
38 81
94 95
8 16
8 71
103 142
114 125
36 87
38 96
8 121
46 117
19 68
83 142
20 145
45 102
112 120
23 52
72 85
55 58
128 139
20 66
78 146
126 145
42 71
40 147
28 33
88 128
27 30
39 80
6 83
58 64
131 145
72 129
136 143
119 131
0 82
11 100
40 116
117 126
61 86
117 140
5 94
81 100
74 121
18 67
1 51
48 54
124 130
35 149
17 32
41 137
78 136
28 31
59 132
11 120
47 108
140 143
56 92
124 139
33 40
0 62
23 89
124 140
5 69
47 101
28 86
90 135
118 137
60 137
41 72
45 65
66 124
76 138
7 136
45 126
117 122
33 91
41 61
57 124
100 116
40 47
35 88
57 104
73 75
61 110
16 66
47 129
1 114
100 139
7 18
14 80
14 81
46 106
106 111
82 109
102 127
8 81
22 100
94 111
71 136
120 125
118 142
68 142
29 108
109 121
61 70
53 147
97 116
13 52
13 139
23 140
34 84
43 104
0 19
81 135
11 54
56 80
4 67
16 132
11 137
11 47
7 126
77 87
101 113
20 52
70 143
24 140
8 91
22 43
66 91
80 98
116 144
4 104
12 106
129 134
61 121
50 79
4 113
25 112
36 40
16 149
42 106
9 84
61 96
28 62
69 124
10 53
60 94
44 62
7 133
1 145
17 23
80 143
0 109
27 95
103 104
51 120
26 27
89 130
135 149
11 73
64 128
24 70
98 125
121 142
42 59
72 80
24 145
75 81
54 59
86 129
30 107
24 43
37 70
13 99
2 71
8 129
5 29
0 55
24 54
17 101
66 74
85 118
18 122
14 63
17 59
9 104
13 55
11 96
0 33
0 148
73 128
0 138
36 53
60 110
21 54
13 137
72 98
32 53
41 93
114 121
84 101
75 139
62 85
10 130
3 140
53 55
67 115
8 22
82 135
63 129
71 135
33 70
5 15
95 140
46 108
67 121
4 29
44 89
104 130
21 38
68 104
27 48
80 90
77 106
7 146
55 98
13 35
3 116
41 66
110 133
132 144
88 89
77 112
25 48
24 108
57 127
44 77
30 144
55 121
70 140
1 9
33 119
54 102
87 131
85 130
73 84
52 56
19 43
83 146
76 77
24 79
95 97
92 116
17 55
58 111
69 87
98 110
41 68
19 67
78 120
87 108
9 67
12 150
38 53
34 100
37 80
13 67
24 119
46 81
20 83
71 144
8 101
25 40
39 69
3 86
5 11
64 148
81 122
43 116
29 52
40 63
15 142
36 144
25 32
58 79
53 148
106 136
6 112
66 95
47 127
21 75
34 141
129 140
7 131
24 124
58 82
21 98
23 122
41 134
3 71
54 91
4 85
14 56
131 143
48 132
59 107
30 72
78 102
42 137
4 60
91 147
65 149
49 50
72 78
23 42
52 149
16 135
111 122
49 121
27 52
38 65
77 97
4 77
67 137
32 67
12 27
7 63
66 150
11 71
4 11
67 90
107 149
82 125
7 138
40 75
53 132
14 68
49 84
77 94
8 111
52 57
27 68
93 149
75 106
26 57
122 141
50 77
18 114
93 130
121 144
71 83
90 141
84 99
60 136
34 119
85 96
103 106
115 149
110 149
53 59
66 119
16 22
27 31
58 123
5 74
31 52
105 131
63 140
6 78
58 134
114 126
126 146
19 42
11 33
78 104
101 118
46 87
27 86
66 116
2 29
56 69
112 145
45 119
31 101
20 49
31 76
17 67
65 77
46 96
31 50
35 39
39 125
9 91
26 113
44 55
112 133
52 93
1 111
102 114
36 90
104 147
30 112
67 86
56 61
52 147
127 149
55 117
14 147
101 141
87 150
52 133
43 44
140 146
67 72
28 93
65 69
6 119
104 127
78 103
17 82
84 133
39 112
1 18
106 108
25 121
124 132
11 127
18 79
43 101
101 136
15 133
17 72
112 116
11 125
11 90
9 24
0 45
12 126
48 53
9 94
3 93
53 122
14 96
73 125
30 150
24 72
103 135
91 117
39 134
118 126
130 140
2 133
50 114
15 85
0 107
49 103
128 134
44 52
58 141
9 95
16 94
51 79
18 117
72 150
98 118
6 79
89 101
75 99
89 144
5 127
10 118
16 111
98 111
97 124
51 100
18 124
9 109
3 120
49 131
13 21
36 80
8 18
31 46
55 115
113 146
16 55
14 65
42 78
35 90
114 132
2 76
7 49
47 107
39 105
26 68
71 108
28 51
12 63
49 150
133 144
1 71
55 113
14 19
16 88
63 112
125 140
28 78
26 112
30 108
36 61
90 131
49 72
77 123
15 91
66 117
33 147
31 110
29 79
3 112
36 71
61 64
122 145
47 147
74 148
29 64
0 10
116 129
12 90
27 93
11 59
34 56
3 51
41 135
81 123
4 5
19 111
25 82
24 112
126 138
84 116
16 80
8 118
14 145
75 89
89 147
113 142
3 110
65 135
11 84
19 131
68 132
55 72
9 64
34 120
31 45
94 139
108 112
8 124
66 149
3 146
95 123
16 51
109 134
3 95
26 80
36 116
74 81
45 97
39 131
1 56
12 56
24 49
25 44
72 100
21 121
2 44
71 84
58 103
111 118
0 26
91 148
27 65
40 53
47 140
76 128
11 56
60 100
8 28
56 125
10 49
22 65
106 146
88 110
11 118
14 71
35 55
1 36
3 124
94 142
44 117
125 126
7 66
106 114
3 34
125 135
96 110
85 105
22 97
11 12
30 33
50 75
12 95
81 143
32 81
13 88
14 54
62 88
24 75
123 149
8 149
141 142
7 86
18 119
66 137
92 123
7 13
122 130
26 101
108 122
30 53
2 147
74 79
43 122
52 90
77 113
0 71
113 119
48 75
89 96
24 65
0 25
17 114
40 58
71 81
99 109
92 93
80 111
54 89
0 75
76 135
95 115
96 115
80 118
4 17
93 139
104 133
23 136
33 142
73 145
58 126
105 142
89 143
60 125
94 149
87 117
50 121
92 102
99 132
63 134
15 123
6 26
34 143
8 43
45 70
10 123
83 134
46 100
98 145
33 108
65 120
12 46
93 116
16 130
120 121
17 129
48 76
77 100
9 141
102 108
26 30
37 59
42 96
9 140
64 92
32 35
33 133
9 39
1 38
15 136
76 141
22 45
75 78
18 101
62 122
67 101
9 11
80 150
53 123
121 127
18 20
90 107
9 63
37 38
45 57
62 70
64 99
39 58
73 104
62 98
13 102
22 40
9 77
26 107
1 115
20 36
52 72
29 115
80 131
98 122
35 38
111 138
51 87
89 142
0 143
0 97
45 73
10 112
74 119
104 150
22 150
121 141
8 63
15 150
10 147
12 18
86 105
81 107
40 144
47 62
42 89
107 128
5 62
40 43
14 112
65 82
83 145
25 45
25 126
28 127
78 131
125 143
98 133
15 138
82 136
24 142
62 149
11 89
52 136
31 108
65 146
64 73
6 125
12 53
51 88
90 144
116 125
11 39
86 114
8 35
64 84
34 92
114 144
134 137
67 83
7 93
90 114
96 138
10 141
1 24
93 96
77 134
22 136
4 82
14 64
48 58
44 74
2 122
138 141
82 147
105 137
74 113
106 117
3 78
1 20
76 144
42 47
39 87
34 36
48 89
33 34
92 140
129 149
68 138
9 12
60 101
63 104
123 131
39 95
85 132
136 149
4 139
129 136
86 137
73 147
22 107
28 36
28 149
27 70
17 69
137 148
96 125
38 72
6 139
21 36
1 100
82 131
10 103
57 115
73 113
0 64
85 117
79 120
27 71
50 129
10 110
30 135
16 76
27 137
120 136
71 73
106 140
87 132
122 142
0 90
78 126
51 64
41 57
9 15
48 90
75 76
45 150
28 131
18 89
58 94
12 119
60 143
30 52
21 70
40 135
39 62
99 126
7 99
4 28
27 146
25 102
20 137
30 47
8 37
6 129
72 105
46 93
126 133
38 117
34 136
32 104
106 127
11 101
68 100
98 100
9 41
32 74
29 70
90 106
6 59
77 83
140 148
83 92
108 117
40 50
34 138
45 86
47 133
50 116
118 138
43 105
24 80
31 40
87 115
50 59
9 124
70 122
11 94
71 126
86 126
61 81
65 105
57 108
60 68
92 113
62 64
7 118
26 93
75 92
41 55
80 91
118 140
23 102
11 69
111 132
30 100
43 146
119 143
117 135
18 91
25 100
5 10
3 37
33 54
31 71
15 122
70 139
101 123
15 55
105 118
18 34
12 26
27 138
18 24
33 105
41 87
57 125
48 122
15 66
67 141
78 133
36 145
134 141
44 131
14 27
18 87
50 98
7 38
56 148
21 133
57 142
8 46
71 111
20 34
102 109
106 125
43 102
104 132
14 123
24 69
70 119
116 141
0 31
47 124
13 59
20 57
22 25
60 147
108 126
11 75
34 81
99 123
137 146
39 143
112 114
46 84
107 138
30 123
40 72
47 65
52 129
20 139
28 101
8 150
59 94
8 64
39 94
71 141
52 115
29 99
41 111
124 141
40 102
48 60
6 24
103 105
72 135
9 117
64 124
90 118
6 67
26 135
52 76
16 32
102 134
119 150
23 125
42 72
70 93
85 149
16 127
23 56
116 133
38 99
80 116
67 71
41 106
15 98
128 131
8 25
10 99
18 120
13 32
42 107
27 83
91 109
25 130
26 42
69 137
49 135
33 51
11 17
32 113
21 51
2 120
43 124
29 114
2 54
77 91
30 96
20 81
37 105
40 57
3 106
32 128
41 150
8 131
3 47
0 125
5 78
36 130
56 143
22 57
65 84
24 131
12 52
38 142
58 67
21 81
63 100
10 126
53 100
64 129
18 99
15 62
92 106
113 137
26 51
10 25
46 133
51 126
84 120
66 108
65 108
5 33
24 77
85 90
4 115
37 52
101 117
87 123
82 145
7 70
75 103
38 138
62 134
75 121
16 106
69 98
86 147
68 121
71 139
32 58
20 75
41 43
37 87
12 121
34 111
5 93
81 109
42 140
4 66
44 144
52 65
39 140
20 117
83 121
68 89
28 30
34 124
46 56
54 116
17 148
38 97
97 100
30 68
72 82
39 41
33 71
48 131
26 29
41 139
59 80
34 65
71 107
6 134
20 60
26 85
104 119
77 127
93 145
130 133
31 70
24 143
77 132
53 65
40 85
71 121
47 114
21 83
37 62
68 95
105 108
62 129
76 115
83 90
14 142
144 149
90 126
95 147
61 89
64 93
29 150
50 145
3 134
11 72
33 144
0 123
93 108
0 96
65 124
27 84
73 85
7 145
56 98
73 136
136 150
19 90
107 142
39 126
9 118
35 106
18 21
45 142
102 107
85 147
13 122
12 103
80 95
68 91
90 115
48 139
3 11
42 122
17 99
75 142
122 138
58 72
39 45
22 145
19 146
121 135
40 62
77 141
7 75
64 104
37 49
24 91
69 108
37 117
95 106
63 141
53 83
63 92
25 66
45 137
77 125
57 114
101 150
49 102
4 78
43 129
57 62
50 111
72 144
59 136
4 54
69 94
40 84
46 105
19 124
7 21
34 52
17 52
69 83
82 92
39 142
58 68
79 135
48 112
101 122
65 98
103 108
52 135
119 122
41 125
66 82
2 74
56 117
127 145
19 118
19 40
119 146
21 43
48 111
57 148
8 100
120 123
14 82
18 143
36 89
63 66
51 78
58 93
31 38
26 142
61 74
42 74
19 96
74 143
78 94
123 136
8 58
18 142
100 118
27 46
1 83
61 130
109 135
27 112
49 77
2 106
7 40
40 130
14 40
21 46
49 57
27 122
3 16
8 85
14 45
82 123
27 109
29 138
15 49
10 72
76 111
37 44
82 111
30 116
16 37
91 123
98 131
0 103
3 8
63 124
99 127
75 82
15 119
15 57
96 143
69 101
77 124
114 116
91 110
49 143
2 125
45 135
46 129
42 111
4 16
48 66
54 72
15 33
39 42
68 78
41 90
0 113
93 98
56 60
5 135
13 150
9 16
8 128
12 109
24 29
74 104
90 149
60 131
36 86
116 142
30 118
6 19
5 95
29 38
2 114
12 55
36 104
120 131
71 97
16 38
57 137
6 64
60 95
115 117
64 137
7 129
18 92
1 40
52 77
49 59
114 124
5 96
20 121
9 46
55 82
30 130
68 136
34 75
9 123
125 146
32 103
0 119
4 50
65 126
12 127
92 146
12 51
15 74
13 95
34 63
53 108
12 31
76 134
107 110
2 78
27 150
10 43
77 140
24 86
55 119
0 122
46 47
33 63
83 95
44 90
30 41
25 123
39 150
46 126
128 144
82 129
95 114
47 67
74 137
54 105
49 140
20 89
21 31
76 148
134 143
59 124
21 105
62 84
53 137
12 123
79 84
21 94
75 100
11 23
72 136
41 76
56 140
5 76
39 70
61 80
37 123
48 59
83 113
6 36
9 57
11 115
83 97
1 32
39 115
55 68
57 149
64 121
52 81
92 117
48 57
114 118
16 27
83 114
95 98
60 129
95 105
45 64
1 41
70 100
0 149
30 115
103 140
112 123
48 108
54 131
67 77
72 89
83 91
127 128
38 135
20 80
44 118
50 122
37 98
45 67
85 126
30 55
25 54
20 124
125 142
47 149
10 145
99 145
63 80
146 149
95 116
102 141
30 109
40 149
61 137
3 46
54 86
16 143
53 116
50 57
11 91
54 87
54 114
14 47
38 111
15 97
68 145
51 83
110 113
49 114
16 20
44 96
144 146
12 115
58 138
26 150
93 95
4 119
3 136
14 83
56 72
13 54
34 113
45 81
7 82
23 150
50 108
8 55
92 130
7 122
32 50
40 86
1 104
55 142
70 94
4 88
32 97
116 139
11 44
27 145
94 140
79 129
11 66
72 113
54 139
27 103
37 141
54 77
62 97
6 29
20 147
79 107
66 132
70 121
46 148
23 88
71 138
75 150
45 108
120 150
95 125
40 92
55 66
100 141
16 57
23 149
149 150
64 74
23 92
34 49
45 114
83 126
54 128
87 116
77 143
43 84
100 137
6 17
46 138
87 142
28 65
13 89
11 21
1 34
1 58
67 100
86 102
109 116
75 123
38 76
16 31
46 127
58 110
27 110
14 49
3 4
65 132
88 103
49 94
65 107
12 42
44 140
60 67
11 28
33 106
16 67
28 129
22 81
24 88
13 125
1 68
66 88
4 76
56 74
55 91
79 144
6 98
72 77
36 60
80 145
69 141
70 118
16 86
88 92
31 96
106 132
9 82
96 128
6 97
59 123
106 149
62 109
14 62
14 148
7 127
99 125
37 148
34 87
53 93
20 150
87 138
11 107
2 135
29 117
77 95
106 118
139 143
63 71
97 104
51 122
26 28
7 72
104 109
71 142
107 141
110 123
98 139
95 143
116 143
25 101
4 89
38 41
33 42
9 53
1 89
54 133
102 131
8 76
99 104
127 135
70 146
111 123
121 136
92 147
98 109
45 71
58 116
58 129
1 119
20 51
95 124
27 132
17 146
46 64
72 147
57 80
32 90
19 97
73 126
58 91
36 138
131 148
8 97
81 105
19 128
36 95
73 96
54 149
40 78
22 58
135 137
46 67
25 88
20 126
13 19
68 118
35 40
2 69
93 150
28 35
68 82
79 124
25 57
31 113
9 148
49 53
49 92
111 145
29 127
5 67
22 28
1 116
0 137
22 35
47 50
96 117
120 135
4 130
17 97
76 116
44 81
128 136
84 115
2 84
5 142
116 124
37 147
55 67
4 70
50 132
72 123
91 145
74 83
46 145
77 90
15 16
6 140
48 95
18 94
112 125
104 149
65 121
29 145
109 146
52 71
37 89
60 86
5 13
68 81
91 112
97 99
37 67
33 137
6 76
61 111
5 106
88 124
11 123
75 116
61 84
20 92
16 101
69 88
19 109
32 94
39 108
124 145
13 33
50 140
59 126
61 139
41 131
1 137
2 50
110 115
65 122
79 134
72 108
75 86
103 136
104 138
61 104
12 144
1 134
14 51
32 143
77 92
111 140
43 54
38 129
90 148
85 109
69 99
13 140
51 102
0 63
19 70
25 55
15 64
104 128
14 22
38 73
55 109
40 141
45 61
87 133
10 76
38 108
62 142
52 138
6 138
30 61
53 124
48 124
92 142
44 119
6 144
19 129
5 133
58 120
85 87
21 76
79 148
70 148
63 121
34 78
51 81
45 83
80 110
71 104
135 136
53 105
14 37
8 17
16 56
18 68
1 81
23 64
17 105
63 143
128 150
62 138
109 145
46 82
50 128
16 50
0 118
62 120
8 44
42 130
74 103
74 108
71 98
23 49
0 35
93 131
4 122
42 43
20 72
58 115
55 150
62 65
58 142
7 94
16 112
27 98
73 129
75 117
12 50
75 107
16 69
109 144
23 75
49 113
55 136
7 132
25 64
24 48
8 21
69 145
59 67
44 121
86 128
7 109
123 148
7 48
85 150
42 118
22 142
99 100
97 133
28 97
45 90
75 90
58 100
15 58
22 80
9 120
60 126
76 100
35 120
23 106
120 144
126 139
63 139
30 103
67 130
53 109
65 106
14 93
58 60
47 102
29 32
47 83
95 102
131 132
70 91
0 70
3 12
42 131
9 43
57 68
30 131
99 142
0 22
18 71
3 25
47 82
79 81
10 54
64 91
34 77
28 53
19 100
78 105
42 142
6 55
15 105
60 73
17 56
131 147
90 145
27 105
73 137
108 130
15 125
61 101
62 133
51 56
82 112
56 65
10 68
18 134
117 139
16 91
40 80
22 88
13 57
74 98
13 108
1 63
43 92
63 83
48 73
70 89
2 117
63 79
30 129
15 42
125 150
26 48
97 103
58 107
21 112
36 150
38 49
87 109
36 119
33 148
2 103
64 144
10 81
29 135
65 92
34 86
4 13
63 122
12 87
94 113
75 93
81 127
97 112
126 128
8 93
111 141
7 100
29 59
104 140
16 125
20 78
10 92
84 119
33 95
12 64
12 39
7 150
70 120
81 85
11 76
50 65
22 121
27 113
62 147
43 142
66 76
128 149
96 108
38 91
20 110
3 18
44 78
7 113
94 125
89 110
92 149
115 134
31 102
32 114
13 36
51 82
125 138
22 34
33 107
47 61
39 139
3 99
1 5
32 83
3 5
28 55
21 64
58 63
99 119
25 91
49 147
64 150
16 19
22 113
6 72
50 104
29 107
5 139
78 135
68 148
47 80
70 109
41 46
61 92
130 148
1 31
10 27
43 125
10 62
47 100
59 60
59 97
69 125
37 93
95 99
46 51
22 140
30 125
8 140
81 103
61 114
8 20
145 147
73 119
51 92
5 57
47 49
2 59
2 52
61 97
7 44
15 121
5 12
100 110
46 76
101 112
81 150
95 119
78 119
54 146
6 45
52 134
117 119
75 148
29 90
6 35
27 123
98 117
12 112
48 80
49 136
91 139
40 145
38 113
13 132
53 142
50 115
75 137
29 119
37 94
45 141
64 87
4 108
18 123
50 139
39 48
19 39
17 127
107 117
105 130
28 125
55 74
54 111
31 139
36 142
22 54
12 136
35 83
72 90
8 142
89 131
19 108
30 42
127 131
62 107
1 26
38 44
8 47
95 139
15 22
1 113
29 102
77 86
32 124
7 107
2 47
5 7
60 103
46 80
21 50
72 149
13 114
86 90
12 120
40 100
0 8
2 56
83 102
79 105
38 141
46 114
52 108
8 139
3 141
52 123
45 80
51 84
22 66
101 114
113 133
111 147
64 112
15 65
69 102
47 138
33 92
74 117
3 105
68 86
86 101
19 37
2 121
91 143
98 101
80 83
42 84
104 120
31 133
19 120
10 60
32 36
49 107
138 144
83 133
11 95
68 120
69 71
101 107
102 138
6 126
99 137
18 49
78 127
8 90
9 145
42 119
13 92
10 87
25 113
34 96
43 77
13 110
4 96
26 70
92 131
106 113
68 131
53 92
32 95
11 30
52 85
12 140
85 143
38 89
25 85
30 71
3 83
56 89
74 82
37 46
15 82
17 42
47 60
2 93
22 78
79 130
46 120
50 73
135 143
84 130
5 17
29 36
49 79
63 103
5 91
29 34
8 69
134 138
35 70
22 148
101 120
74 106
128 137
89 117
2 28
124 150
90 103
119 121
5 149
25 78
0 129
22 74
30 121
24 61
82 138
36 128
24 139
33 44
99 107
61 148
34 103
33 53
86 98
56 100
13 34
67 97
141 144
0 50
106 144
42 112
44 56
10 57
54 104
78 85
50 86
144 148
41 53
8 141
70 131
57 130
32 91
23 40
56 77
36 64
20 62
30 122
20 35
41 44
12 143
3 121
22 76
114 122
12 28
55 60
120 132
98 147
14 118
83 89
98 126
33 120
19 106
70 102
52 74
85 89
40 112
6 54
106 137
49 110
8 65
59 61
56 116
32 96
24 83
62 104
96 113
33 131
9 70
72 84
51 90
32 42
98 137
8 66
23 123
48 65
116 150
31 132
51 63
50 117
56 110
64 108
53 128
57 95
14 52
29 118
17 130
72 139
14 108
85 94
65 143
89 100
69 136
45 146
21 74
96 132
18 23
87 136
97 110
59 77
111 136
63 74
15 60
69 91
119 129
110 145
78 80
22 92
42 150
32 127
130 131
56 82
68 126
57 132
88 114
86 100
43 63
14 66
34 69
98 136
15 128
91 125
10 39
62 106
116 120
80 129
61 133
42 77
15 103
54 95
48 116
88 119
33 127
82 130
38 93
36 38
35 52
49 60
107 133
70 74
49 54
10 122
79 127
42 79
111 127
21 97
78 139
29 123
52 132
22 47
83 108
64 142
86 118
107 111
121 147
34 146
44 146
41 104
84 105
57 67
40 81
10 117
34 126
46 83
31 74
124 137
86 95
48 78
55 101
29 42
24 129
15 73
14 43
54 150
32 112
116 121
91 140
34 140
26 139
30 105
12 22
48 118
45 99
118 141
68 105
17 135
122 135
1 90
40 46
7 95
88 99
21 122
71 87
66 135
39 59
61 85
67 84
40 142
81 114
46 146
63 142
57 90
116 123
23 26
6 80
21 58
24 47
33 38
77 93
113 148
32 102
35 145
89 104
68 88
5 21
51 121
45 107
117 124
26 56
36 77
62 146
3 22
26 46
60 87
41 63
50 125
105 110
9 102
28 48
36 54
11 20
94 122
76 117
7 78
42 81
31 77
33 97
42 65
94 121
13 103
1 141
4 63
71 115
27 115
21 92
66 127
108 121
66 122
85 127
22 118
42 76
27 119
15 31
97 118
69 139
29 35
13 70
53 110
11 22
55 148
14 94
71 116
49 111
98 120
6 37
52 110
68 98
57 86
28 100
96 111
4 7
73 89
70 78
87 148
86 133
12 75
136 142
3 14
92 111
121 122
5 140
23 81
133 148
7 22
28 124
66 144
76 130
61 76
10 124
9 75
87 139
36 74
4 144
16 109
35 84
107 115
37 119
10 48
0 44
19 76
31 60
10 34
100 131
34 125
44 92
5 34
15 80
9 97
62 100
72 74
101 106
5 103
9 90
34 53
27 87
26 109
25 122
109 118
56 130
43 58
54 132
0 53
17 49
0 21
91 124
54 142
69 86
8 104
18 95
68 146
132 150
22 111
32 100
128 148
132 141
32 142
76 118
13 146
47 70
105 121
65 76
69 80
57 123
67 133
82 115
46 110
83 128
44 85
18 39
0 42
4 95
12 110
42 54
31 146
74 100
95 148
49 139
63 64
24 50
102 144
10 107
107 127
6 68
5 136
71 113
60 96
54 64
75 115
131 146
61 82
37 73
15 35
50 72
24 63
20 112
7 60
25 59
74 86
28 150
65 99
8 116
61 145
9 107
0 37
30 83
51 55
48 143
60 88
45 105
48 102
41 116
86 144
61 79
64 138
103 114
10 47
57 150
76 120
72 96
116 134
44 99
103 123
49 141
12 137
84 127
18 70
105 112
84 114
117 130
13 29
47 117
20 104
59 145
39 148
51 130
43 59
52 119
58 147
2 123
20 24
14 124
93 128
14 25
33 93
50 127
15 100
21 60
71 129
43 89
87 143
6 149
39 109
3 28
25 30
95 121
6 95
67 128
16 140
18 72
53 121
49 132
43 97
26 141
10 13
90 95
4 38
4 43
67 82
48 138
31 145
10 66
52 142
7 76
24 115
12 104
87 137
36 48
10 140
42 50
21 29
118 150
22 133
23 104
72 103
38 116
65 133
68 79
54 93
51 103
18 27
46 118
24 103
17 73
10 125
6 104
85 136
38 100
36 135
38 61
18 48
30 87
0 28
61 68
9 105
81 96
51 128
11 104
101 116
55 86
59 89
46 149
67 116
54 83
37 76
50 93
91 137
74 89
107 130
60 98
14 92
33 128
36 47
65 95
20 105
76 107
9 48
80 133
9 127
4 14
13 72
94 127
86 134
66 107
0 139
8 68
4 24
97 129
5 111
21 149
67 135
17 91
97 115
12 134
25 72
84 140
69 85
15 94
96 99
52 97
28 116
0 34
4 125
79 118
17 131
25 34
41 75
118 129
6 12
25 60
3 19
0 98
2 61
77 110
95 96
45 59
35 108
94 106
11 36
9 143
25 53
29 47
42 45
60 105
