152
7
1491
60
29 2
24 2
35 2
25 4
32 2
28 3
24 3
34 1
29 4
35 2
24 1
25 1
21 4
30 1
26 2
28 1
25 3
35 4
29 5
33 3
23 2
23 1
31 3
25 5
24 2
21 1
22 5
25 1
28 3
34 4
22 4
23 1
27 1
27 2
23 1
33 2
29 5
30 1
22 2
29 4
35 4
35 2
33 4
30 2
33 5
21 2
27 2
25 5
30 4
32 4
25 3
35 5
26 2
22 2
23 4
25 2
29 2
30 5
33 3
30 1
34 4
33 2
29 3
24 1
30 2
32 3
26 4
28 2
24 5
22 3
27 2
25 4
21 1
29 1
25 3
26 4
27 3
30 2
23 1
32 3
29 5
23 3
21 4
25 2
33 1
24 5
35 4
24 1
22 1
29 3
34 4
30 2
30 5
29 3
24 3
27 2
28 2
22 4
22 5
33 4
22 2
24 4
31 1
27 4
34 4
27 3
32 5
33 5
25 1
28 2
29 5
31 3
22 3
23 4
22 3
33 3
34 5
26 1
29 4
21 4
25 2
24 1
24 2
31 3
33 4
25 3
26 2
34 3
25 2
21 4
22 4
32 1
34 5
21 5
24 3
26 3
24 5
21 2
27 3
30 5
34 4
28 1
25 4
25 5
33 5
22 4
24 4
22 2
32 4
33 2
27 3
35 4
6 58
3 21
55 79
57 121
27 68
4 63
43 69
36 62
54 99
5 121
57 82
37 151
94 131
102 103
1 22
83 126
123 149
88 119
95 143
5 43
3 68
21 150
0 79
79 120
39 70
36 75
41 76
48 59
64 75
11 65
54 66
29 84
50 125
10 15
93 102
39 58
34 117
112 144
66 144
102 105
97 140
41 52
3 38
83 135
31 151
5 126
82 135
98 142
76 109
120 135
111 122
26 53
87 104
52 120
62 130
73 120
6 149
141 144
45 147
28 78
62 67
58 97
66 131
57 133
102 131
121 127
99 149
124 145
121 130
50 105
74 84
59 66
121 134
104 141
110 117
48 99
90 134
68 124
4 98
111 147
103 104
106 138
53 95
65 125
32 148
20 117
46 125
33 125
46 137
36 141
28 72
64 145
45 146
111 140
61 69
15 44
112 133
68 131
42 64
111 113
79 142
92 102
33 127
53 80
47 118
117 145
83 144
14 78
13 18
41 67
36 146
131 132
27 126
98 107
40 108
77 107
16 92
52 103
42 95
42 128
34 105
45 87
45 98
103 148
37 106
53 55
68 90
115 122
38 84
94 124
50 73
44 65
85 142
21 118
22 121
128 134
123 133
85 123
119 149
114 133
35 124
5 76
22 100
109 144
54 121
83 151
75 147
35 65
61 131
62 124
134 151
69 114
120 133
5 54
19 31
29 120
75 145
48 82
75 105
76 135
32 112
104 151
0 71
90 131
5 47
77 106
2 40
69 142
3 88
59 73
87 139
70 83
21 122
80 89
11 24
9 143
7 39
51 61
52 91
35 131
22 133
120 121
58 110
13 56
56 96
47 105
19 111
59 137
32 73
77 98
19 114
45 88
92 122
18 136
17 95
67 121
69 150
94 146
145 150
4 119
63 105
93 125
8 112
21 109
73 130
32 97
112 114
71 89
1 5
6 89
0 96
28 82
39 42
38 151
80 86
52 118
30 122
36 100
120 123
17 129
94 138
107 126
86 115
55 98
112 120
12 24
90 137
7 55
92 141
105 148
10 70
22 128
76 150
89 124
15 91
20 132
10 68
4 24
7 131
57 147
81 106
60 86
45 63
18 97
3 31
19 83
66 117
66 80
3 126
85 150
107 109
27 40
106 117
99 100
50 95
2 36
86 111
14 118
59 121
6 131
5 145
49 52
110 133
60 120
53 67
58 108
74 118
7 120
97 150
10 57
67 138
137 148
58 61
91 149
18 49
13 100
60 87
28 125
22 103
37 58
46 98
91 113
78 136
35 49
61 118
13 117
107 114
6 52
64 105
37 46
15 36
77 96
68 119
26 114
14 77
47 66
19 135
66 77
122 138
46 85
102 149
115 145
8 103
51 111
24 65
34 149
38 137
17 19
34 129
41 148
14 71
39 134
20 71
63 116
9 29
85 117
96 105
89 111
40 64
67 76
11 44
27 63
37 115
80 93
58 142
91 114
71 101
6 9
124 142
97 114
42 52
22 67
105 109
16 44
48 55
8 114
70 111
68 104
36 147
54 77
101 151
10 137
55 144
57 124
48 110
99 122
64 141
16 147
9 142
71 115
80 82
18 66
95 118
26 121
40 94
7 106
25 37
30 119
66 88
40 138
42 93
79 98
36 113
14 48
132 134
28 67
18 22
18 117
3 141
41 58
3 80
23 55
22 135
29 74
120 132
41 141
84 136
98 102
42 106
47 97
27 86
42 78
104 128
100 149
21 75
2 80
12 132
67 150
7 77
102 121
35 116
0 58
6 102
65 140
9 81
25 102
98 129
54 92
122 144
9 52
12 110
21 138
84 133
5 62
47 69
63 137
34 51
64 125
72 90
51 115
98 112
39 73
50 151
28 59
57 144
36 41
53 103
7 80
110 150
95 144
12 93
58 115
54 73
18 95
46 89
0 121
41 85
11 138
78 141
20 99
18 45
75 143
50 56
77 145
36 132
58 128
20 86
11 66
24 88
51 85
49 93
130 142
13 19
22 69
56 71
78 142
55 86
4 10
88 120
43 52
4 76
57 69
27 139
84 145
51 133
34 42
55 95
52 93
88 126
117 132
25 123
6 60
15 19
33 87
41 103
3 100
15 92
0 9
92 97
11 28
147 150
62 147
14 47
127 130
31 121
15 121
55 107
10 139
27 125
13 126
48 123
76 115
79 126
12 85
4 34
26 58
87 116
66 129
118 139
0 67
27 36
21 144
69 123
104 135
145 146
110 137
13 54
1 69
85 141
52 62
53 73
12 52
96 114
44 57
41 125
38 51
86 138
38 80
74 145
5 71
51 74
39 135
12 98
8 129
16 26
67 108
10 111
97 105
63 130
9 148
8 31
0 81
88 118
43 60
20 107
21 114
60 68
14 80
37 70
18 102
5 51
59 95
99 137
87 131
86 97
10 119
80 111
26 86
27 110
74 143
102 119
80 132
21 87
34 87
100 101
85 127
34 71
142 144
86 118
19 90
66 70
9 83
14 26
75 126
74 111
110 142
14 142
86 144
44 129
60 135
89 122
70 117
54 136
21 148
42 44
86 133
38 109
16 117
63 133
17 118
51 88
59 151
24 60
57 110
55 150
118 137
87 117
47 130
45 97
17 102
18 123
82 106
28 106
37 107
46 117
2 31
95 104
86 88
34 72
66 111
36 45
44 46
87 151
20 24
46 78
54 64
4 38
32 134
35 38
60 138
98 121
8 85
42 143
23 140
34 112
68 113
8 57
0 91
88 111
142 151
23 27
104 132
72 104
128 139
36 85
83 110
40 81
27 96
14 20
16 42
77 86
37 53
3 149
114 131
11 133
70 135
43 59
65 81
38 64
53 151
3 82
28 96
70 146
10 141
40 72
13 41
83 141
84 132
4 32
38 46
53 102
40 102
62 133
10 95
84 120
62 63
8 35
18 151
47 125
29 147
53 108
2 68
48 102
41 59
11 88
2 66
99 134
66 115
43 92
127 140
73 144
65 117
110 120
2 132
12 143
78 93
50 114
68 92
29 114
116 134
56 82
43 119
17 123
27 105
44 136
11 78
80 81
61 112
46 71
77 123
51 123
20 94
20 62
18 140
14 61
0 18
16 95
23 142
109 151
31 95
5 81
66 72
135 147
83 118
84 135
64 94
42 130
59 70
91 97
56 137
62 97
23 99
28 56
17 137
15 112
12 57
42 58
45 131
43 139
52 124
53 135
47 95
33 121
59 114
25 126
76 131
44 131
47 59
135 145
0 128
74 94
51 112
68 117
49 58
49 107
40 53
0 73
15 143
44 63
14 114
53 121
65 126
1 77
41 120
12 43
108 151
24 132
70 95
50 130
87 144
22 75
57 116
82 127
58 80
20 151
2 125
6 20
27 65
98 103
53 85
38 104
73 108
0 8
4 89
46 143
10 18
39 83
72 118
99 118
134 135
92 139
37 91
50 76
93 95
81 90
13 76
45 117
22 80
125 127
96 129
78 84
4 149
28 69
75 90
41 79
9 134
47 99
38 148
75 80
42 114
89 126
11 55
32 125
28 81
35 51
126 132
96 99
48 86
44 67
70 99
3 78
106 124
24 108
34 98
23 126
10 87
23 144
105 120
62 136
66 137
21 73
21 84
64 112
100 117
98 100
9 44
1 50
77 138
55 101
27 84
34 110
22 129
9 69
24 121
0 30
55 71
31 45
35 91
4 85
26 60
28 103
5 50
11 30
31 91
67 109
28 44
69 151
131 133
71 124
103 141
64 123
82 123
29 133
7 46
94 107
1 86
10 77
27 104
32 43
46 66
7 63
18 63
18 34
37 67
40 134
46 122
55 137
11 146
72 100
116 146
10 66
10 90
38 111
75 113
40 86
12 32
1 73
16 76
12 125
13 114
113 148
41 53
21 142
0 148
44 82
11 149
21 27
23 28
9 124
64 146
11 76
82 111
37 100
61 90
43 140
84 101
66 69
24 137
82 85
13 136
14 65
20 104
16 122
103 122
28 70
11 97
45 126
0 2
15 39
78 83
7 129
5 143
117 149
59 122
21 132
86 151
122 135
1 34
60 99
115 116
9 11
95 111
115 148
14 75
33 94
102 143
35 121
6 79
64 84
74 115
12 117
56 124
67 149
72 77
56 127
75 123
54 129
13 15
14 63
42 72
8 121
46 74
29 140
42 69
87 128
24 25
62 146
86 108
5 115
114 150
40 143
59 145
48 138
7 22
64 106
90 136
0 31
63 80
90 104
76 119
27 95
1 100
67 70
24 40
77 136
3 150
113 145
25 142
1 14
68 147
59 101
10 120
87 95
53 120
4 110
24 52
10 22
13 104
11 21
1 140
6 44
15 26
86 113
85 139
89 150
31 113
17 82
22 92
80 129
63 147
52 144
53 143
54 145
8 27
7 149
68 120
53 146
116 131
30 131
60 64
31 42
62 148
77 151
27 71
39 120
126 146
39 102
73 134
28 135
64 68
92 150
28 91
71 99
42 120
31 97
33 117
105 106
38 90
82 92
57 151
59 141
64 127
57 108
18 93
116 118
111 130
37 145
49 69
117 137
36 68
58 83
3 45
1 147
60 147
62 102
21 25
6 126
35 82
11 40
74 135
12 94
138 146
81 109
139 145
24 147
62 131
4 41
62 79
57 119
65 137
0 6
21 24
24 45
87 133
136 149
100 141
53 88
23 72
24 26
52 65
22 98
42 89
48 109
5 56
32 113
4 78
46 128
39 96
74 100
69 140
55 77
62 93
5 36
127 136
74 107
63 117
57 123
79 139
22 55
61 124
24 127
47 49
28 145
24 49
43 64
79 100
120 138
43 61
47 110
49 57
57 113
29 141
25 97
57 76
15 140
6 49
16 47
27 142
96 110
39 110
71 143
107 145
3 61
113 122
48 145
126 131
16 133
8 61
46 145
68 132
62 111
24 59
24 103
109 114
31 35
6 144
5 7
39 98
23 78
70 102
13 88
1 17
87 148
58 77
4 23
94 127
106 129
20 109
14 146
109 126
64 91
33 103
109 143
6 65
9 36
96 100
64 143
62 135
102 104
72 89
58 116
100 114
43 131
62 75
28 104
70 125
93 100
79 97
22 42
12 112
45 50
56 68
16 84
34 125
10 72
94 116
75 124
19 61
57 143
8 92
26 69
23 127
93 140
15 56
10 94
53 137
78 111
88 132
58 102
24 32
2 88
38 121
44 53
49 92
13 28
30 135
111 145
74 148
51 87
22 54
24 124
95 138
51 68
4 130
73 118
98 114
105 124
53 147
85 130
12 151
57 89
96 123
64 129
28 63
125 132
31 146
9 95
20 43
1 42
50 127
103 124
10 113
1 108
80 125
18 73
17 56
92 146
32 56
122 133
127 141
77 105
15 111
16 43
116 151
127 151
11 42
5 44
36 64
3 109
135 139
121 124
64 98
0 103
12 115
30 116
139 148
43 138
10 38
94 98
0 21
104 127
53 127
83 128
8 81
29 66
19 27
7 45
48 89
94 129
137 139
12 118
43 111
108 121
22 56
22 85
8 26
117 143
86 114
36 47
85 144
48 49
130 144
15 129
32 117
73 78
1 75
15 38
6 147
55 81
26 70
27 91
50 71
95 147
23 87
12 108
70 72
50 129
61 130
98 138
44 122
51 147
73 98
117 119
47 126
70 147
24 94
82 115
20 50
53 116
22 74
88 127
110 128
21 40
107 112
65 87
32 93
73 117
1 112
40 105
79 138
17 127
76 99
130 147
44 48
36 131
13 131
68 149
90 120
8 15
99 105
63 87
0 113
141 142
16 46
54 117
88 95
70 96
77 117
18 99
79 113
41 117
17 47
16 145
65 95
50 64
101 138
43 87
36 43
108 120
73 151
29 64
94 110
10 54
15 20
76 82
46 95
87 120
0 142
91 134
31 100
14 57
8 119
67 144
82 128
117 125
117 138
40 127
119 120
39 150
75 138
97 106
78 120
28 47
72 84
19 29
122 137
29 88
16 111
75 115
87 132
38 106
65 80
101 103
81 108
114 141
48 75
53 107
10 36
13 48
18 82
27 99
104 115
32 38
126 151
47 62
17 88
111 116
7 115
39 54
43 91
41 46
47 48
5 53
18 79
21 36
83 147
82 126
12 65
47 133
2 106
14 120
110 116
3 14
15 67
126 134
29 117
68 150
66 89
67 75
22 108
29 105
107 110
49 81
21 55
57 67
24 63
75 111
99 121
31 145
21 89
46 113
58 105
106 122
7 25
75 110
107 144
9 99
102 117
44 148
39 107
44 102
55 143
74 144
1 129
88 103
17 81
70 149
37 144
30 114
0 125
1 59
86 141
52 148
133 135
47 77
76 103
117 130
114 120
8 86
25 94
26 75
135 146
89 141
82 96
93 121
111 117
26 43
47 73
30 149
39 88
128 143
29 36
8 50
28 134
74 124
28 60
121 148
93 101
43 50
8 41
36 134
118 147
21 117
15 22
58 129
1 79
100 137
21 44
66 140
62 121
25 68
0 117
93 122
33 109
112 118
125 134
60 110
3 67
42 79
83 132
29 148
40 137
30 95
88 141
2 75
4 39
118 131
99 144
26 27
120 125
62 109
27 66
65 103
28 57
17 46
80 124
9 33
31 130
39 143
31 51
100 130
49 55
86 117
40 80
109 138
133 144
100 151
4 115
94 145
90 102
35 60
114 126
12 137
59 125
20 134
20 129
10 41
9 113
102 147
54 139
63 110
