153
12
5000
60
44 2
62 2
52 2
62 4
61 2
69 3
51 3
62 1
68 4
41 2
67 1
56 1
47 4
42 1
41 2
66 1
60 3
48 4
66 5
57 3
43 2
43 1
56 3
59 5
55 2
56 1
57 5
64 1
68 3
62 4
61 4
61 1
60 1
49 2
42 1
55 2
58 5
47 1
67 2
63 4
49 4
63 2
55 4
50 2
60 5
41 2
62 2
44 5
55 4
46 4
63 3
54 5
59 2
48 2
55 4
41 2
47 2
51 5
46 3
49 1
44 4
42 2
43 3
67 1
69 2
57 3
48 4
55 2
60 5
61 3
57 2
63 4
54 1
47 1
46 3
53 4
42 3
42 2
63 1
62 3
44 5
51 3
50 4
45 2
60 1
59 5
45 4
64 1
64 1
64 3
47 4
49 2
50 5
51 3
58 3
42 2
55 2
59 4
42 5
48 4
52 2
62 4
60 1
59 4
42 4
66 3
57 5
58 5
45 1
49 2
61 5
69 3
53 3
69 4
65 3
50 3
60 5
44 1
49 4
42 4
64 2
42 1
54 2
44 3
67 4
63 3
66 2
54 3
60 2
54 4
47 4
44 1
66 5
54 5
44 3
66 3
50 5
44 2
60 3
63 5
42 4
64 1
58 4
50 5
42 5
50 4
58 4
67 2
65 4
64 2
68 3
41 4
60 3
7 102
7 64
19 128
57 64
54 71
4 55
54 111
41 91
2 57
13 33
56 120
53 83
93 95
100 102
42 77
82 112
119 148
87 95
94 105
15 136
8 130
0 75
32 124
78 114
38 136
35 147
6 130
47 109
63 99
11 134
53 108
20 125
19 151
6 111
91 128
38 124
43 66
110 113
66 78
100 104
96 98
17 57
3 31
82 121
17 115
3 8
81 123
97 98
75 109
116 149
108 137
4 50
85 148
5 28
62 68
72 126
10 65
132 138
45 96
45 129
61 95
57 133
65 151
57 76
100 130
117 136
98 103
120 139
117 139
20 27
73 88
58 100
117 143
102 134
107 136
47 149
89 106
67 140
1 24
109 119
100 151
104 125
52 139
64 147
21 103
20 95
23 128
33 84
37 43
36 97
13 116
64 81
1 117
109 112
60 99
15 25
109 144
67 147
41 124
108 128
78 136
90 131
51 74
21 70
47 65
114 136
82 130
26 35
7 121
40 129
24 58
125 142
27 93
96 118
23 120
76 105
4 96
51 149
46 59
46 105
44 143
39 69
52 70
101 144
48 101
52 99
67 106
112 121
37 152
92 147
36 152
43 121
84 124
29 143
9 122
123 136
119 132
84 105
116 132
111 136
35 81
28 36
28 150
107 122
0 121
82 137
74 149
11 116
61 70
61 152
128 140
68 128
116 147
32 138
32 38
18 34
74 147
25 96
74 107
75 135
10 19
102 144
10 102
89 103
31 60
76 104
19 132
69 73
10 17
58 107
86 117
69 95
27 127
79 81
35 146
9 145
50 73
13 50
51 137
31 144
24 108
116 135
57 146
13 29
55 136
29 37
31 112
59 78
32 35
145 149
19 93
14 78
90 151
18 116
23 68
66 139
69 81
93 110
134 137
5 40
62 131
91 151
33 119
21 86
72 136
1 35
109 125
70 99
1 130
17 81
41 87
26 138
137 141
50 149
78 151
42 72
13 118
0 18
116 137
8 13
93 102
105 110
85 95
54 138
109 131
8 145
89 109
17 70
91 109
103 138
38 107
39 74
75 150
145 150
6 148
9 49
19 152
3 48
7 117
57 90
80 96
59 118
44 119
38 39
2 69
33 56
65 137
65 100
19 118
84 132
104 140
51 80
103 152
97 108
6 67
23 91
85 91
16 44
142 144
5 136
22 113
28 37
107 152
59 152
52 111
57 144
73 122
17 36
96 108
23 64
67 71
130 137
57 97
90 119
20 72
11 88
59 119
135 139
7 24
18 52
45 152
89 145
77 132
46 148
60 148
38 54
104 145
10 122
63 129
15 17
6 26
76 94
67 135
26 82
46 118
20 132
5 100
65 97
118 142
51 72
100 148
112 144
1 134
35 57
24 35
5 52
16 133
18 60
32 94
0 98
39 87
20 49
29 136
62 142
18 125
84 99
94 122
87 149
9 44
66 94
48 114
37 70
53 140
79 85
58 84
89 146
70 111
11 137
120 136
95 128
41 112
46 53
102 148
8 78
47 105
140 146
69 123
67 120
36 103
7 105
100 101
28 142
55 89
57 67
13 75
97 130
64 77
16 127
38 65
70 125
78 147
21 23
93 138
24 59
7 95
24 133
30 79
18 74
65 108
34 41
22 26
78 92
27 47
15 108
126 137
17 134
44 148
53 129
17 30
40 99
29 35
10 55
7 115
36 112
116 146
52 88
83 120
96 113
12 103
51 108
41 138
16 106
102 121
99 101
1 87
9 53
29 59
67 83
30 127
100 120
11 65
30 55
30 151
65 75
38 123
24 82
96 140
53 134
118 148
11 26
44 136
3 78
83 117
44 90
2 139
63 74
40 62
63 149
71 98
35 54
96 123
24 152
27 149
18 63
57 87
35 113
52 147
0 3
108 125
94 106
48 98
57 151
40 117
2 49
34 103
40 147
11 123
22 41
77 137
20 77
16 99
74 145
49 106
76 143
3 110
58 70
12 84
24 94
31 106
48 141
39 120
125 132
43 76
44 61
55 111
77 138
54 126
6 149
87 96
42 110
37 135
56 107
1 6
83 129
8 52
48 116
1 146
51 139
87 102
114 123
51 76
49 105
9 114
41 54
9 89
0 68
27 100
18 43
90 126
23 86
134 146
62 85
27 148
122 138
12 110
45 78
24 68
1 16
7 59
39 47
48 69
75 115
78 120
22 47
25 152
142 150
86 94
65 149
115 126
26 128
5 71
7 70
68 137
102 128
133 151
108 112
12 42
40 76
84 123
3 53
52 117
33 135
94 131
41 76
27 52
7 131
85 118
37 148
73 149
19 80
50 122
11 84
9 59
21 117
0 147
66 126
43 81
141 144
63 67
11 58
40 60
17 127
87 94
10 63
52 58
1 143
59 100
25 140
18 82
20 52
5 99
58 129
97 145
86 109
84 144
17 99
79 103
27 77
48 106
73 147
100 118
79 124
21 64
22 92
98 106
84 109
1 47
132 147
85 98
19 69
65 90
13 146
10 90
74 128
146 151
108 117
47 127
85 124
20 119
60 75
88 96
69 129
54 80
42 61
30 141
85 113
27 66
9 81
63 70
48 144
50 136
59 92
36 149
56 148
55 95
115 124
86 95
47 77
15 33
7 125
32 107
81 94
37 62
14 133
12 98
7 82
93 124
84 135
3 66
65 131
48 74
14 75
86 129
8 85
45 132
53 106
13 15
34 112
35 136
60 78
96 132
32 77
23 111
34 68
8 45
67 129
4 82
15 102
86 152
133 135
12 65
102 125
71 112
123 141
40 59
82 96
27 63
34 117
12 67
3 18
76 84
50 63
48 120
111 134
54 107
69 147
34 111
64 103
2 82
53 96
28 140
13 139
70 76
13 117
41 95
34 114
82 127
83 116
45 119
0 79
9 121
32 50
62 71
38 149
83 104
61 91
14 48
20 78
29 112
41 117
20 67
1 21
40 121
22 46
32 70
29 50
97 142
65 135
2 41
122 148
72 150
64 139
107 139
12 127
36 63
77 89
52 66
67 108
21 85
113 129
55 122
39 42
16 49
33 113
2 71
47 61
78 146
60 142
24 105
76 121
15 34
12 37
18 120
6 116
46 121
23 108
23 113
5 72
107 129
21 36
9 92
65 92
128 152
82 104
83 119
63 118
16 45
58 104
89 129
56 81
61 125
40 70
17 116
15 93
12 41
41 118
8 136
45 80
20 134
53 109
53 80
33 80
14 146
58 148
1 68
75 131
32 39
47 50
128 150
14 18
73 98
51 59
67 133
49 52
39 117
5 17
31 48
47 78
24 103
21 99
53 66
64 148
12 27
44 106
1 137
106 132
52 90
69 107
50 78
86 122
30 122
57 59
81 115
57 116
43 46
8 9
24 65
1 106
96 114
52 129
17 100
72 114
10 83
31 134
4 98
22 141
23 79
71 126
97 126
127 148
91 107
27 76
49 126
91 121
79 152
45 66
22 54
43 150
120 147
94 146
77 80
28 35
25 50
74 92
8 86
38 102
31 45
32 88
74 82
36 62
88 100
32 87
10 35
34 118
2 56
121 146
94 116
43 123
18 39
69 111
20 47
104 111
47 60
19 29
42 93
140 142
51 88
103 110
62 74
66 71
46 137
34 39
63 136
98 122
96 111
11 93
25 56
76 136
34 66
9 56
143 150
24 91
23 90
5 146
42 99
10 133
32 140
28 52
23 72
28 69
31 84
20 30
3 19
8 33
66 127
52 92
69 82
125 143
70 134
101 137
63 147
81 111
31 132
2 130
92 130
27 71
8 30
44 98
45 120
18 57
31 146
17 146
36 137
40 42
29 84
48 134
55 82
44 131
71 108
113 141
30 117
32 72
26 84
74 115
48 136
1 40
12 109
3 5
1 56
32 49
111 114
1 133
16 42
5 150
46 93
54 145
22 128
5 148
22 121
64 82
31 53
81 99
48 50
60 120
51 134
83 85
65 89
19 121
80 144
20 80
21 139
18 119
3 89
101 118
51 132
28 63
1 93
15 84
11 20
77 79
21 121
13 111
114 140
59 63
37 42
85 131
118 139
51 120
59 131
112 115
9 50
93 131
112 147
0 143
9 138
100 142
1 149
23 71
63 108
73 119
33 111
56 68
67 82
71 85
56 71
74 125
2 103
37 123
41 132
4 106
0 99
50 107
40 124
27 96
86 106
2 84
62 84
85 88
0 7
112 113
9 57
59 86
16 132
34 57
63 130
89 108
14 88
62 106
88 139
75 119
46 69
45 68
66 88
8 132
76 134
3 68
110 152
42 88
17 65
68 79
58 135
10 113
85 139
6 56
14 109
34 43
24 144
44 60
30 133
4 92
39 46
11 46
85 93
84 121
88 124
22 66
25 99
25 134
79 121
63 84
19 34
53 88
31 58
9 25
50 67
67 136
4 120
113 126
2 151
59 96
1 34
62 86
76 149
39 73
25 60
122 130
6 17
72 140
20 51
63 92
91 118
42 70
70 109
33 76
0 8
9 51
102 145
3 143
80 151
57 94
59 82
63 151
56 146
13 63
112 152
108 145
48 117
20 140
114 128
20 106
57 119
1 114
32 86
60 87
61 130
20 133
35 39
11 142
12 92
73 139
13 149
130 148
80 99
131 138
33 85
62 69
11 72
61 107
57 62
65 72
51 96
6 151
44 63
86 111
129 146
98 146
48 62
4 100
7 104
51 111
0 133
48 55
49 89
32 75
24 36
46 76
52 138
27 141
73 104
69 71
29 83
61 121
29 147
122 144
73 111
62 143
57 66
78 133
24 97
61 63
28 111
23 147
42 122
19 139
52 56
78 94
116 152
47 57
48 105
29 106
56 151
10 18
34 125
56 114
16 27
26 74
27 109
39 63
94 127
43 48
71 72
105 129
3 90
110 129
16 113
121 145
31 141
39 40
3 106
67 148
61 139
12 72
24 66
106 137
24 100
2 51
39 51
15 114
38 57
69 114
38 101
27 58
86 126
57 113
2 21
92 150
104 116
9 96
33 134
106 149
63 115
35 148
107 121
11 69
28 93
94 117
64 79
62 73
100 103
71 97
57 152
98 119
140 144
61 103
4 126
69 137
91 126
78 91
23 53
41 110
14 38
55 108
3 128
16 102
50 139
92 139
74 126
16 46
57 86
7 123
11 78
15 37
92 106
5 120
35 128
53 82
77 107
87 108
57 138
2 113
43 109
33 147
8 108
16 33
12 145
2 47
109 117
73 152
22 30
6 137
2 40
94 100
23 130
6 46
72 124
96 125
103 114
51 148
84 112
54 97
56 127
94 140
64 65
49 57
120 152
12 124
20 21
25 149
13 150
14 151
101 120
12 152
15 75
79 117
40 47
42 111
91 114
4 125
118 137
122 149
136 151
24 102
11 27
113 146
123 130
33 39
2 115
30 115
28 115
128 144
117 133
63 122
30 80
50 71
52 141
131 141
9 47
14 117
92 121
25 89
102 120
53 72
82 114
23 52
4 85
142 143
47 139
1 95
92 152
129 150
2 3
33 103
105 148
4 6
6 15
14 16
114 134
85 94
42 59
84 126
28 44
125 134
33 125
46 94
72 84
6 140
40 136
54 114
28 126
0 116
46 111
27 74
94 109
14 19
50 57
69 84
45 142
61 69
96 149
0 123
33 144
72 104
113 148
17 93
70 77
36 78
81 103
22 48
44 50
6 7
87 103
107 147
18 22
104 143
64 109
54 81
72 123
17 143
33 109
78 132
47 68
75 99
125 137
12 23
7 147
43 51
68 81
89 92
4 29
97 113
62 113
28 80
132 136
30 37
8 142
86 136
69 108
76 115
41 68
78 107
33 63
30 128
40 139
64 117
18 147
99 140
25 27
48 123
105 147
73 78
14 138
92 133
37 112
41 109
75 82
46 78
86 98
31 63
90 104
37 60
22 147
21 37
67 77
81 116
114 116
114 129
39 103
115 139
4 87
74 140
95 120
77 116
34 62
71 92
1 125
118 141
9 15
9 63
74 117
86 110
35 51
64 102
99 105
80 98
111 144
52 151
14 32
15 138
18 62
9 45
10 139
102 108
46 114
122 135
14 47
32 56
108 131
36 93
21 79
46 100
0 78
50 147
39 106
16 131
26 93
82 133
81 114
35 124
3 7
0 14
11 126
107 135
9 19
29 82
121 148
13 94
68 82
65 109
66 93
42 92
32 114
104 141
24 33
30 95
56 105
40 150
74 113
97 129
42 102
19 101
0 128
57 141
104 109
50 123
74 112
105 128
36 60
100 116
42 113
6 115
25 118
55 88
73 148
22 117
86 144
18 70
70 79
12 146
2 126
35 61
27 143
85 121
28 60
127 131
6 8
75 103
114 121
111 123
27 90
25 35
27 142
128 151
88 115
81 84
91 147
108 132
28 55
39 41
34 126
44 102
123 145
1 148
27 31
47 111
73 128
36 71
118 123
91 127
6 21
27 95
47 136
115 134
10 70
50 119
58 71
10 60
98 142
3 59
66 74
61 149
33 68
34 81
91 148
49 107
109 129
121 123
59 142
24 139
40 89
82 118
36 72
40 77
4 94
87 117
21 113
53 81
115 118
97 152
52 64
116 139
61 137
27 147
64 125
32 65
147 152
79 116
26 101
9 130
23 65
19 148
98 135
35 36
85 97
0 80
107 116
127 140
99 103
34 134
93 109
88 137
7 11
111 129
4 45
59 66
20 107
1 121
22 143
12 44
100 146
34 119
62 136
37 146
20 93
140 143
73 143
104 121
10 131
23 83
37 74
33 79
105 121
4 44
34 100
15 89
138 142
27 104
6 61
55 123
112 123
59 104
71 107
101 127
71 143
30 129
7 23
13 46
91 102
38 105
50 90
39 54
60 105
78 90
73 116
76 122
0 82
120 143
6 50
22 138
29 121
16 144
83 126
76 120
56 125
39 95
2 129
43 67
46 107
5 115
39 110
111 132
60 136
10 11
68 127
141 147
18 26
16 41
89 120
73 131
67 73
66 100
27 136
117 138
14 94
69 96
29 30
95 132
36 44
49 118
34 69
39 53
92 146
31 51
44 128
7 75
64 98
6 36
107 123
129 139
20 126
40 61
66 116
95 149
15 127
19 75
44 152
45 98
88 126
39 99
29 48
54 146
62 80
29 139
118 140
7 151
62 132
21 82
51 98
15 63
125 146
16 65
73 82
13 71
46 132
121 137
35 103
87 92
6 84
70 92
15 135
11 24
36 94
102 132
35 127
121 127
114 125
118 150
39 65
99 144
122 128
110 145
10 44
92 125
76 152
11 150
17 59
59 147
73 150
33 127
22 33
102 133
11 102
89 123
121 125
58 96
23 32
36 111
136 149
77 128
85 111
40 58
2 76
47 59
138 141
30 149
14 104
26 106
34 56
75 89
56 124
20 81
133 148
43 86
80 122
32 105
103 132
62 98
24 96
4 80
87 97
133 141
36 54
68 78
134 140
0 44
37 91
83 125
119 142
64 123
9 91
28 135
110 115
17 103
62 114
78 89
111 147
19 68
112 114
50 144
125 126
91 101
0 88
35 118
35 67
137 140
100 107
55 85
3 111
90 138
41 97
21 44
107 120
109 142
31 92
16 47
28 75
16 123
11 101
57 107
29 126
78 150
72 110
52 125
5 128
21 124
104 131
35 71
52 54
68 91
80 87
79 150
96 150
76 145
15 87
65 140
46 89
23 63
21 62
46 49
21 114
22 146
39 89
73 125
60 129
1 88
115 140
23 136
18 50
56 59
104 124
1 128
30 72
28 122
76 79
5 61
3 86
34 124
37 73
47 124
58 144
94 113
33 41
65 133
34 83
35 58
59 146
11 70
30 112
1 89
10 125
113 147
54 89
7 53
66 147
21 60
96 120
70 131
42 133
12 143
6 83
11 74
6 38
109 132
70 128
28 133
6 73
25 123
27 44
29 78
42 151
75 138
3 102
6 97
136 148
34 71
55 83
53 97
1 4
16 114
122 139
128 145
64 88
44 54
38 126
4 113
16 135
23 110
46 124
24 77
129 142
51 92
76 85
54 90
67 99
9 35
32 85
65 69
12 33
14 31
79 83
65 121
50 134
59 133
44 123
39 80
58 138
0 119
68 108
100 133
58 82
66 69
37 140
6 53
37 116
91 143
116 129
70 152
33 97
87 91
4 40
17 101
8 61
25 80
45 48
67 142
82 102
101 133
11 18
99 121
70 122
97 105
83 132
65 96
11 37
122 125
42 152
45 52
102 117
67 151
6 141
82 108
6 81
109 147
115 135
81 152
85 149
44 126
113 132
36 129
33 145
14 90
31 107
91 129
70 91
55 124
89 105
7 19
73 112
27 45
35 63
123 142
91 93
16 64
111 139
15 57
124 125
64 142
29 127
111 146
0 66
80 88
23 103
22 31
112 135
59 85
14 22
80 90
41 150
22 27
48 95
88 122
4 8
63 127
119 128
29 134
40 119
59 103
38 45
32 81
16 31
11 139
137 149
88 148
115 145
8 29
110 119
8 120
67 130
5 87
114 148
30 76
11 59
76 93
26 60
26 81
82 145
119 140
81 87
8 121
72 76
119 133
30 150
123 149
23 38
110 120
48 145
88 130
49 79
72 105
70 145
8 98
2 138
50 79
135 147
52 144
124 128
32 104
0 53
15 112
49 101
18 40
51 100
61 145
58 73
23 35
28 124
31 67
37 113
1 67
38 141
96 147
14 105
115 146
68 139
2 149
25 119
29 145
5 54
48 137
53 131
7 55
87 146
52 132
52 120
9 10
46 67
64 91
105 138
17 71
20 141
105 143
51 81
102 146
73 106
32 117
14 141
1 27
32 106
55 128
58 74
102 143
44 96
16 104
87 127
20 142
64 112
79 114
44 99
2 59
32 83
88 138
77 119
63 68
59 70
68 101
63 76
138 150
13 14
28 138
137 148
75 137
39 126
42 79
51 138
108 146
19 26
63 101
46 129
88 131
9 115
34 51
32 101
16 80
75 132
9 128
15 27
30 73
0 125
49 112
8 82
12 122
30 50
13 24
124 141
111 137
41 101
21 96
5 117
66 96
103 151
71 99
74 84
112 118
11 31
14 84
13 65
38 113
10 25
77 105
109 135
71 76
29 54
148 150
22 80
71 128
33 42
36 66
29 132
71 150
10 117
64 129
23 107
110 144
0 111
20 45
14 139
79 149
51 86
1 104
46 92
37 39
89 136
48 72
68 107
71 131
24 111
3 70
45 138
69 128
45 102
2 86
56 135
9 111
70 81
23 132
59 122
26 40
0 115
100 124
37 94
93 149
83 151
43 107
39 112
10 87
46 73
21 136
49 127
90 129
20 88
63 66
47 133
45 125
65 98
20 74
41 103
8 51
15 41
97 104
98 125
53 77
43 112
43 120
45 137
59 135
30 104
105 141
42 112
38 77
14 80
40 100
104 118
87 110
71 115
40 64
32 34
73 92
98 129
6 89
25 132
81 98
49 94
47 97
4 117
69 139
1 118
4 30
42 124
76 113
90 107
50 59
43 132
27 103
74 90
10 151
15 32
8 111
42 95
65 118
3 142
113 134
24 131
13 83
17 92
70 136
43 122
91 142
33 67
124 143
39 93
37 87
3 94
81 104
90 130
70 140
61 100
49 64
50 114
26 105
64 128
96 119
67 87
123 148
134 135
43 80
68 98
6 68
104 123
77 144
38 81
55 129
63 85
34 76
116 124
127 130
44 107
111 149
27 59
88 116
14 44
24 132
116 121
6 117
106 148
49 75
20 31
106 113
83 135
46 87
56 136
37 88
119 123
20 115
27 64
50 126
99 127
108 124
72 141
35 108
16 63
11 92
95 134
35 85
10 23
14 135
30 131
12 149
127 132
11 25
9 70
69 140
8 71
15 150
107 149
20 109
138 139
9 41
38 87
48 133
69 89
52 113
83 150
51 97
96 106
46 90
61 104
43 97
36 95
19 125
93 139
52 53
101 112
31 117
64 83
120 148
111 142
4 37
62 144
114 135
33 71
119 126
7 85
71 88
39 75
32 131
16 28
10 132
51 63
34 45
51 58
76 97
8 117
74 76
55 86
9 136
6 32
112 126
86 146
38 42
29 38
56 62
25 148
107 119
87 100
36 101
32 149
43 61
43 142
19 97
8 131
39 57
91 94
95 139
30 81
42 44
67 114
131 148
88 142
60 79
15 49
25 34
80 104
0 127
3 55
80 107
51 64
9 36
8 107
112 143
68 118
2 145
102 107
17 55
10 50
27 102
83 115
29 79
30 103
62 107
75 129
0 90
9 69
46 62
104 126
29 118
126 140
65 110
63 88
56 150
58 89
15 64
27 121
0 91
53 149
121 151
27 42
77 131
15 51
90 105
22 64
15 134
100 150
26 94
28 32
0 63
14 89
13 27
23 148
12 45
45 130
81 121
55 146
48 131
22 63
76 77
0 22
36 130
80 126
97 140
115 143
3 20
61 135
118 128
48 58
72 97
88 145
115 119
59 90
128 141
31 77
32 33
43 57
119 151
28 71
25 151
17 22
80 142
51 140
38 121
4 89
99 143
89 142
23 121
16 22
72 147
63 131
85 100
114 117
79 111
2 66
7 97
143 149
29 76
103 118
21 48
68 143
12 105
21 73
7 48
112 139
16 120
4 146
68 145
116 134
11 71
91 97
13 85
11 43
5 60
18 129
8 83
10 97
3 150
63 65
52 94
49 137
36 98
3 123
26 108
2 85
59 128
5 144
22 98
68 102
13 148
98 144
8 89
60 107
67 97
28 132
81 89
4 115
110 138
84 113
21 101
2 14
1 75
141 151
17 82
95 151
2 92
44 89
34 97
4 136
122 147
81 139
47 152
107 138
15 47
71 96
9 129
3 137
37 58
0 17
65 115
4 121
1 15
30 45
8 42
49 149
119 131
44 69
9 62
54 109
0 114
47 95
12 140
93 97
6 139
94 130
67 102
38 145
112 151
15 123
55 75
0 9
104 144
135 136
40 111
25 59
5 102
47 129
58 78
44 71
57 110
15 78
84 100
49 97
73 142
4 77
17 34
120 142
72 139
40 73
116 118
68 122
37 67
45 69
14 115
86 113
70 82
36 67
8 16
119 145
43 58
33 149
70 148
91 139
3 41
60 100
116 120
26 87
32 113
23 27
29 90
76 128
4 141
37 104
29 93
73 118
4 72
132 143
43 59
62 97
83 131
32 36
114 152
84 98
89 91
109 134
61 83
105 123
112 130
18 30
76 95
46 142
39 104
66 125
119 147
75 105
33 98
16 94
87 136
83 118
60 115
106 150
20 23
101 134
1 42
10 114
69 72
56 88
24 129
73 138
133 145
49 56
3 136
48 61
15 71
137 138
108 122
55 80
28 40
63 81
60 89
74 135
42 49
7 128
26 112
5 59
75 110
131 152
12 132
7 44
76 89
19 66
100 117
2 125
73 85
111 126
115 141
11 19
33 101
53 145
29 87
40 56
38 109
99 152
4 25
48 81
117 132
34 152
1 151
56 108
64 68
125 127
61 109
24 83
3 151
39 107
31 70
18 56
43 44
10 72
27 37
28 123
16 150
62 148
104 147
74 129
51 82
39 100
3 125
62 130
42 53
25 141
135 148
34 65
16 70
29 53
99 106
8 81
13 135
72 135
19 86
5 34
89 127
17 24
123 124
63 82
3 113
12 38
31 113
57 84
33 72
111 112
13 60
22 65
60 133
112 122
34 146
101 113
69 144
3 50
74 111
84 134
15 103
92 134
83 93
50 80
82 138
38 152
103 129
39 71
97 99
23 67
65 101
62 128
3 11
12 34
52 96
48 130
96 122
143 145
33 112
86 96
69 146
76 131
69 87
90 135
20 38
14 148
113 140
126 134
2 123
107 108
0 59
28 103
20 99
32 91
18 87
28 108
52 80
98 128
12 21
22 112
106 121
9 151
103 105
6 121
96 136
30 63
37 55
3 56
9 78
4 144
121 128
64 71
99 135
53 137
109 130
13 79
44 94
1 11
109 111
32 68
76 125
13 20
20 91
10 15
1 100
22 122
54 92
25 75
52 63
98 99
13 78
1 41
88 119
66 136
93 146
19 144
2 44
5 98
23 50
40 127
21 49
14 140
64 116
107 131
61 94
15 97
55 79
26 72
28 148
10 107
90 116
120 129
15 28
19 72
65 80
64 74
31 111
130 143
87 90
5 30
53 98
94 152
41 61
66 77
60 150
2 22
27 116
118 138
51 62
4 148
35 140
67 113
17 129
27 117
67 72
129 143
5 6
8 69
57 127
67 107
1 140
46 117
113 118
36 133
52 128
68 147
8 15
16 124
123 152
131 136
9 13
3 36
72 82
13 66
21 56
89 107
33 74
35 77
34 60
71 113
92 114
6 51
77 98
0 2
79 101
65 105
57 114
56 85
110 146
32 46
93 100
37 56
12 80
85 122
127 143
40 91
21 53
60 128
36 85
8 75
105 122
15 29
15 94
19 126
54 74
37 90
89 125
42 129
123 128
8 59
26 119
80 121
63 139
26 98
5 7
76 92
66 83
0 23
35 56
27 108
23 142
37 130
46 139
23 129
11 66
50 55
47 151
29 102
54 137
23 60
45 150
5 126
113 149
15 65
35 78
33 73
22 145
61 105
97 146
71 121
123 134
35 123
64 121
33 139
83 89
63 95
36 127
60 147
39 90
24 42
46 106
21 138
98 141
51 124
136 145
106 152
60 141
62 125
42 52
70 137
1 39
63 78
46 125
59 145
3 51
62 104
71 146
92 137
101 125
61 79
57 131
103 131
8 18
8 50
0 97
85 136
26 85
62 79
75 81
77 139
14 69
115 125
58 146
23 37
102 118
81 136
41 83
77 135
38 140
18 132
54 125
109 137
108 114
78 103
6 126
63 94
128 148
3 144
40 88
106 111
4 35
12 16
26 127
65 119
70 93
143 146
134 148
42 109
126 142
8 128
9 86
52 131
98 127
2 99
34 143
41 84
21 120
11 32
87 124
12 129
6 110
8 125
98 110
104 130
31 85
45 107
77 123
54 143
64 115
64 66
25 116
88 114
8 36
36 90
37 122
52 87
11 14
36 150
87 135
99 100
2 144
6 77
15 131
5 109
47 94
9 140
2 97
9 109
28 144
71 104
4 129
40 84
20 101
139 151
19 73
35 64
97 135
116 145
46 110
67 92
112 128
11 109
84 95
6 31
68 121
93 113
60 68
64 69
99 128
123 135
64 127
48 82
51 83
7 146
7 99
85 123
62 112
21 33
6 152
29 73
85 101
134 143
73 80
123 125
8 49
84 142
124 139
97 144
0 65
49 138
134 142
45 134
132 140
71 139
47 137
68 92
28 110
34 148
44 114
121 134
89 134
75 90
91 124
47 135
82 111
3 30
11 12
28 67
52 108
3 15
34 93
99 113
25 47
13 112
16 71
66 76
33 51
49 103
105 131
42 131
34 147
101 129
68 87
93 134
81 126
109 141
119 149
0 39
19 107
70 146
49 123
37 109
83 124
28 76
59 99
3 49
39 132
31 50
0 124
3 96
25 72
63 73
110 143
93 129
34 86
3 88
111 148
37 96
15 145
37 142
99 137
60 101
91 123
1 65
91 133
56 98
95 110
70 108
1 103
44 150
72 74
99 123
62 93
23 47
8 115
118 131
9 28
48 148
47 119
8 19
14 130
15 72
1 10
34 82
9 144
54 122
0 148
90 111
8 103
50 52
5 151
46 113
25 102
50 96
24 123
10 34
90 147
54 77
55 141
116 140
8 140
107 125
28 116
49 55
11 34
81 92
85 89
24 145
67 93
9 104
37 49
9 124
48 149
47 112
6 55
28 134
70 150
49 54
6 102
23 141
15 107
39 113
20 82
41 135
100 141
38 125
10 129
38 90
37 81
20 143
19 138
39 114
12 52
107 140
0 1
62 119
50 99
29 71
109 133
43 96
34 123
40 80
108 139
117 142
30 38
14 42
41 115
90 94
66 135
118 122
7 73
69 132
96 129
104 106
2 63
0 81
20 113
112 120
5 55
31 64
78 141
13 151
9 32
11 129
2 25
38 100
90 110
0 64
14 40
82 134
101 136
10 96
133 134
13 37
6 133
110 126
1 91
27 62
66 105
64 73
24 70
13 57
12 142
101 123
66 151
57 137
20 70
93 101
113 119
25 83
87 133
104 135
106 123
26 100
63 75
8 12
90 109
34 121
88 104
33 43
11 85
93 143
86 145
84 117
122 151
19 57
116 150
79 135
31 95
23 104
102 142
59 67
17 86
41 57
106 134
66 148
23 151
44 111
24 84
119 138
27 57
72 109
94 119
3 138
43 100
39 64
24 40
5 106
16 77
89 130
48 60
134 151
109 151
3 60
34 42
5 42
62 150
8 112
65 71
5 33
86 123
99 102
3 146
37 92
10 56
145 146
46 64
85 87
30 109
24 122
78 148
79 130
17 60
76 133
87 152
10 43
149 150
13 138
32 45
16 34
97 109
28 128
8 74
20 135
46 88
139 140
48 70
2 79
95 118
21 115
34 131
22 67
24 113
78 102
43 98
75 100
66 132
57 61
68 96
27 87
36 116
98 123
111 118
108 142
7 12
31 33
15 148
65 70
56 70
118 144
33 133
26 135
27 125
27 138
144 147
82 119
91 144
104 132
112 127
23 119
29 47
26 110
26 57
34 49
88 97
39 88
66 122
3 4
32 44
37 82
101 138
22 62
10 112
17 66
115 116
58 90
68 109
45 55
16 130
55 84
101 115
44 117
37 141
7 106
57 103
17 113
27 55
6 14
14 34
33 126
20 118
64 120
56 99
12 54
46 108
22 124
63 146
49 100
7 28
24 72
47 85
8 57
51 105
90 108
0 108
15 85
59 75
13 126
70 84
5 152
31 136
126 149
26 32
10 57
15 81
46 95
8 58
66 108
82 152
4 21
28 48
93 147
17 21
12 73
32 47
26 149
65 107
34 137
54 91
0 11
44 121
51 107
25 67
96 112
64 78
60 114
48 125
115 132
10 61
11 68
65 99
127 136
49 145
17 138
11 147
110 142
17 54
53 123
29 111
18 115
23 43
6 23
64 76
62 101
12 78
79 109
25 122
31 69
59 71
56 64
61 146
14 86
6 43
52 110
139 146
26 136
28 46
43 138
12 115
3 119
25 39
20 66
87 126
58 139
34 145
21 111
94 138
18 33
125 144
0 87
87 106
45 135
55 135
14 43
12 101
36 84
18 58
1 54
30 92
91 132
50 95
54 108
97 101
80 134
12 125
92 104
8 150
17 27
58 83
43 53
5 111
80 143
63 126
107 145
94 136
46 96
39 137
48 126
29 88
48 122
89 132
9 103
12 93
5 23
7 42
69 138
35 68
86 93
54 118
55 64
112 148
28 146
67 84
0 42
37 147
41 140
43 54
48 90
25 114
52 89
9 134
39 67
50 64
30 136
36 46
40 152
83 96
3 109
42 103
51 129
5 123
52 123
84 106
5 92
43 95
42 54
0 118
49 117
47 86
57 85
76 106
109 140
48 100
21 28
16 88
9 127
63 135
25 94
62 145
7 54
32 61
14 29
15 74
69 136
85 132
32 43
77 126
71 110
54 87
119 136
25 49
1 77
23 48
30 93
77 97
130 149
104 142
24 76
94 96
126 148
42 62
90 96
102 111
0 117
17 109
27 32
28 145
18 136
74 96
10 140
56 95
7 144
36 89
58 93
40 86
8 147
59 125
58 99
41 71
9 119
5 121
1 141
63 143
53 67
35 90
14 59
52 115
110 131
106 108
62 90
5 133
38 75
7 130
84 108
43 55
52 146
28 121
34 136
66 124
35 125
13 103
66 102
24 148
3 54
22 137
12 61
41 129
62 115
51 109
15 126
0 48
77 87
117 151
22 40
100 111
11 89
10 93
21 145
72 118
81 149
32 52
102 119
20 89
67 112
81 145
110 117
63 90
5 70
19 83
105 136
11 44
95 121
74 110
44 110
14 54
36 114
62 139
1 17
0 57
50 87
31 133
122 129
8 34
135 140
28 147
37 50
42 83
0 36
19 25
23 105
29 32
142 145
46 80
2 96
51 115
125 129
2 37
1 74
32 144
102 113
32 97
17 131
15 117
130 146
76 144
112 124
88 135
100 108
50 102
104 149
95 106
28 73
6 135
13 97
72 96
88 152
121 129
47 122
59 151
27 135
50 85
16 30
80 114
46 109
8 40
17 19
72 144
66 117
68 76
66 86
114 131
132 152
50 56
57 102
93 107
78 145
79 138
13 99
21 71
38 95
46 126
30 113
141 149
26 56
2 29
30 34
3 32
7 91
52 85
122 133
39 111
51 106
33 37
35 91
111 143
47 100
17 152
11 15
32 121
16 140
8 77
32 135
92 131
33 60
79 141
17 122
30 33
110 139
34 38
79 82
127 135
46 68
5 41
21 65
103 150
104 107
19 58
24 121
87 132
19 105
78 127
2 143
108 143
25 28
6 11
103 115
55 71
23 146
24 48
63 69
6 25
19 30
4 11
31 152
33 40
16 117
27 123
62 102
89 152
53 91
41 90
118 143
56 103
65 85
60 94
51 53
86 118
92 108
88 105
2 6
59 143
32 126
90 97
48 80
32 90
107 114
41 62
15 70
12 49
55 134
0 51
53 135
79 125
60 103
53 150
22 35
3 108
52 105
24 101
87 98
56 133
31 150
2 24
95 116
31 81
68 104
3 127
51 127
31 138
69 125
15 66
84 103
41 65
58 149
43 56
45 124
84 85
66 84
6 71
17 25
12 100
41 52
68 93
71 144
75 111
4 149
57 115
19 131
140 147
55 101
41 70
6 138
42 148
8 53
50 121
82 142
13 80
23 74
122 132
114 137
20 61
9 14
41 48
44 52
49 136
21 80
36 151
22 133
18 148
77 148
92 136
83 145
105 142
102 150
111 127
53 62
58 81
77 112
98 134
74 150
120 127
2 65
61 76
97 148
16 29
121 147
23 112
14 30
15 58
30 101
0 138
79 97
36 120
34 52
43 149
11 13
41 51
81 127
86 139
13 93
113 151
71 94
41 149
102 109
6 112
64 149
98 114
99 104
90 114
89 117
74 116
7 47
37 83
101 140
121 141
7 22
93 145
80 116
14 106
4 18
61 86
11 76
11 132
149 151
78 100
6 30
44 151
86 149
60 112
24 130
38 119
56 117
80 113
15 40
35 88
9 76
133 142
1 119
53 144
51 89
129 134
92 129
36 126
113 120
86 103
117 123
5 107
19 67
74 146
86 125
43 93
7 49
72 152
104 127
31 98
143 147
16 108
27 134
129 133
33 143
65 144
4 103
75 114
106 115
81 107
15 73
12 134
20 24
64 151
32 118
79 84
72 89
57 135
20 100
66 152
4 36
36 139
117 140
73 96
29 125
45 99
101 152
51 142
134 147
80 101
1 48
35 149
4 67
40 123
75 124
50 132
100 145
14 21
143 148
91 98
101 122
79 112
139 142
51 102
86 148
76 102
0 126
149 152
49 74
15 125
7 98
26 115
29 31
80 141
15 111
8 102
47 141
23 93
71 109
10 128
46 56
26 28
14 37
35 79
53 112
40 140
45 91
65 138
115 150
136 139
41 139
18 44
33 66
8 11
60 123
38 143
7 77
39 105
9 77
18 90
15 61
65 82
22 78
49 58
30 96
2 102
68 113
9 64
1 115
36 40
56 87
31 137
36 51
18 98
79 145
31 47
16 26
87 142
124 132
80 152
76 118
65 114
78 140
18 141
29 140
2 8
142 148
38 47
4 62
52 77
75 120
64 111
21 147
28 112
25 130
25 111
97 136
8 62
45 109
62 81
19 134
6 94
43 60
35 150
19 87
34 99
23 123
49 110
97 110
48 59
94 107
35 121
84 130
48 71
6 125
37 111
106 116
43 151
78 109
17 142
116 136
86 134
103 123
67 141
89 93
32 92
56 58
73 102
14 82
55 99
23 96
21 107
127 141
120 140
5 21
48 135
43 129
65 102
15 116
84 91
78 101
107 124
82 107
26 130
87 128
124 133
107 112
21 97
78 88
47 140
21 129
17 111
68 144
17 106
14 36
66 75
88 107
34 72
1 79
84 139
1 61
49 92
15 122
4 51
45 51
36 132
9 137
21 81
24 119
37 68
16 95
59 88
86 124
56 140
72 90
57 65
50 135
89 94
33 130
89 126
122 142
7 150
22 82
13 40
26 29
114 143
86 147
55 96
50 142
28 74
79 137
43 124
1 92
77 120
46 102
34 132
46 116
12 130
55 100
31 35
71 86
87 125
50 84
9 106
102 103
38 62
59 91
4 28
6 28
31 102
111 113
32 84
35 145
47 150
42 107
54 68
29 43
10 88
79 122
43 82
7 141
31 34
17 121
1 44
108 120
34 140
118 129
1 20
35 80
51 145
18 81
7 124
86 105
22 75
55 73
30 85
32 60
15 59
55 63
120 150
9 126
101 126
73 145
18 88
45 92
16 111
3 98
19 51
57 104
42 142
45 74
13 25
1 97
88 106
1 108
11 117
72 107
6 48
34 135
5 65
83 142
71 147
60 145
5 64
44 138
19 45
7 126
109 145
104 115
2 27
94 114
130 132
81 120
22 53
12 66
31 54
47 118
56 86
37 52
120 130
103 111
121 126
21 141
107 144
71 127
14 65
39 85
0 45
9 146
6 92
0 113
21 35
54 135
40 46
69 79
30 70
85 114
43 90
36 37
24 73
88 89
4 151
89 143
76 88
93 150
51 73
45 127
10 84
113 137
102 139
36 83
29 114
127 151
87 130
117 152
19 117
110 133
36 148
8 114
33 128
0 139
115 137
66 111
60 83
15 119
16 82
85 112
54 147
124 138
42 45
14 132
17 78
11 53
41 120
73 140
4 70
46 66
20 122
28 34
139 148
51 85
36 119
103 141
126 133
43 101
56 74
26 131
111 121
1 49
7 89
53 89
22 89
49 71
78 112
0 105
12 136
34 107
91 119
96 143
98 112
109 110
79 123
15 90
2 98
44 74
55 125
121 140
16 74
18 152
97 139
104 133
14 122
55 87
37 51
80 97
7 45
51 126
17 147
18 128
14 71
55 130
118 130
115 120
19 63
96 102
107 128
21 45
1 62
68 103
67 78
68 138
19 46
35 89
12 48
104 108
45 72
17 117
0 20
19 91
26 146
43 69
48 87
12 123
68 131
49 87
17 95
48 89
78 128
68 69
55 118
64 110
69 115
53 78
3 65
55 137
99 146
5 108
60 80
130 131
70 80
80 132
7 36
49 131
45 145
44 108
60 152
55 113
21 134
14 118
31 100
39 43
64 140
106 107
21 61
13 132
130 144
25 135
43 77
50 108
19 74
74 108
25 97
118 145
49 129
66 99
18 51
46 57
59 106
49 102
48 68
82 93
74 88
104 117
21 94
24 38
35 97
19 112
10 135
65 120
95 127
27 119
51 99
8 116
109 152
120 123
17 124
53 86
126 141
40 126
11 42
25 100
117 119
42 125
130 136
15 91
15 140
9 93
7 94
72 138
148 149
24 146
0 29
10 91
3 16
34 50
35 50
74 94
43 99
5 79
30 54
28 85
76 140
84 115
52 55
75 80
38 116
74 103
69 104
86 115
111 133
101 147
17 91
90 99
95 147
34 67
83 103
49 73
46 119
71 145
54 140
59 74
56 152
61 120
34 91
136 144
39 143
19 77
120 151
78 124
115 117
80 94
94 148
57 125
42 145
99 142
65 116
5 101
17 23
137 152
114 150
22 96
12 53
30 36
29 130
29 109
24 86
12 40
94 135
140 148
8 41
27 92
71 116
65 111
42 117
40 63
27 38
22 79
33 70
114 146
67 86
1 22
16 103
45 58
3 133
45 97
92 143
12 95
1 7
56 116
42 57
38 115
69 80
28 47
36 82
48 112
43 52
12 43
46 55
22 81
9 66
1 78
38 85
20 63
94 151
118 135
1 152
20 114
16 119
30 61
65 88
55 142
48 64
26 33
21 144
67 70
51 150
50 109
2 48
54 133
132 139
64 90
26 102
86 92
1 30
52 135
40 137
33 57
44 72
8 118
21 149
9 52
2 132
55 76
13 134
81 112
61 78
26 103
28 41
28 65
2 107
49 93
6 114
71 124
36 73
33 150
58 79
82 120
61 96
12 15
57 58
22 126
10 39
32 132
13 61
16 147
93 148
31 90
128 129
141 150
37 65
136 150
36 58
125 149
51 69
125 151
119 130
27 65
85 115
7 111
93 127
64 124
58 110
45 151
56 90
106 139
36 52
27 112
7 135
53 101
24 142
71 90
81 85
4 145
25 55
62 88
58 101
2 34
99 112
86 120
8 149
101 141
68 86
57 128
107 133
1 144
101 103
42 46
69 149
16 69
41 130
80 124
48 88
76 111
90 121
80 149
42 144
92 141
34 95
46 99
68 133
63 125
123 133
93 111
60 74
25 105
133 137
44 101
80 128
70 151
55 151
57 126
14 91
78 79
29 65
8 26
105 109
23 61
12 117
9 141
23 58
14 124
124 127
96 148
30 88
18 150
38 78
32 53
84 86
45 57
56 73
42 87
75 96
28 51
50 101
30 44
16 73
104 128
106 118
36 145
32 79
11 115
6 142
52 76
124 135
101 104
56 137
54 116
55 115
79 133
52 133
45 106
86 143
50 152
54 72
13 104
81 97
101 128
55 127
12 147
115 129
111 141
53 124
38 139
7 136
62 82
17 102
60 65
21 41
133 138
75 85
24 26
31 121
59 150
96 117
68 130
59 123
117 150
107 115
98 132
24 46
3 93
70 96
97 107
17 83
27 73
79 90
11 135
18 112
19 141
122 124
10 99
15 143
11 45
3 139
10 86
21 75
13 122
2 100
39 124
73 109
79 129
25 52
40 122
33 65
5 45
19 35
26 125
117 124
53 102
54 93
30 148
48 99
22 24
109 114
13 143
25 121
98 120
8 65
57 69
53 111
16 138
52 60
4 122
13 95
63 112
97 127
93 137
11 103
95 101
38 112
24 104
116 144
59 73
3 61
127 144
98 133
48 121
112 131
19 79
44 141
27 106
54 98
88 108
51 70
24 128
83 122
123 138
45 86
14 87
56 83
6 54
18 108
85 106
105 146
10 148
9 79
64 89
15 121
13 18
101 117
43 152
14 57
90 150
90 122
3 40
0 19
70 90
47 98
12 47
6 60
41 80
12 96
1 59
64 143
2 140
10 81
13 108
30 99
20 130
29 39
1 32
2 15
5 125
15 100
35 76
97 124
0 13
13 127
45 93
88 121
3 83
76 123
99 118
13 100
7 29
123 150
46 149
10 54
107 130
27 53
100 147
106 130
27 60
83 147
2 18
8 100
3 105
23 87
114 139
1 94
125 138
6 19
53 120
3 72
16 79
50 76
81 96
9 65
22 116
36 144
64 106
39 101
83 95
69 103
92 132
84 96
66 129
85 150
60 98
26 34
47 128
137 143
64 135
16 92
23 124
73 91
36 118
9 149
6 86
94 132
33 78
47 62
61 67
24 32
4 43
33 116
8 99
59 68
31 71
100 112
32 133
135 144
41 105
2 116
22 36
105 107
72 75
33 54
52 72
124 130
47 51
6 69
101 116
87 131
5 19
16 151
41 85
26 71
9 117
21 29
37 86
7 27
34 138
72 113
103 137
43 104
22 90
77 85
56 60
6 131
53 79
22 111
21 52
7 39
30 90
86 114
124 137
88 144
9 133
32 82
62 65
71 125
63 117
68 106
84 125
12 126
10 137
98 130
45 143
124 140
73 123
21 105
9 16
50 81
57 109
25 133
11 54
31 91
20 43
60 113
40 105
19 85
8 37
107 110
10 85
37 118
115 122
55 144
43 106
45 60
2 88
66 109
54 113
14 107
77 149
31 87
31 120
89 148
6 100
41 146
39 66
94 121
41 123
29 94
52 100
146 152
82 115
98 107
12 89
46 140
1 63
67 90
17 88
11 99
90 118
17 29
6 24
55 105
52 119
21 32
34 129
92 138
99 149
42 141
7 134
2 105
45 71
113 122
71 100
77 100
79 144
18 32
30 62
16 66
8 47
115 151
18 37
33 132
51 71
33 151
26 96
57 88
49 122
20 146
112 119
26 113
6 59
22 152
3 103
23 117
96 144
2 60
122 136
15 30
83 106
34 55
88 133
6 108
79 110
73 103
10 101
47 90
9 68
94 128
20 151
46 128
0 34
9 99
84 88
68 116
81 146
62 123
66 92
40 134
4 104
131 140
36 61
45 126
4 16
44 70
33 124
52 121
24 51
51 90
19 104
53 70
1 80
39 68
85 125
13 90
33 123
49 99
26 123
80 86
83 109
46 115
49 140
47 121
92 102
45 115
16 60
8 106
4 75
60 61
76 100
137 151
17 145
97 147
24 116
62 120
46 136
20 58
2 81
46 101
62 122
4 139
48 138
20 32
88 93
108 113
109 120
43 47
5 46
20 110
53 61
30 87
0 84
29 61
41 56
7 120
