155
8
2745
60
124 2
107 2
112 2
162 4
91 2
159 3
134 3
150 1
88 4
109 2
119 1
123 1
89 4
107 1
154 2
90 1
174 3
175 4
142 5
164 3
133 2
103 1
180 3
159 5
89 2
182 1
174 5
102 1
141 3
165 4
177 4
160 1
113 1
155 2
106 1
143 2
148 5
110 1
123 2
124 4
82 4
112 2
122 4
110 2
173 5
128 2
182 2
96 5
137 4
163 4
102 3
88 5
157 2
153 2
169 4
99 2
121 2
116 5
113 3
149 1
90 4
134 2
187 3
131 1
170 2
184 3
151 4
159 2
158 5
132 3
152 2
114 4
104 1
82 1
105 3
115 4
146 3
116 2
88 1
157 3
160 5
166 3
95 4
120 2
137 1
149 5
184 4
113 1
84 1
178 3
147 4
155 2
161 5
148 3
95 3
161 2
90 2
186 4
159 5
158 4
147 2
86 4
153 1
182 4
141 4
152 3
145 5
161 5
138 1
150 2
169 5
87 3
144 3
172 4
87 3
122 3
180 5
94 1
142 4
125 4
159 2
92 1
170 2
138 3
83 4
105 3
118 2
153 3
84 2
80 4
117 4
121 1
96 5
131 5
128 3
187 3
83 5
110 2
95 3
116 5
171 4
186 1
117 4
159 5
116 5
138 4
161 4
180 2
133 4
131 2
137 3
109 4
141 3
170 1
152 1
113 150
29 46
21 77
68 91
26 103
55 83
114 138
40 79
13 70
34 142
17 77
69 78
59 120
87 153
22 86
79 146
21 39
84 108
64 130
5 17
3 48
8 89
0 9
76 88
38 57
35 74
40 57
138 151
61 143
106 132
52 94
20 78
26 94
2 11
18 103
38 45
15 91
7 123
64 104
68 151
27 83
71 111
6 20
40 72
12 79
16 123
88 131
93 119
73 95
110 143
103 134
38 64
83 100
9 129
60 116
28 31
8 79
28 59
44 112
15 70
22 87
17 117
3 63
26 57
16 136
111 122
88 146
135 142
124 153
19 114
71 84
75 99
20 137
18 151
25 27
47 50
109 114
129 130
6 114
89 138
96 152
100 102
63 92
71 79
28 29
94 100
9 114
101 126
23 50
35 140
62 119
52 108
16 49
103 154
139 144
57 60
104 136
104 107
48 106
10 152
76 110
27 110
32 136
24 77
46 73
108 144
80 90
40 103
46 110
66 92
117 135
13 130
27 34
53 115
45 136
74 87
89 146
89 114
4 18
54 78
44 52
83 115
51 83
97 139
47 106
97 152
106 141
52 81
37 43
89 133
23 115
42 143
52 93
25 30
107 133
50 100
4 8
81 131
56 122
31 47
34 127
23 119
22 25
25 141
18 64
6 59
21 142
23 56
59 122
104 150
80 143
18 49
110 141
73 136
20 41
17 127
43 123
16 45
84 109
73 121
98 131
7 145
10 75
91 113
15 80
67 134
13 148
12 61
1 75
115 121
18 134
27 101
76 128
21 104
12 143
65 154
14 130
1 18
50 131
8 32
104 148
110 129
26 85
16 95
12 91
50 120
107 137
9 81
80 139
104 119
17 40
80 103
18 73
17 33
6 154
50 110
11 87
90 91
57 150
10 116
63 141
88 142
20 24
53 66
69 116
20 95
1 113
3 85
51 137
2 148
8 30
26 81
37 145
28 70
68 71
41 97
110 134
7 136
110 131
2 154
89 147
100 134
41 142
53 121
75 151
64 75
31 93
17 29
88 100
79 133
22 53
6 70
53 120
128 130
98 100
87 151
3 152
7 96
137 143
56 62
19 77
43 138
37 44
89 130
1 152
45 48
63 130
25 32
42 94
48 57
23 29
26 75
142 145
33 144
101 152
23 42
40 45
126 153
17 142
6 112
32 113
27 102
10 80
65 114
51 102
71 118
19 53
16 132
121 128
65 93
10 51
23 79
7 116
7 56
0 59
7 89
123 144
28 30
17 145
45 59
8 119
75 110
23 93
123 137
34 90
100 122
13 124
89 124
55 67
8 17
31 145
66 73
28 137
16 141
96 133
17 154
58 95
112 120
34 136
76 139
57 77
143 146
75 141
114 146
23 114
137 139
26 138
17 153
2 72
13 16
46 106
135 141
61 97
2 55
81 125
30 45
91 98
85 93
64 120
45 99
38 132
60 117
76 132
55 100
67 96
133 142
20 135
23 129
20 115
40 140
34 141
98 135
49 68
43 135
46 113
117 122
29 126
35 146
1 61
96 102
12 31
3 47
54 69
36 80
93 149
62 115
16 88
8 64
48 115
20 83
79 153
90 119
9 144
68 113
43 71
24 80
26 126
63 138
7 122
21 107
75 144
35 112
39 43
23 107
115 125
5 144
55 63
64 101
8 33
109 134
72 85
138 153
55 97
3 79
40 120
39 72
92 140
41 81
74 134
26 121
70 94
86 140
95 108
85 142
9 92
8 111
65 105
8 114
54 101
34 119
6 76
74 76
22 61
23 141
19 40
16 77
143 151
83 153
112 126
38 94
6 74
80 148
76 119
43 48
15 109
74 140
39 85
5 135
10 64
92 150
79 99
40 81
27 90
113 138
48 105
51 138
36 145
103 122
90 145
9 13
24 49
39 148
0 132
11 151
6 131
40 64
59 99
1 105
20 101
55 153
6 115
67 119
74 125
127 139
56 136
27 41
93 152
51 53
82 84
95 145
117 125
105 154
7 78
54 91
75 116
57 94
53 109
5 40
41 135
33 84
55 84
26 104
81 87
104 153
33 47
43 152
50 133
10 35
6 152
25 37
91 99
0 12
32 96
40 82
15 36
120 133
10 127
39 121
87 124
123 134
49 103
105 138
115 122
43 114
109 130
44 94
134 136
97 126
14 149
38 81
73 101
76 94
6 123
13 68
127 132
83 112
16 39
58 82
26 71
5 78
7 15
67 72
98 117
3 69
24 28
34 148
70 146
81 151
15 113
51 108
39 99
11 16
42 135
40 104
20 99
82 141
85 148
140 149
26 52
49 119
131 148
13 42
7 69
64 152
30 124
132 147
126 143
75 85
5 127
13 40
4 97
2 6
84 119
35 47
108 133
25 120
25 85
26 44
10 144
20 43
21 69
58 77
109 128
16 35
82 124
76 150
26 145
4 72
10 98
43 115
61 108
29 54
22 43
94 119
81 137
21 32
122 131
82 121
77 150
98 124
10 63
72 118
8 144
101 104
103 114
11 110
82 147
78 144
58 133
7 139
39 107
84 87
46 146
40 132
12 118
143 149
54 98
4 80
79 101
49 133
89 96
6 16
89 134
55 79
12 59
100 103
58 80
44 62
92 105
78 131
0 48
36 102
2 78
81 134
140 154
90 105
82 91
32 135
40 144
96 145
11 57
9 142
1 83
44 148
9 35
52 92
34 41
42 74
47 85
72 133
31 128
23 62
33 117
25 140
103 127
11 33
54 146
84 100
39 112
29 96
24 149
5 9
115 154
39 90
79 130
39 64
110 120
33 92
30 136
13 48
36 48
6 140
30 90
88 97
50 122
55 57
62 141
37 55
52 82
6 58
19 115
90 102
33 57
87 89
28 148
34 43
46 151
34 112
36 154
8 42
80 97
96 111
28 91
44 104
48 91
59 81
65 140
32 117
19 154
64 91
55 149
45 140
112 127
33 106
68 89
94 101
89 94
36 101
115 132
129 136
102 145
50 137
18 22
11 81
35 106
82 90
17 104
24 131
9 39
17 61
15 148
12 93
36 113
3 19
133 141
52 73
25 119
74 103
15 97
11 148
18 77
20 35
6 48
16 36
98 140
75 131
102 135
75 137
50 130
59 149
63 122
2 150
80 150
5 64
15 144
41 105
57 73
50 153
55 58
16 33
17 75
11 152
123 153
14 91
40 146
8 75
64 147
7 39
55 119
52 66
32 130
59 71
57 117
97 114
3 101
120 121
47 95
13 123
127 149
71 94
50 53
66 71
41 138
48 54
8 20
14 61
42 141
27 71
25 146
51 154
25 108
108 143
14 107
63 117
101 147
112 151
11 98
49 77
83 140
104 129
52 86
92 135
56 88
7 9
14 99
42 90
47 77
13 97
51 120
37 95
2 138
16 25
45 106
4 52
91 123
12 84
93 145
132 151
10 30
88 98
21 101
48 128
88 112
91 95
25 66
44 82
113 147
97 104
91 122
108 119
27 100
72 82
27 38
80 123
29 114
111 145
72 74
41 89
99 139
53 124
27 112
47 53
41 48
116 141
114 137
57 109
59 153
42 145
90 92
11 115
99 142
100 151
23 48
22 116
23 66
13 147
51 128
79 139
20 134
84 149
150 153
94 135
92 138
80 135
5 75
24 130
36 143
26 119
33 115
15 44
43 107
101 128
21 79
8 108
62 148
47 133
47 67
28 45
47 75
8 131
112 125
4 68
70 114
16 76
22 103
81 132
68 144
86 102
68 120
108 117
63 85
7 73
20 124
4 94
26 139
0 14
31 56
16 100
44 136
12 15
49 142
66 68
11 102
28 146
45 83
15 67
130 137
43 150
19 37
6 54
6 122
26 27
2 93
30 120
8 27
2 18
19 149
31 100
29 40
94 110
39 146
5 38
17 92
12 95
20 88
47 137
0 82
0 30
5 154
59 88
140 145
17 23
29 31
63 147
80 116
58 132
51 117
9 134
13 109
114 118
39 83
28 87
97 113
61 78
27 128
39 47
1 92
10 57
63 143
102 154
22 68
142 148
57 125
36 82
21 153
110 130
58 97
2 109
106 135
73 92
107 120
0 53
7 109
23 55
48 84
12 70
86 126
124 129
89 102
51 87
21 35
69 93
143 150
54 147
64 127
20 153
13 150
41 144
41 47
100 141
44 144
34 118
83 124
37 108
60 132
82 111
26 74
106 133
39 126
62 118
4 10
78 82
54 140
86 111
39 77
60 154
73 105
136 143
90 136
13 69
64 114
53 144
142 151
4 91
105 137
83 101
10 67
66 101
51 111
9 125
12 131
37 148
25 142
8 60
0 146
1 6
14 109
81 130
122 150
60 125
32 54
81 149
23 67
114 154
21 149
77 91
85 122
12 33
12 67
84 139
52 74
31 73
9 112
47 125
85 102
107 140
118 122
57 102
35 63
74 131
39 131
36 39
77 96
106 130
114 153
81 152
31 45
35 88
85 103
77 144
40 70
41 95
114 128
0 133
29 66
78 117
11 126
32 58
56 66
62 101
12 69
21 98
113 124
9 120
36 140
47 122
108 136
33 137
3 115
93 108
13 82
10 139
60 88
5 151
7 31
34 85
44 101
52 142
2 136
121 123
77 141
36 45
48 144
2 97
34 146
3 126
28 55
63 102
3 21
23 94
75 114
43 82
43 124
120 132
35 75
26 152
53 104
22 23
64 73
1 36
47 60
73 142
14 50
5 153
45 89
71 100
50 56
53 76
4 123
126 128
105 114
10 60
115 128
27 59
55 138
11 84
0 72
24 44
18 114
48 113
30 50
16 28
75 146
33 82
47 119
23 146
46 65
47 110
78 104
55 128
25 54
15 126
42 128
36 57
78 88
19 97
118 146
8 26
8 36
51 151
93 94
16 74
47 96
135 137
8 25
31 72
109 126
59 121
23 108
23 152
7 151
1 109
22 104
38 110
125 128
38 85
45 50
67 132
27 103
5 53
83 144
9 71
14 93
36 149
20 40
0 148
121 150
79 93
131 135
102 129
14 73
25 134
8 66
28 32
62 117
96 104
131 132
14 148
56 124
100 111
35 131
4 108
17 50
31 154
75 122
22 108
103 139
22 135
40 138
6 21
21 120
12 148
16 62
89 125
9 140
0 7
56 58
14 139
1 100
97 116
67 139
14 87
9 91
52 68
78 90
38 40
101 142
4 64
5 112
77 132
65 102
5 110
15 123
35 55
71 148
59 103
17 36
128 137
15 95
90 139
49 113
68 117
31 87
92 152
55 93
52 78
69 74
2 123
55 104
91 116
62 103
93 135
115 133
117 134
13 117
6 148
9 24
76 146
97 115
4 142
77 87
9 143
5 36
40 47
44 143
13 78
74 85
13 115
124 142
65 118
20 70
108 116
59 77
17 86
15 142
80 117
128 152
28 54
54 64
42 105
67 149
63 113
105 106
121 137
12 152
5 79
89 107
98 109
45 100
79 148
24 75
3 105
1 16
5 68
77 106
92 93
54 137
29 58
120 136
101 117
6 100
103 131
3 67
69 84
108 142
19 26
35 46
25 113
46 107
117 127
31 130
28 88
77 146
40 129
59 97
25 109
53 97
20 108
6 10
135 144
85 109
47 61
11 24
67 102
26 122
93 115
45 49
15 92
23 59
55 116
108 118
106 116
25 96
33 36
3 16
21 131
4 124
33 42
112 137
73 134
100 120
31 106
70 123
36 41
78 86
76 106
29 147
73 85
98 128
22 69
67 77
35 130
25 74
66 103
40 130
86 95
27 93
134 139
81 82
42 71
3 93
114 148
32 89
83 154
107 148
1 54
67 105
102 124
40 96
30 63
63 64
65 142
75 83
131 151
35 42
71 74
47 128
51 142
89 119
13 101
47 59
36 152
23 43
37 67
83 116
87 102
30 119
13 14
45 80
65 99
78 153
108 124
5 81
39 110
8 139
109 141
72 130
92 147
75 94
27 78
64 92
107 111
7 40
102 116
13 141
13 29
83 128
66 95
145 151
95 112
34 84
2 74
76 105
67 141
87 101
2 13
56 109
5 145
97 153
44 55
12 22
46 96
106 144
35 98
20 79
38 41
66 154
8 70
41 100
45 113
48 63
66 110
78 151
71 91
57 93
7 153
83 131
102 141
13 19
0 63
48 153
50 126
114 139
51 61
70 142
22 33
4 15
28 132
100 118
37 107
66 150
23 112
30 137
55 82
137 144
20 150
76 141
115 151
8 23
120 135
72 102
14 102
100 150
13 131
30 141
41 59
22 154
43 111
71 144
17 19
30 150
84 92
147 154
61 144
29 137
30 78
10 44
18 141
34 107
0 69
118 135
73 89
25 136
71 128
105 149
40 83
25 73
53 82
119 148
85 123
65 126
88 138
20 100
34 100
73 96
17 120
38 75
34 55
116 120
7 25
71 124
26 99
57 67
19 81
88 118
41 133
30 60
33 146
85 86
52 153
91 115
119 143
49 144
95 96
73 100
64 100
75 117
57 90
26 35
32 118
153 154
112 113
6 132
106 154
24 86
95 131
79 152
118 130
39 120
3 23
39 108
84 130
27 53
70 103
94 111
26 97
49 53
110 133
86 130
27 88
4 81
31 116
103 107
43 93
22 74
83 143
12 74
22 147
28 76
145 148
103 113
84 147
51 148
95 110
68 115
16 138
85 145
9 33
106 109
51 70
59 101
20 60
26 128
90 148
14 19
35 53
17 135
61 91
60 139
15 103
126 131
91 153
99 152
4 122
37 104
135 143
29 84
36 114
33 74
2 31
48 49
33 149
125 133
26 112
110 128
110 112
2 63
69 115
56 130
107 126
31 71
130 148
79 103
42 122
29 79
15 46
49 87
9 12
71 112
12 129
68 116
16 57
36 49
113 143
5 25
6 92
22 91
15 150
20 127
66 146
55 102
29 101
1 72
38 129
48 71
72 93
64 67
0 88
20 28
66 149
29 111
7 11
136 150
86 123
65 95
42 60
64 126
73 152
111 124
45 126
67 114
55 125
4 131
114 132
12 75
31 58
48 120
2 24
38 87
30 107
46 98
83 99
102 131
2 108
6 62
7 41
64 142
22 27
92 120
19 30
45 66
13 20
72 139
56 147
91 151
10 126
46 154
60 128
53 117
112 118
29 41
80 125
61 87
38 154
144 146
48 127
117 139
76 115
74 90
1 70
5 7
45 145
9 96
34 149
68 106
28 75
84 127
98 121
26 45
104 109
51 52
35 54
34 96
112 128
7 97
114 151
94 98
28 115
89 111
29 64
3 28
48 77
71 146
58 113
10 78
108 121
21 48
46 52
5 67
18 81
31 117
57 65
103 133
124 140
81 138
6 39
0 3
44 132
20 76
46 67
50 70
32 69
73 84
26 49
69 79
33 105
7 29
41 72
122 151
146 151
45 78
61 65
114 134
48 130
1 111
132 135
53 110
69 100
88 116
111 139
123 130
81 83
18 68
63 68
8 37
33 60
70 76
51 73
80 129
61 69
106 127
22 77
74 96
23 96
18 125
117 119
88 94
4 46
81 100
8 29
124 146
34 113
67 145
54 65
87 136
51 153
79 102
104 134
15 146
21 128
68 97
11 15
29 144
15 34
76 124
22 35
78 146
42 146
50 69
32 46
108 127
107 129
63 99
77 129
66 113
40 89
60 92
74 127
7 154
64 80
0 94
83 109
37 121
138 144
81 92
67 85
18 36
22 99
10 146
59 90
4 55
39 40
93 120
104 137
37 100
54 135
40 107
60 113
105 119
22 146
29 138
41 148
15 66
13 24
34 53
1 31
57 113
61 110
42 144
1 24
46 114
16 72
23 38
5 113
30 47
83 113
36 55
4 90
80 87
108 145
15 89
12 112
118 138
2 140
83 93
137 154
6 110
104 124
43 79
68 140
27 56
28 72
42 136
1 121
29 62
28 140
79 109
79 94
10 19
87 130
19 141
42 139
91 111
50 140
46 87
44 153
119 140
36 105
144 151
23 84
130 147
38 47
50 106
16 44
4 61
120 128
51 123
125 136
65 121
53 73
63 89
120 151
6 17
76 130
20 80
2 47
16 51
7 141
58 99
22 95
85 94
57 107
14 154
89 90
96 134
56 148
57 96
39 100
136 145
105 108
55 129
110 123
19 63
84 104
35 121
24 29
65 120
125 132
24 154
79 136
67 124
65 112
75 80
95 128
21 81
68 136
63 126
5 101
44 70
81 85
82 128
84 121
64 79
71 97
66 89
79 142
61 115
9 137
23 103
109 137
39 66
52 85
107 146
18 97
129 146
8 117
120 137
44 61
88 120
55 142
5 19
48 55
71 108
24 95
26 113
16 64
2 103
115 143
106 119
18 62
53 142
116 128
93 98
58 108
9 119
10 150
47 84
39 102
107 108
23 54
57 147
12 120
37 154
32 50
3 73
41 65
18 86
47 100
62 79
82 139
40 91
85 112
58 69
47 65
31 132
67 113
7 85
40 151
109 145
43 106
49 54
10 58
9 151
22 128
86 127
113 144
74 75
29 135
0 107
25 131
3 135
7 62
13 134
54 143
4 92
19 21
115 153
30 85
116 124
104 152
21 118
35 117
41 96
47 150
125 134
35 85
98 130
37 146
67 101
123 152
106 134
2 60
15 138
41 75
39 119
111 119
5 76
22 140
80 133
56 103
21 102
44 92
30 121
1 135
64 108
93 113
54 134
1 142
67 74
4 31
12 108
0 144
29 88
21 152
4 154
76 97
47 142
107 139
25 148
24 142
9 130
62 129
101 107
22 65
24 57
0 122
15 55
98 133
50 75
1 10
105 118
98 116
22 80
24 107
30 140
56 140
61 121
51 105
130 134
45 82
91 125
13 95
37 140
37 54
18 101
43 118
20 74
15 115
33 151
66 123
40 94
71 107
125 141
73 123
124 154
42 132
56 63
14 142
70 102
35 102
135 140
53 62
75 77
51 147
85 139
12 121
68 121
31 152
100 145
53 84
24 79
13 112
30 76
44 59
40 77
7 149
48 114
37 136
69 103
116 144
21 47
16 144
64 122
99 134
78 124
69 107
62 112
3 146
77 104
11 143
47 135
51 65
11 99
20 90
99 108
2 3
60 100
75 130
116 148
22 31
65 66
26 133
43 116
6 119
56 129
63 74
105 129
8 98
23 58
77 119
2 22
20 152
21 40
27 148
75 97
18 44
55 59
86 139
66 129
69 139
25 150
91 101
3 68
67 146
28 65
44 154
18 128
87 91
21 64
25 62
35 115
26 89
57 88
97 134
35 61
81 109
36 134
50 127
38 54
17 109
120 127
21 87
17 116
0 96
5 152
60 140
8 41
63 128
39 61
46 141
32 151
61 88
28 123
93 125
17 64
17 108
46 120
2 87
2 137
133 135
58 101
30 39
63 79
69 96
1 114
41 137
31 36
56 59
69 123
50 55
90 110
28 122
0 98
78 135
48 62
25 77
22 121
3 9
32 133
56 65
46 105
11 27
77 128
129 139
93 122
62 88
72 80
13 31
36 147
16 18
27 67
14 80
63 148
61 93
7 13
107 150
17 51
24 78
68 146
19 51
0 105
4 60
98 125
9 95
116 146
26 93
104 125
76 85
87 128
68 150
50 108
59 152
48 145
77 94
11 38
92 146
102 120
19 147
17 57
23 134
53 98
99 154
75 124
26 31
12 137
122 130
54 109
104 154
0 60
55 65
43 49
106 129
33 89
43 126
43 153
5 30
5 49
110 115
54 128
20 85
109 152
54 104
81 93
3 40
84 135
64 123
112 134
36 128
85 106
95 134
2 10
70 141
37 92
53 80
73 119
52 75
3 65
24 119
67 81
34 131
13 17
95 103
2 84
23 35
37 133
68 72
50 54
102 153
123 143
96 116
45 146
27 54
93 100
14 79
14 38
47 138
6 84
51 104
50 91
35 100
60 62
24 132
45 103
15 71
56 135
97 107
50 147
44 48
62 121
58 120
28 117
33 139
62 136
17 55
52 96
27 69
2 48
14 85
67 111
40 59
24 48
38 109
51 75
122 140
13 133
1 42
71 150
69 124
27 30
14 24
10 111
21 60
84 94
43 85
142 150
37 79
102 127
35 139
110 146
27 154
100 133
35 144
19 52
140 142
87 139
12 94
19 72
92 110
11 56
18 138
92 125
50 86
93 138
29 146
58 137
41 114
24 108
10 39
77 149
41 118
34 150
54 108
107 116
111 137
114 140
14 58
10 76
15 85
3 104
111 133
3 90
26 40
73 115
58 84
37 128
17 22
40 60
16 19
85 87
80 108
118 123
19 144
139 150
57 148
21 72
44 134
15 63
27 62
9 82
55 61
23 63
37 110
17 83
59 80
11 89
21 147
66 102
58 154
42 120
55 145
22 123
104 113
31 99
28 53
37 46
59 119
44 146
73 139
48 136
73 98
47 136
87 115
71 154
94 99
55 107
0 135
118 132
111 148
70 99
78 150
110 144
109 119
19 28
119 134
30 131
130 140
24 35
113 119
8 116
42 79
46 64
21 94
26 135
20 113
95 150
110 150
86 145
92 101
85 98
68 79
62 83
82 123
17 54
40 66
52 55
41 83
127 140
25 65
28 138
49 56
107 117
6 19
74 128
107 112
138 139
28 46
72 120
67 80
32 45
41 140
88 90
39 41
27 151
49 152
47 139
1 3
11 65
27 137
61 109
8 106
41 68
100 153
134 135
74 126
26 51
39 135
107 123
88 95
22 49
95 98
9 132
59 68
65 119
14 108
72 111
105 123
69 88
36 151
81 141
3 144
21 83
17 41
15 81
92 95
92 122
33 140
19 27
68 127
78 101
67 143
34 152
19 32
40 63
80 131
24 102
25 129
14 141
18 144
58 110
13 98
111 135
51 72
19 145
51 115
112 140
23 117
0 29
64 119
25 102
43 88
10 89
27 141
69 112
91 106
25 36
107 124
59 142
15 88
55 77
74 145
54 55
18 131
96 125
46 121
14 100
39 142
23 113
56 144
46 137
99 103
14 36
71 138
22 45
14 124
96 147
70 139
16 96
8 61
25 139
37 88
32 38
39 104
31 89
76 87
19 117
68 96
44 137
31 151
112 154
17 32
69 73
35 73
88 130
27 80
22 71
20 37
6 85
52 57
32 44
22 113
57 66
71 114
110 136
60 106
59 147
84 132
122 127
12 51
127 151
39 98
109 115
50 52
104 126
29 148
69 102
45 118
74 77
2 121
7 87
46 75
6 68
17 148
113 115
24 85
132 140
35 59
94 112
33 48
19 110
102 113
70 78
97 129
38 108
38 72
67 90
71 134
20 71
86 108
69 145
7 44
52 79
127 141
48 58
45 56
124 144
67 71
2 129
111 129
61 125
63 95
42 49
101 106
37 42
46 49
56 69
22 138
81 104
73 151
42 104
96 118
83 149
104 133
1 46
6 73
14 146
109 143
27 81
19 82
16 79
15 56
38 142
11 48
24 127
7 95
78 98
111 118
129 147
20 107
38 66
94 152
69 98
36 65
48 88
116 127
24 32
15 110
100 143
38 141
109 154
26 105
115 139
75 123
100 124
47 151
108 149
24 30
134 152
82 102
71 126
23 133
5 32
8 110
69 132
2 128
103 119
70 135
14 104
0 24
40 134
16 120
63 119
89 150
17 49
35 135
43 74
7 65
19 130
31 44
55 154
15 59
35 86
26 34
59 125
59 94
80 105
28 77
68 76
34 75
87 97
1 74
9 152
37 84
131 153
80 98
41 98
99 112
49 79
8 83
63 75
62 134
38 105
105 134
61 83
9 109
4 85
2 57
8 147
127 136
75 135
74 113
83 114
91 105
8 59
59 86
40 52
77 109
108 110
134 147
117 153
115 119
9 98
24 110
132 144
116 117
34 46
7 59
94 141
46 74
112 147
57 114
109 110
2 132
98 143
17 91
14 63
11 135
50 72
14 92
71 87
56 61
114 119
88 91
104 122
16 133
70 144
6 52
78 96
70 87
86 136
65 113
67 140
120 143
6 86
45 52
123 141
21 23
103 117
3 142
76 143
87 95
79 115
72 114
85 127
100 129
90 127
21 50
47 80
39 144
10 106
14 105
31 115
102 137
18 21
40 44
59 146
46 140
19 33
54 59
41 154
20 139
118 134
113 129
9 149
128 154
68 139
68 73
31 42
14 55
21 117
0 128
65 138
91 128
52 84
32 86
32 109
26 83
47 116
112 116
37 94
113 140
13 85
5 122
102 106
64 129
28 47
27 58
16 84
106 108
74 108
41 146
90 126
94 114
107 132
40 111
2 20
67 82
66 72
93 126
61 84
37 56
17 97
18 70
20 140
6 32
57 64
1 84
30 118
26 154
69 121
32 132
75 76
76 148
6 41
54 80
140 153
