156
10
10034
60
145 2
168 2
338 2
332 4
327 2
419 3
98 3
306 1
359 4
199 2
46 1
204 1
131 4
175 1
272 2
25 1
251 3
39 4
403 5
71 3
31 2
178 1
168 3
77 5
127 2
292 1
97 5
396 1
137 3
124 4
206 4
48 1
158 1
189 2
214 1
291 2
153 5
359 1
169 2
85 4
219 4
55 2
193 4
241 2
214 5
425 2
357 2
55 5
184 4
72 4
373 3
145 5
410 2
295 2
147 4
309 2
53 2
271 5
330 3
234 1
75 4
321 2
139 3
344 1
291 2
113 3
218 4
213 2
185 5
91 3
419 2
242 4
307 1
46 1
205 3
33 4
93 3
162 2
298 1
269 3
112 5
121 3
282 4
103 2
285 1
176 5
389 4
190 1
377 1
402 3
375 4
115 2
365 5
170 3
260 3
353 2
183 2
266 4
386 5
168 4
301 2
231 4
397 1
286 4
382 4
32 3
374 5
278 5
327 1
256 2
121 5
323 3
301 3
340 4
280 3
405 3
321 5
107 1
393 4
393 4
422 2
51 1
46 2
107 3
164 4
39 3
278 2
55 3
363 2
190 4
357 4
349 1
315 5
283 5
404 3
35 3
221 5
228 2
172 3
380 5
78 4
255 1
292 4
208 5
183 5
161 4
89 4
119 2
310 4
371 2
40 3
238 4
391 3
69 1
373 1
280 2
11 59
46 103
34 143
55 66
26 74
23 143
40 49
29 130
8 82
5 85
17 55
36 105
58 146
41 144
4 77
78 134
83 84
53 92
63 144
3 77
3 40
42 89
17 100
75 82
37 127
34 154
6 100
131 142
61 69
27 67
82 83
20 53
76 86
8 74
71 123
37 115
9 151
7 109
63 120
27 131
3 105
7 153
4 42
101 108
34 109
32 40
80 134
91 138
72 99
108 111
101 127
5 112
81 151
122 147
8 115
5 75
66 91
33 119
46 109
15 50
22 60
54 117
26 28
55 78
16 115
108 133
87 114
129 131
14 106
68 72
70 92
56 97
103 155
96 127
66 97
46 98
84 151
50 105
0 96
79 127
98 102
9 34
62 108
19 69
99 127
44 74
6 38
32 99
75 81
45 66
61 135
82 109
46 71
101 147
131 150
54 57
102 126
79 123
47 152
13 110
75 104
68 132
48 70
98 115
88 112
122 123
78 152
7 88
39 108
7 132
114 118
32 38
26 132
52 151
73 85
7 25
17 108
50 82
24 64
41 49
43 106
102 137
67 144
104 144
48 100
51 129
18 24
94 145
88 97
13 111
120 150
121 126
11 72
9 106
23 125
27 122
80 115
35 146
55 152
35 63
34 88
22 127
82 87
25 113
97 152
23 111
11 93
58 148
83 141
102 142
21 41
18 26
108 109
9 19
86 91
28 153
33 88
14 150
6 114
72 123
102 103
31 147
4 28
3 60
63 119
66 140
93 110
3 8
87 131
20 135
22 83
22 95
75 122
5 136
73 94
1 95
86 129
67 149
43 59
44 62
102 140
55 148
26 56
30 41
20 88
42 55
9 67
75 89
31 52
19 24
14 24
6 26
88 134
16 149
19 115
6 69
88 119
35 103
64 110
12 56
16 103
87 110
20 145
58 87
31 76
21 46
97 116
19 29
22 77
82 127
75 125
26 155
37 103
28 39
41 43
29 113
7 124
17 45
104 140
20 124
88 111
98 132
28 84
53 55
21 104
22 135
16 145
86 136
50 141
40 128
105 120
59 65
6 88
123 134
134 145
3 64
108 150
145 150
129 144
15 131
7 47
43 82
35 89
8 152
7 94
103 149
62 148
10 78
56 58
81 90
45 110
13 35
133 141
21 34
71 77
41 104
1 71
122 136
64 154
77 146
6 53
27 72
55 70
50 144
55 146
70 126
34 81
11 117
16 104
64 105
37 88
51 123
7 44
0 25
45 46
57 111
119 144
17 123
8 134
44 111
81 82
74 104
45 101
29 129
7 28
98 122
5 145
61 97
22 112
70 89
6 33
83 137
76 114
45 71
30 49
27 119
57 121
109 123
11 42
138 155
79 145
133 153
51 143
23 86
14 131
130 138
17 131
114 145
11 38
57 96
50 57
81 104
60 117
1 108
107 117
89 123
83 138
63 134
44 151
4 142
15 95
147 153
75 126
56 81
98 147
32 100
29 36
8 67
13 58
40 87
40 150
96 141
1 141
68 112
1 103
7 72
16 144
50 153
94 112
34 115
96 120
53 101
36 39
10 99
92 107
139 141
13 120
10 90
27 137
71 152
29 48
88 147
12 136
92 112
24 53
107 121
63 64
17 76
47 67
21 81
74 140
127 149
4 24
27 68
25 56
6 21
1 32
28 110
86 151
92 150
1 70
131 144
22 78
44 66
113 152
91 96
40 141
68 86
35 53
40 113
10 11
9 130
105 146
7 74
110 139
78 85
8 101
53 133
52 136
34 80
72 92
22 34
28 112
6 110
18 152
44 96
52 55
109 129
59 111
21 120
67 141
79 134
42 104
43 57
49 70
43 127
61 115
1 56
22 55
91 108
4 108
53 94
6 41
25 72
34 120
134 139
86 153
101 115
89 107
15 85
39 96
2 89
24 116
64 86
39 126
36 138
0 154
19 140
17 34
3 35
47 154
73 123
8 63
75 153
16 140
13 70
3 49
52 64
47 86
55 98
113 149
76 152
53 123
74 110
6 51
54 113
32 58
41 81
44 72
104 110
59 91
19 122
79 146
19 151
43 96
19 132
139 152
14 151
24 139
0 128
3 147
6 13
39 144
138 140
101 140
2 107
111 133
94 147
46 135
119 134
78 83
112 115
43 58
22 113
43 148
77 152
89 108
16 130
75 93
46 122
72 105
75 88
2 45
25 69
122 142
2 86
49 103
56 140
26 42
6 137
66 80
64 122
96 121
65 72
100 140
38 125
80 135
9 153
121 152
63 129
55 127
42 80
42 129
7 27
2 6
81 123
54 129
8 81
66 141
4 17
126 138
3 130
4 32
64 75
9 88
90 110
142 151
20 22
15 127
5 15
41 89
16 108
30 117
13 149
47 111
60 118
25 57
7 101
40 94
21 43
57 103
15 20
35 137
122 155
75 144
25 97
26 116
13 27
1 63
28 144
37 130
21 149
92 137
80 121
43 99
25 34
118 134
81 103
62 138
1 86
14 95
71 126
18 94
61 98
101 107
81 129
47 119
58 62
73 132
2 28
52 99
68 142
40 79
38 45
46 153
17 109
55 129
33 36
64 146
80 148
80 126
35 152
53 107
7 92
28 104
45 135
2 98
14 143
7 8
77 121
93 148
36 72
12 37
27 29
132 151
88 133
80 147
43 88
34 124
7 111
8 89
9 117
44 91
51 130
8 37
22 65
76 120
31 53
90 139
36 50
31 94
21 25
106 121
65 77
83 145
4 40
82 148
39 60
4 21
33 84
6 139
112 147
39 40
78 118
85 140
26 102
17 144
31 69
67 79
39 95
0 43
146 148
20 132
2 103
62 64
136 148
93 106
51 120
38 99
12 115
67 96
4 61
32 143
3 74
39 53
46 92
131 137
40 112
145 155
107 155
32 132
71 133
44 47
31 51
15 74
3 143
0 66
99 109
11 28
11 113
74 109
25 46
103 153
118 147
148 152
59 93
24 92
112 125
63 131
62 100
100 139
54 85
89 144
35 66
48 105
115 149
9 25
120 152
17 39
38 147
11 81
5 111
13 16
127 146
93 130
25 91
73 101
69 146
10 63
18 54
34 129
15 154
35 71
1 136
66 119
4 129
100 129
17 146
40 110
62 140
15 55
79 136
15 124
41 51
11 111
56 101
54 88
8 20
24 32
17 53
12 71
14 72
78 109
40 93
61 78
43 150
23 137
0 109
51 106
32 95
0 99
56 145
94 105
42 154
31 56
13 105
40 42
32 48
89 148
90 95
65 81
47 100
96 114
14 42
116 152
42 86
7 112
23 154
51 92
7 30
29 100
46 93
4 153
99 142
58 127
20 48
48 121
82 118
43 129
51 124
20 57
55 118
99 139
45 80
91 143
13 79
25 52
60 68
69 84
15 63
10 49
41 76
81 98
56 88
40 106
129 132
92 103
3 54
86 134
53 154
88 104
86 148
41 88
43 136
27 53
110 148
65 129
89 147
96 100
27 70
46 127
71 90
47 115
6 24
51 117
30 68
71 80
19 142
53 138
31 104
27 82
33 129
111 134
89 117
56 137
42 90
17 120
33 86
24 66
97 145
97 136
16 54
106 123
83 105
21 65
63 106
20 109
17 49
72 76
136 151
92 151
91 94
48 143
75 139
24 103
5 54
26 90
33 79
73 74
19 99
53 56
21 53
31 127
5 69
46 69
30 69
25 71
27 104
98 133
14 67
6 35
62 117
137 143
66 108
47 96
67 154
67 126
61 113
59 135
39 55
17 114
20 99
5 43
7 38
65 84
30 146
70 139
88 148
69 130
18 20
24 155
94 107
44 135
54 125
37 104
125 131
0 122
102 127
90 91
18 32
25 127
4 34
92 114
14 37
121 136
5 121
29 96
140 150
110 143
8 140
68 138
85 92
45 52
3 129
33 154
59 109
84 114
54 77
58 114
30 76
47 137
42 56
8 110
79 102
24 27
38 139
46 131
24 82
80 150
115 147
95 120
51 81
10 53
27 98
72 138
23 115
9 40
46 77
13 71
90 131
106 126
18 124
36 41
54 131
26 100
57 123
78 155
128 142
0 125
104 151
78 149
25 38
48 50
0 67
54 138
22 126
86 115
60 62
31 90
127 133
83 95
134 138
84 98
1 38
5 41
40 107
7 11
96 122
44 87
6 126
42 81
82 102
28 94
60 61
81 93
6 7
104 119
55 121
2 83
40 88
39 151
20 118
84 153
19 155
60 83
84 121
13 51
5 131
43 138
63 128
40 62
133 147
27 101
103 126
131 155
65 111
45 121
1 2
13 98
25 80
26 135
4 20
94 99
44 108
95 141
126 143
94 155
14 107
101 150
59 104
31 142
80 133
22 47
10 87
76 83
64 66
1 124
10 146
29 144
38 126
1 84
105 144
48 58
44 118
25 48
105 121
30 48
29 153
60 63
29 108
38 60
37 69
111 150
38 42
19 114
43 67
62 69
83 148
72 102
40 155
67 117
76 82
13 39
42 125
77 107
68 122
55 96
61 117
74 85
32 131
16 154
101 135
6 46
47 62
30 95
106 114
65 78
33 101
15 121
17 30
58 74
59 112
111 147
5 67
34 46
52 77
4 128
5 71
123 139
76 133
48 83
12 106
45 78
65 102
61 70
151 152
42 139
53 84
93 108
74 108
43 68
116 145
93 113
1 24
109 134
37 80
49 149
57 154
110 115
67 81
7 49
31 92
44 141
37 153
2 118
70 108
34 73
25 116
61 150
10 40
112 121
23 50
55 68
50 81
28 148
16 78
23 148
37 74
58 155
41 93
1 87
74 142
34 37
23 118
47 50
12 22
55 58
74 107
41 60
53 70
11 88
26 85
16 74
25 117
27 87
50 121
23 31
18 93
13 150
16 53
54 93
6 59
87 141
29 34
31 38
34 150
23 80
133 138
23 124
6 144
66 149
76 132
18 127
110 135
22 104
66 138
56 146
91 139
85 114
82 122
14 74
2 146
31 88
1 132
4 37
92 140
61 83
32 77
100 121
31 65
28 64
140 145
39 123
102 111
94 114
125 151
55 154
17 85
123 155
18 27
0 104
49 142
74 116
53 155
18 36
99 129
40 85
17 154
12 131
46 143
59 103
3 17
88 89
71 124
55 88
95 111
20 24
46 119
14 68
49 126
10 31
51 108
27 31
37 71
55 140
7 131
11 14
42 76
8 62
67 137
3 146
5 26
53 72
18 116
71 72
52 102
20 142
139 145
89 101
21 38
79 97
91 110
107 131
103 119
0 150
25 104
54 134
89 141
17 41
27 64
143 152
30 130
41 114
72 100
50 65
25 118
95 122
9 129
2 117
76 79
100 130
38 144
59 125
44 70
13 97
73 83
3 148
120 137
20 45
99 115
105 143
15 122
46 51
18 154
29 40
124 127
42 50
92 116
8 33
7 146
133 136
51 70
117 145
5 118
85 86
87 140
96 113
51 98
78 136
33 134
5 144
9 124
45 57
46 88
91 131
19 145
116 149
112 130
57 107
21 76
11 130
16 119
38 53
119 135
34 126
46 48
25 85
32 144
113 151
31 96
84 148
9 56
29 58
52 133
27 125
32 140
17 32
16 22
129 133
83 154
4 138
82 89
46 133
110 145
91 134
77 144
11 54
54 146
45 131
105 145
13 52
9 104
3 18
49 128
15 47
17 107
17 93
101 120
16 50
139 148
31 72
45 92
69 133
33 117
75 100
55 81
72 112
72 89
27 89
35 90
28 32
141 155
45 133
84 137
40 130
62 77
128 137
139 140
40 134
2 144
56 92
82 132
73 95
105 129
37 133
40 43
2 91
1 97
65 140
48 55
26 140
25 120
27 111
47 68
31 49
70 82
63 80
87 152
3 126
36 108
36 111
74 91
82 94
22 139
85 141
19 141
16 153
64 111
32 110
77 143
105 151
54 141
24 79
88 113
107 116
14 22
74 88
0 61
63 108
84 130
77 102
137 148
58 71
36 48
51 147
82 106
71 73
135 138
34 58
13 119
110 131
84 136
81 96
36 74
66 117
15 105
96 101
133 154
132 134
21 60
9 96
101 121
8 57
6 105
130 141
35 96
45 55
4 109
147 151
22 23
14 48
77 141
56 63
3 145
14 69
56 72
100 135
39 111
63 151
92 136
111 136
11 119
46 126
50 117
105 128
41 63
28 101
98 118
138 149
23 84
65 82
60 98
20 125
8 116
41 73
17 132
55 132
65 87
97 143
71 110
98 150
92 97
13 140
72 122
27 96
105 122
77 122
70 152
0 17
17 141
136 137
2 100
28 146
98 141
18 118
82 119
28 72
34 68
115 118
50 87
72 93
9 52
115 131
133 150
26 113
25 45
9 135
116 127
109 142
87 106
27 105
115 117
10 106
37 145
6 25
84 140
112 151
8 45
1 65
56 95
70 132
71 137
86 154
108 152
98 109
20 153
61 72
10 82
29 138
27 45
50 103
21 99
93 109
130 133
4 67
47 123
7 45
105 134
51 101
2 18
54 98
87 134
71 75
24 59
78 140
24 35
39 56
14 81
32 78
83 106
12 138
44 110
92 129
48 97
33 46
107 148
62 86
11 70
27 58
137 145
45 76
1 11
30 153
2 124
15 100
22 120
47 48
135 155
34 87
59 126
117 122
93 123
112 118
56 70
84 119
33 145
57 62
103 146
63 69
128 152
13 141
2 7
62 141
18 42
55 89
60 111
62 93
19 53
121 147
67 131
34 117
97 155
3 28
22 138
5 107
49 132
70 83
13 112
37 56
83 149
121 123
5 27
53 135
104 127
58 151
90 115
48 142
69 73
105 107
21 146
19 113
11 60
38 143
29 47
57 92
74 138
29 120
70 120
12 128
14 104
51 97
110 144
6 75
49 88
22 64
4 88
14 139
54 132
18 112
29 69
38 82
59 149
125 154
68 98
21 50
24 67
66 70
17 97
103 133
98 119
40 76
130 132
114 123
63 140
11 58
14 126
108 135
31 107
35 111
14 91
13 78
28 61
15 92
76 122
13 40
38 40
57 114
20 36
48 84
49 84
17 128
100 123
41 84
13 62
64 65
36 70
90 140
12 91
99 135
4 31
36 112
44 57
40 56
38 86
53 63
59 152
26 150
109 121
15 153
60 107
34 107
23 107
9 37
134 144
114 122
25 36
87 115
45 85
10 155
68 84
4 63
67 112
45 113
11 127
84 124
96 125
21 29
50 94
14 43
34 134
109 131
2 135
27 130
111 148
27 84
113 140
87 144
43 69
88 92
13 127
57 139
2 44
70 154
12 107
15 59
65 70
18 58
36 146
56 93
16 88
21 30
78 116
120 135
44 75
72 150
65 152
45 117
58 121
15 81
37 76
82 117
18 95
72 79
64 142
33 69
12 124
118 154
135 146
60 87
31 122
60 75
140 141
95 131
83 86
2 129
109 116
46 129
86 152
119 128
4 121
79 142
62 84
27 99
4 103
13 138
22 103
83 155
60 91
126 127
104 113
23 68
30 101
2 114
113 143
99 133
12 120
32 150
1 4
120 141
72 106
72 78
19 57
86 106
79 133
78 90
15 126
102 124
16 63
108 112
26 39
8 55
27 110
75 118
45 130
6 129
49 113
44 150
51 54
76 144
98 108
13 73
65 123
76 121
59 116
3 150
73 125
41 120
63 96
110 141
20 121
22 118
118 135
1 76
52 56
4 87
27 145
38 76
58 116
38 108
39 129
16 35
54 66
16 113
120 136
28 89
2 3
72 141
103 108
76 116
19 67
17 102
26 73
39 141
56 141
13 115
40 136
9 136
27 153
46 147
46 107
60 106
30 89
47 61
119 155
12 59
28 100
20 119
15 91
20 68
75 143
27 71
57 122
102 107
34 69
36 44
102 114
36 148
67 148
9 58
26 154
38 123
58 117
6 102
60 114
28 109
40 152
78 82
86 100
101 152
13 126
46 81
5 36
118 131
9 109
116 119
65 132
29 148
70 151
125 141
21 42
34 57
45 77
37 58
116 141
145 147
64 133
27 85
24 104
23 97
8 90
31 102
46 145
75 124
70 91
10 18
57 125
135 143
43 86
56 135
57 130
62 74
1 20
94 144
61 64
13 101
60 148
73 115
87 102
5 55
68 85
124 132
97 134
14 114
74 155
19 76
25 28
7 77
66 130
78 124
15 62
73 155
93 141
67 142
108 130
62 144
28 65
1 51
143 153
91 123
41 123
43 122
65 99
101 130
78 130
34 44
8 51
38 132
78 102
107 112
126 129
28 142
105 127
17 82
79 95
146 151
55 72
87 88
44 130
7 63
64 145
23 54
70 116
28 66
97 130
86 122
34 70
8 24
104 105
52 97
132 136
37 123
0 1
46 132
34 121
57 74
8 88
57 77
104 139
11 55
102 153
0 58
142 149
8 54
46 148
144 151
11 139
21 89
81 121
126 133
57 95
29 39
137 144
3 110
31 98
43 50
4 92
63 89
107 122
26 122
30 45
42 67
31 73
85 99
106 134
72 155
10 145
148 155
30 107
25 103
54 74
8 42
9 152
10 16
109 147
6 155
112 155
30 52
111 121
20 97
47 90
29 59
105 108
65 106
108 124
77 110
22 131
59 155
119 152
22 93
40 135
17 111
80 144
14 79
4 74
17 75
22 57
8 66
43 146
22 90
9 66
16 122
30 88
63 124
91 132
2 12
138 152
0 141
63 149
100 132
88 94
2 22
108 142
53 114
52 118
104 150
54 91
22 66
75 103
24 115
104 134
99 104
52 152
7 10
89 102
49 119
96 139
70 110
46 61
1 77
16 80
34 53
10 20
60 141
13 151
9 65
1 106
83 116
45 142
12 80
18 129
21 106
43 62
50 51
25 58
36 154
11 107
65 133
111 127
15 140
8 16
121 131
68 117
72 125
120 149
13 22
19 129
38 113
35 62
128 155
73 149
23 147
104 130
96 124
62 107
21 114
31 118
18 61
10 45
23 87
2 155
28 130
55 123
10 140
8 84
77 150
69 134
113 131
21 126
141 145
0 79
32 126
97 137
20 93
68 115
123 127
12 42
5 62
37 148
54 119
24 118
82 141
56 151
97 111
59 124
74 124
113 135
28 85
148 153
10 48
35 37
20 96
62 90
29 37
17 22
77 86
103 118
0 24
76 111
45 70
129 130
14 44
74 147
107 129
10 77
85 111
65 139
64 106
68 147
0 57
69 124
24 31
44 97
31 77
54 142
39 139
91 109
0 82
41 112
86 145
36 106
25 83
14 121
85 126
80 93
50 66
42 74
44 82
43 97
36 133
47 113
59 73
37 122
60 69
16 84
62 146
14 124
48 98
56 120
1 92
15 80
91 144
6 115
36 116
0 92
40 75
21 96
57 127
127 140
6 133
23 120
41 83
37 64
19 80
113 144
1 53
49 99
68 131
13 69
3 107
70 96
12 52
77 125
91 135
25 49
47 142
45 155
14 29
141 146
5 91
41 86
73 93
124 139
32 117
15 69
23 146
71 88
26 142
20 94
46 117
63 74
60 113
49 148
17 29
105 131
34 105
24 51
68 69
58 69
59 145
107 133
96 131
113 133
42 69
26 64
97 120
86 98
68 73
59 82
1 153
66 143
49 51
91 102
78 87
55 142
17 35
5 8
48 148
2 58
37 41
98 100
74 118
121 150
53 141
60 149
85 110
102 146
14 127
39 125
43 70
104 115
20 64
33 53
8 12
43 143
100 103
107 134
22 59
66 127
120 130
17 96
79 152
6 60
20 43
109 137
29 118
36 87
124 152
93 147
89 110
147 148
28 99
2 71
4 14
72 121
2 106
94 97
26 117
34 92
18 25
57 76
40 82
68 148
111 143
7 33
20 37
100 149
94 126
59 131
34 52
26 152
47 78
40 92
5 52
50 146
48 90
101 110
18 66
59 86
44 155
42 64
84 146
21 150
95 114
50 86
61 137
63 101
30 138
40 109
60 119
24 122
51 134
57 144
40 148
51 55
15 115
54 107
28 47
46 73
23 152
31 150
49 101
73 77
11 29
2 151
2 109
71 74
33 42
21 98
25 62
82 142
50 108
9 74
51 87
123 141
60 109
74 129
68 126
27 124
76 136
35 104
38 83
132 139
60 112
9 78
90 130
16 96
17 67
63 114
79 155
126 131
58 66
128 150
38 59
1 140
58 89
76 141
0 3
9 149
37 48
26 48
104 147
74 131
51 93
15 31
68 152
9 91
40 118
79 132
10 118
26 41
95 113
39 122
10 30
37 110
51 63
44 127
83 132
114 142
28 149
6 87
132 133
1 99
14 128
0 137
59 87
79 153
48 112
69 80
17 61
58 106
35 65
21 121
38 120
98 125
23 29
3 139
25 137
99 155
9 90
65 118
7 99
44 89
3 125
48 75
28 114
72 139
13 87
37 149
9 103
6 96
92 117
24 71
19 126
107 120
109 111
30 140
69 107
84 127
84 85
106 142
115 152
11 155
30 98
41 137
110 120
15 89
66 147
27 106
51 69
17 81
26 106
94 102
1 55
85 117
29 53
81 86
70 72
29 140
81 105
75 152
40 143
14 54
28 75
122 150
104 142
40 60
66 86
63 105
7 51
3 141
57 147
41 153
130 154
66 88
2 148
71 128
16 98
86 126
3 15
0 113
45 98
4 145
18 35
8 112
60 129
41 67
0 59
28 76
20 90
67 95
128 133
10 112
68 128
27 139
21 155
94 125
93 111
87 139
64 131
15 21
22 84
112 134
8 32
103 113
103 112
11 124
80 125
11 148
6 86
50 113
90 142
52 82
16 107
43 52
51 91
27 78
77 91
148 154
46 139
63 83
70 149
5 65
24 152
25 101
24 44
8 143
25 86
50 114
90 127
16 132
6 54
109 145
31 47
27 109
42 144
111 117
35 133
88 96
32 59
100 150
89 131
89 132
31 141
104 155
72 116
53 89
73 141
20 46
61 154
39 90
49 138
31 44
139 146
56 75
38 116
86 111
44 48
16 109
97 142
81 84
5 90
13 72
12 90
107 125
10 83
67 121
25 111
17 57
33 127
77 82
55 82
67 102
63 91
83 133
52 63
110 114
80 84
68 81
32 120
87 98
24 106
27 50
90 99
3 112
4 136
22 86
31 132
6 70
28 121
112 126
80 96
5 60
83 108
45 86
118 130
79 148
6 68
93 145
106 138
5 86
102 116
84 94
7 86
73 75
32 72
4 47
45 95
17 125
22 89
110 116
72 95
35 116
126 152
7 39
146 149
100 105
41 122
17 124
95 136
87 97
66 98
9 63
11 100
25 59
70 142
68 153
47 104
18 134
46 114
30 34
28 120
0 2
120 139
60 145
41 107
58 76
32 34
45 97
45 136
32 128
11 18
79 103
43 90
69 144
94 137
8 15
94 128
28 34
67 91
139 144
100 122
60 71
3 100
107 118
63 145
60 72
11 32
49 114
13 121
24 130
22 124
46 134
108 129
124 147
37 81
34 42
8 153
47 134
47 125
28 147
67 69
16 23
7 67
38 94
43 135
89 94
59 67
26 76
60 123
28 31
132 140
19 78
45 148
101 144
2 80
36 92
0 21
70 134
3 27
3 149
2 16
14 149
50 95
3 135
69 145
109 150
33 82
8 131
128 134
18 33
26 99
19 106
0 105
82 97
29 52
30 134
53 148
12 17
123 149
58 120
39 86
78 106
67 80
0 12
8 119
85 130
42 140
96 118
29 54
136 154
23 104
79 84
10 109
97 115
37 143
100 128
38 58
60 103
20 56
8 76
2 39
17 43
72 140
5 19
5 134
122 146
142 153
73 111
116 138
105 116
34 138
44 76
76 101
79 101
114 136
128 145
65 92
26 129
62 97
56 152
127 128
27 138
98 107
93 95
91 151
22 36
119 153
1 47
11 86
96 149
1 8
2 26
21 44
6 112
5 61
36 150
89 111
111 116
93 155
28 106
102 112
134 155
36 68
30 121
64 125
73 105
19 154
143 147
31 131
25 55
29 82
20 131
22 46
52 111
87 155
50 96
18 104
31 71
76 115
84 101
88 155
71 122
6 113
15 65
22 137
43 123
39 106
34 95
12 63
100 131
59 76
16 27
53 91
80 90
11 31
9 46
45 140
13 142
110 130
62 128
124 129
16 46
38 89
8 147
30 132
8 136
7 129
89 151
12 119
31 36
47 56
32 51
67 77
109 119
27 66
64 147
9 80
79 151
12 76
3 134
56 126
52 126
48 124
64 141
53 129
61 116
5 59
132 142
20 102
105 113
47 87
66 90
52 96
6 130
35 136
107 137
5 142
97 124
39 71
11 26
1 139
15 67
20 146
5 53
0 62
68 129
73 151
34 84
37 102
75 142
15 135
58 82
63 152
54 92
4 111
128 143
110 125
37 89
61 100
78 139
81 127
115 130
58 119
23 131
14 112
30 33
98 144
10 111
15 83
35 88
72 136
13 136
36 98
14 28
11 45
53 140
101 134
61 107
54 123
64 132
26 131
55 141
39 153
12 132
12 29
16 110
25 68
132 135
16 32
11 78
18 78
70 105
46 102
46 100
70 135
9 13
56 98
28 133
72 109
16 55
87 89
50 125
22 133
41 52
92 123
40 52
109 110
89 134
0 47
5 10
109 122
79 106
58 134
130 146
30 143
21 63
115 143
30 99
61 144
14 26
100 107
60 85
120 131
30 139
31 81
115 154
37 100
17 72
57 137
5 95
29 91
60 81
12 86
1 39
32 142
62 105
26 37
97 117
25 93
146 153
30 54
3 99
81 141
38 142
72 73
42 148
56 60
25 60
106 148
96 111
78 86
22 92
20 128
57 90
12 34
127 142
37 131
24 91
125 147
26 88
55 150
11 154
47 91
24 88
10 19
69 153
5 110
61 152
6 16
1 137
29 116
6 52
31 106
77 142
119 136
114 144
42 91
30 85
90 97
10 88
35 107
11 66
40 59
18 122
96 128
29 74
5 9
58 96
92 141
43 154
62 99
18 83
62 76
17 119
0 36
135 136
12 50
27 141
47 138
65 120
10 68
114 153
85 148
62 103
83 124
23 100
40 48
3 98
37 136
22 85
53 106
13 85
148 149
16 44
150 152
62 87
80 110
3 47
15 43
73 128
121 143
65 128
21 136
79 91
107 154
19 107
87 153
31 68
80 105
65 153
61 123
17 38
102 135
62 88
7 107
121 138
21 124
1 49
138 146
79 117
84 154
60 89
29 83
32 106
97 144
13 33
52 81
47 72
97 126
72 142
112 131
53 131
113 129
11 123
42 110
64 136
64 68
119 130
52 53
68 155
64 150
23 37
70 117
23 99
39 121
111 122
51 145
85 109
31 152
46 84
38 66
7 32
5 88
26 120
64 140
1 151
93 133
126 148
75 85
63 118
78 97
43 93
6 104
17 66
23 91
10 41
31 87
65 119
88 143
87 154
109 128
28 138
110 118
64 92
68 79
9 48
43 147
28 74
38 101
57 91
49 130
8 80
47 59
24 50
11 68
112 120
70 115
25 84
51 73
22 130
30 50
26 123
90 147
26 27
51 135
94 96
58 88
36 95
86 150
36 141
87 92
67 128
9 114
24 125
37 43
56 133
93 143
78 89
40 73
62 149
0 23
22 102
72 114
7 53
46 68
16 34
18 108
32 152
19 124
94 115
52 141
99 153
79 82
33 138
113 150
48 95
9 85
24 41
25 95
116 126
106 109
19 147
24 43
53 153
16 123
27 69
100 125
7 135
29 80
77 119
30 64
64 127
69 86
14 21
52 128
35 108
54 111
39 107
47 94
16 90
89 114
131 145
96 143
47 102
0 7
119 133
102 117
58 113
94 152
38 100
100 102
23 79
89 116
6 142
1 134
83 111
66 145
37 85
16 77
20 27
17 19
20 134
2 113
1 122
34 61
34 142
46 67
101 129
126 149
108 139
63 98
18 144
49 54
108 138
91 155
108 151
13 125
91 114
0 130
119 137
4 51
0 35
50 119
13 103
36 104
112 132
65 122
8 27
25 67
13 96
18 103
49 112
85 147
19 66
95 138
112 140
25 54
0 147
118 140
146 150
115 155
91 105
61 127
2 29
12 73
35 78
12 127
47 65
4 76
19 26
16 20
2 127
31 117
23 105
16 116
45 94
83 122
98 112
60 139
66 87
41 54
37 72
69 102
127 155
3 4
23 69
5 80
37 138
98 99
85 134
76 97
50 63
41 105
57 100
96 135
30 97
129 141
64 97
99 144
38 153
39 46
31 112
5 12
24 84
43 74
129 134
69 119
6 116
118 137
34 133
27 132
7 133
18 149
20 98
29 66
85 105
80 91
54 155
32 136
0 72
66 105
72 126
36 130
22 63
19 135
33 55
70 114
22 148
28 49
29 109
20 32
123 130
5 31
44 129
75 116
16 147
73 113
77 132
12 68
21 32
23 88
124 128
123 152
77 78
77 109
49 76
70 107
107 149
98 113
116 132
44 153
57 72
31 155
1 110
40 117
22 149
74 150
15 45
64 81
24 33
34 99
47 88
29 49
58 65
18 139
20 23
17 33
38 77
43 61
62 118
24 87
25 87
73 127
89 104
109 125
3 25
18 121
7 106
19 137
131 143
123 124
35 79
143 154
104 131
34 49
15 42
23 42
30 79
64 71
83 150
26 47
26 144
44 67
118 139
33 66
95 140
37 75
70 113
19 98
56 87
131 135
15 29
64 79
13 94
58 103
16 66
22 75
128 154
14 100
142 147
12 82
141 148
9 112
7 59
90 123
115 121
54 106
2 50
37 121
45 61
114 149
19 22
48 111
31 86
16 95
45 143
39 75
6 19
85 145
20 85
68 124
29 122
67 104
34 54
18 72
55 69
105 138
30 46
3 71
63 148
59 133
21 103
14 46
79 100
82 115
30 91
14 116
91 133
18 96
13 114
57 118
11 150
31 64
7 60
12 103
34 140
49 145
8 117
135 137
2 82
45 84
47 70
26 105
28 103
14 32
12 55
42 109
19 77
79 89
56 76
103 116
3 16
84 106
90 121
36 56
8 61
60 121
11 84
75 150
11 120
24 85
56 80
57 63
39 104
59 128
38 111
141 151
137 155
37 129
69 120
20 152
35 109
46 85
10 67
95 149
21 140
98 149
117 150
66 73
33 114
89 139
55 97
5 152
114 120
5 96
53 147
87 111
3 137
45 88
11 19
7 37
38 47
52 108
24 110
2 70
52 127
13 21
29 119
36 37
10 132
27 147
73 114
18 70
12 117
77 99
19 125
100 145
32 63
89 137
43 56
6 27
48 64
23 67
15 98
44 80
85 107
71 95
94 121
11 50
26 141
55 138
94 131
129 149
21 92
17 88
62 143
83 147
75 105
11 61
39 59
40 115
99 105
124 143
15 34
51 61
44 114
11 23
17 140
48 107
38 54
71 91
30 38
66 69
64 144
2 81
50 62
89 146
51 52
29 92
42 62
40 139
31 74
29 63
83 153
7 9
102 122
101 126
36 118
61 103
29 124
42 83
19 130
53 98
39 81
24 141
67 72
8 93
31 78
74 98
7 65
81 137
68 119
56 77
15 116
49 87
55 155
1 98
30 133
0 133
7 17
80 103
43 85
89 97
114 150
44 56
40 147
85 133
78 143
1 33
33 148
7 68
2 99
25 44
71 94
28 53
16 68
19 139
8 38
10 117
15 68
57 117
43 54
37 118
1 125
30 110
61 111
19 138
8 127
12 146
4 154
17 47
99 118
41 53
64 96
49 62
9 86
14 59
8 39
10 44
64 73
11 43
36 96
63 142
23 74
28 29
21 64
33 147
5 14
34 132
15 24
41 102
33 43
9 134
64 123
18 105
25 27
71 121
94 122
82 99
28 54
27 155
1 111
21 28
95 97
26 101
22 44
54 87
51 59
64 148
33 40
26 38
13 118
3 119
99 102
90 112
6 120
71 108
108 128
36 136
122 127
41 154
37 105
46 47
17 127
43 45
27 35
30 154
24 70
151 154
79 85
74 153
10 70
28 55
20 66
66 131
36 49
65 142
6 101
44 145
21 23
49 153
20 110
8 69
31 35
75 79
37 113
19 103
65 108
28 88
117 129
61 86
100 138
11 46
98 124
75 95
90 119
9 99
100 152
9 119
69 140
38 148
134 149
24 136
23 71
11 37
12 30
76 88
10 37
24 135
46 155
56 117
10 93
149 151
11 106
10 57
22 145
70 75
48 99
42 124
24 89
1 104
21 69
35 39
38 41
6 125
143 145
33 126
11 69
26 83
15 72
76 128
21 27
12 24
50 118
0 32
20 91
63 139
38 98
30 111
104 148
4 59
32 93
34 98
9 53
69 132
9 128
87 150
5 44
3 41
31 154
89 128
42 45
70 73
15 26
115 122
42 112
44 133
81 124
33 51
97 141
16 45
30 57
22 150
7 48
6 65
101 133
5 79
2 128
102 123
97 101
12 112
60 133
65 100
66 115
69 92
32 41
33 64
6 80
4 30
14 62
106 107
56 82
85 127
88 106
54 110
1 45
40 57
38 102
29 43
54 133
82 114
11 114
84 87
77 92
23 33
3 26
74 106
103 117
58 136
31 61
67 87
33 34
21 154
15 155
76 87
37 99
58 90
52 71
1 83
28 59
37 52
36 88
50 138
54 140
21 147
42 155
36 86
41 74
27 133
8 120
71 107
57 146
32 112
5 146
9 127
80 113
67 105
72 153
63 126
78 127
121 128
18 132
23 56
34 106
65 125
106 117
65 80
92 154
38 57
6 148
51 99
56 123
24 73
121 151
45 82
25 74
86 105
41 119
79 88
2 60
71 83
7 122
111 152
30 63
3 36
31 32
39 138
84 116
48 77
59 85
74 122
6 135
25 26
57 87
35 154
99 108
20 26
96 145
103 144
64 67
93 101
62 154
92 144
71 148
110 128
116 128
92 125
104 106
0 15
44 144
111 155
59 79
14 140
128 141
3 116
21 85
26 67
6 76
53 64
59 153
73 104
68 108
47 85
33 65
38 118
62 110
15 103
8 64
14 73
92 145
5 38
20 40
85 151
71 114
23 85
95 142
39 99
41 140
75 113
19 93
37 106
3 43
36 135
139 153
5 33
74 148
0 10
16 86
12 142
37 154
43 114
9 43
123 135
76 147
21 105
115 123
93 96
21 56
52 129
0 73
89 120
118 148
62 147
85 108
87 148
116 133
42 70
19 20
105 115
5 124
9 101
71 144
102 119
45 139
21 70
42 60
146 147
6 15
34 139
122 148
12 77
102 130
117 124
26 52
32 56
95 145
50 77
125 153
62 112
25 153
19 148
94 139
2 102
73 146
69 99
8 108
14 130
62 114
12 95
4 119
12 64
70 100
108 137
95 154
54 126
47 136
76 135
7 134
43 46
5 155
12 75
39 102
74 132
95 96
14 57
49 69
110 117
95 124
74 130
34 111
24 86
3 101
82 144
93 120
35 56
38 150
24 102
123 154
139 147
77 97
37 59
10 114
18 37
0 139
46 90
13 75
68 125
13 50
11 125
55 99
83 115
51 136
63 94
64 77
54 100
106 145
27 134
38 122
49 77
120 125
40 142
34 67
58 110
1 113
37 132
32 81
65 124
49 104
38 92
12 14
37 114
64 124
47 106
65 145
71 145
15 110
54 94
14 133
82 131
16 43
76 107
5 17
51 142
14 77
14 19
109 117
63 70
52 125
75 108
40 69
3 48
35 118
7 18
84 108
20 33
122 140
55 67
29 45
50 110
31 130
35 82
12 139
48 74
9 62
100 144
8 26
142 146
42 114
2 85
20 58
14 87
91 127
19 70
24 69
2 13
21 133
91 150
46 112
7 13
70 119
0 100
109 152
18 22
99 126
71 118
34 128
42 118
109 136
5 47
82 130
97 109
53 146
113 118
42 122
1 147
70 106
34 112
60 78
8 138
49 100
115 128
19 25
76 130
47 80
42 96
19 118
18 44
80 101
99 138
29 67
145 146
94 103
24 40
113 123
103 135
12 54
75 83
0 53
16 85
78 145
126 135
34 127
84 118
102 131
84 89
3 24
19 153
66 89
80 151
1 69
47 140
16 124
33 85
7 29
21 82
8 137
33 106
37 142
21 137
106 111
82 120
47 128
54 153
40 151
102 129
36 149
84 139
85 101
4 39
112 119
3 7
8 128
8 129
32 147
18 101
76 99
55 79
82 135
11 128
37 62
6 50
43 89
128 139
16 105
45 69
127 129
42 52
53 103
67 83
83 114
31 43
93 105
57 83
24 34
17 27
43 65
92 106
103 128
5 82
87 149
27 37
11 136
52 87
29 33
99 111
60 140
11 83
30 44
33 49
8 71
61 68
103 121
73 78
126 142
64 128
22 31
23 153
61 106
50 78
24 100
69 82
99 143
3 103
88 150
16 30
53 77
102 136
95 128
95 117
71 84
62 123
4 94
126 139
44 51
55 106
47 147
8 10
138 142
41 113
43 144
42 77
10 46
74 99
10 139
69 117
91 101
111 137
7 62
69 77
86 89
0 42
11 40
13 32
9 132
120 122
97 149
13 29
89 115
14 58
130 151
16 69
116 153
32 70
5 147
12 28
106 113
1 25
96 155
111 114
20 143
80 120
131 148
57 102
5 40
16 47
20 106
74 89
153 155
3 14
11 65
20 122
49 116
63 115
45 108
81 119
9 145
44 126
127 131
83 142
36 43
41 142
89 93
8 13
49 111
59 88
7 22
2 108
27 79
9 29
115 138
101 104
5 129
108 147
35 86
30 86
44 50
4 23
23 25
36 134
100 136
105 125
107 114
133 142
99 122
81 117
42 47
44 154
39 91
4 46
0 78
0 88
70 144
4 122
18 57
42 137
44 131
64 134
20 95
49 123
97 127
0 31
43 132
61 104
54 148
42 119
103 136
5 46
32 94
75 80
6 154
40 74
117 144
22 115
95 101
86 146
91 128
101 145
24 154
32 153
8 14
1 40
53 137
40 133
111 128
58 145
10 108
9 120
98 110
84 155
76 131
144 148
19 38
70 125
36 63
25 33
2 63
117 128
18 39
109 113
43 112
92 96
128 151
69 72
65 135
47 103
47 93
25 122
2 32
35 38
17 137
81 118
12 121
41 96
7 54
43 142
34 96
2 24
14 109
66 74
46 140
106 137
55 63
75 96
23 113
65 101
71 129
44 71
93 146
25 61
53 149
0 89
45 48
26 78
75 120
71 103
55 149
22 81
35 134
6 62
27 116
27 151
54 75
27 56
4 11
25 73
16 61
36 83
12 155
49 78
75 97
37 147
26 108
16 97
10 147
117 127
119 147
62 142
71 106
23 150
14 125
17 63
6 71
11 126
37 152
92 100
48 129
117 136
39 45
71 86
97 151
69 78
63 76
22 144
6 58
90 118
33 116
80 97
7 151
83 143
51 128
102 134
110 124
9 26
38 136
51 112
19 30
37 111
6 23
53 145
38 140
65 66
117 119
33 87
23 58
5 78
71 125
12 38
123 148
24 101
7 55
69 96
6 84
28 60
71 92
14 75
46 121
15 136
30 114
33 63
47 127
120 128
66 128
44 142
35 81
78 147
8 29
103 150
69 112
1 21
124 146
76 138
79 120
4 29
49 55
69 75
53 57
12 141
21 116
59 102
33 35
35 93
101 118
43 105
110 152
84 109
105 126
28 37
106 140
63 72
1 150
57 75
153 154
45 145
18 90
103 140
68 107
120 153
74 141
106 136
99 149
11 17
1 152
66 96
4 64
12 108
103 110
16 133
43 119
9 15
6 141
1 60
112 136
113 136
11 147
22 109
3 65
19 150
106 132
25 136
32 85
43 128
88 93
23 34
5 139
8 50
66 106
9 38
84 92
12 105
69 70
85 142
36 65
37 146
24 127
34 147
92 134
9 87
19 23
27 127
73 116
58 133
12 87
62 136
63 111
36 54
118 133
4 139
12 46
137 151
3 29
33 128
13 81
6 83
44 119
66 68
60 153
36 46
118 126
23 73
82 88
57 104
19 50
78 103
26 79
22 32
28 135
51 119
31 151
77 139
28 126
43 137
59 60
71 93
41 75
10 115
18 85
25 129
41 150
11 97
19 85
27 100
78 142
8 47
59 78
23 27
60 134
1 78
104 118
33 45
14 101
120 140
4 80
32 130
1 61
115 140
122 132
118 150
126 141
56 106
103 143
21 35
49 107
26 137
50 127
15 125
39 57
83 97
111 141
56 122
8 146
51 53
93 140
6 127
21 36
126 136
26 104
43 145
28 83
14 78
60 65
12 116
32 124
27 148
83 134
39 105
82 116
80 132
100 133
59 118
65 67
43 153
93 104
38 84
63 141
25 119
3 108
132 137
11 47
77 105
1 59
0 14
63 143
88 91
61 93
66 76
72 135
77 80
40 71
112 139
19 82
12 25
11 92
21 132
43 64
54 62
129 137
72 143
83 151
49 131
49 75
36 90
9 73
112 138
15 118
5 29
8 94
96 132
113 117
30 93
43 92
49 124
42 131
103 139
54 80
0 90
7 91
59 115
104 108
112 114
19 121
53 105
45 62
99 128
10 149
103 141
14 111
98 123
23 140
73 126
115 135
54 144
53 127
76 95
80 152
5 50
42 108
109 124
74 80
70 81
59 129
49 89
95 130
38 141
39 147
18 82
7 103
93 124
104 107
106 154
77 98
59 154
73 108
41 66
14 53
46 53
72 77
118 144
91 100
32 121
26 68
57 115
152 153
108 145
93 99
50 54
57 106
67 116
78 121
133 151
39 47
1 22
69 100
25 134
61 62
11 105
111 144
15 82
47 139
38 87
78 153
22 152
44 90
9 61
76 91
22 53
43 71
14 61
3 132
98 135
39 97
131 152
18 135
29 50
87 135
108 121
21 130
51 79
112 148
77 112
101 149
45 96
92 149
2 97
34 137
4 146
16 41
40 97
38 68
19 134
31 45
23 72
34 66
90 92
10 136
15 84
131 140
40 68
125 133
9 146
62 63
150 151
87 93
16 19
104 135
3 82
50 130
72 104
124 133
16 106
107 151
1 17
127 139
56 114
54 90
14 122
122 139
42 103
99 112
61 143
81 111
53 104
24 30
80 98
60 115
118 155
91 93
34 85
4 116
86 118
42 97
86 90
0 143
41 138
106 143
95 147
127 134
40 55
18 146
15 147
80 114
13 36
41 94
37 119
32 76
66 95
7 98
7 26
22 54
65 109
10 29
92 101
135 154
23 122
21 57
73 103
84 103
59 122
2 52
11 146
11 79
98 136
8 114
7 105
68 93
95 98
99 140
18 53
31 136
19 21
80 89
8 103
17 110
4 58
42 59
26 115
114 141
113 155
51 144
8 22
77 123
66 153
134 151
48 119
49 122
36 53
34 39
135 142
79 112
75 110
21 52
38 88
24 48
97 118
81 153
62 96
55 74
32 135
45 120
52 130
34 43
31 139
82 129
24 108
15 107
89 133
29 64
12 151
107 145
10 66
3 89
121 154
10 94
71 109
15 130
23 24
28 139
25 94
28 140
92 94
10 121
102 155
69 85
18 110
8 78
9 143
46 80
95 118
55 108
35 84
83 120
13 59
32 74
46 59
19 128
9 126
5 108
42 53
31 93
69 123
97 123
42 58
25 39
42 127
92 128
91 119
30 62
28 122
26 119
16 29
25 141
13 124
113 127
86 119
2 88
61 85
89 150
76 77
21 51
19 79
86 133
80 137
93 97
21 72
57 82
40 127
79 131
21 77
12 66
16 138
46 151
0 107
53 150
126 140
58 100
61 147
4 27
39 84
79 141
12 27
99 116
28 123
90 151
28 42
34 35
31 42
21 135
43 130
123 151
21 73
65 130
86 135
10 89
61 88
85 123
19 88
40 121
100 116
39 140
54 152
16 151
34 40
15 150
123 142
0 95
126 155
7 24
62 129
12 137
14 86
85 155
53 117
50 116
19 74
27 36
72 152
57 64
94 108
73 140
21 54
42 149
73 153
8 17
0 18
114 139
15 35
5 132
20 60
1 41
54 60
15 128
11 144
16 134
41 56
1 90
49 109
124 155
10 129
42 63
48 63
80 111
104 125
22 129
24 65
4 98
64 95
3 144
42 93
12 93
112 113
8 30
20 138
28 111
102 133
3 138
39 130
49 118
16 139
89 129
34 144
33 112
48 88
30 90
63 132
78 96
135 139
57 150
13 84
127 153
1 80
8 106
31 116
13 31
122 125
27 113
44 85
1 82
10 95
50 154
102 125
56 100
51 96
87 137
32 139
39 101
35 122
61 87
30 55
10 122
3 80
79 126
14 39
55 56
48 81
46 70
39 62
19 104
85 88
57 145
5 94
50 128
17 83
9 125
1 26
75 101
60 97
71 155
5 109
92 118
60 99
4 78
84 86
73 145
101 103
73 106
83 146
101 155
15 76
41 127
17 74
23 102
30 149
74 125
2 25
39 146
11 85
74 78
24 131
72 131
30 113
5 133
38 64
47 153
83 112
52 110
112 153
17 142
111 131
14 102
98 154
83 87
52 57
14 82
13 144
35 91
38 107
16 125
104 122
17 105
48 49
0 60
67 89
97 150
68 139
130 155
45 129
125 144
51 149
125 129
3 59
28 124
43 134
0 49
23 81
55 85
25 133
65 76
43 79
105 149
143 149
8 36
42 82
54 122
79 147
18 76
4 120
78 122
29 85
48 146
24 120
40 102
5 24
10 103
27 123
75 149
15 99
20 151
72 74
68 133
152 154
17 84
87 95
111 129
16 129
87 96
47 79
78 119
10 72
18 84
29 98
42 92
52 98
7 148
78 92
113 122
86 149
18 102
17 116
34 79
16 87
111 142
5 74
136 144
1 109
80 131
31 89
140 149
3 46
26 49
88 135
22 56
87 147
70 141
18 64
12 51
7 41
59 105
28 73
117 126
24 60
87 127
63 84
113 139
1 27
68 77
33 130
1 3
90 125
42 128
125 136
62 71
3 155
57 140
18 123
48 140
14 94
54 105
27 140
31 83
4 152
50 90
104 138
21 129
51 72
1 23
82 147
64 137
80 146
0 48
45 144
5 98
52 83
37 108
61 80
18 119
3 33
21 80
19 61
75 146
23 155
31 91
29 70
34 62
31 119
93 154
35 47
33 102
22 70
91 146
46 120
32 129
4 8
69 121
21 91
44 128
10 54
17 52
46 87
60 152
17 147
28 152
116 120
0 149
32 141
113 119
48 66
38 155
60 96
36 89
97 154
110 129
114 127
59 92
105 148
63 103
39 49
42 135
82 112
8 122
55 115
49 115
62 80
2 21
24 111
87 117
73 117
26 125
88 114
36 153
101 116
42 99
78 148
42 133
58 142
124 149
45 107
3 140
9 23
17 155
24 99
66 103
50 107
91 149
114 148
66 150
6 18
139 155
53 134
84 111
55 126
35 95
31 99
42 51
2 64
40 146
118 152
24 133
55 95
45 141
96 110
10 152
82 146
31 48
1 128
36 59
34 108
21 62
108 148
71 104
14 56
91 152
16 126
18 106
51 74
0 56
33 146
26 126
33 141
21 94
20 39
47 131
24 112
39 82
9 116
78 135
40 145
97 104
22 40
14 36
98 129
50 123
50 93
118 151
21 88
1 96
74 96
26 92
15 49
40 120
0 28
97 131
80 124
109 139
66 100
60 82
124 154
64 115
68 102
70 124
85 102
55 77
26 75
135 141
69 97
10 151
0 93
82 86
46 116
45 134
26 31
145 154
34 86
28 41
23 90
102 104
58 79
61 153
5 154
5 116
92 139
29 134
124 130
30 72
57 133
19 117
0 91
20 149
90 128
44 125
59 100
66 142
44 106
140 151
3 32
80 108
130 149
132 152
80 128
31 148
66 84
27 38
21 95
11 142
56 96
80 143
35 44
65 91
29 110
47 124
45 151
75 136
67 153
82 151
27 40
66 85
36 97
120 147
13 109
33 125
3 84
86 141
87 145
7 40
56 68
17 115
60 142
114 132
91 125
41 97
9 83
0 151
92 132
105 109
108 110
21 119
40 108
24 94
61 67
107 143
131 132
125 142
134 148
106 108
53 121
102 110
80 139
126 153
32 45
39 66
96 130
33 123
57 70
45 104
0 120
58 68
6 93
71 113
109 144
121 140
0 97
89 98
74 111
5 114
22 45
65 115
34 59
20 101
53 120
39 63
71 127
59 69
17 86
28 96
9 118
132 155
58 101
84 105
35 120
47 121
32 127
33 59
46 130
78 100
97 125
33 149
59 142
54 136
48 73
27 128
10 76
95 125
4 148
55 71
75 135
52 147
19 62
49 61
30 109
115 142
13 137
57 71
84 125
37 38
87 132
64 70
83 131
98 137
1 129
2 51
32 61
80 100
27 149
37 61
20 154
46 72
97 100
86 117
5 28
34 135
12 78
8 100
57 128
93 135
59 101
19 35
54 82
70 111
65 150
5 128
26 138
1 131
67 135
2 126
60 155
106 127
9 142
50 139
29 93
41 151
56 139
25 37
33 44
3 151
36 99
12 43
90 150
93 142
33 70
59 137
83 113
56 99
0 76
41 118
112 143
78 80
45 127
69 79
8 92
91 153
45 128
145 148
75 115
141 147
46 95
85 150
22 108
26 95
64 135
138 139
9 35
9 71
110 150
13 42
96 115
16 121
17 24
31 62
77 128
42 134
36 77
9 92
13 63
19 49
7 125
5 93
98 127
106 144
10 86
92 155
21 31
47 95
52 150
44 78
38 97
1 37
44 49
9 30
88 95
106 112
81 88
72 85
77 113
18 115
90 104
101 102
47 109
49 95
51 151
44 123
3 93
101 148
32 105
1 148
12 122
19 81
129 135
6 81
66 126
85 149
84 135
56 112
122 138
0 84
64 82
29 72
133 135
94 110
54 89
37 78
39 143
17 23
36 67
61 129
115 134
18 69
117 146
44 117
99 107
136 152
74 101
97 146
46 111
45 147
23 144
46 83
11 64
130 152
4 141
81 136
75 112
3 44
16 18
12 97
64 88
24 113
31 40
8 11
84 143
48 87
6 111
15 94
76 102
82 139
111 113
35 68
77 87
62 111
19 32
99 148
89 99
111 115
16 33
25 78
35 74
108 117
123 143
11 98
29 131
20 82
64 126
42 102
21 39
21 22
51 84
4 7
28 38
95 112
23 70
27 114
31 37
2 43
109 138
124 144
17 143
9 14
27 107
42 143
81 85
126 151
76 96
78 120
48 86
25 131
36 85
77 96
118 145
109 153
113 130
78 115
94 109
25 109
139 151
47 84
24 129
27 39
98 116
90 129
15 151
101 154
39 133
76 113
6 72
74 139
92 98
73 139
11 22
54 55
16 28
63 113
110 121
21 71
41 72
77 79
75 98
14 155
19 28
11 75
3 133
8 98
123 153
34 151
56 116
136 142
19 102
82 101
13 92
17 92
78 141
14 64
23 103
54 127
36 152
80 119
8 53
18 47
90 141
48 93
27 150
65 149
66 71
14 84
21 145
79 81
97 105
41 147
36 40
57 152
89 103
26 133
51 155
2 104
59 120
18 28
90 144
16 42
89 96
22 132
29 125
7 130
114 143
15 44
17 87
56 69
15 112
56 148
107 110
7 116
63 147
63 146
4 70
33 118
8 133
15 51
16 150
96 119
23 78
81 144
130 139
8 123
86 95
88 127
72 96
68 74
37 134
101 125
35 59
71 115
111 130
73 142
35 145
73 84
99 130
43 49
128 153
42 95
68 130
72 154
86 97
48 155
30 66
58 118
36 58
53 58
6 31
20 113
19 39
61 139
73 143
7 104
81 142
75 127
22 94
47 116
62 116
87 138
4 49
40 51
15 120
70 131
122 145
67 101
81 100
41 82
80 155
0 13
115 129
116 139
98 143
89 138
33 96
13 117
55 94
66 118
100 155
104 146
141 150
3 95
63 77
60 146
84 150
89 118
3 91
22 24
36 52
60 116
6 152
49 141
99 106
100 109
79 111
75 155
0 126
91 130
92 108
33 37
88 153
29 86
50 129
106 115
53 82
124 125
48 62
31 137
33 107
44 139
65 75
27 136
8 132
34 148
33 89
52 113
40 53
59 89
101 153
90 148
31 146
16 67
38 95
100 151
98 131
7 155
82 91
80 88
37 83
71 98
22 68
6 128
40 91
5 73
89 127
8 43
80 136
41 65
30 118
29 154
32 133
21 61
50 84
9 31
82 128
100 120
36 109
30 36
87 126
97 147
15 38
49 146
30 145
43 75
47 99
55 62
51 131
93 102
94 134
5 106
29 127
54 79
57 93
17 139
119 122
149 153
131 153
3 56
81 133
46 94
20 52
5 125
34 60
29 149
6 28
51 118
52 149
123 132
30 119
39 41
52 72
107 152
17 129
4 150
21 79
37 53
86 127
27 74
45 105
89 119
57 136
55 110
10 59
52 121
107 109
11 133
3 73
47 149
12 13
6 79
145 151
35 72
49 64
8 95
4 86
114 134
5 113
107 140
134 153
14 98
52 116
61 109
38 48
97 113
27 63
66 67
12 44
92 135
59 132
50 149
68 91
128 135
1 68
114 146
70 93
58 144
72 82
13 143
9 107
73 97
6 22
8 86
102 128
36 113
8 155
38 124
41 87
95 153
80 123
92 153
9 155
65 148
64 72
11 51
8 130
1 79
63 92
100 127
129 142
5 48
55 120
7 79
68 121
15 123
11 103
94 116
58 97
131 147
73 122
57 129
23 109
83 127
6 106
63 110
7 57
123 129
46 49
39 52
49 86
29 133
76 124
55 93
126 130
23 93
101 109
73 154
9 42
10 14
43 87
0 27
14 25
98 152
59 151
44 107
39 137
24 114
48 91
13 95
1 29
34 71
10 34
88 115
122 135
127 147
65 114
2 76
1 9
51 57
95 144
125 137
49 66
91 118
33 143
68 96
37 101
82 123
55 76
56 59
40 104
61 96
19 56
37 120
100 141
73 82
28 57
13 47
23 65
108 141
119 131
52 132
22 43
91 145
2 46
17 91
56 66
100 126
31 123
4 126
1 127
37 54
16 112
92 93
2 137
21 26
20 44
73 102
62 109
80 122
26 69
40 100
24 77
31 82
17 148
68 149
14 55
13 152
63 85
114 131
65 103
113 124
82 85
61 92
88 102
52 143
62 139
97 114
116 121
10 35
12 40
21 125
120 143
11 52
129 145
11 87
53 88
87 105
88 139
24 105
25 66
25 128
42 100
90 109
4 143
125 139
20 133
71 142
117 130
3 136
32 137
50 135
74 151
51 83
57 61
63 95
96 108
116 143
9 111
3 122
81 139
62 121
72 94
2 9
47 58
103 105
76 154
3 127
39 149
86 155
41 131
52 89
43 116
79 116
66 148
34 45
23 142
25 115
94 120
83 119
21 45
71 150
103 123
51 56
35 106
23 132
0 65
44 83
85 129
61 118
66 113
16 38
24 146
116 117
32 102
48 61
32 35
11 153
34 122
25 112
91 95
2 14
27 76
16 75
41 99
4 107
119 121
27 129
6 121
66 102
21 49
58 72
107 130
101 105
67 123
52 67
22 125
26 121
48 154
38 62
66 101
36 80
3 83
1 101
102 113
0 102
65 136
57 101
42 151
101 112
92 95
26 50
83 100
27 43
67 130
1 58
53 67
21 100
13 74
64 114
39 73
87 121
76 117
48 102
70 147
65 144
22 111
59 139
56 119
129 136
43 44
8 96
21 86
111 118
44 59
44 55
35 54
42 73
52 92
125 152
70 129
29 107
12 135
68 92
102 148
6 85
39 109
42 66
29 95
48 109
62 102
4 93
138 141
70 150
50 58
83 117
3 120
72 134
18 117
116 148
116 142
12 49
100 143
45 47
7 82
6 150
1 57
2 35
132 147
110 126
72 133
100 148
2 34
15 23
47 51
34 153
38 129
10 104
13 44
91 92
104 120
54 95
18 55
5 21
85 93
0 112
82 113
114 115
24 97
79 129
130 145
21 101
55 137
48 71
12 118
60 95
40 63
75 84
93 98
29 145
101 123
47 73
96 150
81 83
10 107
102 106
22 28
2 143
37 65
14 33
9 82
4 134
74 112
24 126
27 28
117 140
43 151
101 122
15 41
8 97
65 86
8 113
8 149
28 67
3 53
37 51
93 119
43 101
109 135
70 78
75 128
95 104
14 97
91 112
29 101
86 147
23 136
15 87
39 124
54 61
60 77
9 121
61 120
31 138
50 98
85 118
12 18
125 143
89 124
106 119
11 110
79 108
97 135
88 137
49 93
90 126
26 130
41 110
69 74
25 77
96 109
3 70
63 65
104 153
12 53
11 138
3 123
19 110
4 151
50 106
52 85
105 133
74 135
37 67
90 154
29 79
85 152
13 24
40 116
2 20
42 126
81 128
47 155
27 95
18 88
69 94
40 99
7 73
65 147
94 132
99 134
47 130
2 120
30 78
13 107
35 77
10 97
98 101
56 104
67 114
108 140
25 126
107 132
74 149
117 139
45 51
26 45
70 76
6 117
70 103
3 106
32 101
13 37
64 100
144 145
54 81
2 152
32 125
78 111
82 84
41 152
74 94
12 140
97 153
24 37
67 147
98 142
100 142
15 18
123 150
6 118
59 107
74 113
26 149
20 35
0 64
78 98
46 86
79 149
149 154
11 137
46 154
75 141
30 73
71 143
15 134
17 68
129 153
69 89
38 55
76 151
35 125
47 148
22 123
32 148
20 114
37 55
28 45
90 155
52 54
27 54
43 152
4 33
5 39
11 90
52 142
26 54
108 115
119 126
16 102
69 127
7 56
26 66
6 143
28 118
35 99
59 75
114 140
10 144
65 96
119 150
92 152
36 91
52 66
9 17
70 127
77 127
85 120
32 109
110 111
9 137
80 106
105 112
46 142
95 123
81 95
12 98
12 62
13 57
53 54
10 62
132 144
58 143
15 61
70 138
34 78
55 136
10 80
30 60
49 129
39 51
77 155
64 109
28 63
44 63
42 105
53 119
22 151
71 100
49 83
10 79
57 109
16 141
61 140
83 107
37 66
47 118
19 42
54 70
74 128
53 68
108 127
20 73
10 24
28 62
12 125
69 109
7 43
77 135
49 80
65 110
26 87
74 120
90 136
107 111
95 119
30 126
81 134
144 152
51 115
72 148
44 52
55 80
99 101
10 137
21 110
92 124
20 29
78 151
136 139
81 87
1 64
41 85
51 105
35 127
58 124
4 69
4 15
50 53
119 124
79 114
18 68
32 50
69 125
95 103
22 71
31 58
68 100
37 139
95 134
109 146
19 143
46 105
43 109
82 155
143 146
57 108
93 115
7 76
49 102
53 128
24 149
85 132
67 75
20 115
30 75
51 103
19 40
21 142
47 55
19 34
121 153
44 73
20 49
14 154
118 122
43 47
87 129
112 135
19 112
39 92
24 80
23 38
0 22
39 65
59 144
32 66
4 133
114 121
34 103
11 27
67 132
8 28
48 147
106 125
13 134
18 99
6 97
89 106
15 141
33 151
38 67
137 153
136 141
72 120
96 142
2 110
15 109
108 134
78 95
118 127
32 67
14 66
48 149
52 106
18 48
69 76
134 143
0 6
2 23
41 145
85 87
87 128
18 131
7 35
23 32
105 136
81 150
42 146
11 141
98 151
103 134
85 106
44 54
39 148
59 63
129 138
142 148
15 129
21 139
81 155
6 57
7 71
38 50
37 128
16 49
61 102
1 14
2 92
78 128
43 117
51 90
26 128
32 151
59 117
27 88
65 143
28 127
3 30
36 117
30 43
119 140
35 114
9 98
28 86
30 94
35 85
13 82
48 60
34 104
27 112
29 90
106 133
89 152
111 138
48 108
66 114
95 129
5 6
52 78
21 122
55 114
65 71
18 63
43 110
13 122
35 41
62 152
16 64
20 76
39 116
40 44
87 142
64 89
24 28
73 98
83 96
5 23
3 128
56 113
22 88
22 37
48 110
44 84
2 122
84 138
118 149
99 137
32 123
7 100
4 22
88 154
35 61
18 100
13 68
81 135
129 152
30 147
86 138
54 84
6 91
108 118
2 139
45 74
24 36
43 73
91 121
32 83
86 102
68 110
60 143
78 131
14 92
12 79
60 104
29 38
31 80
33 111
19 84
66 81
14 30
71 135
3 37
64 138
116 140
86 93
113 142
7 147
119 145
110 151
67 108
86 121
24 96
17 71
60 147
57 155
98 155
59 143
7 87
69 87
70 71
122 151
12 147
81 122
101 139
131 151
77 148
2 111
31 34
34 64
111 153
86 112
115 150
29 132
22 82
12 47
30 71
61 74
94 129
100 137
133 145
57 69
117 125
24 95
92 130
29 106
45 60
11 134
64 149
91 106
36 69
24 49
14 142
67 88
70 99
61 66
53 73
6 109
74 87
71 120
90 96
21 111
54 116
89 90
33 153
89 136
12 26
133 144
52 131
50 145
106 129
7 46
94 136
43 72
114 135
61 77
64 87
1 138
9 21
79 138
44 65
0 144
137 138
91 120
0 123
60 100
24 45
49 85
55 122
32 113
62 126
112 149
35 42
4 50
62 134
90 103
51 82
16 127
104 137
67 155
69 137
84 126
62 133
30 77
20 72
4 57
87 136
15 25
4 82
134 150
94 146
78 88
0 44
14 93
108 153
69 90
37 92
138 143
56 78
32 97
3 72
27 142
4 95
119 149
64 78
30 115
22 134
1 54
43 108
69 136
17 152
14 70
55 100
2 54
22 105
35 110
41 155
115 125
78 107
50 52
66 107
26 43
28 79
117 120
79 125
5 63
8 109
26 145
6 132
43 66
77 124
53 86
80 153
32 107
118 128
42 116
53 118
96 144
109 149
38 61
26 118
88 123
84 144
3 88
122 137
132 148
50 126
46 152
20 41
4 73
98 106
21 127
47 60
95 108
40 111
23 66
35 147
27 75
117 134
48 54
7 69
41 129
22 101
1 7
3 154
145 152
61 89
0 115
36 102
11 122
49 152
16 136
61 94
75 107
34 65
26 33
117 118
7 126
104 111
123 144
86 92
64 93
10 119
74 76
13 133
47 82
25 43
84 91
138 148
76 126
35 36
62 113
46 138
23 44
57 80
29 68
104 149
91 137
102 120
9 144
9 68
77 115
64 143
22 153
22 41
74 95
58 138
35 94
16 99
55 59
56 115
37 126
71 154
116 151
108 126
45 103
96 123
69 131
54 154
23 40
51 104
32 64
11 131
85 94
34 50
104 136
26 57
108 120
2 67
23 123
19 91
14 137
58 73
66 144
14 16
3 63
135 148
9 150
2 17
115 124
48 94
63 135
111 125
11 49
45 126
138 145
54 150
67 107
8 35
13 46
47 126
16 143
14 31
16 91
3 78
34 56
83 125
99 151
64 118
24 55
50 92
77 138
42 132
70 140
17 79
46 144
50 109
66 72
7 14
34 36
55 139
3 51
14 138
34 131
35 149
43 81
37 135
17 65
81 94
126 154
117 132
92 127
56 150
36 79
88 129
52 145
16 137
75 123
29 155
76 93
83 129
4 44
84 90
52 75
46 64
77 136
10 42
70 153
37 141
54 151
100 108
87 124
44 148
111 119
124 150
115 139
5 32
52 103
36 75
27 61
54 69
49 98
3 92
32 138
44 61
43 55
35 148
2 38
104 132
3 79
114 133
50 131
72 118
50 61
123 125
56 109
10 131
16 94
78 154
19 47
15 64
9 72
46 91
2 57
45 114
98 139
63 88
45 64
104 152
88 126
20 105
3 31
35 112
128 149
17 51
6 149
16 111
1 88
31 55
111 120
35 69
22 114
5 57
29 115
4 84
40 81
87 133
26 70
24 52
112 142
66 136
140 147
104 126
11 121
14 135
50 142
104 114
23 35
127 154
26 71
109 112
84 107
79 119
95 110
4 117
114 130
88 132
23 30
85 139
108 132
78 104
0 106
65 73
4 6
99 114
45 132
12 58
69 110
114 117
9 75
103 142
21 59
14 152
18 91
56 155
48 53
36 119
72 127
28 35
20 116
3 21
110 146
45 54
35 135
23 61
92 131
27 91
29 105
59 70
50 111
21 138
126 145
126 132
35 121
32 36
18 128
136 146
90 132
75 90
52 144
72 149
68 99
25 130
66 112
92 148
35 87
53 62
73 99
27 33
4 89
4 35
58 135
35 73
43 113
76 119
1 116
114 138
97 122
10 150
50 71
26 98
7 52
93 132
22 87
16 92
59 74
57 81
78 123
65 93
3 152
96 147
90 101
54 130
9 139
48 134
2 74
59 66
8 44
64 90
98 134
95 155
10 43
86 107
20 42
38 93
34 38
46 60
56 132
43 111
69 138
32 90
93 136
20 25
53 76
15 70
5 149
1 13
44 105
1 130
69 155
78 105
54 112
1 74
38 105
24 119
19 33
33 76
41 124
55 145
9 22
6 107
102 139
89 92
4 91
59 83
124 153
51 154
11 108
37 77
89 155
94 98
117 138
111 132
17 130
5 68
1 35
62 115
57 119
81 149
140 143
73 124
5 22
43 140
36 114
13 99
93 153
7 81
6 89
14 38
76 142
129 148
138 147
1 36
5 84
77 133
13 153
85 137
27 57
66 79
24 78
67 129
59 141
21 67
50 152
63 150
53 142
13 38
44 102
53 132
117 133
6 56
30 141
74 90
44 112
32 43
4 147
58 129
60 101
26 81
42 136
133 152
15 152
57 138
34 74
9 95
26 134
139 150
5 11
81 125
31 59
86 88
117 149
31 105
120 132
16 70
38 74
54 135
35 49
45 81
47 63
45 137
0 142
74 115
90 122
68 154
67 92
37 94
61 146
145 149
47 52
22 80
61 148
21 144
55 75
48 89
38 152
76 92
75 145
57 73
6 63
5 101
90 149
0 134
23 75
49 71
62 91
19 55
97 102
39 83
94 124
29 30
0 108
132 138
87 118
66 92
68 135
81 147
19 133
12 123
4 43
146 152
38 146
50 102
26 127
101 143
50 60
97 99
26 55
95 135
41 57
17 151
38 114
140 153
71 89
117 155
20 83
112 152
77 104
61 134
5 92
120 138
58 152
30 42
58 83
10 75
24 46
21 108
17 28
61 155
134 146
62 89
65 116
121 122
86 120
95 137
106 150
63 109
86 116
53 69
119 132
53 102
94 106
103 107
101 141
22 74
24 81
33 93
19 54
28 131
20 55
30 103
100 117
93 134
108 155
19 136
69 152
71 136
6 94
52 100
10 15
114 147
138 144
89 140
34 51
73 147
131 141
20 81
59 121
30 123
30 87
72 97
27 120
134 141
13 54
55 135
39 70
32 87
69 143
8 52
30 116
49 120
107 144
113 154
11 82
0 16
42 87
82 134
10 69
32 80
142 155
44 98
36 101
35 45
67 152
107 150
20 75
83 130
35 80
17 126
2 36
15 102
98 105
7 80
104 129
23 28
10 135
91 107
12 70
25 53
100 146
12 89
27 146
116 144
67 93
39 136
91 122
15 56
119 129
44 100
7 120
11 74
55 133
1 85
54 71
76 123
120 144
74 97
4 112
139 149
95 150
67 98
86 130
86 131
74 83
24 109
72 108
33 39
92 102
81 107
45 58
69 148
3 81
98 114
7 42
76 81
121 125
19 123
10 143
92 142
33 92
69 116
26 148
13 131
5 30
25 138
62 94
1 120
18 125
66 116
92 105
49 67
21 118
78 79
104 116
20 61
15 37
102 143
103 124
37 125
3 38
32 68
24 90
45 102
60 86
3 104
8 118
48 117
120 127
54 108
99 141
81 106
8 151
13 155
23 119
7 154
20 117
48 52
66 135
60 151
144 153
27 118
20 136
71 76
90 133
101 132
31 85
106 153
67 120
51 66
90 94
117 147
50 115
14 88
3 76
52 153
15 78
19 96
30 83
17 73
34 155
4 97
95 105
116 136
117 142
46 55
51 58
17 46
10 39
12 23
53 152
62 73
15 90
48 69
23 55
123 140
36 107
52 69
15 33
99 131
28 69
34 89
43 53
58 128
62 65
5 35
120 142
33 105
101 137
82 137
76 149
59 108
6 43
61 90
53 112
45 73
57 105
47 101
87 146
30 144
64 91
22 122
0 69
1 112
74 126
94 140
38 133
40 140
38 70
137 139
73 118
111 140
18 49
66 154
38 39
29 41
25 146
102 147
99 110
10 28
75 133
33 74
27 97
25 76
73 76
11 116
60 127
52 124
11 112
84 132
77 149
23 83
35 76
83 98
42 117
85 89
127 150
50 67
67 119
56 71
4 149
11 33
71 87
80 141
125 132
76 94
20 130
22 58
74 143
49 92
59 96
5 25
121 141
9 147
26 96
4 99
39 50
61 79
32 122
17 77
2 133
117 154
77 140
38 63
57 86
12 104
62 98
30 100
10 13
82 103
4 124
39 76
83 101
11 89
7 75
56 89
79 93
51 139
55 73
5 140
6 66
6 61
10 22
46 76
39 48
2 4
71 153
43 91
147 154
62 68
91 115
53 96
56 86
89 142
25 140
67 118
42 68
107 141
46 136
52 88
6 34
15 138
8 104
124 135
72 87
99 136
20 65
27 49
21 107
63 86
18 141
29 42
29 35
76 139
97 140
10 61
41 58
44 92
146 154
132 145
90 135
5 148
7 89
47 114
22 79
16 26
10 134
59 61
70 118
86 114
37 144
67 124
106 152
48 125
136 155
95 133
107 135
14 129
75 78
62 124
137 141
17 44
93 129
127 145
36 42
99 124
46 62
26 139
6 98
67 90
31 67
52 58
76 105
95 126
35 48
21 153
29 77
64 116
4 55
18 38
92 138
30 106
25 150
57 66
85 143
28 70
73 88
12 67
4 65
142 145
123 128
26 72
82 143
122 153
4 100
116 134
139 143
95 127
85 144
10 17
120 121
107 123
24 83
89 95
102 115
51 107
52 139
7 142
85 100
37 68
0 116
81 109
114 124
51 68
12 129
92 133
48 118
125 145
73 79
22 61
55 107
56 103
81 140
3 62
36 103
80 145
53 90
57 60
19 131
4 81
107 146
105 140
3 34
19 83
26 86
2 123
47 146
52 60
135 147
100 113
41 77
2 119
2 134
44 132
11 104
3 13
41 78
48 151
105 110
43 124
29 111
46 82
7 143
5 97
39 69
40 58
109 141
50 122
103 109
93 118
42 88
17 145
12 154
0 119
61 75
68 103
42 49
82 108
18 41
128 130
18 31
6 145
29 76
25 114
50 124
41 64
143 150
74 117
89 145
61 101
5 58
15 48
43 115
60 144
8 23
32 44
24 57
63 154
46 63
94 151
35 51
41 70
7 127
13 55
10 126
20 59
39 119
67 70
37 93
48 115
56 118
26 36
28 107
59 146
120 155
27 48
62 119
29 44
2 8
71 101
87 103
40 129
139 154
52 114
72 111
15 36
15 60
10 26
6 49
57 124
28 155
31 115
39 93
24 63
76 148
21 143
48 137
107 108
61 132
41 116
127 144
133 146
22 48
75 148
77 90
5 141
22 107
14 40
50 155
63 130
78 108
62 101
94 123
82 153
82 154
64 130
9 154
39 72
51 121
64 119
33 108
53 61
122 154
39 42
25 51
19 144
44 115
15 79
10 102
123 146
15 86
41 135
111 149
97 119
10 25
59 99
105 150
11 143
13 49
56 144
69 103
36 145
11 16
54 145
23 133
67 140
0 103
66 134
36 81
56 73
24 144
25 143
84 133
34 91
60 67
99 132
2 42
12 65
71 130
136 149
35 113
36 122
15 104
81 131
30 32
88 107
60 74
16 62
0 127
38 65
67 133
54 64
52 86
54 121
18 87
74 114
108 123
100 104
41 98
19 68
88 103
49 147
76 89
10 113
60 110
7 58
0 40
55 60
25 75
58 94
78 110
52 109
70 130
34 102
48 79
22 39
37 97
78 113
12 109
28 50
119 127
48 130
24 145
31 128
49 73
97 129
22 128
72 103
97 110
34 118
21 75
80 118
1 50
100 153
73 136
2 87
38 149
105 132
91 97
41 44
23 130
46 113
74 154
38 71
47 89
28 44
4 114
122 131
118 129
86 104
56 110
82 150
69 91
52 155
38 112
22 67
35 129
87 100
84 145
1 135
19 127
31 60
90 152
141 143
23 43
77 137
56 142
55 84
52 154
48 152
4 45
34 100
78 146
90 114
14 118
45 68
31 114
25 92
29 71
41 59
13 18
40 77
7 114
55 144
32 145
4 10
47 117
63 93
96 148
35 151
9 122
33 124
62 130
5 37
83 91
75 106
86 109
12 84
30 129
83 102
25 41
40 41
2 66
30 65
106 110
36 84
70 77
25 89
62 78
122 128
29 146
88 120
61 141
67 115
7 34
29 136
41 95
76 78
41 71
102 141
14 50
5 135
5 102
30 35
4 41
13 76
64 108
99 152
7 119
30 122
73 110
62 151
34 72
23 138
95 100
75 132
106 124
14 113
58 149
3 61
17 48
39 54
29 56
25 79
4 115
33 150
96 151
152 155
73 107
129 151
67 151
108 131
14 119
39 89
37 46
38 78
90 102
72 130
89 130
28 82
22 62
39 131
60 125
0 11
50 74
105 114
32 103
40 80
80 140
92 120
40 103
141 144
8 111
18 46
32 54
53 60
23 36
109 120
40 98
88 131
51 88
7 123
19 97
39 88
113 137
122 134
17 42
68 78
77 83
53 115
44 95
22 117
46 118
122 130
53 110
95 132
8 19
1 16
96 97
110 132
47 112
110 153
85 113
50 134
41 100
34 125
72 128
16 37
94 119
28 95
77 103
4 75
88 151
58 125
145 153
56 154
69 93
43 125
25 154
82 149
1 30
25 144
9 12
17 58
35 97
76 145
48 68
131 133
44 147
28 52
137 154
25 64
123 145
1 89
22 100
14 83
29 88
35 57
2 141
32 92
10 21
28 134
88 130
105 139
60 88
60 108
43 126
44 140
88 152
23 89
69 142
130 135
53 125
70 88
73 138
61 84
124 141
34 110
39 110
27 115
76 110
37 137
6 8
14 148
34 152
34 93
97 132
120 123
53 75
35 150
108 143
29 57
50 143
52 107
20 51
12 69
38 121
23 117
19 31
30 148
32 154
96 107
26 65
77 108
114 126
77 95
20 78
52 90
72 75
2 41
15 66
64 85
30 74
21 93
50 70
129 146
95 139
106 149
56 62
44 53
46 57
149 150
48 106
3 97
19 90
57 131
3 10
82 124
100 118
93 126
43 118
54 56
42 123
116 137
49 65
31 113
70 104
36 115
68 151
25 149
51 150
23 95
9 113
9 24
125 128
86 108
14 52
97 148
8 34
103 148
39 79
12 113
114 119
30 136
57 116
133 143
127 141
92 115
73 100
40 61
13 147
46 74
73 109
33 142
112 127
11 62
35 123
108 119
12 57
54 59
28 91
60 76
46 50
123 136
138 153
56 61
57 67
15 54
115 133
47 49
25 151
22 99
89 109
27 30
96 105
2 73
67 122
94 142
133 148
105 130
36 128
3 142
10 96
9 36
89 154
36 51
30 82
39 152
97 133
6 92
67 76
75 137
39 103
57 98
100 111
88 144
97 103
56 134
63 127
42 46
130 136
24 26
48 103
33 48
25 145
7 64
115 144
66 151
19 46
15 145
16 59
100 101
43 141
148 151
18 126
25 121
14 51
6 131
67 94
26 110
151 155
20 100
50 56
79 130
105 123
100 110
14 99
74 152
122 124
33 98
66 120
41 134
9 49
63 107
60 128
86 99
52 122
32 116
121 124
11 71
37 109
49 81
17 89
63 71
4 132
9 20
40 122
92 110
13 93
128 146
24 54
114 137
66 152
116 155
144 146
18 30
81 112
1 44
138 154
100 114
23 141
110 155
33 52
73 80
30 142
17 21
8 48
39 132
27 108
15 146
7 118
122 149
41 45
29 152
28 40
28 115
12 21
36 123
59 95
84 149
10 91
28 78
66 78
80 112
79 113
61 99
101 117
110 119
55 104
13 132
33 50
84 100
21 68
29 123
77 81
64 74
36 73
66 125
92 109
105 154
75 131
54 139
80 117
33 144
85 124
41 50
0 86
1 154
45 67
47 108
20 107
75 134
68 71
28 92
115 153
43 98
14 45
101 136
36 129
53 111
40 96
27 52
40 119
11 12
54 67
26 111
10 84
10 153
67 85
80 86
3 124
5 115
49 151
68 134
48 144
59 130
129 140
59 62
27 103
99 147
15 113
116 124
110 136
72 115
28 97
31 135
31 63
5 16
111 151
68 70
6 67
4 106
147 150
4 16
41 111
4 104
48 51
40 95
77 93
5 70
33 115
84 120
24 29
50 99
94 135
47 83
69 147
127 152
128 148
76 112
47 151
12 152
25 102
9 115
38 43
54 143
113 121
40 149
21 134
68 106
14 141
31 57
58 139
17 98
135 151
30 152
14 105
97 107
82 95
45 111
10 154
54 102
83 110
92 147
7 61
61 124
10 133
18 150
8 135
78 138
67 100
90 143
33 136
1 149
101 128
13 135
72 129
13 41
31 144
15 46
106 118
117 121
0 19
84 102
85 116
70 101
87 112
76 106
3 111
72 113
102 145
32 134
57 120
74 123
68 88
85 128
30 105
54 128
9 133
122 129
13 64
68 97
67 84
98 130
38 110
61 128
33 122
48 104
53 87
26 46
113 128
34 114
0 9
49 59
40 154
64 102
24 39
3 6
38 130
93 131
5 64
3 121
104 145
6 45
18 143
56 91
41 62
51 76
50 68
108 136
27 73
105 119
34 119
7 90
51 113
11 13
31 79
39 113
1 145
22 42
43 83
94 95
52 112
52 105
20 86
4 96
28 119
37 124
1 72
107 126
13 14
53 83
91 124
41 143
52 117
19 105
96 136
98 126
53 113
44 109
38 131
46 54
9 79
113 120
38 103
21 102
29 151
34 77
74 81
86 137
76 125
32 69
30 108
32 88
45 65
7 95
26 107
17 78
79 109
28 68
90 100
68 89
23 127
79 137
126 128
42 43
84 93
26 35
61 138
47 76
13 130
14 76
125 135
37 45
75 91
47 77
5 122
1 75
11 80
93 149
2 95
25 50
6 37
25 100
13 129
30 120
57 132
45 125
122 144
83 144
11 151
58 108
14 120
42 65
34 90
48 65
36 127
11 102
23 139
16 48
103 122
116 150
116 131
40 105
13 106
44 86
93 112
66 132
101 146
22 69
3 94
125 148
66 124
122 152
16 89
6 77
26 112
88 98
5 7
72 84
57 149
9 51
78 94
31 70
30 84
79 99
39 87
64 94
52 115
52 120
99 117
28 93
103 145
30 61
16 39
33 97
28 132
15 73
121 134
79 139
21 115
51 111
108 154
96 133
36 64
22 27
47 92
72 86
24 147
41 101
52 140
109 151
41 130
76 143
95 107
1 146
5 42
50 55
87 120
81 114
39 150
112 129
26 82
32 89
98 117
65 107
33 132
73 131
22 35
95 109
82 145
151 153
9 84
51 62
53 126
33 121
1 100
66 123
24 56
21 58
128 129
71 138
38 72
75 130
44 143
49 79
34 141
68 136
47 98
32 53
66 109
16 114
65 117
150 154
4 135
77 117
123 126
70 155
5 143
27 47
87 104
120 154
39 100
46 150
52 74
28 56
10 32
0 114
43 78
31 120
13 102
109 115
50 69
72 107
15 16
22 136
26 151
1 114
18 111
49 108
94 141
26 32
80 94
56 149
15 133
59 114
115 126
87 143
79 140
4 48
57 134
58 92
87 122
117 153
8 87
23 57
17 138
7 85
29 117
23 26
1 133
6 108
85 136
37 98
9 10
118 136
80 81
38 138
114 154
35 131
9 41
51 89
86 123
17 26
22 154
98 146
85 125
32 86
18 74
146 155
23 48
62 145
43 133
9 148
38 46
14 117
80 116
31 97
85 103
74 103
14 47
71 96
141 154
29 104
3 131
50 91
103 147
94 127
32 73
70 90
6 74
133 137
93 94
80 130
30 112
58 140
7 136
45 119
14 134
43 121
35 83
140 154
68 87
6 122
58 81
49 154
8 21
1 43
42 101
23 39
81 116
0 140
33 75
105 153
69 98
23 82
2 56
12 19
77 129
41 90
69 114
115 151
80 149
63 78
5 119
33 73
20 31
127 132
14 115
53 65
2 48
68 94
0 37
46 97
27 90
132 150
56 67
2 5
52 76
68 141
9 69
82 93
36 60
20 123
32 91
48 128
115 145
108 114
7 21
17 25
118 120
4 123
54 76
11 21
17 31
17 95
128 144
52 135
73 119
42 72
17 118
81 120
51 65
130 137
51 153
31 140
12 31
3 55
84 142
112 116
53 97
81 113
93 128
20 127
49 94
34 149
25 125
67 146
66 121
88 121
3 113
44 138
39 85
49 58
96 129
45 106
101 124
17 134
119 146
81 97
25 99
93 116
120 126
112 144
32 108
67 78
103 111
17 60
41 141
46 128
48 153
31 75
30 128
4 25
10 101
20 137
31 134
12 149
45 138
135 140
127 143
99 100
2 10
36 45
1 28
131 136
83 135
66 75
93 107
62 95
46 146
90 124
31 126
26 29
18 40
24 47
21 74
96 152
89 143
113 148
20 103
4 66
87 130
3 90
19 51
0 132
63 112
111 126
6 146
41 133
5 66
3 96
75 129
14 96
2 69
1 62
24 74
37 39
116 129
52 94
10 27
140 142
56 102
47 57
48 56
89 126
9 27
40 46
83 89
11 118
32 98
31 124
16 135
47 143
51 102
128 147
30 58
44 94
22 96
53 143
12 150
38 80
11 20
13 26
60 92
21 117
52 70
109 143
110 147
24 124
1 155
56 121
27 51
6 147
8 68
4 56
124 136
4 144
18 81
32 111
105 152
1 15
5 120
12 126
7 140
24 117
40 114
69 128
14 144
36 142
107 127
60 90
64 117
97 121
64 121
84 95
12 60
50 89
47 133
8 99
57 99
88 145
30 125
57 148
81 145
30 51
55 113
30 37
2 72
24 121
51 64
69 106
32 119
82 133
65 94
58 78
132 149
53 66
2 130
33 103
19 73
7 121
72 137
117 143
97 138
70 98
36 76
111 123
10 127
29 87
98 148
2 65
94 100
62 137
94 148
13 77
0 41
60 135
79 90
65 79
70 84
48 131
99 154
31 145
27 92
20 92
7 108
39 68
82 105
28 154
35 105
48 123
17 136
94 138
55 102
77 84
4 26
8 145
26 147
49 96
2 75
15 148
85 115
44 88
45 122
50 136
31 103
78 144
27 143
57 68
122 133
53 81
19 64
42 115
18 107
74 146
134 137
118 143
32 65
94 133
80 104
74 86
57 97
8 79
144 150
110 112
25 155
13 154
5 103
34 130
58 64
50 151
76 98
66 77
51 141
25 82
78 112
54 58
98 138
61 105
49 121
70 80
36 125
97 128
0 146
8 83
1 142
86 96
2 78
62 131
5 105
133 134
63 90
66 146
81 130
20 34
38 127
3 58
129 143
78 126
13 25
2 61
10 73
8 59
2 147
10 116
75 117
126 150
9 60
13 108
39 43
8 150
65 85
121 132
27 44
20 84
107 136
12 81
10 148
40 78
124 151
89 113
90 120
78 91
130 140
9 55
6 39
6 48
73 92
88 138
108 149
84 131
125 134
45 150
70 122
105 147
138 150
123 137
2 30
25 63
110 154
22 119
10 74
6 20
87 108
45 90
41 91
72 80
29 62
33 100
10 47
2 47
16 146
48 92
37 151
121 144
91 98
0 145
96 154
51 85
4 12
51 100
18 23
44 134
3 19
121 142
12 39
83 140
34 101
90 137
11 135
16 25
6 73
57 151
0 81
14 27
58 131
24 142
44 137
97 139
15 71
60 73
58 85
55 64
18 148
33 41
61 76
117 135
103 152
23 92
149 152
13 19
6 64
105 142
55 109
44 120
70 146
19 63
53 122
88 141
75 86
147 155
88 149
20 147
31 129
6 44
61 82
59 84
119 142
45 72
37 70
18 138
84 112
0 54
54 101
19 59
1 105
39 128
86 132
133 149
13 80
17 37
15 19
17 153
58 126
11 63
7 138
10 33
70 74
40 101
94 150
33 80
84 122
30 135
20 50
13 88
7 16
40 67
21 141
59 94
11 140
61 91
30 96
10 36
74 82
61 136
88 101
0 77
70 137
101 119
44 64
16 36
134 136
86 103
11 132
12 92
35 141
3 5
0 55
102 132
104 128
79 105
62 153
105 124
16 81
31 100
94 153
29 61
51 132
24 72
29 55
88 100
21 131
27 62
66 110
79 135
49 134
35 102
76 84
36 143
79 128
56 74
55 86
130 134
12 102
86 125
17 54
41 92
136 150
48 141
37 84
65 105
36 124
46 110
51 146
48 85
136 153
67 145
43 131
49 91
91 103
115 120
8 72
13 45
114 129
80 83
88 146
49 136
23 149
21 37
50 137
7 20
17 80
2 11
102 105
65 89
121 145
70 133
5 45
117 148
114 151
75 151
40 138
45 146
73 137
31 41
110 149
21 33
49 110
55 103
103 132
19 95
10 85
17 106
65 126
6 123
38 117
136 140
5 104
59 106
60 93
119 151
133 155
18 77
120 146
36 100
88 116
30 131
58 137
35 119
5 100
58 122
68 101
42 54
56 107
126 147
46 149
3 45
9 108
82 138
89 112
58 105
25 152
58 150
35 138
137 149
12 99
42 94
106 131
68 80
34 63
150 155
44 121
23 112
15 143
50 97
77 85
24 58
4 130
24 61
41 106
80 82
61 73
57 79
50 85
54 115
33 140
44 104
61 108
63 66
40 64
41 47
61 121
40 54
65 83
48 113
118 138
20 155
24 137
13 65
50 147
72 90
70 87
22 73
101 114
69 139
101 113
56 57
56 111
39 74
9 16
4 118
35 101
18 140
50 101
24 150
67 86
42 150
39 98
89 135
57 153
52 93
19 100
94 130
18 89
77 111
54 83
64 104
4 85
9 102
34 94
27 93
22 143
92 99
38 73
135 149
11 34
38 128
137 150
49 50
88 136
1 10
88 99
25 81
60 132
137 147
16 76
52 148
53 93
20 74
14 132
20 140
95 152
125 155
38 115
21 128
90 153
14 71
16 31
41 61
67 113
29 94
4 5
16 93
117 151
33 54
36 120
26 124
85 122
25 139
50 79
74 144
83 94
70 121
147 152
58 130
45 49
28 46
20 47
0 38
33 81
41 132
65 90
12 153
18 92
47 54
108 113
64 155
89 100
11 67
64 84
73 89
73 152
64 107
15 88
6 103
73 148
34 47
9 50
21 152
13 48
1 118
60 154
62 83
9 18
15 144
83 88
137 146
68 90
30 59
58 63
22 91
4 62
95 151
115 116
27 117
32 42
141 153
0 51
66 104
45 56
2 62
12 114
25 42
37 42
47 64
11 48
39 155
54 97
29 65
69 108
99 123
80 129
77 120
32 79
23 62
38 85
68 118
71 151
73 112
105 135
83 103
20 21
49 143
28 117
2 131
50 120
0 74
20 129
33 61
75 154
3 86
130 150
96 117
63 122
6 11
58 132
67 110
106 147
85 112
26 114
4 101
12 48
10 92
34 145
29 126
90 106
85 154
4 155
45 75
18 52
3 57
103 130
58 67
67 139
28 141
51 95
21 66
55 112
60 120
44 101
67 127
13 61
25 142
19 111
43 155
88 125
46 141
4 125
57 113
116 123
83 118
28 129
119 120
4 19
99 150
110 134
23 96
5 127
99 120
49 74
46 123
56 131
118 141
55 119
77 151
116 118
12 85
82 100
116 146
61 63
73 130
0 129
81 146
11 99
24 128
55 124
26 59
39 78
14 147
102 152
41 79
35 144
60 64
59 77
59 123
49 117
2 121
19 89
29 84
18 71
59 64
142 143
16 83
44 58
31 121
38 109
36 139
83 126
28 137
24 42
98 140
55 116
9 81
78 137
5 151
22 121
106 130
56 124
83 90
125 140
23 45
63 104
95 143
17 99
7 128
86 142
107 128
6 134
36 147
13 28
75 94
23 128
121 127
15 40
57 135
18 97
20 70
1 42
58 141
51 126
43 104
0 138
154 155
121 146
6 30
49 52
104 133
40 126
106 146
69 88
54 86
49 60
119 123
37 57
76 103
15 27
100 112
59 113
0 50
31 125
10 38
3 9
41 115
7 137
115 137
81 138
72 83
45 153
31 46
69 95
7 83
2 27
2 136
31 153
1 34
48 67
23 106
27 34
77 134
95 121
24 132
80 87
63 125
45 123
38 90
82 136
124 134
41 48
32 39
8 31
5 13
18 65
2 96
70 109
42 153
15 117
44 99
2 101
86 140
44 136
9 47
81 91
30 155
111 139
0 148
18 50
54 72
42 147
42 152
65 127
81 89
47 69
112 124
5 56
77 153
60 84
69 141
24 151
11 53
36 47
39 112
67 73
80 107
61 125
54 137
69 129
58 95
121 129
24 38
84 129
113 115
85 104
16 56
117 123
71 102
35 126
8 144
26 146
49 53
74 119
52 101
77 101
28 33
128 140
78 99
32 84
71 132
30 53
67 103
0 5
71 149
37 140
77 147
20 71
7 97
80 92
3 115
52 65
8 102
112 122
29 137
20 28
106 155
68 109
2 37
60 80
41 125
15 97
78 101
8 60
34 82
95 115
70 112
18 73
118 146
53 151
20 67
37 82
61 119
131 154
49 127
115 136
50 64
49 105
111 146
70 102
19 109
109 155
51 122
61 130
29 46
13 104
14 108
96 102
33 120
40 83
45 63
49 97
8 73
51 60
0 52
45 149
95 116
10 124
105 106
14 145
29 128
76 146
21 97
48 139
54 124
67 99
107 119
20 54
2 79
8 25
1 144
68 123
55 101
9 54
111 145
84 104
111 124
8 56
32 155
26 94
52 91
53 144
4 53
24 153
25 147
1 143
47 53
8 105
46 75
32 114
63 102
21 78
26 93
31 101
19 101
39 61
18 142
47 144
9 89
63 87
73 135
48 136
38 91
33 91
5 81
38 79
0 20
8 75
8 121
93 137
9 77
36 66
113 138
8 46
67 136
1 12
103 114
36 62
58 107
57 58
37 63
25 123
10 105
110 127
9 110
45 112
119 141
71 140
121 149
17 59
51 94
73 120
91 113
64 120
49 140
116 130
