157
4
4041
60
158 2
588 2
584 2
524 4
146 2
547 3
738 3
73 1
118 4
454 2
398 1
194 1
355 4
794 1
365 2
232 1
529 3
244 4
68 5
587 3
347 2
147 1
180 3
514 5
688 2
220 1
621 5
269 1
142 3
73 4
401 4
307 1
596 1
256 2
462 1
397 2
403 5
299 1
626 2
323 4
514 4
449 2
452 4
259 2
522 5
495 2
486 2
639 5
159 4
496 4
74 3
294 5
395 2
466 2
777 4
544 2
573 2
679 5
767 3
724 1
383 4
577 2
443 3
518 1
379 2
196 3
625 4
142 2
623 5
126 3
556 2
819 4
45 1
673 1
89 3
635 4
741 3
179 2
657 1
326 3
448 5
462 3
150 4
584 2
342 1
478 5
589 4
623 1
156 1
708 3
128 4
74 2
224 5
243 3
438 3
676 2
142 2
566 4
566 5
257 4
491 2
678 4
695 1
386 4
808 4
416 3
566 5
317 5
684 1
442 2
328 5
450 3
196 3
167 4
591 3
297 3
213 5
285 1
478 4
495 4
139 2
663 1
288 2
335 3
602 4
534 3
625 2
723 3
139 2
435 4
576 4
226 1
243 5
375 5
733 3
650 3
53 5
540 2
91 3
654 5
153 4
677 1
59 4
619 5
392 5
671 4
763 4
421 2
641 4
432 2
371 3
529 4
495 3
209 1
779 1
562 2
768 1
26 47
46 57
21 26
54 112
26 44
33 135
39 125
16 56
139 144
5 76
17 34
36 67
58 88
41 103
4 69
77 134
81 148
52 142
63 81
5 19
5 37
42 47
6 91
74 88
37 90
34 118
6 90
126 146
60 103
26 87
80 150
20 29
75 90
23 132
70 137
37 78
9 138
4 44
62 150
25 31
1 3
4 28
12 114
99 118
5 69
1 149
79 130
138 154
71 111
105 150
99 137
0 153
80 145
119 130
9 39
5 66
65 115
33 84
46 63
15 31
30 127
54 63
25 128
54 124
16 95
106 122
86 96
124 147
14 88
67 92
69 108
55 141
102 105
94 152
65 121
46 52
83 139
50 55
8 24
78 125
96 121
22 27
61 140
10 156
97 143
43 142
17 93
32 65
74 87
44 132
61 74
81 101
45 135
100 101
126 154
53 105
100 133
78 121
47 105
21 148
74 110
67 152
47 130
96 134
87 92
118 143
77 152
9 69
39 69
7 121
111 133
4 122
26 102
52 99
72 95
13 59
3 153
49 138
4 38
40 123
43 63
100 144
67 77
102 145
48 52
51 78
17 140
93 113
86 146
13 94
117 141
117 151
9 70
8 27
22 127
27 91
79 111
35 109
55 97
6 113
34 52
26 35
80 154
1 138
96 114
5 51
27 94
58 90
82 131
100 149
20 151
32 150
105 148
10 106
84 146
28 121
24 115
7 131
6 104
144 155
100 110
18 43
22 29
15 41
62 149
66 74
91 144
2 86
86 113
20 111
20 102
9 42
74 128
36 130
72 104
2 20
85 113
67 82
42 129
43 130
100 147
55 93
25 156
1 103
13 127
41 127
9 54
74 95
30 144
20 60
13 148
18 28
87 114
10 74
15 86
4 155
87 99
2 24
63 138
16 83
10 39
86 92
20 121
57 127
31 43
2 68
95 138
3 66
7 153
81 119
74 131
25 152
37 64
2 77
40 117
29 80
7 113
17 24
102 141
17 134
87 91
96 151
25 136
52 105
32 100
14 55
16 125
85 120
50 91
40 88
103 118
58 103
3 137
119 149
129 131
20 62
106 139
136 140
125 129
3 91
22 129
42 152
0 141
32 96
35 106
101 153
62 86
11 14
55 102
80 84
45 65
13 81
128 133
4 47
70 91
41 63
5 13
118 156
64 90
76 148
27 41
34 37
54 116
50 94
55 91
69 142
16 91
19 90
10 22
63 133
7 93
51 72
0 37
3 37
44 112
56 153
116 139
27 142
1 100
44 67
79 152
73 112
45 56
9 155
10 66
96 141
4 19
60 131
22 67
69 105
27 64
82 127
75 118
44 137
29 73
9 11
57 64
107 109
5 97
132 140
78 143
128 145
51 92
23 59
16 53
125 148
21 115
112 116
29 129
56 138
49 113
80 98
59 153
10 59
105 109
88 101
82 128
63 71
44 107
6 46
29 91
137 141
74 132
55 125
97 107
25 127
8 55
7 21
7 37
40 47
40 110
95 105
34 151
67 132
7 61
2 129
2 80
50 103
92 143
21 141
94 145
52 151
35 121
14 109
90 144
132 142
10 76
6 83
31 94
71 81
141 152
87 127
32 136
90 149
29 155
105 113
62 94
4 74
46 129
20 77
73 148
123 144
7 46
27 37
10 153
26 39
16 85
14 141
85 135
91 122
16 61
126 148
0 65
43 134
111 126
89 136
40 101
67 106
26 62
40 73
0 13
35 57
103 144
7 98
108 122
77 85
16 78
53 80
151 156
9 16
71 104
21 142
26 109
26 27
28 62
44 52
51 107
107 115
58 149
2 146
67 74
78 132
42 62
42 127
48 128
43 84
60 149
0 79
8 96
89 148
7 25
52 144
30 75
12 106
34 84
128 152
85 137
99 125
87 153
37 65
39 57
33 75
11 63
63 114
39 87
5 135
19 117
16 19
11 132
1 48
47 107
72 133
22 151
75 78
1 108
10 119
23 76
51 116
46 148
54 144
111 123
75 156
53 70
73 118
2 81
54 59
29 59
40 155
43 140
102 111
58 129
19 99
78 144
27 55
43 53
19 109
132 153
7 52
24 111
13 75
5 18
16 94
39 105
131 149
99 150
12 152
109 113
93 115
46 89
116 129
77 83
109 138
42 128
6 93
43 105
76 154
87 154
8 22
74 99
46 76
71 117
74 94
19 122
28 39
119 125
24 46
49 54
56 84
2 16
12 135
65 104
63 150
94 146
64 98
98 153
38 87
79 131
15 37
118 139
63 66
55 72
41 152
42 87
0 111
7 132
80 117
54 75
20 144
66 75
14 43
122 138
31 150
17 143
63 103
6 84
88 153
134 149
21 109
5 29
4 34
41 48
20 154
13 132
1 82
47 64
59 154
4 46
16 101
40 54
21 55
56 145
28 108
10 82
119 138
74 150
25 68
26 86
2 10
16 92
20 99
37 93
21 124
91 109
79 117
43 56
18 114
115 133
80 97
62 76
8 119
14 118
70 140
9 89
60 132
99 117
80 123
47 72
57 102
72 142
23 35
51 151
68 74
146 154
37 125
46 107
10 42
55 74
2 60
64 82
79 144
79 122
35 115
53 54
1 26
19 51
45 90
6 146
4 108
2 64
76 123
92 118
35 143
33 123
34 89
127 149
87 113
79 143
43 45
34 88
14 113
8 155
6 64
44 47
51 79
12 76
24 44
75 124
8 108
89 115
31 61
22 140
4 150
104 116
64 103
82 135
11 145
81 140
38 138
20 127
0 125
13 91
110 124
38 118
77 118
84 126
12 105
9 128
23 62
66 101
39 56
14 63
136 147
18 42
29 141
61 96
130 147
91 140
51 69
38 61
11 102
66 118
32 107
36 76
28 85
38 131
45 156
126 141
40 72
136 145
105 147
20 90
70 147
43 115
2 14
6 13
19 88
28 111
97 125
19 22
5 101
73 117
0 81
102 103
115 146
137 147
58 131
17 138
109 148
63 68
61 132
98 152
53 133
88 122
34 150
48 57
113 117
10 128
117 143
8 64
38 109
6 54
19 114
6 76
123 141
92 100
23 129
72 111
69 77
18 32
7 13
15 135
23 30
14 89
13 156
65 143
23 33
98 142
0 52
40 70
62 78
1 84
78 134
18 53
40 125
19 137
55 145
53 136
31 96
17 32
12 55
14 54
3 6
77 109
40 53
60 112
43 107
37 57
14 74
51 55
32 61
24 78
56 89
92 136
42 112
30 148
26 97
39 118
6 127
88 126
88 138
64 107
47 53
94 139
7 101
114 117
42 44
23 127
32 58
50 146
15 16
5 120
46 47
36 110
98 100
58 69
13 28
48 73
81 110
43 86
51 73
9 100
55 63
97 155
44 146
90 117
21 44
21 79
59 104
68 102
33 63
29 48
40 150
80 92
55 132
40 66
149 152
90 140
11 134
85 118
53 101
86 153
85 132
41 47
43 93
4 37
108 131
64 155
88 125
94 125
25 43
46 81
70 104
47 68
0 115
51 66
3 126
70 94
4 72
53 85
31 71
18 27
33 94
109 114
88 95
56 81
141 151
19 87
8 33
20 147
96 107
96 98
21 63
104 118
82 95
21 23
62 136
6 106
1 72
71 88
130 150
91 123
89 134
48 95
74 145
6 97
26 60
17 83
33 42
72 84
23 115
52 106
2 55
26 81
28 156
45 133
25 42
27 73
12 112
96 152
0 44
16 35
61 149
131 135
65 132
47 49
67 87
66 148
60 147
59 76
38 133
7 27
27 36
37 45
26 80
64 110
36 38
69 155
87 128
68 148
24 127
35 103
92 138
44 91
54 71
22 118
121 136
15 48
100 134
88 134
25 105
6 22
5 112
90 151
36 152
118 123
3 69
31 33
133 143
108 126
10 146
68 70
83 150
44 118
22 28
0 20
58 147
83 102
53 125
57 154
29 102
47 90
41 128
28 100
78 100
30 63
38 101
46 85
22 107
79 146
113 115
93 148
50 135
27 67
3 25
71 150
1 66
26 145
45 141
7 141
89 107
104 121
33 40
35 123
54 77
21 95
57 66
77 155
124 132
7 111
102 152
77 149
4 92
47 110
22 100
54 84
22 99
85 99
59 98
31 57
123 128
82 85
128 151
83 86
10 72
30 117
40 67
15 67
94 147
43 155
7 134
41 153
81 94
35 152
59 97
80 87
21 84
102 120
55 66
9 103
40 48
39 112
30 33
83 141
21 25
59 119
83 109
3 7
17 108
43 95
63 65
39 138
128 139
30 79
101 130
127 130
64 137
45 76
22 89
23 144
2 134
6 122
6 20
92 130
44 64
94 107
122 143
93 123
14 81
100 104
58 142
11 18
79 129
16 29
17 49
75 87
63 94
15 66
2 133
3 123
38 88
6 43
103 142
47 118
44 74
0 22
103 119
29 120
33 61
59 99
23 67
37 140
24 27
109 130
37 122
27 105
42 137
61 101
82 138
71 114
40 115
66 139
75 86
12 156
42 83
76 109
67 142
54 142
60 151
73 93
2 97
20 156
99 145
3 88
46 124
18 135
104 109
64 104
3 101
1 143
20 37
57 114
58 150
109 127
33 132
0 17
51 129
12 67
36 46
119 154
75 137
47 143
25 97
44 144
64 128
60 104
138 144
42 97
52 134
91 142
73 116
42 138
113 152
91 147
18 152
107 120
18 139
49 100
57 97
107 146
66 103
31 59
34 147
44 97
37 116
26 150
69 124
30 129
11 81
61 89
17 73
109 144
20 81
54 114
49 137
16 86
28 52
17 44
27 115
58 97
41 52
9 41
73 150
23 91
10 104
46 112
0 38
54 104
73 115
40 134
52 120
16 58
35 124
26 118
17 31
27 131
50 71
28 110
16 33
12 151
27 114
53 141
28 88
86 123
30 130
34 114
23 53
23 97
128 130
13 42
16 121
66 83
75 136
22 78
108 118
9 44
66 72
56 90
90 113
84 100
81 114
24 142
6 152
31 55
10 154
8 41
91 112
60 117
18 68
98 134
16 38
6 53
133 138
39 84
100 118
92 145
121 156
55 99
22 114
120 134
19 95
17 128
49 93
73 124
53 102
22 82
97 145
40 45
16 21
16 24
46 97
58 141
15 28
86 138
70 138
54 134
93 139
14 50
46 73
4 13
49 77
4 25
51 57
30 153
36 151
55 85
15 93
15 112
41 148
10 131
67 70
20 56
18 94
52 122
140 142
70 86
51 154
35 86
132 146
87 147
14 39
78 95
89 150
105 123
101 123
12 16
36 44
54 80
88 119
27 33
19 61
135 141
19 76
41 73
71 112
49 121
5 149
93 150
6 144
8 66
75 83
98 143
38 106
59 66
149 156
33 125
72 93
6 23
117 128
17 25
97 131
103 141
25 39
45 115
8 45
8 127
120 137
41 122
90 153
12 119
29 74
127 156
50 124
114 148
30 111
83 144
86 122
94 138
50 152
77 136
0 98
27 134
18 37
44 123
45 152
90 105
13 86
113 156
109 153
56 149
16 99
22 61
18 116
37 133
116 130
34 90
45 112
18 41
21 137
111 125
27 153
83 136
18 51
25 52
52 81
31 134
16 136
32 106
28 123
124 149
82 144
28 30
80 156
46 87
108 128
90 108
76 146
1 44
54 92
45 86
103 143
7 22
21 119
21 80
49 79
17 72
32 138
2 56
99 130
7 103
132 149
28 124
45 47
68 151
33 82
74 106
54 127
71 124
71 101
15 137
35 53
19 74
134 140
45 88
83 125
40 90
61 109
124 127
132 141
40 94
30 95
55 136
81 124
72 105
103 127
37 96
39 119
14 33
29 122
65 75
47 115
6 11
20 120
34 86
46 130
28 146
69 98
62 110
86 134
29 121
36 73
6 52
73 99
81 86
15 114
84 127
36 134
23 128
63 139
19 34
76 145
103 149
54 87
29 77
87 93
105 108
1 125
73 96
29 31
62 138
83 118
76 104
131 140
57 111
8 21
51 96
81 98
70 87
129 144
5 126
7 126
108 114
83 124
80 90
26 99
65 141
4 7
94 126
128 146
127 132
3 122
3 116
99 131
11 129
11 143
125 151
24 152
44 121
14 30
137 139
23 146
11 112
76 143
55 107
1 80
13 26
55 116
98 148
39 72
63 88
91 108
109 116
3 59
46 80
50 67
103 126
40 137
9 34
96 137
132 134
31 144
64 108
59 134
23 152
13 76
40 147
23 74
55 77
64 113
96 105
70 124
97 110
90 134
30 76
71 134
29 99
103 120
76 124
70 82
1 88
0 86
130 136
2 15
29 72
97 101
12 59
81 111
33 154
10 113
112 129
49 143
71 105
3 40
112 142
128 142
9 22
7 87
12 93
113 134
107 128
86 88
4 41
112 128
0 101
37 108
23 32
83 128
110 128
10 14
26 40
55 139
69 148
70 151
85 138
106 141
96 128
28 154
60 106
6 56
145 153
21 74
50 53
33 51
91 143
125 143
2 32
47 76
25 90
103 132
50 155
7 49
155 156
86 116
70 89
23 139
77 140
10 96
38 134
35 142
6 28
82 96
6 126
44 66
91 101
48 49
26 42
105 140
61 118
6 115
35 44
131 137
44 142
30 82
6 138
22 94
7 48
13 52
46 110
130 135
21 76
59 67
114 125
92 93
109 141
55 114
83 107
13 121
56 104
101 150
62 99
124 142
18 20
17 92
62 79
28 148
54 135
59 147
61 125
1 91
118 134
66 153
3 97
96 117
144 146
7 79
28 140
49 83
69 99
4 104
142 150
82 139
117 148
0 130
53 82
102 128
58 93
89 91
48 94
68 91
103 105
14 148
30 73
28 141
38 105
7 17
56 134
73 146
16 20
69 136
8 86
12 109
50 151
108 127
22 38
48 146
7 124
26 69
29 65
54 78
29 36
3 46
38 44
59 90
122 125
67 118
15 101
151 153
65 94
0 145
101 137
96 138
39 152
125 142
111 138
63 77
5 107
11 89
106 124
5 9
2 38
8 71
28 29
34 91
11 82
75 126
24 40
37 120
56 156
30 40
47 144
48 142
1 146
98 136
41 43
21 108
63 93
18 62
89 116
6 107
97 151
29 57
21 35
43 125
39 132
38 48
52 113
59 93
30 123
106 156
28 103
59 143
19 44
13 30
5 7
129 130
111 137
28 149
86 97
44 151
30 121
67 104
36 90
66 134
45 68
15 95
83 112
94 150
19 54
49 150
34 98
1 155
107 117
32 82
27 53
109 128
33 69
111 114
86 126
42 139
86 141
30 137
57 82
16 100
70 84
14 139
18 36
64 96
23 55
8 103
55 137
15 30
21 143
77 116
117 126
43 143
72 78
65 87
45 72
58 63
1 69
8 77
81 109
4 23
71 91
64 78
9 47
2 59
115 153
129 152
59 123
7 18
59 111
133 134
94 97
81 150
5 150
106 151
46 83
85 136
116 123
20 40
78 140
61 116
7 8
17 133
27 139
2 149
82 145
59 127
122 127
102 114
11 101
1 12
18 107
111 117
97 149
1 142
37 59
5 131
117 132
71 118
71 90
14 60
85 90
78 131
77 90
6 132
100 131
10 34
105 151
27 79
22 25
28 102
74 124
45 85
21 24
49 64
44 106
50 108
75 148
96 127
22 97
64 149
75 125
58 154
8 42
72 135
41 79
62 126
108 124
20 149
37 40
115 134
31 70
51 108
25 93
34 141
37 156
57 156
38 70
39 90
16 93
53 114
28 57
117 127
12 44
29 66
71 153
101 112
75 120
12 110
1 139
33 100
39 102
56 85
16 31
40 96
3 15
36 86
46 101
46 61
59 142
29 106
46 123
116 150
25 35
15 46
19 143
10 79
37 51
74 149
28 90
144 156
100 114
4 93
15 89
100 121
7 80
67 81
27 137
33 57
38 85
58 59
28 77
59 150
0 32
40 112
77 82
84 155
100 106
11 52
45 145
12 19
115 130
16 55
113 126
65 67
30 93
70 81
121 146
8 107
23 101
44 143
12 131
113 148
136 137
64 69
19 62
5 154
9 63
31 69
15 42
46 99
74 130
69 107
24 65
57 68
129 149
42 156
56 79
57 73
61 106
22 74
93 112
60 98
16 109
60 88
72 125
85 154
139 156
67 105
120 142
95 156
13 71
74 81
15 63
36 62
15 43
65 154
77 124
21 30
73 82
92 111
67 75
106 119
62 82
18 64
12 145
135 142
90 97
41 82
43 79
64 125
99 140
77 130
35 38
31 46
38 94
77 102
104 155
122 129
15 102
103 125
31 155
78 93
136 150
54 118
85 140
44 86
23 27
64 81
32 94
69 132
37 67
95 152
85 106
30 51
23 149
102 106
51 149
127 134
37 86
4 67
46 86
19 128
56 116
5 52
56 119
102 140
3 95
101 105
2 105
134 147
35 42
46 102
135 151
4 31
15 91
80 115
122 133
56 137
20 50
131 136
31 65
24 29
42 120
22 55
62 119
105 114
15 52
2 136
41 139
18 97
84 85
104 129
72 83
3 31
137 150
27 62
10 147
53 122
0 12
19 113
22 155
107 133
29 144
110 132
20 73
108 148
28 153
46 152
4 55
103 106
64 132
106 113
76 112
27 146
59 96
116 147
32 69
40 95
15 154
79 140
16 84
8 125
15 57
20 68
22 64
43 103
12 98
26 154
30 56
0 97
62 154
90 106
9 19
132 137
0 15
63 86
98 145
86 143
34 145
106 131
53 61
52 66
102 151
53 139
14 19
74 109
21 146
102 135
97 120
52 100
19 132
87 148
49 70
95 103
69 126
45 125
21 140
31 103
9 52
1 51
60 81
23 85
30 50
23 151
82 106
45 97
11 139
7 76
20 25
42 132
49 107
31 67
7 109
33 78
65 68
108 154
31 136
30 92
117 156
67 137
71 137
117 140
7 44
32 132
38 75
23 34
124 145
73 76
12 108
102 131
145 148
61 139
31 85
9 29
9 147
24 92
10 126
3 96
9 139
55 68
9 141
152 156
76 152
141 143
110 150
25 77
133 152
9 25
20 69
96 99
6 149
67 135
119 142
3 93
10 112
37 111
54 65
3 115
81 133
139 140
95 133
59 65
73 132
110 154
12 122
137 148
22 75
17 151
31 147
61 122
22 136
4 130
76 88
101 122
36 68
75 115
44 136
124 146
27 87
73 155
105 121
25 60
84 97
65 74
63 134
68 79
30 99
68 142
14 133
44 53
28 152
54 88
39 100
89 149
1 137
41 71
85 129
27 96
27 74
9 43
84 112
79 89
49 122
41 146
43 150
43 54
36 95
47 66
58 111
37 85
59 105
11 19
62 84
35 146
48 50
56 64
34 41
1 140
90 118
13 153
13 150
0 113
39 151
1 111
57 70
123 135
29 98
24 76
41 42
13 89
150 153
111 118
30 94
49 50
67 151
28 129
24 120
69 112
22 68
76 127
90 109
11 119
47 95
45 110
1 62
133 153
22 90
41 45
72 103
120 149
23 119
35 90
30 120
70 102
31 84
5 57
46 71
62 104
59 149
49 99
10 143
103 129
32 143
20 115
67 89
57 109
59 86
105 125
94 156
110 152
41 141
1 5
95 142
84 153
67 93
58 120
16 22
66 77
48 109
89 142
77 87
55 87
23 63
6 67
48 100
36 121
33 120
96 119
73 126
118 137
53 88
60 89
84 96
100 153
33 52
39 86
42 140
102 116
36 154
26 143
19 71
43 100
98 116
105 126
5 54
65 151
117 121
31 132
78 150
0 35
7 129
107 123
36 49
0 18
121 127
92 117
87 156
136 155
10 37
31 78
32 35
71 133
5 59
92 128
34 56
4 75
29 67
56 118
40 42
68 80
109 123
16 30
140 149
99 105
93 94
59 72
10 81
11 133
46 140
40 52
15 56
50 96
47 150
99 120
34 144
58 124
44 111
41 136
83 134
36 71
93 142
49 142
61 76
62 131
27 132
40 69
59 155
12 40
51 83
57 87
40 108
50 109
27 143
53 155
1 73
45 137
24 148
31 117
49 52
72 87
14 46
17 131
26 98
70 88
29 45
21 88
13 85
81 134
50 58
20 38
50 141
119 156
59 145
73 137
67 146
2 35
75 140
31 135
38 45
127 137
59 148
0 16
89 106
4 80
17 57
62 144
78 153
122 131
57 106
124 140
37 139
13 113
57 129
75 145
25 148
32 34
1 23
17 91
102 148
73 139
50 147
10 155
68 84
36 140
40 78
78 130
8 143
4 43
93 141
39 83
35 118
37 73
50 117
44 83
82 122
112 113
14 110
24 140
127 131
17 70
35 56
30 87
58 125
78 151
48 64
68 98
21 96
57 146
11 71
11 117
38 82
143 144
25 108
1 83
10 19
98 113
6 155
64 144
3 34
44 45
5 8
47 135
17 156
71 151
12 94
37 112
32 123
24 43
90 154
8 123
1 128
105 112
106 146
34 137
68 125
83 115
82 146
104 137
113 120
30 66
3 48
41 96
107 151
27 75
66 81
14 25
50 123
7 114
7 56
92 133
28 147
84 103
24 150
79 156
69 88
11 106
80 99
75 77
40 103
34 113
37 48
119 133
102 143
39 136
65 110
62 135
11 148
18 119
57 90
41 112
126 134
65 112
0 31
70 142
6 95
85 110
2 152
26 63
45 53
1 87
13 87
26 51
60 69
40 141
11 45
23 90
32 145
66 117
123 155
21 130
67 148
7 30
3 72
92 156
91 145
86 121
64 67
14 86
3 13
110 111
23 134
101 117
101 116
18 115
79 121
5 73
16 87
50 63
89 118
51 134
27 47
42 122
50 145
14 99
76 93
137 149
46 93
62 113
70 79
6 59
25 59
18 117
0 107
25 123
35 139
50 64
89 103
15 53
3 125
107 131
1 133
14 51
42 102
108 144
7 142
86 145
15 49
99 106
88 109
88 110
29 118
102 156
71 128
52 139
72 151
7 106
61 93
39 51
49 89
154 156
132 147
55 119
38 78
85 95
43 116
16 156
96 104
79 154
29 52
11 83
36 85
105 117
151 152
66 143
0 99
33 92
34 87
76 84
54 128
66 124
62 121
82 123
51 115
107 145
79 80
67 101
14 91
85 150
13 136
4 21
88 142
22 56
16 145
31 99
28 89
9 91
36 42
109 149
79 92
36 65
82 98
44 152
115 129
78 146
28 55
92 115
104 133
13 111
100 123
82 155
29 79
72 85
15 23
31 102
45 50
19 118
21 87
107 147
71 107
19 63
122 152
5 49
136 148
98 118
41 81
8 110
94 102
85 149
65 122
25 30
23 153
8 16
70 72
68 85
47 57
29 126
46 68
28 142
26 116
8 105
117 130
60 85
41 66
57 116
15 109
45 52
45 91
25 126
0 127
78 101
43 47
69 75
93 105
12 153
93 96
25 107
143 145
132 145
98 135
59 107
15 120
105 110
63 82
59 108
13 137
49 65
13 69
15 87
24 124
46 88
106 118
121 122
33 128
25 48
28 115
47 87
47 78
8 12
66 91
16 102
11 122
38 56
43 92
87 140
58 105
18 30
60 63
23 105
127 138
7 69
45 103
99 154
1 14
4 124
21 67
69 150
15 110
19 84
16 79
8 18
49 151
4 17
69 76
107 136
28 34
19 83
123 156
17 127
0 4
18 137
19 41
81 89
146 155
28 91
53 95
32 53
120 128
58 62
39 47
77 106
66 102
3 75
33 122
84 116
42 98
94 143
34 80
130 153
27 57
78 82
148 155
95 137
37 106
98 141
37 138
59 139
4 84
10 140
22 43
4 149
71 152
21 129
35 65
119 129
134 151
72 121
113 145
103 114
6 125
43 144
75 105
78 99
111 151
124 135
64 118
7 40
61 129
56 96
122 156
31 75
96 126
91 129
90 125
15 94
116 148
12 86
0 120
95 113
7 68
7 119
20 96
11 109
10 151
141 148
88 89
108 143
92 125
4 119
100 119
129 141
26 53
15 107
63 153
72 115
28 46
135 136
30 149
13 112
36 92
7 151
18 82
52 59
86 137
49 152
8 11
4 9
75 119
83 89
87 135
70 136
4 53
12 53
7 88
43 80
39 67
2 109
1 123
98 144
58 114
14 121
52 141
79 86
4 147
0 102
45 95
21 33
108 113
62 66
120 139
18 85
38 51
30 100
20 54
32 104
4 18
88 129
30 128
17 29
46 118
27 35
66 99
106 154
26 142
64 83
149 155
78 149
14 52
16 153
56 70
52 74
48 76
64 77
53 76
60 150
15 58
127 140
146 153
103 111
46 149
65 114
51 148
35 99
147 150
105 129
33 145
95 146
38 149
6 136
1 18
6 88
28 98
5 140
4 56
67 149
73 78
33 36
26 88
74 148
14 97
57 122
63 89
147 156
8 113
124 133
107 156
9 15
60 134
77 139
80 121
112 141
58 61
21 139
9 123
139 146
97 104
35 51
1 115
13 142
71 148
4 14
6 128
9 143
36 51
53 87
99 144
60 141
54 69
64 68
25 145
55 86
39 114
14 146
21 75
30 49
27 84
127 133
23 25
28 106
36 91
69 121
46 56
46 54
69 151
13 44
55 142
5 141
71 121
20 61
85 141
50 75
12 51
40 126
91 95
39 128
106 145
88 112
35 138
9 37
107 108
78 104
58 76
125 156
27 123
35 93
112 154
0 152
61 83
5 46
98 120
59 121
117 122
1 50
0 84
113 122
7 57
1 109
57 80
30 97
22 130
59 117
12 154
13 115
25 64
61 137
15 33
95 139
27 102
136 152
28 70
13 35
80 135
38 104
71 85
42 106
55 104
10 149
104 143
94 136
77 86
26 147
7 105
148 152
16 41
123 137
37 94
36 122
121 152
14 31
55 95
36 131
46 153
19 81
3 124
69 84
29 69
61 91
4 97
17 77
3 80
31 73
1 136
76 144
116 131
112 115
145 154
4 128
88 140
17 26
1 110
2 127
39 135
10 38
94 153
12 82
8 20
57 136
91 113
43 111
61 131
30 74
61 108
9 108
17 61
129 142
4 101
23 136
47 91
64 146
1 86
112 124
84 134
61 135
82 114
17 146
39 124
12 134
37 99
11 88
52 156
29 123
137 144
30 109
138 140
61 119
79 106
7 23
33 41
72 138
118 130
64 154
5 152
78 89
105 146
31 35
86 135
19 33
79 101
65 88
61 62
18 50
100 142
61 120
17 129
118 125
9 38
19 67
131 155
78 115
83 142
59 125
12 50
32 62
96 106
7 85
51 133
46 134
95 148
71 154
109 154
53 78
110 148
7 12
42 68
64 72
63 96
116 125
51 105
68 87
64 86
20 125
69 133
36 37
39 82
108 149
51 94
84 95
34 72
45 148
37 146
3 55
26 113
34 117
64 76
29 154
92 103
122 148
74 91
62 148
77 97
43 50
12 15
24 90
21 110
4 62
17 58
64 145
87 123
86 136
107 114
5 26
107 149
63 120
67 99
20 80
43 104
36 100
38 63
56 133
49 81
8 35
46 121
17 71
17 28
109 143
69 131
29 142
50 127
33 54
18 38
9 48
89 123
33 62
51 84
92 127
57 128
17 51
85 134
6 33
85 144
66 150
16 69
36 123
16 108
56 77
92 113
77 89
39 149
62 87
14 37
25 111
71 126
4 36
45 132
28 86
21 135
3 149
20 53
92 146
52 89
98 111
78 80
13 155
111 124
47 155
24 121
0 34
21 121
113 133
103 156
12 133
33 136
53 100
20 48
18 69
98 138
0 90
29 156
76 121
25 110
63 155
68 104
33 55
52 76
36 41
54 57
39 68
46 156
29 42
88 92
126 149
95 107
47 55
29 53
116 128
100 124
57 153
93 120
38 62
98 115
147 148
88 94
15 73
10 32
82 101
66 79
29 41
0 45
0 143
7 112
32 156
33 99
34 106
26 93
12 36
45 131
99 139
122 149
106 128
62 128
7 60
48 112
106 127
90 129
106 140
11 124
89 154
31 50
116 132
14 104
2 5
50 69
0 53
3 102
109 155
64 148
18 23
28 122
15 62
21 41
49 63
84 133
22 36
94 104
110 117
27 113
15 90
115 139
136 149
113 123
89 145
61 66
2 69
35 41
17 82
29 111
46 127
14 105
10 48
16 63
21 100
24 33
12 17
10 142
45 49
82 112
96 131
60 79
65 111
40 128
5 153
68 120
123 150
14 150
1 78
27 42
37 101
96 118
84 120
75 101
49 119
41 64
56 142
95 99
14 112
125 126
63 125
98 102
38 115
38 124
4 20
28 150
10 107
42 144
124 150
68 137
27 101
115 136
27 130
18 75
29 33
18 124
14 85
24 34
84 91
79 87
54 101
17 67
143 146
65 129
71 138
35 80
6 63
31 125
27 145
69 130
30 89
2 144
17 155
23 86
119 145
36 53
44 85
74 122
34 126
72 123
76 134
2 49
12 111
8 72
120 138
120 131
76 80
76 111
48 134
69 123
105 141
96 132
113 139
44 109
56 114
25 33
0 78
40 77
23 137
74 76
10 50
63 109
33 53
35 82
46 150
3 155
57 105
26 96
11 20
35 76
38 39
42 131
61 150
31 32
140 150
148 153
87 150
107 111
3 79
17 114
26 134
2 79
126 147
119 139
28 109
135 143
102 132
3 118
4 45
25 124
34 133
63 99
82 140
28 73
28 79
43 135
115 138
3 130
94 106
27 126
69 129
36 43
55 131
126 139
15 123
63 107
24 80
57 143
6 77
4 60
124 144
142 155
134 145
26 64
133 155
36 116
12 155
89 99
112 132
53 154
10 90
37 84
44 127
112 120
0 63
48 63
18 71
34 77
45 98
38 153
17 130
84 131
8 26
67 144
33 140
66 126
5 25
29 138
54 115
103 136
17 116
31 76
63 85
59 74
0 117
17 23
78 98
81 107
14 156
10 36
90 107
24 64
6 121
57 61
16 134
9 84
11 22
34 104
37 44
49 96
5 31
129 143
28 71
44 150
46 132
4 142
21 111
9 135
8 44
42 67
35 156
78 87
55 120
101 120
34 43
83 94
89 97
19 31
3 64
60 61
20 21
74 156
22 57
24 141
55 124
56 105
39 65
59 69
38 73
134 136
131 147
37 92
68 138
16 60
3 63
45 149
8 59
94 115
19 101
97 109
114 153
65 97
35 126
88 117
54 143
11 57
111 135
37 63
53 94
86 93
0 137
44 154
139 143
15 74
37 127
52 56
23 154
29 86
52 75
24 41
35 119
18 48
21 40
7 100
72 124
8 82
6 17
76 101
31 153
99 101
5 85
88 115
42 126
14 137
47 124
15 60
28 87
43 148
84 93
70 109
92 152
34 103
31 86
55 83
93 99
125 134
20 140
2 116
62 81
82 137
74 111
2 85
38 137
40 75
97 121
120 153
7 31
50 115
44 70
20 89
12 77
48 59
37 134
70 105
29 149
65 93
64 80
17 120
49 118
88 124
50 106
17 109
41 134
40 99
20 43
13 133
82 143
20 32
100 129
99 136
17 89
60 137
34 35
41 155
6 10
52 148
39 42
2 89
66 94
31 45
0 74
73 106
33 87
80 131
67 139
55 121
33 111
48 145
55 100
10 71
11 94
21 27
19 75
79 99
42 155
87 143
112 121
43 124
40 107
84 119
77 143
11 123
15 21
18 22
27 149
152 154
70 108
19 43
0 23
21 53
31 34
19 153
4 109
57 60
42 124
37 81
30 78
26 95
60 145
19 103
27 81
5 50
11 65
23 100
97 134
40 127
63 124
48 120
14 76
6 116
31 142
13 40
63 101
27 125
36 78
63 79
2 21
11 96
35 92
30 39
34 96
32 129
22 96
41 61
24 129
4 99
63 151
10 80
25 34
70 135
146 147
81 91
19 57
6 130
7 74
1 34
93 125
22 102
23 70
152 153
50 113
64 84
7 140
15 128
14 87
13 118
97 118
88 155
24 95
70 122
106 117
28 60
118 147
41 113
7 95
45 111
21 49
42 115
30 122
7 108
22 62
138 146
78 83
74 79
9 78
17 111
35 131
65 155
4 22
65 77
30 119
44 101
9 127
142 154
21 154
3 119
0 146
74 85
37 76
11 116
64 134
18 67
114 132
60 120
98 151
7 155
96 143
74 101
89 95
11 113
99 108
0 131
69 71
38 110
129 135
0 105
26 144
17 126
25 65
75 92
30 90
16 81
142 148
56 61
33 35
137 152
12 66
17 145
13 15
69 91
48 51
42 82
5 96
5 21
19 50
21 132
37 121
10 92
134 155
6 105
25 70
22 44
25 85
75 132
11 150
12 71
50 68
5 83
36 40
63 76
38 60
24 107
102 149
32 59
34 62
13 33
9 40
68 150
9 74
86 132
14 48
31 121
16 139
88 106
41 117
69 89
22 53
112 133
42 70
44 89
80 118
22 124
96 103
23 145
18 73
9 97
15 156
23 42
99 143
3 81
5 36
100 130
95 123
22 48
60 73
64 126
65 139
68 110
21 29
31 98
5 93
16 37
2 155
103 154
55 126
84 113
86 155
54 56
7 26
39 133
38 64
32 114
54 79
81 106
17 68
82 148
76 94
5 48
11 93
73 114
101 121
58 78
25 98
66 109
14 34
32 124
33 56
75 91
27 155
57 130
51 123
17 37
34 73
33 155
19 37
50 88
54 86
19 121
42 113
36 108
40 148
30 70
140 154
70 121
57 89
7 107
20 64
25 143
79 109
66 127
72 81
62 156
77 127
117 153
34 70
15 151
22 81
64 151
104 112
64 106
91 126
37 137
1 20
50 153
56 67
20 72
118 138
44 148
11 86
85 89
41 78
78 86
2 54
70 97
27 89
109 132
30 124
29 143
9 85
39 99
83 104
47 137
58 123
73 130
32 44
11 126
56 129
18 33
97 124
11 55
95 109
101 148
63 95
91 135
62 92
91 116
71 77
108 111
113 135
91 97
102 107
5 98
44 100
109 135
58 117
28 76
124 131
19 26
9 32
26 82
11 35
52 114
59 94
72 114
67 128
46 147
28 48
38 80
61 142
4 156
25 50
5 12
91 117
138 155
4 48
84 137
70 128
10 16
94 108
39 60
41 99
74 119
15 83
17 27
36 97
11 152
132 154
36 118
73 156
20 124
22 101
29 107
37 117
43 71
27 129
144 147
75 151
12 32
112 134
91 130
26 36
52 77
27 121
88 98
115 147
62 85
84 94
86 130
113 140
41 142
34 82
103 113
34 78
11 16
71 73
100 126
45 94
1 92
41 132
136 146
9 53
2 30
119 131
36 138
100 137
114 127
14 15
3 103
94 111
49 133
122 124
61 144
4 32
12 142
93 107
15 131
72 156
68 117
28 50
18 95
61 146
19 106
13 54
24 83
69 116
106 126
94 120
54 72
47 89
75 139
9 28
42 116
2 13
3 98
39 63
73 140
93 124
31 115
48 127
107 148
140 148
73 138
7 125
17 50
8 121
81 136
91 154
6 18
38 112
34 136
120 133
132 148
76 99
25 144
14 82
15 35
11 60
45 154
35 68
67 145
18 148
4 82
54 145
82 105
51 85
62 124
63 105
53 148
104 140
35 101
38 84
48 135
116 155
40 102
3 14
57 150
32 47
37 95
21 156
64 150
49 55
38 54
27 52
37 77
63 152
47 59
65 80
71 74
2 124
53 142
18 56
81 123
2 31
75 111
30 126
51 91
33 39
34 138
106 152
62 100
52 73
74 114
39 145
19 145
36 136
12 46
83 96
1 28
119 123
54 113
31 97
50 60
3 113
16 132
10 58
47 134
11 38
99 100
19 98
134 144
42 72
23 43
34 121
5 88
90 101
24 42
17 88
21 52
19 73
90 124
46 66
3 143
69 135
7 147
107 138
16 135
97 142
70 132
24 72
42 76
107 122
0 50
81 122
95 131
53 93
110 137
42 80
34 76
69 122
8 43
59 114
2 91
49 51
112 139
7 71
75 134
46 142
42 54
29 34
21 59
79 97
97 154
20 133
135 156
92 134
0 154
110 142
101 139
5 60
74 89
27 154
25 36
77 145
122 135
25 29
83 106
100 138
82 150
3 18
26 111
65 113
79 147
25 117
47 93
25 40
14 96
23 121
21 112
12 25
28 136
37 105
32 54
104 106
81 112
47 81
54 99
40 111
100 136
23 95
83 127
84 87
36 114
109 142
9 106
6 25
19 111
18 105
15 70
75 103
54 125
81 127
7 102
25 106
0 118
