160
11
1017
60
50 2
48 2
34 2
23 4
60 2
46 3
21 3
36 1
48 4
36 2
15 1
21 1
33 4
18 1
23 2
29 1
23 3
40 4
67 5
64 3
44 2
53 1
42 3
38 5
30 2
40 1
26 5
48 1
65 3
54 4
14 4
11 1
58 1
52 2
49 1
34 2
53 5
50 1
43 2
36 4
52 4
20 2
54 4
16 2
60 5
67 2
44 2
28 5
30 4
49 4
21 3
39 5
38 2
10 2
28 4
58 2
47 2
47 5
32 3
21 1
43 4
54 2
34 3
64 1
55 2
14 3
46 4
69 2
65 5
14 3
60 2
56 4
27 1
11 1
21 3
21 4
22 3
24 2
11 1
14 3
15 5
60 3
14 4
19 2
18 1
68 5
10 4
68 1
44 1
39 3
33 4
46 2
64 5
17 3
69 3
20 2
26 2
63 4
14 5
38 4
53 2
69 4
19 1
10 4
25 4
23 3
25 5
34 5
50 1
65 2
56 5
68 3
11 3
44 4
50 3
17 3
27 5
17 1
20 4
17 4
54 2
13 1
48 2
31 3
60 4
43 3
42 2
42 3
59 2
23 4
47 4
66 1
69 5
56 5
54 3
57 3
39 5
34 2
12 3
9 5
66 4
17 1
37 4
36 5
60 5
41 4
42 4
17 2
11 4
9 2
9 3
24 4
32 3
16 1
42 1
31 2
41 1
14 2
29 3
40 3
15 31
24 108
114 129
52 145
25 87
38 118
25 149
21 92
1 62
21 52
16 113
49 80
56 99
78 95
4 45
147 159
81 154
32 34
61 71
94 159
86 109
10 55
56 116
71 114
97 106
44 46
19 65
115 158
58 106
49 129
0 30
47 125
118 143
78 83
68 130
36 75
78 127
56 136
60 143
15 79
3 87
31 67
7 87
38 88
2 91
27 139
67 129
123 130
126 131
127 135
94 132
77 131
4 119
57 87
67 113
11 119
46 143
39 115
42 98
52 106
33 70
87 121
25 41
52 157
61 100
100 115
114 142
101 155
22 97
10 157
66 158
109 142
131 138
90 118
23 152
129 153
12 40
97 154
6 84
122 127
91 140
16 53
59 140
82 141
19 66
43 71
61 110
64 114
12 130
34 66
64 66
14 137
10 151
136 152
116 123
95 116
62 106
6 20
53 80
95 115
71 136
46 107
23 155
12 144
98 128
67 111
135 150
25 128
56 134
2 115
104 137
53 96
48 73
50 142
69 131
14 151
128 132
0 37
39 110
23 36
41 155
36 133
135 143
89 147
45 71
48 131
96 157
35 112
89 102
17 31
40 143
93 102
26 91
20 46
142 145
26 128
76 103
42 159
57 154
42 47
0 68
128 153
24 131
3 134
4 152
2 96
22 56
56 101
57 81
147 150
59 113
83 141
99 152
41 90
143 152
27 154
24 31
2 158
125 149
69 85
128 141
10 71
141 153
77 110
75 147
41 76
65 88
106 157
43 153
68 70
5 28
65 96
71 154
7 11
5 50
24 122
138 141
69 130
11 85
17 60
99 142
93 116
15 113
13 30
56 144
13 140
64 80
71 157
110 133
39 101
30 153
50 77
16 69
55 59
4 51
115 149
122 149
5 115
16 23
1 122
82 114
57 74
90 141
30 64
74 99
19 125
7 120
5 72
128 138
100 128
25 65
36 59
27 40
43 73
39 104
16 118
16 103
99 144
17 71
83 108
101 156
25 49
50 148
16 142
107 153
19 127
64 124
107 131
6 103
83 91
5 42
31 152
111 112
36 154
112 120
9 72
32 46
115 134
53 65
17 62
74 151
5 61
17 58
43 53
127 157
60 81
7 8
19 59
87 109
97 104
7 52
117 121
86 116
22 42
25 148
6 44
110 130
33 72
23 69
26 78
31 127
34 78
131 154
56 66
53 119
67 100
130 145
7 60
124 150
69 86
107 151
61 144
125 128
6 12
21 113
108 135
63 123
11 73
44 64
52 112
117 120
70 144
43 138
11 131
137 141
88 154
58 136
34 115
85 122
28 34
131 142
64 100
138 140
43 108
50 65
55 82
100 153
23 109
77 80
15 117
117 133
33 35
36 122
15 136
115 130
60 102
6 105
8 75
21 121
142 157
28 37
96 132
8 103
131 147
41 130
84 111
79 102
87 115
77 108
29 102
34 154
50 52
88 146
63 106
80 143
17 134
5 58
157 159
38 156
7 91
86 157
90 132
44 85
5 45
117 126
22 105
34 72
12 66
88 125
98 155
51 86
34 124
4 140
101 108
59 72
11 113
106 149
39 81
2 75
137 150
83 144
49 148
11 78
30 35
17 61
0 63
68 146
114 137
43 159
34 38
71 92
16 129
129 149
123 143
16 25
5 6
32 52
37 153
90 153
26 75
116 117
25 88
11 138
38 136
49 149
85 139
38 39
93 94
39 62
3 67
34 60
87 144
8 50
12 74
52 90
61 135
51 118
33 51
19 87
13 72
21 67
26 61
22 99
4 128
82 119
49 155
135 146
1 106
5 89
9 93
75 130
40 159
68 150
16 68
57 94
58 156
11 79
32 156
146 147
63 95
19 135
23 119
33 91
49 69
18 68
26 100
94 120
152 153
5 130
38 51
38 50
71 103
6 64
38 80
15 127
50 125
79 91
11 77
8 86
46 62
62 137
116 154
53 139
38 87
37 80
26 113
107 123
45 109
53 71
104 127
5 20
51 108
51 65
70 150
50 136
13 75
39 142
112 158
52 93
19 30
63 127
75 142
33 126
41 145
48 71
119 158
24 27
80 130
0 132
120 122
31 44
38 98
119 132
3 80
19 131
8 65
10 145
44 156
71 134
133 144
103 104
41 107
65 106
42 80
105 130
11 104
0 26
36 111
58 93
68 155
135 138
32 58
110 136
98 117
43 63
47 108
61 112
1 138
43 61
63 82
77 146
90 112
9 101
52 144
29 80
76 123
20 68
48 149
17 99
78 91
40 135
38 120
22 115
130 150
77 101
3 109
25 32
47 64
50 131
112 157
31 69
15 107
61 93
16 124
85 89
110 120
40 158
3 98
64 68
96 130
86 137
5 15
86 145
30 63
139 148
80 150
9 13
20 81
12 109
55 64
18 84
41 78
67 69
24 115
90 103
96 138
39 49
20 27
83 105
62 103
8 126
87 96
76 109
51 101
136 148
5 98
77 81
60 71
13 143
29 70
105 106
111 123
57 58
94 112
58 130
113 120
55 118
27 95
139 150
50 90
126 136
68 108
93 128
6 104
80 116
23 91
86 93
14 22
62 89
34 118
49 64
51 92
39 59
58 107
44 57
16 102
4 94
85 120
73 135
155 159
66 147
4 52
9 136
116 147
83 130
76 135
90 133
30 53
11 90
1 159
24 125
121 144
49 127
57 142
64 152
2 156
60 130
22 62
41 82
56 70
146 158
85 104
62 88
42 91
78 105
78 120
77 150
14 31
11 102
13 84
103 136
37 113
87 157
110 121
20 28
64 158
4 29
34 92
68 132
121 159
128 139
4 47
38 75
59 96
35 92
49 117
50 83
69 116
64 93
7 90
31 126
27 118
32 101
44 123
49 74
35 74
121 157
139 151
24 30
23 140
41 140
135 156
10 116
19 91
27 144
86 117
17 130
20 141
2 100
38 54
17 40
27 82
87 151
86 150
40 63
113 126
37 132
135 145
93 155
20 26
33 157
32 137
46 120
58 87
20 38
26 149
31 125
33 124
44 50
1 136
130 140
113 147
71 151
101 116
42 133
92 126
8 151
15 78
50 141
49 62
36 98
94 113
120 154
22 88
95 109
93 147
35 153
78 99
83 131
9 20
75 132
54 69
43 51
17 34
99 155
52 67
23 121
63 157
104 118
67 95
0 84
39 42
14 81
42 82
10 129
17 22
49 101
56 60
20 97
54 112
12 100
69 81
41 91
9 44
45 70
64 86
69 138
67 76
68 100
29 62
66 103
15 35
5 154
47 159
5 146
52 98
49 87
13 64
15 76
40 48
51 137
27 153
96 128
74 109
46 136
28 145
78 90
49 121
36 84
53 91
23 115
72 126
56 140
41 70
10 147
72 76
0 159
148 157
28 77
24 76
5 119
22 142
92 96
136 156
86 134
33 152
80 92
81 147
57 144
20 149
82 84
108 154
127 141
68 120
102 106
84 133
143 145
23 120
60 124
67 148
103 133
88 152
27 55
36 138
67 138
18 41
30 92
0 44
139 147
23 95
93 148
102 136
84 105
44 82
20 64
30 127
13 61
22 48
116 152
71 131
20 103
57 126
49 59
24 146
60 131
4 146
29 135
118 148
40 72
100 112
85 137
4 65
25 103
8 26
7 100
34 103
23 34
32 128
87 89
27 41
4 8
154 159
24 89
26 110
45 58
15 118
41 118
57 70
21 109
12 107
118 158
29 142
63 110
13 152
105 114
64 121
58 154
136 157
9 84
1 71
47 143
11 26
133 143
25 30
42 122
0 76
54 71
42 67
2 110
27 116
111 129
43 62
37 86
112 121
35 143
10 99
126 157
49 110
16 42
103 143
2 148
3 93
3 54
42 119
30 54
2 72
38 48
109 134
34 63
97 158
48 140
17 72
26 81
112 126
121 156
29 67
56 67
27 126
23 149
50 63
19 113
39 83
75 100
133 142
4 49
97 98
3 104
7 103
8 57
89 121
32 108
47 87
38 155
5 59
5 158
1 21
18 36
9 47
98 132
45 52
46 73
25 113
85 108
66 105
77 82
96 151
29 82
97 121
10 75
12 139
95 101
12 25
127 154
35 97
24 62
30 78
72 158
29 129
65 89
117 139
86 129
40 122
1 56
6 33
39 56
38 137
42 130
22 74
81 148
26 71
77 155
20 147
93 152
76 153
96 149
43 99
110 119
5 30
8 80
12 129
80 107
7 147
57 125
142 153
79 156
0 8
51 143
60 153
107 111
117 127
28 114
96 105
41 104
62 120
33 94
43 158
107 137
80 110
40 104
4 42
24 104
22 149
72 124
105 148
19 54
22 107
30 130
56 153
60 148
76 121
76 106
33 122
16 48
85 118
61 94
7 16
49 109
18 32
10 154
108 150
0 54
94 139
37 102
97 139
17 123
57 105
70 113
70 86
36 137
15 154
102 152
18 140
33 139
146 149
12 117
79 112
39 102
17 154
31 74
13 110
32 136
35 118
0 58
73 121
53 69
41 125
58 158
17 88
10 68
62 133
94 140
45 85
66 73
98 120
4 7
19 104
2 56
4 59
93 96
27 65
32 143
59 151
15 137
103 117
23 49
23 60
106 154
