162
6
2347
60
355 2
176 2
226 2
258 4
304 2
255 3
500 3
498 1
364 4
493 2
242 1
309 1
338 4
131 1
367 2
312 1
225 3
379 4
94 5
494 3
256 2
271 1
249 3
327 5
284 2
386 1
468 5
135 1
273 3
189 4
111 4
445 1
218 1
395 2
490 1
392 2
451 5
458 1
291 2
265 4
79 4
208 2
254 4
332 2
503 5
89 2
125 2
291 5
485 4
88 4
486 3
283 5
478 2
438 2
499 4
339 2
298 2
446 5
146 3
497 1
204 4
176 2
103 3
110 1
221 2
406 3
229 4
156 2
155 5
237 3
212 2
318 4
245 1
376 1
498 3
256 4
386 3
464 2
391 1
433 3
319 5
235 3
308 4
486 2
431 1
227 5
118 4
119 1
225 1
310 3
72 4
260 2
437 5
163 3
110 3
104 2
87 2
291 4
372 5
164 4
225 2
146 4
195 1
107 4
435 4
149 3
169 5
239 5
225 1
399 2
175 5
372 3
132 3
385 4
489 3
344 3
150 5
226 1
175 4
248 4
264 2
269 1
176 2
171 3
251 4
93 3
223 2
456 3
315 2
473 4
456 4
298 1
444 5
128 5
107 3
292 3
179 5
125 2
263 3
248 5
402 4
309 1
429 4
75 5
248 5
135 4
248 4
222 2
112 4
371 2
179 3
106 4
399 3
203 1
149 1
483 2
217 1
498 2
424 3
279 3
382 1
198 2
5 114
121 129
20 42
51 153
25 30
37 160
25 94
8 64
1 109
13 91
16 74
159 161
55 91
4 94
6 68
134 136
76 130
30 134
59 153
61 69
3 134
48 135
4 153
97 117
35 137
33 56
17 18
111 127
57 92
147 158
64 75
19 51
19 24
31 124
22 90
35 125
22 56
9 145
59 127
15 26
33 139
140 150
40 43
37 130
7 122
43 88
38 88
117 138
67 103
96 150
91 147
75 137
9 38
56 76
110 116
16 93
63 156
40 93
41 128
21 44
21 37
16 114
81 105
52 56
81 139
97 108
110 119
98 147
51 70
17 74
65 118
53 62
123 153
87 149
23 99
122 149
26 142
5 52
125 151
6 138
89 94
15 159
58 125
26 106
49 131
53 95
30 145
21 138
33 122
62 146
58 59
54 98
51 146
92 98
111 135
92 130
61 82
8 139
45 82
21 24
70 79
30 147
100 109
48 85
100 121
20 111
126 157
83 118
83 160
21 57
101 112
25 88
47 154
49 154
68 80
3 32
5 93
47 99
38 151
72 117
41 68
36 58
63 111
87 109
68 71
47 149
94 95
35 39
91 128
78 136
115 138
22 55
18 102
14 67
26 71
101 149
74 115
34 41
52 128
32 118
20 122
121 158
56 141
2 85
120 137
10 14
73 145
55 93
56 70
133 142
17 38
83 120
96 148
22 122
131 151
50 130
4 114
18 146
119 139
89 91
121 146
0 93
130 149
74 132
85 133
1 150
1 12
37 143
81 109
115 154
10 25
88 111
70 97
34 112
50 80
7 142
71 114
47 87
3 81
58 92
96 136
52 124
10 95
8 142
2 59
8 108
104 145
68 95
18 29
10 102
63 140
16 30
4 36
57 111
4 27
77 81
81 102
9 56
15 129
7 141
80 104
26 30
20 87
29 130
77 137
7 99
50 78
0 14
15 18
2 44
80 115
35 109
36 113
44 135
54 64
16 64
56 137
96 138
11 119
81 94
89 126
24 128
49 160
45 127
16 26
14 25
112 151
103 116
20 150
64 123
31 85
19 56
24 153
107 109
85 97
4 49
12 50
148 159
52 70
34 144
55 82
58 120
18 54
29 125
30 117
83 104
26 122
18 67
37 108
37 79
8 43
84 92
112 126
69 91
8 17
45 55
30 95
106 133
67 104
25 156
26 132
59 74
124 132
97 113
52 122
93 103
44 123
3 70
60 104
5 136
25 83
85 151
80 127
21 64
55 110
54 65
23 102
50 98
57 101
17 39
12 96
91 120
43 49
35 55
127 157
107 112
133 145
14 70
22 24
14 148
123 157
10 68
128 144
42 137
55 108
54 75
22 76
97 148
53 70
56 123
112 138
59 60
107 110
51 80
23 80
110 151
111 122
21 72
36 76
61 157
27 109
123 144
16 25
74 109
4 155
45 150
77 100
59 143
15 102
58 158
58 106
49 64
70 101
62 81
78 141
53 77
117 119
136 138
38 75
99 122
88 90
105 121
43 111
4 48
1 50
36 155
33 128
16 147
86 91
7 133
7 124
50 97
15 93
95 134
57 158
19 96
42 100
3 75
10 111
67 73
81 130
68 125
22 161
17 20
71 92
14 15
59 71
19 99
12 17
69 126
16 90
25 152
122 145
89 143
4 133
20 51
8 149
42 60
71 148
21 62
111 129
30 62
38 55
65 71
72 127
83 117
34 124
54 132
38 101
19 109
102 108
85 114
8 123
82 132
11 36
60 116
112 127
143 145
13 47
118 132
18 21
1 38
35 140
9 18
5 72
49 58
126 153
107 122
2 78
13 103
73 146
83 92
123 126
6 125
68 123
57 142
1 85
7 144
83 129
25 144
22 115
144 152
32 150
18 25
113 121
26 43
91 135
135 137
19 100
37 92
13 63
50 144
140 157
102 116
18 145
56 61
12 57
10 67
22 49
45 84
73 83
6 155
52 140
11 147
131 158
2 20
132 147
68 107
52 76
101 102
6 131
53 93
69 96
13 42
49 148
34 110
55 78
61 153
122 144
16 119
96 105
73 158
53 139
74 108
47 89
114 149
29 57
36 107
27 38
1 142
37 140
31 40
114 121
14 62
100 141
51 112
79 101
62 124
104 142
26 128
91 151
99 145
14 23
41 110
1 157
72 123
28 30
44 60
28 46
67 109
135 160
47 144
7 64
106 139
12 56
46 131
87 108
48 57
9 10
9 76
87 143
19 82
17 26
56 127
0 58
89 119
37 77
48 54
6 100
45 79
1 23
38 39
110 152
58 138
123 137
6 34
14 100
46 87
95 122
108 150
136 142
113 153
60 74
39 141
82 145
106 123
14 84
26 150
18 153
39 69
70 156
33 127
49 157
93 115
129 140
108 123
69 129
69 79
7 74
54 57
129 137
77 101
24 60
73 161
32 103
19 121
140 156
20 140
40 139
105 149
13 152
84 142
74 121
70 88
77 97
104 106
14 29
58 155
89 131
44 73
66 141
97 155
85 103
91 127
75 115
11 155
54 113
8 13
129 142
58 142
83 108
119 159
7 27
15 146
34 106
13 134
19 148
55 56
2 38
34 47
55 144
50 103
28 62
43 83
41 78
91 160
155 156
9 62
71 161
57 161
8 18
54 136
22 66
111 159
74 145
41 50
11 61
13 123
43 130
79 152
42 45
27 70
72 73
58 96
11 28
21 87
43 94
29 148
65 91
114 124
133 138
143 150
61 64
10 138
140 154
76 122
59 88
83 152
149 151
24 71
137 145
63 116
72 142
19 134
105 139
7 148
3 115
33 148
38 118
0 56
121 144
109 139
12 20
123 152
34 145
60 137
5 13
0 115
6 114
62 161
27 59
0 123
32 36
43 149
85 107
81 87
25 81
116 138
150 158
59 160
41 120
127 129
18 135
78 124
7 68
8 116
78 154
145 159
89 129
37 96
26 157
17 159
4 120
106 120
14 126
27 118
99 155
137 157
91 105
14 16
47 78
53 145
45 142
11 104
147 157
82 110
1 79
6 113
11 43
23 158
22 52
123 127
109 132
134 156
18 78
147 159
10 26
65 89
1 72
33 129
39 146
22 37
90 124
17 27
91 95
20 119
38 40
93 99
58 157
72 150
73 148
93 125
34 160
53 66
47 109
148 161
73 125
10 42
55 114
139 143
1 24
38 81
32 105
76 125
98 130
1 43
48 116
68 115
74 106
66 138
16 36
67 125
6 80
77 107
15 90
41 60
38 74
156 158
15 58
61 68
55 92
84 117
85 119
40 58
41 67
2 8
48 102
7 56
13 85
12 38
16 115
5 155
90 123
151 154
45 158
76 92
1 5
48 136
8 143
75 118
37 145
46 154
61 93
77 123
41 72
48 66
3 73
133 160
44 87
52 103
41 101
44 75
34 42
20 127
84 108
34 59
79 141
49 119
85 137
79 155
121 151
75 112
40 109
7 136
71 158
98 155
68 130
25 92
11 146
66 105
79 136
96 147
0 35
149 160
66 95
29 158
78 138
12 101
32 40
112 129
39 56
82 87
145 161
40 62
13 145
43 146
97 143
88 152
20 56
147 161
63 146
102 106
48 74
56 82
59 113
29 72
36 127
14 124
113 146
83 115
46 65
25 46
31 74
13 97
31 117
147 149
9 17
3 14
67 90
27 160
24 34
7 35
120 151
71 136
15 19
23 100
12 76
21 60
25 87
43 46
113 156
27 125
62 85
66 134
63 119
63 93
67 88
127 151
42 48
25 66
14 123
31 138
125 138
34 61
41 152
66 154
2 83
34 35
27 57
21 128
42 89
29 48
41 56
139 150
108 114
24 90
36 83
10 108
95 158
10 77
80 129
24 57
23 121
40 137
107 150
37 90
22 158
21 38
6 54
8 22
90 98
5 100
68 91
11 142
136 143
28 70
55 59
111 124
49 103
4 129
2 154
73 114
123 160
31 42
74 142
3 124
6 72
51 160
26 47
86 159
30 56
2 124
23 74
58 148
52 67
109 135
50 156
24 77
95 129
37 129
8 21
11 107
48 115
54 77
33 111
93 156
12 108
94 121
25 85
32 37
59 126
69 99
65 117
121 128
72 101
29 66
19 40
102 126
63 151
112 144
51 65
46 116
0 3
38 95
40 97
41 160
78 126
9 12
5 111
75 161
108 131
67 144
75 79
24 65
93 154
107 130
18 92
20 75
12 83
55 106
78 103
120 123
20 134
77 154
67 113
3 94
41 100
71 74
8 88
114 142
112 132
93 112
51 66
25 39
61 98
117 155
33 101
43 154
45 49
32 73
1 152
2 107
105 159
21 147
13 23
30 65
3 5
55 145
98 148
23 151
5 132
61 131
22 142
70 137
70 144
24 157
48 124
13 115
145 151
7 51
28 108
42 92
17 82
115 136
17 56
56 94
18 119
68 124
18 128
36 44
17 110
99 137
68 83
95 96
77 110
81 145
129 139
91 92
32 133
7 138
35 45
84 119
30 69
71 147
52 74
9 157
57 144
33 91
4 12
34 113
91 155
42 44
52 156
105 123
97 127
11 137
67 74
54 125
55 153
132 161
32 78
38 108
4 30
49 80
26 88
75 157
36 129
103 123
4 96
8 126
29 93
98 156
28 149
58 140
120 147
63 96
40 108
69 94
20 120
75 144
102 157
4 5
15 112
47 61
8 107
44 48
29 146
9 23
34 38
136 154
36 38
54 124
65 134
18 59
22 27
43 58
4 150
36 81
16 84
99 151
51 155
22 47
56 65
7 95
70 128
14 97
106 128
14 76
18 100
5 67
69 128
43 63
44 96
100 123
74 114
51 145
60 63
125 133
36 93
68 73
26 94
36 52
31 118
79 110
5 106
45 97
44 151
44 82
108 135
29 92
47 134
129 153
8 81
35 86
95 120
3 82
87 118
50 120
17 115
37 131
36 40
19 144
6 8
80 119
30 132
57 75
76 96
29 142
37 53
17 102
10 123
31 67
30 123
5 97
96 109
141 146
90 157
18 124
20 62
72 115
114 157
54 115
86 93
64 66
108 134
20 64
74 88
30 43
108 133
8 152
69 102
50 151
14 138
38 73
31 76
3 135
13 108
5 44
20 93
80 152
66 139
68 77
52 66
53 55
8 25
143 157
86 126
50 138
48 118
93 151
8 103
158 159
10 15
21 75
40 48
20 76
64 135
144 148
23 150
70 94
6 156
66 87
19 132
84 161
9 147
81 150
104 147
117 143
84 145
83 131
48 128
28 155
25 148
87 98
51 121
82 109
14 72
84 98
115 159
41 133
75 76
61 65
15 156
44 161
86 161
84 151
34 140
70 133
92 143
53 157
67 110
120 142
83 110
68 78
2 114
77 115
105 122
95 97
82 128
26 99
28 77
8 141
20 136
107 133
50 60
125 126
2 29
39 147
48 78
8 76
49 115
103 137
80 134
87 135
48 108
72 160
7 65
2 149
20 83
42 123
43 145
51 55
121 127
17 150
18 27
102 161
122 134
69 111
71 118
60 155
105 125
10 69
93 149
29 150
15 16
4 66
101 104
14 54
30 52
35 36
6 104
49 136
51 88
52 73
10 152
14 127
110 121
79 138
34 151
62 87
7 101
83 155
94 104
31 77
71 94
51 133
95 99
71 100
11 29
17 158
20 144
0 5
61 161
10 128
152 154
91 113
89 112
114 145
31 157
111 140
3 161
5 110
70 75
3 83
67 95
18 94
10 107
129 157
39 111
61 100
115 137
15 127
7 134
39 109
114 137
109 150
2 108
103 138
76 106
62 109
68 90
94 149
18 82
25 96
15 114
73 79
58 95
32 152
10 146
151 152
44 114
48 90
122 127
6 115
80 146
154 159
34 157
44 155
133 159
75 153
5 80
78 161
34 148
97 149
30 155
60 110
72 92
37 56
95 105
64 117
81 96
96 102
6 23
134 157
69 74
135 153
59 115
7 113
4 14
26 149
111 158
76 80
82 120
63 150
16 83
147 154
124 152
43 131
48 88
12 111
2 32
121 132
33 75
123 155
27 120
62 132
10 106
74 104
35 121
91 141
14 18
113 137
115 120
34 118
73 95
18 150
69 113
18 42
72 90
79 96
12 70
12 155
27 55
91 101
65 153
16 98
19 89
14 41
117 131
24 127
22 61
117 129
35 71
44 120
89 110
29 34
75 110
51 99
54 59
51 96
39 53
16 29
12 31
60 153
61 74
88 150
66 125
89 144
84 104
35 160
11 129
13 17
27 82
17 130
66 83
28 71
76 114
2 126
113 132
25 138
121 133
32 100
82 92
126 150
6 118
1 70
23 145
101 150
19 73
95 136
93 122
68 159
45 57
7 36
77 130
102 139
80 100
46 70
24 129
35 155
128 158
25 26
4 107
18 122
30 86
109 145
65 158
36 112
118 156
79 161
21 148
97 161
65 99
140 161
16 44
3 40
3 46
144 149
24 98
85 102
59 123
32 63
32 53
6 106
47 58
33 102
81 149
51 85
80 128
120 131
63 118
73 76
23 56
37 54
46 126
55 95
76 152
25 28
12 113
84 134
3 93
17 63
32 47
96 140
29 44
38 76
7 105
113 158
34 74
26 121
4 139
13 60
44 94
89 111
85 123
58 152
54 66
51 95
85 116
122 140
17 54
77 152
89 99
47 129
93 130
48 93
67 70
116 151
4 40
39 124
17 84
56 144
34 104
70 82
9 122
14 128
9 54
106 113
89 90
34 87
4 115
21 33
30 70
133 149
59 146
79 160
118 151
51 90
124 139
50 131
94 97
33 150
78 148
39 138
64 112
94 127
20 45
27 73
53 107
67 100
46 55
146 161
4 76
70 96
93 117
63 89
0 54
132 136
61 97
98 151
136 141
27 137
14 153
61 129
51 119
36 84
13 80
78 130
130 150
14 19
2 120
27 147
3 104
120 150
61 146
4 41
20 157
14 125
110 145
13 71
60 106
59 149
28 87
10 112
97 110
62 99
29 78
114 120
23 161
45 96
36 42
19 146
28 78
52 121
34 146
144 153
1 82
5 140
90 159
22 42
37 38
60 64
62 98
92 107
83 158
31 41
51 94
43 156
139 142
79 128
27 77
56 88
74 80
28 143
5 15
97 146
56 140
13 149
65 95
8 69
111 131
112 150
101 116
42 151
32 140
33 35
4 37
33 48
10 104
63 79
25 79
99 126
87 147
35 40
126 159
13 127
18 34
36 54
4 151
122 156
33 50
99 135
80 138
4 152
2 21
36 39
54 93
26 112
140 152
3 152
50 132
33 105
86 160
19 49
90 132
33 136
18 77
72 140
69 86
137 144
105 120
1 48
43 65
4 80
124 150
31 116
31 107
14 20
124 144
63 137
6 129
43 66
50 122
48 71
104 126
113 122
56 106
128 145
54 58
114 153
64 131
25 143
11 27
138 155
19 131
10 156
104 136
17 114
58 101
22 45
1 137
16 71
65 81
56 122
22 124
1 90
93 148
95 142
46 109
8 92
79 135
100 156
14 47
32 106
37 62
101 155
105 126
36 141
79 113
7 94
22 152
72 116
17 122
92 128
2 34
71 150
14 63
28 47
5 19
30 128
114 130
17 59
112 131
7 98
15 73
89 100
25 89
65 69
71 83
55 157
29 137
4 145
68 120
21 56
59 103
24 45
20 86
121 137
30 100
20 37
17 80
36 78
55 61
14 90
27 31
13 14
17 160
28 34
51 53
62 94
123 149
23 66
67 147
11 113
93 96
54 146
93 111
21 126
41 102
53 106
29 145
7 45
19 117
109 151
53 83
19 29
58 80
47 160
69 139
37 149
25 86
25 35
50 108
75 104
38 160
0 36
0 81
24 115
25 110
11 96
26 117
78 160
92 118
22 64
27 51
12 141
107 160
122 159
23 98
18 24
77 117
11 39
72 108
79 107
46 112
50 91
24 126
84 131
29 43
20 31
93 137
74 124
102 131
1 120
1 146
3 131
146 155
19 53
28 111
48 79
67 153
116 130
92 95
1 103
21 52
66 90
28 157
133 154
38 44
108 149
46 99
54 79
41 48
13 154
53 100
114 132
34 111
114 154
130 136
112 161
34 153
34 129
44 137
80 96
47 81
63 135
1 114
96 130
20 46
46 90
128 140
27 124
41 80
112 115
128 131
86 92
68 128
85 134
0 88
63 109
25 125
143 154
139 155
134 147
48 125
41 84
38 70
32 76
61 86
72 154
60 71
122 160
64 147
72 128
96 98
15 24
64 69
94 147
17 25
53 129
22 94
80 82
69 155
12 156
56 85
35 116
71 138
65 142
32 102
54 67
79 127
21 109
9 20
93 140
49 100
0 128
18 74
100 128
47 152
25 70
87 110
0 61
53 140
94 109
22 26
61 147
49 145
45 59
71 124
27 107
32 57
119 146
20 77
75 107
53 156
51 107
124 148
47 108
9 73
40 132
26 108
93 121
137 154
0 79
96 108
65 145
24 66
52 59
78 119
13 98
95 137
3 123
13 158
24 124
117 118
119 154
120 153
29 91
54 149
27 127
6 123
3 98
155 157
100 124
92 148
7 25
19 104
64 152
70 80
9 129
138 147
14 34
4 116
3 88
104 158
21 74
13 57
67 156
18 56
54 90
1 100
47 132
39 100
2 57
6 49
7 78
74 82
2 91
64 149
83 153
73 141
35 118
114 133
8 147
1 107
27 150
128 159
66 132
21 115
6 127
19 98
73 117
40 55
61 89
58 69
53 105
89 154
47 88
40 91
46 147
87 161
41 91
65 136
22 89
22 155
90 152
13 102
52 144
57 70
22 120
24 133
77 78
30 125
117 159
101 123
63 72
54 96
124 161
46 68
7 84
37 152
16 123
71 80
61 120
96 155
3 99
2 77
89 117
105 150
35 142
105 134
51 158
51 108
83 138
102 118
110 117
130 135
104 139
119 143
124 134
44 113
29 39
19 153
10 78
139 158
27 145
48 117
141 148
61 81
90 122
14 114
63 161
84 147
93 138
141 154
115 127
59 145
98 158
73 85
66 97
4 77
62 103
113 129
34 85
26 161
7 89
53 116
88 118
56 60
27 144
5 11
69 110
19 125
100 148
122 124
7 127
56 111
5 51
58 107
48 69
88 139
93 106
42 72
24 52
71 73
69 137
42 111
16 78
27 37
78 131
8 106
61 126
28 125
64 100
64 95
42 51
62 129
41 134
6 62
57 77
85 155
36 151
26 153
29 94
12 154
10 63
34 107
49 123
47 83
74 93
92 153
12 161
13 138
20 85
11 24
27 132
125 145
56 100
1 10
140 142
18 114
59 61
98 108
97 151
0 65
76 139
87 126
8 140
38 63
137 143
4 113
54 81
64 129
149 159
109 126
122 125
54 152
27 103
27 33
12 60
61 159
80 123
20 81
12 103
65 122
2 42
21 100
72 76
2 72
45 72
43 103
108 125
34 36
64 159
92 103
68 88
3 48
46 66
17 145
107 145
68 93
71 130
46 132
23 108
31 45
59 81
37 41
32 67
29 133
94 151
88 125
56 79
63 121
135 140
75 136
88 149
5 104
127 134
100 146
72 80
107 118
22 83
63 125
44 158
46 79
92 105
0 47
83 123
60 118
40 87
32 66
22 40
16 61
25 111
89 92
37 146
69 104
37 127
96 117
18 49
25 158
92 150
40 152
1 69
37 117
93 150
15 29
52 129
33 77
17 61
90 139
96 122
9 50
26 54
40 147
74 77
34 101
1 27
27 41
71 128
11 15
98 99
85 140
61 143
65 92
13 100
116 148
32 122
67 127
27 88
5 95
31 62
13 95
35 97
59 76
27 110
82 114
62 141
5 92
84 121
136 149
91 115
88 147
1 9
44 124
23 75
98 128
48 50
42 82
135 157
20 22
55 127
131 161
39 157
12 90
29 68
47 103
87 160
86 153
6 52
58 61
53 99
11 153
56 152
93 161
56 99
6 142
40 135
14 91
30 73
36 64
19 159
117 133
45 133
104 109
0 16
142 156
68 72
28 61
118 142
66 89
26 145
3 108
21 35
76 116
16 86
1 74
31 44
23 78
90 155
42 90
7 153
78 112
30 82
39 90
5 9
36 46
111 147
39 68
108 121
38 140
38 117
21 40
81 141
81 99
40 133
34 132
35 94
4 46
18 121
6 36
141 151
2 25
5 103
64 139
94 117
135 139
89 161
26 148
18 125
0 69
33 47
73 144
16 107
37 118
62 112
67 123
16 80
90 94
86 104
77 94
73 106
25 116
59 73
101 134
64 67
111 141
13 78
38 142
7 114
100 159
13 51
24 100
62 72
107 126
96 121
53 69
28 31
20 117
5 37
106 112
21 111
40 77
106 108
21 47
42 43
23 41
45 112
17 152
44 122
67 145
96 125
51 116
26 114
29 70
84 122
123 131
44 65
123 143
133 146
18 80
97 134
77 160
53 56
95 145
84 123
25 62
122 158
102 125
88 143
39 104
27 121
98 127
44 91
33 85
12 94
85 156
14 102
78 137
59 154
35 70
65 98
8 153
75 91
38 131
70 127
146 147
14 44
68 153
0 68
106 147
137 155
62 63
10 122
54 101
39 133
60 107
