163
10
6337
60
622 2
648 2
281 2
519 4
531 2
630 3
444 3
739 1
347 4
121 2
591 1
364 1
758 4
920 1
452 2
738 1
389 3
817 4
514 5
280 3
169 2
690 1
416 3
624 5
866 2
853 1
292 5
666 1
465 3
128 4
135 4
644 1
425 1
459 2
724 1
601 2
573 5
885 1
434 2
609 4
113 4
564 2
102 4
778 2
125 5
264 2
384 2
891 5
340 4
167 4
363 3
165 5
934 2
265 2
764 4
195 2
771 2
820 5
367 3
228 1
516 4
541 2
820 3
548 1
214 2
122 3
393 4
825 2
905 5
655 3
185 2
826 4
271 1
646 1
235 3
662 4
611 3
152 2
265 1
481 3
549 5
208 3
507 4
781 2
797 1
327 5
737 4
479 1
463 1
208 3
607 4
133 2
921 5
242 3
479 3
931 2
498 2
880 4
116 5
494 4
129 2
259 4
873 1
450 4
566 4
812 3
638 5
159 5
440 1
414 2
485 5
397 3
257 3
535 4
149 3
378 3
614 5
586 1
622 4
251 4
646 2
786 1
509 2
827 3
540 4
840 3
817 2
209 3
618 2
107 4
103 4
215 1
583 5
365 5
865 3
356 3
370 5
351 2
677 3
736 5
686 4
140 1
543 4
854 5
270 5
587 4
133 4
105 2
92 4
458 2
423 3
318 4
616 3
144 1
606 1
379 2
108 1
160 2
526 3
153 3
101 1
761 2
930 2
18 144
118 134
19 158
51 94
24 136
37 119
25 63
32 63
16 83
14 18
23 99
144 152
54 141
13 38
8 83
129 152
75 140
1 16
59 92
1 46
14 86
6 162
40 109
95 151
35 96
32 146
16 140
109 119
56 138
148 156
63 109
19 26
0 143
24 47
20 79
35 84
28 157
53 138
59 66
3 49
45 116
134 157
4 105
37 89
145 158
3 86
42 78
114 159
66 131
95 120
90 127
74 149
35 157
62 132
108 111
13 140
63 93
31 120
41 81
20 158
21 160
20 117
80 105
51 106
80 139
95 142
108 114
97 113
18 71
17 51
64 150
52 114
120 150
86 137
23 70
119 150
3 45
12 53
122 140
5 155
87 152
15 138
58 65
17 23
49 160
58 146
30 107
21 111
33 83
29 80
57 103
9 20
31 55
90 147
109 127
91 108
60 118
38 45
44 148
32 68
69 101
30 109
98 134
42 141
98 146
10 158
123 142
82 114
82 156
8 133
99 134
45 86
54 120
52 59
67 106
1 39
46 161
34 134
48 117
71 135
40 142
35 142
62 145
86 97
67 97
16 158
92 138
34 125
90 108
77 142
113 118
149 158
18 100
0 84
26 39
100 109
73 129
18 134
52 70
43 83
23 81
119 120
37 158
1 48
117 146
8 160
72 161
54 143
55 118
129 131
16 23
82 116
95 118
54 106
127 150
23 84
2 124
2 119
116 152
87 149
118 151
1 127
126 153
73 146
84 125
25 40
5 112
19 108
80 109
113 134
54 130
87 97
69 119
14 118
20 89
0 104
70 134
46 149
9 134
14 40
95 106
58 162
2 53
27 111
28 57
33 46
102 158
67 121
17 34
10 96
63 77
15 154
2 116
29 132
53 64
76 89
80 102
50 54
39 131
17 114
79 106
18 74
2 64
45 128
76 145
56 91
0 86
12 47
6 86
60 83
79 117
42 124
18 112
36 105
38 103
17 156
5 50
95 108
57 152
80 94
88 110
24 98
49 105
39 133
59 89
34 62
110 140
101 132
20 124
63 157
31 46
22 132
46 116
105 113
84 89
20 55
13 118
140 151
51 120
1 54
40 118
27 75
25 26
30 79
21 78
82 100
6 20
18 43
37 67
35 69
7 27
83 86
110 115
68 115
27 161
30 57
18 126
104 140
66 132
25 125
22 90
51 98
121 125
95 147
52 64
91 149
2 129
0 62
59 142
32 117
9 87
84 143
79 129
49 80
26 43
53 117
3 130
34 124
41 137
14 66
9 135
90 100
15 97
34 141
124 138
105 116
129 134
28 121
54 154
12 18
120 154
44 119
124 158
10 89
9 48
53 127
49 72
96 116
54 132
8 90
110 127
32 56
105 114
34 96
8 40
108 146
109 114
146 156
51 101
22 136
27 77
120 141
37 146
73 123
4 20
45 99
76 108
59 82
11 39
53 66
48 122
28 86
69 123
61 115
77 147
58 84
114 140
131 142
37 157
97 150
86 151
103 131
49 130
10 34
0 141
33 89
6 157
16 97
84 158
26 160
49 153
58 74
43 71
94 106
57 99
16 114
3 69
1 45
18 52
66 101
80 130
67 151
16 142
59 159
70 112
20 46
58 113
18 50
24 148
68 150
6 161
45 110
119 146
88 127
7 159
28 37
56 97
26 114
71 77
23 71
109 121
15 121
37 137
64 103
71 145
82 113
40 147
0 40
45 56
50 60
100 127
84 106
35 101
81 130
0 24
59 154
110 116
136 156
20 132
115 149
17 141
47 119
8 158
9 14
40 46
48 116
123 138
105 126
12 41
48 135
72 162
82 88
120 123
38 42
67 149
57 83
3 105
31 85
82 125
61 76
11 68
137 155
32 112
47 144
110 158
16 74
90 115
130 147
0 103
62 134
1 155
58 142
135 137
100 135
42 72
57 92
10 53
27 153
31 96
44 150
72 99
1 63
52 84
155 160
148 161
10 152
128 141
67 133
51 126
99 124
35 74
50 63
68 120
45 84
49 93
59 129
38 141
24 73
119 145
8 138
94 142
73 85
59 113
73 122
46 151
112 132
10 15
37 54
0 100
30 69
37 99
11 88
111 154
3 142
99 103
0 133
78 105
57 122
102 155
0 140
90 131
98 109
41 63
2 52
46 86
71 141
35 120
43 130
37 98
66 137
131 139
38 78
59 153
104 146
46 79
1 99
86 96
8 150
39 95
61 91
86 131
16 148
14 71
29 94
1 117
88 103
17 35
47 114
8 97
39 128
37 121
26 124
108 147
34 121
120 134
30 34
45 151
11 115
93 162
106 151
131 146
111 139
59 112
39 96
81 143
104 130
19 65
56 131
5 17
40 89
70 86
51 103
33 154
91 161
125 149
106 124
68 153
68 103
40 114
53 109
125 146
76 109
29 66
73 88
19 96
16 91
135 136
7 161
9 103
103 159
17 125
83 136
73 135
69 110
76 105
102 119
17 83
58 95
88 115
1 137
66 75
96 123
84 95
90 107
74 127
21 151
54 57
19 35
125 151
16 106
82 104
117 127
15 159
4 134
13 117
16 134
60 143
1 132
58 90
26 118
1 113
49 159
35 107
42 153
4 75
90 140
143 151
31 89
71 90
28 107
53 110
54 100
44 51
109 151
73 159
40 124
7 135
40 143
24 40
78 156
41 117
7 96
71 91
1 49
4 52
30 40
29 111
11 56
64 123
111 157
158 159
136 161
15 157
27 105
134 161
75 132
60 145
82 148
140 155
32 156
132 143
62 152
71 160
6 33
103 149
18 79
50 126
15 21
53 54
6 135
118 149
107 137
20 145
120 149
13 76
48 78
40 63
25 112
62 97
26 161
47 93
55 123
55 73
34 87
84 99
80 87
30 98
114 115
141 152
41 73
17 102
123 148
27 52
77 130
12 101
24 125
77 160
138 154
88 113
26 125
16 156
7 95
39 56
104 127
5 151
55 149
98 119
132 155
89 157
33 49
31 162
45 91
2 11
2 81
139 158
81 108
30 84
12 69
15 52
50 104
42 74
120 124
107 130
130 140
2 43
139 160
2 92
64 121
40 145
10 104
21 149
23 67
89 106
46 96
89 147
14 100
5 53
91 145
18 141
72 78
73 75
92 101
18 130
52 118
50 127
140 153
72 141
28 125
60 71
133 157
38 39
8 134
41 65
75 135
96 161
48 62
10 80
67 141
73 120
66 72
29 73
66 153
1 30
76 115
51 57
40 134
46 73
143 158
60 104
44 98
21 50
83 111
84 111
159 162
17 160
47 162
148 162
22 56
28 91
18 120
6 61
19 51
89 105
141 158
49 112
75 102
48 82
3 126
51 146
74 130
8 103
29 144
32 141
76 131
47 126
42 68
27 116
129 149
22 63
43 87
28 109
35 139
30 126
2 83
83 102
17 20
78 145
45 53
84 129
78 159
118 156
74 124
4 67
33 34
71 87
97 121
67 156
7 99
37 75
65 135
78 140
95 117
5 34
141 143
65 125
2 29
77 144
31 130
23 107
110 118
7 82
81 85
138 156
39 49
27 145
61 122
96 111
87 138
3 76
139 162
150 151
100 125
47 134
55 130
58 155
3 157
18 30
23 44
111 132
82 111
24 152
15 100
31 78
22 91
4 129
139 150
30 64
0 94
66 118
42 76
29 74
25 157
117 160
70 156
150 162
21 33
3 135
61 80
9 18
30 146
111 142
50 100
61 119
66 68
62 155
62 127
66 116
124 132
53 106
41 86
3 51
6 92
122 127
41 105
27 135
66 88
33 123
26 159
60 77
41 161
28 146
46 134
2 55
134 136
106 115
15 91
62 72
37 46
94 130
49 118
79 131
29 96
2 15
4 34
105 154
37 49
58 88
5 91
41 118
7 31
88 153
61 140
67 117
44 63
131 147
27 34
54 109
109 116
39 104
16 96
55 103
72 130
120 157
29 50
73 156
28 155
25 151
18 66
38 152
85 149
8 162
20 41
17 113
5 103
20 92
107 133
56 145
53 61
94 101
11 92
9 57
25 104
53 129
3 55
39 111
92 132
20 146
93 95
51 135
44 128
154 162
68 123
64 149
118 133
71 119
10 62
20 95
100 145
63 88
110 133
11 93
3 125
38 53
21 135
41 113
22 86
77 132
62 100
28 61
75 86
106 132
67 77
74 91
36 154
92 130
105 134
51 121
12 113
16 126
9 21
77 109
117 132
5 31
146 159
66 141
41 53
48 59
70 94
7 50
112 125
110 121
91 158
13 113
60 134
1 55
115 129
5 132
1 28
6 128
2 18
47 57
10 49
104 111
17 18
29 159
6 139
55 88
54 72
97 114
8 45
11 67
6 67
22 128
69 159
70 74
48 70
2 108
60 131
138 146
44 45
28 54
22 43
41 54
113 116
22 135
55 142
35 146
67 150
35 128
60 125
32 160
98 101
67 109
93 136
76 118
80 145
125 148
89 144
19 29
34 131
38 150
83 113
30 139
71 76
54 114
57 85
7 114
22 110
34 73
37 133
90 135
22 30
52 100
103 133
148 154
11 105
66 102
54 69
55 96
128 155
56 85
22 117
52 101
4 57
5 118
75 82
45 69
101 139
21 155
4 130
50 88
97 122
55 145
58 77
117 156
40 64
51 69
68 118
13 86
74 156
101 115
1 89
46 123
50 160
43 116
2 36
29 56
25 105
42 47
131 158
28 63
45 156
65 69
42 122
0 82
16 62
2 57
22 97
18 51
98 115
23 59
37 78
18 21
59 121
69 150
15 93
104 135
28 131
5 98
23 54
68 152
44 48
3 6
98 148
73 128
25 73
38 44
121 162
62 64
67 99
35 136
8 86
38 144
78 114
41 130
12 90
43 152
32 47
106 136
32 142
11 27
125 162
5 129
34 98
93 160
30 100
86 106
57 158
35 124
16 73
5 38
18 131
14 110
79 121
18 94
29 105
75 106
17 79
25 154
30 159
30 85
18 149
11 120
52 106
94 146
135 146
89 139
10 48
21 97
71 133
112 140
54 59
84 160
63 100
106 135
43 107
73 102
2 101
106 134
51 59
68 126
34 100
37 155
16 55
44 115
27 97
5 130
10 61
46 108
79 154
66 73
67 103
11 81
6 122
14 127
137 143
85 116
48 64
43 137
92 127
15 89
144 148
11 126
39 124
7 154
28 47
64 71
137 151
3 73
69 116
5 135
65 117
16 109
83 155
45 145
80 150
102 160
115 117
83 139
82 127
25 117
14 33
51 62
85 162
25 158
81 107
3 81
83 92
113 139
56 155
74 88
7 128
26 110
8 56
85 151
83 145
2 123
69 155
91 121
59 155
66 138
117 151
153 162
67 104
62 88
76 123
103 132
93 137
81 126
24 37
22 84
29 88
39 98
105 137
19 113
121 155
41 100
47 138
9 58
22 26
13 132
101 153
79 136
86 123
10 66
72 88
20 52
15 124
47 139
13 28
50 107
17 147
118 132
0 30
6 35
101 119
119 135
68 135
70 138
15 71
103 135
54 102
92 125
19 56
23 152
42 65
99 126
49 56
1 148
57 76
49 81
4 148
7 94
39 113
0 111
7 38
108 116
78 142
62 136
61 121
41 76
82 151
92 147
51 74
70 114
50 120
93 139
70 120
12 94
30 148
36 77
29 82
38 104
6 10
142 147
90 93
88 96
112 128
29 48
109 132
0 132
29 122
69 97
10 93
66 123
9 53
20 87
126 130
42 151
60 136
113 117
12 29
39 64
11 23
112 120
107 148
2 135
101 154
75 116
61 145
67 116
93 123
0 113
52 115
61 110
72 95
12 129
37 94
46 76
141 156
57 94
28 135
119 128
58 129
79 148
143 148
42 49
8 38
129 148
75 78
33 161
78 83
37 142
96 117
59 148
157 159
71 110
155 156
93 145
63 151
80 96
94 139
40 149
130 141
68 98
131 132
58 157
26 117
27 156
34 147
109 150
75 90
81 118
63 87
56 59
139 155
146 157
47 148
1 25
11 152
26 72
118 137
14 136
120 152
45 66
22 142
12 32
73 118
59 133
90 121
6 56
111 123
112 149
41 148
72 111
7 157
68 137
52 138
71 108
78 100
26 157
20 104
16 76
89 153
65 88
5 113
26 145
43 134
114 152
22 99
38 123
114 150
44 72
28 132
88 94
50 151
74 122
53 111
37 144
38 133
40 103
36 65
51 160
25 149
60 110
87 136
65 155
88 128
83 98
17 136
36 59
9 45
32 137
38 100
65 113
7 13
75 124
28 123
111 118
32 60
118 138
38 58
81 90
123 135
3 44
41 134
49 53
100 110
9 73
94 108
92 98
68 91
25 143
37 159
76 138
100 158
79 102
35 114
24 132
11 41
125 135
19 126
58 152
4 54
43 68
107 143
65 93
38 139
116 127
79 82
21 136
96 129
64 131
135 141
9 86
24 68
32 101
137 152
30 91
84 94
59 62
22 139
42 144
33 63
10 117
41 84
80 149
0 109
79 130
117 140
62 154
72 92
50 130
24 130
20 53
54 145
75 162
145 159
45 83
83 128
36 81
0 28
28 142
95 110
6 66
12 161
27 51
111 144
27 137
8 30
8 59
44 46
8 127
88 95
84 115
55 110
44 130
4 63
84 108
119 141
24 67
76 160
87 157
54 138
92 106
21 22
66 98
114 128
25 30
62 92
21 95
56 86
6 114
69 104
36 67
1 5
4 162
104 120
87 148
36 161
6 25
31 112
11 145
129 138
16 77
79 81
116 122
58 100
121 132
6 102
92 140
52 78
77 154
10 18
63 146
93 101
14 145
10 68
45 119
66 128
153 158
139 148
17 101
147 148
92 93
16 101
31 103
128 130
17 96
97 117
131 145
59 141
51 60
36 42
59 131
39 82
45 134
77 136
126 154
11 151
25 46
16 61
13 138
117 159
14 107
10 25
1 157
5 24
108 140
59 144
35 77
59 88
29 114
29 41
95 144
11 130
23 132
111 153
35 126
47 141
28 44
23 123
16 57
9 123
6 105
137 156
34 78
51 71
89 141
26 111
0 162
59 104
30 133
90 156
82 154
61 120
36 46
51 79
133 156
78 132
49 101
55 136
73 94
12 99
7 160
96 114
27 90
14 129
64 127
17 115
109 123
110 139
99 138
24 31
24 78
32 138
18 160
42 131
11 162
62 113
32 126
97 154
86 135
38 60
123 144
35 81
35 138
147 151
32 140
119 157
145 146
98 99
79 140
8 62
22 31
44 105
53 145
1 103
157 162
28 75
19 24
13 114
85 150
52 110
89 114
47 104
18 125
71 158
68 110
132 142
103 130
20 93
4 80
51 91
121 143
23 159
3 137
5 22
121 137
63 74
9 126
7 121
0 136
6 14
102 139
110 159
152 160
124 159
23 155
112 136
64 67
32 157
4 17
133 147
47 65
2 118
102 149
57 145
45 162
42 84
12 68
39 87
149 154
38 64
50 142
57 132
92 124
94 114
46 48
55 107
78 139
99 118
36 144
56 125
49 149
100 115
103 136
20 106
78 117
19 44
59 139
71 134
37 156
91 106
20 67
71 79
3 132
29 151
1 50
46 89
112 113
15 54
110 120
8 146
40 159
87 158
0 43
64 101
70 103
55 100
56 75
42 80
67 146
14 103
58 145
42 58
17 57
118 142
0 73
62 80
1 95
36 68
54 111
43 159
36 129
53 76
50 105
20 44
15 58
14 113
120 146
36 83
67 80
3 112
91 142
44 135
91 157
19 111
52 158
19 92
23 147
28 40
36 39
107 149
8 148
52 131
20 43
25 55
69 70
6 89
15 19
20 58
34 80
74 116
6 57
25 79
51 127
31 137
51 67
11 74
51 151
78 82
91 96
62 149
10 91
18 64
106 108
119 160
2 39
16 144
76 125
39 132
71 126
78 111
42 155
5 18
27 133
83 125
31 73
4 113
92 113
73 138
100 150
39 129
42 95
10 82
139 142
34 74
29 119
17 22
67 86
113 155
90 144
33 88
4 112
65 120
30 82
129 143
30 157
106 150
53 131
28 113
25 42
153 161
6 100
112 115
57 135
112 137
126 140
110 150
43 123
15 84
25 56
79 98
19 162
63 72
18 108
95 100
39 51
38 160
124 154
6 29
34 50
109 156
124 145
84 159
67 154
84 126
62 143
28 69
58 101
137 140
134 141
130 131
16 48
8 126
51 112
60 122
56 110
72 82
30 122
119 161
64 83
71 146
154 161
28 156
63 103
93 121
20 101
26 108
51 100
79 84
69 86
40 141
39 127
60 78
70 158
65 77
53 119
43 47
78 131
35 92
33 40
92 116
54 60
43 140
36 130
98 153
48 85
29 155
86 98
53 83
3 113
92 152
38 71
0 147
151 156
27 74
70 144
13 60
57 61
116 159
37 53
74 119
55 113
2 26
121 141
34 120
40 88
40 71
4 22
92 97
132 152
35 79
94 145
65 80
13 81
59 61
77 125
13 141
94 109
0 44
31 145
50 113
114 139
117 122
117 162
54 93
30 96
16 108
21 67
44 159
143 152
98 149
91 126
53 56
56 133
64 88
69 102
1 84
133 139
32 129
38 81
53 116
103 112
14 44
25 109
67 89
156 159
46 52
6 48
3 10
28 45
49 74
11 26
13 15
73 96
17 46
64 85
82 149
72 157
61 93
112 116
20 136
25 138
44 80
125 136
65 162
22 100
22 75
24 63
72 133
27 69
40 127
57 113
46 144
88 138
29 153
46 95
45 150
86 149
22 127
65 71
59 99
10 140
89 134
52 88
56 116
7 19
30 87
31 151
76 86
9 99
115 133
99 145
31 114
57 130
121 154
27 93
37 111
39 97
3 92
70 100
11 157
95 125
37 162
33 45
88 101
103 160
35 132
103 144
6 124
29 135
82 134
100 137
108 112
126 139
102 152
116 156
121 127
19 57
23 85
27 112
19 66
134 144
0 77
37 52
135 148
6 42
89 104
19 38
63 98
83 141
92 114
135 154
112 156
39 126
97 124
72 101
65 127
61 137
34 45
111 115
4 5
31 119
53 59
45 103
87 104
30 65
24 83
40 98
68 134
29 54
99 110
119 125
0 3
23 41
26 35
57 151
23 160
87 125
91 152
40 57
22 111
70 93
68 161
6 30
1 93
29 44
77 137
60 162
6 132
16 84
63 134
63 129
62 65
14 111
51 70
20 26
29 57
84 147
9 137
7 70
47 59
7 41
14 95
46 145
34 107
39 122
73 107
91 131
12 88
5 126
4 124
42 160
56 105
122 134
55 148
7 126
134 149
58 103
22 69
96 139
96 119
18 109
75 149
86 114
37 145
8 111
132 141
53 133
50 158
64 65
141 142
107 124
119 126
23 120
23 143
46 75
14 122
10 134
79 125
44 106
35 109
64 154
0 102
22 95
71 94
43 54
30 125
25 67
106 126
10 32
64 95
90 152
67 114
11 106
19 133
22 131
105 149
67 119
70 150
3 156
31 56
56 88
58 123
24 126
45 124
41 82
93 125
87 111
2 41
62 157
130 150
74 148
87 135
0 68
123 153
99 108
71 98
105 122
55 66
62 161
13 46
20 156
90 154
52 60
82 119
59 158
40 125
22 152
56 129
45 146
37 105
87 150
42 94
68 128
31 52
94 154
14 80
30 42
91 128
48 77
33 116
29 120
92 126
27 45
38 90
152 154
12 33
89 121
94 159
18 98
7 85
41 140
73 91
16 71
13 79
55 151
70 148
45 155
96 130
84 132
49 62
64 124
53 152
114 125
2 152
66 155
0 72
16 113
35 56
17 55
53 148
18 69
32 44
81 112
62 77
38 68
83 115
131 153
90 95
87 133
44 76
38 74
47 110
96 159
4 106
59 109
131 136
34 83
157 158
127 160
40 138
47 50
29 84
31 102
86 148
85 143
57 105
26 91
1 60
31 131
56 94
92 137
30 35
36 99
50 162
51 159
25 53
20 78
154 156
114 154
57 150
102 122
14 88
136 149
67 98
26 113
115 159
65 119
34 129
47 72
9 65
75 126
30 53
24 79
33 87
12 80
89 137
39 76
41 68
77 118
1 118
60 111
28 79
14 84
109 139
43 127
106 122
8 32
24 110
31 117
80 141
80 99
15 40
14 114
5 86
30 162
3 9
5 15
135 151
9 54
19 43
64 75
92 160
130 149
88 145
30 60
16 88
6 93
46 98
72 160
37 77
15 156
4 131
66 151
41 153
88 149
85 94
76 102
72 122
58 115
29 42
99 156
63 101
109 133
8 60
31 141
5 35
99 121
58 118
36 80
54 101
105 130
94 158
2 73
18 77
8 93
18 107
104 119
36 123
59 93
104 115
16 47
45 140
31 36
44 74
13 71
60 109
67 78
94 162
0 52
29 37
23 63
83 116
120 128
12 139
120 140
129 135
37 42
96 102
77 83
2 133
94 117
83 117
44 99
119 159
100 144
87 129
26 50
19 80
96 158
15 152
3 12
31 139
84 148
23 150
77 143
37 88
37 83
64 130
52 93
156 162
2 94
69 149
138 157
46 58
68 85
9 80
104 154
132 153
39 88
53 153
14 135
51 97
10 116
92 156
61 99
108 162
66 77
78 135
25 94
24 84
16 132
31 58
35 147
38 127
56 104
21 41
27 86
3 47
2 50
20 91
20 22
17 60
107 144
11 47
26 76
4 35
86 104
84 96
43 161
60 66
34 160
22 153
72 105
26 106
49 124
91 146
142 153
4 25
24 151
92 103
40 90
82 95
15 24
1 105
139 147
0 112
1 121
70 151
29 138
2 68
33 159
13 122
30 156
27 157
47 78
4 149
79 153
59 79
30 67
20 21
26 98
40 70
30 46
121 136
29 124
96 138
39 63
4 102
116 123
10 105
81 97
29 61
93 132
30 32
119 153
93 99
43 70
37 45
68 70
2 22
36 76
47 111
118 127
51 140
112 126
98 112
141 155
86 118
4 107
107 129
65 107
88 117
36 132
1 128
66 104
24 107
36 45
38 48
135 161
68 159
68 125
37 152
91 105
89 120
61 102
18 118
103 117
63 75
96 152
104 149
43 48
14 59
18 81
102 144
2 40
34 77
130 143
113 114
9 151
55 114
36 126
65 83
99 101
16 25
30 56
75 159
119 139
102 115
84 130
141 157
94 113
91 98
30 36
68 89
61 94
67 96
74 160
17 123
33 98
23 130
46 128
66 127
96 154
6 9
107 108
36 38
42 83
89 123
28 60
86 89
25 71
61 109
5 108
37 79
84 107
79 149
63 140
15 130
24 88
87 137
118 122
13 104
41 129
56 120
54 71
103 134
57 110
62 68
56 113
9 70
38 105
68 139
21 104
21 81
27 119
67 90
54 98
85 97
52 69
116 130
55 150
112 124
36 57
16 105
23 148
94 141
18 152
35 46
43 142
0 26
36 79
18 59
117 130
61 136
95 138
45 54
105 157
36 54
17 118
6 46
6 138
15 106
0 59
7 143
6 160
7 66
9 140
138 143
5 28
17 70
98 136
66 96
56 80
2 141
53 158
134 160
17 65
65 95
8 17
37 151
93 116
3 43
26 120
143 154
64 118
50 68
120 162
60 157
144 158
79 83
2 142
42 154
51 114
20 131
22 53
30 74
33 126
54 115
139 161
33 140
69 94
13 44
71 150
62 81
1 147
2 87
22 28
5 52
45 109
72 138
35 144
72 112
2 34
87 108
117 145
57 134
40 161
56 78
21 48
15 63
1 10
130 157
32 130
53 100
40 121
37 69
75 76
104 150
157 160
10 14
6 68
29 125
0 12
70 83
15 56
93 131
15 90
5 29
23 65
59 127
121 159
23 161
134 143
83 158
31 35
18 135
3 28
21 94
93 150
130 133
122 157
39 59
15 101
24 105
127 149
53 96
41 136
115 154
7 133
84 140
97 133
91 94
12 73
13 64
0 135
64 68
67 126
0 117
4 126
11 48
49 59
47 60
38 56
15 149
0 51
62 156
15 114
91 137
43 136
76 142
5 78
80 138
13 30
47 69
25 124
95 105
4 66
151 162
55 81
4 24
89 149
93 102
132 150
43 69
103 161
109 142
130 161
78 95
44 77
48 133
58 85
97 103
105 139
10 157
48 80
47 133
48 71
81 119
56 95
51 107
127 140
4 15
73 108
8 157
143 159
60 80
105 150
96 112
16 153
3 141
33 68
8 28
50 69
62 158
89 142
62 78
12 107
57 142
61 148
87 109
93 107
112 150
116 135
10 87
1 154
59 151
30 105
5 114
32 76
64 143
11 72
12 126
9 101
142 162
22 144
77 134
63 116
5 66
71 131
10 126
69 139
82 94
38 98
6 111
59 100
33 94
91 154
107 154
55 78
74 125
43 143
3 127
128 134
100 122
23 97
122 138
88 122
110 114
2 112
5 97
55 147
3 37
16 42
21 141
98 104
82 162
12 119
70 137
125 137
10 36
10 119
94 150
34 103
127 129
4 13
69 146
53 114
21 30
109 135
43 108
22 146
30 110
19 161
65 144
11 141
20 28
21 36
46 72
66 143
118 158
14 74
54 76
26 71
70 122
83 122
109 158
132 140
33 113
11 122
75 155
72 134
54 129
70 82
126 145
17 152
108 154
32 54
27 126
35 63
21 107
56 58
89 125
20 135
5 14
103 126
37 153
53 143
5 110
100 146
71 159
7 106
59 83
68 119
79 152
36 111
42 152
9 111
87 110
36 104
98 110
83 123
74 139
59 65
24 150
66 105
34 106
52 160
43 121
4 88
94 123
71 130
8 16
107 111
34 143
92 123
42 54
24 115
107 126
52 68
45 58
52 147
106 131
26 33
9 75
9 153
64 126
6 27
4 87
19 63
105 112
1 150
122 153
45 78
47 128
82 143
81 144
26 100
116 162
37 129
48 107
29 126
104 133
54 112
1 151
123 151
54 91
68 83
22 49
83 140
19 49
13 95
20 119
114 160
17 67
19 153
44 136
123 143
110 149
132 154
11 38
1 12
11 116
14 45
76 94
42 52
3 88
19 119
15 51
29 136
7 14
1 23
10 72
34 144
29 85
114 133
43 53
114 145
73 154
15 44
12 61
63 73
143 147
52 146
104 116
19 73
138 142
129 147
102 130
73 119
61 75
48 151
57 91
141 161
34 146
57 149
46 97
63 161
3 15
98 135
111 160
27 141
25 120
38 129
48 142
44 70
59 140
7 90
67 83
135 153
50 71
32 159
81 152
98 125
41 119
34 49
99 104
43 94
67 105
35 115
81 114
102 151
5 139
87 155
87 93
6 145
80 153
77 135
28 159
97 137
1 160
6 106
49 106
23 100
29 72
11 19
89 162
134 135
38 125
28 108
106 161
21 156
23 121
5 146
29 68
130 154
18 106
9 69
60 142
117 128
79 139
50 95
88 151
63 156
5 138
106 120
96 156
53 97
136 146
7 152
49 92
41 90
17 157
11 22
31 98
104 141
43 145
21 82
34 69
30 131
65 142
90 142
0 27
30 160
111 151
34 135
84 142
115 145
47 152
49 55
79 88
10 120
39 146
62 129
125 158
95 129
34 158
84 128
11 66
127 135
43 76
24 28
31 94
37 80
44 97
75 113
66 152
18 105
49 89
25 114
23 139
90 112
72 110
32 42
19 134
45 125
46 126
43 135
17 85
133 149
50 91
17 58
24 144
0 79
22 85
33 91
50 150
34 53
95 119
2 45
93 124
16 65
129 156
10 51
0 87
44 92
31 135
100 153
25 110
83 147
78 104
63 70
86 153
37 64
8 141
22 34
16 46
21 26
82 146
85 121
127 159
14 73
97 158
7 69
35 119
31 121
71 153
7 46
20 109
88 125
18 128
4 91
35 113
35 149
7 42
26 80
43 111
6 85
90 129
70 142
23 138
66 154
95 148
77 157
62 82
44 108
62 69
2 162
95 162
9 162
10 40
14 108
0 150
149 153
116 155
35 60
16 90
121 142
8 37
153 155
123 162
78 89
10 114
28 46
72 108
86 91
84 124
28 83
0 69
103 155
19 95
114 119
102 125
57 95
22 78
12 30
48 75
145 156
130 151
4 156
2 160
66 142
22 143
85 158
25 80
76 92
26 137
87 162
43 119
2 78
122 144
101 146
61 131
28 144
5 42
118 147
39 120
29 129
10 108
73 143
15 109
70 79
128 142
45 62
86 145
36 124
6 55
124 152
108 124
40 112
89 107
71 151
5 117
26 42
32 109
41 132
64 92
35 59
4 85
6 126
83 119
75 153
31 54
0 35
27 144
77 131
84 131
13 31
118 155
56 100
94 124
69 132
33 50
129 155
17 91
32 154
65 75
41 155
121 129
140 161
20 25
45 52
29 79
53 103
105 109
117 144
9 119
67 134
3 42
22 113
11 153
92 109
17 27
9 29
23 124
105 131
27 84
7 129
53 124
143 146
38 63
23 28
132 138
1 19
147 150
60 87
13 62
50 108
68 160
59 118
21 39
67 123
132 157
26 78
74 132
0 36
9 40
49 140
42 66
85 118
58 75
55 69
40 133
67 148
117 143
13 47
2 7
26 149
96 118
26 57
62 130
3 60
130 137
104 160
92 144
113 141
52 74
41 93
114 136
99 137
59 110
64 107
29 156
15 103
12 52
86 93
52 104
18 61
41 124
37 108
61 63
40 116
28 81
59 116
39 103
10 162
25 96
19 40
3 96
29 103
127 152
16 110
54 152
50 145
4 133
93 146
1 77
45 97
86 102
42 98
23 146
42 161
46 117
126 132
27 63
1 139
8 47
78 87
53 73
58 158
95 111
48 119
55 111
62 105
76 117
95 133
125 161
90 96
55 57
58 68
59 96
37 56
72 128
0 154
32 132
64 97
26 147
26 54
21 146
16 19
79 93
46 119
5 59
63 125
135 147
55 94
37 116
44 68
15 127
119 129
101 102
49 148
15 119
149 159
23 110
23 144
19 68
62 146
5 158
18 46
78 120
91 150
38 84
27 95
57 64
126 136
80 131
12 23
21 90
113 160
126 150
38 114
55 112
15 29
124 151
16 125
0 18
19 34
38 110
113 152
25 152
58 140
15 53
73 76
17 93
26 162
2 77
34 99
9 13
81 105
27 154
100 101
26 90
92 121
18 72
4 29
90 118
99 136
16 161
7 9
115 118
28 42
71 123
28 87
25 44
13 157
11 34
51 139
40 153
115 137
21 91
28 29
85 110
47 91
145 148
55 139
47 153
90 91
17 99
120 133
39 142
15 94
30 81
17 62
77 133
69 160
4 10
52 56
74 142
80 161
39 94
22 70
32 135
40 47
108 132
83 103
13 88
78 148
102 126
18 86
35 140
14 49
45 93
67 157
28 149
105 153
58 60
1 21
13 87
46 141
44 147
47 120
4 76
67 127
39 110
52 75
6 52
3 91
16 63
24 69
7 22
43 104
29 95
18 23
83 131
125 152
91 104
57 69
86 126
12 55
144 154
10 52
22 154
17 19
7 30
38 156
62 73
58 86
74 135
68 108
26 31
63 106
45 144
127 148
78 98
39 139
68 93
3 16
16 17
21 112
73 117
123 124
83 105
6 116
15 57
77 159
100 102
93 120
22 108
71 127
50 141
93 114
65 139
17 29
0 124
45 70
26 81
60 129
82 126
119 121
67 93
12 40
76 149
18 136
57 77
70 108
8 147
38 113
121 133
22 54
55 146
85 114
88 154
90 94
23 98
88 109
31 42
14 106
23 134
53 122
7 68
10 43
27 87
59 90
48 137
3 46
46 121
58 64
0 13
56 109
33 150
12 20
8 113
59 160
12 77
99 141
14 32
123 132
63 133
58 156
5 111
101 142
25 118
58 116
70 149
26 126
118 119
7 17
49 156
62 128
48 87
81 146
5 145
88 136
81 145
65 153
144 145
25 150
18 38
26 107
110 124
10 44
116 141
125 156
35 53
67 161
126 144
33 160
10 58
3 78
114 151
67 153
33 162
46 127
9 110
16 52
35 82
121 150
1 27
15 160
25 161
116 126
74 110
37 106
36 101
68 112
25 99
68 113
44 103
76 158
4 110
112 155
101 137
88 102
119 124
15 122
10 106
9 31
53 149
122 142
75 119
54 144
31 41
38 40
15 126
62 106
20 35
52 134
60 127
24 32
116 120
45 85
101 148
1 144
114 141
50 148
71 111
7 58
31 59
42 97
0 161
28 66
13 69
7 29
6 134
30 101
47 82
13 105
36 58
32 90
118 130
11 12
30 124
30 39
20 103
48 97
120 143
28 92
92 120
108 113
16 60
14 131
31 50
44 117
79 146
10 50
33 132
70 85
39 160
54 104
54 136
4 119
4 144
115 151
2 151
16 95
35 121
109 126
87 134
45 108
50 66
19 55
10 84
25 87
81 131
90 133
31 43
65 112
90 162
56 108
6 70
25 142
78 116
32 55
0 98
21 116
83 129
55 158
37 135
92 145
152 155
98 140
79 89
15 110
46 67
25 100
10 81
80 115
75 98
135 140
76 128
3 68
1 33
75 99
114 144
75 133
68 116
19 99
38 106
39 71
137 161
73 148
30 132
56 121
56 101
70 71
27 149
82 84
45 130
51 68
5 125
4 78
40 156
8 19
46 139
25 32
101 130
39 135
151 158
32 98
75 127
34 130
58 70
71 83
73 127
11 78
100 133
67 92
73 109
73 82
114 158
38 57
49 133
60 148
7 158
140 148
9 62
52 140
50 53
38 130
68 155
2 6
44 58
28 140
49 131
104 124
134 137
12 105
125 129
54 125
77 103
33 137
110 160
90 148
22 50
98 103
115 127
23 93
16 160
53 93
12 140
123 134
2 159
47 158
88 142
107 156
44 141
122 145
68 94
84 86
59 106
81 116
66 97
36 160
13 33
100 141
77 100
97 101
3 38
10 135
30 150
40 42
160 161
69 135
107 152
52 87
31 60
6 50
33 148
36 103
41 128
1 57
10 150
66 70
36 151
61 98
19 159
84 113
83 144
34 109
78 93
98 144
65 159
0 49
26 77
32 71
86 136
23 68
13 126
7 83
54 159
22 148
125 142
14 65
0 42
36 88
68 158
53 60
102 116
53 156
61 82
3 148
8 130
116 144
32 110
73 106
48 126
47 64
57 154
23 92
2 85
75 144
79 144
4 39
102 133
12 71
90 120
93 109
101 103
3 138
66 93
18 159
42 116
122 159
12 143
87 154
59 115
31 129
28 53
58 126
58 149
104 152
67 75
15 20
28 95
10 102
13 68
7 101
58 69
106 137
54 88
41 78
64 72
2 140
96 147
29 70
27 54
58 71
85 106
64 158
51 54
40 84
121 140
131 151
95 146
70 117
51 95
12 145
86 130
17 44
33 39
127 143
85 125
111 133
53 57
10 41
85 153
45 157
96 131
14 94
78 144
44 120
113 128
73 136
26 51
121 160
85 96
52 107
43 98
105 133
7 155
20 96
132 158
13 94
33 121
63 112
48 94
36 82
24 153
55 143
17 95
46 53
58 143
59 114
17 49
58 72
59 67
60 107
54 105
17 129
61 152
103 120
25 84
29 51
76 107
59 73
58 87
22 96
30 45
14 161
16 120
76 147
50 133
2 96
11 146
73 80
48 100
80 137
42 117
9 10
77 84
29 162
49 73
12 15
9 88
113 130
125 159
12 50
69 105
98 154
133 137
138 160
72 113
12 115
2 13
57 133
10 94
105 152
8 117
32 103
39 162
19 117
83 112
35 91
9 56
25 89
142 149
113 121
44 154
32 120
21 110
46 125
95 149
133 161
11 155
83 88
23 74
25 156
6 136
54 150
32 104
6 36
88 162
66 67
59 86
1 66
134 139
60 112
87 102
47 67
9 160
50 51
20 23
136 137
95 101
24 146
5 87
118 148
14 21
15 95
2 137
58 107
114 118
24 101
42 136
73 115
11 119
89 101
137 153
84 141
25 75
19 46
145 152
68 146
31 84
3 40
98 161
0 148
6 71
28 139
7 92
87 161
76 130
44 138
2 31
74 75
3 80
18 93
50 58
41 146
29 59
34 123
14 134
49 142
128 138
1 140
38 97
75 104
73 97
133 159
2 60
22 58
93 104
77 95
77 127
9 24
21 101
52 99
89 112
46 55
150 156
98 113
31 144
2 47
12 74
70 81
44 125
97 138
68 102
42 53
39 93
85 112
40 53
107 150
139 144
30 52
76 84
74 162
1 79
84 90
47 89
26 142
17 154
26 89
33 70
58 104
49 144
129 150
13 37
124 126
137 138
20 147
31 152
18 33
16 127
122 155
30 136
82 144
100 111
137 146
43 144
20 130
26 135
18 65
106 155
32 121
107 147
2 3
3 122
49 127
78 128
34 108
36 115
0 128
74 84
91 118
85 157
65 129
5 41
51 134
128 150
39 50
10 156
143 149
9 85
46 146
112 157
41 80
111 156
5 47
76 113
135 152
37 122
45 74
54 127
27 106
15 79
63 150
1 100
99 129
1 108
57 88
24 113
87 142
2 66
86 116
71 114
25 95
63 64
106 128
71 155
63 107
24 44
101 123
33 84
124 136
59 145
14 143
7 112
63 130
17 25
97 131
109 125
55 97
35 127
41 50
30 54
38 162
114 157
24 131
24 36
74 117
94 132
0 2
102 136
76 112
32 136
71 129
96 125
80 142
55 72
17 131
6 146
50 115
30 153
21 161
23 95
49 129
2 12
72 145
41 58
102 162
4 40
51 89
95 158
54 65
57 116
38 47
5 153
93 119
94 137
74 115
120 135
88 158
104 157
41 157
18 147
13 35
127 153
65 105
46 99
41 47
95 115
39 116
84 109
25 51
19 30
87 120
65 90
4 158
3 34
2 127
29 130
92 96
16 56
117 125
41 95
86 100
52 144
19 41
24 109
78 157
31 101
83 142
63 82
88 89
90 145
34 37
9 26
96 151
17 59
17 119
49 151
9 11
29 101
97 143
83 151
21 154
70 113
82 128
116 145
16 136
32 150
12 76
79 95
19 151
50 106
45 88
32 88
101 120
96 104
109 138
16 64
38 118
42 48
3 65
52 133
22 155
69 156
56 153
24 140
43 148
29 146
124 155
32 82
152 156
61 85
21 109
1 15
10 112
130 136
33 117
69 93
78 92
49 50
133 146
18 48
4 151
11 24
47 145
34 57
17 124
14 48
69 117
9 112
110 138
82 108
103 147
35 116
5 36
64 145
15 158
16 138
55 77
9 128
9 61
39 92
7 151
66 160
32 37
31 125
25 116
17 21
48 161
75 137
58 99
101 135
57 148
8 20
91 133
25 28
32 96
23 37
86 144
0 5
27 147
89 94
32 45
57 84
46 111
58 125
81 150
81 151
73 111
75 151
30 58
48 68
114 138
48 103
91 116
3 152
110 156
35 125
96 162
22 80
0 4
82 122
30 120
31 62
123 136
130 142
19 88
11 135
101 127
22 29
92 117
39 114
68 71
105 127
14 138
65 137
54 90
42 105
35 76
8 159
25 41
74 146
73 141
51 130
84 101
61 141
56 87
45 139
2 122
92 110
7 102
82 91
59 105
72 148
49 107
2 63
125 141
65 124
36 90
17 110
5 54
0 137
27 142
8 108
63 143
87 159
76 150
69 89
10 124
81 115
47 117
97 125
58 121
120 147
13 55
21 114
154 155
92 100
63 94
7 49
9 47
94 111
89 128
103 148
61 107
47 151
36 157
36 122
118 123
39 157
91 144
32 105
24 34
2 126
41 43
25 135
99 143
48 111
40 43
52 119
34 127
94 107
136 153
79 158
61 156
40 115
53 159
12 134
61 117
71 109
51 149
72 109
2 5
81 162
7 148
9 49
48 65
13 128
49 63
8 27
28 98
92 153
25 34
13 135
31 32
58 93
151 161
15 41
50 136
39 143
119 140
10 88
64 81
111 148
34 72
80 135
56 128
61 79
42 56
12 35
124 162
19 21
21 93
41 52
102 111
12 59
64 133
14 23
116 149
38 135
54 151
71 106
31 44
33 59
10 155
41 72
12 67
8 26
19 23
81 134
8 42
1 43
55 62
76 143
16 104
0 19
54 134
28 93
103 115
88 157
12 37
53 84
17 39
80 140
28 162
103 151
10 100
46 83
58 102
19 103
44 81
104 136
11 134
102 135
85 126
52 124
30 51
13 134
28 103
12 42
31 49
2 98
116 158
41 144
4 99
54 92
30 113
2 113
27 115
55 144
58 94
106 149
24 97
11 63
128 151
76 151
75 100
8 125
55 102
47 109
59 108
89 151
76 153
133 142
4 62
34 138
92 99
10 160
7 134
67 112
54 73
109 137
71 74
37 141
118 159
141 154
61 87
24 124
67 74
40 102
43 109
2 104
50 101
51 156
46 107
98 133
146 161
15 128
98 118
67 82
130 135
45 94
14 87
40 128
25 103
45 112
56 65
28 151
26 87
22 130
16 54
24 117
50 119
30 147
98 155
0 115
97 126
53 132
12 24
49 157
42 150
56 83
32 125
66 112
80 100
89 91
18 143
51 111
51 72
49 83
39 156
50 67
85 135
96 143
79 145
97 132
48 152
99 100
9 141
43 57
50 79
139 152
68 90
85 159
48 106
48 73
46 140
40 59
22 109
92 118
53 155
47 146
94 129
18 155
41 64
45 75
26 136
66 109
126 133
82 117
44 69
6 99
9 25
102 129
43 58
89 133
114 153
129 139
22 44
95 156
6 59
79 119
9 138
1 106
110 125
11 117
22 61
14 104
19 74
91 127
13 56
14 77
97 159
24 85
1 101
24 160
6 37
78 106
70 75
44 127
46 56
48 84
11 144
17 138
65 82
109 129
11 35
62 76
45 80
35 154
95 130
73 99
90 149
83 150
26 121
30 50
17 78
91 125
57 160
99 111
21 130
115 128
4 136
43 151
2 139
130 146
25 29
10 60
4 83
47 94
146 147
9 100
124 157
106 117
126 162
81 92
92 148
16 49
108 159
53 68
5 73
50 129
45 48
105 143
51 153
31 113
111 117
144 146
24 70
144 153
88 146
57 111
8 155
86 88
104 161
1 87
14 42
29 154
78 127
47 113
78 101
39 101
99 149
62 111
60 149
2 125
9 125
25 45
58 61
16 36
107 118
27 56
8 152
10 122
77 122
18 92
62 94
10 77
47 53
84 93
70 90
18 37
18 142
21 106
29 55
55 106
111 116
67 124
54 79
32 128
53 102
33 100
7 84
88 114
129 133
47 129
85 127
113 148
127 155
89 103
73 103
102 128
127 151
55 132
48 102
86 94
8 74
92 155
70 102
63 65
8 80
36 48
71 92
99 130
47 127
50 74
71 107
38 70
141 153
120 145
98 106
110 155
69 107
75 129
91 151
23 55
57 67
60 119
11 53
87 131
116 134
73 86
9 149
32 69
23 140
119 133
51 131
37 140
24 52
30 145
59 119
58 66
14 52
33 67
51 85
41 44
13 108
103 119
84 105
85 144
156 157
51 123
19 70
63 158
51 136
109 159
9 74
21 44
85 147
112 139
3 77
4 160
46 88
34 88
43 73
79 157
32 81
46 66
82 142
64 96
87 116
20 151
40 131
12 157
47 49
85 132
47 81
23 137
13 82
12 46
13 98
75 94
83 110
6 31
15 65
56 156
125 143
100 113
63 128
99 102
73 149
8 114
79 103
83 160
23 51
7 109
79 161
25 145
13 100
30 155
37 39
64 147
43 81
61 126
18 85
16 86
105 120
145 151
106 153
73 114
4 152
29 65
36 108
124 135
35 135
100 151
116 121
31 70
52 148
11 101
113 142
16 68
125 155
118 126
77 149
8 149
51 80
11 158
8 70
42 111
28 134
26 49
46 54
37 132
47 80
70 124
12 16
0 70
105 121
78 138
78 97
65 150
17 159
10 67
73 78
116 129
39 117
29 31
84 154
27 124
68 73
30 135
60 130
100 129
68 82
67 73
93 111
12 136
20 90
46 85
7 33
34 64
51 118
117 134
22 45
2 67
94 151
27 80
127 134
24 108
73 125
106 109
92 136
33 69
11 139
17 53
43 105
134 145
128 152
10 136
51 157
42 90
76 156
115 156
98 107
88 137
6 40
64 89
81 95
29 128
38 117
28 33
52 139
33 47
27 139
109 128
59 80
43 75
91 139
33 105
18 91
47 118
69 92
4 154
49 114
48 52
82 138
35 141
56 159
49 146
17 32
1 14
72 83
44 142
122 126
9 64
122 149
53 112
51 84
123 157
23 128
11 95
38 132
47 92
64 155
53 151
15 143
26 134
42 91
20 63
42 107
2 35
65 118
7 79
23 131
5 40
122 156
56 72
0 80
26 129
47 77
19 33
39 89
17 71
117 136
90 103
17 105
21 153
90 155
10 154
35 150
26 82
52 83
19 109
52 141
60 141
6 49
40 151
10 99
68 88
37 128
26 154
76 82
97 104
146 153
47 121
48 118
96 137
12 127
60 86
88 132
98 147
97 108
21 24
137 154
24 57
6 153
103 145
54 70
10 123
80 83
143 153
84 136
57 153
105 136
0 32
75 160
61 158
52 63
1 76
16 128
24 121
34 46
106 113
114 116
127 136
69 106
15 76
50 161
64 129
93 143
153 159
18 60
36 141
21 89
5 33
72 74
14 132
12 70
8 139
29 112
7 103
15 92
20 49
39 154
4 38
68 157
32 73
116 161
34 93
54 155
33 64
23 61
79 92
46 61
5 69
126 138
14 63
106 158
61 118
35 95
115 132
19 102
50 70
120 160
48 115
2 71
19 141
84 157
84 85
80 93
28 145
24 66
39 83
73 145
150 155
39 48
70 109
19 89
112 144
80 118
12 72
4 9
51 53
88 93
118 160
1 64
8 36
98 120
67 143
40 54
47 61
43 91
58 133
51 73
68 129
63 66
101 138
99 114
4 147
29 148
117 118
41 107
26 151
38 147
47 140
142 151
73 104
5 122
19 60
14 57
49 154
19 62
39 161
51 155
16 121
48 144
11 43
60 72
101 140
9 122
29 47
34 102
49 115
30 38
5 107
44 129
38 46
93 108
31 86
69 143
91 107
77 123
43 128
25 72
75 77
68 109
3 103
83 84
12 87
36 117
1 134
64 94
13 84
13 145
149 155
83 157
66 122
149 151
109 144
90 104
60 105
122 124
98 138
38 69
19 155
9 66
15 81
69 158
35 156
98 157
130 155
12 38
46 91
12 148
31 138
75 96
12 64
114 162
32 65
32 134
1 69
114 146
62 70
12 58
58 153
75 120
22 76
42 125
84 103
72 100
41 110
46 102
90 158
38 92
26 123
30 103
115 153
121 161
50 110
140 162
44 96
71 156
17 100
51 154
21 63
62 63
76 152
99 162
19 140
1 90
42 159
13 125
67 71
27 59
26 92
33 73
135 156
31 65
78 136
102 137
4 157
15 98
96 97
47 142
7 111
36 159
65 149
62 142
104 109
83 90
14 89
26 141
7 144
42 118
36 162
45 92
23 52
85 136
6 38
27 92
21 162
21 127
3 82
21 102
11 20
4 60
127 142
69 73
7 44
71 97
4 161
61 89
19 53
68 77
50 156
32 113
68 106
93 112
4 104
87 124
48 136
34 67
72 103
4 111
75 87
56 67
96 132
59 152
30 89
43 124
140 144
64 70
79 133
74 157
35 105
13 102
3 107
119 149
22 158
5 37
59 120
83 101
18 84
28 30
61 132
90 157
57 121
83 138
109 134
22 68
12 51
42 104
152 158
41 74
55 84
2 14
81 161
152 153
43 139
28 150
61 155
106 162
12 81
26 88
112 146
22 35
84 121
5 96
61 95
55 152
44 122
87 147
26 30
94 156
53 58
60 114
0 123
12 123
48 101
4 19
33 57
69 133
60 151
30 114
124 137
38 120
11 58
75 84
80 95
103 142
38 157
32 115
33 72
13 65
8 84
66 126
19 130
50 157
31 61
101 136
29 34
99 148
93 103
23 106
56 136
50 64
64 152
27 35
50 61
126 131
116 150
109 111
73 151
25 159
110 143
25 37
0 57
10 63
54 63
28 90
14 130
25 162
6 32
75 110
28 43
14 31
38 72
111 113
59 136
102 108
3 139
9 34
3 18
68 133
96 108
83 137
24 55
72 81
33 103
6 133
147 156
95 157
86 120
76 146
69 84
61 78
109 155
48 134
45 59
26 63
55 126
87 118
120 125
30 78
39 90
22 150
59 85
95 99
50 83
63 97
13 19
4 58
56 149
37 65
53 77
42 64
7 21
11 156
124 134
72 152
23 135
79 128
100 134
16 29
1 41
94 116
38 134
6 47
47 155
0 48
22 160
71 89
21 158
1 119
28 56
56 161
10 95
19 78
50 121
63 159
60 92
84 120
31 127
5 149
21 131
0 65
7 100
9 91
39 86
20 64
56 130
72 150
3 61
52 156
81 158
33 112
39 47
42 109
24 80
27 65
60 117
53 162
34 137
70 154
82 103
61 138
118 131
42 145
54 121
35 151
15 85
51 83
0 64
71 124
9 78
63 152
28 117
98 137
50 52
76 111
11 82
17 107
111 131
11 112
112 158
22 81
148 157
97 162
40 60
119 151
1 4
86 125
3 74
69 126
4 121
44 139
97 123
0 41
16 70
23 40
54 99
136 138
126 141
72 84
60 102
94 119
28 64
83 156
46 118
94 140
105 108
4 125
121 123
103 137
37 134
131 140
46 71
93 155
102 142
66 119
69 83
81 137
29 115
6 12
22 161
2 79
124 131
86 109
37 43
6 83
112 127
75 80
39 85
11 13
23 33
78 91
143 161
108 118
21 40
4 117
10 137
1 98
88 107
92 128
104 142
124 160
109 157
58 148
40 86
39 78
76 157
18 76
74 86
48 120
68 92
81 132
16 50
100 126
89 136
56 57
36 146
66 82
36 96
123 161
143 145
79 99
5 120
8 116
108 160
22 121
69 109
4 97
113 146
38 161
77 99
91 155
98 152
24 104
87 123
42 101
58 120
5 46
122 132
67 160
121 134
77 88
48 139
39 57
89 111
66 140
95 137
14 50
95 152
73 124
18 78
49 98
95 126
8 143
19 47
95 143
7 141
75 85
62 112
81 136
85 141
39 153
6 130
41 150
31 149
0 61
54 82
58 96
43 103
74 98
27 103
91 153
87 145
71 162
0 125
67 140
22 27
33 114
30 119
44 82
108 117
7 123
72 137
96 109
81 138
85 92
26 148
96 146
45 126
149 150
57 119
9 92
142 157
16 116
42 148
70 95
62 138
17 140
53 85
18 39
67 162
74 114
29 89
42 43
14 56
2 144
10 151
70 139
15 134
69 95
100 139
97 160
3 129
15 86
51 87
39 61
6 94
44 91
4 79
69 72
44 140
46 158
80 121
32 145
57 162
73 133
21 72
30 149
46 80
44 153
26 101
13 110
61 71
40 51
89 138
48 162
87 98
14 109
31 107
3 158
7 156
80 152
55 104
23 118
8 55
81 102
82 102
82 97
20 50
37 72
67 158
52 86
2 88
2 49
3 83
7 130
23 112
76 85
10 129
13 154
94 133
128 129
47 103
38 102
34 84
59 94
51 162
86 129
18 44
72 151
68 156
83 127
13 80
78 151
80 110
27 66
33 44
73 160
2 109
23 39
90 125
2 61
63 147
111 147
48 57
23 57
97 145
138 151
154 159
60 160
54 113
108 110
11 45
24 133
136 151
112 143
35 129
46 62
2 56
69 74
12 25
57 107
30 68
68 72
6 65
0 74
79 134
40 52
58 73
4 49
106 114
12 54
15 49
10 23
74 79
21 62
36 73
37 102
14 17
76 98
65 140
49 136
132 145
18 124
87 107
100 161
101 109
70 84
47 107
90 101
46 115
6 8
16 87
21 47
23 91
38 149
42 120
62 84
9 139
67 85
23 49
88 140
1 29
32 36
89 127
40 110
82 147
20 152
42 45
80 136
80 129
27 88
37 70
33 61
83 109
17 26
36 50
14 19
49 61
152 161
22 92
6 15
14 58
74 128
43 155
26 131
86 99
60 75
82 101
90 153
37 161
60 161
8 44
128 154
3 119
1 40
101 112
126 127
5 6
38 140
6 80
81 93
79 109
33 79
35 58
43 101
10 153
22 125
1 115
2 95
27 121
75 112
70 126
78 126
14 142
79 122
46 94
87 140
11 76
69 91
4 71
37 127
6 142
54 62
76 140
74 113
132 161
85 103
28 58
37 100
43 102
21 79
104 113
20 82
7 146
74 131
65 136
32 152
114 143
102 143
76 81
17 33
25 48
66 146
27 99
30 118
39 148
36 121
28 116
102 112
11 99
105 111
15 139
7 116
95 114
51 138
49 69
81 87
56 157
124 142
2 102
53 78
112 153
49 121
7 124
33 125
58 138
24 112
35 47
8 79
0 120
13 32
29 109
113 159
102 104
24 137
1 2
81 121
136 147
57 75
99 150
87 106
55 116
8 33
83 134
53 95
11 138
39 102
5 90
63 78
5 88
130 159
23 96
117 131
107 146
135 149
8 95
99 160
48 56
67 118
35 143
6 45
91 110
3 41
145 147
5 123
73 137
67 102
83 154
10 144
24 122
11 37
31 115
51 148
21 140
14 125
58 141
89 145
90 110
23 157
107 121
92 133
12 122
53 135
84 162
138 147
120 122
34 61
46 162
47 106
28 76
76 101
9 142
58 159
42 96
97 110
22 24
16 133
35 75
60 85
2 128
30 141
124 130
128 135
121 146
106 143
129 141
38 142
51 117
123 131
17 28
88 130
23 35
19 37
40 45
115 158
28 112
0 66
29 131
5 105
80 98
35 161
25 119
37 71
88 119
86 140
113 140
47 105
21 27
100 105
149 162
8 91
149 160
106 121
41 142
22 116
29 90
55 122
130 138
44 50
123 137
23 162
89 159
23 142
5 141
73 130
104 117
36 155
123 160
41 152
95 150
51 119
33 41
19 82
31 82
129 153
108 157
21 143
123 146
96 101
30 115
31 88
46 64
32 78
6 75
102 120
10 113
3 54
44 145
68 141
19 136
141 148
63 136
91 113
27 31
27 101
149 161
7 60
41 126
17 94
88 143
109 152
84 133
31 69
87 115
53 126
133 150
65 154
78 133
76 88
100 152
114 130
74 87
103 138
108 128
64 115
10 115
5 160
12 158
8 135
134 151
53 104
0 78
66 91
38 122
56 151
128 137
106 123
22 60
57 102
31 63
14 149
44 56
110 122
74 137
41 158
27 79
14 83
2 132
101 113
47 97
84 149
39 123
57 89
39 108
36 70
123 158
107 113
72 144
120 130
73 134
61 161
26 156
7 39
85 89
118 129
73 152
97 156
60 135
3 115
16 26
104 129
77 155
36 93
9 158
39 55
11 111
19 32
120 126
9 108
66 144
38 73
38 159
10 55
128 161
100 148
99 123
134 153
44 57
117 141
55 61
41 111
21 126
54 67
49 125
61 113
49 128
0 121
11 54
95 159
94 155
90 105
16 141
8 43
19 135
93 148
48 91
49 150
82 152
7 162
31 160
32 119
110 152
48 105
2 120
29 53
88 91
49 117
122 143
84 119
27 129
3 52
62 131
29 137
27 159
104 147
78 153
51 137
40 82
118 139
70 99
31 150
57 109
34 95
32 149
50 72
40 111
41 42
16 155
7 107
13 16
92 149
30 154
20 154
39 41
34 148
97 135
22 145
116 154
64 139
22 33
44 52
91 130
122 148
15 72
147 153
73 140
58 59
65 111
8 65
62 87
37 138
127 161
63 67
40 93
2 130
41 97
36 152
8 120
2 32
130 153
26 128
11 42
39 52
65 114
17 137
13 90
109 147
61 154
28 74
13 23
65 86
97 99
79 90
24 155
82 124
68 87
93 142
77 119
49 111
141 144
17 74
79 155
3 133
31 100
50 112
58 139
56 68
5 77
48 83
43 60
85 108
11 107
50 92
18 35
69 81
74 81
22 25
107 131
19 106
45 152
24 116
39 144
90 159
99 119
80 123
14 154
68 95
36 72
104 155
7 45
68 122
3 90
3 151
23 62
95 141
129 142
3 58
8 34
14 24
2 149
22 123
147 157
0 142
64 136
42 113
33 118
85 133
69 125
82 129
47 62
96 128
55 156
8 151
93 122
91 159
15 31
102 140
63 119
13 91
91 93
23 29
38 148
8 58
67 84
46 132
72 136
87 128
106 127
80 120
34 58
81 159
19 116
22 79
81 98
86 119
34 132
8 140
27 155
65 100
122 150
21 128
30 127
71 121
27 91
10 17
40 61
93 127
17 30
46 135
82 107
45 101
85 120
7 149
8 53
69 151
16 122
6 150
15 75
23 69
26 130
25 88
32 114
26 86
84 139
85 101
54 162
89 97
36 135
7 86
27 117
2 158
26 150
33 76
0 50
22 106
5 121
109 146
62 135
29 123
131 154
61 150
64 134
81 142
88 135
54 55
101 147
42 85
106 144
27 150
25 58
59 91
48 140
74 155
113 143
9 98
26 104
30 93
87 146
68 104
53 105
13 21
88 120
27 100
