167
3
1524
60
310 2
279 2
333 2
252 4
276 2
294 3
292 3
230 1
204 4
315 2
310 1
232 1
147 4
272 1
179 2
215 1
227 3
108 4
241 5
321 3
112 2
193 1
224 3
154 5
206 2
187 1
110 5
217 1
315 3
129 4
262 4
247 1
261 1
145 2
336 1
236 2
250 5
342 1
290 2
243 4
285 4
208 2
251 4
103 2
301 5
298 2
275 2
248 5
145 4
215 4
122 3
207 5
333 2
284 2
147 4
214 2
336 2
182 5
245 3
247 1
202 4
224 2
182 3
320 1
107 2
174 3
192 4
259 2
315 5
286 3
190 2
241 4
295 1
281 1
103 3
148 4
235 3
339 2
219 1
230 3
204 5
108 3
109 4
320 2
241 1
310 5
229 4
209 1
156 1
220 3
282 4
112 2
142 5
341 3
202 3
299 2
162 2
136 4
278 5
225 4
234 2
297 4
212 1
265 4
147 4
211 3
195 5
166 5
151 1
246 2
273 5
253 3
104 3
227 4
113 3
173 3
325 5
334 1
230 4
92 4
148 2
291 1
209 2
297 3
157 4
200 3
237 2
157 3
145 2
207 4
109 4
306 1
301 5
266 5
149 3
138 3
299 5
146 2
180 3
178 5
246 4
335 1
139 4
254 5
189 5
138 4
304 4
199 2
176 4
147 2
141 3
272 4
196 3
126 1
275 1
336 2
132 1
304 2
143 3
328 3
305 1
254 2
223 2
322 2
242 1
230 5
311 1
17 104
14 78
59 125
49 111
124 133
36 84
43 127
11 87
63 115
34 102
16 93
125 155
52 136
40 119
19 97
69 73
72 108
4 70
56 158
58 64
19 147
50 106
97 150
90 134
34 71
41 156
46 92
101 151
8 12
132 154
26 152
17 123
17 128
152 160
39 143
34 59
27 91
9 29
56 134
5 46
19 111
120 148
12 102
36 54
7 141
80 143
78 157
106 137
60 137
90 95
85 145
71 126
10 54
53 109
26 40
9 64
6 144
47 95
39 156
31 139
15 162
104 111
42 44
49 123
0 158
90 115
100 156
91 142
17 131
40 153
62 83
117 124
110 157
82 109
8 37
110 115
54 138
39 155
5 119
52 103
83 116
46 57
84 99
16 88
135 146
151 158
120 161
20 37
32 68
41 42
55 76
60 165
48 95
85 165
101 159
86 117
58 73
46 102
43 82
31 58
122 140
29 109
22 92
130 142
88 158
64 115
112 164
19 75
35 158
3 84
93 141
79 151
68 131
61 68
64 124
46 66
45 87
84 159
37 94
39 96
85 94
12 113
60 86
81 153
45 137
7 48
113 130
28 68
76 102
76 101
38 93
33 70
1 15
24 125
35 131
1 50
70 109
50 81
31 70
129 150
28 125
109 143
78 152
8 112
27 97
140 159
48 91
52 138
53 103
116 162
7 96
39 161
90 93
91 143
115 162
36 97
28 161
9 63
107 166
3 13
109 131
115 130
3 79
90 132
141 148
23 95
131 157
4 22
112 113
4 25
52 79
14 156
66 121
8 163
2 29
0 95
72 75
6 25
31 81
15 141
89 157
53 132
156 157
8 48
154 156
7 73
28 74
143 166
25 70
21 112
3 9
61 112
3 20
7 145
18 158
12 157
76 124
35 91
7 125
62 80
75 136
99 165
28 98
18 52
16 97
7 102
81 164
1 12
23 142
12 32
34 43
3 51
26 161
37 63
75 81
33 102
8 61
89 159
5 12
76 116
83 148
9 17
47 132
29 152
36 55
58 110
57 109
75 96
27 131
30 41
58 150
7 9
98 125
69 162
103 153
6 133
66 116
101 127
32 73
39 72
29 74
104 127
25 83
147 152
33 130
56 72
45 66
79 147
21 36
33 154
36 91
102 135
22 66
19 50
10 58
78 112
97 163
24 148
8 147
10 41
32 80
96 159
111 118
50 75
62 117
67 121
3 33
62 150
114 144
59 73
1 98
106 124
5 47
25 61
51 120
96 138
57 122
70 156
13 36
27 38
65 123
41 61
82 122
36 145
113 143
89 106
19 115
8 10
38 46
58 61
110 161
122 154
40 156
13 28
66 104
76 141
90 155
14 28
149 166
21 73
102 147
16 48
9 134
20 139
101 123
93 110
78 130
34 135
26 89
11 143
54 71
152 159
4 19
87 121
77 103
72 162
40 124
9 14
32 156
129 164
46 157
66 125
59 64
74 101
64 135
23 113
31 84
118 141
57 158
60 126
82 123
57 116
81 82
102 112
32 74
64 75
1 133
83 103
15 27
32 126
48 62
4 125
10 150
79 100
44 91
79 93
130 151
18 108
63 122
107 124
22 27
54 66
20 25
23 161
19 96
56 80
24 34
15 138
45 152
108 141
15 34
1 126
110 111
5 59
140 147
35 128
45 82
3 87
2 30
18 22
101 153
36 102
66 90
40 136
78 115
9 18
33 46
36 148
96 161
4 165
80 92
38 148
63 157
77 150
57 113
126 150
48 94
148 154
18 126
3 56
1 19
146 156
8 160
38 125
46 151
15 133
112 160
7 39
1 112
69 149
31 135
116 127
19 123
80 119
150 163
77 100
38 54
82 98
8 85
1 95
122 137
143 164
65 130
136 165
113 160
93 98
85 133
117 163
107 135
12 145
33 128
89 166
3 120
81 100
73 94
82 164
4 72
30 91
43 84
2 89
64 160
50 95
22 94
129 139
4 131
42 139
16 99
139 144
38 86
93 131
38 141
48 84
65 129
64 95
17 163
37 101
12 39
49 59
90 96
147 165
9 138
69 161
134 141
96 119
82 110
133 155
11 26
91 129
66 94
36 64
39 99
28 103
103 166
24 147
114 120
33 134
80 101
66 101
12 47
55 100
92 126
39 138
4 98
40 89
3 103
34 95
42 67
23 30
63 160
112 152
49 74
106 166
98 101
71 138
2 65
126 148
136 143
67 77
58 147
2 62
82 103
88 135
101 114
59 101
94 106
26 94
54 130
45 60
38 85
36 86
6 106
60 153
33 101
110 141
4 114
8 33
44 80
10 130
99 146
118 145
57 71
36 63
38 53
64 97
97 153
31 145
142 157
37 109
70 134
118 120
105 138
5 33
19 58
114 139
112 148
52 137
3 118
39 68
52 85
24 64
9 162
29 64
66 143
35 123
47 63
120 154
9 93
29 40
11 37
39 71
112 149
70 115
16 111
68 163
95 164
71 76
103 135
87 101
40 79
63 98
45 98
41 145
108 157
54 141
71 102
57 102
38 40
114 141
79 143
95 125
108 126
23 153
2 157
14 18
140 166
46 144
32 120
7 76
11 14
129 148
77 138
50 126
129 158
28 146
8 36
25 164
68 119
68 80
10 139
23 71
30 35
158 166
102 119
76 138
70 141
143 155
119 149
23 119
40 66
59 135
30 119
46 123
20 166
84 105
82 120
3 30
30 75
10 159
65 152
129 153
102 140
11 98
25 46
120 152
141 146
19 62
56 141
31 146
35 88
92 158
47 51
142 155
17 139
19 165
108 163
149 155
35 147
11 45
81 154
109 129
97 156
33 85
55 98
15 95
121 128
14 120
29 151
59 144
46 70
134 164
115 143
41 161
86 98
37 102
27 49
37 86
105 151
134 149
51 157
26 65
113 115
19 118
25 88
60 71
136 156
119 131
35 150
29 112
70 82
100 107
9 163
37 141
79 112
4 113
89 90
92 136
55 134
45 81
85 103
22 34
43 142
15 65
150 154
123 144
123 142
28 73
106 162
21 143
33 44
41 79
110 131
100 116
0 133
112 115
123 146
34 38
45 94
30 70
1 146
35 157
35 67
116 123
75 153
46 122
85 95
22 124
56 64
141 152
3 117
69 151
10 165
73 106
50 129
48 150
24 153
37 72
73 150
5 101
36 128
119 166
2 44
39 140
137 152
15 84
73 98
36 143
2 161
28 78
51 58
38 159
64 74
99 149
25 113
40 77
49 62
62 93
125 143
134 144
111 145
14 93
38 91
11 110
129 159
91 149
142 144
127 148
30 86
15 155
12 44
26 54
27 58
84 134
43 158
30 108
71 164
46 117
152 164
49 163
3 146
0 96
77 102
24 143
131 136
46 47
21 101
30 164
117 133
48 87
33 54
14 163
6 55
4 45
32 132
108 144
89 110
69 96
75 94
8 124
44 85
75 106
24 146
15 17
24 84
58 107
91 150
113 150
36 40
31 55
80 89
11 139
24 158
127 155
1 14
124 132
30 125
104 159
75 85
19 52
10 37
43 115
68 91
77 97
15 116
108 147
18 137
3 152
155 156
83 102
13 152
127 162
51 93
55 131
65 68
50 110
147 156
96 147
24 38
103 142
149 162
19 68
30 73
41 98
42 74
9 22
7 16
123 136
104 135
37 56
85 106
2 78
108 117
34 42
42 88
19 49
8 121
34 148
85 132
49 50
51 161
42 149
103 152
65 82
60 96
60 68
54 165
2 158
113 137
63 95
74 160
22 129
82 134
111 160
49 154
32 108
75 127
85 124
11 115
40 110
57 124
8 71
39 84
141 158
117 138
99 116
28 75
7 120
22 125
4 105
28 88
36 65
0 45
20 54
135 165
61 116
15 68
4 115
22 144
6 84
20 83
27 110
27 44
37 138
43 113
15 166
52 104
38 61
84 147
5 67
12 36
60 87
69 117
19 87
25 33
0 101
34 68
7 135
17 29
63 85
81 127
70 120
60 73
10 96
74 144
30 71
32 128
86 108
51 66
88 162
128 149
59 61
9 89
51 132
76 149
22 140
87 136
19 24
54 122
43 60
22 121
66 118
125 158
109 113
21 46
20 51
57 140
61 118
60 130
48 140
102 153
10 136
36 142
24 93
107 117
132 161
6 23
12 16
123 161
9 82
71 148
40 113
107 163
70 161
106 148
87 134
33 66
26 42
25 52
40 61
75 107
73 155
3 158
9 10
126 155
108 135
55 137
56 144
98 150
56 125
123 155
102 141
87 90
58 89
7 15
14 105
49 68
42 50
14 129
0 126
84 131
19 138
65 86
10 38
144 153
75 165
91 97
26 150
16 85
72 87
26 116
33 132
4 15
81 158
35 56
46 105
18 80
27 82
36 51
28 157
63 145
22 29
130 150
109 152
88 108
53 127
0 79
120 133
5 63
82 160
19 81
102 156
92 120
36 52
100 137
73 79
21 104
7 151
33 111
89 92
29 47
29 139
10 24
67 164
49 141
55 58
15 87
37 126
36 98
73 96
85 153
40 65
50 111
130 144
135 153
127 140
15 156
52 64
53 83
48 63
55 71
1 8
21 142
48 129
77 154
56 145
67 131
71 146
96 99
20 98
42 84
18 69
49 109
55 154
38 143
106 127
88 139
65 127
5 163
122 152
80 84
95 102
96 111
97 142
69 166
24 73
131 155
54 76
40 116
25 82
118 155
15 132
62 99
42 48
21 135
52 149
90 152
64 163
25 81
88 117
92 132
6 92
17 76
17 142
23 45
37 113
22 87
26 59
37 98
41 75
65 161
100 161
24 96
80 105
49 103
73 122
22 88
84 93
84 141
41 158
28 61
13 137
58 102
43 99
37 42
28 60
43 161
31 132
52 87
137 140
126 144
1 116
10 90
16 147
44 147
18 104
50 132
34 99
144 166
5 113
7 18
68 117
16 144
59 100
93 144
147 148
13 158
29 159
72 74
17 82
22 51
25 63
70 108
54 133
119 127
22 132
120 164
85 87
40 160
55 74
47 136
104 140
80 146
74 146
99 132
105 126
109 124
33 126
23 43
64 145
144 159
65 96
7 153
47 119
42 90
7 146
38 94
14 53
9 99
57 148
76 94
121 136
64 165
39 127
124 139
75 135
122 125
46 99
41 130
79 149
135 136
74 108
125 151
3 29
44 83
64 93
6 75
35 101
122 133
15 108
26 78
128 161
107 149
44 55
80 125
4 123
77 81
109 156
12 52
46 109
78 129
14 90
14 43
124 151
55 60
11 28
77 121
9 166
100 141
105 127
57 150
2 55
18 73
56 92
81 129
35 76
119 147
66 157
14 42
127 135
49 98
43 102
108 148
64 122
25 85
43 138
96 166
33 98
88 130
5 17
27 132
43 159
59 161
15 59
98 149
40 135
111 148
46 59
96 157
19 43
5 76
147 157
30 48
75 166
82 95
28 83
69 75
136 148
129 152
85 104
48 130
6 146
109 144
10 113
2 131
95 106
5 139
84 104
95 137
18 111
41 117
88 156
44 161
10 36
51 153
44 115
81 132
93 133
0 32
39 147
92 119
8 13
9 42
74 138
10 107
87 95
100 158
73 85
59 70
32 61
8 60
17 51
78 153
78 154
4 64
4 6
43 129
88 132
59 91
28 94
72 91
10 35
24 121
77 122
69 116
124 156
55 104
83 134
104 128
73 142
32 58
21 108
66 99
9 46
63 144
36 112
98 138
41 93
134 161
5 55
104 166
73 139
114 146
0 115
100 134
104 120
27 64
34 77
59 94
77 98
64 134
48 55
88 116
31 104
55 112
64 73
23 94
9 112
42 121
110 140
46 71
62 73
109 149
94 126
12 88
76 88
125 133
76 131
37 80
58 128
71 142
54 166
89 150
122 144
35 108
34 151
129 149
80 107
129 135
88 138
30 69
108 151
89 123
65 107
117 157
56 122
118 131
35 159
31 40
29 82
56 79
58 83
71 152
14 151
41 143
103 110
111 138
126 153
23 29
15 129
9 117
134 155
4 100
110 159
82 83
34 55
1 73
59 99
8 118
131 133
71 103
3 162
68 125
85 156
17 90
53 128
26 35
52 121
68 100
70 146
25 72
10 101
133 159
80 83
85 99
0 40
42 71
92 105
37 83
92 106
93 150
60 75
111 149
21 162
83 132
49 57
62 134
51 114
102 128
25 31
27 144
134 162
72 111
58 65
55 97
83 100
63 82
3 54
83 166
79 92
74 98
95 151
24 130
63 159
62 143
9 21
31 50
72 92
52 123
103 128
18 103
20 129
5 74
112 165
159 166
157 165
47 82
94 107
62 127
83 147
37 152
87 102
84 153
57 135
30 133
94 155
19 34
75 132
133 146
66 134
114 125
20 164
32 42
41 129
5 23
92 162
109 142
39 129
61 100
27 115
75 112
87 113
149 157
113 152
77 152
63 67
33 88
21 153
56 130
79 166
10 100
32 48
44 119
13 144
40 45
7 166
48 160
35 118
75 160
122 164
23 162
69 79
24 134
8 50
52 140
46 52
72 130
43 134
126 139
79 122
12 106
60 151
55 120
89 161
18 122
6 17
93 96
18 63
103 154
42 101
16 96
48 71
1 144
53 95
67 132
49 53
9 57
13 125
80 94
36 68
27 165
45 117
73 121
115 133
20 138
87 110
3 164
49 156
33 99
2 97
72 117
3 119
43 137
13 119
77 142
32 160
6 123
97 143
83 112
13 57
5 151
23 70
36 87
47 139
58 76
8 17
58 66
107 136
97 117
21 60
26 53
87 144
103 141
61 83
17 101
88 94
12 43
44 111
52 139
123 139
52 82
11 13
123 134
62 111
126 159
9 95
33 138
65 126
116 126
91 146
5 75
34 143
88 121
6 70
58 86
89 156
