167
11
12197
60
140 2
145 2
106 2
86 4
103 2
149 3
180 3
170 1
160 4
201 2
115 1
191 1
177 4
141 1
132 2
134 1
96 3
101 4
190 5
164 3
89 2
89 1
122 3
191 5
195 2
112 1
128 5
156 1
99 3
175 4
123 4
94 1
193 1
183 2
194 1
99 2
90 5
136 1
103 2
150 4
116 4
86 2
164 4
146 2
159 5
142 2
168 2
116 5
111 4
103 4
116 3
116 5
147 2
173 2
149 4
181 2
155 2
166 5
79 3
191 1
170 4
154 2
95 3
85 1
176 2
88 3
107 4
119 2
160 5
98 3
108 2
166 4
142 1
100 1
81 3
167 4
188 3
176 2
184 1
133 3
150 5
74 3
157 4
186 2
189 1
165 5
196 4
165 1
118 1
190 3
95 4
171 2
161 5
160 3
105 3
103 2
184 2
188 4
153 5
114 4
163 2
170 4
197 1
108 4
175 4
148 3
83 5
139 5
166 1
144 2
95 5
97 3
118 3
74 4
93 3
174 3
170 5
142 1
120 4
117 4
111 2
180 1
110 2
142 3
99 4
171 3
172 2
85 3
86 2
102 4
163 4
123 1
170 5
187 5
80 3
127 3
95 5
72 2
113 3
96 5
155 4
134 1
111 4
121 5
144 5
148 4
195 4
118 2
123 4
89 2
193 3
111 4
87 3
146 1
146 1
144 2
90 1
163 2
184 3
179 3
137 1
106 2
75 2
144 2
127 1
177 5
98 1
17 104
14 78
59 125
49 111
124 133
36 84
43 127
11 87
63 115
34 102
16 93
125 155
52 136
40 119
19 97
69 73
72 108
4 70
56 158
58 64
19 147
50 106
97 150
90 134
34 71
41 156
46 92
101 151
8 12
132 154
26 152
17 123
17 128
152 160
39 143
34 59
27 91
9 29
56 134
5 46
19 111
120 148
12 102
36 54
7 141
80 143
78 157
106 137
60 137
90 95
85 145
71 126
10 54
53 109
26 40
9 64
6 144
47 95
39 156
31 139
15 162
104 111
42 44
49 123
0 158
90 115
100 156
91 142
17 131
40 153
62 83
117 124
110 157
82 109
8 37
110 115
54 138
39 155
5 119
52 103
83 116
46 57
84 99
16 88
135 146
151 158
120 161
20 37
32 68
41 42
55 76
60 165
48 95
85 165
101 159
86 117
58 73
46 102
43 82
31 58
122 140
29 109
22 92
130 142
88 158
64 115
112 164
19 75
35 158
3 84
93 141
79 151
68 131
61 68
64 124
46 66
45 87
84 159
37 94
39 96
85 94
12 113
60 86
81 153
45 137
7 48
113 130
28 68
76 102
76 101
38 93
33 70
1 15
24 125
35 131
1 50
70 109
50 81
31 70
129 150
28 125
109 143
78 152
8 112
27 97
140 159
48 91
52 138
53 103
116 162
7 96
39 161
90 93
91 143
115 162
36 97
28 161
9 63
107 166
3 13
109 131
115 130
3 79
90 132
141 148
23 95
131 157
4 22
112 113
4 25
52 79
14 156
66 121
8 163
2 29
0 95
72 75
6 25
31 81
15 141
89 157
53 132
156 157
8 48
154 156
7 73
28 74
143 166
25 70
21 112
3 9
61 112
3 20
7 145
18 158
12 157
76 124
35 91
7 125
62 80
75 136
99 165
28 98
18 52
16 97
7 102
81 164
1 12
23 142
12 32
34 43
3 51
26 161
37 63
75 81
33 102
8 61
89 159
5 12
76 116
83 148
9 17
47 132
29 152
36 55
58 110
57 109
75 96
27 131
30 41
58 150
7 9
98 125
69 162
103 153
6 133
66 116
101 127
32 73
39 72
29 74
104 127
25 83
147 152
33 130
56 72
45 66
79 147
21 36
33 154
36 91
102 135
22 66
19 50
10 58
78 112
97 163
24 148
8 147
10 41
32 80
96 159
111 118
50 75
62 117
67 121
3 33
62 150
114 144
59 73
1 98
106 124
5 47
25 61
51 120
96 138
57 122
70 156
13 36
27 38
65 123
41 61
82 122
36 145
113 143
89 106
19 115
8 10
38 46
58 61
110 161
122 154
40 156
13 28
66 104
76 141
90 155
14 28
149 166
21 73
102 147
16 48
9 134
20 139
101 123
93 110
78 130
34 135
26 89
11 143
54 71
152 159
4 19
87 121
77 103
72 162
40 124
9 14
32 156
129 164
46 157
66 125
59 64
74 101
64 135
23 113
31 84
118 141
57 158
60 126
82 123
57 116
81 82
102 112
32 74
64 75
1 133
83 103
15 27
32 126
48 62
4 125
10 150
79 100
44 91
79 93
130 151
18 108
63 122
107 124
22 27
54 66
20 25
23 161
19 96
56 80
24 34
15 138
45 152
108 141
15 34
1 126
110 111
5 59
140 147
35 128
45 82
3 87
2 30
18 22
101 153
36 102
66 90
40 136
78 115
9 18
33 46
36 148
96 161
4 165
80 92
38 148
63 157
77 150
57 113
126 150
48 94
148 154
18 126
3 56
1 19
146 156
8 160
38 125
46 151
15 133
112 160
7 39
1 112
69 149
31 135
116 127
19 123
80 119
150 163
77 100
38 54
82 98
8 85
1 95
122 137
143 164
65 130
136 165
113 160
93 98
85 133
117 163
107 135
12 145
33 128
89 166
3 120
81 100
73 94
82 164
4 72
30 91
43 84
2 89
64 160
50 95
22 94
129 139
4 131
42 139
16 99
139 144
38 86
93 131
38 141
48 84
65 129
64 95
17 163
37 101
12 39
49 59
90 96
147 165
9 138
69 161
134 141
96 119
82 110
133 155
11 26
91 129
66 94
36 64
39 99
28 103
103 166
24 147
114 120
33 134
80 101
66 101
12 47
55 100
92 126
39 138
4 98
40 89
3 103
34 95
42 67
23 30
63 160
112 152
49 74
106 166
98 101
71 138
2 65
126 148
136 143
67 77
58 147
2 62
82 103
88 135
101 114
59 101
94 106
26 94
54 130
45 60
38 85
36 86
6 106
60 153
33 101
110 141
4 114
8 33
44 80
10 130
99 146
118 145
57 71
36 63
38 53
64 97
97 153
31 145
142 157
37 109
70 134
118 120
105 138
5 33
19 58
114 139
112 148
52 137
3 118
39 68
52 85
24 64
9 162
29 64
66 143
35 123
47 63
120 154
9 93
29 40
11 37
39 71
112 149
70 115
16 111
68 163
95 164
71 76
103 135
87 101
40 79
63 98
45 98
41 145
108 157
54 141
71 102
57 102
38 40
114 141
79 143
95 125
108 126
23 153
2 157
14 18
140 166
46 144
32 120
7 76
11 14
129 148
77 138
50 126
129 158
28 146
8 36
25 164
68 119
68 80
10 139
23 71
30 35
158 166
102 119
76 138
70 141
143 155
119 149
23 119
40 66
59 135
30 119
46 123
20 166
84 105
82 120
3 30
30 75
10 159
65 152
129 153
102 140
11 98
25 46
120 152
141 146
19 62
56 141
31 146
35 88
92 158
47 51
142 155
17 139
19 165
108 163
149 155
35 147
11 45
81 154
109 129
97 156
33 85
55 98
15 95
121 128
14 120
29 151
59 144
46 70
134 164
115 143
41 161
86 98
37 102
27 49
37 86
105 151
134 149
51 157
26 65
113 115
19 118
25 88
60 71
136 156
119 131
35 150
29 112
70 82
100 107
9 163
37 141
79 112
4 113
89 90
92 136
55 134
45 81
85 103
22 34
43 142
15 65
150 154
123 144
123 142
28 73
106 162
21 143
33 44
41 79
110 131
100 116
0 133
112 115
123 146
34 38
45 94
30 70
1 146
35 157
35 67
116 123
75 153
46 122
85 95
22 124
56 64
141 152
3 117
69 151
10 165
73 106
50 129
48 150
24 153
37 72
73 150
5 101
36 128
119 166
2 44
39 140
137 152
15 84
73 98
36 143
2 161
28 78
51 58
38 159
64 74
99 149
25 113
40 77
49 62
62 93
125 143
134 144
111 145
14 93
38 91
11 110
129 159
91 149
142 144
127 148
30 86
15 155
12 44
26 54
27 58
84 134
43 158
30 108
71 164
46 117
152 164
49 163
3 146
0 96
77 102
24 143
131 136
46 47
21 101
30 164
117 133
48 87
33 54
14 163
6 55
4 45
32 132
108 144
89 110
69 96
75 94
8 124
44 85
75 106
24 146
15 17
24 84
58 107
91 150
113 150
36 40
31 55
80 89
11 139
24 158
127 155
1 14
124 132
30 125
104 159
75 85
19 52
10 37
43 115
68 91
77 97
15 116
108 147
18 137
3 152
155 156
83 102
13 152
127 162
51 93
55 131
65 68
50 110
147 156
96 147
24 38
103 142
149 162
19 68
30 73
41 98
42 74
9 22
7 16
123 136
104 135
37 56
85 106
2 78
108 117
34 42
42 88
19 49
8 121
34 148
85 132
49 50
51 161
42 149
103 152
65 82
60 96
60 68
54 165
2 158
113 137
63 95
74 160
22 129
82 134
111 160
49 154
32 108
75 127
85 124
11 115
40 110
57 124
8 71
39 84
141 158
117 138
99 116
28 75
7 120
22 125
4 105
28 88
36 65
0 45
20 54
135 165
61 116
15 68
4 115
22 144
6 84
20 83
27 110
27 44
37 138
43 113
15 166
52 104
38 61
84 147
5 67
12 36
60 87
69 117
19 87
25 33
0 101
34 68
7 135
17 29
63 85
81 127
70 120
60 73
10 96
74 144
30 71
32 128
86 108
51 66
88 162
128 149
59 61
9 89
51 132
76 149
22 140
87 136
19 24
54 122
43 60
22 121
66 118
125 158
109 113
21 46
20 51
57 140
61 118
60 130
48 140
102 153
10 136
36 142
24 93
107 117
132 161
6 23
12 16
123 161
9 82
71 148
40 113
107 163
70 161
106 148
87 134
33 66
26 42
25 52
40 61
75 107
73 155
3 158
9 10
126 155
108 135
55 137
56 144
98 150
56 125
123 155
102 141
87 90
58 89
7 15
14 105
49 68
42 50
14 129
0 126
84 131
19 138
65 86
10 38
144 153
75 165
91 97
26 150
16 85
72 87
26 116
33 132
4 15
81 158
35 56
46 105
18 80
27 82
36 51
28 157
63 145
22 29
130 150
109 152
88 108
53 127
0 79
120 133
5 63
82 160
19 81
102 156
92 120
36 52
100 137
73 79
21 104
7 151
33 111
89 92
29 47
29 139
10 24
67 164
49 141
55 58
15 87
37 126
36 98
73 96
85 153
40 65
50 111
130 144
135 153
127 140
15 156
52 64
53 83
48 63
55 71
1 8
21 142
48 129
77 154
56 145
67 131
71 146
96 99
20 98
42 84
18 69
49 109
55 154
38 143
106 127
88 139
65 127
5 163
122 152
80 84
95 102
96 111
97 142
69 166
24 73
131 155
54 76
40 116
25 82
118 155
15 132
62 99
42 48
21 135
52 149
90 152
64 163
25 81
88 117
92 132
6 92
17 76
17 142
23 45
37 113
22 87
26 59
37 98
41 75
65 161
100 161
24 96
80 105
49 103
73 122
22 88
84 93
84 141
41 158
28 61
13 137
58 102
43 99
37 42
28 60
43 161
31 132
52 87
137 140
126 144
1 116
10 90
16 147
44 147
18 104
50 132
34 99
144 166
5 113
7 18
68 117
16 144
59 100
93 144
147 148
13 158
29 159
72 74
17 82
22 51
25 63
70 108
54 133
119 127
22 132
120 164
85 87
40 160
55 74
47 136
104 140
80 146
74 146
99 132
105 126
109 124
33 126
23 43
64 145
144 159
65 96
7 153
47 119
42 90
7 146
38 94
14 53
9 99
57 148
76 94
121 136
64 165
39 127
124 139
75 135
122 125
46 99
41 130
79 149
135 136
74 108
125 151
3 29
44 83
64 93
6 75
35 101
122 133
15 108
26 78
128 161
107 149
44 55
80 125
4 123
77 81
109 156
12 52
46 109
78 129
14 90
14 43
124 151
55 60
11 28
77 121
9 166
100 141
105 127
57 150
2 55
18 73
56 92
81 129
35 76
119 147
66 157
14 42
127 135
49 98
43 102
108 148
64 122
25 85
43 138
96 166
33 98
88 130
5 17
27 132
43 159
59 161
15 59
98 149
40 135
111 148
46 59
96 157
19 43
5 76
147 157
30 48
75 166
82 95
28 83
69 75
136 148
129 152
85 104
48 130
6 146
109 144
10 113
2 131
95 106
5 139
84 104
95 137
18 111
41 117
88 156
44 161
10 36
51 153
44 115
81 132
93 133
0 32
39 147
92 119
8 13
9 42
74 138
10 107
87 95
100 158
73 85
59 70
32 61
8 60
17 51
78 153
78 154
4 64
4 6
43 129
88 132
59 91
28 94
72 91
10 35
24 121
77 122
69 116
124 156
55 104
83 134
104 128
73 142
32 58
21 108
66 99
9 46
63 144
36 112
98 138
41 93
134 161
5 55
104 166
73 139
114 146
0 115
100 134
104 120
27 64
34 77
59 94
77 98
64 134
48 55
88 116
31 104
55 112
64 73
23 94
9 112
42 121
110 140
46 71
62 73
109 149
94 126
12 88
76 88
125 133
76 131
37 80
58 128
71 142
54 166
89 150
122 144
35 108
34 151
129 149
80 107
129 135
88 138
30 69
108 151
89 123
65 107
117 157
56 122
118 131
35 159
31 40
29 82
56 79
58 83
71 152
14 151
41 143
103 110
111 138
126 153
23 29
15 129
9 117
134 155
4 100
110 159
82 83
34 55
1 73
59 99
8 118
131 133
71 103
3 162
68 125
85 156
17 90
53 128
26 35
52 121
68 100
70 146
25 72
10 101
133 159
80 83
85 99
0 40
42 71
92 105
37 83
92 106
93 150
60 75
111 149
21 162
83 132
49 57
62 134
51 114
102 128
25 31
27 144
134 162
72 111
58 65
55 97
83 100
63 82
3 54
83 166
79 92
74 98
95 151
24 130
63 159
62 143
9 21
31 50
72 92
52 123
103 128
18 103
20 129
5 74
112 165
159 166
157 165
47 82
94 107
62 127
83 147
37 152
87 102
84 153
57 135
30 133
94 155
19 34
75 132
133 146
66 134
114 125
20 164
32 42
41 129
5 23
92 162
109 142
39 129
61 100
27 115
75 112
87 113
149 157
113 152
77 152
63 67
33 88
21 153
56 130
79 166
10 100
32 48
44 119
13 144
40 45
7 166
48 160
35 118
75 160
122 164
23 162
69 79
24 134
8 50
52 140
46 52
72 130
43 134
126 139
79 122
12 106
60 151
55 120
89 161
18 122
6 17
93 96
18 63
103 154
42 101
16 96
48 71
1 144
53 95
67 132
49 53
9 57
13 125
80 94
36 68
27 165
45 117
73 121
115 133
20 138
87 110
3 164
49 156
33 99
2 97
72 117
3 119
43 137
13 119
77 142
32 160
6 123
97 143
83 112
13 57
5 151
23 70
36 87
47 139
58 76
8 17
58 66
107 136
97 117
21 60
26 53
87 144
103 141
61 83
17 101
88 94
12 43
44 111
52 139
123 139
52 82
11 13
123 134
62 111
126 159
9 95
33 138
65 126
116 126
91 146
5 75
34 143
88 121
6 70
58 86
89 156
43 83
14 80
60 119
9 101
4 77
83 161
58 137
143 147
3 108
68 81
22 73
57 103
101 117
74 75
22 165
6 101
20 93
110 124
148 166
151 152
43 96
33 60
50 140
9 65
11 166
57 62
131 166
122 160
25 129
8 162
119 157
19 22
85 89
57 61
18 70
6 134
49 90
78 95
39 158
67 149
27 29
141 160
47 140
87 127
4 135
32 137
108 133
91 109
42 82
138 165
20 141
7 97
29 145
31 92
120 163
62 77
139 143
12 111
25 65
41 73
14 142
59 160
3 52
148 163
45 99
16 112
82 107
34 113
31 130
5 65
28 99
73 78
74 92
90 163
100 111
54 106
92 118
133 137
5 54
51 148
48 49
62 145
153 163
66 76
56 83
45 62
104 133
50 121
6 7
45 145
52 166
68 152
41 77
119 122
116 164
26 134
3 145
10 105
111 136
146 163
18 110
63 134
111 130
0 135
15 60
0 130
125 146
53 139
96 114
103 118
128 152
1 166
66 122
104 136
90 146
13 31
82 150
75 110
119 156
66 156
96 124
146 150
31 79
3 65
86 154
10 109
26 61
35 51
13 44
5 86
87 128
55 65
6 116
61 123
37 160
130 149
18 99
48 58
6 115
80 150
132 145
103 149
77 160
74 155
68 126
20 119
23 61
86 115
14 72
18 149
9 98
42 124
44 134
66 117
45 163
16 38
54 144
146 161
18 160
83 122
106 118
135 164
67 100
2 10
4 136
76 155
47 153
21 52
78 150
62 106
25 151
67 155
95 135
26 147
19 94
52 106
9 105
64 161
7 132
89 122
137 154
61 130
30 131
110 153
8 135
69 154
123 149
8 83
86 151
30 102
63 87
51 54
44 61
29 166
4 101
68 89
33 164
12 99
35 107
7 14
0 90
48 99
12 139
24 102
26 158
25 103
121 144
6 48
4 166
91 125
11 124
14 103
55 163
81 114
48 107
60 90
86 105
8 159
33 162
36 141
110 125
43 145
38 89
10 99
97 102
123 157
68 118
38 160
74 149
54 162
18 83
34 61
44 67
1 54
89 116
32 131
94 147
72 139
39 153
99 124
64 99
123 128
86 128
64 104
13 145
130 156
105 143
29 157
14 23
13 155
54 132
113 142
117 127
51 134
121 148
1 152
50 163
128 162
55 108
22 101
60 95
24 129
81 91
17 156
36 71
64 152
98 124
60 114
75 128
6 31
25 127
89 151
39 108
41 62
113 159
16 128
63 117
68 160
38 162
65 93
60 84
80 112
79 141
103 159
25 166
39 112
25 100
120 132
117 147
58 77
54 89
62 158
31 121
68 166
32 100
40 143
106 116
68 138
129 133
89 119
14 60
88 114
21 40
49 117
31 52
14 30
75 114
57 141
145 159
62 107
54 92
51 122
153 157
8 137
24 62
75 80
105 108
111 113
121 156
28 160
0 31
93 97
17 40
68 149
51 77
51 88
22 31
26 138
87 156
47 79
92 143
60 157
54 145
50 146
3 134
121 140
105 137
71 94
3 143
111 134
101 154
26 151
27 101
45 150
7 90
30 92
134 136
28 55
96 103
54 142
25 84
86 130
74 79
64 112
89 93
11 53
20 110
48 136
106 115
33 160
56 159
84 113
3 39
31 91
45 124
24 27
125 137
95 147
86 135
61 125
28 113
32 43
3 41
37 41
14 44
119 148
7 24
27 124
96 146
52 151
88 155
9 140
141 142
13 49
20 66
139 158
76 99
18 97
91 119
118 136
22 130
9 88
8 164
102 150
57 152
36 74
104 116
42 135
84 103
8 128
134 153
13 15
5 48
16 132
104 139
76 89
59 87
58 162
42 70
8 130
84 94
59 143
8 166
8 133
78 90
82 121
5 136
16 36
51 57
54 95
28 122
10 56
94 124
12 72
30 109
39 52
72 140
64 131
55 159
36 76
9 16
21 116
12 158
58 111
47 161
31 164
64 87
19 129
133 135
99 103
71 87
97 125
126 142
97 109
145 158
54 119
16 121
47 75
100 154
115 116
74 76
73 115
111 120
129 140
54 146
18 93
43 90
16 61
17 42
148 160
0 155
120 166
4 18
60 140
2 54
139 154
56 150
38 83
93 113
121 127
60 144
83 94
62 157
18 155
8 142
26 85
29 65
49 166
53 93
46 114
1 28
82 151
49 162
65 143
41 122
23 50
93 117
10 60
106 113
55 124
9 84
25 157
67 139
28 127
68 69
86 161
67 90
71 77
34 128
26 48
23 44
0 127
58 117
19 76
74 91
65 160
62 166
98 104
28 62
114 130
49 87
75 97
52 53
33 47
0 8
60 113
71 93
33 87
0 164
51 73
40 59
11 108
20 41
70 87
48 121
17 121
21 107
30 96
67 85
41 151
11 134
65 76
58 154
120 140
13 24
0 73
36 110
44 155
27 114
78 163
99 133
26 83
22 153
51 136
113 120
106 160
77 108
100 110
109 147
5 120
89 136
26 46
43 135
86 100
42 161
83 93
62 87
41 56
10 140
43 72
68 84
120 121
11 66
37 115
30 124
1 123
49 70
36 163
64 132
42 86
82 132
15 102
98 161
62 163
85 88
56 88
3 97
133 147
15 83
12 48
0 142
43 157
21 93
88 118
34 141
40 88
29 62
41 48
29 124
82 113
70 102
72 97
93 115
106 130
44 72
74 147
58 158
56 65
57 117
50 71
78 121
5 128
20 30
38 164
63 161
32 123
44 121
120 145
95 123
54 103
79 161
39 60
40 159
30 116
75 101
86 137
5 61
17 24
43 149
105 144
11 113
38 48
128 146
117 148
84 150
89 143
9 164
25 96
70 71
139 163
10 142
13 23
55 105
31 74
91 94
16 120
80 118
47 55
24 100
17 97
105 161
22 70
65 66
3 163
137 165
18 32
22 79
10 163
59 124
11 40
25 104
6 65
0 56
31 162
85 113
106 165
116 143
31 105
45 151
44 156
40 128
157 159
53 59
21 139
127 139
39 92
116 122
45 91
15 16
93 100
55 78
81 121
20 87
73 104
54 73
24 76
101 128
17 69
16 81
53 164
31 125
10 43
23 111
162 164
44 122
95 127
25 59
1 105
11 36
74 150
33 109
92 135
62 149
29 53
45 113
2 128
32 72
5 157
119 141
54 63
37 161
45 122
18 20
84 166
14 113
50 58
23 138
68 145
36 164
28 135
102 107
82 166
78 85
62 162
10 71
83 151
0 94
14 56
85 92
55 91
4 30
43 123
3 69
64 119
67 120
114 128
27 65
12 53
26 71
15 137
117 165
10 132
36 42
24 108
19 136
69 147
40 97
153 158
64 72
82 96
5 121
138 152
19 93
56 82
72 156
69 109
15 114
2 64
93 165
101 165
17 137
35 50
18 19
101 152
52 96
16 161
54 114
32 35
52 109
72 73
114 150
12 135
146 151
25 28
40 64
14 148
35 127
43 112
75 95
39 53
129 156
39 107
16 160
64 96
77 166
25 41
28 72
120 123
95 111
110 135
110 147
86 90
89 127
117 119
36 147
134 139
73 129
87 123
127 147
56 81
93 164
94 141
44 157
14 128
12 35
91 122
19 137
49 96
6 9
80 134
11 128
56 67
74 97
24 51
82 140
0 53
66 151
129 147
4 120
154 157
52 61
122 163
58 153
98 109
11 117
20 22
51 156
112 145
130 140
58 155
32 101
101 139
23 141
95 149
66 114
2 32
75 84
47 111
65 166
141 156
55 81
34 50
100 139
76 125
60 65
36 77
76 147
13 107
100 130
22 47
2 43
23 134
24 154
57 127
50 134
80 82
22 49
10 27
23 62
49 120
14 146
42 136
22 127
86 155
70 119
124 162
5 109
13 132
78 97
5 16
23 155
23 123
32 144
30 118
67 148
75 149
29 72
9 150
29 42
29 67
52 117
133 162
66 110
27 60
25 124
38 149
10 32
6 45
106 138
41 113
15 124
35 121
91 102
9 122
17 37
36 43
0 67
52 158
77 111
35 140
47 166
26 133
88 92
59 63
65 79
41 147
13 46
69 82
50 103
153 160
87 147
21 80
104 126
13 67
124 144
62 137
132 151
24 126
57 138
150 159
85 96
40 53
18 138
16 145
11 151
6 90
59 150
28 154
46 159
24 116
123 137
142 162
50 114
60 110
68 139
91 116
15 23
75 124
38 42
123 127
97 144
60 61
35 96
53 99
117 159
40 73
75 105
137 158
11 150
54 126
92 149
1 141
17 39
95 160
21 83
86 132
29 121
124 146
41 55
116 157
9 39
64 114
12 120
133 138
6 158
3 122
63 150
46 60
72 141
77 120
99 160
98 153
25 44
41 142
42 68
84 152
81 143
121 154
42 157
49 152
62 133
61 77
10 80
9 13
13 100
111 131
3 37
54 99
41 57
52 66
104 113
97 99
155 160
46 150
0 83
53 104
10 23
128 165
44 53
71 145
76 165
71 155
134 166
133 150
80 160
26 69
17 119
20 43
107 144
60 63
46 158
87 155
89 125
22 114
53 122
0 19
31 165
20 53
20 33
47 145
34 155
95 101
14 155
99 102
20 79
35 133
17 147
35 61
48 149
47 101
50 158
54 77
12 137
108 121
55 125
122 149
54 59
83 138
21 84
6 149
30 152
36 116
115 163
72 159
28 32
6 67
4 158
61 88
19 141
61 155
86 120
125 139
111 114
148 161
25 50
107 137
125 161
30 153
49 131
59 131
53 152
31 98
130 135
8 150
82 146
104 119
111 137
59 128
68 142
11 99
34 87
14 122
34 119
59 83
46 50
102 158
69 125
11 42
69 99
32 70
82 155
108 140
12 159
31 120
41 88
31 113
25 73
35 164
13 14
118 125
68 111
1 36
28 130
98 105
71 140
81 152
1 16
87 117
15 122
67 80
12 77
57 60
88 124
100 142
93 159
5 97
111 152
149 159
99 164
120 134
79 152
24 138
10 117
40 71
9 60
27 103
132 138
117 149
5 115
13 120
55 66
24 25
51 83
2 123
79 121
107 120
80 126
91 162
86 103
57 121
61 105
8 59
64 144
11 135
131 142
6 47
83 157
45 101
161 162
35 142
2 139
19 106
57 81
60 88
67 94
60 97
63 94
73 103
76 158
20 52
16 18
77 86
28 30
78 120
128 144
48 52
51 75
43 139
2 42
19 77
119 130
32 157
57 162
16 133
118 129
74 133
147 159
106 156
91 132
98 151
61 150
42 109
32 69
18 143
64 155
77 133
65 102
115 152
28 101
58 156
32 51
3 155
28 138
11 136
90 151
36 75
143 160
57 137
48 90
17 152
87 119
12 117
65 118
69 114
54 160
58 157
29 105
88 100
86 124
104 150
5 152
16 138
7 59
51 117
120 143
15 110
40 129
109 128
35 145
7 124
116 142
142 156
25 118
115 141
52 72
132 135
56 166
71 105
96 155
116 151
35 120
52 89
49 132
100 140
76 114
86 162
72 147
71 100
33 43
116 130
94 119
42 166
63 141
47 70
83 160
72 149
18 113
5 38
37 100
107 129
35 103
94 148
76 115
33 83
13 19
114 127
2 115
9 45
3 27
2 92
55 161
126 136
120 137
42 45
102 103
1 70
30 110
130 159
63 83
28 39
21 45
30 145
31 112
63 166
2 99
63 75
86 122
2 15
35 126
21 102
79 116
19 47
5 7
119 120
26 139
52 124
111 125
69 121
80 127
36 57
115 122
107 145
52 81
53 149
52 118
15 159
36 118
11 145
84 154
4 81
105 160
96 160
51 146
59 139
94 143
59 79
8 157
59 71
65 140
35 74
76 92
7 111
7 46
56 61
82 157
1 3
11 125
40 81
63 126
114 138
16 140
99 159
53 54
19 60
73 156
7 82
102 142
40 149
78 148
110 118
16 119
55 77
100 112
5 142
123 165
13 148
99 130
4 126
14 59
61 163
8 42
21 95
122 134
85 134
15 100
105 112
132 144
112 134
27 142
67 143
78 145
21 87
151 159
99 113
100 153
108 116
2 116
26 90
42 58
3 78
52 86
22 128
46 101
19 130
79 134
55 110
102 106
3 12
49 54
61 152
51 95
45 154
45 125
103 108
120 165
132 152
149 156
10 92
91 111
53 58
87 93
72 148
32 37
28 90
7 44
38 56
31 159
156 160
6 137
20 28
85 108
106 109
41 50
40 148
106 123
160 161
46 156
53 130
132 150
97 139
106 154
26 50
58 131
117 131
70 99
0 21
11 165
55 122
96 115
44 142
80 139
124 150
93 102
5 140
92 152
91 151
1 75
104 110
47 58
15 118
33 158
11 52
62 75
148 153
48 92
43 116
130 154
40 68
79 114
92 142
81 120
97 128
67 101
61 79
45 106
2 73
96 126
22 133
41 153
118 148
124 135
21 35
134 146
74 89
2 103
92 94
57 68
7 54
45 48
88 127
35 163
56 132
20 130
120 126
16 108
22 93
83 97
140 164
30 117
5 92
79 83
12 33
12 146
75 99
68 112
76 90
76 148
60 108
10 125
30 85
20 99
145 150
91 120
20 102
108 131
121 147
16 124
54 91
29 131
33 95
13 98
49 158
86 140
71 157
124 159
103 157
33 124
66 88
61 96
1 132
24 49
80 128
68 97
47 84
75 108
60 70
75 118
69 118
50 161
45 92
104 147
30 89
80 114
18 128
0 80
57 132
20 101
9 148
50 122
145 155
37 68
24 99
45 141
47 118
43 132
16 80
39 103
69 97
21 140
44 54
21 51
9 87
136 141
26 123
32 76
119 158
90 128
1 145
3 38
15 119
7 110
98 136
6 118
61 78
85 91
0 165
42 126
42 147
7 152
39 47
24 163
26 86
42 155
11 44
60 112
51 115
25 114
33 157
82 125
39 101
11 74
130 143
11 90
31 124
26 113
81 99
98 152
6 161
8 104
89 120
73 148
0 122
21 130
86 148
30 135
61 140
13 73
74 128
18 106
109 126
26 36
1 79
56 112
40 107
85 147
37 165
22 86
90 121
134 159
74 111
17 154
65 116
36 161
78 133
143 153
34 35
19 140
3 91
120 139
127 152
31 76
0 5
10 19
19 83
39 41
128 156
113 129
84 125
74 127
107 127
81 145
80 110
1 113
10 46
55 68
22 37
96 100
105 155
49 118
52 133
55 103
47 67
31 119
50 88
67 163
118 119
13 66
57 134
30 105
54 93
1 158
37 78
72 146
83 126
59 80
51 96
138 157
38 77
8 75
37 125
109 127
63 107
8 79
131 132
35 94
70 123
67 76
116 136
51 70
104 151
82 117
135 140
113 157
100 166
28 147
40 43
84 136
25 111
54 56
61 129
15 75
12 63
21 75
18 136
15 103
11 156
4 92
29 70
104 155
21 85
54 79
74 85
109 135
27 89
31 144
10 52
0 17
9 48
131 162
136 138
40 104
21 151
19 32
111 122
20 125
38 76
106 128
51 106
27 107
98 121
30 128
26 97
74 136
42 160
1 56
65 164
40 126
11 51
14 26
98 143
44 99
95 159
147 161
17 153
99 163
125 131
39 57
24 112
118 165
42 141
126 161
66 69
130 162
59 103
27 53
143 151
4 146
24 92
4 87
22 151
4 147
26 27
55 152
100 155
13 123
24 133
64 164
16 109
67 158
108 138
69 146
8 148
84 137
90 157
33 147
0 7
6 60
98 115
117 153
40 42
87 148
105 129
46 68
69 142
73 81
30 76
10 17
16 159
7 126
93 132
81 147
102 152
61 156
138 140
39 70
119 139
28 108
12 103
3 106
34 65
38 120
7 79
66 130
23 36
66 82
115 164
40 146
56 147
89 124
31 36
43 148
55 143
41 103
9 104
16 100
16 125
48 133
3 5
5 45
40 105
12 82
19 40
51 78
74 158
74 125
31 83
3 70
7 26
7 86
2 12
56 162
114 153
31 122
0 84
33 155
15 145
44 109
26 73
69 115
11 93
71 119
75 133
39 74
63 123
73 84
68 165
22 143
53 81
6 36
42 123
125 142
55 155
70 80
5 125
71 107
27 126
32 109
2 114
17 21
127 158
161 166
33 100
37 60
6 117
41 116
88 103
86 159
15 70
35 154
6 99
25 42
12 78
66 149
54 136
51 74
12 155
23 97
20 163
14 118
37 64
22 43
16 98
100 133
3 73
104 162
33 79
0 154
93 134
6 41
27 151
0 71
23 151
12 54
37 50
164 165
49 66
77 119
37 116
15 29
29 71
24 55
20 134
93 143
28 49
66 128
126 158
126 138
1 77
42 66
113 146
3 22
9 114
15 78
15 163
39 46
2 159
40 134
30 36
67 156
60 83
124 137
38 99
85 109
77 117
36 115
59 111
1 111
67 99
14 48
59 122
74 87
36 133
62 140
24 47
36 150
79 91
30 162
56 95
101 109
53 100
98 110
32 121
45 127
101 160
10 111
43 144
0 102
13 138
107 153
98 165
44 57
130 138
13 139
103 129
44 126
62 84
123 154
63 127
63 147
24 105
7 98
29 30
41 165
95 153
34 104
39 75
43 63
15 73
54 153
19 20
83 165
86 113
49 122
25 49
119 125
33 110
59 120
125 157
0 52
25 115
8 18
44 108
98 112
60 148
71 110
39 149
2 132
60 69
115 160
37 53
25 66
5 14
25 78
10 59
63 74
70 97
112 146
163 164
29 92
25 99
137 138
74 113
63 135
81 102
127 157
63 66
39 44
76 85
25 91
11 91
92 107
69 164
2 112
38 108
19 119
54 161
37 73
47 103
51 151
45 153
67 83
53 131
111 126
37 155
147 150
82 88
18 71
9 100
84 110
57 69
94 146
119 137
8 72
56 156
4 51
63 89
34 146
15 19
71 85
126 146
45 64
10 94
37 134
61 106
57 119
3 136
80 111
17 56
120 131
150 156
18 96
19 116
112 154
1 87
15 96
86 156
154 158
67 146
34 45
3 46
2 20
112 125
25 125
85 150
111 123
2 130
12 166
120 125
63 80
84 92
32 136
48 115
38 132
11 38
11 85
30 78
17 159
31 161
22 104
13 80
60 107
41 160
137 159
37 132
34 57
45 70
106 129
27 123
142 165
24 122
43 95
13 37
5 102
64 105
76 117
10 152
58 96
107 140
155 161
48 158
44 60
35 80
29 120
53 90
19 148
73 119
27 31
109 145
83 140
4 9
79 109
51 152
37 46
67 87
45 58
38 126
73 152
20 137
26 109
6 108
56 142
50 145
38 129
43 136
27 74
53 150
49 149
107 134
9 97
34 152
106 117
154 165
0 138
10 114
5 116
28 162
34 159
66 78
26 52
71 125
61 90
27 100
29 83
42 106
4 8
4 163
17 38
6 102
125 150
144 147
126 134
29 160
18 51
137 145
87 124
5 28
3 89
83 125
38 117
13 166
76 86
40 108
31 97
35 115
29 49
66 70
67 151
16 87
64 149
120 147
48 159
94 111
153 154
95 99
60 115
65 146
42 60
93 114
72 155
61 160
85 151
32 59
0 65
53 106
82 141
88 109
81 118
53 143
2 140
46 165
5 127
44 47
32 57
1 30
49 55
13 110
44 112
143 156
36 69
95 115
154 162
159 160
91 93
51 144
138 159
11 159
73 89
52 126
75 151
80 81
38 52
30 160
4 24
6 19
13 154
90 138
47 48
122 143
132 165
45 143
65 92
121 158
49 85
5 141
39 110
31 88
20 161
27 55
45 65
36 101
2 74
28 71
7 140
9 38
128 140
31 57
21 28
36 62
56 140
70 107
64 110
33 122
28 54
70 89
58 103
47 160
48 70
7 139
63 156
11 140
48 74
76 121
123 158
60 89
139 151
15 121
47 158
5 158
58 84
120 127
39 145
69 103
120 128
114 119
43 114
66 164
73 149
14 88
15 99
92 151
77 94
8 90
48 54
65 141
91 139
112 156
94 158
24 139
57 63
100 144
104 105
112 124
118 158
63 118
87 108
115 159
19 151
15 136
16 126
79 118
77 140
38 121
91 130
117 118
18 162
99 139
66 137
100 138
33 96
109 164
135 161
11 82
18 42
22 61
86 110
55 144
33 89
32 63
0 100
2 118
13 81
108 155
79 138
55 141
152 156
22 30
74 131
9 47
6 164
81 149
6 135
121 134
50 54
6 150
39 104
8 113
84 111
94 136
74 156
17 129
31 100
128 159
49 69
79 101
1 115
79 159
67 126
47 106
38 75
152 153
47 73
2 127
12 31
11 111
41 128
146 158
18 163
96 108
76 84
14 107
37 88
63 114
94 161
88 102
5 85
49 112
19 153
63 131
112 142
39 69
83 118
103 125
81 162
9 156
22 33
98 107
86 121
6 151
124 163
43 57
15 89
99 134
34 134
57 97
61 109
32 113
70 144
55 148
57 156
92 133
22 64
62 91
131 149
49 71
45 134
61 122
47 83
81 161
90 119
53 85
44 90
30 158
0 131
35 82
131 152
102 148
81 103
25 94
56 91
10 67
65 149
81 131
26 142
122 136
10 70
45 162
72 96
109 116
117 158
14 73
32 106
18 34
98 145
40 96
35 52
60 154
1 100
55 59
119 138
90 100
21 48
56 108
89 132
48 162
101 146
34 153
2 113
27 121
28 56
52 100
29 56
16 40
74 96
29 45
23 32
98 162
55 164
31 156
26 93
8 55
16 104
24 33
58 123
23 137
79 95
48 156
5 123
65 154
41 59
46 135
42 55
82 100
0 105
67 86
56 84
93 116
13 82
72 135
12 37
46 90
66 107
114 151
10 103
128 133
45 115
78 96
119 146
14 86
12 56
57 166
15 85
98 99
78 140
16 107
114 160
31 110
79 106
98 100
94 132
63 71
43 88
42 57
105 109
124 158
45 51
42 69
31 94
32 155
38 123
120 124
30 165
23 87
56 152
65 128
63 90
38 127
51 60
6 93
84 118
72 79
61 136
70 148
120 130
48 72
82 149
10 133
38 101
42 133
1 117
4 37
16 106
88 141
37 97
16 76
88 147
11 138
94 117
19 157
88 107
56 161
70 95
11 72
155 157
84 130
122 135
65 155
38 155
7 30
93 136
46 138
93 105
13 32
73 162
43 70
94 154
84 87
0 29
73 91
9 123
31 152
8 108
70 145
8 68
37 57
43 58
15 146
7 159
80 117
136 151
14 46
18 58
38 146
70 77
71 166
40 141
120 122
21 133
30 139
46 98
73 141
74 81
87 99
30 77
8 29
40 140
92 130
40 154
38 57
87 103
65 111
112 133
43 117
13 77
45 160
43 164
48 64
100 136
8 63
52 165
107 123
123 130
51 94
72 138
79 162
15 117
22 117
44 71
30 147
10 146
47 64
46 166
86 145
87 92
113 131
16 165
115 136
31 163
75 125
3 124
112 138
42 81
25 150
45 83
63 111
34 124
4 138
99 150
7 144
115 157
13 34
18 87
85 116
41 68
29 55
6 140
53 72
9 36
88 137
62 159
38 105
86 127
51 107
49 151
11 55
116 146
0 51
85 126
32 129
2 119
29 54
58 95
104 157
104 106
61 127
57 108
142 160
121 125
61 87
138 166
1 86
110 116
46 147
50 153
42 76
116 119
61 110
26 145
60 104
83 106
134 143
77 95
34 133
51 105
54 100
19 54
23 158
68 129
95 110
48 103
113 141
92 139
58 78
110 136
66 136
17 26
101 157
34 74
30 56
18 114
16 84
22 159
79 107
32 92
106 135
18 107
155 159
135 154
71 92
32 87
54 72
72 166
53 61
15 30
23 157
76 162
8 154
48 138
20 127
47 156
150 158
21 109
73 110
100 129
125 134
36 136
94 127
52 60
0 69
82 148
90 131
36 130
14 62
23 114
32 118
88 112
8 105
89 121
4 149
84 114
50 98
62 135
89 94
129 165
45 84
33 149
21 72
128 147
44 149
158 163
14 164
83 127
69 119
89 130
7 25
10 53
20 56
25 43
40 44
59 149
87 100
6 43
144 149
32 150
60 124
78 132
2 107
19 152
79 136
133 166
1 128
85 163
19 156
10 48
14 84
48 60
39 67
80 151
31 140
12 13
19 135
92 100
61 92
0 62
70 96
43 69
20 94
137 141
107 161
26 163
37 62
6 86
58 113
115 137
27 106
100 150
90 143
23 38
4 54
38 41
106 114
113 156
42 85
133 148
4 61
132 143
146 165
42 87
62 78
22 89
23 93
18 132
128 148
26 76
66 95
46 95
21 71
48 110
14 152
102 164
33 120
18 26
90 144
59 148
9 26
66 119
3 18
56 117
10 14
48 86
47 87
4 67
12 92
21 59
29 32
52 77
38 49
5 95
90 142
6 14
44 66
75 157
21 62
17 85
5 105
56 66
63 78
43 109
95 129
43 80
26 45
95 122
14 27
106 108
26 74
37 52
104 129
53 144
62 161
56 90
84 115
21 136
83 108
108 143
9 71
84 161
46 121
80 155
14 64
70 91
25 117
10 162
39 165
109 110
86 125
30 60
114 152
32 77
62 120
91 126
12 132
20 77
33 76
19 55
112 158
41 71
98 166
156 158
95 114
34 51
20 29
17 75
98 139
29 165
22 84
45 93
1 106
8 95
75 115
0 132
7 112
59 90
49 147
83 109
44 68
8 101
44 76
129 132
19 85
9 143
149 165
87 114
21 54
61 85
69 135
114 131
13 92
1 108
22 56
72 127
41 125
30 122
50 124
2 47
66 91
14 158
119 135
113 154
53 74
45 85
77 129
91 154
89 99
12 105
60 136
98 156
25 119
128 164
87 104
43 67
58 163
97 113
142 147
33 50
111 141
14 68
109 158
108 160
34 82
14 70
86 153
74 86
28 139
54 90
17 22
114 126
45 80
24 44
108 111
42 78
21 42
12 17
89 91
59 66
8 132
76 98
71 81
41 106
25 30
31 71
0 141
2 148
32 163
12 45
30 50
17 116
47 92
114 156
1 65
0 23
140 142
123 163
79 85
72 113
40 94
5 106
49 144
13 162
109 161
21 37
54 107
1 48
58 135
11 78
103 160
46 53
58 130
15 38
87 115
114 115
83 149
30 39
71 136
95 156
58 132
35 39
156 163
52 146
12 20
4 148
68 98
108 115
145 165
14 112
27 35
77 110
100 117
15 67
140 148
83 111
45 128
49 105
99 119
69 81
85 86
85 100
5 31
55 63
16 113
40 80
79 99
45 142
1 160
76 160
44 128
68 157
15 115
10 12
34 158
43 141
97 159
5 21
96 110
50 135
110 146
29 113
94 116
16 130
76 111
26 102
12 123
7 87
52 93
108 112
22 50
130 145
15 88
99 144
19 74
18 57
1 89
57 86
57 65
0 38
53 162
12 64
72 158
71 162
96 151
26 115
74 116
85 97
75 109
20 61
114 166
3 40
59 109
64 130
13 61
20 58
102 105
58 143
90 92
109 139
118 128
76 96
64 92
13 157
33 152
12 59
48 124
44 96
50 57
115 139
92 150
73 130
50 84
144 165
126 157
100 162
23 106
117 151
29 147
41 74
3 140
91 115
123 141
32 116
106 132
24 75
65 124
38 44
22 42
95 103
93 99
46 82
48 66
27 128
1 85
10 13
130 148
60 147
33 133
61 76
38 113
117 128
84 120
125 156
48 88
41 120
55 149
29 97
81 113
67 74
47 68
33 135
93 107
48 100
65 99
19 102
51 87
29 163
46 141
123 138
6 27
14 41
15 63
81 124
110 130
108 165
6 132
103 119
89 113
109 150
56 137
33 139
51 124
112 123
114 161
78 119
9 116
96 104
24 48
59 164
30 64
84 162
13 70
106 131
136 142
117 123
57 58
18 154
25 89
141 144
86 166
41 60
46 86
16 136
6 125
38 58
16 154
20 34
92 114
70 110
67 70
50 130
31 48
19 159
42 97
66 126
31 137
52 101
10 116
101 161
25 148
36 79
11 161
20 68
148 151
15 104
34 47
70 79
86 87
45 56
35 122
91 159
21 118
58 94
20 74
4 78
4 137
22 110
106 153
52 153
51 76
39 94
77 139
45 135
101 149
61 154
15 157
101 108
126 143
42 142
39 146
8 81
99 117
111 127
87 152
48 152
1 81
11 131
98 155
69 110
29 126
55 84
14 75
104 143
22 90
125 149
31 99
84 102
64 89
165 166
24 164
89 142
61 98
59 158
132 133
18 25
75 76
74 139
55 138
161 164
8 66
10 128
29 114
100 104
14 91
63 73
41 126
112 163
107 143
17 61
19 99
58 87
21 128
4 150
95 133
10 29
23 54
79 94
36 159
19 139
64 142
103 126
27 56
73 105
108 149
27 138
60 122
2 45
135 141
150 152
42 154
116 166
81 105
106 142
5 27
84 132
70 83
9 58
46 137
93 94
20 107
64 117
6 56
8 80
31 64
118 122
68 82
49 94
22 35
93 137
2 17
110 164
155 162
9 32
76 143
66 109
124 142
69 74
12 62
1 72
64 103
71 128
16 123
5 15
7 163
64 109
39 139
105 116
107 148
139 165
13 54
61 104
99 143
79 87
31 37
10 81
87 163
46 54
18 50
9 113
41 149
49 64
8 99
70 74
61 95
115 161
74 164
11 94
24 160
49 153
102 127
81 166
28 48
15 111
81 125
37 129
72 144
4 85
25 112
2 138
90 116
63 151
41 58
95 139
118 150
13 35
86 164
82 163
43 133
47 93
88 97
130 134
40 122
23 89
18 124
54 135
36 162
103 133
71 156
45 138
142 158
114 133
2 52
66 155
93 109
54 78
7 21
95 105
79 154
33 71
10 45
16 17
10 138
52 90
20 70
12 74
7 68
55 88
26 84
149 151
99 148
4 157
30 65
14 19
137 147
40 51
48 151
36 156
36 60
98 122
11 164
26 87
2 28
50 159
94 122
2 141
17 81
114 145
42 164
41 53
67 81
107 156
11 100
21 88
7 164
25 160
68 153
78 82
45 121
44 79
1 163
16 30
98 133
139 166
26 137
53 82
22 57
74 135
11 73
70 106
7 78
31 157
58 85
80 140
60 85
27 67
65 91
17 91
2 23
63 143
48 122
44 130
88 104
29 153
64 125
35 99
81 138
43 59
79 111
18 46
17 32
51 121
26 95
140 156
42 128
99 110
70 105
24 61
49 76
87 140
106 164
25 126
15 39
0 97
149 163
116 150
35 66
37 77
31 166
92 124
107 122
21 134
0 161
28 47
56 148
89 118
17 115
6 145
40 60
68 132
27 50
53 118
110 114
27 122
45 159
129 162
2 96
28 105
46 87
27 52
51 165
23 82
38 131
26 103
4 57
43 76
54 137
41 139
43 118
4 142
16 162
112 130
71 95
30 154
22 36
69 141
45 133
1 150
53 156
117 166
28 64
53 161
39 97
4 13
24 52
4 56
97 98
6 28
17 71
67 141
2 31
1 92
70 138
52 71
78 108
34 125
98 142
105 142
14 109
30 151
85 121
147 151
21 39
86 93
89 158
48 131
54 98
23 88
76 103
60 118
25 145
65 97
64 88
104 109
18 118
7 156
3 21
3 86
24 89
72 136
46 153
147 149
126 149
73 100
90 110
92 164
84 88
38 62
41 89
14 92
55 87
14 97
55 126
39 124
61 63
61 142
8 20
80 122
27 28
12 80
80 129
88 153
38 87
72 128
54 102
41 133
139 142
127 129
25 95
2 102
20 147
115 148
49 67
8 149
9 80
47 127
88 136
93 166
128 160
6 165
25 138
68 158
2 94
38 111
82 158
7 53
60 105
122 158
60 162
26 88
51 135
38 97
52 150
4 124
3 126
17 18
44 106
19 45
6 162
8 93
75 122
7 117
47 85
7 75
138 141
140 158
17 140
106 157
111 112
24 91
115 149
6 141
66 84
60 91
0 46
131 148
71 150
22 41
48 134
70 125
92 112
5 58
127 166
42 144
104 144
31 142
9 139
100 143
38 133
63 146
41 63
88 133
4 39
5 79
11 101
141 166
61 94
54 84
21 38
105 148
16 20
37 107
93 121
49 130
45 95
90 124
6 76
0 77
61 148
21 23
16 37
88 113
96 133
20 76
124 160
6 51
57 133
151 164
47 155
70 152
75 91
12 133
5 147
8 78
13 117
47 142
32 64
21 47
52 119
9 25
12 23
27 109
135 138
28 151
80 97
40 82
85 158
68 133
90 130
151 165
20 72
36 95
31 136
78 165
34 130
32 85
71 73
41 135
24 88
89 128
36 158
148 162
23 122
127 154
56 97
127 150
35 83
21 94
15 33
55 79
33 114
37 150
1 131
8 77
158 159
93 101
26 159
42 120
118 123
13 39
18 43
55 114
71 158
56 118
51 67
14 51
29 76
150 153
64 154
100 165
127 143
69 140
72 88
17 80
12 156
69 87
26 111
121 126
9 160
36 153
42 151
111 154
99 104
99 125
59 110
114 154
84 129
124 130
50 55
26 62
41 101
1 102
14 58
94 99
146 159
37 154
3 112
43 75
101 140
35 55
27 68
117 164
40 163
121 129
130 163
11 97
72 98
46 63
63 76
60 141
80 161
142 166
127 133
13 118
37 51
79 84
31 63
7 116
17 108
0 128
31 80
56 131
1 27
97 116
26 140
9 126
21 141
36 85
5 40
55 145
66 75
0 93
158 165
34 110
29 80
32 34
36 56
63 139
130 133
65 115
6 79
105 114
8 123
137 161
47 52
57 111
110 120
148 149
62 115
98 108
51 53
58 133
0 157
91 96
6 95
43 155
43 51
8 145
123 152
78 106
11 130
71 134
12 109
2 110
20 36
55 94
12 149
3 90
20 85
45 166
5 70
86 95
79 132
2 71
5 131
53 71
71 101
24 56
2 36
128 150
59 104
119 145
78 83
14 132
8 22
13 112
11 154
86 138
84 97
132 136
46 160
151 154
1 69
29 110
25 159
58 69
19 114
31 151
70 137
19 108
122 162
14 110
5 153
8 40
66 135
11 137
44 62
9 83
80 115
4 151
20 45
27 43
32 56
14 166
97 107
19 162
63 153
33 75
32 98
89 100
2 87
49 63
21 90
131 134
15 26
42 83
93 155
49 72
110 162
88 96
12 127
113 148
48 127
157 158
116 131
114 159
0 4
7 42
107 164
102 163
86 101
24 31
25 143
8 156
13 45
16 139
34 73
57 95
2 111
14 65
159 163
72 78
124 129
58 93
70 132
56 111
39 73
46 143
43 93
96 125
90 147
15 54
53 63
14 150
82 104
6 143
19 127
76 113
129 134
111 161
102 123
47 50
17 92
93 126
29 99
68 136
35 65
113 132
82 165
44 82
32 122
50 62
51 65
49 160
25 55
6 154
10 123
49 146
141 164
98 134
4 46
35 137
54 129
113 139
19 112
69 139
73 127
94 131
75 158
119 133
22 154
117 122
115 129
0 136
33 127
121 150
35 45
15 45
79 113
48 141
57 155
31 86
48 144
123 131
42 100
48 93
38 43
80 106
26 148
54 109
19 89
63 165
79 115
0 98
63 129
68 147
41 51
69 137
33 117
76 157
23 56
47 65
24 106
41 78
93 130
42 108
41 87
67 93
5 134
78 105
109 111
23 154
19 91
11 15
25 58
61 89
2 105
69 134
68 116
13 91
74 118
31 85
92 154
14 162
29 44
57 131
32 164
45 96
4 144
33 82
19 164
104 158
18 157
6 72
4 50
7 62
17 143
2 156
82 97
15 76
48 117
52 94
91 152
74 82
57 165
60 139
113 144
64 69
121 137
69 71
97 140
7 150
141 147
79 150
7 131
18 67
111 116
63 138
44 116
3 149
63 140
67 108
118 139
76 100
88 148
78 126
69 108
17 135
24 40
77 151
25 77
0 160
24 118
133 161
81 165
7 11
92 99
25 39
25 75
34 149
71 144
100 160
74 129
73 137
15 112
73 140
11 57
38 165
97 165
46 118
156 159
143 152
41 107
7 34
10 126
93 142
65 101
46 155
89 164
105 146
21 22
32 146
94 123
56 75
135 147
52 130
0 48
16 49
40 139
66 140
43 124
81 136
101 137
1 45
17 34
37 69
159 164
18 127
41 43
0 166
65 163
73 145
4 69
1 18
7 89
65 75
20 92
5 129
67 144
4 107
52 135
134 165
42 118
26 96
77 79
84 140
22 25
90 125
90 140
22 67
13 104
27 140
83 95
90 101
34 93
40 67
25 67
33 53
1 82
24 166
84 107
35 106
27 61
36 135
124 143
19 27
30 104
62 118
21 65
26 47
70 153
56 126
62 66
68 156
110 132
115 135
148 159
5 51
51 61
77 82
65 78
17 95
3 16
83 137
38 134
134 135
31 114
91 110
23 148
10 57
83 130
16 114
67 92
8 64
74 100
5 18
65 77
20 143
40 112
29 138
21 152
84 121
80 165
27 59
1 99
67 136
47 135
25 161
23 64
16 26
17 162
100 119
35 160
24 136
87 143
116 133
106 146
50 76
54 128
87 133
9 130
67 97
87 159
137 149
37 110
75 139
77 84
1 53
144 156
10 104
69 152
152 157
30 68
83 145
53 89
65 70
149 153
82 145
29 98
60 103
2 147
77 83
97 126
34 123
31 73
65 73
78 99
24 28
138 150
110 122
27 125
53 77
70 112
23 27
10 160
59 81
38 118
9 81
15 97
30 137
8 122
128 131
145 147
26 72
50 63
33 68
65 165
93 108
106 122
26 117
41 118
2 39
76 83
22 157
53 68
76 132
0 152
21 164
58 148
85 143
30 55
28 134
58 115
31 54
139 141
52 108
123 143
92 102
100 152
129 131
4 130
26 106
110 128
1 17
92 131
83 153
36 131
80 163
62 65
78 92
55 150
50 131
114 118
13 103
108 113
69 84
21 77
8 9
75 164
26 120
9 75
4 62
17 28
76 109
84 85
70 149
44 146
18 54
49 139
59 78
72 152
26 164
38 96
63 84
95 96
37 158
23 33
44 162
85 119
98 154
14 165
27 105
35 54
7 122
110 150
38 64
96 121
50 78
78 134
7 142
52 59
36 157
84 96
21 29
84 156
78 149
84 165
51 111
26 118
76 156
92 125
2 41
57 161
19 150
8 46
133 136
15 51
98 147
9 96
4 14
19 107
18 140
14 157
133 156
35 113
66 106
81 155
78 103
86 91
34 48
63 163
30 114
63 70
116 152
39 81
7 64
13 41
114 155
45 89
2 90
15 24
18 120
92 123
77 107
64 143
3 53
50 150
3 139
11 126
24 30
35 81
11 19
72 80
8 19
57 130
66 93
86 94
75 152
83 104
27 161
22 95
66 162
55 95
41 163
32 152
130 141
88 161
95 145
21 81
31 34
5 53
23 72
96 131
121 146
24 79
46 111
71 106
96 118
106 119
16 78
2 6
41 65
4 32
31 62
45 148
19 132
21 132
34 165
8 51
134 154
13 126
125 154
36 61
49 155
62 138
89 165
11 32
17 68
113 147
28 124
4 156
24 37
146 166
27 147
59 127
29 79
144 164
41 150
45 130
0 13
35 68
57 66
44 50
105 147
53 101
27 111
5 82
50 148
77 135
93 157
20 124
82 153
60 120
100 123
52 134
3 32
0 150
65 150
6 59
64 79
106 152
5 143
38 92
118 127
108 130
144 154
52 91
94 97
8 57
56 71
25 37
155 165
86 119
64 120
92 115
126 127
70 154
79 148
30 33
39 88
14 87
49 165
63 91
26 154
60 150
15 58
3 157
13 156
128 129
51 138
4 29
49 114
62 110
110 129
56 124
23 24
45 147
122 153
28 119
28 59
37 166
13 25
30 149
20 39
61 72
19 30
1 91
41 146
48 81
101 138
113 135
100 151
27 154
113 140
26 127
1 121
55 69
117 125
41 76
10 89
22 53
84 86
27 78
18 135
23 107
91 133
28 63
107 126
56 103
28 115
3 34
76 120
83 121
56 59
19 95
16 68
81 151
49 121
80 137
99 120
19 101
42 105
82 124
23 69
55 151
24 141
72 115
66 132
27 80
14 31
5 52
38 161
85 105
41 144
4 42
16 116
9 135
66 142
131 147
90 123
19 69
75 159
66 86
143 154
30 106
28 141
104 161
117 137
79 88
74 142
21 66
16 146
1 74
38 130
48 73
61 73
31 147
18 164
58 81
57 72
24 120
12 142
93 158
47 120
37 54
34 41
3 82
127 160
134 147
3 23
68 141
42 158
20 142
23 143
7 106
27 71
71 131
22 83
94 149
104 137
75 82
101 105
70 157
29 34
8 74
106 120
63 112
30 83
151 161
72 145
119 165
120 142
50 164
99 122
0 22
94 160
12 85
23 55
19 166
27 51
24 115
12 46
39 106
20 67
34 164
71 112
38 65
3 31
95 100
137 164
54 155
14 126
36 96
3 45
122 124
113 127
110 137
77 144
43 105
63 120
34 94
13 93
30 166
108 166
23 42
46 58
9 118
43 98
6 39
52 97
87 111
85 164
22 137
74 109
37 119
110 133
35 40
13 72
39 125
21 92
12 40
14 36
65 138
67 117
94 145
152 158
64 147
52 62
120 144
2 56
68 87
46 163
17 62
114 136
6 142
59 115
35 161
2 27
57 110
12 148
89 139
85 123
17 145
55 166
83 113
94 120
31 68
142 153
39 83
52 63
46 64
26 141
47 144
60 72
30 111
128 163
92 93
151 156
12 119
13 94
47 89
121 152
4 90
55 82
58 144
23 52
67 96
109 119
31 131
87 141
12 153
42 104
72 93
145 154
86 102
98 128
16 137
116 155
39 85
8 152
43 146
54 156
22 126
42 107
153 165
91 164
75 93
71 159
120 129
78 104
42 145
86 139
62 141
59 121
50 96
17 79
68 107
29 137
40 46
9 33
44 160
7 160
20 156
3 166
19 133
5 126
27 159
7 94
38 158
85 107
7 93
118 121
69 122
80 109
3 133
102 115
105 122
50 138
34 139
68 95
12 67
6 98
91 128
54 88
78 111
13 115
112 137
13 136
53 159
88 157
33 81
27 166
41 121
38 78
6 131
111 165
92 121
18 82
65 112
24 81
66 83
99 107
91 121
16 92
23 40
62 64
31 77
85 141
12 110
93 162
35 42
45 50
86 97
64 107
50 166
65 131
25 36
116 149
77 146
2 142
26 51
46 96
18 55
49 86
115 155
13 147
48 53
17 111
62 69
50 113
8 58
80 90
74 162
66 127
137 162
54 64
81 111
83 85
81 140
28 85
91 92
28 148
91 141
59 133
8 97
44 114
5 62
5 103
43 140
7 127
91 103
5 165
44 89
20 42
99 126
69 123
18 49
83 92
117 162
100 109
76 142
45 111
91 157
51 55
44 125
82 91
41 115
116 145
103 147
47 159
88 90
42 53
36 129
86 88
4 109
43 152
45 61
16 31
92 153
66 153
27 69
34 100
50 66
157 164
10 47
143 148
70 162
25 154
19 158
12 112
34 101
19 122
4 102
21 67
80 164
72 119
20 105
84 126
60 76
28 120
24 157
13 151
126 130
16 105
6 110
47 49
62 67
26 92
30 126
136 152
118 151
33 129
47 129
101 118
10 63
0 88
23 147
15 158
68 101
47 56
40 161
24 86
4 121
94 98
148 158
71 132
0 33
51 123
83 110
4 58
62 108
151 166
83 158
123 145
8 98
19 71
86 99
98 141
118 144
68 134
8 53
17 60
43 78
28 76
16 51
123 129
13 114
61 99
37 142
57 100
7 161
18 76
28 87
67 130
101 113
119 136
41 109
21 105
86 116
27 33
29 68
29 125
56 133
25 121
6 64
0 108
22 135
28 117
40 49
61 137
46 106
6 81
26 104
21 126
112 150
39 48
80 149
96 122
90 99
31 123
13 83
77 104
57 92
17 55
40 95
23 80
113 138
54 123
96 144
68 86
53 57
13 27
46 136
109 140
117 144
76 110
4 96
11 21
70 163
44 150
13 38
36 49
62 129
97 136
12 125
19 86
37 75
10 39
57 105
44 104
32 41
56 143
93 135
7 114
68 114
10 97
76 119
63 72
31 56
10 72
35 135
47 69
27 148
150 151
48 132
5 135
2 24
44 48
79 123
32 153
134 138
65 147
57 84
36 154
61 119
34 62
26 108
30 47
79 139
9 149
90 109
68 94
38 67
45 109
65 139
40 109
119 153
122 151
136 158
0 121
20 118
10 115
17 74
42 52
6 24
104 125
27 118
72 129
2 135
99 141
38 73
58 100
50 156
75 142
70 155
56 113
61 164
103 130
14 144
36 107
11 29
69 150
126 163
69 129
3 25
98 130
53 157
34 160
96 120
75 131
12 136
1 136
68 120
97 134
16 141
0 70
30 112
0 57
54 154
16 29
15 41
80 86
23 101
63 65
105 121
6 22
24 41
31 47
20 40
8 143
60 127
45 47
59 141
17 103
56 116
48 125
53 113
5 81
38 79
6 44
97 149
10 108
78 89
27 62
95 152
107 162
49 100
92 146
35 43
60 74
21 145
81 112
22 145
32 49
111 115
47 147
97 108
19 131
82 85
33 118
117 129
117 130
20 49
38 139
36 93
52 155
12 83
24 103
23 76
35 44
103 162
110 166
2 93
56 89
59 137
131 163
2 21
49 136
35 92
142 164
23 105
35 78
62 94
94 152
99 161
73 159
75 154
10 135
8 44
62 71
17 126
42 143
23 47
124 166
69 133
26 110
21 144
87 98
22 75
57 80
55 127
3 104
5 50
46 81
71 130
18 31
105 111
17 83
159 161
27 149
1 156
21 163
80 157
58 121
15 61
24 45
90 106
111 135
91 101
69 80
113 145
22 150
60 133
116 120
28 36
43 154
72 133
5 130
96 134
12 41
95 109
6 113
107 118
116 129
26 129
134 151
107 112
73 163
57 157
23 145
62 136
27 130
107 155
12 165
92 108
50 104
77 92
50 86
113 158
113 123
14 136
16 53
15 144
116 134
21 31
108 142
76 78
30 121
7 103
136 149
99 155
8 100
109 137
126 151
43 62
14 161
34 70
29 122
61 139
18 29
125 153
29 90
24 140
138 139
48 146
45 126
58 62
22 54
71 108
16 60
68 110
12 30
54 97
116 138
8 103
23 150
74 84
11 96
17 52
121 135
28 33
3 81
74 151
64 127
53 66
71 97
31 67
59 132
55 111
23 165
5 156
33 90
37 40
13 88
119 123
27 139
59 156
30 138
51 162
11 48
10 149
59 95
2 164
32 86
38 84
28 89
61 97
9 85
138 142
23 139
11 127
43 81
9 41
8 27
37 58
78 86
20 121
20 111
33 148
108 134
13 58
53 92
87 125
97 166
74 161
111 150
45 136
144 150
60 81
48 59
138 151
94 139
7 115
57 145
85 101
18 141
30 156
48 155
102 139
59 136
60 100
95 120
78 125
5 89
34 86
4 48
63 92
59 97
9 115
49 108
92 147
9 103
16 46
77 128
25 35
77 143
12 108
55 133
41 152
149 154
35 37
74 90
32 117
30 94
77 112
128 130
78 161
73 90
93 152
45 105
48 148
5 117
69 153
85 152
0 76
80 113
143 144
114 163
74 110
77 78
101 124
1 139
42 134
24 113
32 93
14 17
30 44
61 147
73 166
92 160
38 137
30 115
25 60
35 149
22 164
87 154
6 112
15 28
108 139
75 162
45 118
100 159
16 75
81 93
115 166
111 139
102 165
8 38
108 125
142 159
73 143
33 116
39 98
157 161
90 137
37 114
45 54
112 161
1 88
76 133
71 165
90 162
45 79
11 86
7 50
16 89
28 58
61 82
15 74
116 124
3 138
65 132
46 93
120 155
109 155
72 121
124 136
16 24
14 102
58 129
63 125
43 64
131 138
32 52
70 147
52 112
44 148
40 91
8 117
110 152
50 93
99 115
95 158
86 150
109 138
1 114
76 128
110 113
91 106
2 50
9 31
27 86
137 150
83 120
80 95
126 129
81 115
102 108
15 18
10 65
54 139
1 20
126 164
3 148
107 157
21 156
42 146
51 81
31 134
30 49
34 98
32 65
135 159
81 98
36 80
57 89
30 130
17 65
59 113
21 43
36 78
45 158
81 148
75 137
93 146
0 30
100 105
96 129
42 95
121 142
73 93
123 125
47 112
18 105
3 68
104 112
51 163
60 138
54 70
29 123
108 145
17 161
87 166
86 111
117 150
127 165
141 161
63 124
115 125
2 75
63 77
16 64
49 99
61 141
33 37
36 140
88 99
37 162
0 145
82 105
10 118
95 108
48 145
8 62
34 36
45 156
50 60
101 132
67 88
35 124
59 106
4 162
108 129
47 54
124 147
18 139
49 58
76 161
66 154
33 146
109 153
49 95
42 110
103 120
15 140
1 60
14 45
94 113
54 121
9 127
24 77
71 129
23 31
141 145
45 97
156 165
26 43
111 155
12 107
62 131
126 145
45 67
58 139
88 89
11 50
160 164
44 98
9 125
28 80
36 160
24 74
10 75
10 33
85 146
46 77
43 68
97 138
123 132
62 122
14 137
0 63
43 91
99 162
14 20
29 144
86 106
59 67
69 104
114 143
76 134
67 72
1 96
16 73
61 157
90 164
31 61
5 108
18 165
18 88
0 106
16 149
23 25
18 45
7 147
75 150
50 102
47 151
29 52
25 32
62 142
39 166
113 119
5 19
12 151
3 150
143 161
16 23
4 91
61 66
67 75
71 116
1 154
94 108
2 129
25 97
122 123
114 142
13 102
1 118
92 155
1 5
11 146
11 69
19 65
137 157
40 75
15 40
122 147
64 126
23 120
149 150
10 145
38 59
106 151
15 44
27 40
4 103
100 148
46 120
35 86
28 123
40 56
14 124
10 68
76 127
15 42
46 104
59 98
18 44
91 166
70 73
99 135
3 107
46 55
86 129
48 51
5 96
54 68
104 142
29 33
100 124
54 81
5 118
76 105
6 11
81 117
57 159
14 96
77 105
3 114
74 119
68 140
48 154
4 152
93 153
21 24
12 50
3 116
13 131
84 106
9 159
78 123
70 136
26 135
87 106
147 164
74 80
1 134
4 118
122 139
52 156
42 138
65 74
20 128
60 143
79 124
26 122
28 153
11 102
6 159
74 112
4 129
91 148
43 130
99 140
82 84
131 146
10 86
59 72
78 87
28 142
33 145
9 51
42 72
80 147
109 163
7 158
64 138
26 38
71 135
10 77
19 125
59 151
63 93
67 98
8 87
0 64
125 147
30 40
84 117
33 77
51 92
138 158
50 118
33 69
93 161
34 166
53 105
8 109
135 155
53 112
28 79
82 129
26 64
8 54
3 24
37 157
29 84
47 131
16 67
37 99
141 159
9 73
83 150
36 66
21 74
118 166
94 112
122 127
12 160
12 121
52 111
20 63
30 31
140 153
35 151
54 80
13 99
4 36
25 155
32 141
32 124
42 56
17 100
36 104
24 119
12 58
33 125
38 88
24 36
57 128
131 144
73 125
129 163
51 150
5 149
8 14
17 46
12 84
51 128
116 165
107 115
38 95
77 137
93 148
133 134
2 70
117 121
69 124
29 87
118 130
71 124
92 104
41 114
136 164
40 84
104 138
88 151
12 26
70 78
110 158
28 67
20 148
33 140
28 31
68 92
7 17
56 164
74 117
32 45
3 96
48 80
39 80
3 131
53 165
1 78
80 153
46 162
10 154
97 106
48 165
65 109
5 35
131 139
8 125
49 142
26 121
95 128
38 122
66 124
37 108
62 139
60 135
4 112
33 78
37 123
49 65
1 125
47 80
107 147
73 146
21 147
104 130
65 67
23 58
8 134
123 159
95 142
31 108
62 82
110 126
30 37
2 80
14 76
77 165
43 122
135 151
22 99
103 105
71 149
53 166
28 107
49 82
21 57
20 48
105 145
39 76
29 31
37 103
0 123
121 155
121 163
4 82
61 162
47 157
4 141
81 144
145 152
72 165
18 68
80 156
145 148
5 66
139 147
75 144
130 155
40 158
71 120
8 92
101 136
34 81
68 127
35 47
37 96
124 127
32 162
88 143
105 157
85 144
7 74
97 162
3 95
52 142
2 143
15 31
25 47
110 163
19 53
104 148
26 165
30 163
95 148
55 96
32 147
64 81
16 166
54 131
5 111
40 145
133 160
5 91
14 160
34 144
19 73
2 34
102 161
136 140
5 138
4 88
74 165
90 158
51 112
80 138
116 161
53 140
96 128
85 159
46 91
35 75
63 106
19 109
47 125
155 164
92 127
17 78
41 137
108 114
71 122
73 76
38 156
36 155
90 139
11 39
65 85
16 155
116 148
0 86
104 108
65 84
120 157
16 118
61 153
49 126
151 160
27 88
115 134
77 162
116 153
91 131
22 149
0 110
41 141
31 53
29 103
128 141
43 48
89 153
72 86
105 158
59 119
23 98
16 70
6 119
110 142
52 131
78 142
7 67
135 142
142 152
63 110
83 99
74 154
89 163
49 143
71 111
1 58
70 128
17 72
87 146
42 119
55 83
113 161
14 50
34 115
4 55
78 141
154 163
49 134
101 134
30 157
20 145
16 157
4 7
67 102
42 165
9 54
17 125
32 119
59 89
157 160
79 160
81 157
83 117
39 56
75 90
25 147
23 102
24 68
71 80
64 71
1 33
129 166
7 58
83 128
19 113
138 149
101 126
13 17
63 132
117 161
59 76
138 156
21 155
48 147
55 67
43 121
42 96
7 38
79 98
132 146
31 118
44 94
124 138
34 131
30 141
2 165
58 112
52 161
6 33
52 157
106 163
43 108
98 140
80 87
52 152
40 55
50 87
126 147
44 131
4 73
43 110
94 96
96 156
26 32
61 146
59 75
62 151
9 86
40 69
38 47
80 98
25 93
27 94
43 49
120 141
116 154
105 139
43 65
2 122
50 56
88 119
25 132
77 141
19 35
25 140
34 67
95 140
77 164
76 137
12 19
22 147
40 76
42 117
86 146
67 135
9 67
29 108
16 65
37 43
56 136
87 161
64 77
26 124
37 112
18 131
51 154
53 79
132 139
125 160
18 101
0 82
50 59
51 71
19 37
148 157
36 67
127 156
3 154
67 128
18 30
85 155
136 163
87 91
17 117
22 55
111 143
47 99
13 75
76 82
110 123
25 34
65 145
102 134
33 74
59 114
81 87
0 35
34 97
17 105
9 136
114 129
2 67
13 163
11 71
103 148
11 133
24 151
6 71
92 110
84 100
35 64
122 131
142 163
2 134
27 152
140 154
61 115
15 151
68 108
125 128
59 85
31 109
72 122
54 118
62 104
73 161
100 120
121 166
72 89
54 112
54 124
118 161
8 21
99 137
59 154
115 128
25 57
36 119
70 118
3 6
29 156
2 125
63 79
79 129
25 128
31 141
104 131
97 137
20 150
57 88
41 80
60 155
17 96
13 159
50 117
49 93
19 80
70 164
11 152
93 124
103 137
58 82
142 143
22 60
88 149
34 69
35 148
8 161
47 133
82 136
55 102
102 166
22 26
132 147
37 164
3 80
24 109
59 166
108 132
36 126
12 140
7 162
22 131
11 24
106 107
2 154
16 74
63 142
32 47
56 100
11 60
15 152
10 156
43 162
58 134
27 127
91 155
98 157
84 128
35 116
22 146
67 118
23 149
153 164
43 44
44 51
19 88
133 149
161 163
35 71
62 109
102 113
69 98
67 69
105 159
0 15
25 79
50 80
74 163
99 127
72 160
55 158
1 59
4 49
140 165
66 77
102 162
51 102
139 146
65 104
59 138
80 100
44 59
58 99
103 150
30 134
90 104
70 116
108 152
27 30
67 84
21 123
81 133
72 107
137 155
27 160
1 63
52 92
125 163
10 64
144 146
10 51
25 107
74 123
40 103
16 79
53 70
14 29
12 76
40 111
137 148
45 157
49 119
98 119
20 136
54 125
15 106
101 164
3 111
13 43
59 147
12 18
20 57
124 161
90 114
21 32
51 141
51 127
47 57
71 82
31 138
83 139
119 140
29 86
31 143
145 160
19 144
12 49
55 75
99 128
33 34
12 27
38 114
70 139
10 28
105 156
49 140
5 8
9 40
47 114
20 103
3 130
34 80
4 159
97 148
36 127
15 21
49 80
17 134
61 102
14 123
58 116
84 160
112 159
14 82
52 143
17 114
20 73
35 49
6 34
128 138
117 135
13 50
75 111
40 52
86 112
60 132
17 59
11 84
33 35
114 121
34 127
83 91
91 98
34 142
71 154
131 150
18 153
73 112
138 155
24 98
75 121
130 157
80 131
14 15
39 113
57 59
77 125
34 54
39 152
9 131
58 142
105 125
139 162
139 156
18 100
26 30
59 118
21 30
124 145
157 166
13 128
47 109
28 133
73 154
25 133
40 121
127 130
17 158
132 164
3 64
52 122
55 156
13 165
124 128
23 156
97 118
97 115
72 150
19 41
6 18
50 152
100 106
25 26
114 148
129 143
104 134
21 53
69 156
49 51
89 152
39 82
7 85
0 147
13 135
27 117
99 145
44 70
82 156
113 149
99 131
52 88
16 42
30 79
132 141
73 132
18 134
107 113
126 135
143 163
30 95
47 61
72 106
103 163
34 58
15 92
20 154
54 159
50 85
51 85
0 149
109 162
7 165
97 110
98 113
47 60
0 114
53 60
75 116
10 131
54 150
61 113
98 137
48 102
44 97
60 82
18 78
119 152
21 27
59 96
77 134
132 149
36 50
19 98
10 110
128 135
67 107
34 89
49 148
48 139
73 135
69 126
39 59
111 140
12 95
18 33
54 62
84 124
31 115
27 41
79 135
121 124
68 105
103 140
4 28
123 150
76 112
41 123
27 163
0 50
2 166
94 138
4 16
33 150
69 101
9 161
145 157
68 121
80 145
105 164
90 105
14 154
47 77
62 121
8 30
116 135
2 144
68 146
22 118
60 125
68 79
31 38
5 90
59 77
126 132
72 157
61 111
36 139
28 163
63 158
12 93
110 121
147 155
119 150
30 101
47 97
26 63
7 36
142 154
34 112
47 72
28 109
139 140
85 117
41 96
5 162
45 57
119 159
132 137
15 32
137 143
139 164
61 101
51 159
17 23
14 71
40 133
74 153
42 150
72 102
38 154
40 166
141 162
36 108
6 15
51 113
75 126
4 116
0 146
52 74
78 107
11 144
68 96
36 58
134 158
38 39
28 145
16 83
104 154
69 85
139 149
20 133
77 159
65 120
20 114
111 142
18 48
7 133
14 16
84 127
19 110
2 35
2 95
40 102
21 122
73 126
7 72
38 69
48 82
6 42
77 158
107 121
19 56
14 140
6 111
99 123
61 126
107 139
29 149
110 148
30 93
67 105
32 139
20 120
62 98
88 146
37 45
55 121
6 130
60 109
0 72
20 155
109 120
45 55
21 26
146 160
11 68
30 62
10 55
130 131
27 70
80 93
155 166
39 160
35 84
9 132
27 133
80 141
32 107
84 144
115 150
66 131
81 107
105 124
79 89
57 143
50 101
88 160
13 146
43 87
11 16
106 140
5 146
78 164
23 116
82 133
106 126
40 131
65 122
101 111
107 146
107 160
51 160
12 164
114 117
90 113
115 144
77 149
115 127
148 165
23 121
124 149
23 34
15 62
5 124
22 65
25 92
56 160
27 108
43 160
74 94
40 78
20 162
28 158
28 126
33 165
92 134
33 72
96 149
76 136
138 148
57 146
9 76
61 145
140 160
11 142
28 110
97 161
2 53
36 88
93 119
87 139
81 156
81 139
69 90
97 157
81 163
36 81
112 151
74 93
19 128
0 12
30 144
35 41
55 135
93 120
91 163
19 44
27 72
70 101
41 90
76 154
43 120
34 147
10 120
23 108
3 61
40 137
105 149
131 143
67 124
61 69
5 155
4 34
1 165
65 105
102 144
69 113
111 147
0 66
73 134
136 155
57 125
142 148
22 138
39 115
102 136
7 137
50 162
81 116
54 127
92 101
94 110
62 79
88 126
137 146
31 116
7 134
29 130
48 123
6 88
114 149
18 77
17 127
128 137
33 153
44 113
23 51
51 97
116 144
42 63
1 13
125 145
78 101
57 64
58 122
94 140
85 138
96 152
28 129
71 141
131 145
15 105
57 112
139 145
51 139
90 127
0 119
112 116
82 89
51 137
67 152
17 86
6 68
30 136
30 63
71 127
50 107
44 78
35 156
93 149
14 39
138 143
37 124
147 166
79 165
1 161
126 133
17 94
19 145
37 59
66 152
13 121
28 137
72 76
36 151
62 95
61 75
7 91
100 147
19 146
13 160
2 38
119 160
60 123
32 140
23 66
94 165
7 23
110 160
45 164
4 160
43 56
118 149
61 144
44 52
86 126
23 129
13 134
87 112
57 139
129 160
79 108
23 84
12 162
56 57
32 158
102 137
34 107
4 33
10 153
23 131
25 48
22 107
50 89
0 60
19 64
45 155
92 138
34 84
90 159
60 64
90 103
49 104
5 13
98 127
121 141
5 60
55 116
79 142
77 89
44 117
82 87
29 41
142 149
2 81
85 136
18 39
14 21
12 98
1 29
23 159
26 70
1 44
1 64
83 90
54 82
48 137
54 149
23 110
20 64
43 143
53 73
82 143
32 67
30 54
84 158
75 147
16 152
101 121
42 64
5 22
33 39
52 78
9 94
42 148
71 143
58 70
17 36
61 81
94 133
85 98
84 148
124 153
7 22
101 158
106 111
6 82
7 123
69 145
11 49
53 76
66 71
18 40
88 110
104 117
39 90
41 82
27 150
97 151
35 114
29 69
10 82
118 147
31 153
48 85
48 65
155 163
58 90
55 146
9 157
29 77
85 110
156 161
0 20
23 135
69 128
7 61
79 137
115 120
44 159
2 60
129 138
28 40
34 63
46 61
33 62
95 112
117 141
38 140
104 118
35 129
38 135
58 119
76 91
109 122
88 159
54 87
53 62
46 116
0 9
89 146
19 29
5 68
20 31
58 152
73 151
22 148
28 38
18 85
68 148
29 60
27 76
61 161
33 65
85 135
38 115
8 31
15 25
67 138
52 164
19 26
25 86
79 102
26 49
120 149
65 94
127 164
70 111
21 158
4 155
22 58
98 146
22 116
44 118
47 100
66 133
74 130
43 153
22 80
27 99
36 111
38 112
60 106
118 162
8 129
28 84
34 137
17 44
11 107
41 64
109 160
60 159
33 48
52 70
61 62
5 94
22 134
13 52
30 87
121 130
21 111
126 160
18 109
64 70
53 126
6 126
15 150
37 128
42 75
0 26
35 138
43 54
135 163
81 146
121 164
41 140
109 133
35 102
91 138
6 32
50 67
118 146
163 166
102 120
162 163
2 104
109 132
11 121
13 129
3 14
31 149
10 164
14 94
100 122
30 107
6 97
81 150
59 86
153 155
37 133
20 106
34 53
82 108
25 110
58 149
34 37
107 152
41 47
28 114
14 54
93 103
10 124
69 143
82 147
15 98
51 118
2 19
79 140
99 147
105 162
24 142
36 89
36 99
69 77
44 145
38 80
52 141
115 132
1 25
86 118
66 144
146 152
7 51
25 146
38 98
24 123
162 165
0 1
101 106
88 154
60 62
29 38
75 138
95 116
77 130
78 156
41 134
27 155
31 95
37 67
125 144
70 150
26 131
22 78
16 41
105 154
101 120
104 121
5 144
20 159
59 92
83 146
56 73
60 79
8 47
43 131
31 129
3 93
38 60
11 46
103 145
47 113
131 159
43 126
80 102
55 128
39 151
60 116
4 11
6 13
23 109
130 147
87 162
140 162
1 129
19 39
46 110
12 81
129 145
88 106
76 79
100 131
5 154
100 115
61 133
65 72
6 122
73 82
50 109
12 91
57 120
110 138
26 98
56 123
39 142
27 136
62 112
78 143
89 133
5 30
51 101
39 87
94 100
9 77
118 142
57 114
67 116
58 104
50 74
20 35
32 71
33 163
60 80
67 104
13 113
42 112
115 142
7 155
4 143
132 160
30 140
69 144
44 105
147 153
40 155
3 4
39 120
2 86
77 147
99 136
47 122
73 95
110 156
79 133
44 63
68 137
26 75
55 90
36 83
95 165
43 151
95 143
143 157
47 123
80 120
16 54
52 80
16 28
63 99
14 69
73 108
62 156
18 41
73 75
15 128
14 95
42 152
67 95
98 103
50 116
43 100
87 105
16 66
56 104
41 136
52 68
55 89
20 132
86 165
22 96
96 163
18 75
0 148
111 133
94 159
148 164
82 162
69 130
95 117
0 34
108 150
11 95
30 46
98 111
7 31
52 102
88 125
92 117
36 123
44 153
8 138
12 94
61 165
45 116
4 75
146 153
2 98
56 110
29 132
26 126
81 130
117 120
22 156
45 100
56 120
39 114
45 90
133 141
82 115
12 104
132 162
52 65
56 70
89 112
64 94
3 83
67 122
10 121
145 162
127 134
42 140
44 74
28 164
75 146
13 95
47 146
93 154
84 163
23 99
71 123
42 116
48 166
92 140
12 57
16 164
90 150
64 106
11 103
3 113
28 45
18 24
53 145
66 150
25 135
78 110
100 126
66 129
54 140
13 124
122 129
14 67
39 163
55 139
47 81
72 105
43 103
84 151
1 157
68 76
110 149
48 142
15 165
20 55
35 93
123 147
106 125
25 29
20 88
45 76
39 121
126 162
96 165
12 96
57 82
9 28
80 136
33 55
6 105
16 95
60 161
34 91
52 128
120 159
57 90
90 145
5 29
0 91
43 53
112 132
17 84
57 164
75 119
24 58
15 164
31 44
34 78
40 72
75 148
94 115
53 108
23 48
85 128
94 130
125 152
95 146
18 64
24 110
123 156
6 73
70 75
11 114
18 56
129 151
15 47
145 146
95 166
0 78
73 144
5 84
22 69
94 103
83 162
43 71
3 161
2 108
65 100
35 70
41 105
105 110
54 148
12 143
78 162
74 83
23 86
34 46
14 145
2 16
85 114
105 106
152 154
56 157
14 153
13 20
9 121
68 161
46 72
14 147
33 108
72 143
143 159
102 131
72 161
149 164
31 60
28 112
93 122
82 86
38 142
97 160
115 165
29 95
49 75
46 119
53 141
27 47
45 114
21 106
75 161
19 38
0 28
69 112
88 140
1 38
120 135
19 28
70 143
163 165
16 63
3 67
18 151
71 74
100 102
44 166
47 116
28 46
87 145
101 148
30 148
8 158
120 151
18 98
103 109
7 47
150 166
72 131
51 86
1 140
3 42
27 81
6 139
17 54
41 84
60 129
52 84
130 132
19 61
7 63
31 96
39 43
5 104
50 137
96 97
59 117
40 120
44 46
2 82
49 97
12 130
30 143
129 161
53 133
46 112
29 158
44 152
26 39
71 86
49 61
0 163
22 119
2 145
8 16
50 147
0 6
16 55
115 123
76 126
2 72
122 159
82 111
107 110
59 65
50 108
70 165
14 108
31 72
39 102
67 106
96 140
51 72
21 127
83 87
82 102
13 60
8 43
6 10
32 81
6 57
160 166
35 155
99 105
57 151
56 139
100 113
73 74
44 110
38 55
77 155
70 130
103 112
73 80
61 120
101 145
116 128
136 144
78 79
97 133
150 162
22 82
46 49
38 107
57 70
3 17
77 123
42 130
150 164
46 127
75 156
42 113
36 53
78 118
107 114
79 163
1 42
66 158
97 158
101 110
138 164
54 143
0 117
39 66
81 86
92 98
79 125
57 96
13 85
62 130
70 86
114 164
132 166
11 123
94 157
131 165
105 150
73 124
25 123
81 142
18 116
8 151
49 101
15 50
47 152
100 146
24 78
60 102
50 165
45 71
34 96
63 162
0 36
21 138
46 73
108 137
21 98
50 91
20 81
78 160
112 121
0 42
9 158
7 52
9 74
131 140
10 166
14 121
59 130
12 75
17 48
86 147
117 143
31 106
2 33
48 56
33 42
5 132
139 155
89 154
16 72
133 143
15 107
109 141
18 152
3 109
11 119
33 166
89 102
50 154
6 62
145 149
40 101
142 150
1 49
28 150
42 46
23 160
46 148
16 151
114 147
19 33
1 26
53 158
25 149
17 99
102 117
19 57
18 37
110 119
14 111
85 122
23 92
42 137
5 150
68 123
101 162
95 136
4 80
37 71
83 164
103 165
66 146
27 164
69 105
14 61
0 109
67 79
55 130
17 63
39 164
132 153
107 142
37 70
84 146
84 89
38 151
111 121
5 32
32 38
81 85
26 34
74 102
44 77
32 115
3 76
94 150
56 102
45 52
27 145
74 95
132 140
60 66
69 83
113 134
16 33
64 101
52 120
50 144
40 99
41 154
6 128
15 86
129 136
109 151
81 122
6 69
20 84
134 148
23 83
30 113
92 148
21 161
57 98
91 144
65 158
48 67
13 53
9 91
103 115
46 100
10 85
27 96
91 114
118 163
14 40
49 116
28 96
83 154
66 108
128 157
112 144
26 58
52 125
65 148
87 151
31 155
17 87
16 142
78 122
26 80
12 34
66 145
38 109
110 127
68 162
121 153
101 103
11 75
32 79
20 38
80 123
15 77
11 22
14 89
99 158
11 122
23 152
13 68
68 73
43 77
61 134
37 148
88 95
42 102
89 148
17 120
69 106
89 145
77 93
102 118
136 166
99 106
101 125
17 49
45 72
49 124
5 98
73 133
45 110
64 118
46 103
76 93
16 47
66 165
16 148
90 133
29 128
117 134
104 114
48 75
94 134
134 137
123 124
58 88
125 136
4 84
36 146
91 156
32 114
2 25
32 39
78 117
4 23
58 145
12 89
44 84
37 159
41 127
39 42
54 74
29 51
50 94
72 164
29 134
115 119
4 145
94 102
155 158
138 147
11 163
35 134
32 88
78 124
65 80
22 142
33 156
83 96
32 75
121 161
34 40
87 97
11 147
75 141
17 150
18 74
117 140
79 145
87 116
86 104
108 109
44 154
33 67
64 156
56 106
146 164
119 143
47 59
2 100
76 146
76 152
130 165
58 125
108 128
53 97
30 74
42 129
31 45
85 154
99 101
60 92
3 135
16 82
10 66
59 129
7 109
20 44
75 92
38 128
20 60
22 97
102 143
64 80
52 163
2 76
40 106
161 165
81 97
57 126
58 136
68 85
72 151
7 83
46 142
40 83
133 142
35 104
33 38
1 155
140 149
55 93
18 59
6 124
50 136
65 83
76 106
2 49
55 62
85 137
75 102
9 153
12 24
73 88
3 127
56 121
102 151
4 38
4 95
152 155
86 123
29 39
2 13
24 26
29 61
106 139
39 133
10 69
114 132
6 37
82 112
23 100
37 95
2 3
106 147
50 69
12 147
40 157
2 152
0 25
16 135
2 18
140 143
140 146
53 125
7 66
13 26
62 124
5 166
105 152
40 86
64 108
61 65
48 89
6 91
12 126
22 123
22 152
12 131
131 158
51 59
104 123
4 111
81 104
29 85
45 75
94 109
124 141
36 82
24 155
6 166
36 100
26 162
27 77
7 13
66 89
92 165
70 127
27 135
132 159
52 162
97 141
6 129
1 22
18 166
34 126
21 119
92 161
82 126
68 155
87 96
2 160
122 146
95 119
118 133
70 158
25 141
63 133
66 138
68 88
128 139
50 61
41 99
6 121
33 56
76 107
102 149
54 65
25 76
7 143
3 59
148 156
34 129
105 140
113 164
1 142
75 143
94 164
54 116
25 165
58 124
27 57
47 107
72 153
27 146
53 86
57 149
42 79
20 96
103 158
39 51
51 133
24 66
46 146
87 129
44 143
28 132
5 71
9 43
41 110
64 66
28 131
71 91
4 27
5 69
47 162
16 94
4 93
57 153
69 94
140 152
74 124
12 115
8 126
35 143
60 145
3 48
12 55
123 135
24 29
96 98
95 163
61 149
43 101
11 20
64 129
89 114
85 131
87 137
22 139
13 127
9 146
68 135
101 156
33 103
15 69
42 80
77 115
11 80
42 115
80 162
46 97
68 70
119 162
121 133
38 68
15 56
111 144
124 155
140 161
33 159
7 12
11 79
34 118
5 11
0 11
7 27
108 127
21 63
3 60
22 71
34 145
89 98
6 30
66 74
68 75
63 164
21 124
131 154
127 145
21 113
33 64
73 87
83 101
112 127
46 84
96 139
139 160
42 125
62 102
17 93
40 144
2 151
52 115
10 25
66 100
37 84
8 23
95 144
21 97
49 129
96 107
45 104
2 84
4 132
85 112
78 158
10 147
105 165
33 123
67 110
16 56
144 163
6 77
11 112
23 85
49 159
82 94
16 163
0 75
66 148
34 44
90 97
5 44
1 119
48 111
52 129
14 52
146 148
140 163
70 85
88 115
38 51
14 49
101 150
78 98
61 71
36 37
37 139
9 147
75 163
157 162
62 63
3 8
7 41
20 116
23 57
24 144
20 126
94 105
137 139
64 157
104 164
71 139
47 149
6 100
5 41
59 105
10 106
18 125
31 90
17 122
153 161
14 32
41 100
132 158
22 85
64 150
77 161
6 153
88 122
22 46
58 114
33 136
18 60
12 71
86 142
73 136
24 104
2 46
82 99
101 135
65 134
17 124
0 85
57 83
62 103
0 159
27 113
7 130
9 124
50 83
33 40
85 162
96 143
126 128
77 153
20 123
124 164
107 131
108 120
66 67
87 94
76 151
29 118
132 142
32 138
1 122
21 99
117 152
16 101
23 132
27 93
67 111
24 114
14 101
76 130
39 105
68 103
79 117
37 87
16 150
29 140
48 161
65 98
94 151
96 116
57 74
34 83
45 63
24 85
84 112
18 38
91 136
88 111
31 49
54 108
45 112
6 20
48 164
66 163
62 113
39 126
121 159
38 103
8 120
92 145
46 134
23 96
146 157
20 158
45 78
40 125
11 76
23 117
69 155
47 138
9 109
43 61
35 69
33 57
13 78
73 147
46 124
49 106
45 68
122 130
34 154
39 157
38 72
83 156
33 143
126 140
74 141
138 145
139 152
18 112
54 104
135 152
72 90
15 148
4 97
18 121
119 144
42 103
97 131
28 34
6 35
112 114
89 137
88 165
49 127
138 146
89 140
97 121
122 128
26 136
122 126
10 50
43 104
134 152
21 110
46 89
50 157
11 162
28 100
18 79
14 22
87 150
47 71
89 105
17 102
67 82
47 126
136 154
55 86
81 160
51 129
95 161
23 163
63 96
67 127
3 50
56 115
87 135
12 116
32 83
44 81
24 87
69 70
44 73
73 109
50 105
69 120
47 86
58 75
25 144
146 155
68 115
11 56
36 39
67 134
23 126
91 165
116 140
13 161
57 154
50 151
17 70
56 151
58 60
45 74
112 147
50 82
32 33
64 67
70 160
12 29
5 34
56 153
16 35
30 53
5 49
26 60
54 158
116 163
33 84
8 35
62 70
69 127
18 65
44 86
45 161
2 150
48 118
32 55
12 65
27 75
19 104
135 148
19 66
78 146
74 152
15 79
4 161
63 105
2 149
44 164
93 140
38 45
97 123
28 165
98 114
31 158
20 59
56 98
93 95
67 133
95 118
58 127
65 69
113 125
7 129
4 43
77 118
29 88
20 27
3 165
115 140
5 159
43 50
101 130
29 116
115 138
47 148
58 138
75 140
20 47
43 150
25 45
43 47
5 110
10 129
37 66
22 158
4 65
37 44
125 141
0 18
40 87
6 12
113 128
41 108
50 52
78 100
69 86
10 88
96 106
102 132
58 140
14 104
19 92
152 166
47 108
3 125
19 142
9 27
94 125
9 49
98 102
92 116
2 37
11 157
125 127
105 118
91 112
13 106
19 105
53 119
81 123
18 115
125 132
8 144
0 68
14 100
5 9
25 156
0 16
84 155
70 142
90 102
9 129
91 113
60 163
54 60
124 152
106 161
30 129
25 27
35 162
71 113
27 134
0 113
41 148
82 152
10 11
4 63
5 24
111 146
20 86
92 96
17 67
12 25
62 101
36 121
133 139
47 134
123 126
26 57
55 106
16 143
74 140
121 149
130 136
36 45
8 65
138 144
111 162
50 127
144 152
27 157
80 108
19 25
30 34
75 120
29 57
44 58
72 100
46 145
100 121
37 137
29 89
86 157
96 117
24 46
70 72
35 58
52 58
109 134
141 143
21 125
90 98
68 93
15 53
109 114
77 96
32 151
97 145
60 94
115 124
53 107
13 84
55 160
17 148
40 50
7 101
3 36
69 136
9 15
64 162
75 104
42 49
103 107
51 145
62 164
13 30
41 91
49 91
22 98
33 161
32 135
42 43
72 114
6 49
84 157
11 61
82 116
64 146
127 153
90 112
60 156
19 155
122 148
58 97
56 85
99 157
8 107
8 70
23 140
36 125
23 118
42 156
26 153
114 137
97 129
11 158
70 122
151 153
65 153
104 153
55 72
2 48
59 140
41 92
87 149
127 136
28 35
31 126
27 87
53 124
30 58
0 44
14 139
46 56
76 139
69 100
111 158
2 26
6 89
0 107
67 161
115 147
11 67
41 52
37 149
12 144
82 135
7 113
22 112
20 89
103 127
71 83
51 142
41 112
10 42
48 126
78 147
0 129
40 147
25 131
72 134
56 68
13 33
117 126
46 108
29 102
78 113
53 138
26 143
54 152
7 88
133 165
26 160
103 134
23 41
18 21
17 106
71 133
15 35
18 90
77 106
29 46
18 133
22 106
107 108
5 72
147 162
100 157
33 36
87 138
13 64
76 123
44 45
52 67
89 96
62 165
134 163
82 144
66 72
137 163
10 20
63 69
118 124
53 110
63 97
70 126
11 116
74 143
53 148
42 127
62 114
105 135
137 156
31 117
36 117
130 161
58 126
89 131
23 35
9 102
52 99
31 154
41 85
41 124
104 115
92 141
10 143
61 64
14 99
55 118
6 120
52 107
37 76
3 62
41 132
117 160
51 84
117 132
136 160
3 88
102 138
21 114
57 160
78 137
68 104
82 130
21 56
22 48
55 70
2 61
37 140
67 68
60 142
7 128
16 69
9 44
85 129
9 155
67 142
33 92
16 110
26 41
60 164
113 118
15 93
93 139
53 135
77 132
14 127
145 166
95 97
63 68
31 39
112 139
5 39
26 81
55 115
120 146
63 101
37 122
80 159
69 72
25 130
38 100
68 124
77 90
52 159
21 129
44 132
132 155
110 144
7 107
42 51
23 127
25 69
34 122
14 115
27 129
10 40
34 52
57 142
61 132
45 103
2 63
113 122
91 137
23 144
144 161
50 64
72 81
55 140
41 155
19 42
58 71
69 131
15 94
38 63
16 129
7 100
44 101
66 139
50 120
43 52
26 77
104 163
77 91
113 136
15 160
53 123
49 135
3 121
100 118
74 78
96 109
93 160
130 139
69 95
67 103
107 111
55 129
27 34
4 154
70 140
30 38
42 99
3 115
37 65
79 153
117 156
66 161
123 133
74 120
53 88
107 159
3 92
12 73
44 87
64 139
2 153
39 62
47 96
12 69
24 50
62 146
44 127
90 165
23 75
14 55
78 166
99 100
50 128
116 156
57 118
78 127
16 21
32 50
69 107
27 66
84 123
2 83
13 56
39 49
22 120
56 128
22 103
67 159
42 59
29 111
3 105
148 152
25 90
91 140
57 93
31 101
13 153
28 116
4 21
115 158
101 144
122 138
7 157
15 20
143 158
64 98
6 66
73 160
143 165
95 131
140 150
32 134
15 66
46 126
61 67
108 153
128 142
3 137
1 147
118 140
9 119
39 128
69 158
0 47
67 115
97 152
62 97
16 45
39 50
13 101
110 139
17 138
35 53
125 162
38 153
112 135
145 156
88 101
5 93
75 145
95 134
27 153
27 84
1 43
13 62
49 110
39 93
84 101
63 88
15 101
15 37
69 132
125 140
38 102
13 86
122 141
8 25
40 115
14 24
85 160
49 56
50 139
63 81
80 144
32 161
19 70
7 56
30 150
140 144
70 121
28 104
59 157
62 154
103 123
65 137
141 157
81 109
62 128
56 114
125 148
11 33
14 37
39 45
86 144
73 157
99 111
88 91
111 166
66 159
81 88
9 78
83 144
7 71
90 160
11 155
22 109
20 112
55 92
55 85
133 157
45 107
0 143
90 126
33 113
41 157
47 78
52 144
9 79
0 103
12 90
34 156
93 112
93 129
49 92
117 155
53 160
28 51
82 90
43 94
8 73
0 151
151 163
92 144
116 117
80 132
97 111
24 69
48 112
4 117
17 166
47 53
92 159
54 111
116 147
77 157
54 58
44 140
48 50
40 114
58 151
65 103
55 142
53 102
31 107
71 84
6 87
53 134
102 160
51 68
81 119
2 117
24 135
29 142
101 147
70 166
44 135
28 166
69 76
88 93
30 52
102 124
58 164
109 123
26 82
2 8
7 108
26 66
23 104
2 163
61 166
5 6
12 154
14 77
59 93
27 141
17 77
127 137
57 73
72 77
31 43
22 77
128 166
44 49
21 96
37 105
9 59
73 120
75 89
91 161
78 84
83 123
96 101
3 151
114 123
58 165
22 108
24 59
9 61
28 121
77 136
12 87
4 140
51 147
1 41
79 156
17 19
110 154
28 143
34 105
66 120
29 115
17 109
29 133
107 138
68 78
48 97
101 143
102 109
18 53
34 72
37 135
15 135
21 137
9 19
49 84
1 149
18 148
65 162
44 93
29 78
60 117
17 136
14 138
2 14
72 116
1 67
42 131
44 64
21 121
47 154
97 154
20 104
12 138
56 107
8 106
62 89
48 101
16 86
133 144
26 119
17 133
28 111
1 2
27 85
17 35
90 154
77 87
48 57
32 142
2 91
159 162
96 142
91 147
69 111
70 151
4 40
56 155
82 139
53 69
43 111
44 107
26 100
1 61
24 149
77 145
86 89
16 117
17 58
57 87
9 120
39 134
5 42
28 136
64 151
64 83
102 111
18 36
20 144
52 76
127 131
89 162
34 157
141 151
24 131
3 132
43 73
18 142
49 107
19 120
13 79
31 87
62 86
135 160
60 160
70 133
91 158
3 43
1 159
7 20
44 137
1 120
84 119
124 134
32 159
68 74
32 82
16 62
96 153
28 156
30 43
98 144
25 87
22 136
103 122
33 106
20 165
32 97
106 159
2 11
84 138
81 135
106 136
81 101
47 165
50 77
80 116
11 18
50 79
100 108
57 67
73 128
79 103
59 134
76 159
56 135
70 98
4 26
59 108
70 84
30 81
73 102
11 27
10 137
37 111
39 130
67 140
39 118
92 156
89 147
24 165
106 149
36 120
54 75
139 150
119 129
5 37
53 67
88 123
52 83
88 128
24 42
2 5
4 139
0 54
39 95
46 76
26 114
33 91
3 49
39 78
25 139
154 161
102 110
59 163
36 124
67 78
18 62
18 102
28 95
10 95
79 158
64 158
19 79
93 127
0 58
44 69
78 93
108 161
9 20
2 146
125 165
67 153
91 107
70 103
19 90
133 158
4 110
37 47
65 95
136 145
44 102
68 83
136 162
99 129
80 142
42 98
73 83
16 25
16 102
97 130
144 151
75 117
37 145
39 144
33 105
10 119
60 152
88 164
60 134
58 120
86 136
9 56
41 70
150 157
96 162
47 110
5 160
23 166
42 93
99 154
153 159
31 51
102 133
43 106
36 165
96 113
90 118
30 99
28 106
41 164
35 112
56 109
35 46
19 126
52 69
45 129
23 26
2 126
63 100
79 81
121 162
31 150
86 149
3 63
11 160
41 83
14 74
34 162
39 77
114 122
39 91
26 55
32 90
34 79
117 136
33 107
36 38
49 113
89 144
70 93
78 109
49 77
59 152
160 163
108 159
68 130
17 141
37 85
24 150
62 90
90 122
27 112
37 104
77 80
31 78
6 156
32 95
100 127
0 144
39 58
72 109
56 74
33 73
20 152
19 21
46 154
2 133
94 153
68 72
123 151
0 14
80 124
29 50
21 76
103 131
7 77
71 72
127 132
48 69
59 107
39 111
103 151
94 114
24 132
116 160
2 162
28 65
6 63
6 147
14 25
150 165
39 122
121 143
15 139
22 163
76 104
116 137
51 103
34 64
76 87
0 49
72 123
57 147
54 147
93 151
72 163
31 35
30 32
63 121
51 90
63 130
0 124
113 162
0 89
110 117
77 109
45 144
92 97
71 90
1 55
63 108
15 57
72 137
97 122
102 155
69 88
151 157
83 84
126 141
84 135
47 91
30 88
91 117
44 120
12 129
35 117
8 110
9 55
49 73
30 100
19 51
60 98
151 162
48 120
9 154
42 153
63 113
107 125
72 104
15 52
8 116
77 126
20 91
148 150
86 131
58 166
67 123
1 9
14 114
79 144
2 88
22 111
86 96
36 46
118 156
6 160
16 22
6 136
87 109
24 162
11 81
24 152
106 134
46 129
95 104
59 126
3 94
49 128
76 108
19 59
46 139
97 146
83 119
23 133
3 15
68 122
118 143
91 124
77 101
0 43
128 136
34 116
67 114
60 121
122 156
160 162
33 52
6 109
46 75
143 162
94 121
32 166
51 99
4 71
118 160
63 149
88 134
66 81
30 42
44 75
153 156
64 111
18 144
29 75
50 119
6 61
44 95
8 111
52 132
72 110
13 22
91 95
1 83
1 24
6 157
45 108
98 129
26 105
114 162
95 154
84 149
105 119
94 101
35 85
121 165
4 119
63 103
40 90
97 114
140 157
84 95
36 72
22 74
112 162
101 133
53 75
51 62
4 66
1 90
123 153
113 124
99 112
75 123
30 82
12 122
19 121
64 166
126 166
78 116
6 46
57 78
48 153
8 86
149 160
36 103
103 104
109 121
81 106
45 146
107 151
43 119
54 105
140 141
26 31
12 141
9 92
21 148
120 156
55 117
1 103
99 121
2 69
67 160
77 131
23 103
112 118
47 98
64 123
27 162
30 142
137 153
124 165
92 109
52 147
127 141
40 138
11 89
4 104
77 127
158 162
154 160
53 153
42 92
94 118
34 114
14 131
65 156
3 72
119 151
153 166
45 139
91 134
11 105
2 79
124 154
28 81
27 116
27 120
72 85
19 143
47 137
59 88
83 124
7 60
84 122
74 106
65 142
15 81
37 120
51 126
56 76
104 122
134 150
128 134
139 159
119 126
16 39
8 69
32 102
42 114
21 44
87 153
145 151
38 74
38 166
35 109
73 117
26 68
85 149
6 58
61 124
75 103
46 130
116 125
43 163
43 66
17 43
48 109
4 44
104 160
20 146
82 137
90 156
8 146
74 115
32 89
146 149
106 145
0 59
36 149
8 114
72 132
9 50
105 141
37 89
109 148
132 157
69 93
112 126
20 26
60 111
93 123
14 79
106 144
154 159
82 131
20 135
78 135
20 90
43 156
67 137
18 130
66 160
129 137
18 61
71 147
7 99
122 161
29 91
51 158
103 138
0 139
63 137
82 101
29 155
27 137
46 149
52 56
108 118
110 155
59 123
47 102
29 106
101 116
16 91
24 72
4 12
65 144
48 143
22 40
75 88
53 120
102 129
24 156
34 120
95 162
34 49
4 60
6 94
102 157
51 79
138 163
20 32
23 65
48 135
32 53
122 155
104 145
23 81
11 58
31 128
87 126
13 29
105 133
85 90
61 80
82 93
4 41
66 92
130 158
1 66
9 70
89 149
43 107
29 36
36 44
61 91
18 145
90 166
22 141
38 138
8 84
141 150
133 163
26 44
9 144
113 151
114 158
63 102
40 165
144 162
9 24
18 159
132 156
63 148
75 86
99 166
123 160
5 83
50 142
78 155
39 79
80 88
39 89
10 83
10 61
81 126
34 111
109 136
24 145
23 79
0 92
35 132
51 155
22 28
14 117
11 88
54 83
37 38
81 108
28 29
51 140
118 153
4 47
25 162
65 133
103 111
20 78
25 137
8 102
5 25
78 81
34 66
11 153
40 162
121 123
38 71
122 142
158 161
81 90
22 38
97 127
73 99
61 107
82 138
118 159
83 133
42 111
47 115
75 98
77 116
1 110
48 83
11 64
37 163
23 136
0 156
83 98
47 66
90 111
2 57
17 89
100 135
70 131
128 132
120 138
5 161
123 140
92 111
79 110
131 137
10 30
46 132
12 61
4 59
17 132
7 92
12 150
115 156
73 77
72 99
111 156
22 23
125 164
62 96
21 160
26 156
43 166
72 112
24 71
119 164
53 91
40 74
60 99
77 124
28 118
15 48
17 130
138 154
51 64
41 162
18 94
6 40
80 166
149 152
144 145
15 131
76 135
15 113
23 39
109 146
111 157
86 158
158 164
32 44
41 94
3 44
24 97
69 163
24 107
25 80
139 161
79 157
57 129
18 117
95 150
32 148
95 126
67 119
26 144
135 162
98 106
62 92
40 47
132 134
14 149
95 130
5 88
13 63
45 49
43 55
113 166
18 161
28 37
84 142
58 118
23 77
45 77
32 46
13 108
62 76
105 113
69 157
62 88
1 80
47 76
29 146
22 162
36 41
0 61
23 37
18 86
9 133
26 166
137 142
96 135
4 106
42 54
62 144
20 157
80 103
112 141
111 151
20 117
2 40
15 22
14 116
13 96
144 157
98 132
59 162
23 130
17 50
7 33
106 112
1 148
72 125
49 115
10 93
32 62
127 149
58 68
2 136
48 116
41 44
133 145
97 135
13 74
126 154
21 115
2 58
56 129
42 89
29 43
105 166
119 128
19 36
109 130
27 39
101 107
19 82
47 88
4 94
50 100
61 74
1 6
46 74
92 157
18 146
107 128
110 143
56 63
28 140
24 43
32 154
93 111
11 129
35 79
31 93
127 161
105 117
81 141
5 148
50 65
118 137
9 111
87 165
3 11
32 91
26 128
4 133
68 109
55 113
141 153
22 68
89 155
134 160
61 128
25 158
22 91
31 69
31 59
43 147
17 144
4 17
13 109
116 121
25 105
63 116
20 108
116 159
6 107
57 106
18 23
8 39
86 114
74 166
28 149
29 66
13 51
131 151
89 129
43 85
42 61
76 163
12 86
37 146
107 132
29 94
95 107
124 157
78 114
75 130
28 70
53 115
93 156
133 140
84 108
35 63
45 69
100 128
86 152
5 57
32 125
57 136
61 158
8 32
112 119
121 139
51 82
73 164
114 140
82 159
37 151
141 165
134 142
11 65
71 109
149 161
1 104
67 154
132 163
68 99
122 132
142 146
36 59
40 151
31 111
20 153
6 148
7 65
13 130
142 145
17 98
44 129
128 143
30 51
96 154
20 75
56 99
11 12
18 66
86 109
96 136
35 153
60 146
25 71
9 37
31 33
65 88
80 130
8 24
57 91
61 84
144 158
23 59
84 109
38 106
35 87
133 164
47 94
38 70
35 136
63 119
136 139
2 66
0 27
40 41
27 143
52 95
93 147
66 85
9 107
66 147
1 57
54 94
34 85
46 48
8 88
49 164
43 128
64 86
23 146
135 156
67 113
77 113
16 57
76 97
56 165
69 160
64 91
34 150
112 153
107 150
40 70
37 90
65 159
101 129
80 104
125 166
39 86
34 75
91 118
143 149
79 120
64 113
117 142
29 58
9 62
24 101
42 65
130 146
28 50
117 154
52 57
28 91
119 161
119 142
14 57
37 92
24 127
90 120
89 115
15 71
66 113
74 88
78 131
31 82
36 137
49 138
68 143
79 128
3 144
30 127
129 155
1 47
114 165
5 164
55 99
10 76
38 82
62 160
7 149
23 28
5 73
82 106
24 53
17 30
86 163
79 86
12 21
144 155
70 81
21 33
39 109
15 64
109 115
12 134
59 165
4 53
26 132
94 95
65 87
26 33
108 162
65 125
99 153
59 142
66 96
23 78
148 155
85 125
136 153
58 161
12 42
95 138
8 91
0 134
97 103
80 85
9 72
55 57
35 73
127 151
0 125
41 138
13 149
1 127
30 98
61 131
56 154
95 132
36 144
9 35
78 138
103 124
25 120
56 58
64 133
41 104
49 137
49 88
118 132
84 143
53 114
47 105
94 156
57 76
31 103
39 148
66 111
41 166
107 154
17 53
14 83
32 133
12 14
63 104
115 117
16 127
103 116
5 64
113 121
27 73
159 165
135 157
71 79
27 156
41 45
12 28
91 160
11 43
100 164
4 83
36 132
18 150
37 156
22 52
7 32
83 135
89 138
8 26
67 165
107 119
31 127
34 161
34 117
66 79
102 122
31 41
53 65
62 152
3 99
35 36
54 110
1 11
8 41
107 133
53 121
98 116
73 107
58 67
21 131
65 119
47 143
37 93
96 132
46 62
15 36
115 131
88 98
62 132
79 80
75 155
89 104
36 48
47 150
57 163
37 79
89 107
40 130
2 7
0 116
101 104
31 46
65 151
0 2
78 151
141 149
50 115
100 145
70 90
5 122
4 74
4 35
12 118
101 155
87 89
75 78
13 90
88 144
109 166
43 45
26 67
21 103
23 125
64 68
8 45
19 67
1 137
80 96
66 98
84 90
56 127
54 151
28 92
96 148
7 37
147 158
87 122
103 136
98 163
59 145
51 110
25 40
28 155
45 102
119 124
3 142
52 145
106 110
103 106
64 137
79 104
97 120
56 62
145 153
124 140
8 140
15 154
15 91
105 123
60 78
46 67
137 144
78 128
40 48
98 160
19 72
26 79
37 49
71 88
59 68
25 142
15 43
69 102
37 39
113 153
9 110
37 143
20 71
34 108
154 155
35 105
30 72
131 161
0 39
84 98
15 143
35 62
58 160
106 158
125 159
15 125
32 111
16 44
55 64
62 72
26 146
22 76
40 92
38 66
12 163
70 100
109 159
152 163
30 159
14 81
30 123
8 49
120 153
11 148
74 137
18 47
26 130
4 127
14 34
14 135
21 55
72 142
48 77
78 88
52 54
20 160
67 71
54 69
32 165
6 163
41 111
1 109
129 146
58 80
31 66
10 134
99 142
19 154
41 81
58 105
17 149
1 62
128 154
70 92
96 158
5 80
103 164
35 125
40 117
67 73
50 68
97 112
50 112
47 74
8 153
98 120
113 117
14 119
0 99
37 144
81 95
48 119
53 80
17 151
89 109
63 155
107 165
26 99
130 153
69 165
2 68
160 165
73 114
77 114
1 21
104 156
65 113
15 149
79 119
69 78
44 123
127 163
51 104
40 57
122 166
64 148
24 60
17 146
103 117
87 130
24 94
53 154
23 115
13 116
8 96
14 98
11 104
50 73
55 165
52 75
86 141
85 130
85 161
21 117
41 69
3 55
64 76
10 84
38 152
15 72
53 147
64 121
13 141
64 159
8 89
11 109
8 34
41 54
21 149
67 109
16 59
24 32
40 164
58 101
29 143
109 112
74 145
79 127
144 148
20 80
98 117
13 133
16 131
51 149
45 53
68 90
44 139
82 92
135 145
37 117
52 113
16 153
63 154
36 138
61 114
21 165
13 111
53 117
47 104
14 141
21 68
24 57
44 124
43 125
29 161
5 107
78 80
100 132
12 100
3 128
7 118
29 154
57 104
28 57
87 158
13 97
29 117
70 88
87 88
56 163
80 158
10 73
95 155
13 65
119 154
52 105
36 94
68 144
35 38
99 108
13 69
121 145
59 74
9 66
4 89
66 105
122 165
24 83
76 150
74 121
32 103
4 31
125 138
41 66
85 120
48 157
65 117
3 7
1 52
51 89
50 90
38 150
38 147
115 151
65 121
101 119
6 54
9 53
104 124
101 131
105 120
71 98
45 88
140 155
5 137
92 122
59 112
6 52
87 160
24 63
74 103
22 62
46 161
15 142
125 135
17 47
2 120
75 129
44 151
39 150
64 78
0 81
140 151
7 84
53 129
21 82
84 164
114 135
127 159
16 103
87 118
47 141
1 39
71 151
46 133
13 142
50 155
118 164
5 26
3 160
106 141
9 141
19 124
17 155
7 35
17 31
85 157
80 91
59 62
43 79
10 102
3 10
54 57
87 157
50 141
44 158
79 96
32 96
19 84
30 61
110 151
6 85
156 164
76 118
84 116
44 88
102 114
22 72
