168
8
5751
60
73 2
224 2
353 2
231 4
416 2
388 3
331 3
439 1
285 4
62 2
336 1
40 1
58 4
432 1
59 2
347 1
99 3
316 4
243 5
225 3
446 2
396 1
357 3
392 5
122 2
75 1
19 5
159 1
466 3
454 4
90 4
113 1
306 1
28 2
19 1
244 2
33 5
107 1
96 2
301 4
243 4
305 2
223 4
255 2
70 5
109 2
359 2
185 5
110 4
488 4
223 3
397 5
238 2
82 2
286 4
64 2
94 2
321 5
214 3
182 1
187 4
451 2
432 3
484 1
459 2
149 3
236 4
284 2
195 5
413 3
221 2
191 4
97 1
303 1
350 3
400 4
431 3
261 2
389 1
166 3
469 5
363 3
320 4
309 2
306 1
474 5
21 4
266 1
485 1
155 3
84 4
56 2
102 5
341 3
228 3
482 2
259 2
471 4
116 5
215 4
88 2
251 4
86 1
59 4
190 4
445 3
358 5
434 5
231 1
495 2
338 5
124 3
361 3
145 4
324 3
255 3
429 5
43 1
423 4
470 4
96 2
341 1
355 2
483 3
28 4
346 3
83 2
218 3
401 2
237 4
302 4
130 1
365 5
192 5
209 3
88 3
448 5
63 2
320 3
409 5
192 4
275 1
110 4
236 5
149 5
303 4
330 4
225 2
262 4
112 2
322 3
142 4
66 3
443 1
333 1
109 2
297 1
258 2
33 3
112 3
284 1
257 2
172 2
339 2
206 1
296 5
341 1
230 4
5 59
8 96
19 42
49 53
27 167
36 37
53 90
88 152
30 71
127 155
33 122
122 154
101 102
120 160
54 163
68 99
71 126
12 148
70 143
92 118
139 167
35 129
144 146
65 115
163 164
149 161
16 41
100 113
120 146
129 131
61 112
92 156
0 130
144 155
40 104
47 99
24 158
9 15
56 75
3 108
13 118
118 128
35 138
38 91
27 33
6 61
77 165
104 147
38 115
88 151
84 135
93 104
15 79
52 167
24 132
1 103
134 151
89 118
39 106
38 99
16 158
58 69
23 90
49 65
4 86
89 95
99 122
17 111
14 93
52 82
81 156
5 64
108 163
81 109
104 156
108 123
5 165
2 81
33 96
52 150
82 112
45 123
55 82
44 122
131 146
143 162
29 73
12 15
103 161
24 78
87 121
51 119
29 89
122 159
100 121
85 105
57 121
37 60
42 154
93 102
65 137
29 75
13 89
40 159
87 140
101 124
110 164
52 70
35 112
1 80
92 115
5 154
47 72
10 39
95 163
15 153
49 120
34 89
36 151
50 55
45 74
10 142
59 132
81 150
45 83
94 141
86 126
28 35
95 121
38 44
59 93
13 111
15 27
53 64
68 152
21 150
69 133
49 139
36 152
19 120
100 134
107 152
6 96
50 113
12 146
29 120
22 84
88 150
52 161
114 154
41 94
46 113
153 161
26 44
113 155
78 95
9 49
2 38
118 163
83 139
107 140
2 46
25 152
6 163
147 151
30 31
53 154
9 97
92 106
134 139
24 85
7 34
65 155
29 110
14 155
1 22
44 143
49 90
27 63
23 118
88 137
13 142
12 118
56 158
60 130
44 132
37 146
138 148
16 85
18 159
83 117
41 114
1 90
69 156
78 115
55 65
75 130
1 126
65 154
18 150
74 148
25 140
28 65
0 38
7 90
1 134
8 40
2 117
23 114
127 159
118 149
0 114
89 102
54 85
112 164
16 53
50 151
88 139
11 71
75 124
82 142
47 78
30 147
6 93
84 140
23 101
91 159
74 106
63 107
29 143
35 117
160 161
96 161
38 157
7 121
81 110
25 104
99 156
25 70
103 119
46 101
4 163
29 45
140 163
102 153
55 122
45 158
35 116
161 162
34 37
20 121
100 161
72 150
19 26
28 161
30 41
96 131
52 60
42 87
32 39
39 49
56 164
109 121
49 133
61 159
101 132
53 150
56 151
45 76
3 120
60 154
20 55
77 156
25 31
51 60
95 108
91 165
57 62
28 114
26 146
85 88
13 37
33 77
20 87
111 144
54 90
11 92
1 89
155 158
57 109
119 145
111 164
90 153
5 104
51 70
8 29
89 133
50 72
68 88
54 113
101 107
3 129
1 99
25 38
99 152
59 87
80 142
72 158
49 96
7 103
53 127
26 154
16 36
115 123
88 154
72 85
56 91
32 113
141 162
59 123
27 62
65 159
113 150
73 113
8 16
8 70
36 75
116 125
146 157
60 65
81 123
41 73
7 66
94 111
32 33
28 36
86 131
79 150
92 140
47 124
2 25
6 138
42 116
78 108
20 68
12 106
127 130
21 71
62 164
105 131
42 79
20 84
12 67
19 72
71 147
55 130
90 113
103 121
24 115
65 93
8 138
5 49
108 119
12 46
118 143
35 82
26 157
76 120
42 125
7 111
100 115
83 103
40 87
46 90
77 123
5 151
56 58
26 29
31 156
9 58
79 98
8 30
98 129
19 151
56 163
47 156
13 50
141 157
5 140
68 144
8 147
28 150
38 76
46 96
7 106
79 117
110 160
89 108
160 167
69 77
49 70
125 158
77 86
18 99
143 150
23 62
24 107
77 135
22 163
54 103
119 156
138 146
45 131
112 144
32 71
84 123
76 93
115 152
9 94
14 113
46 141
6 94
65 142
158 166
110 133
144 166
30 56
42 156
38 125
95 155
114 125
97 150
26 79
125 165
34 128
42 88
56 154
134 152
33 137
92 105
57 94
14 167
64 167
13 24
74 107
4 117
80 132
96 158
24 133
29 107
69 89
3 43
130 146
44 145
46 79
129 165
44 86
29 35
35 148
71 137
100 108
2 110
102 124
11 147
28 104
73 155
128 164
95 98
53 164
54 152
91 104
14 23
51 111
26 112
34 50
70 125
48 160
127 143
152 158
110 152
14 15
23 104
96 137
44 71
42 93
58 67
21 91
16 49
58 86
107 125
81 103
5 135
24 118
51 100
69 153
45 101
61 156
57 70
65 120
4 130
33 57
2 151
11 19
144 150
71 157
56 166
39 111
27 113
98 116
116 129
107 135
37 133
18 101
81 142
96 121
5 72
137 145
77 96
22 134
13 97
23 113
19 34
3 110
3 138
112 137
25 114
38 146
51 52
23 30
68 142
97 162
18 128
66 76
2 162
13 49
118 134
55 131
17 21
54 81
56 130
78 138
69 139
16 129
1 160
94 134
6 24
55 112
12 35
11 64
62 138
24 160
48 126
84 115
70 122
51 108
25 32
40 82
112 139
35 97
55 151
122 135
158 162
13 53
135 166
52 54
32 79
108 116
10 156
26 144
47 130
4 109
41 45
65 72
55 59
2 50
32 105
68 122
67 110
2 23
1 163
29 137
31 66
100 145
41 80
60 156
1 21
20 42
39 142
8 20
45 82
75 131
23 35
5 10
40 112
33 158
5 12
30 40
10 138
56 148
126 136
114 150
62 69
21 94
9 73
118 132
11 33
35 42
137 140
42 149
91 136
137 143
79 137
22 139
32 53
92 112
142 150
3 39
95 133
3 101
107 138
128 158
54 150
37 108
46 58
40 100
29 117
73 140
59 84
30 86
32 60
41 111
5 98
136 156
31 139
9 38
11 90
103 164
130 154
37 66
42 155
19 94
111 114
11 42
8 27
132 149
95 153
25 113
66 87
9 131
9 151
37 93
49 88
78 120
30 77
3 137
91 114
123 159
84 95
10 108
43 90
25 54
38 87
63 121
120 153
120 151
23 24
58 83
156 159
40 155
68 102
108 137
98 150
37 56
19 35
120 155
47 91
34 143
125 166
128 136
104 128
11 40
4 140
14 63
84 85
104 126
55 114
15 102
36 153
96 116
95 135
148 152
80 96
106 145
13 29
14 61
3 115
22 125
36 81
12 55
117 149
83 95
10 74
39 63
49 74
84 88
111 133
28 45
50 112
21 96
69 86
63 114
25 83
38 166
19 49
44 65
61 135
122 142
1 85
14 76
139 163
13 114
58 59
126 142
45 149
9 92
124 139
31 55
12 29
18 62
26 166
83 126
43 106
27 117
98 149
71 88
33 136
144 159
63 97
120 148
2 11
33 81
39 50
127 152
21 75
0 31
85 90
23 133
115 122
72 142
3 94
42 145
19 102
15 41
106 154
100 116
74 104
130 161
114 123
74 118
24 117
105 106
24 55
57 155
90 126
76 133
67 139
33 125
125 152
62 102
36 137
28 93
3 34
121 135
62 92
17 131
0 21
19 28
10 24
20 127
50 104
90 156
15 98
36 164
79 161
115 117
9 64
146 148
4 112
120 157
124 153
29 136
53 59
56 61
140 167
14 156
23 152
43 128
101 165
77 121
30 38
2 139
6 164
29 58
16 146
53 166
120 145
41 166
8 11
2 133
20 51
5 73
25 108
46 121
11 143
50 103
53 114
41 126
31 83
42 98
102 110
110 135
43 148
95 105
59 114
26 77
27 150
111 138
24 36
32 93
122 147
48 54
109 163
32 67
6 114
16 67
76 162
45 152
83 147
38 162
31 107
81 128
49 110
7 108
97 149
18 63
22 98
128 150
65 106
18 68
5 142
77 144
1 88
66 143
61 104
65 66
110 147
9 31
26 113
27 78
49 112
35 135
94 129
55 87
97 136
53 88
42 105
29 106
48 76
12 50
54 77
68 143
29 36
18 19
17 72
37 76
16 159
108 122
8 22
80 131
19 27
21 134
39 163
93 122
32 87
70 121
50 120
23 151
87 144
3 111
46 155
51 72
0 97
81 106
39 151
86 120
123 155
86 152
22 94
28 79
48 143
12 56
8 91
107 124
39 165
2 42
42 128
77 116
38 47
101 113
5 55
12 125
74 117
3 85
54 141
9 41
8 113
72 124
56 62
74 165
8 18
2 28
84 166
72 99
86 118
24 162
46 47
20 108
56 72
73 75
53 91
4 29
39 78
159 162
71 77
56 85
0 49
92 102
36 161
101 162
100 167
40 157
57 137
6 139
5 51
121 128
150 153
1 144
19 112
43 107
28 131
45 154
114 121
98 101
20 78
52 131
67 111
16 155
69 151
6 49
2 64
34 142
88 94
46 50
100 110
27 50
130 139
14 154
105 112
34 101
150 152
33 97
87 92
53 71
34 58
24 139
64 103
31 41
83 167
39 43
91 96
154 157
79 93
9 124
72 95
84 152
28 135
13 161
41 160
29 105
38 144
49 83
87 137
54 110
68 118
36 51
4 151
42 64
131 161
84 143
49 167
133 150
87 132
63 129
124 131
51 120
52 139
2 34
8 50
25 102
46 118
35 109
31 71
10 50
43 68
70 164
93 167
23 67
18 46
19 118
49 51
85 126
10 72
104 137
142 161
3 46
64 165
115 133
32 88
93 145
44 117
45 66
38 105
131 137
34 52
142 151
24 48
33 68
150 163
71 91
116 141
61 141
33 42
39 157
28 108
25 51
63 115
49 55
159 165
0 69
66 135
1 7
37 65
126 141
30 125
26 28
17 108
40 151
42 52
65 95
26 125
48 163
32 100
63 117
34 151
110 149
47 93
91 161
17 38
24 38
137 154
15 52
21 85
41 163
149 154
59 167
12 165
21 160
116 128
60 164
5 97
21 56
10 51
76 114
34 54
37 142
0 90
139 144
10 93
99 167
71 79
58 146
9 52
21 82
140 159
29 125
71 92
22 24
25 33
60 104
23 153
50 56
54 76
93 100
102 157
118 144
40 111
54 126
95 97
102 160
12 147
79 152
4 67
98 100
42 47
30 161
8 134
36 73
48 59
33 72
65 71
2 45
22 113
9 51
14 36
13 150
7 98
28 44
49 75
75 104
24 66
9 35
33 99
10 27
61 166
45 165
119 144
22 41
49 127
91 95
131 136
122 150
4 162
3 164
70 155
100 132
2 118
119 152
5 18
28 154
137 150
43 144
18 113
102 155
76 87
45 151
16 152
46 54
77 137
5 60
48 139
51 79
79 159
54 112
76 127
30 93
15 33
103 142
18 65
64 152
6 16
104 122
34 162
80 133
101 130
1 123
66 90
0 6
145 156
46 135
31 129
106 158
63 162
13 94
95 136
8 24
87 112
93 128
85 112
152 162
92 136
4 18
97 115
1 71
45 125
109 151
22 131
6 116
15 30
94 108
120 166
75 86
81 95
17 23
40 93
68 101
132 141
85 120
48 73
133 138
22 162
0 141
97 118
96 130
93 149
88 156
139 151
125 164
41 67
87 138
6 102
56 126
130 165
115 119
77 126
107 147
6 64
47 54
6 156
20 136
5 79
33 47
62 109
29 108
39 152
99 124
58 116
3 160
29 56
55 125
77 161
48 151
150 166
3 13
9 76
87 114
109 120
28 61
10 22
85 102
69 164
78 93
44 94
71 134
121 159
82 130
5 107
102 148
47 53
29 114
65 133
91 135
102 139
63 82
41 43
22 120
57 139
130 166
7 137
103 122
5 52
50 137
116 164
99 100
102 140
47 138
1 86
58 140
71 102
77 154
87 100
89 114
54 164
126 167
13 166
42 70
12 113
45 137
20 160
33 53
61 115
107 160
40 67
75 98
122 132
17 50
29 83
7 70
70 160
2 123
75 105
34 106
56 157
40 114
126 132
67 130
30 149
125 161
16 31
75 126
88 103
62 150
64 145
115 146
30 136
26 153
45 162
2 158
1 117
57 131
14 134
71 76
41 93
7 52
125 138
109 141
139 155
11 149
36 72
63 159
107 126
130 160
108 165
81 83
31 77
3 10
40 89
84 129
124 146
12 105
21 112
62 145
49 160
15 128
50 88
49 147
35 163
67 128
44 78
50 131
1 78
130 132
107 153
41 145
36 165
17 114
98 127
93 150
42 76
32 140
15 46
32 44
18 86
82 128
51 54
32 66
114 129
62 159
27 112
36 42
74 87
57 113
108 120
77 78
82 96
104 130
130 145
78 98
116 124
113 136
33 86
25 74
62 80
52 122
52 76
71 110
18 80
101 151
9 55
14 25
151 163
150 157
36 40
148 153
147 156
24 137
92 155
62 64
62 123
85 167
5 94
57 75
50 51
95 119
93 127
74 144
28 124
24 53
31 136
112 123
42 127
37 51
50 62
91 140
16 50
61 165
11 89
23 68
74 124
32 150
85 92
142 152
2 128
29 57
44 66
34 125
55 96
56 71
99 145
6 130
36 94
0 63
1 133
48 103
14 24
35 60
17 44
84 150
10 99
24 105
68 105
108 110
52 81
2 60
133 140
71 148
86 121
123 134
118 139
25 77
55 60
88 141
5 92
2 3
80 140
55 123
102 112
16 77
10 149
19 29
69 72
18 26
52 153
66 164
64 150
65 156
6 23
79 100
84 138
40 96
72 137
86 119
0 123
86 94
33 55
22 78
39 147
25 62
53 121
5 53
37 160
32 117
34 167
34 93
69 128
96 111
82 108
111 167
48 56
99 157
90 97
4 56
25 72
111 155
47 158
105 143
8 43
95 156
4 132
110 165
105 150
10 34
60 127
86 158
43 118
101 164
14 44
11 159
51 138
15 146
54 57
120 143
61 153
123 154
69 120
4 97
34 98
150 151
74 137
48 137
37 119
42 75
0 74
153 162
48 152
9 89
74 101
74 143
11 54
7 54
58 76
23 93
106 166
22 46
14 37
8 39
136 160
99 146
3 8
0 154
151 165
85 150
89 97
142 144
143 154
13 83
97 158
11 152
7 58
10 131
14 68
128 147
12 72
2 132
18 146
24 69
83 162
56 113
48 82
63 87
39 108
77 103
38 127
14 38
6 46
86 89
47 86
53 65
26 72
61 132
27 105
19 20
53 117
134 146
24 150
100 126
40 121
123 129
36 86
101 119
92 119
35 49
51 147
31 76
30 131
59 100
14 81
50 167
34 68
57 160
31 90
81 107
9 122
30 129
110 166
36 96
43 131
89 141
48 110
22 127
126 127
75 90
129 147
26 97
64 72
60 96
62 82
145 149
118 130
50 60
23 82
48 118
45 91
52 107
45 92
68 81
15 133
64 157
123 145
116 155
114 156
49 142
29 118
109 139
140 155
1 164
63 72
109 133
15 127
82 137
90 95
117 166
94 154
101 141
14 163
125 141
56 140
8 145
102 156
10 20
2 107
134 143
4 154
117 139
133 158
69 85
18 108
10 96
53 99
29 90
110 141
95 111
44 49
45 90
105 128
35 68
29 41
60 167
74 98
127 128
47 120
58 99
9 158
8 150
112 138
43 137
12 30
73 167
77 120
140 144
75 85
85 103
27 107
30 61
70 87
0 144
71 105
71 149
33 157
2 122
15 24
23 41
140 153
82 118
57 149
52 143
37 46
66 132
74 141
53 118
75 81
34 92
17 33
46 83
45 54
49 82
26 116
13 160
51 162
140 160
99 147
62 117
48 71
33 116
149 156
43 73
12 119
23 115
108 159
40 52
99 117
63 138
85 137
26 156
50 108
21 110
4 12
24 49
80 162
93 120
155 160
25 128
2 52
11 139
1 17
13 22
54 143
25 158
111 115
2 113
78 137
51 73
37 80
11 110
14 86
4 84
15 145
16 45
10 127
133 160
85 93
38 73
48 120
93 132
38 40
108 131
122 123
3 121
41 47
55 119
67 146
73 161
33 149
19 31
33 94
17 35
136 146
10 31
132 138
103 157
150 167
50 143
52 126
97 159
6 69
12 31
46 150
35 61
88 116
93 141
103 156
50 109
13 139
68 94
74 75
32 141
158 163
89 144
115 116
50 102
51 149
32 159
125 151
19 46
53 80
73 86
16 121
80 95
13 99
44 137
64 89
11 161
74 140
85 122
39 58
88 131
39 57
90 117
29 130
111 160
58 138
95 129
68 89
13 77
64 107
64 131
79 118
128 162
13 42
10 164
18 64
35 105
130 153
115 136
53 145
44 80
32 59
117 144
23 146
5 19
28 117
67 166
125 159
3 154
10 128
87 98
49 59
16 126
20 133
6 17
74 126
57 81
30 65
139 158
61 149
39 159
24 33
144 165
74 90
114 167
41 151
86 104
27 87
15 135
23 111
91 148
36 113
50 161
7 129
32 120
5 83
86 140
13 74
66 67
24 41
125 127
54 88
148 160
110 139
103 150
38 118
70 114
99 165
56 110
109 137
12 107
6 53
82 129
6 105
10 84
151 157
153 163
116 165
7 23
62 83
11 101
73 91
87 152
63 152
48 79
142 153
74 151
104 125
51 144
114 151
55 85
50 149
42 92
7 101
105 126
5 96
122 136
3 127
34 139
61 63
16 116
24 103
12 83
72 98
114 131
117 131
5 41
121 144
44 72
27 135
31 131
20 41
2 97
18 74
147 149
134 166
0 86
66 99
56 79
0 73
0 11
35 158
77 159
78 133
42 84
9 145
102 136
29 64
13 96
12 153
130 158
22 91
21 73
9 23
54 138
49 62
70 77
44 87
83 115
83 86
98 111
5 58
9 132
59 85
81 121
49 118
49 155
5 89
53 151
113 126
37 48
38 130
30 74
27 128
84 156
71 158
62 131
25 76
3 52
12 143
36 134
114 143
107 129
57 159
22 107
82 89
16 86
11 118
129 145
60 85
95 164
153 159
95 148
27 129
71 145
81 154
13 44
60 108
99 120
15 157
112 165
18 70
109 123
31 119
42 162
11 95
96 118
41 156
141 163
24 90
21 146
2 56
140 150
60 79
14 152
134 162
91 123
135 159
103 112
118 152
82 90
62 94
9 25
36 162
29 31
50 118
14 111
79 135
7 19
9 156
19 111
81 151
22 166
65 79
71 139
91 166
15 17
104 123
55 64
72 92
21 148
12 129
20 38
114 159
12 89
33 54
66 122
23 122
26 147
116 156
42 113
57 165
73 103
39 112
60 115
28 29
58 160
48 147
69 98
19 93
111 129
19 95
36 163
44 92
6 143
38 121
44 139
0 87
6 95
11 61
11 135
11 78
69 111
84 102
17 42
16 88
90 149
53 77
11 85
30 59
55 120
9 11
36 63
18 141
118 120
40 58
101 140
40 42
44 52
78 82
51 76
145 154
58 97
20 91
23 97
2 102
104 148
44 67
119 123
107 158
146 167
42 110
60 99
4 44
24 61
29 91
61 129
27 156
37 96
37 67
67 114
34 75
25 126
25 106
26 149
20 107
79 95
14 39
64 69
110 151
20 103
97 127
62 100
33 152
57 104
55 140
65 124
129 157
67 131
38 98
86 97
39 164
59 144
13 125
20 33
60 128
100 140
23 64
91 133
81 113
56 156
91 164
67 120
73 159
8 126
63 77
41 64
56 167
35 154
39 92
77 129
50 129
18 48
29 149
18 39
85 100
2 47
82 110
65 73
10 64
46 67
3 136
5 57
85 123
118 133
16 114
65 78
86 114
121 152
9 66
7 47
125 135
50 57
83 142
88 123
29 43
15 67
65 90
69 95
72 166
2 69
57 90
5 88
89 147
43 67
79 124
61 99
122 129
31 135
104 111
106 161
63 116
101 146
42 81
133 153
3 22
36 76
59 64
4 49
104 124
86 165
42 80
11 136
105 113
32 153
101 166
44 103
40 79
33 121
13 135
52 113
39 42
151 152
25 79
148 156
46 69
157 166
18 166
107 145
71 159
21 158
100 114
34 78
54 95
96 134
17 49
107 109
9 84
100 106
22 142
108 156
44 69
7 86
25 29
12 124
60 110
25 86
5 130
7 96
63 156
137 146
62 86
0 105
0 118
6 82
48 162
37 113
71 112
53 119
66 113
24 120
83 158
4 155
23 110
36 117
17 137
63 83
1 110
6 88
7 138
100 133
79 87
56 69
51 112
47 51
17 141
7 42
18 167
132 154
139 159
15 110
27 37
42 107
66 152
18 79
26 69
6 76
35 126
86 148
19 110
24 79
115 154
52 64
13 14
69 75
20 71
4 70
87 119
63 112
39 139
23 70
55 132
68 106
72 79
70 167
15 87
34 136
92 139
100 127
57 78
67 129
20 140
89 154
21 163
21 50
19 88
108 140
4 121
39 61
39 140
22 48
34 48
140 143
43 60
79 121
42 78
67 155
2 109
27 148
48 60
57 138
27 102
130 151
63 136
24 25
39 125
123 143
0 3
78 118
108 141
108 153
152 164
60 161
89 119
114 160
72 145
130 144
120 142
25 107
93 113
14 125
106 125
36 102
90 98
73 96
151 158
36 131
12 59
77 98
79 140
73 109
7 87
112 128
9 113
130 143
70 98
66 84
6 122
37 125
145 155
7 55
120 133
147 153
51 96
63 143
12 13
15 68
15 59
58 94
86 144
100 101
62 140
102 125
26 68
74 94
31 111
11 134
53 139
91 149
4 47
63 131
134 145
9 138
12 110
78 151
88 104
108 144
84 126
98 164
24 125
58 85
9 111
21 167
57 67
88 124
23 34
10 132
51 127
62 85
80 138
38 120
85 141
15 143
69 143
121 165
95 113
9 40
54 129
77 105
16 143
11 138
9 128
68 80
67 80
119 167
15 20
17 142
45 65
60 166
33 126
38 100
47 87
14 128
98 155
105 158
142 145
41 63
95 151
14 102
51 61
89 155
16 167
12 71
147 165
35 94
52 99
76 117
47 110
41 108
31 53
0 104
86 156
38 102
32 167
64 117
49 159
54 117
49 99
41 158
107 118
57 146
102 146
41 90
121 147
84 160
62 74
86 137
37 162
53 108
160 162
35 57
0 65
10 29
96 108
68 84
46 104
59 90
30 107
133 144
53 84
41 59
7 37
99 109
90 92
19 99
88 122
74 136
90 111
57 86
13 138
37 111
7 145
52 157
36 84
87 145
115 148
61 155
19 91
14 127
86 133
47 133
40 161
126 165
49 102
40 131
87 156
121 149
85 95
14 52
92 166
5 11
115 143
78 123
104 166
27 36
24 65
63 88
51 148
90 94
21 22
144 164
35 128
23 88
83 144
58 104
42 106
80 147
13 122
15 31
62 70
37 79
60 121
39 154
20 46
47 81
40 133
123 135
16 25
38 158
5 32
95 138
28 116
146 152
23 65
139 141
113 154
93 166
127 139
21 95
14 104
42 65
63 148
99 137
53 79
84 142
18 118
105 151
102 144
41 153
21 93
88 105
28 94
14 33
63 161
34 110
42 136
38 67
87 163
21 32
11 157
89 91
7 128
97 135
57 82
62 89
16 106
24 146
46 153
80 146
111 137
58 89
21 102
20 147
9 78
93 142
53 115
119 166
36 118
5 50
10 150
30 137
109 152
61 167
47 159
151 154
41 72
31 108
75 137
8 15
61 93
122 138
35 151
109 117
1 151
41 146
122 160
83 153
66 81
89 148
46 75
51 166
126 154
20 81
89 146
33 134
34 61
60 86
67 71
110 157
43 108
5 9
13 92
125 154
67 103
123 131
147 155
68 151
68 125
113 128
68 146
106 150
54 147
116 132
2 130
104 132
59 75
46 76
5 24
93 134
88 132
139 161
3 65
108 134
64 85
1 57
29 32
18 24
14 57
71 129
66 112
87 106
1 41
52 166
99 108
58 101
20 21
109 155
142 154
98 134
59 141
117 163
1 26
35 137
4 60
38 43
20 52
128 153
3 166
115 138
54 118
14 145
130 167
76 97
15 37
105 127
90 138
79 132
100 136
84 98
58 154
155 167
9 136
114 157
103 159
127 158
32 158
46 93
61 120
69 122
35 110
122 137
56 133
117 124
59 134
66 126
72 119
75 166
29 126
100 130
83 101
13 134
52 103
47 114
78 147
125 133
4 78
84 87
71 73
20 72
64 142
14 146
116 163
55 102
73 145
79 167
115 166
90 108
47 145
97 117
20 114
13 79
30 103
24 114
76 139
0 131
7 149
13 28
15 164
113 145
31 69
50 71
89 129
1 18
0 33
47 152
138 142
57 77
53 94
15 117
2 120
24 37
49 157
29 63
29 71
58 96
95 117
86 164
13 106
103 106
58 149
4 108
6 103
14 141
2 54
59 61
6 25
16 62
6 104
69 96
65 126
2 115
114 134
51 128
64 127
35 74
66 74
73 122
6 27
32 164
39 87
137 164
85 149
99 106
39 105
76 158
22 69
70 120
41 66
13 36
33 124
114 120
18 90
82 154
102 119
4 157
3 72
151 161
121 142
42 135
54 100
2 8
6 80
66 166
4 41
6 117
44 68
112 125
102 107
44 136
41 119
42 53
13 107
39 160
34 137
100 129
5 131
143 163
31 72
8 49
110 167
9 103
14 115
35 80
63 104
20 164
20 131
7 64
3 15
55 56
20 125
78 124
30 140
54 56
52 65
116 153
39 79
68 147
36 125
24 70
43 163
99 160
113 117
53 93
3 11
36 106
1 119
6 90
83 146
67 163
95 130
16 99
32 145
93 115
77 130
126 129
23 119
34 73
63 137
5 126
75 102
5 38
24 124
12 79
81 157
7 95
33 163
4 137
70 134
63 64
19 36
98 135
38 112
50 83
91 131
87 166
67 150
81 93
94 139
1 125
18 119
49 137
12 126
98 146
16 30
3 106
97 165
12 52
21 69
150 159
152 163
67 115
58 157
58 141
28 69
56 96
45 115
128 159
69 160
110 134
71 99
77 153
96 126
92 141
106 122
19 43
16 42
17 98
51 142
93 108
32 165
2 82
52 144
1 72
50 145
78 142
20 120
8 76
64 160
45 71
5 63
12 25
33 76
8 37
101 131
106 127
128 167
116 167
16 118
0 30
71 166
42 161
104 150
43 65
7 43
26 131
67 135
55 79
40 128
146 162
40 99
104 119
133 136
104 133
50 96
11 66
77 108
48 130
46 95
128 165
16 43
49 132
88 147
54 116
69 123
129 144
119 155
14 51
21 83
37 41
121 153
0 145
53 97
152 166
98 99
79 107
23 75
102 130
76 160
32 119
52 116
76 80
95 147
109 136
31 50
19 124
41 105
12 24
91 120
78 122
7 160
91 160
1 152
135 157
115 131
94 166
37 150
22 25
14 78
33 50
4 20
17 162
95 101
27 84
101 108
29 134
13 109
9 153
12 84
128 142
43 49
56 73
17 120
79 110
10 23
117 155
30 82
135 164
84 164
9 37
57 145
68 70
36 141
48 61
75 154
75 100
60 137
117 128
59 154
59 119
30 58
137 149
32 139
10 86
33 51
146 165
26 49
119 124
85 128
33 71
126 157
1 61
32 104
35 107
13 20
1 73
51 134
12 39
22 79
45 139
46 148
56 76
79 134
74 120
50 100
69 144
74 130
60 102
76 128
47 113
159 163
24 54
10 59
79 120
26 61
33 154
21 157
30 128
59 107
45 87
139 154
45 132
130 157
23 147
139 149
150 165
113 156
68 123
18 94
8 142
32 123
26 92
48 57
24 102
11 125
32 76
33 82
117 141
22 31
112 136
7 11
1 111
5 84
86 123
42 96
67 108
6 160
35 143
73 118
42 104
9 167
51 143
50 87
26 134
59 158
46 59
71 113
26 121
31 84
81 125
126 162
32 82
73 130
59 131
25 138
80 103
14 140
14 101
103 111
36 136
3 51
30 98
28 30
20 37
14 59
13 123
15 85
10 19
0 80
69 158
37 117
12 91
55 164
84 137
78 101
69 88
46 163
89 101
73 123
33 123
130 164
17 82
6 124
89 115
50 63
31 36
26 162
7 166
24 92
134 163
88 130
36 110
21 26
27 125
70 151
125 145
43 47
73 139
111 130
81 84
68 121
80 149
79 116
122 151
37 44
26 47
104 105
13 85
25 125
24 27
100 122
35 159
1 20
12 16
58 93
12 77
30 70
115 156
71 89
53 149
28 99
71 164
82 122
37 77
64 78
15 159
134 136
21 101
17 81
61 144
73 134
107 136
127 146
85 132
50 124
69 147
66 108
22 35
6 101
64 104
114 128
3 141
131 140
127 151
111 158
83 128
90 155
37 64
21 49
66 159
19 137
18 31
9 19
46 87
30 110
92 134
32 135
83 87
81 112
31 104
73 97
111 127
100 148
23 107
142 155
40 53
28 51
2 63
41 48
128 143
131 166
115 128
58 81
16 19
109 125
8 163
4 33
13 130
26 66
111 131
24 45
64 87
22 164
40 77
36 105
11 167
82 149
114 135
55 109
97 109
43 109
82 155
27 58
1 77
49 148
122 130
42 90
61 90
112 146
43 111
123 156
73 128
65 103
89 126
60 80
4 115
22 124
2 66
102 131
1 139
25 143
55 92
16 64
25 46
7 76
5 21
20 32
64 101
98 103
19 30
106 148
32 125
89 140
2 57
39 118
59 109
23 156
96 151
55 153
96 146
103 144
115 142
5 145
146 163
141 146
1 29
32 162
50 54
58 119
29 115
66 75
80 151
57 167
93 164
56 127
18 122
72 138
124 138
9 46
22 152
19 115
13 126
40 97
87 111
48 111
9 39
43 96
113 157
54 99
41 53
31 35
3 80
61 130
44 111
9 102
17 18
99 155
18 164
94 113
20 44
110 163
28 53
73 137
0 71
19 103
59 92
4 147
31 82
59 79
66 117
17 83
94 123
52 84
112 151
26 42
14 65
42 61
38 152
76 156
11 51
18 155
44 113
25 120
84 104
27 73
42 72
123 167
47 151
41 144
17 46
3 24
6 41
27 94
33 120
36 138
66 93
17 80
59 137
21 52
124 149
113 162
136 162
35 108
8 83
85 145
53 131
75 101
12 63
101 154
59 83
50 128
97 102
52 155
66 82
7 12
62 119
21 161
36 150
7 159
33 35
13 119
88 138
26 136
62 155
102 122
103 118
17 89
8 51
6 152
68 154
32 83
35 79
48 51
6 31
76 125
31 75
29 37
20 109
72 164
47 153
29 142
92 117
48 116
17 101
37 105
104 153
28 162
44 148
67 79
38 124
19 134
11 123
40 85
22 108
11 46
38 50
29 47
43 71
3 163
67 88
26 150
55 121
84 101
56 92
3 140
37 131
27 40
78 141
73 99
145 158
20 61
113 116
78 149
34 70
74 93
12 66
85 138
22 135
13 145
45 73
1 75
43 92
10 66
96 106
2 6
31 89
10 129
14 143
97 131
44 135
44 73
45 107
60 144
24 123
17 76
116 142
120 163
2 147
62 75
29 44
54 87
31 43
33 162
13 86
2 91
24 154
90 145
82 121
54 96
87 155
91 129
3 95
29 140
0 106
5 161
4 135
122 156
115 157
10 123
49 161
25 130
98 159
54 155
70 130
4 17
35 111
33 92
2 104
114 163
12 139
113 153
78 109
32 128
14 94
78 127
74 77
76 83
20 130
110 146
149 151
92 147
28 47
0 94
147 161
6 159
62 106
15 26
53 122
23 159
23 63
36 155
22 104
28 130
41 112
54 104
45 99
13 46
31 74
37 107
15 82
53 75
21 147
63 139
109 129
140 161
11 80
43 145
83 102
67 85
29 116
56 121
6 37
57 106
56 99
22 70
50 95
44 115
85 142
114 149
19 108
30 165
65 128
49 56
57 59
7 117
1 129
5 164
47 157
30 37
10 107
15 119
33 133
1 39
110 154
93 152
2 99
91 103
74 131
67 97
35 81
59 95
14 123
107 110
7 45
142 149
25 48
16 57
106 159
62 120
76 165
7 69
56 84
115 155
86 95
59 149
11 93
52 160
40 69
73 92
44 64
3 139
54 153
29 154
133 147
6 62
104 139
13 103
13 21
137 153
9 71
0 81
41 78
7 142
120 132
27 126
48 101
105 147
112 126
106 149
64 159
20 124
15 32
16 154
8 82
72 135
93 165
23 32
82 134
11 13
107 156
72 160
28 142
9 106
14 165
69 80
26 78
50 84
18 100
51 75
43 84
56 83
27 42
148 164
54 157
20 146
105 141
14 150
57 66
29 67
104 127
31 40
13 155
43 51
145 167
12 140
12 48
45 69
7 140
64 122
29 49
33 142
40 92
3 135
10 90
49 50
29 147
134 165
7 157
4 46
50 117
45 88
5 139
86 108
38 68
132 167
40 57
44 130
5 124
4 116
63 101
75 96
90 151
16 40
41 128
27 111
34 57
61 102
74 147
48 114
28 167
19 130
92 159
82 94
15 75
47 106
11 98
8 62
104 120
28 148
84 141
36 53
54 67
36 45
42 66
81 141
66 163
11 129
53 87
25 91
12 88
48 115
16 138
44 59
74 159
37 62
73 119
78 105
137 167
22 53
51 84
120 164
0 153
5 46
147 166
134 140
72 105
1 2
118 138
14 40
0 129
64 163
73 136
88 158
46 112
44 48
45 89
19 139
11 60
119 162
75 155
62 125
29 46
10 46
77 148
5 149
21 66
4 71
12 23
39 134
49 68
35 146
37 84
36 99
24 167
125 129
17 19
44 156
56 81
74 95
59 129
35 164
63 150
47 132
69 113
82 105
11 126
120 152
30 101
42 62
63 94
64 128
35 142
120 167
47 102
52 102
147 167
1 112
30 92
52 61
96 115
75 163
68 129
52 92
22 143
117 157
112 117
0 128
15 16
91 98
50 152
128 156
71 151
45 145
128 130
35 84
65 77
21 25
110 156
83 90
99 110
52 85
86 92
110 124
15 118
62 160
78 166
34 134
72 152
91 115
80 114
90 106
8 117
13 121
69 112
84 100
1 101
66 70
99 104
5 87
33 45
26 45
58 71
30 145
16 54
60 64
21 106
14 96
9 99
39 103
26 65
25 57
87 167
41 164
78 146
98 151
144 151
30 159
39 54
22 65
120 134
80 153
9 137
12 20
29 124
31 60
119 161
38 123
68 128
65 101
14 89
12 138
10 98
145 148
47 50
79 103
105 140
45 51
66 158
105 165
3 38
3 145
37 145
143 153
31 79
26 161
19 51
94 148
75 94
34 149
10 163
17 31
93 133
119 127
5 134
7 143
25 118
113 130
37 52
143 156
154 155
23 33
62 157
32 69
126 159
96 143
26 36
9 47
55 86
2 51
28 137
31 98
119 125
98 102
56 147
36 46
60 153
55 88
13 69
116 146
48 131
62 63
18 134
61 133
36 157
22 155
43 160
35 36
89 99
33 98
66 146
51 167
53 60
25 39
50 116
55 103
128 131
21 76
80 107
12 137
105 124
156 164
158 161
16 71
151 162
32 65
71 114
101 104
40 45
33 74
29 55
5 117
33 128
97 111
30 89
0 79
58 77
60 93
4 101
51 83
48 105
117 121
61 106
18 22
70 107
58 121
12 128
81 104
5 68
27 151
12 75
51 71
42 108
41 52
0 5
95 124
25 96
154 166
99 149
38 135
60 116
0 149
68 78
51 159
40 135
1 166
46 80
90 109
13 141
0 88
16 136
7 35
46 166
29 162
132 166
55 136
107 123
16 80
139 147
43 55
95 123
34 111
89 127
38 70
112 149
107 163
106 109
17 70
31 51
117 129
92 110
96 135
17 74
7 30
29 88
81 152
42 160
41 131
78 114
7 32
159 160
42 71
38 74
121 161
30 126
27 81
18 88
26 84
22 26
38 78
94 151
24 109
117 153
53 111
76 132
49 150
62 130
142 167
57 115
5 115
85 108
13 64
71 100
42 82
28 138
117 159
61 139
51 105
13 65
4 26
5 150
55 124
65 146
46 91
3 49
123 139
48 112
92 165
14 114
9 116
38 106
69 119
83 122
14 158
6 47
1 24
29 93
119 154
3 27
7 51
91 154
28 31
35 99
18 96
51 53
10 26
138 139
72 107
6 123
10 159
69 167
42 130
126 147
93 140
154 161
24 60
11 45
1 51
11 75
27 60
13 54
15 132
114 124
71 90
21 119
10 104
62 143
44 47
117 151
73 93
40 91
37 137
61 114
18 144
44 144
91 108
3 97
82 107
6 147
66 110
11 44
43 112
64 149
28 106
87 117
8 10
14 53
99 102
94 137
39 115
54 89
120 139
71 156
13 143
14 18
79 82
153 160
70 91
64 84
25 43
85 157
75 167
32 90
20 134
6 154
15 130
41 155
111 132
113 129
44 151
33 88
11 148
110 138
29 80
47 108
0 48
49 52
26 40
98 120
39 102
75 111
34 67
37 85
38 56
44 108
39 84
3 6
12 109
13 41
85 115
63 91
5 17
80 139
26 88
36 116
72 110
129 148
104 134
114 138
13 23
61 140
86 107
20 156
133 142
82 147
55 97
43 105
25 147
60 131
118 150
83 121
71 93
18 81
57 80
12 116
34 88
42 122
47 167
82 102
76 101
67 134
130 148
5 102
54 123
31 102
14 46
93 153
82 141
18 27
68 132
79 131
81 137
111 142
42 99
90 136
35 75
100 119
31 148
23 31
118 131
124 156
22 160
2 27
109 134
149 163
36 154
29 119
70 112
131 154
52 115
72 89
67 83
106 121
76 79
9 74
50 69
40 108
36 89
22 92
70 117
15 51
31 125
34 99
151 166
51 116
93 99
56 98
32 77
89 111
19 126
48 84
20 66
2 103
87 96
88 101
15 123
70 110
83 106
44 91
102 103
29 127
86 111
126 148
82 133
56 128
86 149
23 112
48 153
38 97
37 58
76 110
147 162
68 145
81 167
163 166
36 121
15 89
85 165
7 73
15 107
65 113
106 130
73 78
4 34
47 160
60 63
33 66
74 116
77 155
84 153
47 122
41 132
16 93
69 134
39 52
40 102
11 158
79 129
27 45
90 150
109 140
101 148
66 142
16 58
137 158
7 20
38 141
62 151
132 163
39 82
103 167
57 161
37 121
89 121
1 33
58 87
99 116
41 159
105 144
14 92
39 122
41 161
97 122
28 42
97 100
29 148
140 157
13 71
32 127
29 150
11 34
57 127
125 137
48 53
34 69
65 129
2 134
99 141
21 120
15 152
37 130
83 143
40 98
65 68
47 148
17 100
65 153
47 69
37 129
18 61
9 149
37 104
160 166
83 133
18 56
43 136
82 163
2 78
4 11
31 46
152 157
15 141
61 154
55 116
42 152
16 87
71 131
62 118
48 92
116 162
33 141
31 133
34 154
39 114
13 101
36 64
2 124
55 117
62 98
17 128
98 163
82 104
53 98
4 136
46 48
2 58
77 81
17 102
69 115
29 159
18 148
48 49
85 113
27 47
7 46
61 66
90 102
50 59
37 151
60 112
40 147
33 139
73 110
19 69
8 44
110 158
93 157
24 98
3 150
146 160
44 161
97 105
7 153
62 104
89 96
45 164
18 129
9 13
51 63
146 151
58 136
43 146
69 145
11 22
64 96
24 93
105 156
0 84
86 98
26 33
142 160
77 101
30 57
89 160
60 129
41 75
104 108
120 154
112 129
41 55
2 36
30 33
5 138
50 140
44 153
65 125
72 127
7 167
76 135
90 130
63 75
125 148
112 134
28 43
60 75
22 146
86 88
125 153
22 40
58 102
87 154
136 165
24 163
57 136
14 41
37 88
76 94
85 139
32 38
107 114
149 164
12 90
15 144
22 82
46 85
8 92
49 166
93 110
40 142
87 150
7 164
38 165
16 160
75 108
26 31
20 98
5 158
6 133
123 163
0 62
29 129
46 156
36 144
82 145
94 95
11 76
13 127
85 144
55 110
6 126
135 144
11 108
35 120
43 123
34 103
22 156
77 160
26 165
57 98
4 45
108 113
66 151
22 89
9 90
140 156
28 165
31 138
50 163
97 152
13 95
70 154
94 126
112 113
52 87
30 69
74 111
55 105
44 102
47 97
5 6
73 158
69 94
139 164
57 116
36 160
2 89
52 105
10 119
135 150
2 140
28 140
51 91
68 107
11 111
35 115
16 97
11 160
70 101
44 75
29 60
25 53
138 155
36 158
89 106
0 39
43 97
18 153
70 165
50 74
96 127
94 150
29 79
21 151
3 100
36 149
77 158
7 144
77 124
12 130
19 157
0 25
0 82
106 118
36 119
20 54
126 164
36 93
86 127
20 129
98 114
49 117
52 145
82 127
56 117
72 81
71 86
57 93
5 61
7 165
32 48
122 155
14 62
41 165
101 118
45 104
38 132
2 48
24 94
64 67
75 165
100 131
58 82
17 145
9 161
107 148
88 144
52 56
63 132
12 94
50 78
31 103
38 160
1 156
128 160
45 46
10 151
23 78
123 152
63 140
99 128
67 69
29 156
81 116
28 111
115 140
48 85
69 152
7 41
31 167
57 84
11 74
47 128
25 164
91 150
67 107
16 109
38 64
81 132
59 163
8 48
39 116
27 146
48 149
47 150
83 112
51 161
44 57
45 100
105 160
46 132
1 66
34 153
80 117
93 138
91 156
10 40
46 165
46 86
23 126
25 28
64 137
21 46
53 67
120 147
80 141
58 145
43 74
33 95
86 106
11 164
88 93
133 134
70 109
63 68
8 46
27 48
6 99
4 39
77 127
94 144
35 65
112 159
10 146
137 142
131 139
104 141
4 35
89 109
132 135
52 68
8 80
114 164
43 101
101 105
2 43
32 92
104 116
23 139
30 144
9 26
90 166
34 84
29 128
42 46
46 64
66 102
98 107
85 136
20 65
60 120
20 28
37 82
27 120
100 123
11 88
35 76
83 123
11 142
88 161
57 166
154 165
22 140
106 141
78 152
41 136
57 142
10 136
39 44
50 130
19 78
146 161
41 50
45 81
22 44
76 145
0 121
46 158
8 87
100 111
28 59
22 144
123 138
125 134
40 140
48 95
86 136
52 164
55 63
71 135
16 23
15 160
126 143
12 149
119 121
36 43
3 144
20 97
53 125
122 148
83 94
3 29
56 100
74 167
39 91
14 106
66 147
15 138
59 98
101 106
73 151
55 78
43 87
42 59
63 141
4 100
145 161
1 48
87 115
98 140
13 165
31 78
13 68
47 135
105 122
68 100
35 123
34 130
48 128
52 149
23 161
8 17
78 102
83 111
32 99
58 155
101 149
64 79
25 115
42 147
26 30
32 144
82 146
29 109
34 104
9 141
153 158
80 109
83 124
114 158
69 107
30 160
1 162
5 106
154 160
13 140
88 166
58 75
79 149
80 154
45 58
27 106
161 163
80 86
53 106
68 104
20 27
84 94
98 113
146 154
121 145
102 141
8 112
18 69
70 146
92 116
129 152
3 26
19 161
21 28
5 110
105 155
21 45
5 157
78 159
76 119
128 134
11 62
28 105
41 99
53 76
12 114
66 167
2 165
34 141
10 79
11 128
75 139
32 40
60 139
37 143
37 81
55 67
67 101
100 153
25 119
6 19
100 118
6 98
80 129
71 162
9 157
43 77
1 30
46 127
12 160
61 71
96 140
27 162
9 100
143 161
125 128
97 156
5 114
27 70
23 164
36 90
64 86
71 143
54 78
80 148
71 80
78 112
81 122
60 109
152 154
3 84
91 158
66 88
112 131
54 159
20 45
69 155
50 105
78 162
51 146
61 78
59 165
51 153
28 146
118 147
1 36
9 45
64 162
142 146
26 107
123 149
1 62
123 126
130 149
133 135
50 98
83 100
15 25
46 57
132 144
9 44
20 154
40 129
52 62
94 135
34 107
58 161
73 115
105 163
112 143
96 156
45 67
12 62
5 167
24 101
93 156
90 115
11 31
46 111
66 95
97 99
2 76
135 142
73 147
14 21
19 82
4 57
6 132
154 164
20 152
57 133
47 55
109 122
88 92
44 77
12 92
64 129
43 48
0 58
87 88
49 77
12 120
5 105
38 59
9 16
35 134
48 148
27 132
95 141
97 120
13 108
75 107
8 41
97 143
124 164
86 124
10 49
40 117
38 75
153 166
18 127
16 37
28 50
142 158
35 37
132 162
117 165
114 142
80 128
28 152
26 82
76 115
56 89
14 73
83 161
20 24
8 123
67 160
99 139
18 123
86 101
67 109
56 68
63 163
35 66
18 41
14 29
24 128
66 111
17 150
41 89
154 159
23 127
121 166
54 80
103 165
48 161
25 63
93 136
45 79
40 109
110 130
51 94
75 103
25 35
14 90
92 100
24 39
30 81
53 105
145 152
32 35
16 94
35 43
53 107
60 148
70 115
50 119
24 130
79 119
27 147
134 137
22 145
20 34
114 117
8 124
17 48
84 111
72 93
25 132
87 151
120 144
57 112
79 83
24 88
26 127
122 143
104 162
59 164
127 135
68 130
64 135
14 144
63 128
10 32
13 151
71 154
64 166
10 11
49 162
123 144
12 61
9 53
118 121
108 130
2 65
97 128
15 167
52 130
63 165
13 116
31 57
37 167
10 63
60 107
0 29
152 159
79 128
91 105
45 150
19 121
71 146
97 148
38 51
75 83
134 150
16 63
37 74
30 112
33 102
51 115
124 134
143 147
38 62
19 166
21 29
125 149
101 114
20 149
63 167
68 87
33 56
38 48
18 82
14 129
29 68
4 87
52 91
83 145
44 53
3 96
42 77
25 90
17 63
39 55
8 61
96 150
74 134
31 145
49 111
3 143
103 123
37 83
135 158
133 157
104 167
67 156
87 109
109 115
17 113
78 143
0 116
48 77
71 74
127 166
28 72
10 55
90 164
155 159
38 84
124 157
30 120
75 146
102 164
99 131
3 162
27 145
15 99
20 117
121 132
134 141
53 86
82 103
70 133
75 133
22 167
59 155
44 163
76 102
92 95
63 153
45 127
73 160
124 130
76 164
157 161
8 60
46 149
1 108
12 93
10 130
15 106
121 163
116 118
57 73
31 158
21 164
144 145
41 150
8 153
47 88
18 60
6 56
11 132
46 143
41 139
39 158
27 121
35 139
20 47
33 34
66 78
24 71
131 138
7 67
73 89
3 153
35 125
5 31
41 85
36 111
78 84
107 159
124 148
8 31
1 141
9 60
15 43
26 123
141 165
0 122
124 145
32 118
124 141
1 113
52 119
27 166
44 83
48 66
25 26
83 135
78 97
24 50
4 146
59 147
147 158
34 42
54 166
43 63
71 82
115 160
66 71
38 149
18 97
6 73
142 164
52 73
58 100
64 91
6 119
71 106
86 125
9 85
68 113
148 158
27 109
12 95
9 121
8 111
4 123
155 156
109 157
41 51
58 158
41 130
121 133
68 79
1 13
114 141
62 163
92 145
72 129
64 164
140 151
8 128
20 163
11 144
0 126
0 140
35 86
94 152
24 95
3 125
127 142
51 85
118 154
49 156
112 162
106 143
11 155
2 35
86 105
4 66
78 90
75 161
66 131
19 55
56 70
127 131
47 141
11 20
37 118
65 110
40 124
28 77
35 140
1 147
23 44
31 70
65 109
58 84
14 82
10 147
147 164
7 88
5 100
126 152
53 136
125 162
64 153
86 141
58 106
25 109
133 149
82 86
62 128
7 71
26 99
89 149
94 165
39 67
38 39
75 99
87 95
30 104
3 92
65 88
120 161
56 131
40 49
17 146
74 115
54 146
33 87
35 145
58 61
23 55
20 142
84 165
31 106
6 155
59 125
121 160
27 77
13 133
51 55
32 116
69 92
125 139
10 124
77 91
20 70
15 108
42 126
15 150
19 90
76 78
94 159
14 55
128 151
86 153
143 158
24 134
57 117
10 89
23 59
69 161
72 94
157 165
30 99
2 127
2 40
60 84
66 68
96 120
22 109
2 32
14 87
13 91
106 167
73 102
26 159
95 146
85 104
48 123
92 130
30 106
41 157
0 37
77 134
2 160
127 148
11 162
92 129
47 144
86 160
12 54
61 127
63 145
57 157
45 124
50 115
34 150
22 63
100 103
106 110
36 120
112 157
101 123
18 85
35 166
50 53
50 89
52 140
83 131
56 145
128 166
28 82
71 96
76 142
14 83
57 141
3 37
19 61
41 149
58 147
89 125
78 157
18 35
68 116
25 117
8 58
43 58
46 114
2 79
12 87
123 162
53 55
72 123
100 149
83 91
43 152
72 112
17 125
67 164
10 103
81 165
55 149
80 150
55 159
127 141
50 136
123 147
2 101
26 164
32 56
79 101
134 167
39 89
54 72
22 85
6 67
1 65
72 143
93 103
111 140
16 119
149 152
28 76
104 112
34 87
41 110
24 147
106 129
63 109
48 87
37 123
22 110
57 95
7 141
23 129
60 136
7 65
23 80
2 9
29 112
79 112
53 165
132 146
50 106
6 149
8 45
23 81
44 164
120 138
68 163
32 37
8 122
49 138
27 56
50 66
143 155
4 75
132 142
22 77
66 83
32 138
85 94
50 99
32 68
1 102
145 146
107 122
14 110
60 133
32 121
67 144
38 90
8 146
4 167
91 132
2 100
8 19
57 71
47 121
7 63
24 161
24 112
107 113
103 114
29 152
10 78
115 151
51 109
92 164
139 157
115 127
155 165
16 110
93 144
27 52
20 128
65 158
27 55
17 159
18 47
109 167
68 97
87 162
136 141
112 167
118 162
78 158
35 92
5 22
2 137
7 89
119 147
63 76
77 140
87 130
38 79
65 119
13 100
116 123
76 157
31 87
29 121
56 124
112 158
20 39
29 65
80 167
130 134
58 134
40 41
70 162
0 14
73 141
34 109
99 126
48 108
9 65
2 12
49 108
31 114
96 133
78 161
5 166
137 163
111 157
42 63
29 163
111 166
14 121
56 90
64 139
18 21
93 95
52 71
28 39
23 48
43 72
93 160
32 156
26 126
12 57
39 71
46 71
40 119
8 110
99 166
98 119
22 126
10 43
100 144
56 78
40 110
148 151
65 97
76 90
6 26
43 53
9 146
50 85
64 113
99 125
82 153
65 86
45 141
76 85
131 134
1 116
0 124
89 105
26 39
6 72
138 157
25 141
88 157
33 135
22 54
21 53
139 145
41 82
33 104
55 80
21 39
10 94
80 123
32 62
155 161
7 78
30 122
9 119
76 130
24 57
70 78
12 96
56 67
48 90
68 85
21 152
0 155
94 107
10 155
117 150
53 167
25 60
54 144
63 134
22 28
89 163
26 109
37 87
130 140
35 38
82 126
50 144
49 76
8 101
66 124
12 53
122 124
4 141
25 157
2 16
64 115
94 143
131 147
13 162
35 114
62 108
10 106
67 68
65 131
20 30
119 135
27 152
43 78
44 90
29 133
17 54
17 121
46 159
3 41
49 122
57 130
2 108
18 84
71 133
114 139
60 70
133 137
58 66
46 142
138 160
10 125
76 86
33 156
15 28
48 140
52 147
29 74
48 62
142 148
7 116
76 89
25 134
52 98
49 153
38 57
10 57
2 167
20 153
77 107
64 111
52 133
16 135
1 137
23 71
21 133
16 111
23 69
61 92
9 29
88 97
49 121
59 99
32 163
48 132
139 146
13 43
11 38
45 130
68 133
112 148
12 162
116 160
2 148
75 138
74 110
37 98
11 59
16 163
84 133
45 72
20 139
26 48
51 164
57 163
102 133
48 138
90 152
92 114
43 115
39 66
99 118
125 157
120 127
54 132
119 139
50 70
11 47
29 98
83 109
22 59
61 107
28 66
64 119
49 104
15 158
113 124
63 127
9 143
75 84
58 131
48 55
44 93
117 156
16 46
57 123
70 74
55 167
10 41
4 61
97 146
72 75
37 159
44 109
114 147
93 139
62 124
82 139
84 109
34 155
135 139
3 47
69 74
32 112
150 154
40 63
17 132
101 120
61 72
78 129
66 89
79 139
100 104
5 35
17 22
83 148
129 136
77 157
