169
6
10079
60
280 2
475 2
461 2
636 4
623 2
309 3
945 3
525 1
195 4
566 2
70 1
401 1
892 4
881 1
332 2
444 1
86 3
391 4
450 5
179 3
609 2
119 1
487 3
511 5
670 2
227 1
468 5
91 1
464 3
485 4
528 4
364 1
348 1
433 2
699 1
539 2
350 5
116 1
908 2
640 4
681 4
556 2
474 4
396 2
794 5
712 2
808 2
546 5
416 4
68 4
936 3
131 5
522 2
443 2
174 4
436 2
125 2
121 5
784 3
576 1
460 4
449 2
705 3
240 1
721 2
103 3
322 4
194 2
545 5
763 3
648 2
431 4
887 1
125 1
106 3
222 4
528 3
831 2
299 1
813 3
60 5
394 3
417 4
736 2
414 1
670 5
536 4
825 1
263 1
65 3
170 4
351 2
606 5
185 3
50 3
733 2
444 2
458 4
873 5
609 4
768 2
810 4
62 1
453 4
815 4
883 3
213 5
894 5
911 1
559 2
765 5
892 3
678 3
264 4
58 3
429 3
790 5
437 1
575 4
292 4
886 2
845 1
45 2
382 3
279 4
476 3
367 2
95 3
861 2
422 4
883 4
568 1
770 5
47 5
735 3
537 3
765 5
512 2
263 3
231 5
685 4
724 1
526 4
366 5
224 5
268 4
350 4
663 2
128 4
209 2
518 3
261 4
482 3
276 1
826 1
789 2
405 1
938 2
229 3
154 3
667 1
211 2
500 2
469 2
897 1
382 5
823 1
74 4
84 3
6 153
7 94
19 21
48 123
27 140
35 133
52 152
87 144
30 41
124 154
33 89
120 125
99 136
118 137
54 109
67 131
70 152
14 93
70 73
91 102
135 150
35 94
138 161
64 153
149 162
142 166
16 21
98 150
118 123
125 164
60 158
91 140
4 16
139 141
40 64
47 52
24 134
8 161
55 131
3 101
1 139
115 163
35 103
38 53
26 147
5 11
77 88
103 107
38 77
87 143
83 135
91 162
7 119
52 115
24 108
16 20
130 159
88 108
39 67
38 61
15 125
57 121
23 67
48 135
15 18
87 165
97 162
18 161
16 162
51 146
80 162
9 160
107 115
80 115
103 116
106 136
7 52
13 35
33 63
52 98
81 116
45 78
151 162
44 78
128 129
138 154
29 44
11 155
102 123
24 54
86 115
51 68
29 60
120 130
98 158
84 103
57 64
36 154
42 112
91 160
65 72
29 46
13 72
40 119
86 134
99 158
109 112
51 134
35 77
14 27
91 99
3 156
46 146
7 88
94 141
9 65
49 71
34 55
36 115
49 123
44 152
10 128
59 73
80 156
44 161
93 121
85 122
27 147
94 99
37 136
58 143
13 94
8 156
52 126
68 84
21 129
68 163
49 90
36 116
19 101
99 102
105 168
8 87
50 63
17 165
29 91
22 62
87 142
52 109
112 149
41 53
46 67
145 156
25 160
111 153
77 107
9 36
0 151
116 146
82 141
105 156
10 69
25 127
12 28
141 145
29 139
53 101
152 164
90 167
130 147
24 61
11 89
162 167
29 81
11 80
13 97
44 99
48 160
27 36
23 95
87 129
8 23
7 8
56 102
60 70
44 88
37 109
134 136
16 65
15 41
82 119
41 73
18 27
69 87
77 127
54 123
74 148
1 120
65 89
18 130
73 168
25 115
28 37
11 158
4 76
0 88
3 38
6 142
23 91
124 158
116 132
18 143
88 92
53 145
110 165
16 33
50 101
87 131
8 12
74 142
81 146
46 152
30 117
10 89
83 140
23 78
90 145
73 126
62 149
29 114
35 82
148 163
95 137
38 119
2 156
80 116
25 79
98 126
25 45
101 147
46 55
7 140
28 155
136 141
101 117
55 67
45 113
35 81
149 151
33 137
20 101
99 129
72 78
18 154
28 133
29 149
95 107
51 124
42 45
31 143
38 139
56 108
107 131
49 84
61 98
99 166
53 97
56 95
44 154
5 28
60 94
20 35
77 79
24 149
50 126
93 160
90 151
56 116
28 86
26 120
84 86
13 21
33 44
20 67
109 148
53 150
15 24
4 122
146 156
56 163
117 125
109 168
89 141
1 97
50 136
9 69
88 123
49 140
67 120
54 59
99 141
2 54
7 154
24 156
98 122
58 137
79 150
72 86
48 166
19 82
53 74
26 128
6 50
113 115
87 146
71 109
55 147
32 81
136 166
59 64
27 35
65 94
111 148
72 135
0 100
14 45
36 39
113 168
140 158
59 113
80 129
40 159
2 80
92 166
31 137
27 148
85 127
78 160
91 124
47 77
6 128
3 83
42 74
77 120
20 48
10 100
124 129
21 50
62 102
103 153
41 163
20 64
9 95
19 51
71 76
55 75
89 101
101 149
24 91
64 131
5 114
3 66
106 132
14 126
116 126
35 47
26 131
75 136
42 83
13 165
98 152
82 105
40 47
45 166
153 160
18 96
55 114
25 145
31 125
12 24
78 108
5 8
97 101
19 132
56 107
47 109
16 167
136 161
1 10
68 76
1 142
28 122
37 168
46 50
13 49
78 127
108 167
88 98
149 150
68 107
48 140
122 165
76 100
9 112
138 142
23 39
24 83
76 149
22 141
53 163
117 136
133 168
45 86
110 145
32 39
83 123
75 109
113 144
6 41
17 140
46 95
16 142
65 77
148 153
108 140
139 152
29 164
42 114
38 87
94 133
112 120
96 124
26 53
123 127
34 94
42 46
56 98
130 160
33 104
90 166
56 148
8 65
64 103
17 122
73 127
15 40
79 140
95 134
24 109
29 78
68 119
4 41
127 133
44 101
45 155
126 156
43 166
28 145
35 113
70 163
98 145
0 70
100 155
5 20
28 76
73 82
125 159
93 150
53 111
54 98
89 168
10 42
51 60
26 86
33 150
69 153
48 112
124 142
144 162
108 159
8 143
23 81
95 113
43 151
155 162
57 119
21 70
13 116
57 138
105 141
80 109
6 148
24 94
50 166
69 84
45 56
61 95
56 124
64 158
5 141
32 159
6 139
4 156
138 165
71 86
56 110
39 72
27 86
96 159
114 118
105 151
37 96
8 55
80 148
95 97
12 87
133 138
76 110
22 112
2 79
23 90
3 168
150 158
17 36
110 138
25 89
38 108
50 118
22 152
68 74
96 136
5 54
65 112
13 32
15 106
116 117
55 76
10 56
53 141
56 74
77 150
69 70
16 109
6 14
93 114
4 85
55 57
19 66
3 130
62 76
24 136
48 78
83 115
69 150
51 57
24 150
40 42
110 140
35 62
55 96
119 154
148 149
6 18
132 133
51 118
32 47
106 129
150 167
26 118
47 83
8 107
40 131
64 110
54 117
10 51
32 73
67 154
66 144
3 15
9 75
29 108
31 35
99 113
40 166
60 96
0 19
20 22
39 103
16 50
44 160
74 149
22 157
18 111
40 72
33 125
19 52
29 148
5 134
56 92
123 139
112 145
61 113
21 73
18 166
115 167
4 160
34 140
132 168
42 107
90 122
133 136
78 147
22 117
31 157
91 96
137 148
2 128
94 111
4 46
105 154
125 153
54 96
37 71
45 134
40 60
29 88
72 162
58 134
30 56
31 164
41 70
3 67
132 154
31 108
11 75
17 130
102 126
127 141
36 160
42 113
19 73
109 118
1 73
10 93
128 167
94 131
150 159
65 123
17 45
6 42
37 56
48 158
77 132
30 47
15 69
90 100
121 127
83 95
4 78
43 47
25 29
38 49
62 163
118 130
118 128
22 146
57 135
146 168
40 115
67 134
106 150
97 122
36 150
2 66
118 132
46 165
34 109
123 128
125 131
102 153
0 4
11 19
2 115
83 85
102 151
55 59
13 121
36 117
94 165
94 113
141 165
79 104
104 164
6 130
7 131
12 114
22 103
36 45
3 8
115 135
82 97
15 47
38 153
48 144
83 88
109 137
27 157
50 62
21 75
68 116
62 156
25 58
38 128
12 163
43 145
61 74
119 161
14 58
11 81
135 146
8 97
57 111
123 145
45 104
16 97
121 150
30 161
18 42
3 115
26 140
82 128
43 63
27 90
97 121
70 114
33 103
139 145
62 139
118 125
17 42
33 48
38 140
124 151
21 54
14 29
84 88
23 110
113 114
71 166
4 111
42 103
19 81
8 99
105 110
98 153
73 124
127 148
112 118
73 138
24 93
103 128
24 31
57 98
89 114
75 149
67 72
33 92
122 159
61 146
36 101
28 65
13 167
118 158
61 136
16 111
18 156
9 164
7 99
20 107
50 54
89 144
19 40
36 128
79 82
112 164
6 32
140 149
1 5
118 134
121 164
29 107
52 121
55 117
136 145
6 56
23 129
43 85
100 131
76 135
29 146
2 87
13 117
28 168
14 100
53 113
118 122
41 125
8 165
0 129
20 31
1 100
25 83
46 75
4 72
50 53
53 61
41 85
31 52
42 56
100 141
108 142
43 105
93 157
58 164
26 51
27 123
109 142
23 156
32 61
119 166
47 126
108 113
32 35
16 47
12 46
76 86
45 107
82 149
38 124
31 76
80 134
49 61
7 26
96 123
15 114
22 76
125 145
64 144
3 68
0 149
76 158
15 31
66 77
60 150
64 104
108 154
16 144
26 87
27 51
49 63
35 100
93 109
54 145
96 110
52 150
42 63
29 77
47 148
6 51
53 137
68 75
28 146
7 77
11 107
37 39
8 137
106 135
10 158
79 139
11 16
21 113
39 124
92 104
32 55
69 149
50 70
23 128
86 138
3 121
46 109
50 138
16 63
80 112
39 112
85 116
121 123
85 148
22 72
28 51
48 95
5 97
10 53
105 140
39 126
15 103
42 86
76 130
37 139
99 147
2 11
9 40
73 137
8 101
54 87
2 95
4 17
71 148
55 118
74 91
15 159
12 164
83 166
71 123
85 114
24 138
45 123
20 88
55 128
72 97
52 153
4 14
38 168
148 157
70 103
55 141
4 140
90 163
36 125
100 128
99 135
40 117
57 80
19 62
14 94
118 151
143 150
0 26
160 168
43 64
28 103
45 109
112 116
96 144
20 58
52 79
66 145
0 117
69 82
9 34
7 46
34 108
86 167
45 126
98 147
26 164
126 167
17 114
103 134
34 67
143 149
33 64
85 168
52 133
33 158
24 115
63 143
30 147
83 84
38 133
89 160
145 165
78 103
7 31
71 119
83 152
28 107
9 19
41 119
29 76
38 106
48 153
86 131
54 56
67 150
35 147
13 29
41 148
128 144
83 143
49 118
129 163
86 126
63 66
121 142
51 69
52 87
13 119
0 114
25 77
46 72
35 74
31 40
11 14
42 150
70 94
92 149
23 44
18 26
19 99
48 121
84 124
0 28
102 162
137 159
15 166
64 101
113 125
156 166
92 127
44 73
44 144
38 67
127 160
33 152
137 149
23 168
33 35
143 160
70 117
114 130
61 80
32 144
39 118
28 80
25 26
62 157
48 125
148 160
17 63
66 69
17 33
36 159
123 144
30 95
25 144
14 98
40 111
41 136
64 133
26 99
48 115
32 68
62 159
34 117
108 156
46 167
90 147
11 64
23 158
133 147
7 101
21 64
41 122
142 159
59 108
3 42
21 139
114 117
60 104
0 93
21 35
10 24
75 130
33 154
37 105
2 24
134 160
11 29
98 137
70 105
58 88
15 148
21 61
136 137
29 96
70 118
21 148
24 151
59 152
23 130
49 124
53 136
91 158
101 121
116 127
40 71
54 72
93 149
101 124
0 38
78 162
4 133
96 143
41 131
30 131
11 45
36 37
47 131
33 39
64 109
1 44
22 91
7 87
7 89
15 112
7 70
27 156
48 145
74 122
24 42
2 94
33 66
1 167
61 105
45 120
117 124
21 165
49 78
89 159
127 159
158 160
12 33
3 94
70 85
99 100
9 102
117 132
7 61
28 126
133 143
43 101
10 71
101 119
75 103
45 106
1 62
45 130
154 156
11 122
48 91
50 145
79 80
54 58
75 143
30 63
14 28
102 104
18 30
64 88
1 76
102 147
34 128
79 141
99 164
5 75
65 126
6 117
139 164
46 89
31 98
105 114
63 99
12 136
94 114
18 117
86 106
92 110
84 110
144 166
91 120
0 14
95 161
3 63
45 80
107 161
22 109
3 100
19 57
92 163
118 143
74 104
80 101
11 78
40 53
67 133
128 159
84 118
47 145
129 151
22 140
6 24
95 164
95 106
92 131
87 148
134 167
123 126
40 153
86 132
17 151
56 70
127 152
112 166
76 140
105 163
8 124
46 128
10 80
20 116
15 137
32 149
61 153
29 79
39 113
97 164
57 168
16 161
28 166
55 70
77 84
48 103
143 163
14 62
1 22
86 108
107 130
28 33
6 151
84 100
69 95
77 105
44 50
70 160
119 133
81 134
8 112
101 112
46 127
29 85
65 68
90 121
101 103
62 124
40 129
22 98
57 82
127 153
19 30
101 150
6 77
50 87
114 153
97 140
101 104
47 91
3 65
58 82
70 128
76 168
86 94
88 104
54 110
124 126
12 22
41 154
5 117
45 92
20 140
32 155
60 161
106 114
39 155
74 116
119 151
1 116
29 54
11 65
70 90
11 28
74 123
34 72
56 101
40 74
123 135
66 164
30 119
122 168
10 120
74 144
87 95
62 88
64 81
113 138
30 106
26 127
45 117
16 138
14 116
57 74
14 141
70 102
41 52
9 92
122 145
107 151
135 138
13 73
35 168
63 96
105 142
127 147
107 117
80 89
31 46
1 83
40 49
83 129
121 157
12 78
21 91
62 83
49 111
3 140
49 156
49 98
35 128
66 162
43 158
50 81
18 110
126 160
106 107
41 104
36 129
0 91
97 99
92 132
41 160
32 108
2 144
163 166
6 124
81 132
50 120
32 34
112 124
62 97
27 85
35 138
73 107
56 167
106 133
76 92
81 100
102 155
127 132
77 110
113 167
111 134
33 53
25 49
61 124
52 70
51 140
70 136
18 60
100 117
8 104
12 161
144 152
143 154
35 136
141 166
141 150
24 113
91 139
61 108
61 167
84 165
8 31
56 129
49 119
94 97
92 109
73 164
28 96
24 29
31 105
157 164
42 85
36 145
49 130
90 126
10 32
61 104
1 71
23 45
73 144
32 118
84 90
137 150
10 162
28 167
43 146
34 91
54 154
55 127
98 115
15 128
36 58
6 132
13 160
48 55
12 166
34 158
12 128
83 150
4 152
24 81
67 137
106 123
51 145
17 39
129 153
71 77
85 117
120 149
116 122
25 52
54 118
87 133
18 119
18 20
79 148
55 68
100 143
17 73
8 49
5 53
68 102
13 92
52 101
66 98
64 86
65 91
15 156
78 110
83 138
40 56
71 161
85 115
7 57
85 90
32 157
22 56
39 108
25 37
53 68
1 29
37 123
32 85
34 133
34 59
68 158
94 160
81 112
110 113
47 128
98 127
88 164
14 36
25 47
109 159
47 111
103 165
8 115
94 134
7 12
109 113
104 108
2 22
60 67
85 154
43 75
100 130
12 115
15 127
51 87
17 138
53 117
118 120
61 92
121 122
68 150
0 75
34 64
143 148
73 157
48 89
37 82
41 159
0 87
145 157
153 159
16 56
73 121
73 163
12 70
13 130
57 128
23 70
105 122
22 24
13 153
3 124
132 158
98 116
16 157
13 77
144 154
84 148
87 167
137 142
138 146
6 62
96 132
14 50
14 49
0 40
14 81
125 142
3 10
18 126
13 138
24 45
82 164
56 57
47 154
62 129
39 69
76 117
38 89
19 50
7 155
84 168
46 160
52 127
26 46
61 71
27 78
1 154
53 64
130 154
24 126
98 163
40 81
120 144
160 167
99 153
91 103
34 147
51 96
31 45
30 101
58 150
16 73
50 117
33 168
57 103
31 59
80 113
17 27
30 99
109 114
36 60
43 88
88 131
48 62
22 105
123 130
74 108
126 138
26 71
63 112
59 144
61 126
139 157
115 165
49 128
23 59
48 70
45 46
52 55
45 47
67 113
1 152
64 93
120 160
114 144
112 151
49 93
29 89
107 149
135 165
15 23
62 114
107 143
8 125
81 141
88 162
115 152
93 134
100 107
5 39
122 148
56 84
6 155
101 120
6 122
11 100
130 151
14 108
115 125
130 133
68 115
2 29
13 100
52 161
29 61
108 148
93 163
43 129
44 168
103 150
34 166
28 151
60 107
73 118
124 127
47 73
57 151
5 40
4 164
110 139
43 94
17 117
73 94
76 134
135 154
74 103
84 101
27 80
30 31
69 115
15 151
70 131
71 78
33 124
13 106
8 157
22 163
135 163
81 122
57 92
52 91
36 140
65 168
73 161
53 65
74 99
34 58
13 158
45 159
44 132
48 152
26 90
3 128
51 111
136 138
98 117
61 161
47 143
33 83
142 161
42 155
11 68
23 92
107 111
39 140
97 157
63 75
84 135
26 130
50 58
21 89
10 140
24 25
80 82
92 102
146 158
25 103
8 30
18 121
12 80
7 144
54 89
25 133
109 119
153 154
77 149
50 139
37 43
3 127
16 25
5 44
2 18
9 101
8 88
130 135
84 91
37 165
48 72
92 114
37 132
106 144
119 142
10 152
40 133
55 64
67 79
73 88
33 116
0 128
33 61
1 143
132 144
16 96
128 156
102 119
143 164
50 93
52 74
96 133
13 112
3 108
46 104
34 159
87 108
92 123
102 118
50 59
11 109
67 126
73 95
32 109
148 150
88 134
112 163
50 52
51 98
32 127
122 158
16 101
52 142
72 108
11 134
79 103
15 48
44 93
63 129
13 51
73 160
84 120
38 148
87 123
38 147
89 105
29 101
109 164
58 80
94 107
67 121
8 132
162 168
64 67
78 128
125 157
14 44
18 44
19 37
35 70
127 140
113 128
53 92
43 160
31 163
115 130
23 123
9 44
28 89
67 99
122 166
1 49
12 157
86 92
48 129
7 137
20 113
18 77
73 146
56 135
30 35
135 141
61 88
39 120
23 153
139 151
73 110
112 162
41 110
85 100
27 60
12 118
23 88
90 134
36 77
50 111
3 14
32 88
11 62
85 136
11 136
65 103
23 161
122 134
53 148
142 147
108 146
102 112
38 80
69 142
98 135
55 166
107 147
10 70
18 82
81 133
1 138
5 92
144 146
145 158
114 154
15 141
61 127
13 136
72 113
86 146
63 89
47 151
137 151
74 77
102 150
51 93
112 146
54 143
50 99
42 50
5 101
103 148
13 23
119 155
5 107
34 105
60 109
0 43
24 79
8 13
71 122
112 126
115 117
15 94
118 167
43 152
27 108
31 100
20 21
18 54
0 76
141 143
131 137
5 151
65 135
55 135
4 121
18 87
35 123
77 82
77 145
41 168
12 137
100 167
151 165
16 93
17 26
127 145
22 69
21 52
11 94
54 84
48 132
69 105
43 167
82 117
82 88
96 154
15 149
13 30
58 135
80 127
49 69
49 106
5 74
53 98
111 124
36 142
38 92
30 44
27 101
83 156
71 87
62 69
25 51
12 105
0 24
36 98
112 138
105 145
57 102
22 85
81 93
6 87
4 153
126 136
59 133
94 142
145 154
94 126
27 102
71 74
80 160
11 118
59 156
97 160
8 67
110 166
16 98
107 133
31 88
42 120
11 99
94 167
41 115
136 167
24 66
21 125
14 134
135 160
59 127
17 108
131 133
90 109
131 162
101 140
116 135
81 94
61 138
0 80
36 126
28 141
50 68
1 145
78 145
1 27
18 83
19 92
80 157
22 144
64 117
70 165
90 152
8 118
102 148
54 122
71 116
21 127
12 135
19 166
112 154
15 51
32 156
65 158
23 99
26 121
114 145
42 71
57 108
72 125
39 73
59 163
27 141
58 102
48 99
68 128
5 90
109 133
2 65
36 127
44 48
3 81
38 83
44 95
13 155
15 93
14 165
18 103
16 30
68 141
83 102
17 128
6 115
89 137
52 139
2 93
29 167
55 65
5 55
35 159
0 123
115 155
39 146
100 106
39 130
43 132
77 94
155 161
139 162
57 149
20 71
23 74
4 102
103 108
43 147
116 154
106 112
140 168
42 68
59 147
19 28
24 37
29 62
61 68
27 129
37 59
36 161
66 148
34 41
25 101
25 81
26 123
20 87
78 105
8 21
63 109
108 158
20 83
96 101
61 144
33 119
56 158
55 85
64 162
126 148
66 165
38 60
85 93
39 125
59 85
0 35
19 161
60 68
99 108
23 41
90 119
80 119
56 100
90 150
66 154
73 86
7 133
62 119
40 150
56 111
35 119
39 53
76 143
50 79
8 89
29 120
3 84
84 98
13 63
81 114
64 111
0 48
45 143
17 103
3 31
84 121
115 168
1 147
64 116
85 110
119 126
4 61
1 132
122 142
49 125
82 144
87 115
28 153
13 115
64 128
68 125
72 94
16 81
56 144
7 66
88 137
42 149
78 134
60 145
119 148
31 104
102 136
105 117
62 158
100 112
41 165
129 166
18 150
36 40
58 114
11 121
102 149
85 161
41 164
18 72
103 135
32 121
100 132
44 59
39 167
33 88
8 61
52 61
38 132
143 165
25 54
142 143
45 145
147 164
18 152
105 161
71 88
21 137
98 151
34 44
53 155
95 110
11 106
165 168
2 149
98 143
22 120
107 108
159 166
4 137
24 147
0 119
59 158
25 61
6 101
2 40
63 93
133 139
61 130
2 70
1 77
5 163
48 114
37 76
70 138
53 66
65 149
24 96
82 160
17 116
23 87
36 81
10 48
62 125
0 130
3 82
10 153
99 101
78 97
55 125
51 61
46 125
152 159
12 151
15 91
129 133
135 142
2 31
26 151
42 65
66 86
12 73
26 43
10 155
35 91
85 144
19 91
24 55
113 146
51 128
13 113
68 105
20 51
2 60
86 113
62 154
39 100
23 47
55 77
67 138
71 103
70 97
5 61
34 102
91 123
98 164
56 132
150 155
20 120
88 144
21 142
21 29
12 41
106 153
9 120
38 151
39 101
22 26
33 148
135 153
42 142
78 131
41 162
67 88
0 110
27 121
47 132
57 81
27 75
127 138
63 73
23 145
39 86
120 158
0 163
77 130
106 154
106 166
144 168
60 101
88 109
112 155
72 73
127 131
118 119
25 82
92 95
19 42
104 144
36 66
88 165
72 118
144 147
36 95
2 123
76 112
78 150
72 131
7 117
110 129
5 78
127 130
69 126
65 120
3 74
37 88
139 163
11 168
117 160
141 147
50 162
63 80
4 53
15 66
14 152
57 146
85 140
98 138
62 78
100 156
26 42
73 114
31 80
6 83
53 86
90 135
12 165
63 68
130 153
18 23
15 134
77 163
87 96
106 157
83 126
97 136
24 101
57 137
1 117
21 146
56 121
87 116
22 156
4 125
51 76
61 129
79 146
38 82
84 139
8 76
69 74
119 139
93 165
16 123
54 75
76 119
10 149
1 118
18 122
67 112
66 114
117 147
161 168
8 35
44 143
60 106
33 93
38 62
46 161
19 44
97 127
104 116
137 143
40 149
94 129
12 55
50 127
88 145
10 72
11 152
141 159
35 59
51 163
75 133
47 63
41 67
30 159
17 87
85 152
38 64
32 135
63 157
49 110
54 63
49 50
41 117
105 134
57 89
101 110
41 49
119 121
83 160
61 118
85 133
37 125
53 55
148 164
34 155
8 134
17 100
94 157
67 116
46 58
58 140
30 77
129 157
52 146
40 145
12 42
160 162
88 159
17 86
87 114
73 156
89 99
56 140
10 81
37 74
19 38
52 105
36 48
86 139
113 140
61 94
4 158
2 148
85 129
47 86
40 121
123 168
49 53
40 91
86 150
119 123
84 93
16 120
91 150
16 68
113 135
77 135
103 126
26 150
24 41
62 130
51 97
88 161
20 148
139 150
35 93
23 65
82 146
57 156
42 64
79 155
4 40
7 45
61 114
37 42
60 61
39 115
20 26
46 155
40 93
120 150
4 88
38 120
8 14
94 116
28 88
140 153
23 42
134 157
111 152
92 148
124 138
21 74
18 57
41 149
154 155
98 107
52 141
83 142
2 97
104 109
101 108
41 112
21 72
87 97
28 66
14 167
63 98
34 76
42 94
37 159
86 157
20 158
7 121
87 161
3 72
96 109
56 136
61 133
0 159
24 122
46 107
79 154
109 141
57 141
21 81
20 127
11 59
92 124
53 62
117 146
36 82
4 89
3 163
30 107
107 162
61 106
47 112
143 167
40 158
31 77
74 155
19 56
60 139
119 157
35 116
107 127
0 164
41 105
120 131
82 155
65 117
88 138
45 151
51 115
123 157
20 61
88 136
33 101
33 161
59 134
66 105
108 164
43 65
2 4
7 9
122 161
66 137
120 146
141 149
68 83
67 157
111 126
68 78
105 106
54 93
114 121
13 127
102 157
58 125
45 152
10 122
92 116
87 124
135 144
3 161
106 147
63 125
17 154
28 142
10 116
0 121
70 155
65 148
86 100
18 116
52 114
97 148
57 153
19 149
107 165
137 152
97 106
158 165
115 149
8 139
35 102
6 64
37 135
20 32
125 148
0 49
113 130
54 64
5 13
127 154
75 113
5 104
103 149
89 126
78 142
99 104
83 98
58 96
146 165
2 83
112 152
102 121
124 157
32 126
46 47
60 166
68 152
35 75
119 156
56 77
114 163
59 75
65 162
71 143
75 91
29 97
98 167
82 103
8 100
51 167
47 67
77 159
122 140
8 10
83 87
70 99
20 52
64 78
18 107
114 152
54 160
72 167
79 88
113 158
89 96
47 98
95 163
20 94
1 36
30 73
24 90
75 155
9 89
12 123
5 119
4 39
111 143
31 38
49 139
88 119
3 73
5 108
47 105
133 164
56 131
52 156
3 85
4 146
23 157
49 108
29 34
29 42
57 148
94 95
85 160
6 28
101 134
58 91
11 43
19 70
17 67
3 99
58 111
2 150
10 117
14 84
68 126
64 164
6 48
112 129
51 77
63 167
35 39
65 110
72 144
16 52
32 132
39 48
133 157
84 147
97 146
39 66
76 82
22 47
69 148
40 152
0 140
33 91
112 115
1 125
81 158
100 150
2 48
6 8
144 150
157 162
42 93
53 160
2 124
11 146
66 100
4 106
19 33
43 148
110 126
100 138
44 92
41 78
41 137
3 21
39 121
34 103
98 166
16 92
138 155
31 41
14 54
109 115
3 110
15 30
35 45
62 146
20 144
20 111
9 17
15 81
54 114
20 105
77 136
30 110
53 116
51 129
114 142
39 40
68 79
36 89
24 46
43 120
98 130
111 115
52 155
17 147
36 70
9 76
16 79
82 148
67 96
94 108
5 157
32 113
92 97
76 144
123 132
23 96
34 39
63 74
18 19
74 120
9 97
24 100
11 129
80 163
5 91
33 130
0 132
69 162
62 106
3 107
97 107
38 74
49 151
90 117
86 160
67 83
80 99
93 119
3 136
8 16
49 88
6 113
97 118
5 123
11 97
96 139
5 45
21 48
143 156
144 167
66 149
58 99
58 83
28 41
55 152
45 70
125 154
69 91
108 141
70 125
76 167
95 102
91 125
104 141
15 152
14 88
16 49
51 91
91 166
32 133
7 85
52 92
13 118
50 95
77 154
20 100
15 162
64 96
44 149
12 26
3 17
33 43
2 35
99 165
104 146
125 162
114 156
10 164
5 145
71 95
42 119
103 110
42 147
12 40
26 105
67 68
54 137
40 88
140 163
40 59
102 144
129 149
102 158
49 164
13 139
76 122
48 82
46 49
125 160
10 49
49 83
87 139
54 62
68 153
126 135
117 135
2 44
21 62
36 135
119 127
7 165
52 159
145 147
96 142
78 117
23 52
100 161
76 84
32 87
52 64
75 96
94 125
107 146
30 156
19 105
41 64
8 123
90 106
77 134
18 113
90 146
3 111
131 160
113 123
93 146
37 113
21 149
0 126
32 152
8 25
9 99
93 153
27 57
99 142
29 105
17 46
17 113
6 147
125 137
42 131
55 129
17 80
78 120
0 112
115 141
30 52
131 167
83 164
13 75
57 88
67 102
36 105
47 133
75 79
74 118
60 77
114 167
59 95
59 60
29 166
133 142
32 107
14 140
32 153
140 166
25 165
116 155
84 126
33 38
123 160
0 138
32 72
35 72
11 72
12 23
51 83
1 157
22 57
45 94
46 102
55 132
78 144
73 140
49 168
69 75
73 150
59 150
75 144
156 162
148 158
24 30
17 167
78 130
26 35
33 121
21 136
30 98
58 157
44 165
135 137
45 87
127 144
23 124
134 165
143 162
111 154
67 155
18 134
9 25
32 91
26 66
47 129
24 78
3 77
32 44
33 49
115 127
21 155
110 137
5 96
9 29
18 155
85 119
42 54
66 142
1 96
35 108
72 140
42 62
15 38
51 92
49 155
26 108
59 99
45 135
70 139
151 161
31 53
80 131
123 165
32 50
72 152
59 72
25 113
79 111
0 56
13 123
101 139
36 100
17 146
30 68
27 142
19 165
11 49
14 121
13 42
15 55
0 161
69 89
37 80
11 27
55 109
83 137
77 113
68 118
155 156
88 91
72 145
33 90
127 151
10 15
11 147
88 105
49 131
30 142
26 136
10 92
24 68
131 134
87 122
36 74
20 152
27 98
70 81
122 152
42 129
72 161
109 134
80 90
67 153
79 157
78 126
120 122
36 138
25 163
102 130
12 27
25 100
23 147
98 159
35 124
18 89
16 107
57 145
6 13
30 40
113 148
70 115
53 96
28 71
71 93
81 126
37 40
63 118
14 166
130 144
21 80
12 58
61 83
72 156
105 152
124 145
84 130
50 74
69 78
65 144
21 159
10 64
63 144
112 123
13 114
127 163
124 150
109 162
82 130
89 143
36 158
153 164
66 93
19 118
0 165
5 137
45 163
30 80
91 118
32 103
82 89
80 118
31 73
72 119
109 131
99 116
23 84
137 153
39 141
27 163
11 167
40 134
125 138
128 149
113 120
57 133
6 53
107 135
11 22
8 15
3 51
26 40
109 135
23 165
63 127
22 142
39 165
36 69
165 167
81 153
112 130
54 167
95 155
43 66
151 159
27 31
9 14
49 99
119 149
42 48
60 136
110 147
43 68
121 124
158 162
64 141
88 116
59 128
6 108
22 102
10 18
100 162
5 73
25 118
54 150
7 37
24 164
12 43
17 75
19 160
63 141
96 146
5 62
104 167
32 93
88 130
5 129
39 79
58 159
23 133
95 127
55 98
95 122
102 106
113 134
17 21
140 164
136 150
8 60
32 130
49 122
58 61
29 86
65 111
79 159
57 110
92 146
56 71
15 62
71 162
121 149
3 138
22 130
19 96
13 133
40 57
86 105
48 63
18 35
43 53
111 155
53 159
40 139
30 141
2 104
61 69
44 67
1 94
19 69
98 125
18 144
92 168
20 24
109 111
27 165
72 159
10 12
4 128
58 142
3 80
31 51
58 129
65 153
17 62
93 103
51 148
110 152
25 158
11 117
41 145
38 114
76 80
4 92
3 132
44 69
25 95
83 104
27 46
41 156
121 135
47 104
41 103
3 150
1 108
8 22
27 67
33 87
36 102
65 129
18 100
59 78
21 31
121 160
111 160
132 160
35 73
7 35
84 143
53 78
74 119
17 32
100 120
58 133
50 78
95 148
52 103
65 118
19 35
61 163
21 140
36 114
12 129
32 137
15 37
87 130
26 110
62 93
100 153
101 146
10 130
5 98
4 83
68 86
32 51
35 44
47 123
8 160
75 141
31 44
28 147
20 89
72 92
47 106
29 113
91 101
48 68
9 51
37 68
103 113
28 134
44 104
66 113
38 86
19 115
0 52
40 45
22 86
3 4
37 142
28 157
42 153
1 33
66 122
26 124
55 66
83 101
55 148
15 21
37 94
26 154
77 153
72 121
139 166
20 41
111 114
77 161
34 36
73 113
15 61
84 136
22 113
8 64
44 151
16 130
43 49
154 161
94 155
16 59
31 58
14 74
18 63
96 105
44 91
43 153
45 62
60 84
24 99
4 8
114 131
118 140
11 114
61 119
28 154
53 147
30 149
33 129
14 34
1 81
24 130
89 133
81 125
53 156
86 149
90 115
4 15
29 111
19 58
7 149
9 31
120 127
113 149
2 39
49 112
25 105
97 131
54 101
151 160
0 41
35 76
33 59
7 152
112 158
7 78
111 151
77 121
32 96
7 59
77 139
73 97
75 99
155 163
108 153
142 156
91 131
27 159
10 146
141 155
10 83
61 150
2 53
53 69
23 136
23 40
36 119
22 82
28 102
41 71
53 164
45 54
16 133
31 43
37 70
9 125
52 137
21 126
63 76
107 139
136 139
7 72
43 102
82 104
66 119
29 87
56 65
4 91
56 160
55 155
22 48
49 163
44 71
84 140
112 144
19 89
30 135
64 166
48 126
56 113
0 158
7 150
5 165
47 110
29 145
3 12
17 104
33 100
12 47
108 161
92 134
2 137
89 167
73 151
66 131
35 46
58 145
13 146
105 126
2 151
137 147
24 166
14 105
105 115
61 164
76 89
9 151
55 140
113 147
85 91
59 90
16 29
52 108
39 157
72 114
43 144
14 18
54 99
29 125
129 160
14 119
102 164
5 118
18 131
133 146
9 42
7 10
40 164
2 135
117 159
27 99
48 53
104 105
110 127
104 168
64 95
20 104
13 80
3 45
11 51
71 159
92 147
22 154
81 138
17 162
106 110
72 88
28 114
5 99
15 46
68 110
26 52
49 152
4 33
50 141
42 166
55 139
26 156
142 151
54 103
20 126
103 163
16 115
56 120
29 38
102 152
30 146
3 155
42 133
140 147
6 126
19 86
44 147
8 135
63 162
28 159
33 109
40 52
11 98
16 134
48 120
29 118
131 136
12 91
3 122
50 67
44 166
2 147
85 104
37 160
129 146
39 145
44 86
9 141
9 111
62 143
74 114
89 139
1 34
41 87
27 84
33 157
60 148
73 167
48 66
28 139
19 111
91 143
81 98
11 154
47 59
14 133
9 152
102 145
28 120
83 141
35 149
53 127
35 141
41 150
80 147
66 97
2 152
52 149
25 66
14 19
48 67
7 105
43 139
74 85
36 156
72 141
77 117
133 160
22 31
50 150
118 141
14 160
9 56
141 160
130 148
71 129
5 47
116 121
15 150
8 149
64 99
72 158
87 150
46 66
43 128
44 167
19 120
2 141
117 142
75 80
62 63
28 156
0 13
76 162
18 162
21 45
18 104
15 161
39 95
48 138
35 111
37 47
36 63
24 143
122 136
13 132
44 112
55 137
73 115
59 70
35 129
63 87
47 85
68 143
81 109
4 45
118 129
30 71
41 146
62 136
63 168
35 107
118 144
47 55
51 166
141 161
5 63
30 62
51 125
94 164
75 88
67 161
51 156
22 121
115 143
110 118
0 143
14 150
89 162
50 102
125 151
71 80
45 100
124 168
35 49
64 115
20 151
108 163
82 92
97 150
51 149
85 88
108 131
159 167
62 98
78 88
34 100
72 80
90 101
79 122
89 94
11 46
15 33
68 142
83 100
12 133
65 106
97 144
2 143
32 147
25 161
57 123
30 115
14 51
59 112
21 85
12 14
4 80
39 64
26 39
25 32
86 161
41 123
77 158
97 123
138 166
30 129
38 144
22 43
117 161
79 161
17 43
8 54
29 95
30 166
117 141
38 85
67 160
64 139
16 75
8 153
14 42
139 156
46 124
78 113
103 162
44 129
66 92
104 123
7 23
1 18
37 108
138 145
31 48
26 135
19 77
93 128
74 112
34 115
3 167
8 120
92 115
116 158
14 89
5 59
25 93
111 128
36 146
138 148
145 163
22 155
62 95
32 37
123 162
95 119
25 152
14 115
54 144
12 152
28 109
31 67
116 156
96 145
56 91
35 142
60 93
54 146
14 65
114 135
48 83
61 107
18 114
61 72
36 121
22 133
43 117
34 134
88 89
33 65
66 80
51 116
52 122
24 157
50 66
54 161
125 126
21 55
79 115
12 110
103 146
147 152
147 168
14 153
144 151
32 33
70 140
99 138
39 133
33 41
28 165
3 33
33 95
95 157
30 59
7 19
57 129
59 141
3 114
164 168
48 57
114 160
60 152
16 104
69 135
58 63
12 132
80 110
16 146
27 124
19 41
50 137
42 66
40 138
4 75
94 102
25 71
146 152
158 168
38 97
59 164
11 21
67 110
51 108
40 95
14 71
45 156
89 97
9 139
5 102
6 114
12 18
46 120
29 133
129 145
55 81
105 139
2 32
134 163
42 137
94 101
34 77
88 117
37 162
110 150
106 117
104 128
6 91
30 157
114 168
91 94
95 111
12 153
11 38
29 59
80 158
42 118
41 90
77 126
6 163
148 155
41 155
37 166
119 135
30 96
27 54
18 68
26 58
21 150
38 40
93 131
24 85
115 139
53 58
75 148
49 101
62 68
137 165
57 58
4 142
84 106
0 64
70 126
41 166
28 110
115 145
61 78
51 54
18 49
14 21
9 118
55 69
65 81
45 167
9 134
120 154
48 64
91 149
15 70
11 96
38 68
68 149
82 124
18 24
15 117
13 93
29 64
117 134
10 126
2 14
90 140
27 143
35 64
10 74
50 119
10 106
133 161
71 131
15 118
17 94
69 98
42 88
123 150
92 122
146 147
24 36
12 69
13 37
9 167
27 33
15 155
15 99
112 119
70 116
21 98
18 85
62 81
43 127
115 137
72 115
40 51
37 100
60 160
10 37
44 100
90 94
6 167
81 111
5 24
65 146
15 98
43 69
64 85
28 78
86 111
8 152
1 141
97 142
93 117
39 76
53 149
117 166
71 85
14 122
3 47
78 92
145 155
69 119
63 124
24 161
84 155
75 92
32 58
20 114
13 109
1 79
41 114
109 136
111 127
44 107
33 55
9 132
108 145
29 51
47 61
161 163
48 122
25 156
96 163
39 63
74 129
33 167
37 48
37 148
44 64
39 45
14 38
13 53
11 17
84 113
62 133
3 41
79 147
26 62
36 80
71 134
126 139
102 159
150 154
6 168
61 79
85 103
20 136
129 155
81 151
54 155
43 62
25 122
60 71
116 133
82 123
70 119
17 132
56 134
5 65
34 54
42 80
47 120
81 106
75 117
66 168
127 135
13 108
54 69
31 71
8 79
92 135
81 145
5 139
67 164
78 141
80 143
109 146
42 57
89 124
35 40
98 156
31 117
22 153
115 166
121 167
22 138
8 86
107 144
142 168
36 118
29 90
69 140
128 137
52 63
71 113
66 117
104 140
75 95
17 61
49 137
40 68
36 53
22 70
69 145
11 36
31 94
34 65
144 155
51 65
91 157
55 154
32 45
88 101
19 107
47 156
20 46
12 100
86 90
87 93
11 84
69 138
82 108
44 47
100 134
29 98
85 107
123 151
81 137
56 72
85 145
23 89
48 105
38 59
36 152
75 126
141 156
68 77
81 86
149 164
36 85
4 62
84 163
14 136
7 55
64 151
104 149
72 100
5 12
47 113
59 111
32 168
73 136
77 78
83 153
47 75
41 91
156 163
156 161
38 142
40 62
13 44
78 139
26 159
89 138
107 150
100 114
66 76
11 101
133 151
9 68
38 103
62 89
129 142
39 43
102 129
57 104
37 84
88 111
5 125
57 139
97 156
41 118
103 166
1 89
39 83
41 120
95 168
27 154
95 146
29 119
135 167
19 31
32 95
29 121
9 81
57 70
122 144
47 125
34 35
64 167
9 155
98 111
21 99
10 131
37 93
82 145
40 58
64 106
47 101
13 147
65 88
46 143
37 92
5 36
1 59
37 67
148 168
82 135
4 23
43 93
81 167
18 78
9 122
30 152
144 161
13 39
61 93
55 61
42 110
5 122
70 157
61 162
47 164
114 151
33 108
31 102
34 120
39 75
8 28
35 160
6 127
55 62
61 142
13 163
97 135
81 108
52 160
11 40
45 124
0 84
76 95
16 151
68 145
29 130
18 128
47 121
84 111
26 161
15 20
60 112
89 90
49 127
37 114
59 160
40 107
33 106
72 132
1 156
3 24
108 165
92 139
24 74
12 99
140 161
44 117
95 151
10 84
61 148
87 166
45 119
12 17
10 59
50 129
140 152
58 78
43 103
69 76
7 68
63 136
24 69
104 114
17 57
85 94
25 149
137 158
76 115
29 165
88 150
60 69
40 161
102 133
118 131
110 130
153 161
5 9
29 141
2 166
50 90
44 109
64 163
71 151
10 77
75 151
89 118
62 117
122 155
110 135
27 155
59 123
22 124
84 167
122 160
21 164
57 154
86 148
132 163
24 139
57 79
6 19
37 51
75 110
84 137
31 142
105 130
143 144
11 150
4 55
22 60
45 161
17 40
49 117
91 168
40 102
86 144
7 13
38 127
9 100
74 126
25 147
20 78
1 38
5 60
121 131
18 123
29 100
46 110
36 108
81 149
92 150
2 47
13 110
84 142
54 168
3 102
131 147
6 112
35 85
43 80
34 69
22 134
77 83
150 163
56 152
1 137
106 126
66 85
22 67
9 57
135 166
28 137
31 107
50 113
96 126
10 23
70 84
93 106
110 114
51 151
30 39
73 131
54 163
44 58
47 50
5 64
73 85
68 124
135 147
57 59
36 124
9 35
52 53
13 105
131 153
0 124
28 112
50 157
67 139
4 82
35 80
16 77
3 139
69 129
43 155
29 31
25 28
134 143
36 122
88 96
3 70
43 54
12 59
70 95
49 142
95 103
93 130
29 50
21 130
1 153
36 113
77 81
10 27
76 138
4 79
19 138
4 139
14 137
104 137
36 83
20 34
123 167
36 57
85 123
20 109
96 157
49 68
52 93
81 131
56 61
71 105
70 112
56 147
0 125
16 38
31 152
120 126
10 25
41 124
99 152
45 59
38 94
2 153
158 159
63 107
75 90
98 168
57 134
13 48
18 39
105 164
87 136
51 120
63 69
3 88
49 146
31 72
38 122
9 88
125 155
44 124
8 108
23 55
120 167
63 77
97 168
66 103
29 127
80 122
28 83
113 132
47 157
69 83
11 108
31 136
56 138
15 115
47 81
25 139
90 136
66 141
18 64
37 156
80 138
59 104
12 122
39 77
27 119
48 101
47 103
82 114
51 110
43 137
45 55
104 118
46 86
15 168
34 119
79 125
92 120
90 142
11 133
46 119
45 162
23 103
24 146
64 73
21 25
52 129
118 124
79 149
58 87
42 156
33 62
85 102
11 105
86 166
129 147
69 137
62 110
16 37
26 162
13 149
4 31
76 141
93 124
34 163
110 160
10 124
133 135
127 162
102 166
2 167
88 99
128 153
51 132
15 138
112 159
154 168
99 139
2 88
32 60
102 141
23 116
30 114
1 102
89 154
34 50
29 99
41 130
45 140
65 138
96 150
84 134
20 45
59 168
19 156
37 45
27 93
98 160
7 109
35 41
82 125
10 66
87 153
57 109
146 151
22 118
104 160
77 164
150 156
57 85
11 166
38 134
50 80
7 40
140 162
40 136
44 159
21 168
75 161
9 109
46 112
8 75
98 148
28 31
22 122
120 153
122 141
40 100
47 167
85 132
52 112
54 121
70 161
8 92
15 105
123 146
13 38
116 152
35 139
8 78
20 77
53 72
119 167
82 96
4 93
55 156
74 93
39 52
10 150
66 81
0 37
58 148
99 140
73 78
54 136
43 44
41 143
63 78
10 157
140 141
6 158
86 109
97 112
3 91
31 47
18 75
47 88
103 144
159 164
35 88
34 96
48 80
52 97
23 138
12 124
77 114
82 113
32 67
58 97
100 115
63 119
25 90
42 105
25 146
32 112
81 150
29 80
34 70
16 99
145 153
79 117
82 126
112 153
68 137
30 130
17 25
11 23
145 168
12 38
87 158
57 127
78 159
79 162
44 136
27 79
149 152
79 94
52 168
67 136
19 155
83 94
96 156
140 155
118 168
101 105
9 70
16 23
70 76
91 100
126 143
10 67
19 142
154 160
15 63
104 113
21 24
15 45
78 81
75 135
125 129
6 69
28 77
41 58
52 138
1 31
66 101
1 101
34 107
3 159
14 114
74 157
31 144
60 79
37 106
37 44
54 125
66 135
99 121
25 94
2 121
98 155
1 98
79 137
71 91
12 149
42 159
18 51
46 81
16 110
60 117
95 116
27 135
9 154
138 153
122 135
96 130
7 159
27 43
23 141
36 54
63 126
71 72
53 138
79 156
70 106
77 124
80 128
59 157
144 158
18 88
90 144
65 124
110 132
54 105
20 25
69 86
50 55
78 84
51 95
60 124
59 106
51 102
28 118
116 130
9 30
13 45
64 98
137 144
26 81
120 164
11 34
120 141
127 136
129 148
49 166
82 102
2 119
45 133
128 162
2 112
20 134
40 89
51 126
93 115
34 73
58 103
72 137
104 121
110 144
95 132
44 145
18 76
14 155
24 77
92 138
89 103
8 70
46 65
65 131
95 145
11 148
131 145
73 74
12 141
3 16
17 58
13 62
146 150
20 132
57 76
46 129
107 132
86 165
43 157
5 116
64 65
42 130
5 32
85 164
48 147
0 82
9 13
37 151
3 153
35 99
48 100
27 105
94 119
95 166
7 107
74 125
16 118
96 117
122 129
85 120
12 39
40 77
37 167
145 161
4 24
5 80
27 162
137 156
34 135
129 141
115 151
112 137
79 136
28 124
26 56
75 131
55 145
3 96
82 163
19 152
7 17
67 93
98 109
0 69
85 97
66 143
55 124
63 100
34 164
17 55
0 116
24 104
65 147
18 142
41 48
145 167
23 104
119 140
53 140
102 127
48 113
25 38
92 118
44 157
40 69
108 137
50 160
74 121
24 153
8 29
90 161
23 159
30 51
52 167
139 160
31 139
15 73
34 141
53 54
60 88
69 143
50 69
24 106
78 129
27 120
130 145
22 123
19 162
111 168
5 81
16 27
83 111
71 117
25 107
86 145
118 121
56 166
78 93
24 64
26 101
119 162
103 122
59 105
124 134
67 162
64 71
11 67
63 65
18 29
4 157
71 83
64 102
6 44
49 113
120 159
12 45
5 93
115 156
106 143
15 57
96 102
5 76
52 78
63 102
7 95
30 163
37 130
0 79
59 155
8 48
144 163
78 138
90 91
45 105
19 102
71 75
96 122
37 143
74 101
130 158
12 50
36 168
30 82
33 69
51 64
121 145
138 139
37 154
19 147
20 155
122 156
99 148
20 129
63 104
67 119
32 158
37 140
2 63
3 92
29 39
5 23
51 155
82 147
43 133
15 54
41 161
25 65
2 155
38 145
5 113
95 126
73 154
31 114
49 62
6 43
101 151
37 46
131 161
130 132
103 127
67 89
86 103
107 125
16 113
77 155
16 131
47 149
70 100
124 165
28 44
4 84
153 168
146 157
38 46
121 168
30 90
74 164
101 128
98 101
8 38
27 118
13 86
20 97
118 155
130 149
52 148
81 107
69 161
74 151
22 145
59 96
44 119
75 118
90 156
63 90
45 82
73 87
121 141
76 88
147 159
1 26
46 103
0 146
3 164
1 30
16 147
119 137
113 161
56 127
31 127
21 143
138 160
41 109
13 101
46 162
16 165
2 154
0 50
46 97
41 98
39 119
27 94
35 104
20 27
32 136
65 114
24 47
127 161
7 160
72 111
17 53
35 90
17 166
41 44
153 166
152 161
106 113
121 159
11 12
0 160
10 61
3 165
158 166
137 138
10 36
121 156
32 86
121 152
7 50
52 67
27 139
43 163
47 138
24 144
82 137
77 109
24 26
4 5
59 88
141 152
33 142
54 112
42 145
70 108
113 152
65 107
38 111
2 64
4 34
137 162
51 137
57 152
63 131
2 76
70 132
85 121
7 32
67 145
142 145
27 82
0 7
12 54
9 53
14 149
146 154
107 167
40 137
58 100
41 89
118 156
67 111
16 90
112 136
62 101
91 129
71 153
64 100
135 161
8 140
20 143
7 162
2 127
1 16
35 51
93 132
24 71
14 146
124 141
50 151
116 137
49 107
110 163
104 162
15 102
2 82
85 101
3 55
77 102
75 86
65 167
5 31
55 126
124 130
47 94
6 166
37 81
64 148
40 84
28 49
35 105
1 159
22 166
31 39
64 147
57 136
7 129
10 55
141 158
12 67
156 160
123 155
53 83
123 124
64 89
85 137
57 158
25 84
129 162
81 90
62 66
160 164
26 73
88 139
93 145
38 157
37 131
74 117
86 89
30 74
10 142
64 126
118 138
56 75
39 137
5 68
73 135
54 92
33 54
35 110
57 113
23 32
20 122
83 165
31 75
14 162
59 66
119 134
27 50
9 83
50 121
32 84
68 122
122 146
15 50
76 105
20 50
10 137
42 84
3 157
8 159
75 94
93 139
13 142
125 146
85 149
138 150
24 110
57 60
10 112
23 36
69 92
71 118
147 163
30 69
15 167
156 167
59 132
65 104
95 96
22 87
2 117
2 116
6 55
105 123
72 124
26 133
94 124
84 102
48 75
91 114
30 76
41 116
6 161
76 148
14 82
124 147
9 84
91 113
47 97
85 156
12 77
61 66
63 82
57 100
45 79
50 65
34 116
22 41
98 140
104 129
36 84
110 158
99 157
7 138
35 131
49 121
49 157
52 88
82 133
56 89
153 165
28 54
70 122
75 158
2 56
57 84
9 103
0 118
41 108
58 89
88 115
78 79
3 78
67 148
25 92
8 111
42 140
46 68
13 90
12 71
121 130
52 117
71 147
99 117
82 93
43 109
71 136
7 90
67 97
10 96
81 84
55 94
79 158
55 104
124 140
50 86
120 162
12 131
155 168
31 160
78 111
131 138
39 50
53 132
22 63
0 59
8 121
71 167
91 161
109 144
9 50
142 157
28 48
102 137
34 53
41 69
24 123
104 148
62 151
47 159
37 86
159 160
56 149
17 125
23 106
60 76
0 101
23 57
14 15
29 83
78 122
53 112
128 164
50 56
0 166
14 125
23 58
44 120
117 165
68 95
31 141
13 148
49 89
27 29
49 134
138 147
12 31
128 160
22 55
65 119
32 106
84 92
49 167
32 36
17 38
139 154
105 138
16 36
60 73
32 89
67 77
38 52
7 97
15 87
90 118
4 87
11 159
56 125
47 74
8 26
24 137
24 88
105 129
101 142
29 123
14 25
113 143
51 58
91 148
135 140
113 119
146 163
4 68
92 126
26 166
20 108
65 93
27 28
156 165
17 133
108 117
67 129
86 156
132 139
110 168
116 145
78 80
35 57
15 96
6 40
8 154
117 127
62 118
76 154
86 124
38 41
64 157
19 60
113 166
76 81
31 56
29 92
56 68
110 159
19 167
29 36
80 87
126 162
58 76
39 129
70 92
7 118
72 163
34 75
97 166
48 60
0 99
19 43
49 59
31 83
95 109
78 83
9 162
133 156
109 161
41 147
29 134
110 112
17 89
55 146
64 75
19 27
91 153
51 135
27 151
23 25
42 154
92 142
32 124
26 100
19 53
38 161
45 147
40 79
1 54
98 136
96 162
22 104
12 60
99 112
55 134
40 70
141 164
64 135
75 106
11 73
42 135
11 115
49 153
63 153
97 165
81 157
64 124
45 96
75 101
127 157
12 126
10 160
88 95
25 155
6 29
134 145
25 116
87 149
33 102
22 32
21 32
134 161
40 168
33 71
54 138
20 165
15 123
79 131
31 166
146 159
7 92
30 92
18 124
75 146
24 33
69 106
10 82
55 123
47 162
67 117
21 131
17 168
92 162
2 113
115 136
53 114
25 35
54 90
63 71
21 152
88 153
26 83
37 50
126 168
34 136
81 130
158 164
48 146
8 20
65 160
2 17
119 143
8 138
25 132
0 90
63 155
93 123
128 130
154 163
35 79
61 152
12 37
66 102
65 66
19 158
116 166
27 125
42 160
44 46
29 104
15 86
19 76
46 113
4 56
49 73
57 73
12 142
13 60
70 159
112 134
59 118
129 150
57 118
46 96
134 148
9 11
75 102
33 123
8 77
48 92
52 95
29 45
47 134
137 146
6 68
75 105
25 109
51 162
49 104
37 149
0 120
9 87
20 133
76 121
63 151
52 81
3 87
14 67
23 48
21 112
2 69
23 46
60 138
10 139
87 89
49 72
58 149
32 131
48 84
134 162
2 125
4 26
45 85
67 165
110 149
11 127
114 149
9 123
74 156
73 130
37 61
17 145
16 143
83 133
44 150
20 119
25 164
51 113
57 106
100 164
48 90
89 140
91 98
43 72
38 156
97 158
122 164
117 154
54 78
117 119
49 138
2 50
29 69
82 111
22 37
60 153
28 38
63 159
49 55
9 121
111 122
63 64
6 141
74 102
58 73
47 127
44 49
115 142
13 144
57 66
69 102
55 112
11 140
17 136
96 120
71 99
37 122
44 65
112 142
92 121
61 168
81 143
83 109
162 164
131 142
2 92
68 104
32 80
143 151
39 151
18 139
99 154
60 118
77 141
65 125
78 149
98 141
150 165
14 37
82 150
126 127
77 80
6 39
84 164
131 158
71 146
46 108
40 156
56 155
34 157
23 79
96 168
107 160
36 111
38 90
3 129
11 124
107 164
14 129
32 128
4 147
26 92
83 161
79 165
23 114
35 154
43 82
83 105
48 76
61 154
66 109
31 138
22 161
112 139
14 30
17 90
68 70
110 154
61 165
3 9
0 55
10 132
28 113
51 136
118 149
20 68
29 40
70 124
2 136
36 44
63 128
69 97
74 90
81 104
35 166
37 116
10 46
13 83
20 96
66 107
123 163
69 136
26 143
73 79
79 93
51 70
2 126
46 144
18 98
5 140
40 101
93 138
16 64
102 154
16 48
20 106
41 121
6 17
32 42
121 125
81 89
29 47
76 166
48 167
95 135
57 115
67 144
17 163
87 137
94 117
46 168
75 121
35 48
98 123
38 99
58 167
22 64
29 154
109 152
105 121
31 122
125 158
134 156
17 68
36 133
100 124
60 120
105 153
102 122
16 140
52 107
33 79
87 121
91 115
74 75
2 110
69 107
51 139
80 159
87 164
80 150
77 148
50 143
57 83
16 150
53 167
49 65
97 138
14 139
104 155
3 18
134 146
27 114
113 156
103 106
8 36
84 105
88 100
124 128
34 111
20 157
120 137
72 98
122 131
77 168
134 139
12 120
71 132
80 106
30 86
50 144
59 137
82 168
27 34
13 34
34 104
45 48
65 121
20 137
55 121
71 110
106 148
67 118
17 60
116 160
117 150
119 160
52 134
27 55
42 158
14 117
6 45
7 106
44 54
21 157
18 90
1 166
83 117
96 151
7 134
24 107
109 140
7 43
10 19
16 74
81 166
50 153
9 161
112 161
37 112
54 153
103 155
58 119
8 69
4 166
74 146
37 83
49 94
19 80
82 121
41 138
29 150
49 149
79 163
84 146
76 159
96 129
19 133
12 36
6 59
5 21
13 58
91 92
10 127
7 81
81 95
3 151
83 97
51 90
27 62
76 104
14 86
81 105
88 93
55 74
28 42
17 59
109 132
133 158
58 115
34 156
59 130
18 92
6 164
9 145
77 106
109 116
113 118
40 54
8 116
4 7
21 120
66 95
71 156
109 127
35 153
21 118
27 130
21 83
73 165
78 163
114 157
31 66
121 162
53 115
20 153
65 163
127 139
36 165
75 140
37 72
41 57
93 141
92 103
73 112
2 23
94 120
69 110
74 168
98 106
44 76
56 162
50 76
71 84
58 72
62 92
14 104
34 89
118 147
46 51
96 164
115 157
63 72
27 30
21 104
44 79
62 161
145 160
46 84
54 60
69 160
12 130
92 125
119 132
121 143
11 92
53 158
78 123
92 100
1 133
58 98
149 154
2 57
68 89
139 158
109 130
91 130
8 56
110 131
26 165
66 108
78 168
105 136
67 100
19 72
111 156
38 118
103 152
69 71
70 151
58 95
15 36
35 55
5 14
106 152
5 111
47 48
49 159
92 99
52 66
51 67
46 62
138 168
114 127
57 160
71 104
104 165
15 158
115 159
9 135
129 131
95 124
12 162
87 111
26 76
83 113
41 113
54 164
4 44
17 99
28 34
44 90
111 162
133 134
46 164
9 55
43 67
16 127
63 106
20 42
58 168
77 108
70 168
108 129
83 112
138 152
13 98
54 80
31 69
1 15
21 84
18 48
79 86
65 164
72 116
38 135
105 144
26 102
19 145
31 60
43 51
1 112
41 140
12 139
105 111
43 162
44 87
3 134
89 128
60 110
33 118
2 19
139 159
54 134
104 133
30 127
45 63
84 96
85 125
44 63
61 122
33 138
24 127
94 103
5 77
87 100
128 142
149 166
34 151
2 81
90 99
7 124
4 96
8 47
83 99
89 165
2 105
59 114
0 67
26 119
38 79
135 162
63 67
50 51
32 145
89 92
17 78
17 66
37 54
85 135
93 155
40 157
55 101
72 107
52 165
63 105
26 70
15 27
39 138
108 114
31 126
6 36
22 30
22 35
6 60
19 135
44 57
64 155
40 94
8 40
32 99
83 131
69 104
4 77
14 35
83 167
11 130
117 151
30 140
25 136
27 63
23 167
53 123
21 94
64 105
2 90
15 28
49 120
99 118
117 167
7 80
25 97
30 48
125 143
13 18
44 127
97 137
126 157
78 106
14 90
65 96
9 156
2 9
88 135
85 99
105 159
62 107
43 45
40 165
2 26
95 156
145 151
3 71
10 163
75 108
2 68
49 77
43 60
1 53
63 79
44 135
96 135
81 92
106 151
10 13
76 103
46 80
64 118
132 142
25 42
77 111
80 97
17 139
15 76
117 121
44 85
31 158
18 141
74 109
19 61
86 96
45 137
12 19
5 168
143 159
11 48
17 158
120 138
25 31
11 137
8 147
133 152
57 116
33 81
6 22
8 59
28 101
117 133
29 122
18 118
6 79
100 166
96 112
37 90
9 52
58 152
59 63
22 165
4 28
48 85
21 141
105 113
50 123
87 113
1 165
13 91
25 73
128 163
0 86
46 74
34 127
114 126
31 96
9 127
15 44
50 114
30 123
155 166
70 80
102 108
18 125
136 165
32 46
81 110
46 150
8 43
81 156
39 94
138 162
126 149
151 157
56 165
95 153
53 143
34 86
67 95
126 145
49 97
140 150
17 120
32 65
15 67
160 165
80 98
78 125
105 128
46 57
0 63
10 63
24 128
98 112
92 94
11 58
83 128
30 58
114 158
31 154
0 46
111 166
78 151
34 51
52 56
13 103
1 93
41 144
1 148
60 121
29 103
74 81
36 86
31 130
93 142
97 155
108 157
31 74
32 119
53 59
33 36
45 93
45 111
19 163
7 112
91 121
93 166
42 96
0 8
66 150
9 37
74 136
95 100
33 113
10 165
43 78
79 90
47 116
30 103
111 120
38 116
43 131
61 110
41 139
21 154
154 157
92 156
56 99
131 168
91 93
50 124
16 135
1 107
67 75
32 104
17 77
16 154
61 156
50 75
14 48
43 100
90 131
137 160
94 147
106 155
24 131
51 152
61 101
38 69
93 129
47 144
43 79
4 12
64 121
85 105
60 103
36 92
87 159
8 81
2 106
5 126
48 137
30 126
62 142
51 86
10 78
76 113
50 83
117 148
129 130
33 77
33 51
38 101
47 82
55 60
34 138
63 108
19 125
47 135
0 154
61 143
74 80
45 115
88 118
128 146
21 86
41 133
100 119
34 37
17 35
92 106
121 126
68 87
54 55
52 163
93 140
61 151
96 114
62 65
2 45
10 44
67 81
25 151
42 123
79 153
76 156
14 99
26 63
132 152
19 150
60 74
36 106
78 102
27 153
29 131
1 13
37 110
155 167
14 131
12 93
40 124
11 60
53 93
159 163
52 119
39 159
9 71
14 147
94 166
9 144
31 97
93 102
104 127
31 151
20 54
90 110
2 7
104 159
57 105
93 143
36 61
65 79
94 161
49 165
6 76
24 116
132 138
80 91
4 94
89 127
59 79
150 162
1 23
63 160
133 149
32 66
24 162
1 19
14 110
69 111
100 151
16 128
31 135
95 162
46 118
1 144
4 38
104 163
28 143
149 163
49 57
72 101
54 57
42 59
74 92
41 93
28 35
149 165
47 124
60 159
25 104
53 166
84 161
68 91
60 80
45 102
35 78
29 129
110 119
37 103
70 78
35 68
44 162
91 165
153 155
101 156
10 43
62 113
14 156
36 166
108 127
67 125
136 154
94 153
43 150
52 100
26 80
55 88
1 126
1 21
5 138
28 123
107 145
109 150
22 46
9 10
136 164
93 156
1 163
72 126
103 147
147 167
38 167
103 141
13 84
83 136
56 151
127 143
0 85
14 120
82 109
89 148
8 53
51 52
11 162
42 162
49 148
28 149
26 37
9 130
67 82
2 55
109 126
149 158
74 106
105 108
42 92
112 121
53 165
52 104
20 56
88 146
120 161
64 72
105 162
79 114
47 161
3 46
120 123
23 118
129 137
44 108
28 90
129 168
20 82
69 156
27 42
27 68
104 136
85 139
81 91
53 100
44 96
9 148
5 106
26 65
32 83
112 125
73 90
20 63
58 163
7 115
116 143
74 105
20 160
127 168
19 39
58 122
22 29
61 155
32 64
57 69
30 54
89 151
105 112
53 104
58 146
2 33
89 125
153 167
0 54
150 160
23 150
16 62
41 88
36 104
60 81
34 90
1 47
18 140
2 118
55 150
103 124
61 91
36 93
63 122
83 147
40 148
104 161
3 112
107 136
73 111
27 48
100 160
26 28
4 155
134 142
107 163
92 93
130 140
44 51
108 138
83 93
39 135
107 110
40 44
0 105
99 133
92 145
145 162
59 87
76 147
90 127
33 57
6 73
46 126
35 140
104 152
1 86
43 125
32 59
75 165
3 149
12 16
52 125
99 114
20 118
25 142
164 165
0 148
6 67
59 116
47 163
122 124
35 163
79 95
49 60
11 161
22 108
9 22
118 133
35 53
54 158
67 166
20 55
133 148
0 9
54 166
17 152
1 12
22 83
110 162
68 82
57 107
17 164
50 167
16 67
90 124
1 72
14 109
85 134
67 158
22 27
86 101
0 109
65 101
17 101
74 100
5 22
21 36
17 127
154 164
3 97
79 105
38 138
99 159
27 39
133 140
72 87
62 67
48 157
88 107
4 52
29 153
10 161
60 72
141 146
81 103
16 141
123 136
5 150
67 76
122 139
30 66
89 95
39 85
32 110
2 6
29 168
27 103
0 89
90 129
111 165
37 120
118 162
49 115
106 120
19 164
57 120
81 83
100 104
69 100
124 153
79 130
13 140
3 103
1 63
50 61
1 41
93 108
76 152
0 1
70 162
22 50
135 168
2 130
49 79
41 46
5 166
73 139
106 134
81 120
51 106
120 139
44 97
6 57
64 80
79 127
53 142
122 123
91 152
6 26
5 132
10 148
14 151
33 122
47 160
72 136
37 144
26 82
3 131
29 32
52 82
102 111
56 83
25 96
48 61
51 103
90 157
85 106
41 128
42 146
47 92
11 42
155 159
64 69
38 113
71 133
39 127
5 105
19 137
67 70
26 38
58 113
100 163
56 133
49 150
85 146
1 68
39 149
84 97
107 126
109 149
66 138
26 132
132 153
108 112
39 91
17 81
120 168
77 137
130 161
9 59
60 125
38 65
17 98
21 95
43 116
92 133
25 60
43 123
87 98
87 154
77 123
26 41
25 76
3 89
102 161
58 94
65 156
16 148
28 140
107 142
48 107
94 163
151 158
5 164
39 143
20 115
39 102
40 50
6 74
119 150
52 144
80 164
91 145
79 164
36 167
6 144
54 97
0 73
132 137
27 66
51 72
34 132
28 56
35 37
99 126
120 155
9 18
61 112
34 101
14 43
103 168
163 167
68 80
115 160
101 159
142 144
46 122
101 135
39 87
18 45
113 133
21 37
20 168
0 3
117 168
83 90
41 54
24 84
27 56
77 140
97 104
97 109
15 35
111 136
7 151
4 30
39 78
65 140
110 142
96 128
60 141
30 108
66 87
27 113
100 136
30 154
126 131
10 47
74 88
15 92
31 49
19 64
16 60
4 42
44 80
67 168
27 44
49 144
8 158
35 71
109 122
46 151
11 93
7 76
93 95
73 116
116 139
39 54
8 98
0 98
6 11
67 147
56 112
37 99
85 159
55 99
91 104
30 118
80 144
44 84
7 14
129 158
97 125
81 117
44 130
98 161
117 144
103 121
35 130
29 151
54 111
0 156
45 118
26 113
97 154
2 15
37 62
74 111
25 44
44 153
19 49
89 130
58 86
41 84
30 165
7 42
68 127
84 115
0 29
74 145
77 119
79 113
21 167
19 139
101 126
67 142
53 84
71 149
97 130
16 17
29 58
75 127
79 129
72 153
127 150
9 168
50 72
67 101
91 111
18 71
26 126
22 114
82 100
33 68
28 68
59 146
85 86
76 145
44 111
141 167
19 78
136 153
18 153
36 67
62 164
12 108
42 115
47 54
117 138
24 95
19 20
17 161
6 131
77 144
114 139
23 154
40 123
29 93
147 155
133 165
74 87
48 133
124 161
96 153
34 47
76 109
89 115
38 70
63 83
44 94
8 46
12 106
94 149
67 90
41 43
106 128
63 115
4 107
162 166
7 110
152 160
70 87
20 147
119 165
19 134
128 134
18 138
57 62
68 69
97 111
38 136
20 95
60 75
26 44
146 153
90 153
48 73
5 160
80 135
25 134
7 96
31 89
28 70
38 45
146 160
82 139
132 151
6 159
38 105
46 139
26 45
26 155
42 60
31 156
5 110
7 153
44 156
16 100
117 126
60 108
25 150
92 108
60 149
25 120
20 128
47 89
70 107
71 90
24 120
72 130
73 105
26 78
39 90
50 156
12 98
90 155
46 69
124 159
123 149
50 134
14 168
53 133
24 39
36 144
17 76
92 152
96 115
38 72
147 158
78 146
109 117
3 7
122 163
108 168
89 142
58 59
36 162
106 122
112 157
20 103
33 58
129 136
101 122
41 167
129 143
41 152
57 95
65 141
0 57
27 37
21 153
72 151
105 147
90 103
55 163
157 160
16 82
26 30
28 63
32 125
53 56
35 66
25 75
5 103
111 132
46 163
91 164
6 35
95 136
92 151
64 83
6 84
6 90
41 72
59 100
48 77
87 88
46 98
61 120
5 167
75 78
4 119
103 158
69 146
97 115
36 139
39 84
31 37
101 114
30 122
9 110
92 167
108 132
130 137
48 159
111 164
58 130
147 166
76 136
115 158
76 99
8 17
28 121
20 81
71 96
12 168
18 80
145 164
73 83
102 120
18 33
13 99
97 167
94 137
34 74
52 58
90 143
13 102
131 166
147 150
116 163
137 155
117 120
57 150
19 146
72 96
62 153
79 83
10 73
74 82
124 133
69 168
71 128
0 136
94 143
22 137
23 50
11 54
13 66
15 139
21 63
102 132
18 145
51 147
99 168
33 128
15 82
36 47
48 56
79 100
9 27
47 146
55 92
20 79
107 121
54 94
54 131
36 52
10 98
57 87
22 119
67 140
31 118
23 34
20 121
25 91
0 153
73 108
69 127
10 91
6 121
99 155
6 138
128 151
95 112
0 16
30 81
148 151
66 166
93 148
83 149
44 81
6 110
76 150
25 123
21 109
14 92
47 130
78 153
138 151
158 167
104 139
140 157
60 66
41 135
21 156
112 117
84 122
18 146
49 100
75 104
63 163
47 139
100 159
62 132
68 98
112 135
56 78
60 137
28 74
138 156
24 148
41 81
30 148
7 29
111 125
9 21
33 149
87 125
33 151
92 130
70 130
35 122
75 128
113 131
101 127
41 100
20 75
28 150
16 168
14 66
71 101
58 85
13 126
87 135
43 168
127 165
31 64
62 90
47 114
85 126
48 124
24 165
14 70
46 93
59 121
24 102
133 153
1 42
83 108
90 123
76 163
109 166
88 122
30 97
43 99
140 145
99 130
56 119
21 92
45 98
79 126
48 74
37 101
82 107
69 113
79 167
133 167
43 104
44 110
16 129
33 143
69 128
17 123
79 118
103 159
21 33
81 128
6 123
14 52
65 128
130 138
92 140
0 12
94 136
11 144
58 64
63 148
86 123
8 66
113 142
62 147
40 75
19 131
106 125
77 118
3 58
118 164
125 156
48 65
34 154
31 54
84 151
18 115
127 128
20 66
57 63
18 160
36 149
25 43
15 164
14 83
120 157
117 149
0 102
27 58
94 104
29 49
34 83
6 118
92 136
21 147
10 111
61 132
61 103
46 148
79 108
78 114
94 151
69 85
102 114
24 159
139 148
43 136
75 163
68 147
112 141
7 54
38 48
33 76
92 165
3 25
69 131
19 153
23 152
74 163
36 153
111 140
37 104
10 156
52 162
3 27
107 114
51 123
55 133
68 106
11 88
18 157
59 67
36 56
32 38
37 147
75 98
95 143
22 136
48 148
23 162
35 115
16 18
56 86
122 149
121 158
77 97
83 145
26 48
79 142
121 128
19 117
16 163
33 160
77 85
119 124
74 110
17 69
19 74
106 130
38 126
3 19
140 146
45 148
64 119
58 104
79 99
30 43
54 113
1 65
53 63
30 55
0 66
37 65
100 137
110 128
82 94
34 84
18 95
45 89
24 133
133 144
45 99
13 67
8 167
117 130
131 159
143 166
18 120
51 71
70 166
72 103
37 95
67 124
23 76
147 154
142 163
56 80
97 126
44 158
56 118
69 90
28 106
79 112
13 46
58 144
114 136
40 163
72 166
51 168
111 121
78 161
1 17
25 129
63 154
25 69
94 154
40 55
8 106
10 38
147 148
68 88
51 62
80 140
10 115
132 156
6 162
38 39
112 156
86 93
7 71
132 159
36 109
5 144
27 161
66 129
115 122
54 100
34 46
4 19
79 144
13 31
53 76
86 87
43 113
120 166
104 157
3 48
104 138
69 93
30 168
102 142
13 52
8 18
49 135
34 71
52 83
32 111
55 97
38 47
62 122
41 83
52 130
6 119
81 155
96 97
50 97
61 63
34 62
34 57
32 57
0 83
66 84
45 114
56 96
45 160
0 94
73 101
18 25
129 139
121 155
142 148
1 158
58 162
85 111
53 109
46 136
12 85
71 107
23 63
86 164
78 109
54 68
89 145
64 156
38 117
121 163
23 26
130 162
48 156
5 34
58 128
152 167
1 135
100 139
82 110
38 107
49 114
38 152
42 98
66 155
105 120
19 140
3 11
151 167
15 122
129 156
120 133
28 85
148 161
72 157
44 45
5 158
159 161
47 56
7 86
28 62
27 117
58 109
55 93
40 97
35 118
95 131
107 141
36 123
24 111
46 156
14 80
53 125
75 97
126 137
108 144
94 98
92 164
8 128
39 122
58 123
69 130
13 19
26 142
20 30
7 49
67 156
109 157
30 104
60 130
91 105
114 162
63 95
96 137
3 54
24 51
53 157
69 94
16 137
40 46
21 41
57 75
98 157
87 127
49 67
43 112
4 69
32 148
51 119
79 110
127 146
32 54
47 71
82 154
60 65
26 103
16 57
4 35
54 151
9 143
13 43
29 132
45 61
122 132
27 132
138 143
46 116
29 116
27 131
154 166
113 116
69 103
28 131
88 141
38 112
44 61
13 28
70 104
58 151
110 120
45 132
53 154
124 167
13 55
3 62
124 135
82 87
45 50
75 147
53 79
2 162
55 167
40 116
48 118
101 168
36 164
144 156
131 141
131 135
152 162
37 78
148 159
58 108
121 146
17 23
87 94
153 156
33 50
58 155
24 62
121 132
53 87
45 108
22 51
70 83
131 144
45 65
118 154
1 58
26 153
94 132
4 144
42 67
66 133
7 34
62 148
5 33
4 145
5 148
45 153
123 131
52 106
126 159
27 38
63 132
61 159
42 127
90 95
86 168
0 47
143 146
22 116
119 120
70 75
16 34
97 120
14 24
37 52
109 154
18 135
67 105
120 145
56 109
0 108
114 123
26 77
134 155
82 165
15 136
55 73
45 101
44 138
90 159
44 142
10 129
39 42
75 114
95 125
68 136
20 70
73 148
11 70
60 142
54 95
95 149
150 153
60 97
67 146
23 121
21 93
59 69
46 70
58 84
45 58
106 161
9 98
115 121
136 142
115 132
25 167
11 47
38 93
72 79
37 158
137 157
62 80
14 60
44 164
82 118
107 153
162 163
3 135
10 35
69 152
13 14
23 100
74 138
100 129
136 156
27 107
118 136
49 80
109 145
23 30
52 124
153 158
71 144
67 159
64 107
132 148
135 139
87 155
32 74
120 156
37 128
12 109
21 44
14 91
114 125
33 144
67 107
30 85
21 133
16 78
26 88
28 98
85 141
11 71
132 162
47 49
95 154
60 95
6 135
22 52
4 151
28 61
62 138
81 88
51 142
106 142
45 67
68 90
115 119
20 74
90 133
50 115
31 140
106 141
2 30
29 126
8 148
49 145
52 118
64 145
1 111
131 143
129 144
127 167
82 143
57 71
94 139
70 146
58 127
15 116
155 158
1 60
29 140
73 158
10 54
89 111
139 140
45 116
95 98
65 113
76 129
66 158
12 66
11 116
36 131
0 122
84 108
42 53
101 138
8 24
76 91
34 129
45 75
104 124
49 54
36 76
52 102
20 59
107 155
33 74
77 147
41 151
25 108
115 116
12 84
15 110
61 62
28 59
156 168
11 157
16 84
114 143
65 74
12 167
70 134
71 73
57 125
95 150
3 105
6 116
93 167
71 98
4 81
4 131
0 23
56 142
4 163
17 142
28 64
63 146
95 99
27 76
121 165
35 156
7 82
26 69
45 150
38 84
123 153
6 70
15 157
79 96
60 135
111 144
51 89
140 159
124 149
21 66
53 80
102 163
127 158
44 52
86 136
79 119
111 141
30 132
6 156
52 132
5 85
2 86
9 39
0 141
8 150
68 120
80 139
51 153
13 141
104 111
104 125
102 168
28 73
12 29
87 163
76 79
41 61
29 106
17 153
25 138
38 110
110 116
111 135
59 122
37 58
125 141
104 134
9 32
160 166
33 156
2 77
43 86
12 72
12 79
58 139
107 152
90 98
30 91
20 37
37 133
38 95
16 44
61 125
14 55
34 98
131 163
60 129
66 106
95 105
90 154
58 121
16 122
62 96
13 151
107 140
9 163
95 101
80 85
5 37
22 127
44 82
87 126
87 128
146 162
89 98
24 152
27 168
36 65
12 83
75 87
68 155
70 135
51 133
2 72
136 148
40 160
13 33
163 168
14 17
52 54
8 50
70 167
33 115
27 138
76 96
49 129
26 134
11 77
68 71
8 142
64 79
131 156
44 56
93 161
66 115
104 132
99 110
2 165
69 112
63 166
4 57
86 102
42 109
32 62
71 124
0 167
60 167
13 69
81 119
55 102
47 115
20 28
10 109
11 33
14 124
53 130
83 86
126 141
110 148
96 103
27 167
24 154
136 140
53 168
76 123
48 108
112 131
14 16
2 73
94 100
48 52
114 137
110 123
21 82
25 74
88 97
8 9
45 74
27 133
58 65
140 144
123 154
118 163
109 125
66 118
29 33
59 148
35 61
91 107
79 138
46 53
41 96
118 139
7 122
52 131
23 98
136 155
17 44
120 143
1 150
116 148
15 85
72 90
83 92
12 134
110 156
41 129
59 62
21 76
61 76
59 167
9 62
22 71
31 42
78 121
33 45
92 119
26 116
145 146
28 45
54 142
115 129
41 45
134 158
82 132
47 155
85 92
73 119
2 114
14 128
114 124
7 47
3 117
5 146
46 101
77 128
47 96
132 166
2 102
99 131
63 123
28 79
58 118
60 154
134 135
7 146
43 106
14 39
90 102
87 151
7 127
8 32
10 62
7 136
10 136
95 139
47 168
59 136
75 111
17 91
11 79
5 49
77 162
116 149
47 70
132 165
32 167
159 168
27 137
15 79
43 57
34 113
8 34
30 61
134 159
104 126
87 90
1 114
26 115
63 164
64 90
5 136
61 139
85 95
82 152
80 149
37 111
74 97
12 140
74 159
69 121
98 120
12 112
48 50
3 52
75 116
24 50
43 61
19 63
91 163
82 142
36 71
37 137
43 135
93 97
9 28
102 146
32 79
40 92
59 138
149 155
72 160
22 162
86 88
5 26
112 114
10 107
23 97
94 121
44 133
1 9
101 143
91 154
92 144
38 42
73 77
42 52
51 127
23 113
114 120
37 85
66 71
59 120
0 92
67 130
79 152
11 90
2 58
72 104
81 135
92 112
13 59
60 119
31 121
48 162
13 124
92 137
111 113
8 74
28 92
6 63
21 96
101 102
48 109
55 159
62 111
113 122
18 55
45 57
18 93
45 110
33 127
52 71
53 91
72 93
12 146
12 25
77 151
78 135
116 128
36 99
67 109
13 57
15 52
83 125
2 158
40 65
55 91
35 127
80 166
83 122
84 128
66 104
80 142
48 155
69 73
77 122
147 149
121 166
68 165
87 92
42 102
9 79
82 101
12 61
34 168
16 54
128 150
55 78
71 112
10 86
36 143
65 133
21 88
50 116
3 116
38 143
139 168
2 107
1 123
31 168
65 165
27 89
3 5
45 66
107 148
16 42
106 115
8 62
27 65
30 64
32 102
53 118
31 159
21 106
10 65
24 145
103 138
79 102
62 152
31 87
103 154
73 98
17 74
7 24
57 130
89 102
13 16
83 96
12 113
117 139
40 112
105 158
87 134
102 138
17 111
66 116
113 163
72 164
142 158
142 152
17 84
115 154
44 137
37 79
7 11
17 64
97 128
9 117
17 110
12 95
58 74
81 115
139 149
43 115
55 87
104 117
22 34
92 160
2 101
90 138
40 66
69 81
25 36
1 82
80 153
2 138
114 122
34 42
117 131
41 76
135 164
86 129
36 96
60 134
67 135
4 161
20 36
21 27
1 87
16 166
113 157
31 106
62 166
111 123
64 82
30 155
86 130
104 147
167 168
47 64
72 106
60 132
142 154
4 74
62 150
64 66
81 97
47 152
3 113
42 78
55 116
15 109
4 162
36 120
12 35
9 142
25 131
37 55
60 98
81 144
83 154
50 89
70 109
21 78
7 28
57 159
59 142
29 109
102 167
26 141
2 61
33 94
22 164
40 103
33 46
93 127
144 164
78 118
8 45
85 142
11 20
11 15
124 125
25 137
131 165
35 106
23 163
85 166
14 144
75 154
123 133
43 98
34 167
26 27
55 95
65 155
42 101
40 142
40 61
101 167
71 158
9 119
89 123
69 125
14 63
87 105
42 70
4 149
76 165
20 150
12 75
22 111
9 47
81 140
31 161
4 25
93 133
7 20
70 137
66 82
33 117
39 59
16 55
59 110
67 128
13 166
71 82
16 124
17 51
29 55
26 89
5 147
111 133
126 128
35 152
46 88
76 77
13 64
46 52
64 140
115 164
53 107
49 66
92 128
97 143
61 109
60 122
43 114
1 43
85 167
29 84
105 157
96 127
23 61
119 122
19 109
22 147
91 138
103 120
62 131
47 57
35 84
20 65
71 115
10 166
89 91
77 93
53 124
154 162
6 58
55 103
22 115
42 168
38 44
10 97
84 149
25 128
38 75
5 67
1 110
88 166
44 128
26 157
92 113
126 161
17 144
22 93
137 140
92 96
68 160
20 123
109 139
1 95
149 157
105 118
17 85
146 161
67 91
102 139
47 90
8 146
74 139
121 161
72 133
23 127
1 99
6 75
135 155
36 134
8 93
52 68
53 106
72 84
52 69
0 81
4 103
31 79
56 87
110 117
92 117
80 121
62 112
126 142
54 149
74 137
126 130
25 141
54 130
32 98
161 165
8 72
22 84
25 143
88 151
4 141
27 41
41 75
13 128
20 163
116 144
68 140
152 153
90 104
44 125
59 71
40 132
10 26
3 152
27 71
37 53
33 136
116 138
22 81
46 56
8 122
14 113
50 96
50 107
26 112
140 156
72 128
14 46
104 106
50 163
40 147
117 128
101 125
18 70
59 135
107 166
29 136
66 140
54 73
12 63
106 168
95 129
58 81
9 58
21 121
56 143
46 140
48 58
6 34
58 138
29 147
47 95
9 38
27 134
78 152
132 136
88 113
65 151
28 108
28 58
34 153
28 144
70 153
2 91
39 47
2 46
15 107
58 107
68 113
108 139
34 123
77 125
74 86
7 166
105 116
15 80
85 165
78 104
93 96
10 167
3 69
40 96
48 81
37 115
2 21
140 142
68 129
58 161
123 137
15 32
93 116
55 138
42 91
24 125
72 139
109 121
91 135
27 128
37 163
13 65
6 85
55 100
38 163
27 150
24 59
1 28
72 117
59 145
22 44
13 129
5 56
67 108
77 91
65 69
64 168
28 161
49 143
1 92
45 73
138 164
30 79
40 135
39 136
110 161
54 128
46 114
43 122
106 127
99 125
45 64
21 158
0 168
65 83
68 148
74 131
17 134
97 159
35 117
50 140
88 140
49 116
97 151
47 65
86 116
54 115
9 94
4 165
75 122
25 72
35 67
69 96
16 53
62 168
55 115
3 142
69 159
41 51
9 15
129 159
75 156
32 116
51 161
97 110
30 164
125 136
80 96
18 79
75 82
31 90
9 138
9 26
42 81
23 126
1 136
67 152
53 99
28 82
28 129
21 123
57 86
76 128
41 63
76 94
39 158
36 49
93 100
88 156
18 59
5 100
9 82
38 104
17 54
31 63
42 106
39 96
123 147
38 137
100 122
42 122
1 35
69 134
19 108
60 114
42 69
13 54
62 75
26 72
74 150
6 146
1 130
23 149
74 135
19 25
8 103
103 139
26 106
80 117
117 156
28 104
57 131
1 80
28 152
148 166
93 162
16 102
60 90
36 46
19 154
1 67
63 84
80 102
32 78
10 151
57 126
1 20
151 168
23 122
13 159
59 161
142 146
76 85
60 113
82 84
59 165
5 48
46 64
100 101
28 117
86 147
98 144
99 132
94 150
35 164
128 155
112 113
15 130
75 145
25 27
12 159
23 144
25 70
74 94
42 73
29 115
16 28
103 143
3 39
23 77
2 84
101 155
10 41
95 152
33 70
72 112
106 145
38 159
5 16
28 130
23 112
66 112
17 112
147 156
12 156
7 73
92 111
86 151
86 127
16 126
16 70
126 134
2 131
22 80
20 124
22 107
18 34
63 135
70 113
68 114
96 160
3 44
97 152
91 106
25 117
45 129
111 130
53 94
11 91
68 112
7 60
97 103
131 150
16 155
152 155
60 78
88 143
90 125
85 163
37 127
60 99
124 155
10 143
63 149
97 129
11 55
25 168
40 122
5 6
26 91
28 52
57 164
9 33
68 154
113 124
50 159
71 137
80 167
24 44
16 121
126 144
105 166
81 113
0 11
69 166
19 136
61 100
134 164
56 168
52 145
21 116
40 108
130 141
16 132
9 72
124 132
99 144
53 153
52 128
125 127
18 149
57 114
110 146
107 128
143 155
2 122
61 70
128 152
63 133
106 140
110 167
21 26
95 130
86 137
8 42
46 149
118 159
125 167
79 107
67 163
46 63
2 62
104 154
57 78
41 66
104 107
82 140
87 102
25 53
32 52
39 117
53 134
37 75
100 148
18 137
29 73
42 58
81 129
16 76
38 57
1 151
72 129
39 46
36 148
3 141
15 74
22 125
19 123
67 141
118 153
125 150
91 110
6 100
4 115
18 21
97 139
64 137
6 165
31 84
4 60
51 157
34 146
33 78
27 40
106 116
90 112
54 147
10 75
34 143
92 98
17 56
29 152
150 164
88 157
11 143
42 89
64 150
98 105
37 49
54 165
81 152
51 114
21 53
11 50
5 130
26 34
114 138
31 55
18 61
108 151
5 127
38 131
32 140
17 156
144 149
89 149
39 139
95 120
98 165
96 118
26 137
56 150
1 24
106 146
98 104
66 73
31 86
116 161
135 152
24 167
53 73
30 113
12 148
40 98
97 100
149 167
26 85
89 131
52 90
87 117
75 115
67 151
69 99
115 150
95 142
9 129
149 161
3 60
129 138
98 124
7 156
48 49
72 77
0 145
57 94
102 135
145 148
66 96
88 103
57 101
18 32
30 109
5 7
41 106
94 109
100 165
33 84
7 158
41 99
89 120
117 162
127 129
31 92
71 100
32 41
14 64
46 141
38 125
76 139
45 95
60 62
58 71
49 58
35 157
56 60
77 115
71 111
34 49
11 120
8 164
12 32
12 111
73 89
82 129
3 148
130 136
11 104
65 73
140 151
83 162
81 96
54 141
36 163
117 153
26 36
66 67
66 152
32 165
85 96
30 72
73 143
117 118
92 153
59 119
3 133
54 65
24 34
119 136
75 77
84 156
27 122
75 85
85 89
16 45
59 92
103 111
124 143
104 153
59 76
104 120
128 132
128 154
34 144
93 158
4 6
21 69
8 109
8 83
73 122
6 31
43 92
49 133
111 146
12 127
5 162
56 69
14 107
99 137
38 162
7 157
11 35
7 147
9 137
24 135
79 109
6 160
142 150
33 67
3 158
11 37
53 144
26 59
47 141
74 127
17 47
17 141
26 33
74 132
71 160
69 122
83 127
148 156
73 134
3 75
60 128
14 47
45 60
54 82
2 78
75 107
99 145
84 109
50 91
55 143
26 145
3 53
16 41
103 109
144 153
23 53
17 18
22 45
24 57
4 150
27 70
103 117
62 141
99 156
10 110
129 165
38 78
35 50
118 127
81 127
2 34
67 167
35 43
131 151
98 121
48 168
56 76
6 78
35 114
42 151
102 109
58 77
62 105
6 129
9 136
42 157
145 152
21 122
45 138
28 32
130 165
125 132
65 67
4 58
50 106
91 141
104 122
106 163
48 119
13 154
57 155
20 44
35 87
103 136
2 139
3 28
4 13
76 157
112 132
94 158
22 100
27 116
14 78
57 97
0 6
84 159
46 91
47 108
75 153
24 56
19 45
34 97
16 89
16 152
46 105
160 163
18 132
61 111
14 32
152 158
25 99
25 130
80 136
1 25
51 122
25 34
99 143
66 89
16 58
8 84
49 162
141 163
136 163
140 148
39 109
53 122
122 137
39 164
11 126
65 86
133 155
10 141
12 64
66 70
46 71
21 107
137 141
109 129
35 125
100 147
85 155
45 168
30 160
9 115
23 135
4 129
28 29
80 94
28 40
48 51
73 93
37 66
10 159
18 94
0 34
32 97
24 72
41 157
54 156
24 65
57 67
131 157
34 112
65 102
55 72
40 80
33 134
93 118
13 61
12 150
60 133
116 118
52 86
83 121
73 159
94 127
37 153
51 79
7 69
44 66
156 158
13 150
66 167
6 7
75 137
126 165
42 138
3 125
159 165
41 62
134 147
31 147
79 89
67 94
62 72
39 123
45 157
44 114
48 93
27 106
115 131
116 141
15 58
19 48
131 154
42 82
18 50
46 138
74 130
72 122
44 131
64 91
30 53
12 68
62 144
65 109
32 151
61 73
100 145
29 138
125 128
126 129
50 88
56 157
96 147
5 25
18 136
19 59
131 139
77 167
15 26
55 107
25 166
42 161
1 161
93 94
36 51
110 115
1 160
95 104
33 139
43 111
39 166
59 140
3 146
63 97
102 140
1 51
48 86
115 138
38 81
62 116
86 153
30 153
35 58
136 144
111 150
59 65
87 145
31 99
25 159
33 112
72 85
22 139
55 83
35 97
53 82
71 139
107 118
14 123
32 162
20 84
19 84
2 89
157 167
48 139
18 46
114 115
53 152
151 166
8 166
51 160
33 147
69 163
27 87
40 143
22 160
91 137
14 73
47 122
98 133
55 165
129 140
101 148
5 82
85 147
46 48
56 73
23 137
23 146
28 164
70 154
109 153
26 57
65 105
139 155
76 93
14 159
10 58
125 168
13 95
7 44
62 64
42 61
1 103
0 20
4 100
6 133
31 81
36 87
80 105
3 144
98 134
19 143
13 50
39 89
56 104
66 160
59 89
31 165
23 160
33 131
76 83
49 132
60 85
58 66
84 157
43 119
119 141
104 145
15 126
154 165
105 150
85 151
12 92
28 67
100 142
37 155
13 76
125 152
74 154
63 120
46 92
59 94
131 148
13 68
18 65
68 161
96 152
36 59
34 161
19 32
92 105
93 136
57 91
44 62
9 63
82 106
0 53
89 100
67 71
99 162
49 109
72 142
32 139
50 77
50 60
6 120
18 84
39 99
9 149
32 69
11 164
14 101
84 127
5 10
23 29
7 51
54 77
116 167
135 159
31 134
70 71
90 97
87 152
71 94
125 139
19 54
0 74
15 144
101 115
91 136
59 101
41 97
36 73
131 140
81 154
4 120
32 123
75 160
7 21
27 92
86 142
4 104
17 30
4 27
130 168
36 151
126 155
41 134
66 151
128 135
88 120
121 147
94 148
9 41
64 165
70 98
2 164
5 83
114 166
114 159
68 156
161 164
32 76
63 139
10 119
21 119
20 149
28 95
16 153
4 109
11 32
85 130
86 158
81 161
50 132
44 102
98 103
115 126
65 150
85 113
82 95
60 91
16 119
45 71
128 165
68 99
62 74
72 155
25 86
0 62
67 80
51 144
16 106
27 64
8 144
19 71
113 141
47 58
20 72
70 121
44 53
63 70
57 99
35 148
32 101
153 157
23 75
26 148
18 91
89 163
102 107
29 142
17 119
120 128
28 136
59 93
66 121
62 121
116 150
56 126
22 96
2 161
30 34
152 154
69 133
56 63
36 43
20 125
94 123
66 120
123 138
2 5
91 116
30 100
43 165
4 21
67 73
48 97
28 163
2 142
25 121
66 156
7 15
123 142
66 126
5 143
15 71
123 140
4 9
2 59
18 109
128 131
47 153
64 74
7 64
105 109
48 150
94 140
9 124
22 97
84 144
43 121
90 132
92 143
17 52
54 88
37 57
2 67
95 118
60 89
114 161
48 128
70 149
48 165
109 128
12 102
156 164
41 59
46 87
33 85
116 162
111 131
43 55
39 62
6 23
10 103
111 129
17 150
11 110
21 100
40 167
4 37
83 134
3 64
119 159
8 33
109 147
22 159
21 135
121 137
22 59
29 162
93 126
57 157
35 135
55 151
35 89
98 162
29 30
98 139
12 48
91 155
156 157
10 14
50 104
89 156
86 97
26 84
88 155
52 154
119 145
68 162
39 111
19 144
53 90
6 97
76 102
44 75
15 113
79 135
24 105
132 146
33 75
54 71
10 68
34 131
103 156
91 146
91 126
122 133
89 129
103 131
119 129
13 122
25 62
66 90
20 130
36 147
63 86
27 96
32 43
15 53
40 151
103 145
106 131
21 71
151 156
161 166
25 111
57 167
107 159
72 134
64 113
69 77
52 77
65 154
14 20
126 140
32 71
65 139
36 130
67 78
43 84
8 27
5 17
65 161
134 144
116 157
108 115
59 117
2 28
78 124
29 41
0 139
6 154
84 141
1 104
34 66
1 32
18 41
23 139
46 134
24 97
34 126
40 106
131 132
132 135
86 155
24 158
61 115
55 164
74 152
43 141
8 163
94 162
119 146
131 146
105 119
48 154
14 77
27 97
44 89
48 117
128 140
111 117
6 98
44 116
63 111
114 119
55 108
69 165
12 65
89 135
30 75
40 127
103 142
63 94
44 72
23 31
48 134
70 158
24 35
102 103
20 60
52 110
29 48
60 146
17 31
59 143
12 51
4 123
81 99
52 158
115 148
47 80
65 157
147 157
97 141
66 159
35 134
26 96
94 146
28 87
56 146
71 126
58 166
53 71
35 121
110 136
157 158
97 163
67 122
121 138
141 157
1 140
100 146
51 138
7 63
37 126
8 113
130 131
101 141
17 115
33 99
91 128
34 60
59 153
10 22
108 111
61 158
20 98
56 114
22 58
40 125
80 141
35 56
38 56
