170
10
3016
60
65 2
60 2
61 2
61 4
58 2
64 3
65 3
65 1
65 4
66 2
60 1
66 1
62 4
66 1
57 2
59 1
61 3
66 4
65 5
59 3
64 2
64 1
57 3
66 5
60 2
57 1
63 5
61 1
64 3
60 4
58 4
59 1
58 1
58 2
59 1
64 2
65 5
61 1
58 2
65 4
61 4
61 2
59 4
61 2
64 5
57 2
63 2
61 5
66 4
58 4
61 3
61 5
62 2
58 2
64 4
66 2
60 2
61 5
64 3
66 1
65 4
59 2
60 3
60 1
61 2
63 3
62 4
64 2
65 5
63 3
63 2
61 4
57 1
65 1
66 3
62 4
63 3
61 2
59 1
58 3
65 5
59 3
62 4
61 2
64 1
60 5
61 4
60 1
63 1
65 3
60 4
66 2
66 5
65 3
60 3
58 2
59 2
63 4
58 5
59 4
58 2
65 4
62 1
63 4
60 4
63 3
58 5
64 5
61 1
59 2
60 5
62 3
63 3
59 4
58 3
59 3
65 5
57 1
65 4
62 4
66 2
65 1
65 2
57 3
64 4
66 3
57 2
60 3
61 2
57 4
58 4
58 1
65 5
62 5
65 3
62 3
60 5
57 2
58 3
61 5
60 4
59 1
66 4
66 5
59 5
63 4
60 4
63 2
58 4
64 2
58 3
66 4
62 3
61 1
61 1
59 2
65 1
58 2
59 3
64 3
62 1
61 2
60 2
59 2
62 1
62 5
63 1
64 4
64 3
60 2
139 156
39 84
18 147
48 66
116 149
35 89
23 147
7 129
24 123
0 149
60 99
117 160
51 81
45 53
19 68
66 161
70 81
46 77
55 93
1 57
64 101
34 146
93 153
87 104
143 151
137 166
66 120
97 126
7 137
123 127
47 54
67 106
4 8
134 163
40 139
33 72
2 79
29 93
65 169
3 95
1 102
113 152
35 59
59 168
2 43
78 82
76 106
101 144
38 70
86 147
82 145
69 102
14 100
52 54
35 150
23 148
4 24
33 93
38 147
19 139
61 67
99 134
65 95
48 78
15 24
86 167
96 138
88 106
6 137
39 164
60 104
110 158
105 132
79 127
40 152
104 154
34 54
7 70
1 130
15 54
80 128
44 146
81 105
17 136
125 126
134 147
113 165
11 141
31 91
0 66
53 126
13 75
28 158
82 165
97 134
83 111
56 112
42 59
38 92
64 104
115 124
68 77
60 129
121 139
85 140
24 39
107 123
34 167
70 108
2 63
90 93
77 95
46 89
69 163
62 135
4 116
44 56
81 165
23 88
67 138
82 94
58 117
6 63
79 87
44 106
0 46
107 142
26 28
73 150
37 90
2 66
13 78
5 123
66 78
36 143
15 151
68 90
48 152
30 97
120 159
22 139
104 126
76 101
33 95
24 153
128 153
51 83
26 161
51 165
110 147
32 159
16 93
139 169
88 107
109 156
9 24
5 121
0 15
102 165
1 16
104 114
109 124
1 147
87 102
128 167
157 168
122 142
8 70
106 134
24 30
60 93
73 143
64 122
4 101
27 36
24 107
44 87
1 158
60 135
23 65
86 133
8 12
136 139
20 45
135 150
31 138
11 134
130 153
16 46
34 78
46 118
5 35
53 97
38 130
47 62
73 133
74 77
60 163
52 141
24 139
73 94
95 154
29 159
167 169
70 124
22 94
79 98
51 108
65 117
33 56
24 158
3 22
36 64
15 57
10 157
51 168
27 128
86 135
4 131
73 164
80 160
46 95
3 49
13 41
9 123
29 167
62 92
72 150
29 72
59 166
37 165
142 159
94 121
13 159
99 114
2 34
72 143
97 102
9 42
69 107
30 140
99 150
28 116
132 146
70 114
5 108
35 37
77 91
156 159
9 131
59 77
98 103
73 119
11 16
51 80
75 154
93 166
24 64
64 123
31 103
48 70
92 169
105 148
48 146
60 138
8 156
18 108
55 145
108 147
55 108
65 167
101 131
24 118
3 27
50 69
92 148
54 110
58 90
58 126
26 87
63 131
32 138
79 140
41 83
107 155
85 165
5 167
22 151
140 162
56 100
105 136
115 138
50 62
8 69
50 79
4 77
87 125
49 84
133 159
3 118
98 115
61 99
5 80
16 59
97 98
89 141
76 79
25 142
4 31
52 126
43 64
134 162
68 84
84 109
74 147
70 135
55 83
32 42
0 154
121 125
47 151
64 126
57 98
71 161
14 48
38 80
12 157
111 165
70 144
67 74
79 141
51 82
78 106
97 151
0 99
43 84
2 7
80 115
31 149
46 143
31 126
2 32
53 122
76 136
31 82
76 129
121 148
21 24
61 138
102 123
13 26
73 139
58 60
18 63
54 125
42 86
74 160
49 111
63 165
103 132
50 168
27 146
104 150
159 167
128 141
24 95
69 129
154 155
19 106
34 134
97 128
73 145
45 110
23 101
145 162
35 153
7 76
31 85
93 95
13 145
77 122
3 35
72 77
55 157
34 94
118 144
16 148
132 166
8 124
13 63
8 31
131 168
37 122
45 116
0 34
20 163
107 119
9 19
142 165
67 135
29 97
110 112
68 167
77 149
134 137
35 88
45 71
79 116
59 94
30 129
115 121
130 151
6 34
126 132
108 111
89 129
82 133
111 139
102 134
55 58
24 65
86 142
4 113
142 149
20 134
80 93
17 105
42 61
8 133
63 67
48 166
46 50
5 107
120 148
41 120
54 100
48 98
127 153
37 138
89 162
27 150
65 145
46 84
36 102
0 42
30 32
145 153
29 36
86 148
132 159
67 147
22 35
124 134
92 129
79 128
123 161
36 95
88 93
9 69
4 13
1 140
32 151
99 127
67 78
108 123
72 106
77 131
66 98
70 86
34 74
88 164
0 49
26 53
33 108
41 48
36 117
48 63
62 69
64 88
107 111
51 150
102 106
94 97
14 74
2 58
143 162
125 153
9 137
57 74
32 113
79 121
85 117
96 161
53 121
90 130
5 145
37 82
67 128
10 134
49 169
32 120
66 114
27 46
105 116
43 53
0 167
23 72
3 135
95 135
111 169
73 77
59 134
17 126
75 107
93 156
36 110
129 160
34 118
1 132
111 144
100 153
6 164
143 165
108 142
106 169
38 61
6 60
50 61
55 84
56 103
0 62
19 95
64 144
12 14
8 146
113 158
22 24
25 93
13 87
14 158
107 108
161 168
38 66
40 107
92 104
68 151
98 166
84 89
61 114
0 135
40 130
71 142
103 148
69 78
50 117
20 135
45 160
108 144
77 87
91 142
103 117
142 143
7 43
43 67
128 160
12 79
74 98
26 85
46 149
120 157
40 80
28 46
120 167
55 70
49 109
27 30
66 71
70 96
29 66
162 166
30 133
136 165
97 158
68 122
15 164
130 142
112 163
10 109
29 150
45 88
45 165
27 157
38 108
81 111
79 138
10 111
26 142
51 138
41 149
120 162
98 108
3 112
22 102
113 156
144 151
34 97
10 101
34 71
11 40
89 116
66 145
129 158
3 6
28 57
103 154
133 148
7 128
0 25
79 88
104 112
93 159
56 169
59 148
29 46
114 122
37 135
58 69
27 134
13 118
124 157
109 137
40 41
83 92
11 61
17 108
153 154
100 166
124 142
55 82
19 49
107 127
55 80
52 135
16 18
125 166
112 145
9 126
72 81
27 82
95 162
54 68
7 36
76 148
39 80
85 149
89 94
10 81
8 32
82 103
26 116
14 73
5 127
133 163
116 118
115 169
21 70
101 169
141 146
2 108
7 40
105 106
96 98
29 87
106 136
116 120
0 41
23 144
10 169
160 164
23 138
10 163
109 167
13 80
12 132
82 95
54 109
156 161
129 131
66 153
67 137
49 80
47 109
63 162
6 39
0 136
12 24
35 133
7 29
53 119
113 124
63 100
69 149
126 148
6 129
27 119
9 127
49 124
63 122
20 137
62 85
25 26
95 138
43 91
73 109
34 43
60 114
117 148
124 137
106 112
9 35
8 151
21 53
120 168
88 113
129 147
119 131
70 134
51 166
26 107
47 122
15 49
81 140
21 30
45 82
69 142
48 118
134 167
0 96
17 20
61 91
67 132
44 136
121 168
27 34
58 140
71 80
110 167
16 103
17 113
31 155
20 115
32 165
39 140
103 135
85 169
72 148
38 117
24 62
72 160
40 157
30 38
17 120
56 146
35 45
88 114
107 162
22 136
61 78
77 119
13 15
7 157
119 138
61 68
116 148
45 77
100 113
17 133
37 92
49 116
20 100
74 141
18 71
6 120
103 138
16 129
3 149
135 161
80 114
44 144
119 145
19 84
54 167
14 121
23 99
132 150
92 157
58 109
99 103
133 155
4 162
4 85
14 18
30 62
29 49
5 56
115 163
99 158
6 44
82 106
36 121
103 108
4 47
22 149
12 99
31 130
30 92
82 132
41 130
13 134
57 102
99 113
60 115
58 99
1 62
27 87
46 88
107 149
6 18
69 167
25 49
79 152
106 127
73 81
31 122
57 131
82 124
14 78
38 77
5 111
2 135
2 65
129 137
111 114
95 105
148 157
27 129
18 25
3 164
19 133
45 109
55 144
63 76
125 145
1 141
34 166
17 30
36 97
26 159
25 100
56 85
38 152
28 119
50 169
17 155
43 128
14 148
81 153
3 32
50 96
67 103
28 93
56 93
4 11
152 163
7 97
10 145
26 166
0 17
78 151
42 148
30 86
31 151
29 129
55 102
49 132
83 102
8 115
85 144
120 121
50 81
16 44
18 105
51 66
3 18
84 124
62 164
27 153
27 77
67 152
9 161
117 163
103 161
13 17
41 160
3 44
58 161
35 147
52 103
98 121
55 160
33 121
7 8
102 116
123 134
48 79
16 97
116 135
34 133
69 126
3 57
102 162
4 97
101 155
84 122
40 121
31 60
24 151
52 90
71 123
38 119
27 50
62 73
142 153
103 126
41 119
36 80
94 146
4 119
116 129
98 109
154 163
17 124
62 130
12 89
9 153
19 69
10 15
28 64
81 137
23 58
4 25
0 80
130 162
51 135
87 142
4 149
68 108
11 124
34 65
5 98
64 162
79 92
26 131
26 168
61 125
21 150
49 53
74 126
138 143
33 134
121 147
104 135
85 90
31 39
70 84
113 137
60 75
80 89
75 110
98 124
88 158
2 167
96 119
70 145
63 138
59 84
38 150
85 151
38 59
71 120
161 162
53 108
3 140
35 103
54 128
37 163
8 30
3 16
82 153
9 96
28 117
121 141
125 133
119 123
51 143
38 78
50 78
7 152
51 136
0 55
35 72
42 97
138 160
57 162
69 122
64 67
92 109
19 75
48 64
54 89
38 51
28 37
30 126
101 134
85 121
54 114
27 155
115 136
77 114
91 119
92 121
93 145
45 161
22 120
122 140
22 166
10 37
26 70
112 122
60 120
20 49
50 114
5 148
24 138
87 122
48 68
6 80
85 99
89 90
36 114
21 156
22 32
25 112
2 115
40 60
139 162
71 74
63 167
30 48
96 143
11 135
77 135
33 124
20 57
29 91
81 99
81 147
31 48
20 142
27 101
41 70
30 159
11 28
11 50
29 145
20 34
8 95
126 136
118 138
43 134
17 128
39 102
3 121
18 66
4 125
4 83
131 137
48 69
31 92
57 134
11 45
29 54
90 96
132 142
21 120
69 146
11 65
56 153
1 89
53 72
28 150
29 165
112 141
39 149
113 168
82 87
20 38
50 119
48 154
99 163
78 85
17 117
95 121
100 141
104 107
154 169
8 22
63 141
130 168
60 83
13 156
3 26
46 66
23 30
3 162
11 21
48 88
61 112
73 142
114 130
32 49
4 157
116 155
8 108
114 163
4 9
48 140
77 93
124 160
12 18
148 154
51 102
1 25
15 53
65 87
44 151
115 117
17 62
60 168
120 133
102 148
70 116
77 155
19 66
74 125
104 139
65 133
146 149
76 78
53 159
53 110
116 167
51 72
74 165
8 51
17 158
96 123
100 142
15 64
54 139
7 141
64 140
78 153
1 93
112 161
42 79
43 90
118 168
74 78
42 115
103 139
20 53
53 117
35 74
93 100
48 151
85 112
0 148
139 155
37 56
53 169
59 124
94 145
0 2
106 115
28 87
92 167
45 54
4 41
150 160
73 124
39 131
79 113
66 163
23 124
125 158
120 161
82 104
6 55
30 135
104 127
57 65
27 159
91 123
40 102
81 110
91 154
67 80
68 148
85 138
25 130
30 118
13 119
20 81
78 156
89 164
20 159
8 24
88 157
32 110
39 106
39 63
9 55
83 168
96 140
45 61
40 76
4 94
47 167
59 152
138 157
76 103
27 135
0 81
42 100
85 114
44 53
29 144
5 83
58 102
0 75
53 154
70 89
117 120
154 168
80 146
99 151
28 131
35 117
64 100
70 106
40 78
2 37
4 114
94 134
29 61
124 154
6 20
100 120
17 107
108 149
10 25
96 116
99 143
25 67
57 128
69 156
16 159
42 69
22 159
85 98
18 56
41 102
53 143
44 160
12 42
139 142
105 115
60 94
39 105
104 132
90 150
73 136
58 130
117 138
19 22
21 154
69 118
33 164
72 84
86 126
115 128
31 44
66 93
120 158
77 137
120 144
85 120
73 166
103 142
86 99
54 169
111 133
8 40
111 155
31 106
41 131
56 122
40 128
69 130
12 141
44 158
42 110
98 141
105 168
118 147
39 141
43 166
31 87
124 148
7 39
105 134
79 101
39 127
39 56
65 79
1 58
121 165
15 91
38 110
25 88
82 156
49 100
48 162
20 47
66 91
164 169
40 143
21 64
41 52
123 165
77 113
82 99
27 45
26 154
88 143
10 167
88 144
90 102
42 48
106 116
36 94
80 144
35 158
27 49
13 21
97 167
48 132
35 159
124 155
140 141
57 71
25 45
139 146
28 33
43 102
81 90
76 128
70 72
91 168
60 164
10 135
22 71
37 123
69 164
64 103
12 146
98 159
4 100
8 167
45 166
107 124
137 140
136 156
35 129
90 131
26 72
80 159
18 115
84 90
81 159
21 155
70 165
91 101
73 90
34 49
123 152
39 108
108 128
2 30
49 74
29 85
60 144
89 120
104 125
22 145
0 14
72 166
71 160
84 101
133 150
107 164
23 94
54 91
55 63
5 144
10 165
77 110
1 51
34 127
47 119
34 115
8 44
55 124
13 67
24 50
73 118
115 148
66 167
51 85
42 111
12 60
27 55
142 166
70 103
59 147
118 133
76 158
23 142
17 148
31 140
86 137
16 38
41 82
89 127
67 100
99 115
17 134
44 166
51 157
21 47
65 128
35 73
16 68
47 144
44 86
77 124
20 68
55 130
71 89
4 145
109 127
27 66
84 98
44 153
52 120
28 61
32 46
12 155
28 167
29 138
16 51
36 43
25 33
22 135
93 146
80 124
48 75
63 90
31 119
14 126
47 55
43 106
66 116
62 132
102 135
158 161
59 73
59 76
84 132
99 102
42 147
21 67
84 160
73 85
50 147
31 116
115 166
63 163
58 95
115 161
17 129
118 153
33 156
5 75
28 123
110 111
88 110
151 155
6 114
85 103
11 25
46 106
86 132
8 139
15 82
13 114
15 28
57 64
81 85
49 63
130 134
38 154
55 147
55 89
16 138
96 164
18 20
45 119
57 116
11 123
153 163
133 142
134 141
14 33
140 167
13 101
63 168
34 99
18 103
122 151
115 144
26 42
23 166
113 115
55 105
82 89
145 169
13 158
23 118
26 118
75 137
46 103
46 91
52 64
129 139
53 127
84 115
71 144
1 144
103 124
87 154
39 159
127 147
30 155
50 122
149 158
10 138
113 167
56 75
127 152
54 58
11 20
58 85
44 68
33 126
30 157
133 139
18 150
16 43
79 125
20 144
13 147
40 69
17 164
68 83
17 50
87 133
95 166
75 96
88 156
123 143
31 105
60 166
37 115
2 51
135 145
49 72
44 114
5 62
99 156
40 62
9 147
12 81
66 143
17 59
43 146
112 136
110 149
25 121
9 164
14 39
105 166
132 138
58 147
42 83
105 160
52 94
52 82
21 49
117 151
24 162
92 124
98 149
120 124
22 150
10 155
99 159
87 116
14 91
79 168
53 168
113 114
67 143
92 134
131 162
15 20
5 125
83 148
43 75
11 120
34 123
31 62
18 58
84 116
59 149
43 167
46 139
72 142
121 146
142 148
14 75
9 136
78 89
122 164
99 110
72 118
66 117
14 34
18 135
49 103
83 109
52 145
44 132
66 70
64 118
60 119
28 85
12 34
16 64
49 147
132 136
65 155
80 134
101 125
125 144
16 144
63 69
32 105
34 47
11 24
48 77
76 99
13 97
4 159
36 59
91 152
65 101
45 75
47 87
55 94
7 18
27 86
86 98
126 150
17 144
38 121
105 128
62 109
26 97
116 123
49 120
83 145
23 139
8 10
55 106
6 124
15 148
50 166
140 164
0 77
33 131
23 163
30 44
24 160
14 103
41 87
72 95
145 156
0 100
114 138
32 37
5 105
88 89
46 144
156 160
22 67
78 138
2 169
23 43
83 99
11 164
6 13
68 107
104 164
46 137
9 81
17 168
93 105
116 131
160 161
72 112
69 127
59 116
44 47
27 165
21 136
19 156
86 92
1 19
91 93
32 39
46 47
95 113
67 84
115 155
83 122
20 93
7 48
121 153
100 158
38 69
20 95
50 83
64 124
107 154
110 161
32 88
114 142
71 90
49 58
120 134
31 86
16 17
12 65
43 163
78 115
6 16
62 165
58 145
94 120
33 151
16 70
4 49
70 77
86 127
38 105
57 126
108 110
49 89
66 151
36 144
67 142
150 155
33 145
77 142
77 85
99 120
32 119
48 84
67 145
113 136
111 123
36 149
28 50
66 157
35 144
21 88
8 106
66 129
101 123
30 79
120 142
86 95
46 70
85 96
156 168
15 142
56 72
72 168
9 90
50 71
131 151
42 56
45 158
41 58
135 139
72 134
35 64
21 57
100 123
105 143
114 150
32 93
49 154
89 128
41 74
27 161
32 53
57 79
32 141
12 118
84 144
37 141
89 101
47 141
57 169
37 164
31 98
114 134
100 152
13 155
18 59
105 164
97 129
23 41
10 125
14 56
2 96
8 98
140 142
13 120
92 113
4 135
32 43
83 124
47 95
10 136
85 152
40 71
50 153
28 43
101 122
27 162
30 98
81 119
14 134
14 156
68 133
12 52
117 142
91 164
83 129
55 156
45 101
64 125
7 158
17 103
38 127
112 162
46 80
12 70
92 156
71 128
85 137
66 106
128 161
26 120
13 37
127 167
55 71
141 155
87 164
111 160
57 76
41 116
37 81
98 118
1 114
9 16
141 145
144 162
81 109
28 58
124 146
21 45
53 136
11 154
99 162
26 167
1 31
33 55
7 19
15 131
81 100
28 124
60 122
48 121
75 132
79 139
4 10
29 140
48 81
27 65
43 96
1 47
90 148
48 133
18 92
70 113
24 69
60 87
31 53
14 151
5 99
56 150
33 120
7 72
28 40
18 117
15 110
59 67
123 141
94 166
18 55
139 167
118 136
93 112
131 150
20 138
20 77
63 95
96 136
109 110
71 83
6 123
105 150
120 149
15 80
145 159
19 83
11 109
14 117
133 136
37 80
144 155
68 117
55 85
45 57
127 163
52 93
31 128
89 144
114 121
148 169
80 106
42 131
49 130
38 43
51 155
5 14
39 112
23 136
2 161
24 143
79 169
21 76
11 68
26 115
54 59
89 148
15 99
101 120
39 119
28 115
7 126
16 83
23 69
16 133
83 155
28 53
39 59
12 86
56 156
29 55
57 129
71 151
29 45
57 148
47 163
23 82
94 100
36 82
108 133
2 126
1 152
52 165
43 165
64 127
34 144
21 29
50 160
0 53
72 121
40 83
67 169
40 136
48 169
52 76
66 128
25 103
26 89
54 115
35 115
23 167
12 127
27 67
113 144
25 136
36 104
21 37
0 5
50 85
146 167
95 122
17 149
15 41
43 93
107 132
101 167
14 32
95 165
139 168
28 160
86 112
153 156
42 49
83 94
60 108
80 105
57 107
74 112
66 75
31 160
29 32
113 125
33 75
29 82
19 90
23 73
62 143
3 141
21 152
11 159
79 150
61 76
94 157
7 34
82 88
44 105
33 154
123 153
56 159
75 104
36 151
58 129
18 42
85 100
3 163
4 64
41 146
50 89
45 139
79 131
6 159
66 81
89 146
101 137
48 142
40 155
55 161
29 78
51 118
44 97
75 163
8 57
28 109
47 61
69 101
52 158
63 143
113 149
91 140
44 93
77 105
13 93
15 116
25 65
25 74
83 131
72 167
3 62
61 77
100 159
28 114
22 62
119 167
111 124
81 156
86 119
58 164
67 153
20 85
128 131
37 119
33 44
66 124
7 105
87 139
41 103
77 148
31 110
62 87
9 86
101 108
8 116
18 127
18 126
126 161
57 160
40 47
41 112
28 49
27 116
55 128
44 120
47 156
39 117
82 113
102 105
110 128
145 167
55 168
74 114
44 60
136 150
138 159
43 78
119 122
28 72
109 166
13 36
33 136
89 131
52 128
78 145
20 165
42 94
47 124
63 114
150 167
43 95
164 165
24 116
40 95
47 118
142 164
137 153
4 6
91 144
10 164
62 127
13 73
143 166
3 36
89 93
44 137
2 24
33 118
52 118
0 58
151 167
112 155
23 57
35 169
15 140
19 54
82 85
7 164
11 70
73 165
3 7
17 98
17 109
97 146
80 95
75 127
22 158
158 167
145 146
15 126
17 24
82 92
4 38
10 28
25 157
65 116
20 141
35 47
108 131
23 169
28 75
1 56
44 133
111 141
28 165
71 166
67 133
38 169
22 163
62 83
135 140
4 152
79 114
31 112
127 134
34 59
70 129
2 158
10 86
50 144
8 111
90 117
97 140
50 161
0 36
59 128
97 127
1 156
39 51
21 144
33 106
10 132
42 89
108 153
11 29
131 163
27 85
35 92
8 20
36 107
27 113
24 98
22 118
120 165
20 106
0 30
2 106
75 120
67 72
13 33
113 127
91 128
105 110
138 141
83 84
86 103
110 153
25 50
124 132
40 137
84 111
119 130
1 17
90 116
90 165
4 81
36 50
56 119
138 165
6 15
53 88
51 68
77 164
71 157
6 24
11 56
23 26
79 158
68 154
15 147
120 156
9 63
135 151
71 136
115 147
142 144
94 105
40 141
25 115
57 82
106 166
121 137
61 116
23 132
97 114
38 160
91 166
72 138
21 157
9 13
10 69
5 42
129 135
8 150
163 167
96 121
23 53
10 114
27 126
45 89
24 145
96 112
14 150
56 58
55 96
25 27
9 143
22 49
77 112
50 60
69 135
8 79
148 165
1 121
67 102
73 155
83 149
31 167
117 126
52 139
157 163
75 139
9 98
29 81
28 104
69 143
44 88
37 137
149 168
34 52
50 164
9 168
35 143
62 94
123 168
6 99
27 107
5 163
16 128
29 117
21 169
101 145
44 57
34 149
35 70
87 147
46 129
52 113
5 132
11 81
74 155
37 148
32 96
43 58
31 104
84 158
29 154
48 112
5 87
34 111
15 88
28 113
135 142
84 135
31 61
99 149
60 158
116 160
11 78
123 124
60 76
28 54
133 168
82 96
45 124
3 79
32 45
58 75
6 152
40 94
5 22
32 76
38 102
115 164
129 165
57 143
37 159
11 139
87 161
36 160
47 128
2 137
115 154
93 147
50 135
18 154
74 80
111 135
23 71
33 101
126 154
22 85
70 105
89 107
67 149
25 87
92 100
4 122
83 126
9 117
116 162
62 125
110 142
26 117
48 89
39 139
123 144
61 166
25 147
62 140
34 66
73 89
11 51
95 149
94 149
57 92
8 169
11 99
81 158
78 167
114 148
59 103
38 165
40 42
4 59
52 154
3 144
50 131
105 161
27 166
143 168
6 110
66 150
99 136
93 102
135 165
0 71
35 54
16 163
51 122
120 137
25 122
62 119
19 142
2 140
124 159
123 156
78 99
21 46
24 119
24 150
102 143
7 28
33 168
84 143
86 101
29 127
38 142
1 23
18 86
14 62
38 90
14 127
29 47
91 118
28 141
94 165
19 100
10 62
60 117
10 21
22 50
43 56
1 63
52 114
42 98
103 112
3 94
115 133
27 75
80 150
36 145
2 50
60 146
31 37
109 157
50 104
138 161
10 106
60 72
30 45
20 52
24 80
83 114
117 144
105 144
133 137
12 105
102 136
117 166
51 55
20 36
56 147
33 100
17 140
121 132
13 100
79 164
99 142
105 167
27 133
29 30
31 93
49 73
0 9
28 59
30 147
67 111
98 126
67 85
35 39
48 159
4 7
80 84
103 131
51 154
16 33
1 68
1 87
53 61
57 166
50 167
144 165
17 132
62 161
69 116
94 101
9 154
79 86
18 93
84 105
16 100
13 72
19 125
22 81
85 106
96 124
90 111
32 85
106 119
133 152
95 153
113 138
77 96
12 13
7 145
10 63
14 122
54 166
122 157
111 125
19 122
44 108
16 101
23 156
4 134
74 135
76 157
102 119
77 156
88 126
83 97
62 155
26 148
27 44
55 68
41 54
122 127
34 165
80 169
149 167
137 147
21 137
58 119
60 143
65 90
61 110
26 110
70 169
23 63
74 113
51 107
25 41
21 95
28 96
10 105
75 162
119 165
0 165
8 159
25 129
3 65
158 159
160 166
57 147
45 80
72 96
111 153
56 163
132 153
101 163
88 96
94 147
21 141
1 48
27 140
28 38
75 83
47 116
145 149
109 146
11 13
46 48
47 49
12 40
25 75
56 68
87 121
28 140
130 147
1 43
52 71
49 52
84 107
57 84
32 73
24 25
1 99
19 72
27 156
84 166
83 118
100 104
9 167
55 76
26 146
31 165
113 147
5 63
46 109
104 111
6 116
50 137
110 127
129 159
21 75
109 135
22 167
122 154
30 81
68 69
92 165
110 136
147 164
5 46
73 162
96 122
7 111
83 156
51 56
154 161
1 82
110 115
90 143
68 87
74 102
32 102
81 84
15 16
53 96
147 169
15 97
102 128
65 130
91 94
14 137
50 146
40 154
108 130
13 105
74 128
56 135
14 23
1 2
118 130
113 141
27 168
97 142
33 39
16 82
121 156
42 106
12 21
62 75
52 153
65 99
15 75
40 111
53 166
83 116
59 87
52 168
51 69
76 152
67 160
41 135
112 134
43 54
67 107
105 155
60 153
77 157
5 31
109 116
102 144
12 129
25 135
12 156
21 134
59 106
52 88
81 160
26 78
101 107
93 94
18 44
39 114
90 167
31 80
60 169
44 121
11 48
73 140
47 82
15 161
18 141
32 140
80 86
61 142
69 90
37 158
40 158
108 141
32 153
95 148
7 115
5 88
66 113
0 105
98 110
48 150
76 97
104 157
10 140
61 71
95 167
4 48
116 139
10 39
95 119
74 168
139 157
60 105
45 79
0 13
115 118
82 134
63 132
100 127
122 163
106 155
1 37
22 114
76 94
16 30
134 148
95 102
96 135
147 166
3 85
60 147
2 136
42 45
57 103
67 140
143 146
39 86
77 78
10 57
97 145
47 56
51 96
62 148
30 132
44 55
36 157
98 139
113 169
149 153
133 149
14 36
146 158
70 121
83 166
0 115
3 150
39 137
9 101
3 153
43 120
136 142
29 130
41 61
82 108
101 116
66 108
29 65
101 130
137 141
57 81
28 89
122 169
93 142
101 161
49 107
68 80
110 165
10 50
22 98
30 166
52 96
92 125
24 92
77 169
116 166
89 133
23 129
89 110
88 115
42 93
99 133
71 116
66 80
54 94
1 64
45 114
132 165
25 89
0 153
121 151
72 78
76 150
89 100
78 144
93 131
73 117
64 167
49 105
15 21
92 136
67 86
50 142
112 115
116 151
71 149
124 139
20 60
41 55
88 132
37 97
62 154
39 42
85 109
6 105
54 64
17 84
113 130
51 152
5 64
80 109
128 158
47 77
45 167
76 119
29 124
71 100
65 81
74 101
58 139
28 166
44 135
9 30
68 93
47 162
131 142
87 165
21 81
103 122
114 141
67 110
6 153
29 77
11 165
8 64
5 11
83 134
44 162
117 123
99 118
72 99
31 144
3 160
29 120
49 112
77 158
72 162
69 147
12 133
73 76
19 96
1 15
32 117
21 108
100 101
40 125
77 144
44 110
46 79
42 109
43 98
138 168
21 50
131 147
37 103
20 126
