173
7
4612
60
40 2
20 2
16 2
6 4
28 2
54 3
20 3
30 1
25 4
61 2
5 1
51 1
62 4
26 1
22 2
39 1
36 3
76 4
25 5
44 3
4 2
4 1
12 3
21 5
20 2
2 1
3 5
51 1
24 3
30 4
33 4
64 1
53 1
38 2
19 1
29 2
10 5
56 1
33 2
55 4
46 4
31 2
59 4
41 2
29 5
2 2
68 2
21 5
41 4
28 4
6 3
76 5
52 2
48 2
34 4
51 2
55 2
11 5
74 3
56 1
15 4
59 2
25 3
50 1
11 2
28 3
7 4
24 2
5 5
33 3
38 2
51 4
2 1
55 1
21 3
67 4
23 3
11 2
64 1
58 3
55 5
19 3
32 4
66 2
74 1
35 5
46 4
5 1
63 1
40 3
60 4
56 2
56 5
25 3
20 3
8 2
24 2
48 4
48 5
14 4
48 2
35 4
27 1
68 4
15 4
23 3
73 5
74 5
66 1
24 2
10 5
57 3
3 3
49 4
48 3
29 3
45 5
67 1
10 4
2 4
21 2
20 1
20 2
42 3
59 4
66 3
7 2
30 3
21 2
17 4
33 4
58 1
75 5
32 5
65 3
7 3
35 5
47 2
23 3
11 5
60 4
9 1
66 4
51 5
74 5
3 4
20 4
3 2
73 4
14 2
53 3
61 4
27 3
41 1
11 1
69 2
25 1
33 2
19 3
69 3
7 1
21 2
75 2
74 2
7 1
2 5
3 1
59 4
19 3
55 2
43 3
24 2
71 3
33 69
128 162
18 82
120 170
22 154
34 116
23 69
40 100
39 106
41 99
132 162
111 137
49 158
3 109
13 33
64 159
67 161
79 172
53 150
6 147
45 115
60 88
19 76
62 94
130 160
127 141
15 97
93 126
7 103
115 165
30 89
46 61
135 149
139 144
7 37
32 107
29 93
49 103
53 124
71 166
109 135
107 163
34 86
102 117
12 16
14 123
73 146
97 114
83 123
61 82
79 145
67 83
3 89
50 126
44 114
60 100
5 101
37 162
16 122
101 133
74 159
22 108
26 67
46 170
84 106
83 145
92 145
16 161
15 153
9 104
58 134
66 79
100 151
109 157
60 78
100 111
99 124
8 152
60 148
114 141
77 140
43 131
52 139
55 94
117 142
124 161
35 74
77 135
83 110
34 35
52 73
12 119
28 71
79 165
93 134
80 105
132 164
58 61
135 150
73 95
66 135
91 102
15 100
104 132
82 122
102 122
57 91
34 60
2 88
9 170
86 134
59 116
45 66
4 91
63 172
5 89
42 170
35 91
34 97
37 102
32 165
56 159
76 105
40 81
43 91
68 170
81 116
27 138
71 107
42 159
13 26
7 32
25 65
24 33
25 71
31 39
66 76
47 119
60 162
65 163
99 153
8 39
9 78
12 110
31 48
25 81
49 160
50 120
125 137
105 122
15 120
83 121
128 161
104 137
8 147
41 87
0 161
3 62
98 124
76 155
99 141
104 107
7 136
56 67
5 21
138 140
9 13
0 65
31 46
76 142
11 29
135 140
27 170
2 75
49 159
27 120
42 158
9 102
90 155
80 119
104 146
11 162
46 125
42 133
12 35
27 29
48 150
121 166
78 171
68 158
44 172
30 141
87 90
40 90
26 153
71 129
135 170
72 158
18 42
16 54
70 152
27 53
1 81
140 145
69 147
15 62
2 143
22 132
1 74
64 150
150 161
25 130
35 85
49 79
123 138
71 158
72 170
93 107
71 121
77 170
39 44
149 170
33 83
122 129
91 116
107 120
70 112
14 17
28 125
59 70
130 144
1 9
90 138
6 83
81 165
4 123
93 102
57 81
37 78
71 148
8 74
87 96
11 65
123 135
76 128
124 148
34 64
12 57
96 118
19 157
57 114
93 172
32 128
27 149
98 143
9 120
90 108
9 26
34 147
115 134
46 162
73 111
128 166
58 168
13 73
2 28
45 89
54 84
5 72
27 96
19 91
55 98
24 37
48 151
0 36
89 98
50 171
82 99
25 146
61 146
39 53
32 37
19 123
16 118
102 156
9 110
26 77
31 82
129 140
10 53
100 155
103 107
0 63
55 150
92 160
133 137
105 157
63 76
29 122
94 106
7 111
1 29
20 42
19 99
93 98
4 42
135 164
25 79
9 87
51 77
26 49
3 127
66 70
72 99
68 109
53 140
5 151
60 134
44 103
6 169
62 138
75 120
69 128
83 134
59 128
85 95
43 46
106 132
133 135
76 159
39 115
101 117
9 14
84 166
42 65
123 130
10 91
75 111
45 120
49 89
18 75
40 147
74 80
32 58
14 129
20 101
114 144
59 165
80 130
97 158
4 170
18 112
13 107
65 151
53 68
114 145
30 106
23 127
156 172
5 58
6 52
100 107
40 118
138 160
33 168
7 61
148 165
136 157
32 108
93 128
33 110
89 157
44 91
132 141
5 33
48 88
30 128
18 155
128 146
4 71
74 158
30 159
0 103
54 96
45 152
21 103
151 163
123 155
29 59
20 32
8 22
47 144
44 97
52 74
87 152
84 103
102 118
130 150
65 126
12 48
5 157
28 164
31 126
52 53
124 149
3 77
73 116
103 114
30 36
15 31
109 114
121 164
31 37
78 111
95 106
79 133
105 172
60 132
101 159
34 78
27 68
20 104
20 94
130 138
4 74
29 32
41 56
5 125
12 29
61 84
47 54
151 152
113 156
40 119
12 13
47 65
32 134
119 149
138 143
45 142
61 152
45 60
35 136
26 105
0 153
46 106
33 115
103 152
8 79
65 138
21 110
42 160
116 161
23 64
116 143
96 100
17 87
44 100
3 97
111 166
46 137
95 111
12 141
10 75
69 170
57 93
62 114
88 171
141 163
85 134
6 76
25 112
32 143
25 128
21 170
75 164
24 109
60 91
62 100
102 112
7 41
158 167
121 169
70 165
83 86
48 104
28 92
55 121
64 120
119 148
4 47
57 167
49 68
66 96
41 146
135 148
34 118
101 121
54 97
106 125
61 135
28 34
66 158
111 142
16 154
57 141
94 155
3 138
91 149
106 136
36 124
55 104
72 153
100 126
90 98
121 134
21 158
5 159
18 74
31 114
56 78
130 172
22 151
103 135
8 135
94 141
50 67
18 20
124 168
140 168
64 92
62 154
9 162
93 139
107 169
33 137
11 108
156 170
16 29
74 110
139 145
138 157
46 111
88 135
63 100
23 170
17 121
59 139
43 142
43 140
79 125
51 147
66 164
80 90
2 80
58 87
103 137
92 150
82 165
98 144
130 134
20 106
9 89
120 145
31 45
7 109
26 89
45 126
9 123
39 87
27 101
90 133
5 94
31 73
44 62
64 69
1 164
85 99
28 119
2 54
63 114
71 143
66 108
10 66
33 45
5 143
112 128
74 169
91 160
18 133
78 99
27 71
119 132
33 55
53 97
69 107
56 74
0 172
54 146
113 170
33 150
38 79
50 115
107 167
43 108
110 145
114 129
61 125
79 120
83 150
121 132
115 126
0 6
72 106
124 125
22 33
3 69
48 172
96 145
99 139
125 129
44 59
50 81
54 89
13 66
56 111
29 62
42 59
39 153
41 113
21 88
88 144
106 169
7 131
12 68
136 141
161 167
116 169
99 156
68 118
102 128
46 49
43 122
67 86
118 126
42 95
30 135
41 67
35 163
45 73
14 150
93 117
103 172
52 131
85 144
21 65
79 103
132 168
1 117
22 77
34 45
141 143
109 164
109 162
58 143
104 126
1 10
129 152
115 146
100 127
92 105
17 146
144 152
109 166
13 71
63 84
55 82
48 86
138 166
17 76
26 163
161 162
79 93
52 171
13 21
60 92
24 60
65 128
0 163
47 167
52 118
19 26
12 80
80 160
5 26
154 160
110 157
113 151
107 135
38 117
12 53
43 171
64 168
143 161
27 33
71 90
43 130
28 154
60 107
35 170
37 94
42 82
66 107
85 161
54 150
111 125
68 108
36 105
5 121
12 91
16 17
114 118
4 117
17 108
147 152
65 161
25 166
20 164
41 130
78 144
73 153
5 160
67 123
83 166
64 138
34 149
154 162
2 151
51 114
37 106
50 55
114 166
84 118
73 121
116 164
105 142
7 162
18 142
31 57
125 149
18 41
74 76
98 166
70 110
32 172
127 164
70 124
23 67
17 58
12 142
3 46
55 81
84 167
61 96
32 85
3 64
86 119
39 54
53 79
151 155
16 31
110 132
108 136
20 88
111 150
14 160
36 109
48 79
72 93
85 110
54 165
98 149
20 118
49 145
77 126
125 162
97 113
109 168
112 163
53 110
11 136
69 83
5 28
123 139
41 152
56 151
94 164
73 102
31 128
36 38
96 112
1 128
91 140
88 100
109 156
65 87
67 72
1 151
2 31
0 119
73 115
4 44
59 76
13 82
1 15
49 55
40 129
37 160
95 97
41 172
56 169
56 141
38 161
0 57
21 126
102 150
31 59
38 52
70 105
31 33
101 136
14 113
106 137
16 144
38 108
49 115
37 90
18 27
7 148
119 166
21 33
21 122
99 100
142 163
27 43
121 125
35 126
81 167
34 46
6 100
5 19
12 62
16 123
48 136
8 41
92 156
30 151
18 145
147 166
5 122
7 33
49 128
57 133
31 164
1 75
80 126
29 47
65 94
129 139
101 143
4 157
48 130
35 154
18 158
137 169
110 113
54 93
92 132
23 31
28 155
31 53
71 114
86 167
149 159
82 137
82 126
19 137
48 163
101 157
6 118
99 146
5 128
134 147
117 163
81 142
27 67
46 130
108 140
15 27
99 170
29 114
99 123
40 159
46 72
57 88
97 139
89 103
94 112
154 157
7 92
4 136
4 119
48 94
10 161
35 132
149 160
67 107
66 77
75 166
19 21
68 121
81 110
43 56
59 144
12 101
43 92
69 90
89 123
37 134
129 153
68 161
112 117
53 134
13 156
37 149
72 108
134 135
133 165
80 157
136 165
4 155
134 137
63 90
67 142
2 112
1 126
27 119
24 88
16 55
26 95
0 151
143 168
3 86
5 31
25 155
66 94
16 58
33 96
81 149
140 171
26 44
25 170
96 170
21 78
40 58
89 147
10 55
67 128
127 149
81 162
32 151
11 112
30 82
82 143
8 76
1 66
34 84
35 83
85 126
19 56
58 98
68 119
47 158
142 160
68 82
4 15
7 157
47 63
63 163
145 151
75 88
9 56
34 130
40 97
1 80
26 93
79 153
1 76
9 43
5 81
82 114
6 125
112 141
21 23
57 157
102 121
44 119
4 142
16 124
92 166
9 136
106 113
67 103
75 152
88 95
3 36
46 156
52 151
36 157
93 169
0 8
97 104
61 150
5 83
70 141
27 69
74 150
120 128
59 152
15 19
69 135
45 131
87 88
16 141
13 56
52 140
12 30
106 146
58 150
38 101
24 57
68 162
20 109
46 160
24 40
70 153
85 140
26 111
72 80
25 28
31 108
4 121
100 104
62 91
61 91
62 74
46 127
46 150
13 36
22 31
9 92
32 159
7 142
89 133
74 117
27 116
33 165
1 78
26 160
84 112
30 66
108 166
90 97
4 109
3 123
14 145
51 92
120 160
64 106
6 55
67 156
52 106
10 160
4 81
8 19
136 148
27 65
165 166
15 39
63 156
34 167
28 33
123 131
67 127
25 163
94 135
3 58
51 139
18 104
12 131
28 63
7 93
108 115
52 71
66 81
72 116
47 121
95 147
75 113
38 165
91 135
73 157
0 108
143 170
136 171
35 110
61 158
14 131
54 119
32 166
42 171
6 121
16 128
67 74
99 168
71 99
21 135
36 172
32 59
20 168
44 45
11 129
75 130
108 165
47 107
36 95
10 77
117 132
80 142
133 160
129 149
8 110
2 36
19 128
109 110
5 170
59 85
35 52
92 140
23 123
43 159
72 77
44 55
26 128
153 154
73 118
132 151
80 164
69 125
10 115
72 117
17 96
8 92
73 162
16 89
96 119
78 167
53 82
33 116
76 83
18 137
138 167
62 168
41 74
105 163
153 166
95 114
11 133
98 170
7 116
89 141
5 116
89 124
82 94
100 166
33 113
81 141
128 147
12 113
43 133
90 162
20 144
101 124
112 162
19 166
43 163
9 122
88 109
83 90
76 131
38 142
64 161
13 159
46 62
117 172
12 64
15 140
17 134
48 147
24 95
30 145
87 159
0 84
89 97
25 69
10 24
82 120
38 132
45 165
25 99
9 90
80 88
86 126
45 97
3 139
104 148
122 153
87 158
65 155
38 125
76 136
68 123
92 147
13 148
71 108
101 163
46 138
73 142
12 102
5 51
127 163
27 49
82 96
5 172
48 100
29 83
29 54
14 74
33 126
67 169
108 124
6 57
110 156
58 92
95 135
74 167
73 103
62 112
36 37
60 75
39 85
18 127
55 65
51 170
117 126
69 74
130 171
23 71
32 125
2 73
45 134
95 127
14 89
56 59
67 137
30 38
81 170
41 157
52 109
10 43
40 103
50 167
43 145
1 97
66 157
25 45
58 124
12 78
38 116
99 161
31 71
68 116
111 115
84 102
23 107
67 99
69 148
54 90
30 87
78 119
49 123
64 91
113 166
82 102
67 76
113 152
25 138
82 164
110 153
36 80
105 166
17 73
13 153
106 122
4 27
66 105
144 161
84 98
43 143
12 50
110 127
5 49
94 132
101 114
112 115
38 152
55 134
12 77
117 120
125 159
100 153
15 33
137 141
2 46
79 139
14 15
47 102
24 151
44 130
75 148
47 129
58 149
126 155
24 139
20 141
10 94
28 98
23 92
79 99
116 147
62 157
5 91
17 132
15 98
85 112
51 88
10 141
95 170
28 60
77 156
52 54
120 140
47 140
77 115
58 101
59 104
35 49
62 85
86 101
8 153
77 124
10 92
78 94
73 168
98 139
67 100
42 143
25 164
59 81
27 100
54 67
67 145
41 83
9 139
50 133
94 150
24 34
18 79
44 147
0 43
73 127
126 160
126 144
87 89
56 164
80 169
32 137
68 120
15 86
68 137
36 144
87 137
92 102
45 109
33 80
62 77
133 154
47 161
94 149
16 137
85 168
161 168
64 146
2 51
70 130
21 30
90 163
44 136
79 150
124 127
13 92
52 153
53 120
41 81
74 146
94 121
43 152
18 123
46 92
31 98
33 151
63 134
71 75
132 140
19 131
76 100
57 97
11 80
41 106
26 112
68 77
86 157
58 70
55 156
111 161
52 117
22 141
88 134
83 113
1 155
25 127
40 83
14 21
95 99
92 136
29 82
43 151
50 112
63 160
46 113
34 100
53 151
43 71
74 160
70 149
68 159
13 18
126 151
21 102
120 122
4 55
134 165
51 71
67 78
80 156
92 138
31 85
16 88
23 98
42 147
77 99
6 38
89 168
81 151
1 145
1 159
25 113
0 157
112 126
45 154
99 166
18 65
97 168
117 167
61 69
138 144
13 57
107 128
136 142
41 142
81 148
26 59
58 155
49 106
25 86
21 38
62 70
58 162
109 154
75 86
112 121
33 52
7 164
104 151
84 163
9 21
26 85
135 143
7 85
3 90
64 152
50 119
2 102
14 139
29 149
109 143
13 89
16 164
57 163
99 105
143 171
110 167
108 164
26 70
92 171
25 160
55 163
41 68
38 119
83 147
101 166
123 167
124 153
18 38
74 97
31 92
33 130
133 149
115 143
28 81
37 167
64 66
79 87
78 101
37 164
104 164
16 61
73 84
25 27
94 117
45 80
45 68
58 129
73 79
26 75
22 35
89 95
25 53
10 159
77 111
84 95
119 141
126 139
64 104
114 115
134 146
110 117
86 138
107 136
9 73
11 42
56 127
6 12
32 161
63 144
30 64
76 143
128 154
17 102
9 168
16 143
102 124
0 77
23 144
84 105
20 136
85 124
97 115
10 88
116 125
30 148
59 83
22 100
127 148
107 165
125 144
38 48
10 89
50 66
90 131
46 169
64 141
61 142
19 42
6 107
133 145
105 124
7 152
7 55
18 93
101 112
60 65
123 127
41 78
101 106
1 72
50 156
24 81
12 165
88 155
84 88
94 140
113 132
67 163
13 32
95 143
0 12
76 96
86 103
107 125
4 13
88 165
41 135
50 172
16 45
8 117
42 66
29 132
45 167
49 77
81 104
1 55
58 72
42 156
70 104
46 93
114 142
25 48
51 68
75 117
56 60
89 128
70 80
27 111
64 115
19 129
13 38
80 103
42 98
79 86
43 117
39 56
32 117
62 130
7 43
7 75
27 54
18 131
70 103
77 146
123 125
63 101
78 129
117 160
53 100
61 86
0 136
33 78
52 146
25 116
5 65
19 142
49 130
21 35
77 81
80 150
17 170
46 60
29 72
49 81
57 145
63 130
7 159
79 110
37 136
25 156
100 147
2 140
80 139
23 61
128 150
3 54
68 114
11 35
7 165
107 162
19 108
3 51
129 142
9 48
57 109
3 153
164 169
10 117
88 168
5 71
132 135
50 137
5 139
8 62
6 109
20 47
77 153
137 154
128 142
56 163
80 93
149 162
36 103
5 134
17 106
126 137
39 89
100 121
22 147
119 124
107 160
29 87
3 132
80 92
13 44
2 49
53 147
74 93
56 64
91 170
87 129
158 172
18 95
155 165
91 125
69 159
109 148
102 157
157 165
16 112
99 130
96 135
37 82
31 107
48 165
62 136
159 166
48 77
105 136
74 145
52 105
0 5
96 102
113 142
36 84
0 30
75 143
55 60
58 135
61 76
70 144
17 130
37 114
14 16
25 97
83 103
21 92
76 152
13 130
56 57
102 172
64 149
32 92
61 116
53 56
134 162
51 76
5 73
22 61
47 51
65 136
90 121
107 147
138 141
105 156
82 115
88 146
32 120
27 136
0 3
64 127
9 172
82 160
46 164
113 150
81 168
2 94
116 128
137 162
54 124
13 49
32 115
86 165
74 157
61 133
135 144
33 140
70 96
125 138
71 88
12 164
81 96
2 170
25 56
5 77
86 90
108 158
64 130
64 116
27 75
16 146
81 130
24 160
51 151
129 171
55 142
46 112
48 135
37 46
52 144
66 156
96 129
19 150
38 139
143 151
124 170
6 60
15 29
8 29
6 7
32 72
93 127
25 76
128 163
122 169
69 106
60 145
82 134
5 62
1 43
0 139
49 112
19 101
96 167
69 105
33 105
8 70
7 78
0 169
84 121
84 110
85 172
111 119
58 74
19 120
81 155
5 55
1 94
32 60
141 149
107 117
37 142
29 167
89 106
51 138
5 123
9 135
27 50
14 39
1 113
3 27
53 128
119 163
101 115
103 106
55 123
73 140
91 120
27 70
17 119
28 38
95 123
2 86
131 155
25 171
82 145
117 118
15 73
11 137
42 104
5 40
6 144
106 155
78 104
18 53
89 165
75 114
76 157
18 114
47 137
131 134
37 121
47 138
130 167
37 58
55 68
77 121
17 63
110 161
0 39
17 105
81 117
10 32
118 119
35 116
43 88
55 85
35 78
110 111
7 18
27 95
19 130
57 104
145 155
117 141
89 150
51 125
128 159
89 136
51 146
6 33
61 110
11 63
118 141
2 47
103 161
132 152
112 116
100 167
2 45
36 82
72 92
1 47
57 121
96 164
123 161
108 117
44 53
53 142
52 60
19 134
81 94
119 159
103 104
108 123
40 112
4 104
71 92
48 93
50 110
24 29
87 92
132 134
33 157
77 92
14 127
61 166
56 102
15 119
24 133
86 110
11 135
13 72
96 165
11 87
60 104
101 171
0 145
80 149
63 91
13 69
93 161
19 46
24 115
55 91
122 163
69 118
57 134
7 151
56 79
31 103
40 158
118 163
20 50
35 103
87 148
61 171
42 154
13 35
11 53
17 44
51 150
24 78
32 168
64 80
99 112
12 98
13 135
39 143
82 133
80 84
40 82
53 58
23 89
28 134
84 116
26 76
26 124
107 155
95 144
10 15
35 125
50 143
73 152
2 52
132 169
74 87
6 95
42 84
48 112
6 153
6 13
92 99
39 102
5 24
99 159
161 169
136 143
58 138
39 40
23 150
35 137
64 73
2 159
16 139
83 130
23 122
28 85
22 144
79 80
28 135
124 162
96 132
40 78
5 144
85 103
103 116
53 78
75 124
14 34
65 103
36 161
110 139
116 135
11 126
56 171
81 172
84 148
26 135
26 83
13 75
40 145
130 137
51 102
29 92
86 108
70 72
2 63
47 109
67 132
54 100
34 102
100 156
64 108
73 110
56 82
54 55
45 160
2 84
51 109
10 39
77 138
159 171
11 23
34 93
79 144
113 143
24 137
149 163
17 107
78 87
97 137
81 106
84 114
15 157
102 125
78 160
113 126
159 164
84 108
65 144
12 54
53 143
14 144
23 83
15 90
13 15
32 79
84 111
75 85
149 155
21 76
29 110
91 112
2 26
96 153
53 83
53 93
17 138
40 136
118 164
118 155
51 148
120 144
129 141
43 105
31 119
79 113
75 125
97 140
16 35
3 99
52 122
37 98
33 61
52 72
102 107
16 99
127 165
106 126
93 99
104 147
86 129
11 60
79 134
81 139
101 119
46 155
139 158
4 49
159 169
103 110
135 137
3 164
42 49
114 117
14 37
31 165
14 63
74 149
13 164
27 145
60 149
30 138
59 87
12 41
76 88
40 86
36 47
51 69
67 147
154 158
9 124
135 157
13 137
79 83
35 59
17 36
15 45
4 169
61 121
61 85
14 124
6 69
53 118
93 146
157 160
1 6
3 7
35 134
138 150
10 21
10 100
59 68
25 40
72 148
69 115
22 29
3 25
34 74
78 149
15 70
81 138
14 158
13 150
106 108
75 144
70 95
28 146
16 167
60 105
7 57
72 74
53 70
41 133
16 75
68 103
65 88
33 90
16 158
21 42
86 158
3 4
40 172
93 140
40 126
13 147
3 30
21 72
78 153
22 85
38 62
68 140
32 141
41 84
40 109
54 69
66 131
122 164
44 56
97 121
52 120
52 92
42 69
61 159
60 129
26 55
54 85
59 91
20 83
25 70
74 90
53 85
47 157
135 152
100 131
31 168
127 147
105 128
2 123
73 91
116 159
3 165
9 126
87 123
32 75
88 122
57 117
84 139
35 73
1 57
127 171
75 101
69 124
58 114
14 130
31 120
43 158
66 140
99 118
2 99
129 143
113 164
55 127
49 64
125 148
81 123
90 122
31 142
78 165
55 129
6 32
152 171
81 134
20 108
62 107
93 114
70 100
51 89
31 84
59 160
13 102
14 157
21 44
3 28
101 123
45 61
139 157
66 155
21 46
98 115
122 159
49 108
92 119
2 15
159 163
24 96
29 81
74 148
9 65
16 43
86 137
6 114
11 88
14 82
160 162
20 62
161 166
53 137
110 162
14 38
113 131
21 141
7 128
66 159
63 147
53 145
58 125
11 68
25 168
134 156
17 113
36 163
99 144
20 92
34 170
19 60
34 103
58 79
30 43
29 127
0 164
4 168
13 64
32 35
84 119
50 58
50 151
39 123
33 86
72 107
23 120
19 55
77 103
81 146
2 38
61 102
76 140
19 93
29 64
43 44
28 110
55 76
24 52
98 165
99 117
95 133
59 75
2 48
110 144
58 106
61 93
66 133
47 49
27 109
124 145
4 113
27 162
56 117
23 62
45 75
6 50
39 101
31 113
57 68
7 16
111 134
9 68
84 133
33 136
0 112
141 150
0 162
50 116
15 164
70 143
6 77
58 164
76 78
105 168
21 160
68 79
30 150
60 158
65 140
26 101
39 47
88 131
30 41
82 138
80 95
110 146
23 77
60 147
32 62
16 129
1 125
9 58
60 81
78 85
140 156
48 56
84 135
40 116
1 4
137 139
78 162
52 86
111 132
8 84
116 130
59 71
127 170
57 140
7 23
38 46
104 122
12 107
49 90
107 172
17 79
83 116
144 167
84 158
22 28
89 126
21 105
57 107
125 166
0 105
25 38
17 25
1 34
105 119
32 69
29 100
75 127
35 138
2 29
40 61
25 109
98 102
95 131
7 51
82 166
40 167
96 142
109 115
18 87
38 127
9 15
139 166
80 94
4 79
126 171
65 111
68 72
91 101
20 31
40 44
59 86
102 145
56 142
13 16
98 113
51 65
19 156
2 44
77 160
67 154
109 126
51 164
47 48
141 170
83 120
57 125
30 80
19 133
108 168
13 81
127 167
23 147
28 150
37 111
6 154
47 53
111 121
19 117
90 107
24 130
66 117
111 143
36 159
117 129
118 147
32 135
12 86
114 128
56 95
64 131
10 90
21 54
69 121
20 74
66 141
30 139
110 115
65 102
10 48
65 78
98 151
77 96
12 114
78 133
10 109
98 162
15 116
27 85
17 70
9 108
38 87
56 97
39 96
8 21
106 116
139 164
4 9
90 118
22 63
93 157
63 81
6 130
21 156
7 38
82 88
91 122
1 63
86 152
92 131
38 153
3 80
101 128
91 167
124 129
2 13
13 74
33 141
1 144
76 167
52 63
117 155
115 149
105 158
101 170
10 168
72 87
11 109
6 152
75 93
97 154
80 91
57 168
44 153
113 171
5 132
53 71
47 132
32 118
40 55
114 172
46 157
10 116
54 64
49 109
87 122
83 144
63 95
68 141
60 108
71 165
141 162
50 62
155 164
45 153
66 91
59 154
30 143
2 124
109 171
113 124
17 166
1 132
52 159
4 153
106 166
138 168
44 61
40 91
108 130
106 120
84 149
3 40
90 164
61 65
39 142
14 137
72 129
17 68
73 125
54 126
16 136
30 170
104 127
5 108
45 148
88 140
34 47
54 120
33 85
18 23
28 116
28 53
168 170
44 64
28 151
55 131
49 125
3 12
6 112
81 154
12 158
80 100
6 92
95 157
124 138
8 27
35 42
15 123
30 121
64 154
45 86
57 116
49 96
59 150
157 162
33 160
62 152
1 69
22 161
26 113
28 52
50 80
148 163
16 76
80 151
146 168
24 66
92 129
48 126
44 135
0 71
55 170
136 163
104 155
78 88
2 121
11 93
18 94
45 113
51 163
16 47
8 100
133 152
63 133
15 167
47 120
7 28
8 14
70 107
6 20
103 123
49 87
24 65
38 82
62 95
12 27
14 50
29 86
30 46
93 142
26 143
114 152
1 35
47 142
60 97
10 57
73 143
21 69
52 113
22 44
11 140
57 124
79 170
74 96
16 115
24 128
30 33
121 155
48 82
47 150
107 118
0 44
50 166
17 20
4 137
103 167
93 106
10 142
43 76
78 164
44 54
50 162
22 168
65 89
89 145
86 143
11 56
162 168
7 20
36 167
71 97
7 94
116 170
18 108
18 39
77 98
14 70
143 166
107 138
67 71
3 163
37 40
12 36
140 169
39 165
32 40
64 111
82 148
83 132
47 117
5 149
20 99
36 116
25 87
6 81
13 19
14 22
92 101
22 93
58 110
91 131
27 57
74 153
149 172
34 126
128 149
46 147
18 157
7 10
54 135
18 146
115 155
101 164
37 150
13 67
115 116
89 90
60 164
98 134
100 138
15 67
36 160
9 10
52 107
160 161
72 140
74 114
43 79
14 169
81 121
75 116
26 35
32 68
20 28
3 48
2 105
147 148
94 130
19 39
139 150
115 163
68 95
35 76
3 67
13 169
71 132
3 21
58 113
119 134
38 148
139 161
87 150
24 156
126 130
29 40
96 161
3 145
97 100
89 91
23 160
94 165
70 133
89 164
115 161
113 155
67 104
33 97
35 111
105 140
42 157
23 159
50 170
40 107
44 123
110 150
67 70
36 129
85 160
24 102
31 87
95 117
38 66
58 126
12 51
32 130
44 95
26 115
3 61
69 142
111 168
74 94
85 150
82 89
141 147
96 148
37 93
52 116
73 93
26 78
88 167
46 67
66 171
69 116
0 154
16 66
140 158
0 76
85 98
1 64
14 49
53 122
65 171
10 156
147 162
77 123
76 114
107 141
18 150
103 128
55 71
57 159
35 81
46 50
120 143
64 101
71 153
57 156
93 165
86 135
3 130
31 105
9 155
31 151
84 137
51 97
53 129
121 138
39 104
108 143
86 169
109 127
15 92
20 163
170 172
42 97
120 148
43 147
44 149
113 135
34 140
85 133
32 122
75 95
63 88
92 152
100 130
47 50
1 50
98 159
21 36
69 127
120 154
9 75
75 81
77 129
8 96
52 124
45 56
41 104
20 55
118 149
31 74
2 58
41 148
58 103
165 171
74 125
68 102
34 155
52 70
45 172
18 30
47 170
17 165
22 91
5 42
9 23
8 129
5 145
107 127
16 48
60 96
38 163
79 89
96 106
7 71
40 135
14 42
25 134
83 104
32 73
27 168
72 76
100 114
57 70
51 158
79 98
142 165
76 161
50 103
131 151
6 98
23 66
18 109
114 136
75 149
35 86
2 136
25 51
75 94
95 126
20 158
12 46
108 132
6 63
71 112
45 151
43 150
89 149
36 51
53 102
47 160
118 127
1 61
79 147
0 138
35 118
14 98
83 151
21 32
23 32
25 162
2 130
117 124
73 122
83 165
18 89
79 84
112 152
24 62
14 30
34 39
5 135
112 153
100 141
80 86
116 148
22 99
39 120
113 136
102 142
52 65
75 77
54 81
6 74
11 61
59 120
12 22
80 129
88 141
17 59
96 147
29 46
44 52
146 170
27 87
51 99
12 49
64 98
106 110
48 125
68 93
17 94
77 150
75 78
51 132
140 167
33 134
3 126
15 108
18 111
119 131
102 171
48 99
66 90
99 137
114 160
83 146
54 76
25 39
76 153
25 126
104 163
50 159
138 162
78 146
117 136
102 170
12 156
58 78
79 160
132 145
77 157
29 90
61 105
27 164
30 76
55 79
7 46
69 112
86 147
27 39
3 66
47 92
38 102
15 53
11 123
21 154
99 145
69 79
51 74
8 42
48 137
115 139
117 164
18 40
13 119
156 164
12 126
62 128
17 28
61 74
90 134
41 141
49 133
17 61
46 167
23 95
63 165
14 48
17 92
2 150
90 156
20 134
131 149
105 137
83 156
23 75
135 147
111 113
31 64
125 151
24 143
19 74
133 162
15 105
3 110
9 19
4 48
52 149
45 51
17 144
0 118
69 165
9 165
47 110
32 63
63 157
87 116
23 25
31 93
0 14
38 40
98 160
84 99
54 171
128 148
30 109
56 96
144 170
90 128
52 104
15 127
105 162
96 121
28 97
37 76
5 37
27 63
4 125
76 99
55 93
54 58
49 113
18 149
52 80
128 138
137 146
26 42
49 141
38 146
107 116
49 143
41 120
45 95
79 82
18 130
39 95
56 144
104 139
2 132
8 134
11 32
0 78
18 167
25 167
119 128
4 90
20 102
18 29
42 161
27 118
69 152
56 119
56 92
50 149
32 71
27 82
43 112
53 154
65 101
15 128
88 154
22 57
21 140
166 170
62 73
42 128
11 115
31 42
51 78
11 172
40 105
53 133
50 87
71 154
17 23
59 72
4 161
5 41
21 81
152 169
20 122
15 111
11 24
122 125
7 98
19 47
8 77
85 115
34 56
0 21
51 81
112 159
26 37
65 131
80 147
33 57
48 103
1 115
50 114
28 46
62 160
13 160
8 63
141 153
38 105
54 143
10 152
61 169
46 117
6 119
75 138
50 59
9 77
135 169
25 158
95 109
95 169
16 145
96 172
35 122
11 55
35 100
2 100
72 115
18 61
23 140
44 169
123 144
8 54
67 98
1 83
97 147
94 129
121 151
37 52
14 18
16 149
24 30
97 120
51 142
21 116
108 110
39 74
47 58
86 171
63 155
97 99
23 58
26 34
28 54
79 109
18 24
3 118
47 105
62 161
44 58
69 114
23 46
67 138
32 163
92 134
39 124
144 160
0 83
114 153
41 116
78 159
102 169
10 122
50 73
92 163
56 138
42 150
0 18
42 90
64 88
119 150
107 158
27 55
91 97
8 94
4 11
27 37
11 139
39 157
19 38
34 53
110 112
39 62
50 155
12 69
69 149
51 159
94 139
143 169
100 112
27 144
24 91
80 101
17 161
23 40
50 147
86 131
96 150
18 128
76 168
36 68
8 154
111 139
74 85
66 172
70 121
23 171
26 108
19 67
26 165
30 126
6 80
9 79
104 135
15 77
91 104
41 115
27 35
142 158
46 96
69 140
108 138
132 171
102 106
21 128
127 131
48 157
3 142
80 144
35 95
11 142
1 107
51 167
43 107
29 84
5 106
24 116
98 117
10 50
51 156
7 13
40 128
4 30
22 43
117 171
11 106
81 89
126 159
101 102
76 166
29 107
123 133
53 148
94 103
16 21
36 64
5 67
38 167
11 104
8 87
11 158
1 5
38 107
54 102
53 77
25 37
33 131
24 93
50 95
26 152
32 93
10 80
2 32
26 145
75 121
28 142
20 165
63 145
102 114
16 73
23 30
43 132
21 133
31 61
97 119
10 121
81 169
99 109
59 121
78 102
72 155
1 138
9 99
23 167
49 117
73 171
21 106
44 152
8 83
23 105
42 136
97 103
20 110
18 31
71 94
12 106
74 133
126 143
118 158
30 63
116 136
97 106
14 41
63 110
80 158
121 142
20 171
1 20
2 6
61 144
19 114
97 172
0 130
68 124
80 148
68 157
114 159
31 122
77 162
71 100
125 165
1 26
3 78
18 59
94 151
99 157
41 108
19 168
68 104
53 132
47 71
8 131
63 86
7 52
11 121
38 164
32 88
29 123
27 117
33 68
97 166
82 111
27 131
52 94
131 140
96 169
18 154
19 58
38 93
125 160
8 106
0 73
28 129
85 169
35 98
7 172
4 158
19 78
25 131
85 155
6 97
36 131
119 164
10 22
38 106
81 100
77 119
27 141
30 169
118 144
71 91
63 83
25 110
25 60
142 167
34 145
20 129
17 21
1 85
8 163
61 145
0 160
77 125
110 137
87 93
29 73
51 93
0 142
93 111
34 132
72 141
79 151
44 111
14 108
77 82
50 160
11 44
23 130
33 123
158 164
28 171
51 128
32 87
33 53
7 54
34 104
69 134
22 46
49 52
40 62
24 64
6 155
49 148
16 46
121 156
68 127
115 158
84 100
29 111
126 154
119 135
142 164
9 149
9 130
54 59
21 90
46 132
37 116
63 67
29 164
42 148
109 120
2 141
13 42
13 96
129 133
23 101
38 56
78 145
34 94
0 64
11 97
35 41
78 91
26 154
52 154
87 126
79 94
66 74
133 141
77 169
60 143
119 152
65 162
142 143
48 65
24 124
61 71
106 133
95 138
34 90
78 139
15 25
6 42
44 158
137 140
87 168
150 153
23 43
3 60
15 161
65 82
89 172
22 54
115 130
3 147
107 143
48 127
151 156
137 145
26 103
8 159
85 128
33 170
61 164
67 166
132 166
53 164
65 154
78 108
43 166
76 163
102 116
36 135
92 133
33 88
74 138
134 138
5 137
20 147
92 154
74 98
70 81
20 26
84 147
153 161
62 148
31 145
2 89
35 108
49 99
4 36
92 127
24 63
2 41
3 140
19 170
75 132
136 138
68 76
25 142
12 52
38 41
150 164
81 137
69 158
37 110
50 54
6 140
76 101
123 168
126 141
65 113
30 34
61 87
84 126
103 126
125 157
15 20
62 80
44 171
44 107
43 59
62 111
38 77
32 170
30 137
63 127
131 154
104 140
16 68
39 91
8 164
98 116
27 40
99 158
25 85
71 89
128 130
0 60
48 148
88 149
160 166
81 156
119 122
87 143
149 166
53 104
25 36
16 28
77 142
9 62
4 120
40 60
146 158
124 155
80 109
5 133
80 104
90 120
56 76
40 169
65 67
69 137
130 157
66 69
91 137
11 128
84 162
24 76
8 86
58 142
42 54
7 89
138 145
50 100
135 163
76 113
100 122
63 115
83 149
48 91
24 154
122 157
103 140
62 64
5 163
75 153
14 167
3 111
115 127
76 85
138 163
10 84
28 37
95 166
33 92
17 30
128 131
25 140
26 79
63 153
59 62
20 85
9 125
62 133
95 108
21 29
53 98
115 170
103 124
78 123
106 172
18 113
148 160
49 124
0 53
84 142
40 139
98 137
66 67
6 14
52 161
5 161
47 96
60 122
17 35
27 107
12 60
46 88
43 48
138 146
129 136
12 103
147 159
4 106
73 133
44 167
8 170
66 121
3 161
37 133
53 74
92 124
18 124
102 129
86 115
17 168
82 97
2 7
36 133
62 120
67 130
2 67
149 156
9 97
103 145
23 74
30 44
140 141
107 115
41 60
18 73
9 121
90 112
42 134
0 81
40 51
117 137
41 57
6 133
38 63
29 106
128 152
45 129
39 172
36 141
110 158
8 35
51 61
73 158
53 144
0 94
107 139
59 131
33 99
54 158
78 128
40 113
22 115
23 81
67 135
35 119
77 90
58 148
4 95
107 145
53 62
57 71
11 159
18 110
28 163
78 137
148 154
20 65
25 63
14 132
121 159
65 168
87 99
55 80
4 156
163 165
26 98
125 143
41 42
62 68
31 159
109 112
155 172
30 84
112 134
86 98
9 46
56 148
68 129
42 101
9 28
72 120
107 166
10 41
3 124
64 72
131 148
14 136
4 29
40 164
140 160
35 36
29 80
48 122
65 150
114 163
104 159
28 161
139 148
69 76
38 140
69 108
107 137
165 170
32 45
101 149
63 154
18 134
60 140
133 153
85 138
45 122
5 76
61 134
159 168
12 148
25 161
48 123
10 166
59 74
20 21
26 117
116 172
92 125
44 129
24 129
22 96
109 150
74 142
21 28
16 60
13 171
6 49
16 105
80 133
80 159
109 131
10 153
1 60
74 147
15 55
111 170
102 144
104 113
45 104
44 98
13 53
45 94
101 168
90 103
8 9
53 171
49 137
91 153
100 148
70 115
50 157
79 152
67 102
10 63
73 99
85 141
80 115
76 89
31 136
0 141
10 38
40 110
2 104
30 71
57 65
55 69
105 106
148 150
11 167
130 170
26 107
48 67
64 114
57 150
95 113
10 154
16 56
108 121
40 153
15 121
141 169
22 40
5 97
53 161
77 130
64 95
72 91
31 55
152 160
63 142
36 76
5 171
125 133
26 84
13 24
30 73
87 163
77 78
69 109
60 130
59 170
102 161
35 94
85 90
97 161
87 138
91 134
93 132
34 163
3 39
62 105
50 51
166 167
42 55
94 113
127 143
135 171
81 135
66 127
117 150
31 66
162 170
52 162
31 62
5 79
17 100
3 150
49 84
34 162
45 127
19 80
31 43
73 151
14 148
128 135
27 121
83 161
86 139
62 115
54 65
42 108
81 166
82 162
78 124
11 78
45 157
59 73
22 113
14 52
48 152
24 138
18 107
6 163
2 97
49 69
130 163
65 96
20 126
77 108
35 63
48 69
14 103
25 154
126 150
139 170
151 161
62 92
45 156
66 125
11 124
159 162
17 97
98 142
63 65
73 136
25 31
79 163
37 108
21 157
12 117
30 127
29 154
133 142
112 114
69 92
48 50
77 148
18 72
85 104
52 128
83 114
7 106
146 148
28 91
15 124
36 55
55 87
29 148
23 116
118 140
126 161
36 154
91 164
104 134
40 69
22 123
92 139
146 172
9 17
8 138
55 115
18 162
54 63
84 96
37 113
45 168
54 170
33 101
74 95
123 129
62 108
60 152
124 128
15 112
21 84
52 142
30 35
45 144
69 139
33 107
0 120
81 97
39 92
3 168
73 135
5 152
114 171
27 102
65 167
7 163
82 159
52 170
80 136
53 141
12 133
41 138
111 154
89 131
85 163
120 164
110 125
128 143
24 79
32 101
55 140
143 163
97 159
8 24
66 89
88 91
24 46
53 80
59 99
15 16
8 47
44 49
38 159
77 132
9 29
89 119
1 133
19 140
65 164
72 161
46 153
39 160
14 164
15 54
67 168
80 113
39 138
72 110
13 170
39 63
32 99
84 143
18 168
16 95
45 161
28 113
51 66
13 127
0 166
14 163
25 29
1 42
87 167
59 105
27 143
140 165
126 128
90 152
41 170
56 166
55 171
33 100
95 156
59 172
29 145
45 74
31 152
5 169
27 156
50 88
1 38
113 167
81 90
73 82
57 148
90 159
38 67
86 125
124 135
17 84
21 59
48 115
32 94
103 127
53 76
29 131
68 149
22 32
0 10
25 145
72 125
142 148
15 94
84 171
57 94
9 116
10 149
24 152
9 80
80 171
32 146
111 138
45 149
113 144
82 136
144 146
9 57
16 23
14 46
16 50
8 40
121 124
38 55
98 119
3 155
99 113
19 132
37 47
49 70
20 167
56 90
111 124
4 80
82 132
85 145
69 97
18 43
134 159
44 157
163 166
44 46
72 164
106 131
36 138
166 172
99 164
55 132
83 100
36 102
15 47
108 162
45 137
10 20
23 161
11 101
3 63
43 127
51 113
17 148
120 121
27 153
55 109
35 117
69 95
76 172
22 137
15 23
100 101
28 62
17 109
136 154
67 93
39 84
44 48
74 107
9 18
21 77
103 111
40 50
117 143
64 87
14 170
25 43
115 120
50 64
12 38
10 136
37 157
104 106
44 120
18 144
122 158
9 171
64 167
72 102
42 92
21 155
120 127
2 19
1 124
6 61
115 156
5 29
71 167
12 108
72 88
48 49
50 101
57 77
22 107
0 7
9 141
35 89
20 22
87 111
90 104
88 151
87 142
160 169
10 28
135 138
27 106
6 9
35 61
154 169
65 91
16 72
49 111
98 130
50 104
89 129
147 156
25 101
91 147
32 33
68 105
34 138
67 121
1 139
40 73
23 97
32 131
79 97
17 88
164 167
71 156
51 149
2 101
60 163
63 161
122 149
145 152
42 116
42 60
71 101
121 161
105 141
104 128
3 93
46 63
10 165
99 149
2 83
101 155
3 81
33 155
19 50
85 158
60 170
4 135
36 60
156 167
20 43
46 74
112 119
92 151
128 156
33 153
134 148
77 147
41 117
92 128
93 123
16 41
36 127
47 114
86 92
28 48
37 172
78 135
58 95
45 146
23 157
59 166
91 162
78 130
124 150
7 114
2 25
17 163
45 158
79 104
91 144
123 160
63 75
49 119
17 145
143 172
115 162
146 163
50 140
49 66
18 92
41 98
22 88
48 156
1 93
100 160
109 158
31 78
55 66
81 98
8 55
82 154
10 106
12 168
16 147
11 119
0 48
15 160
73 108
15 32
10 78
56 131
14 101
103 155
88 145
74 136
10 97
116 118
69 91
83 159
97 108
118 139
34 101
105 132
12 19
50 123
132 163
167 168
40 79
1 130
41 91
51 98
85 120
3 160
5 129
73 87
17 129
145 162
56 106
90 105
5 146
5 120
135 156
25 135
26 73
7 31
80 140
93 136
16 102
