173
11
9075
60
25 2
130 2
91 2
101 4
158 2
79 3
90 3
130 1
165 4
51 2
135 1
66 1
57 4
81 1
22 2
134 1
41 3
116 4
105 5
154 3
24 2
24 1
37 3
156 5
65 2
37 1
38 5
161 1
49 3
130 4
158 4
129 1
128 1
88 2
139 1
94 2
155 5
86 1
48 2
160 4
146 4
131 2
94 4
31 2
99 5
22 2
43 2
141 5
36 4
143 4
131 3
151 5
127 2
58 2
94 4
51 2
115 2
61 5
114 3
146 1
25 4
139 2
140 3
135 1
166 2
38 3
87 4
94 2
70 5
158 3
38 2
131 4
122 1
115 1
56 3
92 4
23 3
81 2
44 1
43 3
25 5
119 3
147 4
26 2
99 1
40 5
26 4
45 1
103 1
45 3
115 4
146 2
31 5
90 3
155 3
23 2
94 2
98 4
23 5
29 4
33 2
130 4
157 1
98 4
110 4
163 3
38 5
39 5
26 1
59 2
100 5
137 3
63 3
79 4
133 3
89 3
70 5
112 1
30 4
52 4
161 2
110 1
35 2
112 3
164 4
131 3
47 2
35 3
41 2
122 4
28 4
83 1
105 5
122 5
25 3
47 3
60 5
112 2
128 3
131 5
110 4
74 1
126 4
31 5
139 5
118 4
155 4
48 2
133 4
74 2
78 3
51 4
157 3
126 1
46 1
99 2
80 1
98 2
24 3
109 3
132 1
101 2
60 2
104 2
97 1
107 5
63 1
69 4
114 3
160 2
23 3
34 2
146 3
33 69
128 162
18 82
120 170
22 154
34 116
23 69
40 100
39 106
41 99
132 162
111 137
49 158
3 109
13 33
64 159
67 161
79 172
53 150
6 147
45 115
60 88
19 76
62 94
130 160
127 141
15 97
93 126
7 103
115 165
30 89
46 61
135 149
139 144
7 37
32 107
29 93
49 103
53 124
71 166
109 135
107 163
34 86
102 117
12 16
14 123
73 146
97 114
83 123
61 82
79 145
67 83
3 89
50 126
44 114
60 100
5 101
37 162
16 122
101 133
74 159
22 108
26 67
46 170
84 106
83 145
92 145
16 161
15 153
9 104
58 134
66 79
100 151
109 157
60 78
100 111
99 124
8 152
60 148
114 141
77 140
43 131
52 139
55 94
117 142
124 161
35 74
77 135
83 110
34 35
52 73
12 119
28 71
79 165
93 134
80 105
132 164
58 61
135 150
73 95
66 135
91 102
15 100
104 132
82 122
102 122
57 91
34 60
2 88
9 170
86 134
59 116
45 66
4 91
63 172
5 89
42 170
35 91
34 97
37 102
32 165
56 159
76 105
40 81
43 91
68 170
81 116
27 138
71 107
42 159
13 26
7 32
25 65
24 33
25 71
31 39
66 76
47 119
60 162
65 163
99 153
8 39
9 78
12 110
31 48
25 81
49 160
50 120
125 137
105 122
15 120
83 121
128 161
104 137
8 147
41 87
0 161
3 62
98 124
76 155
99 141
104 107
7 136
56 67
5 21
138 140
9 13
0 65
31 46
76 142
11 29
135 140
27 170
2 75
49 159
27 120
42 158
9 102
90 155
80 119
104 146
11 162
46 125
42 133
12 35
27 29
48 150
121 166
78 171
68 158
44 172
30 141
87 90
40 90
26 153
71 129
135 170
72 158
18 42
16 54
70 152
27 53
1 81
140 145
69 147
15 62
2 143
22 132
1 74
64 150
150 161
25 130
35 85
49 79
123 138
71 158
72 170
93 107
71 121
77 170
39 44
149 170
33 83
122 129
91 116
107 120
70 112
14 17
28 125
59 70
130 144
1 9
90 138
6 83
81 165
4 123
93 102
57 81
37 78
71 148
8 74
87 96
11 65
123 135
76 128
124 148
34 64
12 57
96 118
19 157
57 114
93 172
32 128
27 149
98 143
9 120
90 108
9 26
34 147
115 134
46 162
73 111
128 166
58 168
13 73
2 28
45 89
54 84
5 72
27 96
19 91
55 98
24 37
48 151
0 36
89 98
50 171
82 99
25 146
61 146
39 53
32 37
19 123
16 118
102 156
9 110
26 77
31 82
129 140
10 53
100 155
103 107
0 63
55 150
92 160
133 137
105 157
63 76
29 122
94 106
7 111
1 29
20 42
19 99
93 98
4 42
135 164
25 79
9 87
51 77
26 49
3 127
66 70
72 99
68 109
53 140
5 151
60 134
44 103
6 169
62 138
75 120
69 128
83 134
59 128
85 95
43 46
106 132
133 135
76 159
39 115
101 117
9 14
84 166
42 65
123 130
10 91
75 111
45 120
49 89
18 75
40 147
74 80
32 58
14 129
20 101
114 144
59 165
80 130
97 158
4 170
18 112
13 107
65 151
53 68
114 145
30 106
23 127
156 172
5 58
6 52
100 107
40 118
138 160
33 168
7 61
148 165
136 157
32 108
93 128
33 110
89 157
44 91
132 141
5 33
48 88
30 128
18 155
128 146
4 71
74 158
30 159
0 103
54 96
45 152
21 103
151 163
123 155
29 59
20 32
8 22
47 144
44 97
52 74
87 152
84 103
102 118
130 150
65 126
12 48
5 157
28 164
31 126
52 53
124 149
3 77
73 116
103 114
30 36
15 31
109 114
121 164
31 37
78 111
95 106
79 133
105 172
60 132
101 159
34 78
27 68
20 104
20 94
130 138
4 74
29 32
41 56
5 125
12 29
61 84
47 54
151 152
113 156
40 119
12 13
47 65
32 134
119 149
138 143
45 142
61 152
45 60
35 136
26 105
0 153
46 106
33 115
103 152
8 79
65 138
21 110
42 160
116 161
23 64
116 143
96 100
17 87
44 100
3 97
111 166
46 137
95 111
12 141
10 75
69 170
57 93
62 114
88 171
141 163
85 134
6 76
25 112
32 143
25 128
21 170
75 164
24 109
60 91
62 100
102 112
7 41
158 167
121 169
70 165
83 86
48 104
28 92
55 121
64 120
119 148
4 47
57 167
49 68
66 96
41 146
135 148
34 118
101 121
54 97
106 125
61 135
28 34
66 158
111 142
16 154
57 141
94 155
3 138
91 149
106 136
36 124
55 104
72 153
100 126
90 98
121 134
21 158
5 159
18 74
31 114
56 78
130 172
22 151
103 135
8 135
94 141
50 67
18 20
124 168
140 168
64 92
62 154
9 162
93 139
107 169
33 137
11 108
156 170
16 29
74 110
139 145
138 157
46 111
88 135
63 100
23 170
17 121
59 139
43 142
43 140
79 125
51 147
66 164
80 90
2 80
58 87
103 137
92 150
82 165
98 144
130 134
20 106
9 89
120 145
31 45
7 109
26 89
45 126
9 123
39 87
27 101
90 133
5 94
31 73
44 62
64 69
1 164
85 99
28 119
2 54
63 114
71 143
66 108
10 66
33 45
5 143
112 128
74 169
91 160
18 133
78 99
27 71
119 132
33 55
53 97
69 107
56 74
0 172
54 146
113 170
33 150
38 79
50 115
107 167
43 108
110 145
114 129
61 125
79 120
83 150
121 132
115 126
0 6
72 106
124 125
22 33
3 69
48 172
96 145
99 139
125 129
44 59
50 81
54 89
13 66
56 111
29 62
42 59
39 153
41 113
21 88
88 144
106 169
7 131
12 68
136 141
161 167
116 169
99 156
68 118
102 128
46 49
43 122
67 86
118 126
42 95
30 135
41 67
35 163
45 73
14 150
93 117
103 172
52 131
85 144
21 65
79 103
132 168
1 117
22 77
34 45
141 143
109 164
109 162
58 143
104 126
1 10
129 152
115 146
100 127
92 105
17 146
144 152
109 166
13 71
63 84
55 82
48 86
138 166
17 76
26 163
161 162
79 93
52 171
13 21
60 92
24 60
65 128
0 163
47 167
52 118
19 26
12 80
80 160
5 26
154 160
110 157
113 151
107 135
38 117
12 53
43 171
64 168
143 161
27 33
71 90
43 130
28 154
60 107
35 170
37 94
42 82
66 107
85 161
54 150
111 125
68 108
36 105
5 121
12 91
16 17
114 118
4 117
17 108
147 152
65 161
25 166
20 164
41 130
78 144
73 153
5 160
67 123
83 166
64 138
34 149
154 162
2 151
51 114
37 106
50 55
114 166
84 118
73 121
116 164
105 142
7 162
18 142
31 57
125 149
18 41
74 76
98 166
70 110
32 172
127 164
70 124
23 67
17 58
12 142
3 46
55 81
84 167
61 96
32 85
3 64
86 119
39 54
53 79
151 155
16 31
110 132
108 136
20 88
111 150
14 160
36 109
48 79
72 93
85 110
54 165
98 149
20 118
49 145
77 126
125 162
97 113
109 168
112 163
53 110
11 136
69 83
5 28
123 139
41 152
56 151
94 164
73 102
31 128
36 38
96 112
1 128
91 140
88 100
109 156
65 87
67 72
1 151
2 31
0 119
73 115
4 44
59 76
13 82
1 15
49 55
40 129
37 160
95 97
41 172
56 169
56 141
38 161
0 57
21 126
102 150
31 59
38 52
70 105
31 33
101 136
14 113
106 137
16 144
38 108
49 115
37 90
18 27
7 148
119 166
21 33
21 122
99 100
142 163
27 43
121 125
35 126
81 167
34 46
6 100
5 19
12 62
16 123
48 136
8 41
92 156
30 151
18 145
147 166
5 122
7 33
49 128
57 133
31 164
1 75
80 126
29 47
65 94
129 139
101 143
4 157
48 130
35 154
18 158
137 169
110 113
54 93
92 132
23 31
28 155
31 53
71 114
86 167
149 159
82 137
82 126
19 137
48 163
101 157
6 118
99 146
5 128
134 147
117 163
81 142
27 67
46 130
108 140
15 27
99 170
29 114
99 123
40 159
46 72
57 88
97 139
89 103
94 112
154 157
7 92
4 136
4 119
48 94
10 161
35 132
149 160
67 107
66 77
75 166
19 21
68 121
81 110
43 56
59 144
12 101
43 92
69 90
89 123
37 134
129 153
68 161
112 117
53 134
13 156
37 149
72 108
134 135
133 165
80 157
136 165
4 155
134 137
63 90
67 142
2 112
1 126
27 119
24 88
16 55
26 95
0 151
143 168
3 86
5 31
25 155
66 94
16 58
33 96
81 149
140 171
26 44
25 170
96 170
21 78
40 58
89 147
10 55
67 128
127 149
81 162
32 151
11 112
30 82
82 143
8 76
1 66
34 84
35 83
85 126
19 56
58 98
68 119
47 158
142 160
68 82
4 15
7 157
47 63
63 163
145 151
75 88
9 56
34 130
40 97
1 80
26 93
79 153
1 76
9 43
5 81
82 114
6 125
112 141
21 23
57 157
102 121
44 119
4 142
16 124
92 166
9 136
106 113
67 103
75 152
88 95
3 36
46 156
52 151
36 157
93 169
0 8
97 104
61 150
5 83
70 141
27 69
74 150
120 128
59 152
15 19
69 135
45 131
87 88
16 141
13 56
52 140
12 30
106 146
58 150
38 101
24 57
68 162
20 109
46 160
24 40
70 153
85 140
26 111
72 80
25 28
31 108
4 121
100 104
62 91
61 91
62 74
46 127
46 150
13 36
22 31
9 92
32 159
7 142
89 133
74 117
27 116
33 165
1 78
26 160
84 112
30 66
108 166
90 97
4 109
3 123
14 145
51 92
120 160
64 106
6 55
67 156
52 106
10 160
4 81
8 19
136 148
27 65
165 166
15 39
63 156
34 167
28 33
123 131
67 127
25 163
94 135
3 58
51 139
18 104
12 131
28 63
7 93
108 115
52 71
66 81
72 116
47 121
95 147
75 113
38 165
91 135
73 157
0 108
143 170
136 171
35 110
61 158
14 131
54 119
32 166
42 171
6 121
16 128
67 74
99 168
71 99
21 135
36 172
32 59
20 168
44 45
11 129
75 130
108 165
47 107
36 95
10 77
117 132
80 142
133 160
129 149
8 110
2 36
19 128
109 110
5 170
59 85
35 52
92 140
23 123
43 159
72 77
44 55
26 128
153 154
73 118
132 151
80 164
69 125
10 115
72 117
17 96
8 92
73 162
16 89
96 119
78 167
53 82
33 116
76 83
18 137
138 167
62 168
41 74
105 163
153 166
95 114
11 133
98 170
7 116
89 141
5 116
89 124
82 94
100 166
33 113
81 141
128 147
12 113
43 133
90 162
20 144
101 124
112 162
19 166
43 163
9 122
88 109
83 90
76 131
38 142
64 161
13 159
46 62
117 172
12 64
15 140
17 134
48 147
24 95
30 145
87 159
0 84
89 97
25 69
10 24
82 120
38 132
45 165
25 99
9 90
80 88
86 126
45 97
3 139
104 148
122 153
87 158
65 155
38 125
76 136
68 123
92 147
13 148
71 108
101 163
46 138
73 142
12 102
5 51
127 163
27 49
82 96
5 172
48 100
29 83
29 54
14 74
33 126
67 169
108 124
6 57
110 156
58 92
95 135
74 167
73 103
62 112
36 37
60 75
39 85
18 127
55 65
51 170
117 126
69 74
130 171
23 71
32 125
2 73
45 134
95 127
14 89
56 59
67 137
30 38
81 170
41 157
52 109
10 43
40 103
50 167
43 145
1 97
66 157
25 45
58 124
12 78
38 116
99 161
31 71
68 116
111 115
84 102
23 107
67 99
69 148
54 90
30 87
78 119
49 123
64 91
113 166
82 102
67 76
113 152
25 138
82 164
110 153
36 80
105 166
17 73
13 153
106 122
4 27
66 105
144 161
84 98
43 143
12 50
110 127
5 49
94 132
101 114
112 115
38 152
55 134
12 77
117 120
125 159
100 153
15 33
137 141
2 46
79 139
14 15
47 102
24 151
44 130
75 148
47 129
58 149
126 155
24 139
20 141
10 94
28 98
23 92
79 99
116 147
62 157
5 91
17 132
15 98
85 112
51 88
10 141
95 170
28 60
77 156
52 54
120 140
47 140
77 115
58 101
59 104
35 49
62 85
86 101
8 153
77 124
10 92
78 94
73 168
98 139
67 100
42 143
25 164
59 81
27 100
54 67
67 145
41 83
9 139
50 133
94 150
24 34
18 79
44 147
0 43
73 127
126 160
126 144
87 89
56 164
80 169
32 137
68 120
15 86
68 137
36 144
87 137
92 102
45 109
33 80
62 77
133 154
47 161
94 149
16 137
85 168
161 168
64 146
2 51
70 130
21 30
90 163
44 136
79 150
124 127
13 92
52 153
53 120
41 81
74 146
94 121
43 152
18 123
46 92
31 98
33 151
63 134
71 75
132 140
19 131
76 100
57 97
11 80
41 106
26 112
68 77
86 157
58 70
55 156
111 161
52 117
22 141
88 134
83 113
1 155
25 127
40 83
14 21
95 99
92 136
29 82
43 151
50 112
63 160
46 113
34 100
53 151
43 71
74 160
70 149
68 159
13 18
126 151
21 102
120 122
4 55
134 165
51 71
67 78
80 156
92 138
31 85
16 88
23 98
42 147
77 99
6 38
89 168
81 151
1 145
1 159
25 113
0 157
112 126
45 154
99 166
18 65
97 168
117 167
61 69
138 144
13 57
107 128
136 142
41 142
81 148
26 59
58 155
49 106
25 86
21 38
62 70
58 162
109 154
75 86
112 121
33 52
7 164
104 151
84 163
9 21
26 85
135 143
7 85
3 90
64 152
50 119
2 102
14 139
29 149
109 143
13 89
16 164
57 163
99 105
143 171
110 167
108 164
26 70
92 171
25 160
55 163
41 68
38 119
83 147
101 166
123 167
124 153
18 38
74 97
31 92
33 130
133 149
115 143
28 81
37 167
64 66
79 87
78 101
37 164
104 164
16 61
73 84
25 27
94 117
45 80
45 68
58 129
73 79
26 75
22 35
89 95
25 53
10 159
77 111
84 95
119 141
126 139
64 104
114 115
134 146
110 117
86 138
107 136
9 73
11 42
56 127
6 12
32 161
63 144
30 64
76 143
128 154
17 102
9 168
16 143
102 124
0 77
23 144
84 105
20 136
85 124
97 115
10 88
116 125
30 148
59 83
22 100
127 148
107 165
125 144
38 48
10 89
50 66
90 131
46 169
64 141
61 142
19 42
6 107
133 145
105 124
7 152
7 55
18 93
101 112
60 65
123 127
41 78
101 106
1 72
50 156
24 81
12 165
88 155
84 88
94 140
113 132
67 163
13 32
95 143
0 12
76 96
86 103
107 125
4 13
88 165
41 135
50 172
16 45
8 117
42 66
29 132
45 167
49 77
81 104
1 55
58 72
42 156
70 104
46 93
114 142
25 48
51 68
75 117
56 60
89 128
70 80
27 111
64 115
19 129
13 38
80 103
42 98
79 86
43 117
39 56
32 117
62 130
7 43
7 75
27 54
18 131
70 103
77 146
123 125
63 101
78 129
117 160
53 100
61 86
0 136
33 78
52 146
25 116
5 65
19 142
49 130
21 35
77 81
80 150
17 170
46 60
29 72
49 81
57 145
63 130
7 159
79 110
37 136
25 156
100 147
2 140
80 139
23 61
128 150
3 54
68 114
11 35
7 165
107 162
19 108
3 51
129 142
9 48
57 109
3 153
164 169
10 117
88 168
5 71
132 135
50 137
5 139
8 62
6 109
20 47
77 153
137 154
128 142
56 163
80 93
149 162
36 103
5 134
17 106
126 137
39 89
100 121
22 147
119 124
107 160
29 87
3 132
80 92
13 44
2 49
53 147
74 93
56 64
91 170
87 129
158 172
18 95
155 165
91 125
69 159
109 148
102 157
157 165
16 112
99 130
96 135
37 82
31 107
48 165
62 136
159 166
48 77
105 136
74 145
52 105
0 5
96 102
113 142
36 84
0 30
75 143
55 60
58 135
61 76
70 144
17 130
37 114
14 16
25 97
83 103
21 92
76 152
13 130
56 57
102 172
64 149
32 92
61 116
53 56
134 162
51 76
5 73
22 61
47 51
65 136
90 121
107 147
138 141
105 156
82 115
88 146
32 120
27 136
0 3
64 127
9 172
82 160
46 164
113 150
81 168
2 94
116 128
137 162
54 124
13 49
32 115
86 165
74 157
61 133
135 144
33 140
70 96
125 138
71 88
12 164
81 96
2 170
25 56
5 77
86 90
108 158
64 130
64 116
27 75
16 146
81 130
24 160
51 151
129 171
55 142
46 112
48 135
37 46
52 144
66 156
96 129
19 150
38 139
143 151
124 170
6 60
15 29
8 29
6 7
32 72
93 127
25 76
128 163
122 169
69 106
60 145
82 134
5 62
1 43
0 139
49 112
19 101
96 167
69 105
33 105
8 70
7 78
0 169
84 121
84 110
85 172
111 119
58 74
19 120
81 155
5 55
1 94
32 60
141 149
107 117
37 142
29 167
89 106
51 138
5 123
9 135
27 50
14 39
1 113
3 27
53 128
119 163
101 115
103 106
55 123
73 140
91 120
27 70
17 119
28 38
95 123
2 86
131 155
25 171
82 145
117 118
15 73
11 137
42 104
5 40
6 144
106 155
78 104
18 53
89 165
75 114
76 157
18 114
47 137
131 134
37 121
47 138
130 167
37 58
55 68
77 121
17 63
110 161
0 39
17 105
81 117
10 32
118 119
35 116
43 88
55 85
35 78
110 111
7 18
27 95
19 130
57 104
145 155
117 141
89 150
51 125
128 159
89 136
51 146
6 33
61 110
11 63
118 141
2 47
103 161
132 152
112 116
100 167
2 45
36 82
72 92
1 47
57 121
96 164
123 161
108 117
44 53
53 142
52 60
19 134
81 94
119 159
103 104
108 123
40 112
4 104
71 92
48 93
50 110
24 29
87 92
132 134
33 157
77 92
14 127
61 166
56 102
15 119
24 133
86 110
11 135
13 72
96 165
11 87
60 104
101 171
0 145
80 149
63 91
13 69
93 161
19 46
24 115
55 91
122 163
69 118
57 134
7 151
56 79
31 103
40 158
118 163
20 50
35 103
87 148
61 171
42 154
13 35
11 53
17 44
51 150
24 78
32 168
64 80
99 112
12 98
13 135
39 143
82 133
80 84
40 82
53 58
23 89
28 134
84 116
26 76
26 124
107 155
95 144
10 15
35 125
50 143
73 152
2 52
132 169
74 87
6 95
42 84
48 112
6 153
6 13
92 99
39 102
5 24
99 159
161 169
136 143
58 138
39 40
23 150
35 137
64 73
2 159
16 139
83 130
23 122
28 85
22 144
79 80
28 135
124 162
96 132
40 78
5 144
85 103
103 116
53 78
75 124
14 34
65 103
36 161
110 139
116 135
11 126
56 171
81 172
84 148
26 135
26 83
13 75
40 145
130 137
51 102
29 92
86 108
70 72
2 63
47 109
67 132
54 100
34 102
100 156
64 108
73 110
56 82
54 55
45 160
2 84
51 109
10 39
77 138
159 171
11 23
34 93
79 144
113 143
24 137
149 163
17 107
78 87
97 137
81 106
84 114
15 157
102 125
78 160
113 126
159 164
84 108
65 144
12 54
53 143
14 144
23 83
15 90
13 15
32 79
84 111
75 85
149 155
21 76
29 110
91 112
2 26
96 153
53 83
53 93
17 138
40 136
118 164
118 155
51 148
120 144
129 141
43 105
31 119
79 113
75 125
97 140
16 35
3 99
52 122
37 98
33 61
52 72
102 107
16 99
127 165
106 126
93 99
104 147
86 129
11 60
79 134
81 139
101 119
46 155
139 158
4 49
159 169
103 110
135 137
3 164
42 49
114 117
14 37
31 165
14 63
74 149
13 164
27 145
60 149
30 138
59 87
12 41
76 88
40 86
36 47
51 69
67 147
154 158
9 124
135 157
13 137
79 83
35 59
17 36
15 45
4 169
61 121
61 85
14 124
6 69
53 118
93 146
157 160
1 6
3 7
35 134
138 150
10 21
10 100
59 68
25 40
72 148
69 115
22 29
3 25
34 74
78 149
15 70
81 138
14 158
13 150
106 108
75 144
70 95
28 146
16 167
60 105
7 57
72 74
53 70
41 133
16 75
68 103
65 88
33 90
16 158
21 42
86 158
3 4
40 172
93 140
40 126
13 147
3 30
21 72
78 153
22 85
38 62
68 140
32 141
41 84
40 109
54 69
66 131
122 164
44 56
97 121
52 120
52 92
42 69
61 159
60 129
26 55
54 85
59 91
20 83
25 70
74 90
53 85
47 157
135 152
100 131
31 168
127 147
105 128
2 123
73 91
116 159
3 165
9 126
87 123
32 75
88 122
57 117
84 139
35 73
1 57
127 171
75 101
69 124
58 114
14 130
31 120
43 158
66 140
99 118
2 99
129 143
113 164
55 127
49 64
125 148
81 123
90 122
31 142
78 165
55 129
6 32
152 171
81 134
20 108
62 107
93 114
70 100
51 89
31 84
59 160
13 102
14 157
21 44
3 28
101 123
45 61
139 157
66 155
21 46
98 115
122 159
49 108
92 119
2 15
159 163
24 96
29 81
74 148
9 65
16 43
86 137
6 114
11 88
14 82
160 162
20 62
161 166
53 137
110 162
14 38
113 131
21 141
7 128
66 159
63 147
53 145
58 125
11 68
25 168
134 156
17 113
36 163
99 144
20 92
34 170
19 60
34 103
58 79
30 43
29 127
0 164
4 168
13 64
32 35
84 119
50 58
50 151
39 123
33 86
72 107
23 120
19 55
77 103
81 146
2 38
61 102
76 140
19 93
29 64
43 44
28 110
55 76
24 52
98 165
99 117
95 133
59 75
2 48
110 144
58 106
61 93
66 133
47 49
27 109
124 145
4 113
27 162
56 117
23 62
45 75
6 50
39 101
31 113
57 68
7 16
111 134
9 68
84 133
33 136
0 112
141 150
0 162
50 116
15 164
70 143
6 77
58 164
76 78
105 168
21 160
68 79
30 150
60 158
65 140
26 101
39 47
88 131
30 41
82 138
80 95
110 146
23 77
60 147
32 62
16 129
1 125
9 58
60 81
78 85
140 156
48 56
84 135
40 116
1 4
137 139
78 162
52 86
111 132
8 84
116 130
59 71
127 170
57 140
7 23
38 46
104 122
12 107
49 90
107 172
17 79
83 116
144 167
84 158
22 28
89 126
21 105
57 107
125 166
0 105
25 38
17 25
1 34
105 119
32 69
29 100
75 127
35 138
2 29
40 61
25 109
98 102
95 131
7 51
82 166
40 167
96 142
109 115
18 87
38 127
9 15
139 166
80 94
4 79
126 171
65 111
68 72
91 101
20 31
40 44
59 86
102 145
56 142
13 16
98 113
51 65
19 156
2 44
77 160
67 154
109 126
51 164
47 48
141 170
83 120
57 125
30 80
19 133
108 168
13 81
127 167
23 147
28 150
37 111
6 154
47 53
111 121
19 117
90 107
24 130
66 117
111 143
36 159
117 129
118 147
32 135
12 86
114 128
56 95
64 131
10 90
21 54
69 121
20 74
66 141
30 139
110 115
65 102
10 48
65 78
98 151
77 96
12 114
78 133
10 109
98 162
15 116
27 85
17 70
9 108
38 87
56 97
39 96
8 21
106 116
139 164
4 9
90 118
22 63
93 157
63 81
6 130
21 156
7 38
82 88
91 122
1 63
86 152
92 131
38 153
3 80
101 128
91 167
124 129
2 13
13 74
33 141
1 144
76 167
52 63
117 155
115 149
105 158
101 170
10 168
72 87
11 109
6 152
75 93
97 154
80 91
57 168
44 153
113 171
5 132
53 71
47 132
32 118
40 55
114 172
46 157
10 116
54 64
49 109
87 122
83 144
63 95
68 141
60 108
71 165
141 162
50 62
155 164
45 153
66 91
59 154
30 143
2 124
109 171
113 124
17 166
1 132
52 159
4 153
106 166
138 168
44 61
40 91
108 130
106 120
84 149
3 40
90 164
61 65
39 142
14 137
72 129
17 68
73 125
54 126
16 136
30 170
104 127
5 108
45 148
88 140
34 47
54 120
33 85
18 23
28 116
28 53
168 170
44 64
28 151
55 131
49 125
3 12
6 112
81 154
12 158
80 100
6 92
95 157
124 138
8 27
35 42
15 123
30 121
64 154
45 86
57 116
49 96
59 150
157 162
33 160
62 152
1 69
22 161
26 113
28 52
50 80
148 163
16 76
80 151
146 168
24 66
92 129
48 126
44 135
0 71
55 170
136 163
104 155
78 88
2 121
11 93
18 94
45 113
51 163
16 47
8 100
133 152
63 133
15 167
47 120
7 28
8 14
70 107
6 20
103 123
49 87
24 65
38 82
62 95
12 27
14 50
29 86
30 46
93 142
26 143
114 152
1 35
47 142
60 97
10 57
73 143
21 69
52 113
22 44
11 140
57 124
79 170
74 96
16 115
24 128
30 33
121 155
48 82
47 150
107 118
0 44
50 166
17 20
4 137
103 167
93 106
10 142
43 76
78 164
44 54
50 162
22 168
65 89
89 145
86 143
11 56
162 168
7 20
36 167
71 97
7 94
116 170
18 108
18 39
77 98
14 70
143 166
107 138
67 71
3 163
37 40
12 36
140 169
39 165
32 40
64 111
82 148
83 132
47 117
5 149
20 99
36 116
25 87
6 81
13 19
14 22
92 101
22 93
58 110
91 131
27 57
74 153
149 172
34 126
128 149
46 147
18 157
7 10
54 135
18 146
115 155
101 164
37 150
13 67
115 116
89 90
60 164
98 134
100 138
15 67
36 160
9 10
52 107
160 161
72 140
74 114
43 79
14 169
81 121
75 116
26 35
32 68
20 28
3 48
2 105
147 148
94 130
19 39
139 150
115 163
68 95
35 76
3 67
13 169
71 132
3 21
58 113
119 134
38 148
139 161
87 150
24 156
126 130
29 40
96 161
3 145
97 100
89 91
23 160
94 165
70 133
89 164
115 161
113 155
67 104
33 97
35 111
105 140
42 157
23 159
50 170
40 107
44 123
110 150
67 70
36 129
85 160
24 102
31 87
95 117
38 66
58 126
12 51
32 130
44 95
26 115
3 61
69 142
111 168
74 94
85 150
82 89
141 147
96 148
37 93
52 116
73 93
26 78
88 167
46 67
66 171
69 116
0 154
16 66
140 158
0 76
85 98
1 64
14 49
53 122
65 171
10 156
147 162
77 123
76 114
107 141
18 150
103 128
55 71
57 159
35 81
46 50
120 143
64 101
71 153
57 156
93 165
86 135
3 130
31 105
9 155
31 151
84 137
51 97
53 129
121 138
39 104
108 143
86 169
109 127
15 92
20 163
170 172
42 97
120 148
43 147
44 149
113 135
34 140
85 133
32 122
75 95
63 88
92 152
100 130
47 50
1 50
98 159
21 36
69 127
120 154
9 75
75 81
77 129
8 96
52 124
45 56
41 104
20 55
118 149
31 74
2 58
41 148
58 103
165 171
74 125
68 102
34 155
52 70
45 172
18 30
47 170
17 165
22 91
5 42
9 23
8 129
5 145
107 127
16 48
60 96
38 163
79 89
96 106
7 71
40 135
14 42
25 134
83 104
32 73
27 168
72 76
100 114
57 70
51 158
79 98
142 165
76 161
50 103
131 151
6 98
23 66
18 109
114 136
75 149
35 86
2 136
25 51
75 94
95 126
20 158
12 46
108 132
6 63
71 112
45 151
43 150
89 149
36 51
53 102
47 160
118 127
1 61
79 147
0 138
35 118
14 98
83 151
21 32
23 32
25 162
2 130
117 124
73 122
83 165
18 89
79 84
112 152
24 62
14 30
34 39
5 135
112 153
100 141
80 86
116 148
22 99
39 120
113 136
102 142
52 65
75 77
54 81
6 74
11 61
59 120
12 22
80 129
88 141
17 59
96 147
29 46
44 52
146 170
27 87
51 99
12 49
64 98
106 110
48 125
68 93
17 94
77 150
75 78
51 132
140 167
33 134
3 126
15 108
18 111
119 131
102 171
48 99
66 90
99 137
114 160
83 146
54 76
25 39
76 153
25 126
104 163
50 159
138 162
78 146
117 136
102 170
12 156
58 78
79 160
132 145
77 157
29 90
61 105
27 164
30 76
55 79
7 46
69 112
86 147
27 39
3 66
47 92
38 102
15 53
11 123
21 154
99 145
69 79
51 74
8 42
48 137
115 139
117 164
18 40
13 119
156 164
12 126
62 128
17 28
61 74
90 134
41 141
49 133
17 61
46 167
23 95
63 165
14 48
17 92
2 150
90 156
20 134
131 149
105 137
83 156
23 75
135 147
111 113
31 64
125 151
24 143
19 74
133 162
15 105
3 110
9 19
4 48
52 149
45 51
17 144
0 118
69 165
9 165
47 110
32 63
63 157
87 116
23 25
31 93
0 14
38 40
98 160
84 99
54 171
128 148
30 109
56 96
144 170
90 128
52 104
15 127
105 162
96 121
28 97
37 76
5 37
27 63
4 125
76 99
55 93
54 58
49 113
18 149
52 80
128 138
137 146
26 42
49 141
38 146
107 116
49 143
41 120
45 95
79 82
18 130
39 95
56 144
104 139
2 132
8 134
11 32
0 78
18 167
25 167
119 128
4 90
20 102
18 29
42 161
27 118
69 152
56 119
56 92
50 149
32 71
27 82
43 112
53 154
65 101
15 128
88 154
22 57
21 140
166 170
62 73
42 128
11 115
31 42
51 78
11 172
40 105
53 133
50 87
71 154
17 23
59 72
4 161
5 41
21 81
152 169
20 122
15 111
11 24
122 125
7 98
19 47
8 77
85 115
34 56
0 21
51 81
112 159
26 37
65 131
80 147
33 57
48 103
1 115
50 114
28 46
62 160
13 160
8 63
141 153
38 105
54 143
10 152
61 169
46 117
6 119
75 138
50 59
9 77
135 169
25 158
95 109
95 169
16 145
96 172
35 122
11 55
35 100
2 100
72 115
18 61
23 140
44 169
123 144
8 54
67 98
1 83
97 147
94 129
121 151
37 52
14 18
16 149
24 30
97 120
51 142
21 116
108 110
39 74
47 58
86 171
63 155
97 99
23 58
26 34
28 54
79 109
18 24
3 118
47 105
62 161
44 58
69 114
23 46
67 138
32 163
92 134
39 124
144 160
0 83
114 153
41 116
78 159
102 169
10 122
50 73
92 163
56 138
42 150
0 18
42 90
64 88
119 150
107 158
27 55
91 97
8 94
4 11
27 37
11 139
39 157
19 38
34 53
110 112
39 62
50 155
12 69
69 149
51 159
94 139
143 169
100 112
27 144
24 91
80 101
17 161
23 40
50 147
86 131
96 150
18 128
76 168
36 68
8 154
111 139
74 85
66 172
70 121
23 171
26 108
19 67
26 165
30 126
6 80
9 79
104 135
15 77
91 104
41 115
27 35
142 158
46 96
69 140
108 138
132 171
102 106
21 128
127 131
48 157
3 142
80 144
35 95
11 142
1 107
51 167
43 107
29 84
5 106
24 116
98 117
10 50
51 156
7 13
40 128
4 30
22 43
117 171
11 106
81 89
126 159
101 102
76 166
29 107
123 133
53 148
94 103
16 21
36 64
5 67
38 167
11 104
8 87
11 158
1 5
38 107
54 102
53 77
25 37
33 131
24 93
50 95
26 152
32 93
10 80
2 32
26 145
75 121
28 142
20 165
63 145
102 114
16 73
23 30
43 132
21 133
31 61
97 119
10 121
81 169
99 109
59 121
78 102
72 155
1 138
9 99
23 167
49 117
73 171
21 106
44 152
8 83
23 105
42 136
97 103
20 110
18 31
71 94
12 106
74 133
126 143
118 158
30 63
116 136
97 106
14 41
63 110
80 158
121 142
20 171
1 20
2 6
61 144
19 114
97 172
0 130
68 124
80 148
68 157
114 159
31 122
77 162
71 100
125 165
1 26
3 78
18 59
94 151
99 157
41 108
19 168
68 104
53 132
47 71
8 131
63 86
7 52
11 121
38 164
32 88
29 123
27 117
33 68
97 166
82 111
27 131
52 94
131 140
96 169
18 154
19 58
38 93
125 160
8 106
0 73
28 129
85 169
35 98
7 172
4 158
19 78
25 131
85 155
6 97
36 131
119 164
10 22
38 106
81 100
77 119
27 141
30 169
118 144
71 91
63 83
25 110
25 60
142 167
34 145
20 129
17 21
1 85
8 163
61 145
0 160
77 125
110 137
87 93
29 73
51 93
0 142
93 111
34 132
72 141
79 151
44 111
14 108
77 82
50 160
11 44
23 130
33 123
158 164
28 171
51 128
32 87
33 53
7 54
34 104
69 134
22 46
49 52
40 62
24 64
6 155
49 148
16 46
121 156
68 127
115 158
84 100
29 111
126 154
119 135
142 164
9 149
9 130
54 59
21 90
46 132
37 116
63 67
29 164
42 148
109 120
2 141
13 42
13 96
129 133
23 101
38 56
78 145
34 94
0 64
11 97
35 41
78 91
26 154
52 154
87 126
79 94
66 74
133 141
77 169
60 143
119 152
65 162
142 143
48 65
24 124
61 71
106 133
95 138
34 90
78 139
15 25
6 42
44 158
137 140
87 168
150 153
23 43
3 60
15 161
65 82
89 172
22 54
115 130
3 147
107 143
48 127
151 156
137 145
26 103
8 159
85 128
33 170
61 164
67 166
132 166
53 164
65 154
78 108
43 166
76 163
102 116
36 135
92 133
33 88
74 138
134 138
5 137
20 147
92 154
74 98
70 81
20 26
84 147
153 161
62 148
31 145
2 89
35 108
49 99
4 36
92 127
24 63
2 41
3 140
19 170
75 132
136 138
68 76
25 142
12 52
38 41
150 164
81 137
69 158
37 110
50 54
6 140
76 101
123 168
126 141
65 113
30 34
61 87
84 126
103 126
125 157
15 20
62 80
44 171
44 107
43 59
62 111
38 77
32 170
30 137
63 127
131 154
104 140
16 68
39 91
8 164
98 116
27 40
99 158
25 85
71 89
128 130
0 60
48 148
88 149
160 166
81 156
119 122
87 143
149 166
53 104
25 36
16 28
77 142
9 62
4 120
40 60
146 158
124 155
80 109
5 133
80 104
90 120
56 76
40 169
65 67
69 137
130 157
66 69
91 137
11 128
84 162
24 76
8 86
58 142
42 54
7 89
138 145
50 100
135 163
76 113
100 122
63 115
83 149
48 91
24 154
122 157
103 140
62 64
5 163
75 153
14 167
3 111
115 127
76 85
138 163
10 84
28 37
95 166
33 92
17 30
128 131
25 140
26 79
63 153
59 62
20 85
9 125
62 133
95 108
21 29
53 98
115 170
103 124
78 123
106 172
18 113
148 160
49 124
0 53
84 142
40 139
98 137
66 67
6 14
52 161
5 161
47 96
60 122
17 35
27 107
12 60
46 88
43 48
138 146
129 136
12 103
147 159
4 106
73 133
44 167
8 170
66 121
3 161
37 133
53 74
92 124
18 124
102 129
86 115
17 168
82 97
2 7
36 133
62 120
67 130
2 67
149 156
9 97
103 145
23 74
30 44
140 141
107 115
41 60
18 73
9 121
90 112
42 134
0 81
40 51
117 137
41 57
6 133
38 63
29 106
128 152
45 129
39 172
36 141
110 158
8 35
51 61
73 158
53 144
0 94
107 139
59 131
33 99
54 158
78 128
40 113
22 115
23 81
67 135
35 119
77 90
58 148
4 95
107 145
53 62
57 71
11 159
18 110
28 163
78 137
148 154
20 65
25 63
14 132
121 159
65 168
87 99
55 80
4 156
163 165
26 98
125 143
41 42
62 68
31 159
109 112
155 172
30 84
112 134
86 98
9 46
56 148
68 129
42 101
9 28
72 120
107 166
10 41
3 124
64 72
131 148
14 136
4 29
40 164
140 160
35 36
29 80
48 122
65 150
114 163
104 159
28 161
139 148
69 76
38 140
69 108
107 137
165 170
32 45
101 149
63 154
18 134
60 140
133 153
85 138
45 122
5 76
61 134
159 168
12 148
25 161
48 123
10 166
59 74
20 21
26 117
116 172
92 125
44 129
24 129
22 96
109 150
74 142
21 28
16 60
13 171
6 49
16 105
80 133
80 159
109 131
10 153
1 60
74 147
15 55
111 170
102 144
104 113
45 104
44 98
13 53
45 94
101 168
90 103
8 9
53 171
49 137
91 153
100 148
70 115
50 157
79 152
67 102
10 63
73 99
85 141
80 115
76 89
31 136
0 141
10 38
40 110
2 104
30 71
57 65
55 69
105 106
148 150
11 167
130 170
26 107
48 67
64 114
57 150
95 113
10 154
16 56
108 121
40 153
15 121
141 169
22 40
5 97
53 161
77 130
64 95
72 91
31 55
152 160
63 142
36 76
5 171
125 133
26 84
13 24
30 73
87 163
77 78
69 109
60 130
59 170
102 161
35 94
85 90
97 161
87 138
91 134
93 132
34 163
3 39
62 105
50 51
166 167
42 55
94 113
127 143
135 171
81 135
66 127
117 150
31 66
162 170
52 162
31 62
5 79
17 100
3 150
49 84
34 162
45 127
19 80
31 43
73 151
14 148
128 135
27 121
83 161
86 139
62 115
54 65
42 108
81 166
82 162
78 124
11 78
45 157
59 73
22 113
14 52
48 152
24 138
18 107
6 163
2 97
49 69
130 163
65 96
20 126
77 108
35 63
48 69
14 103
25 154
126 150
139 170
151 161
62 92
45 156
66 125
11 124
159 162
17 97
98 142
63 65
73 136
25 31
79 163
37 108
21 157
12 117
30 127
29 154
133 142
112 114
69 92
48 50
77 148
18 72
85 104
52 128
83 114
7 106
146 148
28 91
15 124
36 55
55 87
29 148
23 116
118 140
126 161
36 154
91 164
104 134
40 69
22 123
92 139
146 172
9 17
8 138
55 115
18 162
54 63
84 96
37 113
45 168
54 170
33 101
74 95
123 129
62 108
60 152
124 128
15 112
21 84
52 142
30 35
45 144
69 139
33 107
0 120
81 97
39 92
3 168
73 135
5 152
114 171
27 102
65 167
7 163
82 159
52 170
80 136
53 141
12 133
41 138
111 154
89 131
85 163
120 164
110 125
128 143
24 79
32 101
55 140
143 163
97 159
8 24
66 89
88 91
24 46
53 80
59 99
15 16
8 47
44 49
38 159
77 132
9 29
89 119
1 133
19 140
65 164
72 161
46 153
39 160
14 164
15 54
67 168
80 113
39 138
72 110
13 170
39 63
32 99
84 143
18 168
16 95
45 161
28 113
51 66
13 127
0 166
14 163
25 29
1 42
87 167
59 105
27 143
140 165
126 128
90 152
41 170
56 166
55 171
33 100
95 156
59 172
29 145
45 74
31 152
5 169
27 156
50 88
1 38
113 167
81 90
73 82
57 148
90 159
38 67
86 125
124 135
17 84
21 59
48 115
32 94
103 127
53 76
29 131
68 149
22 32
0 10
25 145
72 125
142 148
15 94
84 171
57 94
9 116
10 149
24 152
9 80
80 171
32 146
111 138
45 149
113 144
82 136
144 146
9 57
16 23
14 46
16 50
8 40
121 124
38 55
98 119
3 155
99 113
19 132
37 47
49 70
20 167
56 90
111 124
4 80
82 132
85 145
69 97
18 43
134 159
44 157
163 166
44 46
72 164
106 131
36 138
166 172
99 164
55 132
83 100
36 102
15 47
108 162
45 137
10 20
23 161
11 101
3 63
43 127
51 113
17 148
120 121
27 153
55 109
35 117
69 95
76 172
22 137
15 23
100 101
28 62
17 109
136 154
67 93
39 84
44 48
74 107
9 18
21 77
103 111
40 50
117 143
64 87
14 170
25 43
115 120
50 64
12 38
10 136
37 157
104 106
44 120
18 144
122 158
9 171
64 167
72 102
42 92
21 155
120 127
2 19
1 124
6 61
115 156
5 29
71 167
12 108
72 88
48 49
50 101
57 77
22 107
0 7
9 141
35 89
20 22
87 111
90 104
88 151
87 142
160 169
10 28
135 138
27 106
6 9
35 61
154 169
65 91
16 72
49 111
98 130
50 104
89 129
147 156
25 101
91 147
32 33
68 105
34 138
67 121
1 139
40 73
23 97
32 131
79 97
17 88
164 167
71 156
51 149
2 101
60 163
63 161
122 149
145 152
42 116
42 60
71 101
121 161
105 141
104 128
3 93
46 63
10 165
99 149
2 83
101 155
3 81
33 155
19 50
85 158
60 170
4 135
36 60
156 167
20 43
46 74
112 119
92 151
128 156
33 153
134 148
77 147
41 117
92 128
93 123
16 41
36 127
47 114
86 92
28 48
37 172
78 135
58 95
45 146
23 157
59 166
91 162
78 130
124 150
7 114
2 25
17 163
45 158
79 104
91 144
123 160
63 75
49 119
17 145
143 172
115 162
146 163
50 140
49 66
18 92
41 98
22 88
48 156
1 93
100 160
109 158
31 78
55 66
81 98
8 55
82 154
10 106
12 168
16 147
11 119
0 48
15 160
73 108
15 32
10 78
56 131
14 101
103 155
88 145
74 136
10 97
116 118
69 91
83 159
97 108
118 139
34 101
105 132
12 19
50 123
132 163
167 168
40 79
1 130
41 91
51 98
85 120
3 160
5 129
73 87
17 129
145 162
56 106
90 105
5 146
5 120
135 156
25 135
26 73
7 31
80 140
93 136
16 102
49 161
83 133
0 92
34 133
74 124
48 105
94 99
107 112
14 23
7 168
29 85
44 159
129 163
37 152
72 135
82 83
97 130
26 56
27 154
7 137
13 121
46 84
99 140
93 124
103 144
91 117
81 126
111 165
2 156
103 168
4 50
32 111
72 130
10 101
12 17
90 168
13 46
20 100
133 161
112 144
22 156
0 86
9 53
1 82
111 131
12 20
77 149
70 92
95 120
54 75
86 99
55 168
0 91
8 25
17 43
35 120
16 26
35 46
74 121
53 73
123 148
125 154
106 139
33 84
50 108
88 124
21 146
88 110
49 98
84 140
33 95
25 49
73 172
68 143
61 64
32 144
32 76
0 55
30 117
40 132
94 148
78 80
50 134
17 39
46 75
75 155
24 140
78 142
79 158
8 161
105 126
32 78
53 159
30 131
118 157
66 119
91 172
6 103
64 71
129 130
7 130
46 166
82 117
47 130
86 130
65 104
26 58
130 152
73 123
62 122
25 84
30 118
2 66
67 85
125 168
19 103
18 32
28 104
43 136
72 154
99 160
85 149
145 160
103 136
100 110
31 95
64 170
45 65
12 71
48 54
71 110
113 147
6 41
72 134
147 149
13 158
87 102
57 158
6 15
51 106
7 124
19 71
53 59
50 131
12 61
4 146
20 73
76 79
93 164
21 166
38 72
41 94
5 96
10 99
58 82
24 162
27 134
38 122
121 141
77 104
23 33
27 113
19 125
155 159
10 29
11 105
40 154
29 51
71 168
34 36
67 115
97 171
74 84
19 151
126 165
62 166
16 138
84 152
66 98
108 112
88 118
103 129
37 126
74 134
28 149
52 85
16 171
55 128
14 78
2 157
46 91
34 92
122 131
0 69
22 94
103 160
30 111
48 73
91 151
44 170
123 169
78 118
39 100
111 153
118 146
7 22
12 95
54 113
127 156
14 88
84 134
69 130
125 135
66 113
43 111
95 158
103 139
41 97
98 114
45 121
8 67
61 113
14 143
59 142
57 135
27 151
103 112
69 162
14 84
90 146
21 53
152 156
23 106
55 59
119 171
158 162
162 164
75 107
27 122
129 134
89 99
57 115
42 155
14 116
44 138
81 158
81 113
89 137
54 115
93 155
135 136
51 140
10 98
40 122
4 138
27 112
83 87
66 72
35 99
38 166
30 98
81 114
104 121
42 77
120 135
69 161
30 156
7 21
7 24
68 155
65 85
107 151
56 80
56 116
105 110
124 133
43 113
97 156
30 74
37 63
56 118
64 121
149 150
12 118
62 109
2 110
33 152
96 130
2 39
16 80
41 90
1 116
60 156
51 143
4 152
46 148
23 164
104 158
43 87
137 149
23 27
40 68
103 156
49 62
24 26
65 118
99 138
56 100
11 27
36 74
101 160
170 171
112 120
126 169
91 106
41 55
34 98
1 171
9 153
39 156
5 99
107 148
29 130
127 146
44 160
18 119
35 146
13 87
64 118
61 106
24 121
31 32
68 117
110 131
32 82
80 81
70 97
102 165
100 102
35 156
29 170
57 76
45 49
1 51
61 120
60 121
102 159
15 24
93 119
57 149
68 83
14 28
58 141
41 129
1 123
37 130
5 22
8 50
78 98
78 81
111 171
55 110
70 93
36 101
26 123
18 88
4 63
141 165
12 63
166 168
19 20
75 89
34 129
141 156
69 71
6 165
26 82
45 119
128 145
0 171
20 152
4 124
24 164
150 157
91 113
73 75
29 43
119 147
142 162
138 159
10 137
24 113
64 147
70 147
68 122
21 80
113 140
153 170
42 70
2 145
26 149
57 120
10 51
41 47
2 131
31 67
41 150
26 104
47 91
34 121
70 138
28 100
1 102
35 153
66 165
136 137
57 131
108 152
1 143
64 117
24 47
53 167
46 66
118 168
7 9
120 137
126 167
67 109
100 161
66 92
37 77
3 53
63 107
0 140
134 141
85 118
132 149
71 145
3 37
53 88
112 167
35 129
95 151
10 69
38 54
43 49
64 102
57 64
44 154
43 135
14 99
80 134
105 111
50 97
107 146
30 93
129 167
86 114
17 141
82 85
15 82
44 125
111 160
33 35
83 148
5 66
54 116
129 164
50 53
115 140
33 135
22 98
110 160
43 134
5 93
18 115
54 117
41 165
23 45
124 167
123 128
7 104
30 70
6 105
62 156
15 83
89 127
94 115
106 121
69 104
39 127
50 82
117 134
29 166
88 94
58 80
139 165
67 116
3 17
132 147
131 167
7 56
96 158
24 158
50 78
6 64
133 166
13 77
74 143
1 119
7 145
123 163
5 167
26 169
112 151
6 29
38 137
9 41
52 111
86 94
18 171
64 70
68 128
124 142
7 161
43 106
126 146
106 114
10 72
55 135
154 161
76 148
105 161
11 113
67 141
7 59
65 66
124 139
21 130
9 42
47 93
106 119
35 84
39 93
11 103
41 75
56 77
7 47
152 153
91 103
75 154
101 130
129 138
68 151
54 79
110 130
43 52
158 171
86 164
3 131
91 108
95 148
15 87
49 165
6 93
122 172
84 150
67 151
24 106
59 117
108 125
5 14
114 156
25 98
0 150
34 159
35 38
0 101
73 160
66 111
52 64
73 161
62 151
33 124
65 77
50 69
3 100
34 88
7 100
2 166
17 136
39 112
62 88
87 112
23 60
130 143
23 148
151 160
35 124
84 124
104 129
70 71
30 57
126 152
66 153
114 126
5 87
77 112
54 159
58 166
79 96
55 107
118 160
18 21
57 170
19 112
84 113
23 145
134 169
83 136
38 98
67 91
52 91
104 168
77 141
13 109
109 172
48 162
93 113
79 88
27 128
50 86
158 160
80 83
29 118
0 68
74 112
167 169
16 69
32 46
56 69
109 159
51 54
22 87
72 171
20 135
63 74
93 115
113 130
29 120
47 64
25 129
18 78
143 159
54 160
121 171
117 145
41 156
95 153
115 147
22 148
8 95
30 122
124 157
25 88
130 141
6 17
20 115
47 94
133 146
129 170
13 124
4 34
74 137
31 69
74 109
40 65
14 66
63 66
144 148
89 134
23 155
11 66
107 140
15 130
103 150
7 117
114 133
58 136
25 74
86 148
114 162
37 135
15 99
1 89
12 88
62 119
11 138
112 156
66 100
82 108
30 65
80 89
103 153
153 164
33 50
94 122
44 89
3 76
5 61
89 125
33 114
67 131
55 67
145 150
64 94
50 76
25 89
3 172
36 128
41 131
44 115
46 145
84 89
39 42
90 143
46 128
50 128
57 147
68 145
44 96
136 151
65 75
8 102
45 162
17 42
139 151
55 58
93 160
77 106
120 126
147 172
1 135
16 108
100 140
15 37
32 138
51 135
115 118
70 83
39 90
11 21
33 47
71 136
68 165
60 84
18 57
71 73
136 162
34 157
0 152
104 118
102 152
153 165
24 97
46 76
14 64
62 153
8 56
65 129
29 36
79 108
21 134
35 106
81 91
102 113
31 58
13 166
1 103
48 81
146 171
37 109
23 100
55 90
16 74
35 148
65 114
93 133
39 79
66 115
82 93
9 103
13 104
10 133
55 78
50 83
16 142
11 171
30 40
32 51
56 162
52 90
73 94
105 159
3 59
18 152
57 152
28 107
64 105
24 61
79 124
99 121
18 26
46 47
54 114
35 40
27 166
85 162
16 96
16 94
5 103
97 151
78 89
73 155
37 156
140 166
49 118
1 62
95 165
7 84
67 172
67 126
23 134
54 148
84 169
2 55
7 158
38 96
42 80
64 157
39 170
23 36
133 144
29 58
82 144
108 133
111 128
103 163
22 172
60 106
32 154
71 105
120 151
135 161
63 169
100 163
82 112
106 161
16 92
72 147
28 47
106 130
68 156
6 46
1 129
76 117
80 124
77 87
33 143
67 101
7 87
69 156
116 149
65 83
59 126
48 90
52 67
141 172
2 14
92 149
8 151
9 63
81 108
96 124
90 110
20 68
112 148
93 162
145 148
41 96
103 109
121 152
92 100
30 96
28 77
6 48
87 105
58 97
14 69
27 163
38 168
31 130
33 145
62 124
109 125
40 104
58 165
36 121
31 56
69 80
93 112
153 171
62 76
134 143
143 158
127 132
43 149
112 130
126 158
4 7
87 156
28 44
85 113
8 13
78 150
29 121
19 135
34 171
6 47
31 162
117 130
10 71
12 152
145 163
10 139
83 129
52 137
23 51
163 170
2 42
12 170
75 169
43 84
20 71
139 153
39 154
55 138
45 139
53 116
66 120
21 144
33 169
0 37
148 171
130 147
65 137
2 162
84 90
61 81
30 104
26 38
60 127
48 98
28 89
26 119
79 146
97 149
48 119
11 149
84 127
77 154
36 148
14 80
63 93
116 155
62 141
133 164
2 163
26 29
19 172
5 104
164 172
110 166
30 49
63 135
149 164
41 102
62 110
43 126
28 112
26 148
13 22
5 48
69 89
23 135
17 24
32 81
1 96
36 54
35 112
7 79
0 111
44 143
18 67
66 80
55 101
13 111
22 134
5 100
16 51
50 106
16 121
118 148
136 145
90 147
19 152
113 117
77 86
122 126
47 135
51 160
72 79
20 29
26 40
25 115
63 80
123 171
15 106
73 88
107 154
88 126
81 125
0 24
70 167
5 74
61 63
103 108
34 62
59 158
3 166
169 170
1 153
82 158
135 160
71 144
58 131
7 102
65 86
76 137
55 56
31 117
116 162
157 171
71 137
17 27
105 155
29 91
32 156
0 90
49 132
79 143
55 89
163 167
105 165
67 148
19 136
144 157
78 132
38 155
85 106
62 99
115 122
136 147
77 101
4 99
92 141
113 148
42 57
58 116
43 162
61 104
12 39
1 32
41 161
15 63
45 170
71 79
48 164
47 61
13 139
8 108
54 166
37 39
56 152
123 124
8 17
29 45
28 101
90 111
68 99
56 112
49 65
59 125
149 169
93 149
150 171
26 122
80 154
48 60
87 149
33 65
115 148
1 14
39 80
134 158
98 131
4 122
117 161
22 59
89 169
127 151
78 106
22 48
55 70
78 166
37 105
73 138
22 149
71 163
29 61
54 144
120 156
22 58
86 151
35 87
36 43
27 52
35 56
15 22
41 105
12 167
59 100
90 160
62 143
66 85
48 92
76 107
32 48
44 82
111 144
135 141
59 111
4 21
99 150
33 71
16 87
63 124
0 88
13 117
29 94
17 169
105 112
72 103
9 82
76 154
103 149
46 154
18 96
38 51
148 151
31 89
74 75
31 163
32 77
130 155
82 121
85 129
1 165
77 128
22 60
38 43
0 114
4 26
86 163
66 150
45 64
111 122
21 95
95 140
46 107
40 170
114 134
97 117
121 165
66 168
25 172
28 167
127 130
70 77
24 122
21 101
44 137
88 159
40 120
75 80
96 171
31 70
41 61
70 151
45 88
141 142
9 84
33 56
35 167
90 136
83 117
84 164
72 95
19 167
71 98
53 81
41 144
21 25
159 160
15 76
51 165
4 25
102 160
8 124
21 40
86 87
115 159
31 90
48 129
47 124
122 134
49 156
72 131
24 31
157 169
96 139
77 94
86 150
43 165
85 127
9 27
144 154
18 77
154 167
18 50
55 126
23 138
66 163
18 25
35 50
32 148
60 169
92 121
20 64
30 39
98 148
106 118
80 107
66 84
60 153
122 124
57 129
91 128
11 160
74 128
48 169
9 138
17 56
111 149
72 84
2 135
79 91
19 119
25 153
43 144
53 114
81 101
35 54
66 139
20 34
75 115
24 82
41 100
11 89
24 144
0 99
157 166
46 149
109 130
100 125
14 47
61 131
34 55
151 170
28 51
48 72
2 9
164 168
79 127
100 154
2 155
56 72
14 19
146 153
102 148
36 83
4 43
14 81
80 106
40 94
105 134
128 172
47 125
71 125
0 58
40 87
10 163
15 144
96 168
8 16
76 103
156 163
98 125
25 165
20 37
73 126
57 161
7 169
12 92
123 136
9 161
155 161
32 97
7 133
26 61
80 112
79 105
62 127
41 167
28 86
12 67
28 49
9 22
1 16
5 102
83 153
23 47
136 139
27 36
41 169
102 140
73 107
36 86
36 156
14 118
103 148
45 58
160 165
121 154
105 146
102 126
54 172
147 171
127 158
111 120
151 154
18 126
58 121
22 84
6 30
96 108
18 58
51 134
8 104
4 41
29 79
20 139
109 163
9 152
34 81
112 161
4 17
116 167
17 62
41 125
66 124
17 66
87 131
85 101
5 52
0 165
89 130
40 74
3 117
94 147
91 132
42 138
77 167
53 89
61 167
44 131
140 144
107 157
69 143
91 123
11 64
84 136
9 137
67 69
92 106
76 110
40 52
39 168
156 171
32 50
128 165
87 153
57 153
27 80
41 70
65 108
8 158
1 31
13 162
22 136
78 107
63 141
4 115
130 154
35 141
75 119
4 93
100 133
36 106
27 51
69 136
38 42
99 119
43 85
7 91
8 52
3 158
16 22
97 111
45 92
49 86
47 112
48 128
36 85
36 165
59 134
100 129
87 127
95 164
32 139
88 156
37 129
16 91
8 78
107 159
102 137
125 128
52 163
75 90
18 148
83 91
46 115
143 150
14 126
41 134
5 95
20 49
19 35
75 102
84 144
44 146
22 50
56 145
30 95
37 166
168 171
73 166
121 130
38 131
68 160
5 78
89 117
66 103
101 152
5 147
70 118
23 108
41 118
124 159
7 127
16 104
24 171
133 169
38 144
23 91
16 33
40 125
99 129
24 69
26 100
44 79
18 135
110 159
16 169
10 18
73 141
141 157
85 94
12 122
12 40
80 127
102 109
45 79
34 124
135 155
9 59
4 73
123 140
15 115
12 155
56 132
161 170
23 152
93 151
11 71
6 90
30 144
86 153
130 164
11 100
41 80
83 158
106 167
60 123
153 163
23 55
40 76
7 95
39 152
106 112
58 77
70 136
93 154
84 145
73 100
74 139
31 160
77 95
7 58
27 157
54 137
7 36
57 143
7 72
42 118
101 113
33 82
107 108
13 58
6 117
62 96
93 159
108 114
9 157
66 118
22 118
132 150
13 52
25 143
22 70
63 120
162 169
33 70
6 8
130 161
61 154
14 146
47 151
24 120
11 72
102 139
45 133
43 57
16 114
37 97
28 118
58 120
50 158
25 50
45 108
52 66
44 108
42 78
74 156
15 110
41 112
75 161
87 172
17 143
73 120
21 118
84 109
28 32
71 76
33 64
35 107
43 65
7 12
6 167
5 141
60 135
14 56
65 100
44 127
34 127
148 152
35 158
71 147
74 103
7 141
91 127
42 144
34 166
0 96
76 127
36 137
21 149
143 153
50 121
23 78
81 144
126 149
39 58
122 171
122 127
35 152
14 31
82 84
62 164
73 98
34 75
18 33
10 36
55 99
147 168
127 159
85 111
109 151
30 113
76 104
38 39
17 45
26 138
5 118
45 141
121 148
67 94
56 149
97 155
10 140
32 116
49 74
32 152
37 48
99 108
81 127
6 78
23 114
31 135
83 93
17 93
90 137
4 39
38 147
27 59
72 122
87 134
118 122
41 66
106 144
1 149
71 160
149 151
7 44
61 136
54 127
6 132
77 134
41 50
68 86
96 123
16 126
54 154
25 150
154 163
80 87
64 123
15 135
131 132
81 111
131 147
121 123
124 169
36 78
140 150
133 139
81 85
67 152
28 168
35 47
42 93
134 144
51 64
32 84
89 155
99 111
3 151
3 68
128 168
40 102
106 170
44 94
47 104
124 158
16 155
88 150
5 63
61 67
58 86
15 114
4 171
90 153
15 65
38 80
11 125
26 144
19 40
83 127
38 95
36 63
136 167
88 163
102 110
87 140
149 152
16 49
64 75
6 37
94 169
116 158
86 156
71 115
15 95
89 104
12 116
66 130
50 153
36 162
19 139
12 85
59 67
42 73
137 160
100 136
18 172
54 88
42 83
48 149
28 122
26 99
3 43
26 81
64 103
113 123
86 128
68 100
77 155
17 140
67 88
84 128
52 158
100 152
5 150
58 107
150 160
29 126
5 90
26 87
43 63
19 83
24 59
61 170
7 101
124 137
12 59
46 172
3 5
76 108
64 83
40 161
83 139
16 125
26 80
61 162
4 96
1 110
96 110
74 161
0 42
45 117
5 117
49 138
109 128
19 87
46 52
65 139
118 128
27 88
78 147
70 158
66 122
143 165
3 102
48 120
136 156
1 8
40 142
10 31
50 94
65 106
156 169
42 79
40 41
155 166
18 47
3 73
110 143
48 96
26 116
112 125
4 85
87 100
88 161
12 109
40 89
29 48
13 20
156 157
12 135
14 128
69 131
37 51
36 93
74 152
74 131
21 107
111 130
36 107
53 106
50 130
98 157
9 33
4 129
112 158
133 136
145 147
32 36
14 85
53 149
133 172
18 64
60 160
73 78
102 141
38 172
43 164
4 24
56 147
98 120
51 70
85 154
14 172
3 135
98 152
1 109
157 172
76 121
138 170
56 165
43 128
36 81
2 118
64 158
87 164
3 72
0 41
1 141
131 135
19 149
37 145
19 88
43 154
3 42
54 73
42 53
67 80
95 107
94 154
1 162
2 114
69 94
43 156
137 166
98 156
36 98
51 169
58 122
62 79
29 125
153 172
65 110
4 167
29 108
120 130
9 101
142 149
30 101
125 131
63 92
15 109
110 168
146 162
91 96
21 49
79 118
30 78
73 137
20 124
18 91
87 117
26 157
96 103
56 110
15 156
10 108
29 156
162 172
8 60
20 105
5 85
12 147
38 103
63 106
47 81
30 75
140 143
26 140
3 125
102 158
55 155
104 145
60 98
76 156
54 140
89 94
30 152
53 64
97 152
68 88
156 165
0 121
130 132
112 124
38 145
116 171
54 68
85 114
28 90
72 82
139 156
7 90
17 77
71 83
40 117
13 163
36 152
134 149
51 60
4 20
34 51
104 161
130 156
98 164
5 148
0 137
74 81
123 132
6 86
55 162
23 133
112 113
99 147
14 111
51 103
66 170
59 118
111 135
109 155
70 114
13 59
118 166
12 153
24 119
25 41
18 143
34 44
12 130
70 76
18 169
40 144
104 165
101 139
93 109
39 83
108 131
56 99
30 31
51 107
109 165
49 72
10 110
7 97
7 149
4 72
56 123
65 117
22 159
7 147
7 155
9 112
98 168
10 58
31 172
18 99
57 160
25 68
35 71
83 102
131 133
22 23
44 134
12 93
14 29
20 78
139 147
34 96
18 138
113 125
83 118
137 155
12 124
8 51
4 22
156 160
98 154
21 70
40 99
32 121
110 155
54 128
28 147
32 150
79 101
101 126
87 121
11 161
121 170
119 125
150 163
13 122
6 19
28 42
73 114
94 98
137 168
5 47
39 158
51 108
128 167
39 147
32 158
45 83
72 139
96 160
62 147
92 172
4 69
54 66
16 59
63 164
5 115
70 73
23 149
3 15
20 130
134 168
73 150
144 162
25 75
23 34
55 152
112 169
52 165
17 171
36 151
73 128
3 70
25 64
53 113
36 92
40 127
3 169
13 105
57 103
103 157
58 96
121 144
5 23
8 121
10 158
85 166
81 128
17 116
14 86
71 77
42 169
47 146
29 102
56 109
121 145
19 110
18 164
75 145
12 18
40 106
69 78
91 130
154 166
49 131
27 114
104 141
94 124
17 65
83 167
95 136
13 120
8 128
24 125
121 136
167 170
89 153
76 98
30 61
31 83
126 140
39 150
32 136
41 149
39 132
25 119
45 91
12 146
76 144
0 127
56 172
104 149
55 166
14 33
51 124
66 114
67 84
110 136
42 135
38 120
124 154
21 24
5 44
99 136
114 168
67 96
71 133
67 171
26 158
59 64
20 170
88 129
8 68
6 25
84 123
75 158
109 111
51 145
31 51
22 34
83 128
75 165
63 112
100 109
47 136
29 37
22 160
111 151
36 115
73 81
5 154
117 123
73 83
41 73
17 91
98 111
54 72
25 118
22 129
49 122
40 77
31 167
116 124
69 168
20 56
55 154
58 154
141 154
61 118
11 46
68 131
42 109
90 129
6 102
59 96
92 130
126 157
132 167
54 122
154 159
8 136
57 96
5 15
129 155
62 135
81 140
95 119
80 99
94 157
44 132
31 91
59 167
1 118
17 155
19 113
92 112
31 104
58 90
150 172
25 151
27 79
120 165
76 141
29 124
57 165
16 153
22 36
37 88
0 98
87 161
18 116
108 148
63 89
39 50
9 167
50 169
4 148
42 162
12 172
14 120
36 57
27 160
6 137
26 131
101 137
36 69
38 71
26 74
153 168
69 99
22 97
3 83
73 144
120 124
94 142
62 167
99 165
7 63
59 108
9 36
75 156
48 116
59 69
55 113
29 112
58 145
6 84
76 116
120 149
24 35
17 48
26 166
111 167
157 170
22 102
58 161
134 166
3 82
28 79
45 84
135 146
152 157
126 164
48 146
65 95
27 161
106 151
87 132
109 152
71 139
96 122
13 113
131 156
63 73
91 165
58 104
18 34
8 150
23 126
29 101
45 50
52 132
117 151
78 109
136 149
3 96
71 122
59 146
14 93
72 132
48 51
9 128
121 143
14 100
58 93
43 82
87 160
45 164
10 132
25 91
4 57
67 73
70 102
102 130
1 84
106 145
155 170
142 144
53 92
25 95
7 170
65 72
4 56
39 69
90 145
113 139
108 163
20 95
44 92
18 103
33 104
24 85
60 159
60 102
45 99
11 163
130 133
118 156
167 171
42 105
24 27
11 153
37 72
73 131
137 143
88 114
17 38
41 52
56 63
92 137
65 146
13 60
21 124
34 120
85 96
42 87
44 163
129 145
94 109
105 133
5 155
60 146
68 147
101 111
13 103
84 132
18 80
54 142
40 134
95 149
72 101
13 132
92 113
69 163
106 165
56 122
29 42
5 109
6 164
8 130
78 116
86 146
23 128
104 116
132 136
146 152
73 112
60 86
81 82
60 115
30 154
53 87
19 28
8 85
3 112
3 101
8 58
42 94
47 116
109 116
146 151
19 86
74 104
19 155
3 32
17 31
48 68
84 165
112 142
57 86
48 64
20 150
113 127
73 76
115 121
18 139
129 160
4 154
115 119
1 25
50 60
60 171
56 114
36 139
35 48
37 104
46 122
63 99
63 168
73 109
101 169
100 103
134 160
97 129
65 90
16 77
4 144
27 123
57 154
111 129
13 126
86 154
59 138
32 53
18 83
76 165
43 51
58 59
25 117
152 154
20 77
38 84
28 61
25 152
77 172
31 35
37 67
98 161
31 121
11 67
22 127
102 105
159 170
45 169
111 156
35 149
120 163
13 83
4 98
108 167
11 19
114 157
31 75
28 94
137 144
75 170
89 161
7 80
34 141
12 90
31 149
70 159
68 163
68 169
64 144
35 67
45 147
74 151
134 171
16 40
37 38
35 43
17 150
115 117
114 122
10 44
75 97
143 157
3 157
63 82
91 107
82 149
136 144
27 30
111 172
109 153
85 108
6 113
37 100
105 130
27 41
75 91
26 136
106 127
3 38
1 3
118 134
69 144
106 135
36 126
35 55
67 124
142 146
125 169
108 142
34 105
21 114
10 125
36 91
133 150
38 59
75 82
3 129
52 82
57 73
61 132
39 155
103 162
98 105
2 153
137 150
1 27
59 77
2 119
144 169
51 104
38 169
39 72
109 117
66 160
30 42
69 164
55 72
27 132
28 120
46 140
4 54
8 169
61 92
32 55
30 85
20 125
82 141
95 137
38 135
22 55
88 113
36 49
119 138
17 133
8 11
11 144
15 134
78 115
41 166
9 67
33 144
55 172
16 160
15 93
40 64
53 63
8 142
36 158
128 169
9 115
111 112
134 145
55 133
68 134
108 151
108 159
57 122
34 61
70 160
75 123
24 118
67 77
49 85
46 68
109 119
45 85
12 105
33 154
78 143
114 148
8 18
33 167
44 112
2 23
79 161
19 30
4 32
100 120
8 127
9 118
106 141
52 93
96 149
30 167
140 142
51 137
47 83
53 169
72 142
83 96
88 152
94 119
82 157
95 155
100 157
0 62
129 159
85 97
70 94
0 159
20 66
47 97
113 145
99 148
45 125
22 78
82 150
64 93
15 118
81 109
94 120
5 60
0 61
79 159
117 166
38 75
59 149
15 26
88 169
41 62
32 56
79 81
53 153
13 79
26 71
39 140
47 131
25 58
13 116
98 132
70 157
104 157
151 169
46 100
47 78
76 160
76 126
24 43
95 102
17 137
6 139
105 108
105 115
36 45
97 133
26 109
17 18
43 137
11 114
85 131
22 158
111 152
67 139
124 163
26 147
94 131
20 54
28 132
92 104
53 117
6 156
68 101
24 111
46 151
103 170
110 119
74 101
69 151
33 120
83 115
34 42
25 77
27 103
81 120
46 165
117 138
18 46
76 86
9 39
48 143
97 153
61 147
23 41
73 130
29 38
10 76
54 108
16 25
8 12
103 105
20 86
4 147
14 91
9 96
69 93
49 140
76 109
125 158
126 147
74 140
13 133
66 142
1 86
140 164
15 66
31 155
20 69
52 125
62 170
77 152
49 88
65 153
33 122
97 162
55 157
131 170
97 141
35 165
24 123
58 73
20 138
89 144
119 123
7 107
75 104
105 170
123 156
74 78
118 133
50 102
10 147
11 166
29 115
63 150
13 172
118 131
110 138
115 157
57 171
65 123
30 55
8 28
91 168
32 89
25 139
7 146
41 128
55 64
70 109
29 31
59 89
43 74
111 169
32 109
89 114
3 156
56 135
122 123
13 98
74 164
6 120
30 56
151 171
65 166
17 89
86 95
72 137
13 31
13 118
6 146
31 171
140 153
7 26
64 132
131 152
146 150
29 57
69 141
49 142
147 161
53 126
19 49
9 30
56 130
45 69
41 71
2 10
56 153
9 24
63 132
35 169
37 117
8 49
71 164
48 89
6 106
61 157
66 93
147 164
119 156
26 155
90 144
24 172
117 119
63 129
97 169
21 37
98 99
34 122
150 152
6 26
112 157
44 73
152 163
124 136
53 139
17 85
136 140
61 168
115 124
56 81
17 139
12 25
108 116
15 107
100 105
142 170
27 98
100 119
43 129
118 165
0 22
14 94
16 57
78 110
50 68
10 134
136 152
94 170
54 134
8 37
40 80
76 106
43 169
10 143
108 171
68 69
69 96
77 137
50 84
27 152
121 140
51 133
2 16
120 133
67 164
39 119
22 146
10 45
56 121
105 123
9 150
92 109
10 155
50 136
9 60
109 129
106 152
77 163
33 75
33 66
104 105
69 85
96 134
16 42
28 29
36 142
26 57
89 162
12 55
63 162
40 111
17 164
20 111
17 52
23 50
9 69
17 37
52 99
50 148
1 170
0 54
48 84
35 159
33 156
31 101
1 45
4 162
112 146
78 121
120 171
43 121
69 117
9 169
49 83
71 106
2 78
107 164
81 99
141 166
59 140
98 150
26 121
60 73
40 72
46 171
45 93
59 168
96 159
33 42
44 101
18 101
78 138
65 169
45 76
53 103
63 119
10 119
23 59
90 170
71 124
27 105
76 122
55 164
58 160
2 164
23 132
21 120
56 139
74 111
70 88
48 140
118 171
13 99
116 137
146 169
93 152
43 77
126 168
24 50
82 152
19 94
62 90
38 141
10 113
56 105
55 73
8 114
47 145
50 75
74 166
10 33
94 168
15 169
123 152
63 85
41 79
132 133
94 172
149 165
15 133
68 78
41 139
33 91
73 77
99 103
59 90
43 95
131 157
76 134
53 86
118 154
2 148
111 145
50 85
50 145
133 170
29 151
12 169
121 168
44 80
53 72
72 114
145 159
41 85
3 136
90 132
120 152
74 163
54 141
123 134
10 19
66 144
40 130
0 129
43 104
89 110
10 35
18 151
90 95
111 140
113 129
115 142
126 135
149 154
107 109
66 106
6 31
86 140
102 168
26 91
81 105
27 34
165 172
36 118
11 45
0 15
53 105
82 135
83 107
26 159
63 104
91 138
20 151
20 154
80 128
89 115
15 59
49 166
39 65
22 166
122 145
107 134
44 60
85 117
28 157
6 104
13 78
98 167
8 65
20 97
29 143
57 90
29 68
36 130
113 118
65 71
105 144
36 132
67 113
132 161
84 115
85 87
47 154
27 60
19 48
94 153
103 117
53 160
10 170
4 19
72 121
96 154
153 155
26 51
125 161
114 150
48 80
12 128
15 154
39 59
79 130
56 85
118 145
32 43
10 128
96 117
15 132
19 118
3 35
26 47
119 167
119 161
130 140
1 88
112 145
132 137
16 159
89 171
26 63
20 117
117 159
112 131
43 120
60 99
50 96
116 119
110 128
89 140
141 155
65 147
16 151
142 161
29 162
10 67
29 150
92 95
27 159
16 24
95 141
113 160
0 51
56 70
64 84
82 156
73 85
125 155
129 147
27 42
18 122
64 133
54 98
99 104
7 66
92 103
102 162
67 159
33 118
35 157
4 33
60 72
140 155
111 157
35 155
36 67
17 153
26 66
19 82
49 127
4 159
70 132
2 160
0 158
51 110
38 81
37 128
90 126
0 19
104 124
84 104
56 155
56 66
56 61
82 95
90 150
69 123
108 150
30 120
117 153
114 161
107 121
69 70
94 159
14 138
59 143
22 73
45 59
67 170
1 70
41 155
129 161
13 41
29 71
66 166
33 89
14 114
29 138
53 69
71 117
102 149
102 133
99 134
143 146
90 119
28 106
3 29
94 162
65 80
23 53
109 170
59 136
10 105
71 113
63 69
15 56
132 139
125 141
83 135
71 142
58 169
64 135
42 62
21 147
24 99
122 150
28 45
66 147
50 79
20 142
67 68
54 153
58 60
69 145
13 128
60 89
29 109
8 36
45 135
146 147
103 158
13 91
144 151
92 116
46 99
113 141
15 48
100 162
107 119
79 117
26 39
100 117
127 162
25 133
149 168
80 162
24 72
37 59
57 164
70 78
119 143
97 143
112 166
5 9
67 155
23 86
61 127
118 142
70 142
117 140
119 169
104 112
17 135
34 136
143 147
24 42
64 85
24 163
73 96
15 85
55 144
62 163
48 57
64 171
48 155
30 77
43 78
19 145
72 157
132 158
31 86
46 87
95 161
50 117
140 152
6 59
29 160
51 85
105 145
58 132
48 144
108 128
106 117
152 161
5 164
44 118
19 68
8 155
110 171
38 70
68 73
128 164
17 74
138 153
6 131
44 81
39 48
24 98
31 49
22 171
36 155
82 110
136 169
63 72
32 155
58 139
53 61
0 170
8 172
54 123
52 68
20 63
29 152
6 123
90 100
12 47
39 126
58 100
49 146
4 65
55 88
52 110
78 154
101 147
114 124
65 142
33 43
28 137
75 157
29 142
61 107
114 164
125 172
82 124
96 156
1 53
104 125
15 81
12 121
76 169
61 68
6 148
96 136
3 20
106 147
48 166
0 144
13 45
151 167
93 129
67 136
72 145
98 104
98 118
100 168
92 165
97 110
24 67
71 162
68 172
8 118
104 119
103 113
102 151
30 37
0 23
14 141
37 44
15 40
23 54
15 113
82 171
11 141
8 112
88 162
46 98
85 142
63 139
9 44
100 146
1 146
9 81
28 83
95 122
57 119
46 142
14 135
16 134
76 91
21 22
90 106
69 120
16 107
46 134
120 139
1 100
147 167
32 83
90 102
50 132
63 159
66 68
110 123
13 144
84 151
56 120
39 64
54 61
39 46
129 146
53 168
50 63
126 129
37 95
10 102
5 56
63 125
65 107
6 65
9 144
65 92
37 119
61 128
96 141
35 69
31 60
33 94
25 52
6 158
123 162
53 138
66 126
142 150
18 140
52 130
53 157
58 130
23 141
103 146
82 90
38 50
43 53
9 113
38 88
82 127
107 130
105 125
5 88
79 92
16 18
19 126
15 46
44 106
47 128
51 96
51 171
95 168
103 143
60 168
117 149
153 167
91 95
74 115
46 120
54 145
104 171
30 136
111 127
17 110
154 170
9 111
50 105
89 112
83 157
63 151
16 52
8 88
45 71
115 128
6 51
88 158
2 59
17 128
40 47
8 44
101 146
82 169
35 160
29 78
86 142
38 49
58 63
107 110
2 61
8 82
56 168
22 130
152 172
67 129
118 170
5 50
14 162
111 155
123 149
103 151
34 85
75 108
10 151
42 164
33 58
139 159
54 101
44 70
2 98
70 82
140 170
16 116
107 129
87 147
78 148
99 106
49 126
41 158
82 147
128 151
41 145
49 162
80 120
68 166
7 45
122 136
74 88
6 135
157 159
82 161
74 155
78 151
112 160
26 139
24 150
53 101
116 126
40 163
5 13
135 153
59 145
90 171
18 36
85 146
14 27
11 90
19 146
4 107
72 85
28 43
4 164
76 123
90 140
51 122
10 85
108 137
75 141
41 159
29 159
29 105
71 78
12 111
29 34
55 74
38 76
77 114
29 137
16 97
121 126
45 63
15 51
0 123
39 117
77 84
88 166
88 142
83 170
56 75
29 97
16 172
116 120
7 113
35 151
21 96
19 53
1 77
47 68
47 156
40 123
4 12
93 96
24 110
89 113
35 96
15 38
65 122
87 115
39 98
35 80
166 169
46 131
128 158
37 66
62 84
12 145
81 164
96 163
12 66
34 125
148 170
120 162
15 155
15 28
37 103
44 93
4 45
133 159
90 96
11 83
82 109
72 128
158 163
23 111
31 143
106 138
44 141
25 122
145 157
19 160
13 55
36 122
88 132
0 124
72 150
19 45
46 83
2 134
28 56
22 53
47 99
103 165
116 146
150 166
87 165
51 130
3 71
30 153
0 135
5 82
105 150
93 167
69 86
89 101
65 125
22 163
152 167
42 85
129 166
64 137
48 138
18 68
64 100
53 84
43 73
158 159
79 135
63 137
50 138
43 138
37 163
7 156
140 149
47 163
115 172
52 58
66 78
74 82
2 107
4 112
39 81
112 172
81 119
33 74
37 65
0 116
99 107
66 137
112 165
129 154
15 57
28 35
7 150
168 169
19 54
44 122
44 83
48 153
1 169
5 10
104 142
56 137
112 132
22 142
35 144
37 57
84 122
8 119
67 162
3 34
24 36
124 164
12 15
22 86
2 53
8 162
81 157
27 62
18 90
45 138
10 135
108 118
77 171
48 62
26 88
19 62
1 99
114 151
75 128
141 167
127 168
63 149
86 117
47 76
30 171
16 168
26 27
41 168
51 83
118 161
46 58
17 55
99 143
28 68
90 169
96 155
70 163
55 167
52 172
127 133
19 162
126 172
2 71
78 155
31 65
92 111
0 148
36 140
22 170
3 94
65 120
6 75
124 166
5 126
98 110
125 136
68 81
1 49
27 74
37 137
22 75
16 62
74 120
106 140
46 114
30 51
113 119
29 157
42 139
60 117
5 59
28 59
0 97
23 146
36 123
2 17
137 142
123 166
8 89
104 109
82 118
63 140
114 135
35 109
42 99
4 87
98 140
15 60
131 150
63 78
87 169
44 116
46 86
20 128
127 129
10 37
50 61
55 165
148 162
38 111
104 144
21 98
141 152
28 139
76 94
35 140
1 23
45 103
42 74
42 107
9 50
1 71
30 158
25 42
3 13
33 149
163 168
3 128
81 159
57 74
74 168
115 152
81 136
92 162
145 156
19 165
0 72
45 81
9 151
6 127
81 160
47 148
114 140
0 26
55 141
85 135
39 144
148 169
47 100
120 141
113 162
41 151
1 46
7 171
44 121
29 69
35 93
79 106
23 29
11 84
104 160
11 117
32 105
141 144
3 167
13 168
125 167
63 117
38 130
56 126
64 124
24 89
36 94
5 45
63 105
1 161
12 149
0 134
91 136
32 112
119 162
33 98
33 109
24 71
1 36
41 58
24 94
72 143
40 166
48 53
69 87
43 100
42 166
115 171
8 15
57 127
84 86
92 122
31 81
22 79
47 123
114 149
91 141
10 59
14 87
50 152
57 172
41 137
75 87
29 133
87 162
91 119
68 115
43 67
97 131
51 94
51 144
54 149
24 56
41 110
146 159
19 72
77 145
34 38
19 102
20 67
107 126
132 157
49 110
80 153
3 141
34 70
61 153
28 117
60 133
48 121
138 161
22 135
74 77
23 139
14 168
87 141
105 171
121 131
74 129
64 119
64 164
93 147
1 73
73 129
57 66
123 165
69 126
99 101
22 25
27 125
52 89
12 56
42 81
47 133
77 91
105 121
19 105
27 104
12 45
120 158
40 85
9 51
24 159
76 151
4 145
122 166
35 62
18 118
23 37
93 95
63 123
87 145
141 159
51 154
109 141
15 69
116 129
30 142
61 151
116 117
8 31
83 92
9 159
84 125
141 161
61 94
16 111
67 106
123 126
5 153
43 54
21 129
33 41
85 148
131 159
35 68
9 38
14 125
38 100
90 101
30 155
32 47
62 142
25 90
92 144
1 2
58 83
22 139
157 167
57 106
104 150
103 130
10 49
108 169
100 150
57 137
70 146
44 113
139 141
3 91
15 152
21 137
36 108
16 119
22 30
9 11
125 171
37 123
100 143
11 70
97 102
36 150
75 103
48 66
51 95
38 149
54 147
114 155
49 121
17 54
51 82
169 171
135 166
65 132
34 54
126 133
52 147
95 152
70 164
46 161
26 45
43 64
147 150
56 108
61 119
14 26
101 162
37 62
87 97
130 139
163 171
101 103
22 101
9 148
54 156
40 155
88 117
55 119
44 150
14 65
39 67
110 114
6 96
11 28
78 90
18 85
24 147
145 165
88 137
13 17
62 69
86 170
69 110
142 166
162 171
36 87
12 73
60 82
37 83
8 116
79 168
88 106
110 149
37 54
0 33
29 134
36 79
17 22
68 126
52 103
5 138
22 51
43 139
37 55
2 77
34 115
117 121
73 169
72 98
10 144
124 171
41 171
54 121
45 163
136 158
93 168
108 146
98 155
15 43
61 95
18 147
21 93
23 96
64 77
85 125
17 149
82 104
60 119
80 166
21 167
95 154
66 136
36 110
2 92
61 78
75 100
26 171
14 151
152 165
18 28
35 45
36 90
59 92
7 29
51 166
56 154
81 143
109 167
60 154
4 88
112 122
115 137
22 157
144 163
139 154
40 146
162 167
9 95
109 121
86 159
20 113
43 62
50 154
26 69
47 171
81 133
54 111
30 68
46 59
64 76
39 99
48 76
27 48
88 121
19 90
119 136
66 148
1 67
65 105
25 121
17 126
19 36
21 142
59 135
114 120
19 163
71 131
16 148
52 169
7 167
47 147
56 113
76 147
66 132
22 62
12 137
13 149
105 127
11 36
12 134
109 136
126 153
97 144
3 57
21 89
31 38
68 148
44 85
140 159
42 167
89 100
79 132
37 171
26 28
6 70
71 138
17 111
54 70
11 74
72 151
78 100
15 52
14 90
63 146
24 135
18 55
135 162
6 68
126 166
13 14
74 144
61 100
154 165
94 134
41 46
142 159
93 120
104 153
14 105
0 38
117 168
44 75
6 28
36 62
127 128
61 88
47 90
48 61
0 75
13 106
94 143
114 137
47 89
97 148
91 118
38 89
21 117
62 98
85 102
58 71
60 157
16 20
28 80
41 43
124 156
23 82
53 108
21 153
26 54
61 103
126 163
42 123
135 151
46 110
10 114
15 64
116 121
105 113
102 131
11 39
7 86
3 88
12 129
0 66
43 115
20 75
32 100
92 135
122 155
3 50
39 118
85 107
80 116
79 90
27 89
52 148
1 65
9 66
84 117
131 161
82 103
80 135
10 130
22 65
35 64
14 133
30 157
114 170
68 135
23 87
116 160
123 142
40 75
7 160
105 152
6 18
0 1
118 125
71 155
58 170
60 69
58 105
32 38
21 57
12 87
116 131
64 86
99 151
17 158
113 137
151 172
0 167
62 139
6 101
82 107
24 127
122 142
117 147
165 168
58 140
104 156
61 80
103 141
36 111
