174
4
13696
60
248 2
213 2
209 2
304 4
143 2
265 3
177 3
256 1
239 4
296 2
54 1
67 1
42 4
78 1
269 2
43 1
154 3
272 4
158 5
243 3
158 2
299 1
115 3
139 5
96 2
279 1
91 5
235 1
139 3
163 4
274 4
149 1
66 1
315 2
149 1
177 2
245 5
234 1
220 2
320 4
170 4
74 2
201 4
225 2
54 5
306 2
297 2
202 5
63 4
152 4
226 3
167 5
299 2
277 2
185 4
169 2
74 2
87 5
237 3
318 1
70 4
78 2
68 3
174 1
159 2
317 3
95 4
139 2
93 5
247 3
150 2
103 4
228 1
143 1
148 3
167 4
180 3
114 2
158 1
137 3
104 5
56 3
147 4
271 2
153 1
165 5
245 4
93 1
91 1
302 3
280 4
288 2
159 5
209 3
156 3
177 2
232 2
67 4
67 5
192 4
271 2
210 4
196 1
135 4
247 4
258 3
98 5
159 5
154 1
67 2
77 5
292 3
286 3
71 4
247 3
201 3
241 5
65 1
320 4
213 4
229 2
288 1
285 2
208 3
72 4
283 3
188 2
286 3
136 2
60 4
232 4
254 1
85 5
93 5
234 3
275 3
81 5
72 2
57 3
186 5
88 4
85 1
304 4
58 5
141 5
172 4
78 4
232 2
266 4
57 2
306 3
278 4
58 3
51 1
249 1
187 2
83 1
274 2
182 3
109 3
320 1
118 2
277 2
129 2
104 1
156 5
244 1
240 4
227 3
116 2
239 3
220 2
315 3
49 4
5 6
3 112
22 130
102 172
22 127
34 75
56 93
7 85
6 34
2 12
21 77
109 150
49 102
18 128
7 64
64 86
67 85
44 132
58 100
3 22
151 154
3 64
40 137
61 132
137 143
124 144
55 144
92 106
19 84
113 166
91 170
131 167
3 145
122 139
8 80
32 68
3 118
147 170
53 62
124 137
62 160
106 127
34 45
36 75
8 139
105 139
72 160
95 163
82 123
60 122
78 151
66 113
66 90
96 143
16 97
12 127
135 154
37 116
21 115
1 30
15 29
93 157
46 121
53 129
71 113
100 111
91 127
120 145
15 133
85 87
58 67
35 134
99 115
21 74
116 139
98 147
20 117
25 53
4 90
46 144
76 148
43 83
52 78
30 44
115 135
122 123
57 135
25 76
103 104
141 145
49 103
64 153
78 171
89 109
92 114
79 109
4 98
40 140
29 98
61 154
49 145
36 171
11 161
46 84
81 124
100 158
3 168
33 158
33 61
92 167
85 128
92 113
44 144
10 72
68 157
14 126
42 123
35 51
10 54
62 90
125 129
56 94
75 117
39 167
42 173
39 82
80 120
70 125
0 78
36 66
14 40
3 126
100 131
23 153
15 73
65 108
4 113
71 148
31 54
21 145
98 119
2 105
9 64
133 171
48 91
70 108
51 58
74 104
79 125
103 155
15 39
125 160
50 100
28 129
102 173
55 110
2 81
66 142
96 172
75 167
98 107
102 141
7 149
102 108
40 117
134 143
1 85
17 105
146 172
23 69
1 49
61 172
27 84
11 52
21 25
42 162
50 88
34 148
159 169
82 109
14 56
110 140
41 77
49 123
26 141
41 55
110 166
119 139
23 76
11 60
6 83
69 99
74 86
8 75
52 149
70 147
14 68
17 28
75 144
69 172
12 117
34 104
52 67
135 173
11 158
24 101
113 117
22 105
1 108
33 47
82 138
48 139
35 45
26 38
78 144
24 107
8 88
82 111
70 139
77 84
166 170
143 173
50 140
65 173
18 167
53 148
152 169
157 168
72 87
50 72
127 141
28 131
89 128
16 99
6 136
34 130
91 163
24 67
36 168
3 166
30 94
34 50
106 144
120 156
52 118
30 117
33 162
6 100
4 134
19 133
72 170
92 152
43 108
42 52
131 138
5 28
89 98
12 136
166 172
4 27
46 113
99 131
47 61
58 101
2 169
12 113
53 140
41 103
24 61
36 85
15 57
23 157
8 154
48 94
4 32
97 139
51 84
47 166
25 116
61 74
31 139
83 142
17 73
76 168
101 122
9 96
22 49
126 135
126 130
123 140
82 154
101 142
95 148
48 104
9 92
83 95
52 79
36 49
29 86
92 164
3 33
73 85
68 143
9 38
91 159
32 144
25 28
42 84
7 38
101 109
0 167
27 40
65 102
71 115
67 139
53 78
38 76
11 34
44 54
1 4
102 160
55 81
68 152
104 165
29 124
34 113
6 167
104 160
66 144
75 171
45 91
25 119
32 53
2 7
89 127
17 159
74 123
102 122
45 70
15 51
14 84
40 102
85 113
29 117
83 126
20 76
112 150
59 97
71 73
136 147
24 167
17 130
55 66
52 126
39 92
85 155
23 99
61 110
5 50
62 84
139 164
98 143
17 131
134 163
9 11
77 159
143 145
132 170
22 71
92 108
39 64
38 89
55 70
129 132
34 139
0 9
132 173
4 64
3 31
73 170
1 112
95 124
75 142
29 102
72 139
47 136
145 152
121 124
12 169
61 145
2 15
36 98
44 48
7 11
28 93
100 154
7 95
127 147
64 160
75 134
23 136
9 13
166 167
121 162
23 91
98 132
72 130
32 155
110 130
93 165
107 137
119 137
30 141
17 59
78 139
71 99
104 136
131 172
65 129
45 115
22 92
10 127
20 38
127 131
28 140
0 102
119 172
11 173
60 124
47 81
8 151
162 173
111 163
40 74
40 127
71 164
117 130
40 43
85 118
1 47
123 144
44 138
91 166
20 147
17 26
70 142
28 54
149 165
37 46
64 172
71 106
135 148
114 157
4 144
114 139
84 141
145 159
66 70
84 89
115 152
100 169
93 166
7 98
7 130
69 90
61 152
87 161
51 159
78 155
84 128
25 82
11 23
69 77
39 135
21 144
24 80
59 135
61 138
45 127
100 146
40 173
89 123
71 100
121 167
62 168
9 79
55 57
114 118
75 151
3 90
4 86
48 134
7 58
65 128
101 105
36 58
34 77
143 160
29 111
31 121
21 135
66 83
98 173
41 126
4 138
11 163
58 78
90 135
53 110
104 164
11 167
71 169
105 119
88 172
77 131
118 161
121 153
31 112
3 51
16 86
83 140
127 173
59 60
101 170
36 164
48 86
22 169
12 106
139 162
109 165
13 131
62 83
20 41
85 115
106 133
36 131
44 169
15 165
6 61
73 122
135 143
45 111
73 95
87 125
10 106
1 140
14 50
59 71
76 147
36 128
78 131
108 129
66 89
56 59
44 92
96 145
101 172
8 68
18 80
97 114
126 171
17 119
41 140
140 147
6 98
32 159
43 172
60 99
38 173
41 101
152 153
12 93
31 35
22 62
63 105
68 141
48 159
28 84
0 108
29 146
135 168
92 136
105 165
28 77
10 116
70 134
55 124
43 149
33 155
10 53
27 37
11 103
53 73
28 124
18 25
8 23
2 45
14 80
54 83
112 116
92 95
66 154
67 77
112 115
33 88
88 133
60 71
85 99
102 146
64 70
118 159
71 78
110 142
154 167
121 138
2 125
24 37
51 132
98 105
51 157
95 166
15 64
81 101
16 117
0 49
55 163
54 84
77 139
40 113
21 62
92 155
34 146
13 117
73 123
132 154
117 155
30 154
114 165
51 172
29 107
100 164
5 79
33 150
115 169
13 172
2 173
82 112
35 123
13 102
110 126
73 104
4 122
3 134
84 138
74 76
78 109
41 66
9 101
35 76
114 120
15 125
58 124
108 122
108 120
4 10
29 69
126 147
2 152
121 169
98 163
90 169
60 102
35 106
108 124
164 172
26 58
12 170
134 169
115 154
47 60
51 118
150 173
70 160
52 110
12 86
35 53
94 114
1 93
6 151
104 173
45 158
9 152
5 18
81 85
147 149
18 67
46 154
100 165
105 166
51 70
66 166
112 151
79 138
145 169
47 157
65 127
12 82
59 151
70 86
37 48
37 50
41 164
33 34
58 77
54 87
109 138
36 64
119 164
67 156
60 61
43 109
112 122
17 86
49 53
110 159
25 134
35 96
36 45
77 152
18 77
39 66
43 143
66 153
111 126
46 159
147 151
45 103
96 159
72 145
84 103
14 37
112 170
18 96
90 156
80 111
104 106
43 104
58 110
30 122
8 163
73 88
40 162
97 136
82 98
37 86
90 152
23 39
17 36
30 170
2 61
54 135
83 163
60 136
32 46
11 143
58 149
73 111
16 160
144 172
25 35
89 173
108 148
46 160
77 169
78 136
19 157
36 68
71 109
94 156
6 7
24 41
20 75
18 108
51 146
127 158
122 173
43 81
21 48
110 173
20 61
41 125
5 65
120 160
41 104
56 86
93 142
72 116
13 106
3 93
21 146
82 134
40 47
23 135
23 44
108 114
107 148
2 3
88 163
55 108
22 47
17 128
25 44
13 64
15 17
93 159
82 160
59 74
55 85
93 152
130 154
120 143
42 136
13 45
28 87
61 163
101 116
102 154
90 120
30 137
54 128
99 173
26 83
43 58
20 79
37 44
2 56
14 154
2 100
6 121
20 149
21 96
90 101
26 155
0 91
19 41
21 27
11 58
88 95
47 152
72 117
16 102
8 28
11 148
2 82
28 97
24 134
5 114
6 96
18 28
17 21
88 103
49 91
44 107
32 133
3 152
3 154
64 128
56 79
12 165
4 89
3 142
14 102
128 159
55 156
10 123
75 91
20 97
92 147
75 122
30 157
35 108
84 173
126 144
77 91
48 167
81 128
74 114
6 109
13 60
19 166
25 79
111 130
130 166
116 155
80 146
26 101
114 166
0 135
29 78
12 28
97 164
40 114
100 113
56 138
34 133
43 118
92 170
37 148
6 14
45 113
101 123
55 138
50 130
22 124
50 85
143 163
0 37
41 89
65 160
67 149
80 112
75 104
44 99
42 44
15 80
74 172
46 74
38 70
15 112
68 84
11 124
127 135
13 17
53 157
162 165
24 59
38 159
92 158
138 142
133 138
153 165
35 60
27 154
1 156
72 143
46 102
0 39
117 161
8 67
45 167
93 119
88 93
10 45
15 141
65 126
15 115
33 56
20 105
62 101
136 166
6 159
21 52
99 164
9 34
26 140
6 160
31 159
124 152
44 159
80 166
49 55
60 130
10 146
17 143
4 77
34 43
39 172
84 120
10 117
122 124
47 140
10 154
28 101
138 141
26 98
36 162
65 161
63 91
9 42
135 137
4 7
34 89
102 138
124 167
154 170
78 159
12 121
45 131
73 83
81 116
54 162
65 171
110 151
8 11
16 149
44 70
51 92
144 161
6 116
41 46
103 160
66 133
89 141
86 171
24 63
115 158
52 90
36 154
11 24
35 140
13 49
95 153
101 107
27 35
109 161
101 133
86 147
33 137
60 163
32 106
38 67
16 120
13 38
6 156
20 114
54 124
58 83
105 108
34 74
24 28
22 38
15 152
152 159
2 68
60 153
84 134
21 58
123 164
69 147
29 53
87 168
22 41
63 116
39 171
61 112
55 160
14 144
46 101
43 114
24 137
68 129
18 38
12 68
80 121
20 90
18 130
82 164
9 116
39 157
29 172
3 4
8 111
2 158
5 54
17 44
82 166
8 105
115 132
32 108
15 161
55 122
66 162
8 157
23 150
27 31
119 163
60 133
152 172
41 127
67 68
118 150
120 152
66 157
24 33
7 36
100 101
51 81
18 81
161 172
104 133
38 113
78 91
60 173
106 143
101 149
139 142
94 123
125 145
48 119
2 109
132 161
59 156
124 149
45 124
133 144
2 28
8 95
70 76
34 118
32 79
107 152
2 127
22 150
70 117
59 69
154 171
31 161
18 93
11 113
47 116
9 36
5 107
137 139
112 141
36 54
56 61
5 134
115 125
130 145
109 146
24 73
22 122
12 171
50 142
110 146
58 131
13 76
23 95
0 97
127 136
2 33
107 168
44 83
146 149
32 137
129 142
29 103
51 119
33 45
71 133
8 9
97 163
83 150
32 75
98 104
73 127
57 125
1 45
75 93
44 135
30 142
62 97
44 145
18 153
146 163
54 88
73 135
60 86
97 140
25 94
122 142
88 114
81 96
9 62
29 143
14 73
125 146
147 158
55 126
89 150
44 153
16 52
99 161
102 124
19 130
43 115
90 112
25 171
75 143
64 88
19 134
69 139
106 112
115 165
46 152
28 91
29 148
48 90
31 164
27 39
86 151
9 17
116 159
5 34
80 127
81 122
24 164
22 26
57 65
15 41
62 128
80 105
85 120
19 94
18 113
14 135
55 102
0 132
37 162
41 65
67 151
55 87
91 129
121 147
5 137
72 156
0 73
67 144
23 72
124 166
5 113
81 98
148 159
25 102
28 162
163 164
33 86
5 83
143 154
78 117
76 166
108 172
57 138
94 111
155 159
61 150
34 103
59 119
59 124
85 119
28 63
64 161
34 36
73 125
115 119
25 140
95 164
152 170
28 61
90 150
91 105
94 103
70 100
66 167
102 104
66 108
81 82
119 138
13 144
40 56
156 170
43 97
26 49
88 161
57 172
74 96
38 69
70 111
116 171
66 168
10 35
21 56
149 163
85 137
68 172
53 89
85 131
45 77
47 164
63 127
28 118
0 47
111 173
17 45
111 159
112 169
81 166
60 170
29 80
7 10
104 130
24 151
0 34
104 150
54 111
139 165
66 141
43 95
2 91
74 75
92 115
93 110
99 151
38 105
110 125
35 142
12 142
97 168
114 171
99 117
92 121
90 170
44 81
78 145
3 144
103 118
24 122
29 167
16 82
52 123
20 50
63 125
38 40
5 14
152 173
22 86
39 139
78 105
114 143
8 37
28 111
134 140
56 119
84 106
16 73
69 89
44 95
104 139
48 88
50 148
115 156
38 120
4 168
46 173
15 60
54 93
27 82
100 115
125 163
134 146
118 124
77 102
73 82
101 103
32 105
25 132
58 127
22 36
34 94
37 81
67 69
39 134
0 146
9 161
93 128
15 127
82 126
44 98
82 104
12 37
123 167
123 151
85 168
7 117
79 173
54 55
22 90
67 165
63 95
69 170
86 129
30 71
41 165
39 73
16 33
59 98
130 139
33 57
58 170
151 157
12 109
6 17
69 150
20 156
39 46
16 113
2 35
121 140
17 37
52 92
90 128
83 128
73 158
1 83
23 110
5 95
33 118
45 168
60 89
53 67
70 93
23 64
64 147
6 12
64 92
49 106
45 169
41 58
105 131
67 107
57 116
155 156
73 114
7 75
110 111
25 127
12 166
82 113
31 90
61 171
2 141
73 97
16 147
93 154
50 146
50 55
46 51
78 168
35 80
66 132
49 81
73 172
70 106
77 157
68 82
34 70
48 133
31 119
80 88
17 111
83 122
50 137
14 90
81 113
31 47
3 21
61 161
29 87
22 33
59 116
116 149
76 144
88 160
81 153
9 158
30 125
25 34
45 104
103 120
90 172
12 34
47 75
96 142
122 156
134 147
15 48
57 80
41 94
19 70
80 152
168 172
69 105
25 107
91 150
72 173
58 95
10 125
28 117
108 112
37 155
110 131
39 108
25 66
83 159
103 117
42 120
131 161
26 50
61 95
81 109
12 65
6 46
11 42
54 165
9 67
16 56
93 141
26 113
97 146
139 147
53 84
68 128
25 129
91 153
32 110
55 99
69 91
10 88
82 147
80 173
100 130
121 166
71 118
106 126
33 90
13 88
24 88
28 46
113 144
10 157
53 100
78 93
37 118
16 40
75 78
72 98
8 99
75 106
96 105
44 158
157 171
66 172
63 94
7 92
5 94
50 133
44 123
6 104
29 132
83 93
117 122
29 168
76 107
58 61
130 169
93 96
85 132
4 173
2 27
56 62
134 152
32 122
4 114
29 170
9 154
75 155
92 105
16 122
56 145
35 86
100 160
17 38
83 103
27 170
113 157
84 118
137 147
100 123
49 57
114 123
22 73
121 151
9 110
122 153
106 129
1 41
76 135
64 169
51 74
64 68
61 70
160 165
30 128
142 166
88 112
105 122
103 157
95 108
11 140
134 160
41 155
120 148
109 155
99 143
20 34
76 145
14 17
2 103
87 145
35 88
113 155
68 127
111 141
84 159
94 119
132 135
52 56
9 145
64 168
100 127
105 156
50 115
91 110
18 149
41 148
3 143
86 96
96 169
11 54
80 106
113 163
156 159
69 126
87 104
0 124
85 112
112 148
74 129
17 150
4 167
88 118
118 144
63 151
94 110
24 119
85 169
42 49
59 164
32 35
64 71
149 161
61 168
14 112
6 122
15 134
103 162
92 107
76 154
0 25
120 146
62 139
12 161
52 158
115 153
21 157
33 38
6 54
108 143
40 95
80 83
49 72
34 78
48 95
6 70
88 109
45 136
29 36
7 147
26 72
22 56
48 73
32 91
37 90
42 94
92 103
99 111
79 143
39 42
38 112
12 31
23 68
161 165
14 29
52 87
13 136
23 57
126 137
42 134
24 50
125 169
97 123
152 166
24 118
8 165
1 170
1 104
128 172
14 66
20 87
27 100
64 127
108 159
133 162
56 98
79 97
92 117
143 165
50 144
39 74
6 157
91 156
98 157
3 80
63 143
69 96
55 80
149 173
13 137
76 97
21 38
38 115
13 36
36 97
19 87
5 57
149 170
14 31
39 50
147 171
33 75
90 111
60 68
19 24
107 171
86 143
41 138
95 109
31 71
48 108
62 63
73 161
47 149
20 63
31 89
103 169
47 93
114 160
21 149
38 90
111 151
42 105
14 72
87 118
60 116
69 166
37 68
4 108
43 70
42 90
67 81
82 103
42 104
37 74
92 93
3 147
101 138
29 66
60 156
63 166
74 91
52 117
131 143
129 137
27 131
64 170
26 93
54 105
30 129
4 147
106 111
104 120
75 86
10 97
35 82
63 163
43 102
96 131
81 162
46 115
111 157
80 172
37 167
81 165
54 61
133 170
54 136
121 139
2 130
2 64
120 124
94 104
69 118
2 32
122 149
147 172
80 98
59 160
88 99
34 151
48 62
84 172
49 141
39 161
9 169
27 52
80 134
144 155
51 93
28 152
102 134
22 27
46 63
127 146
25 90
66 81
13 111
95 103
76 109
22 85
138 161
99 147
6 35
25 162
4 71
11 15
19 97
81 172
7 53
125 162
68 132
60 76
45 144
89 111
46 162
9 164
49 54
103 136
17 49
95 141
20 141
40 129
122 162
133 173
9 57
83 119
94 148
112 137
92 119
126 152
37 49
121 123
4 153
19 53
96 147
37 96
10 167
105 148
5 145
88 94
124 173
7 172
73 169
1 105
10 64
20 92
53 66
117 144
15 149
85 109
55 59
72 154
113 141
4 172
12 107
20 78
128 157
94 146
72 83
27 79
128 152
43 166
51 145
114 169
42 55
8 22
2 55
84 153
77 112
12 157
27 130
36 117
58 85
75 169
54 122
50 165
130 136
67 152
38 68
14 77
3 172
148 153
57 137
3 43
67 117
24 141
12 91
26 137
30 59
45 125
69 127
54 139
32 116
69 115
148 173
7 102
78 142
56 154
11 96
63 98
4 56
114 121
88 142
125 158
154 166
55 106
102 170
117 133
68 76
91 125
10 151
40 148
141 151
0 93
99 133
64 135
11 159
53 93
97 167
17 156
32 143
61 125
53 80
31 45
106 145
45 147
80 96
117 140
56 152
76 126
94 139
106 151
41 78
47 163
36 148
50 53
119 134
89 139
20 128
76 100
7 159
61 94
14 113
24 104
52 60
44 109
85 104
33 141
10 135
95 139
124 159
8 143
53 147
79 153
62 129
1 133
14 118
77 87
37 158
79 168
88 111
68 144
108 127
11 70
55 131
46 85
20 83
44 111
29 169
35 63
37 111
100 147
36 52
54 106
55 152
148 155
12 123
52 165
12 49
10 52
65 86
112 117
128 161
12 138
50 93
123 124
44 141
52 116
27 108
34 101
33 145
49 99
24 170
24 100
45 159
30 108
106 119
72 166
22 46
22 108
23 52
135 164
13 165
69 125
47 68
17 18
7 166
40 96
90 163
51 126
98 125
47 74
50 90
132 156
1 10
36 127
35 97
63 109
12 17
10 142
79 150
28 50
44 49
3 36
30 158
124 157
35 162
35 56
35 64
54 146
58 147
52 136
116 161
31 86
51 134
46 60
126 142
156 168
4 13
117 127
56 106
24 65
81 84
8 60
51 108
11 72
116 123
104 121
49 134
58 86
151 168
85 102
5 166
47 57
18 98
53 156
50 126
8 27
156 166
61 93
36 43
12 25
26 164
45 110
50 173
61 88
76 146
150 159
122 132
92 153
85 123
17 66
32 119
79 129
83 170
168 171
10 21
80 108
11 61
50 124
39 80
32 131
77 168
11 12
111 135
123 136
61 115
99 102
15 40
72 151
143 170
63 122
6 162
124 155
2 76
25 85
29 74
80 149
59 153
125 167
73 93
95 127
15 88
13 127
0 152
57 67
116 148
40 66
5 38
84 101
26 103
43 57
78 119
74 137
40 93
96 112
103 146
113 139
57 115
70 80
42 127
68 85
18 156
124 168
60 113
51 137
104 154
9 94
103 113
75 85
4 124
21 140
99 162
109 111
24 78
150 157
41 168
91 152
131 155
33 105
116 129
31 127
13 146
32 147
29 45
102 148
60 80
42 149
110 122
7 32
69 141
27 160
6 36
35 143
32 114
67 71
146 173
4 166
8 79
2 98
132 134
16 170
62 110
14 153
14 105
41 95
16 100
20 131
53 56
103 148
93 133
92 126
148 172
5 26
16 139
8 10
134 153
128 162
57 113
24 158
1 159
62 159
62 166
115 118
36 147
26 52
19 83
80 142
6 128
45 149
3 161
64 158
93 115
25 121
54 104
59 149
91 138
52 128
32 97
9 59
35 120
78 92
33 50
19 158
20 168
16 21
80 119
85 152
57 101
42 74
92 120
83 108
21 46
16 20
81 167
37 150
21 40
32 102
3 9
40 170
105 135
6 115
21 121
14 101
144 171
23 137
26 139
78 102
17 136
131 134
59 173
35 150
20 58
58 137
25 40
73 102
40 51
112 121
111 170
57 112
98 167
99 105
124 150
82 171
1 13
24 116
103 161
157 166
114 155
32 36
86 115
25 135
12 50
83 137
132 133
59 166
51 97
125 126
57 162
4 103
27 86
14 61
18 90
65 172
35 155
68 93
22 75
55 63
111 171
8 116
122 159
18 65
94 150
107 163
28 102
55 65
25 38
146 147
80 138
37 63
63 132
69 122
92 94
50 153
36 99
11 45
20 170
21 147
9 87
22 97
20 126
23 109
5 115
135 153
23 96
68 87
49 50
18 170
65 121
150 151
95 152
10 84
73 160
2 30
20 57
100 125
20 59
13 150
9 162
112 139
79 147
151 155
14 19
30 173
8 17
72 100
140 161
3 68
57 59
27 125
63 75
2 62
42 155
54 144
16 46
4 43
36 120
131 137
64 173
34 129
12 96
39 57
97 169
33 153
155 164
22 114
3 38
14 119
31 137
111 118
83 117
49 124
168 173
71 123
9 131
60 69
107 112
39 91
43 170
27 69
80 150
50 114
28 172
67 118
13 156
33 102
23 81
27 58
68 83
63 168
97 158
58 121
94 109
8 59
27 96
108 160
48 169
28 163
134 162
46 125
121 158
16 136
55 169
17 103
38 172
79 136
103 134
31 77
101 163
56 118
21 43
51 98
69 162
96 163
25 61
0 72
35 141
50 59
50 120
48 160
22 115
73 153
134 166
8 103
21 134
30 113
67 109
104 132
65 66
38 133
66 80
87 122
86 120
87 121
58 164
81 140
23 49
60 78
108 162
2 46
16 119
46 72
59 125
41 109
66 126
32 139
75 100
83 133
15 61
57 97
90 147
99 168
75 107
14 63
53 71
113 125
37 164
108 115
37 134
38 135
97 137
50 169
48 156
35 47
10 165
0 133
29 151
112 125
139 171
77 101
5 52
88 116
61 133
123 127
24 156
114 150
12 120
60 72
50 95
79 156
12 14
1 152
3 12
39 147
70 84
37 119
87 140
96 150
94 107
81 168
40 122
154 161
76 105
16 41
9 126
9 149
122 170
39 118
84 117
82 141
27 138
94 120
95 136
19 76
91 104
150 168
17 33
46 164
79 158
9 147
50 131
34 107
26 99
76 170
3 133
20 70
31 118
107 149
58 109
137 156
113 147
7 87
52 159
14 53
57 150
124 170
31 138
29 58
5 118
38 96
46 129
29 138
17 56
129 173
6 158
49 76
36 116
68 71
109 156
125 157
94 126
81 127
55 147
125 173
112 134
101 115
19 23
92 131
30 99
20 109
17 51
64 136
154 169
161 173
98 148
50 129
76 104
6 85
9 123
28 57
43 157
97 132
39 58
72 125
3 91
63 130
56 165
17 160
135 142
66 127
60 127
104 144
53 165
83 114
89 108
92 129
47 158
9 32
1 141
81 90
39 142
12 146
85 146
91 113
25 99
1 122
73 144
99 165
121 142
13 152
21 31
106 113
76 80
31 148
68 91
15 55
10 153
17 99
113 150
104 122
103 108
84 113
123 162
89 137
96 126
57 100
10 145
60 106
42 137
45 109
127 172
30 107
163 172
12 72
99 108
6 81
113 116
44 125
56 96
13 93
130 152
67 169
71 81
122 160
61 141
137 148
14 114
56 167
86 138
1 82
39 70
13 87
23 59
78 101
43 78
13 108
111 133
83 92
0 15
90 164
1 171
134 171
105 130
5 31
46 54
83 145
140 163
0 158
89 152
71 145
27 59
36 149
45 53
54 63
30 133
3 137
157 173
5 21
59 72
102 163
161 167
102 114
30 104
90 100
27 163
0 31
127 164
119 133
48 171
55 67
1 15
26 70
78 114
65 135
80 158
74 80
7 133
26 44
112 155
31 64
10 128
60 115
30 171
14 69
107 140
56 166
120 167
46 157
60 152
149 150
62 81
95 154
103 135
0 116
1 160
49 146
72 95
70 137
142 173
79 155
141 158
92 163
123 168
19 112
44 86
69 95
3 162
56 69
133 136
77 96
103 121
12 78
49 77
51 105
152 163
127 150
4 171
62 171
130 137
29 77
2 48
39 115
9 167
74 162
5 9
52 171
101 158
39 102
3 5
7 141
29 50
56 83
42 118
19 143
92 122
26 56
77 121
3 50
112 158
73 141
32 157
5 150
25 78
52 54
79 118
57 58
73 108
49 90
75 170
5 101
15 135
64 132
60 123
7 86
40 123
105 120
50 109
78 96
23 122
26 86
26 106
91 167
102 133
77 172
0 154
24 91
50 105
33 74
40 61
88 89
88 108
151 169
86 117
98 122
16 135
18 85
16 39
4 142
60 97
107 164
38 114
31 141
47 155
71 142
19 40
36 132
27 49
53 167
0 3
136 164
63 147
118 154
81 150
96 139
47 65
60 101
44 143
22 50
9 120
46 134
8 170
41 137
98 136
57 158
26 71
90 115
147 166
45 151
43 75
144 146
107 114
23 112
101 111
83 162
39 72
100 141
29 85
87 98
113 156
118 160
86 170
87 163
85 154
97 104
0 29
22 166
140 153
7 97
150 161
10 34
73 126
95 158
42 161
131 144
105 125
14 164
149 155
9 115
7 125
26 157
103 168
64 85
93 108
0 89
22 30
67 125
6 144
113 164
0 172
21 49
7 55
55 132
17 121
37 87
96 107
18 23
135 157
1 92
123 137
13 164
7 26
95 135
68 121
95 149
95 170
54 159
51 123
36 133
88 156
82 119
113 162
10 121
59 154
23 131
116 163
103 173
40 60
22 173
73 77
81 139
53 138
167 169
38 41
86 146
41 42
45 100
93 172
100 129
39 99
53 161
55 104
32 136
68 166
87 172
15 76
30 140
84 144
57 76
37 39
85 98
49 139
26 45
4 41
19 117
87 157
50 136
79 82
68 142
21 64
116 173
84 145
84 92
12 59
53 60
1 23
40 79
22 29
79 130
74 83
119 166
18 127
37 149
21 70
90 143
19 89
114 126
28 134
118 119
70 171
57 90
17 106
48 76
103 116
6 87
31 69
19 48
47 148
22 144
83 135
81 171
85 95
118 165
13 123
9 117
57 75
3 158
106 171
6 39
154 159
21 94
46 86
70 82
44 100
64 101
27 166
10 69
74 107
139 156
47 147
69 156
15 150
61 159
20 162
93 105
35 84
1 79
112 127
74 93
118 168
78 116
58 130
64 139
95 150
9 122
109 159
170 173
36 119
126 160
2 157
25 62
150 166
64 110
6 72
31 53
2 19
45 122
2 86
2 65
90 110
57 123
112 113
2 136
12 139
7 39
102 132
90 160
53 162
118 122
91 130
32 170
40 90
137 141
83 152
32 34
135 172
7 27
46 118
124 141
56 120
112 157
33 139
11 131
8 133
75 173
8 15
5 32
30 54
128 148
9 55
74 161
12 81
112 142
8 128
127 170
2 49
31 96
67 120
9 107
5 128
98 172
3 128
83 98
24 26
94 98
52 160
60 137
7 165
49 137
122 130
17 76
128 139
68 162
9 33
91 136
116 121
54 154
12 172
72 136
8 142
30 75
115 117
35 78
112 119
122 148
11 104
42 152
20 160
6 31
99 103
0 113
110 163
65 91
23 27
64 108
75 109
74 89
111 145
101 108
13 51
37 85
47 118
29 83
79 133
26 81
87 131
15 104
95 121
27 53
97 141
141 160
50 163
13 33
20 106
60 157
112 133
7 80
104 138
60 105
37 75
29 65
56 101
32 167
136 162
9 100
4 97
116 168
36 160
47 169
65 122
62 115
158 159
29 147
108 135
112 164
75 165
28 98
45 71
60 139
66 134
103 129
134 165
4 156
115 129
101 136
18 20
54 60
38 50
31 65
129 136
30 39
54 133
50 149
47 104
76 117
65 84
43 136
38 55
13 147
55 172
90 144
9 140
48 87
98 111
27 66
21 32
147 168
23 29
21 162
21 119
31 78
113 140
115 157
96 153
99 135
60 114
99 166
35 126
16 31
89 124
13 65
23 67
112 135
158 166
62 66
122 150
119 170
60 143
40 76
89 146
42 166
26 114
128 146
53 116
131 165
109 157
24 114
109 126
33 147
8 54
41 85
130 147
110 133
52 88
62 104
30 50
27 54
30 120
39 146
73 155
31 165
63 85
50 160
47 62
25 83
64 93
66 72
4 100
19 80
97 130
83 97
7 43
14 89
69 163
9 128
15 107
80 126
89 118
28 62
43 146
94 173
104 126
5 20
16 66
16 45
75 111
77 111
83 160
109 135
14 150
0 170
25 156
76 161
4 84
133 154
29 76
5 158
46 49
62 108
40 136
39 47
26 88
9 146
17 124
42 79
3 106
18 105
103 105
26 153
53 127
38 98
48 52
16 156
1 11
1 123
24 112
69 72
19 122
55 171
37 107
18 50
14 44
52 135
53 92
10 90
12 73
6 62
75 136
120 151
71 172
0 22
153 162
42 81
102 113
33 107
42 64
0 85
40 58
49 162
26 55
22 118
6 57
22 160
54 130
23 168
36 145
145 172
18 44
2 113
16 44
27 60
2 162
30 132
15 65
133 159
19 46
7 16
50 145
84 161
5 116
42 53
110 169
76 143
20 161
50 57
5 122
50 76
62 89
7 33
18 145
25 106
31 99
56 77
25 151
91 102
4 79
12 158
55 116
13 118
25 126
5 149
132 146
6 148
68 151
94 145
45 116
13 126
149 153
71 131
148 167
47 122
2 99
12 133
124 125
44 120
23 140
149 167
8 83
116 117
85 130
36 144
0 161
79 170
37 131
76 123
49 51
95 169
24 89
92 135
18 61
12 160
63 83
65 133
37 163
53 143
24 31
104 161
78 115
28 33
16 152
47 53
52 173
55 141
68 140
32 124
24 149
72 129
7 157
10 111
1 46
48 65
50 70
6 173
71 130
120 131
54 58
32 153
2 85
91 145
11 31
80 161
41 172
84 85
12 173
20 127
167 170
48 115
26 149
89 166
104 151
43 128
16 133
55 60
27 36
44 173
73 139
23 145
108 132
14 156
51 101
9 160
13 134
139 145
24 62
103 114
79 105
45 121
16 164
41 154
16 143
66 102
77 133
47 91
66 118
16 116
61 68
56 156
66 97
109 152
101 151
11 84
30 89
24 46
78 130
1 165
79 148
97 151
65 96
26 147
71 89
102 171
36 142
138 139
45 172
10 152
141 149
56 149
100 140
124 134
34 44
47 96
43 130
104 129
19 86
73 79
51 109
43 59
13 22
29 154
12 71
73 137
106 170
50 91
22 91
48 147
45 129
17 57
13 62
120 165
19 54
63 70
77 128
135 166
106 132
53 86
120 154
47 110
42 83
11 149
103 128
49 75
8 141
10 91
28 69
8 93
53 158
59 134
10 83
3 122
32 77
40 67
63 96
33 115
74 136
119 124
28 133
74 133
20 140
18 136
11 76
63 73
8 53
100 148
48 137
30 165
5 84
5 142
23 170
1 9
83 116
80 109
97 150
77 110
69 159
23 139
10 159
20 154
38 71
32 66
7 101
54 158
53 171
8 155
42 89
3 60
82 158
3 96
62 80
26 116
153 157
38 80
28 161
116 142
5 152
125 165
95 155
41 106
100 133
118 169
62 126
61 72
4 93
19 50
2 170
42 143
27 74
96 146
68 80
48 126
11 26
1 52
76 172
7 22
11 111
86 169
17 109
106 140
10 141
127 152
47 131
12 22
53 70
0 32
151 162
19 27
70 122
32 59
13 70
7 40
27 83
36 89
11 64
27 97
26 29
30 152
96 140
42 159
1 114
104 171
9 14
1 36
41 105
122 171
14 86
49 105
62 142
39 88
71 76
10 156
11 55
80 107
74 142
20 84
69 155
36 90
38 59
23 65
27 107
80 102
41 57
6 146
70 109
67 114
116 128
25 30
27 121
62 64
25 169
18 121
5 81
0 92
11 137
5 165
109 149
14 147
111 132
76 130
112 173
85 172
50 157
22 52
79 112
53 85
40 52
91 140
161 166
76 90
92 169
50 103
45 153
31 160
41 158
149 162
32 48
64 167
42 160
34 63
68 158
2 164
49 153
48 118
16 163
14 127
4 31
40 75
49 92
47 126
119 129
67 155
32 109
9 10
61 76
123 161
48 170
116 172
138 145
106 137
37 70
16 19
88 123
62 105
71 116
17 85
71 112
18 31
13 101
11 27
98 118
107 143
20 62
24 125
50 158
46 110
34 137
40 121
24 135
103 172
35 94
53 68
28 32
65 106
22 133
45 50
85 171
41 97
65 88
111 129
2 52
47 137
59 106
33 59
59 131
97 149
38 136
124 127
29 34
100 109
51 96
29 121
133 148
57 149
90 124
44 97
108 136
78 170
55 88
53 117
88 164
9 119
111 168
48 72
19 149
47 106
52 73
106 107
84 122
61 92
15 38
23 42
53 102
65 80
49 110
77 116
60 166
28 104
100 150
59 93
91 158
114 142
11 171
10 47
100 118
130 161
73 110
136 149
40 87
3 53
83 143
62 77
31 109
117 135
19 151
141 153
2 132
52 80
24 34
91 109
49 147
8 65
66 106
95 138
31 134
21 97
68 131
20 101
120 157
107 138
120 155
144 160
49 120
120 137
50 96
75 113
17 144
122 135
35 136
84 169
19 138
79 114
46 67
104 153
14 139
5 173
44 122
42 63
44 58
19 29
18 54
14 108
62 165
2 40
36 38
39 43
150 158
20 28
12 126
15 118
96 164
70 107
67 89
80 151
16 23
18 84
59 89
11 107
87 139
79 141
80 160
151 152
86 135
30 139
143 169
86 150
61 81
162 169
60 135
63 102
9 12
141 148
79 113
12 55
4 28
21 155
13 140
89 110
155 163
172 173
9 102
30 53
0 10
106 168
103 140
58 75
9 56
93 123
31 149
33 82
49 166
26 110
75 125
132 140
76 129
63 104
82 149
95 172
30 65
40 110
70 156
19 173
106 148
62 122
38 52
61 100
75 95
27 147
38 47
113 128
4 5
67 73
25 113
25 110
125 130
0 103
63 81
43 155
23 73
10 103
56 162
35 92
21 159
52 156
45 107
53 112
40 111
27 103
67 138
87 136
12 168
21 111
150 162
105 138
40 94
11 109
105 159
70 102
1 39
143 152
71 138
21 171
63 156
1 164
11 39
95 104
88 102
43 161
126 131
134 149
142 143
25 153
6 153
130 168
13 56
17 39
52 132
20 163
62 125
70 146
1 71
67 148
51 80
10 11
9 151
61 158
51 165
4 16
16 27
14 57
27 126
90 130
143 159
2 123
13 78
160 173
135 169
111 152
39 125
73 163
105 146
72 79
147 154
13 163
137 155
92 159
93 139
81 135
3 70
11 101
89 155
12 131
127 133
94 153
72 172
107 172
109 110
13 90
78 150
21 127
29 71
104 143
77 136
105 170
40 68
5 75
8 85
66 165
142 156
23 116
48 143
85 125
121 125
39 100
87 158
3 156
106 109
94 102
66 170
102 156
3 77
79 122
76 83
65 94
29 155
26 65
86 91
152 154
14 157
31 41
61 106
40 128
31 123
52 113
122 158
18 26
23 171
15 36
107 135
35 39
67 157
7 109
40 116
12 145
152 167
16 126
10 108
13 23
42 80
0 74
72 141
51 168
29 44
78 84
50 98
24 168
65 76
124 151
2 11
5 96
38 93
5 130
103 125
68 134
158 169
28 37
153 156
17 47
26 90
105 168
62 134
41 88
90 94
84 132
61 62
18 19
89 125
22 123
141 154
48 68
125 155
13 75
36 109
88 117
105 115
25 81
67 115
91 107
3 71
73 154
70 172
46 82
0 131
12 103
107 173
53 105
59 170
131 148
54 78
42 119
16 166
157 165
30 76
48 149
22 111
4 51
19 30
101 110
10 26
102 147
44 172
34 152
100 132
70 158
35 115
37 94
4 45
101 147
90 139
25 58
30 166
46 149
58 143
10 30
18 129
79 119
11 120
160 162
12 89
82 120
19 42
125 147
131 140
54 123
63 164
49 88
95 140
1 25
43 173
149 157
127 169
57 84
94 140
93 168
103 142
32 142
52 157
40 108
6 161
56 129
163 165
93 117
76 138
63 131
29 63
132 163
44 149
109 133
26 51
15 33
10 138
42 106
22 74
114 159
76 86
105 157
86 155
4 159
17 157
22 129
50 108
55 84
101 120
6 20
63 120
78 90
48 111
92 112
132 143
93 127
66 79
8 21
44 85
14 58
124 146
122 138
71 85
132 148
70 140
151 171
115 143
35 66
122 128
73 101
48 150
34 121
17 104
30 147
91 168
96 111
38 57
27 87
30 110
125 134
86 101
82 161
31 167
118 164
5 47
66 77
120 149
4 17
94 96
5 112
58 119
20 56
67 84
80 91
29 93
46 91
56 57
2 22
34 80
10 133
133 147
112 128
76 116
28 83
4 140
47 141
97 165
123 157
58 62
79 171
55 56
145 150
127 161
125 141
20 102
69 144
4 82
97 112
118 134
37 62
60 151
78 169
1 68
29 118
7 136
29 67
126 146
34 46
129 170
129 168
119 162
1 167
84 98
46 116
28 56
1 101
22 98
19 64
140 172
83 94
7 76
54 132
39 153
90 122
116 124
37 132
53 109
39 155
82 173
67 130
18 150
115 164
141 162
9 82
54 169
57 63
96 99
40 115
20 66
107 158
45 118
17 163
85 153
61 146
120 150
3 163
15 82
22 140
91 162
2 50
111 137
55 167
45 94
31 68
61 170
35 159
26 142
28 149
71 128
3 155
41 112
11 123
2 134
30 90
137 163
29 126
24 132
119 126
41 90
108 145
51 158
10 102
3 8
1 56
67 82
28 130
125 142
15 151
37 124
4 133
21 136
138 173
41 134
42 73
86 167
19 163
58 145
6 170
96 113
34 134
76 140
28 106
17 161
48 127
14 18
72 76
88 113
0 56
24 93
45 114
22 154
106 120
15 49
4 150
89 145
42 68
32 60
2 59
17 135
9 54
138 152
38 125
9 136
87 96
20 99
83 90
109 153
49 163
73 81
52 77
165 167
100 152
21 141
41 114
120 127
123 135
136 160
21 87
89 142
61 75
65 120
19 152
24 113
5 164
44 152
0 27
12 42
49 154
1 54
4 165
80 92
64 146
36 105
48 101
39 49
69 81
121 148
16 70
63 74
48 60
13 107
53 119
21 156
61 142
101 162
64 149
33 92
71 141
20 73
19 161
84 129
137 164
83 167
13 28
38 54
33 53
55 73
109 127
80 82
9 47
62 78
79 120
108 169
81 138
41 63
113 129
88 130
116 125
2 121
118 151
68 161
87 134
5 7
5 155
97 154
88 143
126 170
19 49
78 120
0 83
70 121
43 90
81 134
12 27
1 70
68 149
75 172
44 108
9 125
18 163
19 140
52 63
0 54
153 164
6 102
130 138
65 101
77 89
14 155
6 101
29 97
9 133
148 165
81 87
25 96
70 150
89 161
117 152
68 75
70 120
35 77
9 68
11 151
6 65
1 34
104 127
26 92
32 166
7 104
93 160
45 59
8 136
64 79
7 108
47 76
17 74
1 78
87 117
101 146
33 97
8 43
49 130
29 61
68 73
17 65
22 102
37 166
22 139
10 28
38 94
120 130
47 56
14 123
42 43
20 69
117 158
6 13
32 95
11 73
71 83
128 149
8 12
27 171
55 148
52 95
47 121
5 73
51 52
0 55
16 54
35 49
26 97
98 164
86 103
12 36
87 141
150 169
4 23
96 161
34 157
17 158
34 131
30 156
64 69
20 132
27 50
58 152
97 100
53 104
81 121
77 109
5 56
54 73
112 144
67 135
66 151
39 159
76 93
128 135
108 119
99 128
18 118
152 164
31 98
138 165
6 37
20 55
63 89
19 115
42 67
70 119
140 150
57 71
46 169
108 141
92 124
47 125
55 94
28 60
131 154
98 115
7 150
24 126
87 130
30 145
60 64
84 152
23 130
49 67
67 72
148 164
9 97
45 150
157 170
91 133
9 77
110 129
106 156
130 171
4 39
104 124
79 146
50 122
48 113
11 81
21 100
85 86
24 92
44 128
46 87
70 145
39 170
12 20
46 136
77 138
26 39
18 99
16 154
93 167
45 108
75 77
62 113
43 167
22 79
87 114
23 129
60 162
69 161
125 159
41 50
31 157
75 101
45 69
5 129
12 118
42 95
48 98
39 63
140 171
80 100
59 105
108 116
167 171
38 42
6 143
2 34
90 154
26 36
51 102
48 53
71 72
47 92
4 88
78 85
87 170
87 135
16 153
102 121
60 119
65 151
82 159
30 88
95 157
29 88
18 41
165 172
10 147
103 165
143 166
15 93
34 123
25 147
65 105
84 114
9 112
128 155
26 89
76 131
25 149
140 160
33 122
27 75
13 24
15 140
45 99
52 103
27 30
65 78
1 27
92 116
78 173
82 133
40 54
162 171
7 84
8 58
52 133
93 151
38 156
37 106
107 136
71 151
127 171
110 154
36 167
26 169
96 100
27 111
30 164
28 81
45 160
0 68
114 130
25 158
92 104
13 77
90 103
138 170
51 143
110 115
8 29
45 63
50 141
128 137
41 145
120 121
89 156
66 71
77 120
15 89
8 114
0 151
47 102
30 126
56 60
69 114
109 144
138 153
18 146
95 128
8 138
25 166
67 122
142 154
24 54
88 105
53 99
1 144
123 134
28 156
122 165
25 68
90 157
52 163
39 136
48 164
43 100
0 94
90 162
73 86
27 172
60 104
67 171
60 117
64 115
17 69
145 161
56 130
105 133
51 152
93 126
50 77
18 139
74 167
31 140
103 130
77 150
16 81
91 146
1 94
24 162
1 62
54 142
88 157
103 159
13 19
63 107
39 156
19 102
125 172
90 118
4 36
46 117
52 66
85 124
48 67
69 103
30 81
1 67
127 149
10 148
66 115
89 159
123 129
14 169
93 114
89 99
161 170
11 102
37 157
9 49
71 125
56 91
140 158
129 146
96 154
109 171
57 145
115 148
1 53
8 69
15 85
48 55
24 152
141 164
108 131
25 52
164 173
27 99
112 165
32 50
16 91
20 48
4 11
61 129
75 89
9 99
67 121
92 144
9 51
57 128
158 165
3 110
38 75
9 29
52 75
34 153
76 112
19 109
66 116
50 82
16 36
115 134
147 165
101 143
41 91
33 134
3 86
66 145
73 96
14 23
53 169
77 117
62 95
1 150
21 101
65 130
33 78
49 56
85 96
132 167
1 154
34 128
101 164
20 47
97 135
11 170
34 147
34 51
10 86
95 142
7 72
28 169
71 82
62 150
25 128
47 145
64 109
94 152
121 134
36 39
10 112
13 129
116 130
160 170
109 166
81 125
88 167
36 125
92 127
6 131
80 125
39 116
43 63
119 150
54 92
45 86
16 85
102 105
96 162
10 19
12 13
25 59
19 103
16 28
100 145
46 96
119 154
13 97
8 38
54 113
89 136
56 135
117 150
151 163
74 119
84 165
145 146
10 24
126 129
114 172
50 152
80 87
27 65
51 150
80 162
3 28
5 123
10 15
35 127
37 67
14 20
0 142
90 166
53 130
82 87
30 61
159 168
22 128
62 112
22 142
80 118
59 152
117 166
7 99
146 153
37 146
68 78
17 75
0 16
32 43
120 171
3 81
92 157
121 146
43 65
106 115
103 143
114 122
63 157
43 113
40 171
72 91
143 153
136 139
116 157
40 134
3 159
115 172
41 44
111 162
17 139
79 154
111 122
3 169
47 98
46 99
42 169
43 156
70 124
48 128
13 169
46 146
64 141
64 152
3 16
23 133
142 164
57 109
23 161
16 148
100 124
128 151
50 123
23 62
36 47
16 128
17 168
66 160
9 159
2 149
6 111
157 160
42 122
72 153
10 137
60 146
36 151
28 89
43 132
62 132
78 127
22 162
44 69
79 85
6 91
53 153
48 107
110 170
63 152
30 95
100 139
21 163
59 165
57 147
68 125
12 47
54 69
38 167
82 114
37 84
5 159
14 136
8 33
89 143
84 167
103 170
52 62
59 136
20 143
84 166
47 94
46 104
110 121
57 60
127 132
59 82
15 159
153 160
74 101
99 152
2 95
19 172
74 132
137 142
46 65
137 165
125 144
85 89
147 156
40 147
5 88
1 26
36 84
34 76
116 147
117 128
7 169
138 143
70 98
73 133
36 70
24 173
102 159
104 155
49 116
146 167
29 104
56 170
111 149
13 125
46 66
13 55
140 159
41 102
7 153
18 56
69 160
65 69
68 101
27 112
35 113
90 98
11 93
40 131
50 156
132 150
63 153
0 166
19 123
22 80
45 142
14 45
116 152
117 168
96 104
36 104
116 135
29 64
128 153
73 87
58 112
68 69
70 163
84 112
15 22
52 146
113 124
129 140
59 121
15 171
0 165
94 127
111 115
56 114
1 33
25 77
18 79
43 87
42 70
52 127
30 103
79 110
120 159
5 12
25 98
86 98
85 108
58 172
116 137
100 137
90 106
105 167
53 172
46 150
17 63
126 159
6 137
44 160
49 115
43 92
31 111
81 149
17 137
109 112
26 119
24 131
122 129
63 146
15 131
12 15
62 85
32 67
43 72
47 78
126 172
39 79
68 130
83 102
49 148
57 151
57 126
72 168
19 55
115 127
32 173
135 161
21 98
35 87
101 135
26 105
129 138
32 57
128 164
42 51
14 51
8 112
129 141
130 151
78 152
121 130
11 134
5 146
44 167
110 165
62 118
114 148
31 32
52 166
85 88
22 34
65 139
66 147
3 26
49 98
123 153
55 71
47 112
84 95
16 138
104 142
16 57
66 171
75 168
64 100
96 173
121 152
119 120
19 118
87 110
78 160
24 94
10 38
90 132
86 164
45 133
64 66
12 163
145 160
15 163
126 133
99 167
123 146
18 172
40 89
18 60
38 166
108 146
19 108
39 60
60 93
25 133
34 171
4 61
24 124
120 144
86 116
58 163
117 121
27 115
87 143
24 47
2 90
95 122
73 74
112 160
7 89
0 115
76 169
33 84
93 161
6 66
8 169
34 47
10 65
32 52
63 82
145 149
0 149
61 126
120 173
11 116
90 92
128 165
56 161
20 173
33 125
41 169
61 66
51 130
55 77
138 154
123 159
102 165
76 120
52 137
2 144
58 99
137 171
112 132
57 102
64 155
116 144
58 126
7 46
83 111
73 171
99 142
20 64
66 121
51 153
52 91
48 116
20 29
82 148
97 143
5 30
29 106
3 83
49 152
135 138
149 160
102 128
73 124
16 48
1 43
153 166
16 84
55 121
39 55
40 112
72 86
10 164
58 60
50 97
55 61
15 67
23 101
18 55
12 129
37 61
111 139
106 108
32 54
138 169
23 115
65 136
4 81
94 129
34 132
6 132
121 170
113 148
62 75
60 155
18 91
19 65
35 105
126 165
32 165
130 131
57 157
25 32
104 119
31 144
140 143
122 136
51 63
59 66
94 106
24 157
88 125
19 72
45 90
17 67
58 69
3 24
54 137
61 139
51 144
85 142
39 160
98 144
112 166
2 131
29 51
5 169
65 132
37 43
76 113
81 110
4 132
26 76
146 161
47 59
96 170
102 119
41 43
38 72
5 59
66 161
60 75
46 156
33 69
140 148
54 90
45 137
1 110
40 168
129 153
44 66
38 108
19 106
128 147
128 173
74 144
46 79
78 132
56 153
40 97
169 170
44 140
132 164
63 161
116 151
8 91
76 114
135 149
43 126
110 139
108 157
24 169
82 116
39 85
22 138
18 64
67 160
69 157
5 147
23 77
17 42
6 118
68 88
70 91
34 66
27 64
129 169
10 20
0 160
3 13
24 68
86 105
48 61
35 153
101 118
8 35
54 75
72 73
3 170
26 107
15 34
6 97
30 79
51 57
13 132
31 67
86 128
74 85
33 51
33 161
21 118
53 111
15 71
38 165
64 148
162 166
79 102
11 22
39 90
47 113
56 173
49 82
104 145
64 111
56 95
28 47
40 125
72 108
27 110
17 173
13 92
18 88
31 51
57 86
5 67
63 141
40 53
8 152
25 164
30 74
97 162
66 122
121 135
3 104
98 102
84 156
20 39
75 82
18 100
37 110
27 46
32 86
49 60
38 130
29 72
2 118
75 145
8 159
118 142
3 135
54 85
34 65
38 49
83 165
1 130
41 162
31 37
64 84
1 151
58 116
3 150
70 132
73 142
129 172
108 109
100 104
81 137
98 138
20 135
102 129
106 161
118 127
70 170
28 94
132 138
99 129
86 90
11 18
40 45
4 152
38 43
27 123
36 136
104 158
35 145
15 72
20 110
66 131
69 76
68 98
92 109
19 62
5 68
11 80
114 145
71 74
5 53
137 158
91 131
76 81
74 121
80 110
35 154
12 115
60 164
63 138
95 116
92 142
23 41
140 146
119 125
101 144
96 119
33 36
38 121
34 59
86 97
56 75
150 170
83 166
61 162
76 95
20 93
1 145
46 132
58 94
9 81
140 165
61 114
28 159
91 173
34 58
39 140
29 79
125 137
94 170
123 165
20 96
14 151
71 91
26 87
40 101
6 45
77 158
40 49
28 100
131 158
5 74
59 100
82 155
136 163
94 108
115 123
24 172
82 129
24 99
18 59
14 107
85 149
35 114
86 154
34 143
53 151
29 84
21 161
135 151
74 138
65 152
24 75
82 142
64 72
72 121
51 59
65 165
143 151
10 126
51 151
52 129
59 171
84 119
25 65
54 74
68 169
86 130
12 33
48 64
37 115
76 162
45 117
83 125
62 131
67 100
51 122
1 5
18 33
60 142
114 151
130 149
33 160
153 163
85 117
62 173
63 112
61 148
109 118
143 167
6 28
0 100
35 111
64 67
39 132
4 21
15 119
56 147
1 97
73 109
101 117
1 147
14 97
85 105
77 119
65 112
26 100
70 104
84 123
17 152
14 133
18 148
49 172
28 64
3 107
116 132
81 117
3 101
132 158
28 151
80 103
119 151
47 83
45 93
28 103
24 25
25 112
49 158
121 136
11 95
37 143
82 86
34 99
22 171
53 90
32 125
19 34
1 163
47 49
26 173
8 74
34 170
117 125
154 155
18 143
81 160
127 162
72 103
14 162
84 131
75 149
8 31
65 85
74 120
69 138
24 147
119 165
102 126
75 140
49 74
3 127
34 87
78 149
40 104
152 156
29 52
23 125
20 123
99 172
77 140
2 18
139 161
84 100
27 145
47 117
33 83
52 86
132 160
57 164
91 123
110 158
146 162
11 105
111 155
107 157
113 161
42 61
50 52
45 120
42 165
7 77
13 104
54 103
34 159
26 85
65 148
10 43
42 77
55 95
62 124
33 54
93 163
67 129
58 171
30 82
9 83
93 129
4 62
32 168
73 159
29 39
78 125
86 141
117 137
8 120
34 97
17 133
115 142
11 136
131 139
72 77
20 72
114 152
124 154
25 131
17 23
78 79
44 106
79 152
128 133
34 117
54 81
15 123
65 157
25 111
40 119
38 102
141 155
12 150
15 160
84 135
99 116
31 74
22 155
75 128
19 104
7 154
89 148
75 119
68 153
4 14
79 83
58 157
64 73
155 173
155 170
47 144
20 22
2 16
25 37
25 143
79 162
130 164
67 170
16 75
123 138
7 145
47 154
49 109
103 145
46 105
102 115
29 62
142 161
103 164
68 117
61 144
32 85
79 132
85 139
2 63
69 169
25 124
33 106
67 167
22 63
66 75
0 148
74 143
14 120
169 173
28 167
91 108
128 129
34 61
66 93
2 163
42 168
27 157
117 143
64 157
39 110
31 75
70 136
44 88
87 149
129 131
46 153
95 145
21 63
32 156
76 115
23 83
149 169
26 129
136 168
71 111
8 164
82 117
35 172
89 126
41 96
35 166
11 44
30 131
34 60
14 16
51 107
18 106
1 115
32 107
50 61
101 126
29 40
48 74
14 55
21 158
71 147
119 159
153 173
78 162
19 114
82 101
95 113
7 24
85 144
75 120
32 152
16 151
24 58
48 85
57 133
9 166
21 160
28 82
41 51
60 98
24 43
1 21
7 155
21 150
91 103
0 21
97 118
135 158
60 84
12 95
104 146
119 149
73 140
48 112
20 37
10 160
34 64
56 158
65 113
43 53
58 142
78 97
109 162
69 87
17 48
11 132
6 69
55 96
74 127
77 79
30 41
41 52
27 119
27 90
48 155
51 90
3 146
149 154
98 161
28 29
37 88
21 80
26 31
31 147
107 153
7 48
31 43
7 88
136 155
13 103
71 136
20 118
61 119
57 119
77 104
90 127
18 74
17 155
101 114
49 165
70 143
57 121
60 147
47 73
17 71
15 18
103 167
35 128
91 114
132 137
105 163
148 160
72 140
12 61
24 74
8 153
28 48
9 91
3 17
7 123
0 137
2 37
147 167
90 107
143 144
97 153
78 111
53 115
9 58
145 163
8 156
32 45
28 139
12 44
29 90
19 124
15 147
82 153
16 64
24 121
132 152
82 100
154 162
13 37
101 106
44 45
150 165
82 168
119 127
54 109
49 83
82 128
1 87
100 162
142 157
104 110
14 93
65 145
17 46
36 44
14 48
33 117
59 122
42 50
29 115
13 89
56 169
105 121
10 27
17 40
69 120
37 159
126 158
67 119
110 171
70 167
114 163
81 99
100 167
48 51
59 87
75 96
24 96
88 120
25 114
91 141
23 33
156 160
8 106
18 159
83 86
51 110
59 120
98 150
24 129
14 145
36 155
90 109
51 103
122 146
108 117
26 133
127 166
148 168
6 26
125 164
1 138
12 74
86 145
64 142
23 86
9 141
20 60
59 95
87 146
81 133
3 165
81 93
74 131
25 72
25 70
127 151
101 104
68 160
23 90
15 35
11 125
55 120
97 160
21 51
18 104
11 74
48 152
23 80
44 170
41 69
27 134
38 147
1 58
113 127
98 165
22 78
28 121
98 154
86 119
31 80
52 99
48 84
142 152
31 172
122 137
165 170
97 128
71 122
116 133
78 129
106 123
41 86
154 156
110 152
51 76
27 34
19 150
42 126
47 114
80 97
121 149
55 76
88 139
101 161
67 101
153 172
118 157
29 145
18 86
22 163
3 98
164 171
69 140
62 135
100 116
95 118
18 120
121 172
29 41
40 42
19 28
42 99
52 83
27 81
14 38
40 80
97 170
21 36
69 73
52 72
43 159
25 146
110 138
18 115
127 160
36 55
84 88
55 153
58 125
79 131
59 110
77 81
6 43
122 155
35 41
15 95
159 170
7 128
11 156
151 159
49 169
25 154
26 48
121 161
36 112
48 79
30 146
78 113
68 147
40 166
4 118
127 163
112 159
58 72
51 116
18 45
26 32
39 65
69 158
7 119
101 137
50 119
104 140
56 73
68 126
26 109
139 146
26 59
15 97
43 140
27 57
42 69
35 99
18 75
20 53
11 157
23 36
61 134
31 85
75 114
28 166
29 165
65 150
30 114
100 117
94 166
1 29
1 12
67 150
18 22
79 89
57 131
61 82
5 70
49 73
8 113
47 99
23 45
2 58
17 107
10 99
61 79
6 112
56 81
57 168
50 101
6 78
31 150
45 58
73 168
28 138
110 144
41 64
74 173
85 91
104 117
86 126
6 8
1 51
76 101
67 140
83 107
26 121
16 114
2 111
42 147
62 130
60 66
83 120
6 84
64 134
39 59
70 165
81 91
117 159
72 84
81 95
18 107
7 29
41 76
42 97
90 113
99 118
133 169
4 96
5 80
11 121
3 149
138 163
20 68
81 157
3 74
74 92
0 159
64 137
72 112
62 93
81 86
70 112
30 83
54 153
14 52
40 72
53 145
124 162
13 100
2 10
72 111
99 122
53 57
0 4
74 141
74 168
77 144
119 121
91 124
55 128
48 140
46 71
41 131
4 158
57 166
92 137
17 110
44 72
31 38
76 153
40 132
8 162
82 93
18 125
84 111
73 149
7 124
1 38
5 135
35 90
87 93
54 76
88 135
61 64
44 171
36 122
104 172
76 142
43 162
32 88
47 64
77 94
54 91
95 97
54 72
0 2
79 91
121 128
20 82
11 17
34 124
59 84
52 93
122 131
57 94
33 123
128 144
89 144
22 119
138 146
4 57
62 167
14 122
35 121
62 136
66 114
130 167
97 152
5 10
44 155
99 148
3 48
33 80
40 149
91 149
27 28
84 151
1 98
7 61
44 133
105 136
5 163
38 88
11 128
31 131
36 92
10 85
23 162
8 96
23 56
82 127
51 71
23 74
14 78
87 153
133 140
100 144
63 111
143 155
16 137
70 133
38 63
35 57
85 150
12 30
117 139
65 162
88 92
107 132
13 99
58 113
28 51
40 106
45 88
53 144
81 163
48 92
133 168
9 73
55 112
7 23
19 37
63 139
31 151
45 140
58 159
30 116
85 122
23 106
31 156
20 120
33 40
2 72
15 105
23 155
124 153
8 171
144 156
64 133
66 74
61 98
0 61
57 114
24 123
121 150
51 142
19 59
169 172
13 122
64 159
23 160
59 137
61 90
82 139
15 75
14 166
72 94
23 102
50 162
3 85
49 80
12 148
19 128
33 168
85 127
38 149
45 128
37 133
121 171
31 155
115 171
107 151
11 133
67 116
18 58
139 141
19 96
4 8
75 118
49 160
139 168
35 138
148 166
30 130
16 144
21 138
93 130
40 143
22 60
3 73
63 145
56 85
23 138
78 148
102 120
110 135
132 169
21 55
77 85
91 134
148 154
73 164
15 145
17 117
17 22
27 122
106 136
17 113
146 156
17 165
114 164
16 88
140 155
94 165
30 63
56 171
41 49
129 162
27 151
61 123
72 92
94 136
116 165
130 157
63 142
71 96
44 112
56 82
88 166
16 59
11 119
141 161
84 148
143 158
33 142
48 153
149 158
97 122
75 133
4 69
91 92
35 132
134 173
18 135
67 78
10 51
30 101
123 156
47 142
44 116
32 71
40 126
25 136
8 160
128 132
103 171
12 156
4 106
53 87
93 162
93 132
68 120
8 25
72 93
48 131
36 158
97 126
134 135
9 48
46 138
64 144
146 169
22 24
31 171
20 30
20 46
32 37
79 169
67 106
55 72
20 153
66 117
134 156
4 24
141 152
145 153
109 120
1 128
124 147
64 80
0 50
38 129
86 109
6 73
165 169
106 124
10 129
26 94
151 173
14 159
100 114
4 80
34 85
33 99
17 112
52 167
38 62
40 138
157 163
135 171
20 21
76 99
99 145
101 124
41 73
63 108
52 122
103 111
24 51
82 150
96 124
148 162
1 2
126 169
96 118
28 125
31 44
84 108
19 132
166 169
132 149
2 112
100 161
16 68
51 66
10 119
51 104
91 172
3 131
14 100
20 164
6 59
100 172
50 132
27 136
97 134
127 155
74 124
148 171
27 159
12 151
80 89
13 69
98 113
66 95
47 160
110 123
69 136
57 79
39 152
79 124
130 140
67 134
116 150
36 78
59 76
91 126
69 98
58 106
65 67
4 72
5 132
1 135
36 166
77 115
55 151
28 168
13 63
103 131
10 130
4 130
71 90
11 146
106 159
56 58
36 137
45 85
97 147
39 123
4 9
19 113
35 149
57 92
93 101
97 138
9 60
114 124
134 136
91 106
51 64
17 90
111 116
0 57
78 118
128 130
22 117
30 68
25 161
135 145
131 142
25 170
66 68
11 114
32 56
55 74
47 100
26 80
97 124
54 65
13 15
26 130
25 63
35 157
78 107
24 77
28 90
67 76
107 110
119 145
44 124
116 162
12 58
121 157
88 91
99 154
1 127
92 156
18 147
134 137
51 73
125 166
14 106
72 165
109 173
49 149
26 168
53 122
15 120
6 165
45 156
63 84
46 163
25 36
74 145
143 150
171 172
155 158
64 164
117 171
131 149
2 14
52 104
81 159
54 68
72 142
12 92
11 88
104 157
111 117
4 26
22 59
7 120
92 143
57 142
7 42
107 128
22 158
42 135
118 171
28 58
1 95
102 123
70 95
84 162
80 132
41 124
34 141
65 107
55 161
63 149
41 56
74 155
71 160
110 164
16 35
68 104
26 138
46 143
103 112
147 155
47 58
40 160
43 160
129 150
93 102
16 173
82 167
22 134
103 107
47 146
168 169
13 159
0 156
55 62
25 42
123 147
14 83
53 101
14 64
14 49
25 167
30 67
77 123
17 129
61 121
155 169
44 60
129 155
11 130
140 169
1 126
143 164
41 81
103 115
116 153
40 46
12 125
108 152
70 151
21 132
33 46
55 92
146 166
76 173
23 75
112 172
9 168
111 148
87 119
76 155
76 152
83 121
99 160
29 157
75 79
52 57
143 148
4 74
98 145
101 157
69 101
5 11
5 170
23 84
56 151
2 129
74 146
23 89
109 164
42 76
53 128
49 64
49 61
0 76
26 91
80 145
134 164
69 88
81 103
157 167
60 158
37 120
123 160
101 165
67 159
137 140
133 161
50 60
63 128
34 42
14 33
109 129
64 65
47 129
56 146
129 156
21 79
33 85
23 127
63 99
163 170
80 144
79 103
94 95
85 173
59 99
39 138
23 141
1 157
57 136
3 76
22 95
17 61
3 157
133 167
144 168
75 153
118 141
4 104
26 166
77 151
2 108
53 173
10 171
10 110
93 171
136 161
21 45
1 74
46 93
47 66
64 165
32 169
38 53
64 83
5 60
2 79
42 144
60 103
51 69
29 37
69 113
37 95
52 59
146 165
23 167
33 120
16 42
38 137
103 154
78 134
93 120
98 131
138 166
26 33
58 115
54 167
111 128
19 52
33 58
41 72
20 171
27 88
118 125
5 51
150 172
16 32
27 164
149 156
28 150
49 143
50 66
110 117
37 93
3 94
131 147
12 110
123 171
145 164
18 138
73 112
70 157
7 94
38 103
42 116
25 91
67 102
70 90
10 169
57 152
41 128
108 110
14 165
84 87
8 145
38 161
70 83
7 25
45 96
19 63
41 107
102 103
43 94
132 162
20 91
10 68
47 123
10 162
66 120
44 96
4 65
23 61
50 80
152 165
23 172
69 124
31 39
15 91
54 118
99 144
6 15
64 102
87 106
100 168
43 55
137 160
155 171
37 92
16 98
64 103
106 155
30 52
38 154
7 127
66 92
120 123
60 90
118 162
12 76
133 145
59 144
8 117
13 133
116 140
158 168
89 151
2 89
25 57
2 26
18 94
107 144
107 147
71 132
0 71
67 108
91 119
54 172
11 139
38 117
84 90
101 119
74 163
79 121
79 116
47 84
37 100
20 155
69 167
20 121
15 101
84 171
67 154
75 81
47 167
132 151
0 86
94 125
63 165
39 150
91 95
17 123
6 140
22 48
67 168
4 22
94 158
8 71
85 140
72 126
70 94
44 130
156 157
6 117
141 144
62 70
42 115
121 155
35 54
39 44
31 55
7 129
158 161
111 156
73 116
16 95
1 113
120 168
30 34
141 169
52 109
46 119
57 87
118 152
4 128
79 164
72 90
13 26
67 146
0 144
46 120
35 119
126 155
13 139
82 140
113 122
86 168
19 69
39 83
113 120
24 72
62 137
19 56
58 80
42 88
49 118
98 139
64 122
97 115
171 173
81 147
18 30
131 141
46 140
43 105
68 107
83 106
140 145
25 139
85 148
109 142
33 172
29 91
42 133
43 125
60 73
2 25
14 27
96 171
36 65
77 86
62 146
13 52
53 113
39 52
40 77
5 98
27 152
126 139
124 143
57 160
15 92
118 139
47 77
5 172
91 100
50 58
44 47
31 129
23 103
48 124
22 116
20 112
133 152
44 113
48 102
48 58
68 86
68 92
66 84
1 81
56 137
27 72
8 39
8 126
72 149
21 130
71 149
140 151
0 123
130 170
12 105
51 138
84 163
113 118
138 167
112 126
0 109
35 164
90 93
42 142
52 61
44 82
84 102
52 147
0 43
74 103
70 154
98 133
52 141
63 117
146 148
103 163
102 164
94 121
116 120
75 148
50 125
42 163
3 47
21 92
137 162
76 151
36 50
98 168
23 32
80 81
35 89
89 107
130 135
21 108
21 109
50 84
74 148
18 34
26 79
29 49
58 123
119 140
28 165
133 158
35 75
139 173
3 130
140 149
133 151
43 116
11 63
59 108
52 107
64 81
142 158
46 122
11 48
19 153
43 60
55 159
9 31
6 150
33 133
72 80
94 113
63 140
37 77
87 103
14 172
37 126
40 100
82 172
120 147
33 72
26 144
5 58
61 109
3 111
42 140
44 63
31 36
43 44
23 100
56 71
125 168
55 69
95 111
4 163
82 122
88 153
49 131
1 91
107 108
9 70
30 98
66 107
24 108
48 59
107 113
107 121
2 54
59 118
84 93
75 76
32 82
25 93
6 16
76 88
14 99
99 170
45 47
112 154
37 40
159 173
2 44
51 155
20 23
39 54
0 106
95 123
11 141
18 117
22 164
32 39
21 170
20 136
76 85
33 89
21 41
130 162
99 121
21 90
122 134
13 39
131 152
12 137
37 80
30 111
47 156
18 24
96 135
63 129
11 28
81 152
29 30
5 46
93 98
63 134
78 165
59 81
35 171
2 167
4 19
107 162
87 159
126 173
78 87
31 103
32 121
88 145
4 137
19 125
60 148
49 167
4 94
59 127
97 102
123 131
145 156
120 129
36 93
2 42
103 123
86 162
51 60
78 122
41 48
4 110
93 170
14 121
76 163
30 46
77 149
103 141
69 143
2 106
66 169
122 125
16 96
82 105
58 168
40 105
102 145
13 81
57 141
75 84
102 158
22 145
110 132
59 85
33 93
14 143
33 135
17 118
74 134
82 115
28 143
56 142
26 125
80 124
23 151
93 135
4 145
35 156
3 132
115 131
22 143
74 100
24 56
53 164
12 94
46 52
55 165
62 141
12 80
51 136
96 117
5 110
101 140
69 128
80 155
154 158
122 169
26 67
5 23
66 67
21 139
7 66
133 139
26 111
52 64
49 52
76 160
51 128
61 165
113 131
15 146
55 93
59 107
5 93
1 120
96 136
22 157
42 78
21 120
65 111
58 70
61 104
116 160
73 90
88 136
55 170
40 157
73 113
80 157
39 40
74 110
104 134
97 113
51 53
72 123
79 159
81 119
60 77
13 25
41 83
108 154
113 158
25 41
9 20
96 110
28 71
5 126
72 99
44 146
17 127
6 40
146 150
163 173
42 98
32 112
130 148
110 119
40 130
23 88
4 30
3 37
71 153
45 173
145 158
22 125
14 161
24 52
20 129
75 94
23 164
2 66
112 163
61 91
127 148
40 165
136 148
141 142
103 147
41 153
142 145
31 128
47 89
16 24
42 82
85 103
39 133
68 77
109 137
35 129
60 67
34 57
35 36
10 70
16 77
43 62
33 112
27 120
87 120
5 44
59 104
53 126
47 135
22 101
16 17
89 134
19 131
119 158
155 168
68 89
89 135
144 148
57 83
14 15
145 168
27 78
113 171
104 141
32 134
74 149
46 133
29 171
110 137
15 87
98 141
32 172
34 53
98 155
22 147
138 151
8 42
32 117
81 89
77 118
126 148
16 67
98 134
84 110
57 110
93 148
63 133
101 160
15 84
148 157
36 87
43 79
68 122
43 64
49 104
0 14
31 126
118 167
67 112
107 131
117 164
39 71
0 79
55 173
34 73
60 81
28 53
49 136
53 65
90 173
28 112
54 134
21 143
12 16
24 159
45 72
57 173
47 103
5 167
28 68
105 114
77 153
123 152
39 77
129 165
5 62
97 173
5 161
88 154
27 102
18 102
89 91
90 102
51 161
78 154
17 91
45 92
3 103
50 102
43 71
52 169
30 138
6 24
108 155
26 158
29 48
118 147
79 100
52 97
14 146
37 169
11 150
51 106
52 148
1 143
16 123
29 166
137 152
97 120
76 79
49 62
13 114
87 100
22 161
0 168
5 42
95 133
77 146
90 108
44 154
4 37
62 157
27 167
32 115
73 147
28 55
30 109
88 107
111 140
32 72
29 112
56 74
64 171
69 110
131 156
136 151
34 41
25 125
36 63
35 93
67 137
58 128
18 111
92 132
124 126
95 125
78 112
81 154
7 100
64 145
54 127
41 119
145 165
55 90
14 94
42 154
14 30
77 134
34 162
62 123
93 146
31 42
115 168
27 32
117 132
138 172
93 150
13 54
128 170
30 124
38 45
97 144
5 108
115 150
5 151
1 121
37 128
42 117
116 138
48 77
128 154
7 121
6 171
26 148
119 141
127 139
130 155
4 102
71 87
26 156
65 167
33 152
76 91
49 155
6 125
99 141
89 122
66 69
15 157
27 80
44 151
9 85
16 142
73 118
88 98
60 82
13 21
30 115
50 63
41 71
65 138
30 58
143 157
60 131
97 171
85 134
97 103
7 156
3 119
153 158
105 140
37 72
31 93
28 147
23 134
51 86
82 107
14 42
57 78
46 108
52 81
78 83
1 173
14 163
24 48
86 172
30 93
27 109
39 164
35 130
42 171
25 92
24 160
86 104
7 106
56 140
21 61
23 152
45 143
78 98
94 130
52 145
51 99
78 108
66 143
31 73
53 141
111 125
108 167
2 60
104 108
53 98
46 148
71 137
37 53
18 87
46 170
101 152
65 119
3 138
28 155
45 105
116 166
129 151
113 126
58 64
55 137
12 41
37 170
112 156
13 135
111 124
34 127
94 169
22 137
98 130
27 128
15 44
117 148
117 142
35 125
130 134
127 137
162 168
62 164
26 77
110 155
67 127
148 169
35 146
10 155
73 75
11 77
41 75
110 141
139 154
37 113
56 115
114 117
108 144
29 134
6 38
115 120
53 74
90 159
9 61
32 160
94 117
62 87
61 153
106 128
81 158
111 167
63 162
63 169
46 161
14 173
71 108
29 100
114 146
16 145
90 167
44 79
11 108
44 90
101 128
77 95
24 143
79 88
27 104
115 130
136 150
68 119
99 156
109 170
143 162
57 165
34 120
57 108
33 100
76 108
47 127
159 165
56 90
0 75
84 155
89 116
33 66
32 83
67 110
6 154
5 25
79 86
63 64
89 140
36 88
68 96
59 75
17 149
21 59
0 130
88 97
28 123
11 56
70 162
105 152
20 115
66 91
2 126
70 135
6 49
8 46
21 89
37 102
35 61
8 52
15 121
99 153
1 146
61 84
33 76
64 114
19 33
70 131
93 140
28 70
63 172
62 107
10 58
12 19
88 141
93 121
52 106
108 128
109 163
129 130
1 132
6 42
19 36
46 158
47 120
120 122
57 106
7 45
62 148
17 50
3 105
36 76
106 122
36 159
13 138
76 118
62 162
47 150
8 101
84 147
17 151
107 124
86 88
139 155
10 161
37 51
56 111
78 123
2 107
98 153
61 124
80 143
48 145
57 96
8 132
143 171
105 150
27 133
5 48
21 91
117 124
67 79
115 144
68 165
69 164
68 108
54 160
116 126
83 110
55 64
38 145
71 170
115 133
99 158
17 148
138 157
34 68
22 170
86 142
35 131
64 98
27 48
71 173
10 73
55 146
6 149
16 94
36 152
2 31
71 114
108 121
24 69
3 7
94 137
38 97
7 113
58 65
93 137
153 169
25 173
48 154
35 151
145 166
99 155
32 141
37 122
31 72
79 92
30 72
67 103
11 98
45 164
37 127
4 105
117 149
44 94
9 103
62 68
34 72
23 118
42 107
81 112
77 107
28 88
133 142
24 70
22 64
1 99
87 112
15 28
23 85
57 146
46 124
26 43
21 117
139 150
88 101
89 90
21 37
21 67
77 162
33 39
65 68
62 71
74 169
86 94
38 140
11 83
104 123
112 130
6 142
123 133
42 141
81 126
60 108
31 50
162 167
89 153
8 115
129 139
95 162
102 161
102 152
61 89
29 68
71 161
4 50
6 90
145 154
34 92
2 92
32 100
15 20
82 143
96 152
146 154
95 159
38 56
3 32
15 170
101 159
35 46
44 46
70 128
8 26
101 148
70 159
102 155
20 51
166 168
5 144
36 101
110 136
57 140
63 67
124 171
24 150
21 95
69 121
59 91
52 71
15 32
81 161
16 65
67 132
9 172
75 103
9 143
75 127
85 106
79 126
0 153
117 170
89 96
40 151
1 90
142 151
63 87
73 151
75 158
2 70
89 92
83 147
6 129
16 90
79 98
20 104
49 68
126 141
148 151
96 109
22 84
62 163
69 145
67 98
11 97
64 124
19 79
84 121
37 58
23 46
28 170
98 142
95 115
54 143
69 173
67 164
53 133
67 128
19 129
8 134
20 42
58 63
137 166
26 126
52 74
10 66
11 154
41 53
81 92
11 75
162 164
5 36
48 49
3 52
56 143
31 70
42 86
20 33
26 47
40 163
153 159
0 12
18 168
72 104
82 156
7 54
34 161
29 152
104 115
88 169
102 109
3 10
89 164
25 49
22 69
39 93
52 114
147 159
11 20
29 31
109 140
88 100
89 115
18 35
79 140
33 94
69 129
47 105
4 141
27 117
22 55
28 78
74 98
10 114
18 171
100 110
127 138
0 120
85 136
43 133
0 145
109 115
57 129
40 62
88 155
16 109
17 108
57 72
116 154
43 77
7 30
65 117
120 170
21 50
32 158
109 168
8 66
102 117
49 87
69 104
135 155
18 101
45 148
2 77
48 117
42 58
77 156
86 139
30 38
7 37
36 156
125 150
36 56
32 161
105 160
36 74
60 110
18 97
14 54
151 166
30 144
50 51
58 136
11 79
104 170
44 68
53 123
56 70
17 141
16 18
44 164
92 154
26 117
36 108
64 129
16 89
131 171
31 94
58 76
143 146
29 119
73 134
42 158
75 135
14 137
74 151
67 86
103 110
9 139
89 130
7 151
45 132
40 156
1 60
4 115
129 161
93 169
106 165
97 119
42 54
17 32
118 153
65 125
76 92
95 96
78 81
110 172
55 89
20 130
44 168
28 142
56 123
118 130
18 68
18 51
15 136
139 148
7 91
18 76
3 65
55 125
51 124
77 166
7 20
91 157
52 96
64 156
23 31
29 150
50 121
86 107
61 122
33 41
6 126
12 111
53 155
27 42
55 157
80 168
54 64
95 137
2 5
10 29
4 6
8 36
89 157
80 141
56 172
8 158
39 130
9 113
9 165
21 47
88 170
59 111
68 173
0 125
34 67
18 66
70 116
66 86
113 133
104 166
12 144
61 73
29 95
20 139
125 143
3 167
40 172
2 6
142 146
32 90
22 57
87 152
25 108
86 157
144 162
29 43
102 131
96 123
49 65
68 112
94 101
134 150
52 134
35 103
145 170
63 173
126 161
152 171
1 18
52 142
77 135
25 172
1 162
0 13
78 141
89 131
100 135
33 113
43 120
47 111
82 94
38 46
115 126
22 88
142 148
136 144
54 102
33 116
121 137
40 88
1 59
108 139
62 73
35 79
55 113
126 154
14 103
126 149
2 135
91 118
9 65
153 170
111 113
48 96
36 48
19 78
36 80
56 72
34 163
8 72
135 150
77 105
70 118
35 44
161 162
26 118
131 162
31 170
156 167
53 79
44 156
36 106
59 147
34 115
8 48
32 162
75 166
112 123
23 104
35 109
2 9
17 34
35 83
6 123
24 109
29 57
57 111
158 163
116 127
145 171
83 151
92 165
63 148
41 120
98 124
74 150
69 79
9 78
13 160
14 62
98 109
45 87
12 18
55 103
107 118
95 129
2 150
43 147
124 136
124 130
46 92
23 113
25 160
1 50
46 171
91 93
14 171
64 154
51 121
43 88
76 96
118 146
49 113
122 147
67 111
85 90
96 158
14 47
64 75
64 90
41 99
153 167
58 107
37 105
22 159
59 161
29 59
104 168
137 159
0 41
17 153
38 160
78 106
70 71
32 120
26 128
3 129
143 172
133 150
35 69
81 120
28 67
3 92
45 60
102 143
39 67
97 110
70 152
9 156
14 25
86 161
9 37
124 132
55 101
15 100
15 106
1 149
77 82
38 144
36 94
25 26
1 161
15 142
137 138
35 81
17 55
17 89
58 148
142 160
1 35
45 154
11 43
1 17
2 102
74 81
56 124
50 168
16 141
47 132
26 34
41 146
80 140
4 149
95 114
19 144
140 154
22 42
100 153
17 125
41 113
80 164
49 58
36 40
110 128
97 117
1 142
137 161
117 172
143 149
24 71
21 173
3 89
5 160
33 157
72 146
111 169
74 160
19 156
3 84
82 85
19 93
87 150
54 110
62 155
26 163
17 20
136 170
19 98
37 45
108 171
35 71
62 143
13 86
1 20
37 56
37 145
59 94
71 88
141 163
158 171
97 111
71 159
15 69
0 99
67 161
37 42
39 149
37 59
31 83
64 113
55 158
41 171
7 34
102 153
11 37
123 128
36 86
113 172
79 142
129 157
76 167
34 172
90 125
74 99
43 110
15 156
41 68
32 148
29 136
34 110
67 145
18 112
91 128
9 153
44 65
145 147
101 131
3 30
98 140
20 65
108 123
38 134
3 40
25 47
113 143
29 144
32 84
79 157
113 165
89 106
146 152
20 26
48 99
154 164
109 139
44 104
41 87
44 71
26 96
16 93
80 123
86 133
52 155
35 40
40 57
10 79
48 121
68 150
77 173
121 132
12 153
0 147
97 142
15 58
127 140
32 146
13 128
19 35
41 74
62 86
18 133
2 96
55 117
53 63
21 42
60 169
75 163
33 143
19 20
89 119
120 138
40 91
62 161
42 128
70 79
28 44
4 85
86 137
7 132
49 173
7 19
45 162
0 18
40 158
30 127
114 125
58 66
56 125
91 164
114 115
97 155
3 120
19 169
85 111
26 61
110 145
19 116
84 142
19 160
52 170
16 112
8 16
62 69
102 162
2 145
128 156
20 133
49 114
6 124
34 173
23 51
14 85
59 158
63 101
0 23
38 139
116 141
91 97
0 52
2 110
42 139
87 148
32 94
34 81
26 127
40 82
135 139
42 110
22 156
34 82
61 85
64 97
36 139
99 107
74 115
118 170
95 151
61 87
34 116
42 145
42 109
60 83
9 114
96 165
27 67
64 166
83 85
70 81
16 158
109 125
90 158
68 163
17 132
65 95
68 139
39 124
73 166
17 167
4 48
55 154
157 159
28 153
100 126
152 160
86 89
44 105
56 148
54 173
10 104
162 170
19 91
87 107
68 156
7 15
7 114
55 118
12 119
77 98
10 49
11 100
24 90
6 106
23 97
87 127
108 134
68 136
85 164
6 152
112 114
138 147
67 126
95 130
28 135
9 134
0 155
23 111
46 50
166 173
54 94
121 159
39 81
25 163
98 114
7 138
30 163
26 108
34 136
37 71
92 151
0 107
106 138
50 110
39 169
122 133
54 168
25 137
39 112
47 95
18 39
65 73
155 157
51 133
23 105
16 58
55 129
63 113
9 84
105 111
65 142
59 163
9 127
81 106
28 79
53 96
65 168
34 90
83 148
31 76
30 45
22 23
125 133
122 126
61 71
66 146
5 55
63 118
30 64
3 11
64 89
32 151
7 134
9 138
107 154
90 155
27 144
19 119
26 152
163 168
39 56
135 136
139 167
14 130
113 138
77 93
28 95
58 104
69 109
2 139
14 87
1 48
27 55
8 62
39 98
25 80
124 133
91 132
70 144
3 15
150 154
24 66
15 27
6 27
65 109
8 89
24 49
70 149
16 55
73 89
17 102
22 68
83 156
144 147
15 154
36 121
68 159
112 124
34 52
29 162
109 119
59 115
8 76
97 131
5 78
116 167
66 140
13 115
125 139
121 133
96 116
17 31
18 21
0 77
47 70
22 77
107 159
13 173
87 173
136 154
71 167
2 74
0 1
9 95
63 106
104 163
42 170
6 94
40 124
92 123
36 170
73 156
72 82
35 101
123 173
43 101
71 135
70 89
7 170
20 31
93 112
152 157
102 110
70 130
92 100
65 147
88 150
161 168
20 52
60 128
68 105
115 161
4 146
54 171
43 84
46 139
31 154
17 70
5 45
23 37
54 80
96 120
59 157
84 96
7 139
53 91
52 82
4 91
50 78
32 51
16 92
6 68
31 143
30 92
105 155
19 85
3 102
86 131
85 165
56 110
38 153
131 169
71 154
46 123
8 140
19 74
63 80
135 160
35 170
114 119
38 74
12 51
16 110
46 47
91 117
30 159
88 151
18 47
6 107
12 85
28 148
23 156
59 70
31 153
104 167
83 115
79 139
126 168
48 158
16 107
30 31
7 112
128 158
2 57
76 110
14 67
56 126
28 136
112 131
113 114
158 172
149 171
66 105
16 105
54 156
90 138
12 143
16 129
104 116
160 161
56 92
26 159
16 150
53 154
98 117
24 117
114 127
41 129
27 105
68 79
0 6
15 50
46 58
119 167
153 154
83 130
25 141
44 119
21 65
50 68
45 101
8 30
13 47
77 100
92 134
102 107
74 111
124 158
98 112
41 92
98 151
39 101
136 156
81 169
16 51
11 89
52 69
77 164
20 24
29 160
14 92
41 133
12 75
21 104
74 147
134 161
97 129
26 46
96 148
71 124
45 83
11 59
8 94
30 105
27 124
105 109
81 151
63 86
77 125
34 154
80 99
61 116
46 114
24 83
72 75
54 99
5 139
60 168
25 39
14 158
124 135
28 107
4 12
13 18
90 126
33 138
99 140
113 152
34 48
26 115
37 83
83 157
84 150
50 117
64 91
45 155
126 132
43 107
57 117
57 82
138 144
77 90
83 129
99 110
74 128
7 79
28 36
116 170
44 101
128 134
5 41
2 122
79 160
9 46
114 116
64 78
39 129
14 65
8 109
0 139
105 116
12 164
100 138
46 127
66 88
21 84
11 155
125 128
2 80
0 26
19 92
12 60
8 70
33 55
41 160
98 159
91 139
15 90
71 105
31 66
12 149
129 167
107 111
90 145
51 95
94 128
82 97
93 143
92 161
54 131
6 155
98 162
98 158
136 140
155 161
28 40
7 47
58 161
26 135
90 91
47 151
13 73
116 122
81 100
53 152
82 163
62 109
34 71
12 35
102 142
125 152
23 149
1 84
54 155
30 100
72 120
83 169
94 97
49 164
41 151
43 67
95 98
25 67
26 66
22 54
37 161
67 141
114 153
107 167
137 157
47 162
7 90
69 71
38 170
111 136
146 168
22 110
134 157
23 35
76 128
17 83
22 31
5 99
42 150
48 163
25 168
23 71
18 122
80 117
116 158
123 125
82 90
38 122
80 94
26 40
70 169
5 153
8 87
71 75
38 86
18 52
18 62
17 95
32 87
53 69
107 119
5 168
62 98
121 165
44 163
20 113
52 108
56 127
80 93
8 86
69 130
5 124
36 114
8 57
97 116
120 141
14 104
12 130
112 162
58 111
132 165
87 169
128 131
12 134
11 40
74 159
8 161
31 168
44 139
21 112
56 63
52 94
48 142
92 160
19 136
72 109
70 129
71 146
50 167
32 111
33 35
41 152
0 30
124 128
59 101
55 139
36 60
53 108
78 143
8 110
25 100
71 97
16 167
44 142
10 57
40 71
11 62
70 126
79 115
26 102
135 159
8 51
35 144
32 171
11 106
53 170
49 112
92 168
41 170
13 105
60 112
10 100
23 79
36 163
44 137
125 132
59 168
95 165
150 167
94 124
81 143
27 92
111 134
4 38
13 149
57 81
72 81
69 97
31 91
36 113
24 171
29 123
5 102
9 106
11 85
23 148
91 155
117 156
59 114
62 111
16 168
120 169
58 79
0 118
54 121
13 67
118 158
7 68
22 141
125 156
93 144
28 30
56 102
85 170
23 154
102 140
41 98
32 103
113 134
133 166
50 135
80 101
11 46
89 117
71 143
88 131
34 164
36 134
66 128
117 129
21 66
88 158
59 128
108 163
118 148
5 138
20 169
1 75
30 134
6 114
12 100
72 159
51 163
42 167
1 64
43 139
39 143
130 165
58 84
30 168
160 166
43 164
104 152
2 75
8 119
2 140
38 58
92 166
38 163
20 54
25 115
151 160
0 163
32 61
21 124
86 166
10 139
121 126
144 163
45 49
29 108
36 141
143 161
4 169
14 34
49 121
59 143
131 160
4 47
90 114
93 158
43 85
64 120
26 95
12 102
11 87
47 159
62 114
132 142
38 82
28 105
6 168
45 146
3 117
57 91
60 70
45 65
42 151
35 58
29 139
18 161
28 158
2 73
13 141
78 137
117 162
64 99
152 158
87 129
71 127
18 137
26 124
60 159
33 67
7 50
22 135
120 133
61 77
59 67
16 162
151 156
115 140
27 137
6 79
155 162
113 145
73 84
46 103
38 126
130 159
14 43
105 107
63 154
21 53
135 140
124 163
77 163
15 59
83 112
34 135
133 157
107 122
99 137
142 162
67 153
51 125
82 118
8 90
65 155
36 103
39 162
34 119
39 51
11 68
68 113
13 83
38 107
24 95
32 55
93 156
26 123
37 136
144 152
15 24
90 123
66 101
113 130
5 13
28 41
29 110
85 157
48 78
26 160
160 164
74 90
8 121
87 105
63 93
54 77
10 120
99 130
4 107
26 37
59 68
21 172
10 158
7 168
38 128
35 167
169 171
65 97
14 134
26 151
144 149
25 50
148 152
132 141
49 151
102 130
85 145
4 33
21 107
14 111
10 37
41 67
16 47
6 47
25 43
42 157
32 64
6 60
60 88
16 115
38 84
0 84
58 122
92 171
12 53
12 54
46 137
19 167
19 38
31 115
89 113
84 139
85 166
150 160
19 141
7 18
96 125
73 165
72 74
32 113
94 147
71 104
35 74
99 100
139 151
0 62
73 121
81 88
23 87
23 120
135 156
4 83
52 172
75 147
24 111
41 110
65 75
35 73
28 122
36 71
37 89
48 173
113 170
23 53
71 165
14 71
110 120
27 77
61 160
86 148
91 171
11 122
6 110
2 78
15 129
27 38
79 165
75 110
31 58
6 67
95 106
70 153
55 98
39 145
21 168
141 172
97 108
36 161
13 42
98 101
109 116
61 99
146 158
59 142
82 92
74 154
60 150
0 44
77 160
1 148
68 167
63 135
113 154
77 130
30 160
6 41
7 71
56 66
86 125
104 125
57 66
87 147
79 80
16 127
7 51
10 107
40 155
18 132
51 68
5 17
4 95
56 78
26 122
52 152
79 135
77 161
80 137
96 115
53 106
37 138
47 88
56 122
68 70
12 104
133 141
82 124
23 107
87 162
156 169
107 117
61 137
77 92
120 142
38 81
8 129
57 127
71 92
13 121
65 123
7 60
43 99
34 98
39 94
4 121
81 132
57 143
47 171
62 76
66 156
122 172
103 150
84 97
95 160
15 114
116 156
82 110
28 128
141 165
117 138
59 62
89 147
83 132
88 148
115 141
94 134
54 67
65 153
69 123
85 141
105 144
144 158
88 138
62 151
131 133
24 76
46 131
81 148
41 142
30 73
55 83
46 147
19 67
136 137
42 172
122 144
59 64
50 172
32 140
10 16
9 124
36 153
6 99
37 152
39 144
31 107
135 152
45 152
141 157
108 153
57 155
46 57
4 125
16 79
79 128
142 159
20 81
40 146
27 158
51 55
27 113
17 30
22 25
21 165
22 132
61 102
24 35
49 133
28 65
103 158
120 140
5 120
18 103
110 112
44 78
86 152
37 137
125 135
17 146
63 97
135 162
103 133
2 120
66 100
3 62
44 52
20 74
2 116
11 82
45 95
21 83
75 98
139 149
21 78
31 56
17 78
140 157
65 90
50 134
37 64
2 23
45 145
28 73
31 135
43 111
63 124
18 158
125 171
135 163
14 32
57 169
29 159
60 111
0 136
43 45
11 32
115 137
88 140
78 172
32 118
109 113
56 64
92 125
42 101
4 154
49 168
10 140
46 83
68 170
57 139
28 42
29 55
158 167
79 96
92 149
136 145
124 145
37 73
51 77
26 35
13 43
48 129
37 65
102 151
42 108
42 102
9 53
33 129
102 149
10 168
33 170
50 138
17 41
68 111
9 111
8 45
38 148
10 109
25 101
89 121
15 138
109 136
44 110
87 137
65 92
12 70
87 160
13 29
92 118
33 43
86 99
119 130
75 87
129 164
122 145
83 158
12 29
58 141
9 86
54 57
50 155
86 158
43 74
55 78
47 85
26 42
24 120
115 162
94 112
58 134
15 144
98 166
67 90
16 61
157 164
117 123
8 127
37 130
31 57
102 136
161 169
55 82
96 108
2 94
94 162
100 171
36 46
31 63
108 168
0 150
2 156
82 162
37 125
71 171
96 122
64 118
60 109
8 47
42 125
135 167
131 135
34 86
20 67
64 95
52 143
26 63
74 87
46 98
146 164
1 118
17 140
60 94
107 169
19 81
54 86
16 69
103 144
79 149
100 102
106 173
150 163
59 148
54 100
49 66
0 126
30 151
31 87
19 77
29 116
96 151
60 91
45 102
22 51
20 124
53 149
27 85
8 40
29 89
21 60
31 61
46 64
118 123
62 103
23 55
90 146
88 162
40 70
86 124
88 129
69 108
20 152
127 144
22 45
9 171
102 135
26 62
0 60
1 89
48 110
97 121
33 173
13 112
56 164
26 165
51 154
61 108
12 128
57 159
93 131
125 131
18 151
1 55
23 165
7 103
20 157
20 134
149 172
72 97
5 69
130 160
14 148
38 44
15 168
67 133
51 131
19 57
65 110
18 126
126 157
44 103
39 137
88 146
47 69
132 139
39 122
17 154
0 33
30 153
101 168
122 168
130 133
16 63
18 48
35 37
30 49
16 161
15 113
76 84
79 108
110 147
53 139
44 57
5 37
35 62
74 140
10 113
14 41
28 113
99 171
52 140
96 137
49 126
46 48
74 126
10 136
155 172
35 148
41 62
92 111
35 137
69 93
2 133
20 95
1 19
69 171
56 80
17 145
105 169
28 114
6 23
3 114
14 131
53 97
65 100
134 158
117 126
118 156
105 147
30 136
0 119
93 134
128 166
31 100
80 116
42 85
17 171
24 145
114 149
29 114
5 71
96 114
71 126
9 173
7 111
42 153
44 93
17 27
21 123
9 88
37 79
120 166
36 95
13 82
163 167
58 150
17 122
75 146
2 115
101 125
116 146
51 127
115 121
2 137
82 83
3 44
67 80
10 67
25 155
95 101
144 150
45 78
94 154
74 170
74 84
20 165
77 83
69 135
0 143
3 42
16 38
159 171
38 162
15 99
53 137
68 148
48 106
2 166
60 144
54 150
18 173
15 164
86 111
54 164
24 106
0 121
23 163
56 150
50 107
22 93
42 47
115 173
139 160
96 149
67 105
36 135
39 75
19 135
22 100
32 42
53 95
16 171
65 114
8 131
41 117
66 110
50 71
85 126
40 48
31 60
72 115
19 47
21 26
134 138
75 154
12 132
118 120
12 45
49 128
13 84
44 127
89 160
5 24
7 73
39 113
50 151
4 170
51 114
28 39
11 152
36 102
126 167
129 149
55 164
68 116
106 125
1 134
8 63
6 25
9 104
0 7
87 142
27 168
0 63
4 87
64 77
5 131
13 130
111 120
83 96
50 64
47 170
36 146
98 156
25 71
39 103
9 130
22 76
49 132
31 162
34 35
5 33
117 173
19 26
5 16
40 141
143 156
25 109
65 144
6 29
72 135
54 147
27 142
23 78
77 127
5 97
25 84
32 69
99 123
72 106
43 117
90 171
28 120
136 167
12 155
23 142
62 172
68 146
28 146
55 105
112 138
14 81
38 100
56 100
107 134
136 141
13 98
63 79
15 124
26 134
4 68
33 87
131 157
79 101
85 93
11 164
65 99
3 46
109 141
33 48
48 123
23 48
23 98
95 132
112 145
49 79
83 136
89 168
71 77
65 164
1 96
41 118
44 91
40 98
3 18
27 101
76 121
157 169
103 149
15 166
48 103
59 79
20 122
75 112
78 82
24 136
144 164
57 99
75 138
21 148
37 129
23 82
135 144
121 122
52 98
18 72
50 74
76 159
20 116
87 166
32 92
59 90
11 142
102 169
119 131
84 105
24 102
26 112
6 50
28 80
9 142
117 160
1 86
6 48
31 52
41 144
15 45
117 157
47 51
23 30
164 167
111 131
44 166
43 158
68 138
28 144
34 83
59 61
13 162
20 138
137 172
58 158
42 100
87 95
48 63
18 164
128 160
45 52
2 53
31 84
13 34
6 166
71 80
25 74
131 146
71 107
96 102
43 129
10 23
5 29
47 173
1 88
50 99
11 13
78 128
159 166
37 78
123 130
18 109
107 141
21 69
85 107
18 160
81 97
27 165
67 123
91 144
62 99
76 125
117 154
85 161
46 55
22 126
118 126
33 62
118 137
32 93
84 91
71 156
25 48
64 105
48 57
128 138
121 127
92 97
9 21
52 101
100 106
4 20
24 45
40 167
41 80
33 166
6 133
144 145
39 114
10 62
6 19
33 95
8 135
4 40
85 116
9 63
93 149
114 141
81 118
20 32
42 148
34 38
19 66
160 167
122 154
140 167
72 101
139 158
10 144
4 151
13 27
24 64
2 148
104 128
14 82
141 173
16 125
33 126
63 100
120 153
2 104
61 167
38 131
27 169
66 104
16 72
2 117
35 91
66 138
2 38
45 171
47 72
16 43
151 165
44 84
141 168
43 144
39 126
82 132
43 119
108 149
88 96
24 103
145 148
92 102
4 123
65 82
17 60
41 82
21 23
21 133
32 89
17 100
60 141
98 99
69 149
44 115
46 165
13 41
17 87
31 116
30 80
43 66
133 156
45 157
19 139
39 127
17 170
5 143
71 94
85 159
25 118
11 30
20 137
1 155
14 95
73 148
48 109
43 154
48 125
113 151
76 89
9 93
73 91
24 144
38 104
63 103
83 138
0 46
142 167
58 132
10 124
21 103
27 162
6 75
29 92
42 72
51 162
108 151
53 81
13 158
96 144
28 72
38 132
9 148
44 67
35 161
92 98
92 128
21 34
52 89
24 55
151 158
28 116
114 132
58 117
63 126
36 138
67 147
39 89
28 160
79 144
51 89
124 139
46 68
25 51
13 148
166 171
50 166
17 24
43 168
24 110
63 65
1 166
12 167
98 126
17 120
30 40
137 167
75 105
55 166
133 155
49 150
22 28
168 170
89 171
37 98
47 54
9 18
88 90
47 97
46 167
55 168
30 106
72 157
123 163
94 168
43 73
88 165
62 169
5 82
16 30
54 98
154 157
37 54
24 146
149 152
35 50
101 173
147 173
1 131
9 25
1 107
72 171
7 110
92 130
58 103
125 151
156 171
167 173
23 26
17 68
83 171
9 30
118 131
43 122
38 95
28 99
21 110
13 44
13 66
126 163
98 120
0 112
70 168
110 124
65 116
107 150
77 141
115 149
9 39
80 136
6 130
55 130
98 121
126 162
11 19
36 126
47 63
59 130
14 142
38 101
93 122
162 163
96 106
14 140
27 41
134 148
3 6
19 170
2 13
39 53
39 96
44 59
40 55
57 103
27 70
19 31
90 161
10 33
6 127
13 68
106 160
30 36
49 107
82 99
60 107
71 79
49 111
84 158
55 162
25 105
82 137
0 90
17 88
81 94
140 141
95 173
79 137
97 125
66 85
21 75
23 38
54 145
5 91
38 87
137 149
117 136
32 98
31 92
31 125
0 69
90 168
140 166
73 150
19 137
12 98
35 168
3 45
62 100
72 96
83 134
41 61
138 162
148 149
122 167
12 52
22 121
79 104
101 121
32 145
71 95
35 112
44 126
64 125
48 83
15 137
58 167
91 120
65 87
6 86
82 108
29 133
102 166
139 159
10 80
109 160
97 107
92 138
43 48
15 31
21 76
76 119
133 153
116 118
87 94
22 40
123 132
57 85
63 160
5 85
167 168
33 148
13 96
112 149
50 83
59 73
29 164
80 156
0 58
16 25
62 88
95 147
29 131
121 156
0 11
164 170
1 16
74 116
90 141
92 150
38 85
122 151
2 88
9 45
26 27
9 108
51 91
37 109
145 151
49 63
43 153
38 171
45 166
50 87
10 14
26 104
12 39
34 166
99 124
0 42
2 83
49 125
139 163
137 151
6 89
14 24
39 148
39 68
11 147
23 93
76 124
42 48
9 50
63 119
59 92
89 105
62 149
8 146
45 51
118 132
36 57
30 56
124 129
40 139
11 117
24 29
3 20
42 132
76 137
79 93
87 154
128 140
132 144
71 163
95 168
55 86
5 157
139 153
9 19
86 127
35 117
80 153
78 164
3 35
0 82
40 92
32 128
8 18
158 173
3 99
1 172
93 106
63 69
11 51
144 169
50 164
59 113
5 100
12 38
104 131
88 115
110 143
128 169
109 145
13 171
22 103
18 49
53 88
97 101
107 126
121 164
103 153
54 112
4 109
85 138
26 28
80 148
2 36
57 95
106 167
1 65
62 94
8 92
77 132
69 152
31 145
61 67
32 164
82 152
24 84
3 29
25 46
30 32
18 53
83 104
98 149
35 68
65 104
34 168
31 133
123 158
44 162
148 170
0 5
148 163
41 130
61 166
29 70
81 83
134 139
111 112
76 102
110 113
32 123
8 98
34 150
22 83
130 158
16 172
79 123
82 89
24 57
1 66
36 59
122 127
55 134
33 149
29 32
75 123
108 125
13 58
21 167
136 153
8 149
114 168
1 153
120 172
39 131
15 98
93 109
85 101
71 101
45 134
73 136
8 84
63 171
86 149
7 13
2 143
8 123
60 100
154 160
60 120
24 38
73 138
70 73
0 171
52 55
22 72
41 132
10 40
25 130
40 69
9 23
38 109
13 166
61 97
8 124
23 40
53 135
129 160
104 162
86 95
147 169
111 123
22 67
14 96
22 32
123 169
28 141
119 135
60 63
136 159
26 146
119 142
6 77
27 149
21 82
69 133
138 156
42 129
71 168
2 29
38 123
70 92
9 75
37 160
47 71
11 165
82 131
7 163
62 152
34 149
87 115
89 132
51 78
13 32
51 149
94 163
74 97
44 76
167 172
59 139
0 98
40 81
2 43
0 24
64 119
0 8
69 83
31 130
107 123
20 27
91 169
100 156
24 53
86 132
90 97
34 40
29 82
10 56
0 67
25 69
120 135
62 91
50 161
38 110
34 169
84 124
107 170
5 148
28 49
93 104
24 42
77 165
52 121
84 157
97 172
7 126
40 109
79 84
34 54
28 115
31 152
132 157
106 118
50 159
0 134
83 127
46 75
14 79
56 136
125 170
71 139
106 135
19 111
146 160
100 112
2 128
116 136
5 40
20 125
57 107
137 170
52 161
79 95
15 30
4 131
13 71
130 173
36 157
106 116
49 108
39 69
60 118
95 126
64 107
133 146
56 65
6 55
5 87
58 88
78 166
28 110
58 81
8 102
108 170
30 169
91 112
33 111
48 82
0 38
2 51
100 103
27 95
12 97
40 145
156 162
101 153
35 43
24 44
74 166
15 132
2 114
58 108
30 37
105 117
150 152
109 123
134 168
41 116
105 126
108 133
6 169
12 99
119 169
105 161
52 70
28 132
83 99
4 42
49 97
107 116
95 112
88 106
13 167
94 143
10 48
38 157
43 47
57 132
36 143
7 162
84 115
95 171
5 92
84 130
51 85
120 134
120 126
95 107
15 162
12 159
22 43
60 154
16 26
12 43
57 120
60 79
100 120
54 79
99 106
30 62
34 108
9 90
23 114
122 163
108 161
72 134
2 47
83 105
48 132
36 129
78 104
18 37
18 32
7 12
111 161
43 46
69 94
56 88
37 153
107 161
97 106
54 129
141 167
108 113
11 118
9 163
24 166
99 113
73 143
41 173
32 49
74 158
51 100
28 127
87 165
112 171
92 146
15 86
64 138
3 151
6 108
4 59
100 151
81 131
43 82
53 146
4 143
83 139
2 101
117 120
42 131
66 129
30 135
76 136
29 173
1 3
95 99
15 117
107 155
30 55
80 147
38 106
76 78
75 83
80 133
19 105
40 85
55 68
15 47
30 69
106 152
96 155
43 89
72 152
58 153
77 80
38 66
26 30
39 104
25 60
54 119
77 122
24 161
79 107
127 128
60 74
134 159
101 130
119 157
35 42
3 72
105 127
14 170
35 169
67 74
98 100
58 135
113 168
81 115
0 138
128 163
10 118
80 171
4 111
25 152
36 165
140 162
0 20
45 56
39 61
90 134
7 148
70 155
31 158
56 108
46 88
34 39
29 120
36 124
16 87
11 129
74 95
8 32
47 67
45 79
105 106
22 131
34 158
40 59
54 152
34 96
59 172
46 73
88 144
98 106
100 155
52 162
53 168
123 155
106 147
33 124
11 110
3 58
45 89
44 75
145 162
140 173
29 60
39 121
154 173
2 142
76 150
85 167
7 116
62 127
40 161
30 121
129 163
66 94
2 93
14 129
5 15
129 133
20 94
111 172
24 98
47 138
6 120
132 166
108 118
131 151
3 78
40 153
27 156
126 138
66 163
76 133
47 161
27 150
102 167
15 83
147 164
71 166
41 121
68 171
76 77
70 99
29 35
88 168
65 71
13 30
94 151
67 99
29 153
105 164
56 113
69 116
39 45
66 73
45 67
133 149
46 78
45 57
13 155
63 123
78 94
15 109
132 159
29 42
30 42
30 112
43 141
65 170
37 60
19 162
137 173
142 155
74 106
28 154
22 58
25 88
123 172
4 164
72 131
15 128
71 103
87 91
19 164
8 118
71 117
0 35
127 130
119 136
115 151
83 149
80 113
44 114
77 78
113 146
26 84
3 25
35 38
132 168
128 142
94 157
100 149
36 69
7 69
75 92
63 88
162 172
0 114
52 65
17 84
28 76
127 129
29 109
47 124
37 172
128 167
52 151
23 58
79 81
59 65
109 172
55 140
59 138
33 144
23 128
29 96
77 129
17 169
87 156
131 153
34 95
49 70
4 55
29 158
60 87
47 133
56 89
39 78
113 119
8 24
102 168
71 86
54 120
49 71
88 152
74 78
69 102
28 173
37 66
15 155
66 112
47 172
1 42
114 129
144 153
52 164
50 56
46 89
156 164
91 143
4 112
10 149
56 160
66 119
6 21
105 128
96 134
73 80
84 170
58 105
25 64
48 136
1 73
17 80
99 101
164 169
57 161
53 54
170 172
94 161
17 142
70 77
29 105
110 160
65 98
11 16
58 165
84 126
106 172
31 117
6 52
2 165
104 156
82 88
55 142
16 118
3 41
118 133
37 156
109 124
65 163
47 82
70 96
121 145
30 57
53 77
54 116
13 80
20 158
86 108
101 127
11 90
49 96
40 159
73 98
104 169
95 102
39 168
49 95
60 172
36 67
48 166
53 136
81 136
1 137
96 138
30 148
125 153
15 46
24 142
102 106
156 165
2 154
137 150
42 71
89 104
35 98
21 30
28 45
14 21
91 99
67 172
21 122
130 141
85 162
21 126
78 161
5 117
42 45
53 160
13 153
15 21
66 136
70 114
55 107
3 124
20 71
122 166
12 48
121 144
28 35
55 136
18 95
1 109
13 20
41 139
77 170
61 149
20 98
44 87
58 93
40 41
33 159
56 141
50 139
71 98
118 149
97 105
9 22
108 164
15 37
147 160
48 71
17 81
5 119
58 139
52 58
67 104
20 111
62 117
2 24
31 97
46 141
41 159
40 65
27 155
17 92
119 153
80 130
31 33
81 155
138 159
19 95
124 142
66 99
136 138
139 143
87 99
63 110
112 129
148 161
111 166
82 157
21 99
2 69
27 114
10 143
12 116
36 91
24 133
19 45
47 108
104 159
53 58
73 129
83 89
154 172
62 72
12 62
7 173
96 156
115 145
77 126
45 112
3 75
33 119
15 62
44 56
91 165
21 128
14 125
21 114
55 75
11 57
103 166
154 168
0 173
59 78
87 108
72 122
43 131
4 76
56 157
6 113
18 152
2 97
155 160
101 167
18 40
69 80
4 136
164 166
67 83
59 159
38 158
11 127
105 142
19 51
115 160
81 145
48 100
56 67
21 166
13 157
69 168
33 171
31 108
92 173
53 166
99 132
112 118
4 126
8 34
102 125
44 80
61 117
22 66
24 165
142 149
138 160
22 82
111 154
18 144
28 171
55 149
7 164
62 116
34 138
14 76
97 166
100 159
37 154
19 88
79 166
83 155
90 105
97 156
78 95
16 130
59 146
144 159
10 42
1 69
82 151
83 146
31 102
40 154
78 157
8 56
128 145
46 59
92 141
84 127
20 103
41 143
25 104
88 122
30 60
27 93
10 101
136 152
7 171
25 157
93 124
52 84
80 86
78 88
7 21
24 153
17 53
46 135
83 123
54 125
58 120
7 152
98 110
67 166
134 155
115 166
96 160
5 105
55 109
155 167
38 150
97 145
3 171
54 148
31 169
126 145
155 165
26 131
60 62
15 42
1 63
51 65
92 99
34 93
100 170
123 142
42 56
10 115
86 110
91 135
35 116
31 101
49 93
34 91
120 163
67 88
38 91
7 44
1 103
36 51
86 163
11 38
68 154
56 121
62 119
30 91
75 130
37 57
22 107
64 116
36 72
65 140
1 22
123 166
11 145
81 107
44 62
31 104
28 43
28 59
66 98
87 123
22 153
49 78
50 170
21 169
19 21
18 43
26 143
114 140
23 70
86 165
71 121
79 161
36 96
7 160
68 94
43 145
66 87
137 145
7 161
65 72
99 120
42 87
109 131
5 109
55 135
51 62
118 129
6 30
103 122
134 167
31 48
149 164
43 137
160 168
99 126
3 148
88 147
117 167
26 74
113 123
62 153
68 133
20 44
68 145
12 24
90 104
3 69
107 146
22 61
32 40
56 112
13 14
49 156
141 170
14 117
79 172
41 136
120 162
163 166
77 88
148 158
0 129
87 164
6 88
43 106
70 87
61 127
112 153
43 142
22 104
16 76
105 124
21 44
96 157
94 167
82 144
119 171
60 96
3 121
48 50
2 124
48 138
33 37
39 86
126 127
44 129
68 72
29 46
106 162
41 79
94 172
22 146
24 138
66 123
11 153
42 111
5 22
27 129
122 157
105 143
21 54
86 102
147 148
70 166
55 123
58 59
30 78
37 99
81 164
41 123
41 141
20 144
48 146
109 154
41 111
55 111
53 107
26 78
89 169
3 116
58 102
76 127
98 135
8 125
112 167
18 63
64 162
27 127
90 151
56 109
27 141
35 100
151 167
45 139
51 113
74 125
58 74
28 126
114 128
15 173
52 105
30 85
12 122
87 109
66 137
46 126
18 162
31 105
57 73
33 91
160 169
19 60
69 119
11 21
111 160
34 114
35 85
93 164
135 147
1 124
79 127
73 99
46 56
111 143
51 120
20 107
56 131
51 166
84 104
11 168
115 170
132 147
49 159
59 150
104 147
136 169
46 70
70 74
78 147
12 140
46 76
21 39
63 71
7 57
22 81
47 101
112 152
0 157
21 86
123 148
15 66
57 156
66 125
60 85
127 156
36 82
27 61
85 110
63 158
36 172
42 57
19 71
78 86
56 128
17 62
33 49
89 100
29 161
53 83
129 147
12 141
96 127
26 75
63 68
139 166
94 164
126 150
22 136
13 48
107 166
61 131
120 125
31 163
42 46
119 160
0 65
106 130
138 149
24 127
38 83
104 137
40 78
62 92
41 163
54 151
28 164
124 156
111 158
58 98
10 36
44 134
89 120
32 99
119 143
102 116
30 162
101 155
39 128
10 163
58 96
112 143
25 95
106 150
59 129
123 126
38 146
67 96
83 100
33 71
14 70
20 88
58 82
87 90
71 119
15 16
39 84
43 121
76 171
106 110
11 92
110 168
91 142
85 97
127 153
151 164
61 140
5 103
43 163
23 173
56 99
30 70
62 67
89 103
24 130
29 94
53 124
7 9
27 47
82 165
60 138
11 33
137 169
51 61
84 86
6 71
6 9
105 154
36 111
35 72
71 84
57 70
121 131
42 93
106 169
134 170
41 135
107 165
94 118
17 72
68 95
50 69
34 62
34 105
83 168
55 100
83 154
9 15
11 86
22 165
31 120
82 96
38 118
73 131
18 82
39 117
73 132
37 147
67 97
50 89
106 134
83 131
76 103
44 117
91 147
10 89
94 160
136 146
15 111
11 50
59 155
17 93
61 107
109 130
49 170
50 118
82 169
2 17
31 95
69 107
5 66
34 56
3 56
86 113
17 162
44 161
72 150
101 166
10 71
26 145
87 132
7 131
85 156
45 75
73 173
152 155
7 65
0 127
57 89
73 103
57 170
50 154
67 70
31 34
111 146
32 33
4 101
45 106
57 134
10 93
9 144
141 159
4 148
87 171
0 169
22 149
99 109
2 153
47 86
53 134
123 141
18 155
20 36
125 149
15 63
141 146
101 129
29 135
20 142
23 124
126 140
26 82
44 165
68 115
139 170
41 115
48 165
102 137
66 152
36 83
118 155
40 133
47 50
12 154
147 150
4 67
15 77
0 66
19 44
5 104
66 103
17 79
58 162
94 171
95 119
63 155
11 126
54 97
23 47
26 154
96 101
72 169
37 171
41 161
59 86
7 49
57 93
37 144
22 37
105 171
75 99
70 115
56 155
3 59
136 172
14 60
63 76
71 140
50 54
30 77
86 87
25 55
23 169
54 71
85 151
90 165
59 102
70 123
125 161
37 91
3 39
16 165
129 171
48 148
25 103
78 158
68 114
12 108
32 41
58 156
163 169
103 124
25 117
28 137
115 122
62 79
45 64
82 106
16 29
55 58
36 150
41 147
104 118
32 154
18 119
159 163
81 170
18 166
5 156
53 114
120 132
1 24
133 163
58 173
23 43
31 82
24 27
107 156
117 119
26 162
28 108
33 156
147 163
69 92
14 124
1 80
73 92
70 101
75 157
5 76
58 154
75 139
28 109
65 137
94 131
36 61
57 130
8 147
65 124
140 152
61 113
78 103
81 114
60 92
7 74
15 158
165 166
103 109
38 79
149 166
64 150
62 156
10 98
43 68
49 59
43 124
50 111
33 132
1 168
15 79
119 123
7 105
59 109
1 139
23 166
28 145
119 168
146 155
61 156
69 154
147 157
63 121
165 171
19 142
51 112
85 129
97 109
15 169
19 168
101 112
68 74
143 168
9 27
78 167
65 169
20 119
126 128
13 154
49 122
54 126
46 90
55 143
114 144
142 163
7 67
89 167
22 168
161 164
81 142
11 65
99 134
23 34
41 70
60 125
109 143
137 154
22 172
144 151
67 162
34 88
97 159
36 140
83 124
24 148
30 84
29 130
39 158
93 147
3 164
43 54
87 138
131 145
117 151
26 68
38 155
60 160
12 69
72 148
135 165
16 108
73 107
69 82
61 143
0 164
14 36
31 132
20 35
93 94
86 159
114 173
83 101
22 109
54 157
76 82
64 104
16 121
4 58
14 138
14 152
46 106
118 135
10 13
108 173
93 95
9 109
10 55
149 159
34 79
0 59
0 40
33 140
27 76
54 114
9 157
22 113
49 101
7 52
136 171
133 137
127 134
31 142
47 80
61 155
21 28
15 96
67 142
70 138
3 66
83 173
81 105
65 83
1 31
68 124
83 164
165 173
25 165
2 161
10 41
23 147
34 84
36 173
73 162
37 135
60 121
24 39
72 114
64 76
43 69
63 170
41 167
75 132
59 88
43 76
3 61
109 167
44 131
124 165
27 63
33 130
39 48
3 95
94 105
7 146
18 141
47 109
131 132
24 36
50 106
10 82
10 75
93 153
1 72
111 165
80 104
11 69
49 127
16 74
147 153
100 142
98 146
17 25
59 96
110 149
57 153
33 79
2 147
74 157
55 119
10 122
1 169
58 114
52 112
16 159
83 91
18 89
19 171
39 154
10 31
93 100
24 82
72 137
30 155
65 149
7 144
34 167
4 18
5 154
74 164
62 147
40 103
79 106
12 114
48 120
0 51
67 91
53 131
5 61
40 50
1 32
6 10
1 158
30 143
28 85
132 155
36 107
84 160
37 112
87 92
45 170
95 100
39 119
25 56
45 135
37 140
93 97
4 157
111 142
67 131
16 132
62 65
77 137
65 143
136 143
42 121
6 164
106 139
99 169
77 97
52 139
142 144
20 145
46 109
106 141
30 97
45 73
3 87
8 104
4 155
20 80
107 130
123 149
46 130
133 134
0 95
14 168
56 116
129 143
11 112
126 153
24 140
18 71
103 126
29 122
88 104
68 102
86 123
31 106
110 150
102 144
43 98
145 173
59 80
21 113
26 54
89 95
32 163
75 137
28 74
75 116
46 69
43 165
14 132
96 128
28 96
13 91
37 52
48 161
72 88
83 153
54 141
33 110
151 153
74 117
93 125
35 104
15 116
103 132
7 56
17 35
55 145
124 131
16 62
9 35
70 85
39 165
4 117
33 136
18 169
51 167
122 161
15 139
16 134
50 113
75 121
82 170
46 97
33 121
98 103
13 142
44 53
66 82
43 112
33 146
127 165
80 135
21 131
19 155
111 114
64 82
119 132
62 140
43 171
33 169
30 35
108 138
98 137
120 161
123 143
13 113
79 99
36 169
30 150
157 161
124 172
149 151
115 147
76 158
76 164
83 141
55 133
40 86
54 95
57 171
136 173
52 85
114 161
82 146
57 154
0 19
39 109
108 137
61 118
125 154
22 35
68 110
15 130
75 129
113 153
110 148
71 129
37 82
77 108
35 163
126 143
0 28
9 24
24 154
33 96
108 140
95 143
41 149
47 115
42 92
70 127
4 99
64 96
89 154
11 29
22 99
3 82
42 164
11 169
78 110
13 143
93 111
14 28
34 109
16 53
30 96
108 147
77 167
27 94
137 153
107 145
89 163
113 132
65 79
93 173
1 116
8 13
10 50
40 64
1 102
11 53
70 110
7 28
30 47
134 142
73 152
101 132
100 108
90 96
131 164
48 75
19 25
27 139
13 31
36 62
77 142
44 73
35 110
34 125
130 142
6 18
15 52
100 173
73 100
12 79
15 126
75 115
15 26
3 34
27 161
12 147
28 92
26 60
45 80
22 120
39 166
61 164
101 150
98 108
109 117
58 89
27 71
106 154
25 45
23 28
120 139
141 143
52 138
72 162
94 144
48 141
75 88
59 133
82 91
94 155
74 122
7 140
139 140
4 116
43 51
89 170
38 60
12 135
7 14
107 109
10 170
60 145
12 77
51 115
51 148
36 100
3 14
61 173
48 144
11 49
146 157
88 149
56 105
74 165
4 49
42 60
12 32
116 169
73 167
45 138
39 173
41 157
105 162
46 166
38 111
53 75
61 136
46 81
79 117
30 149
27 56
124 169
51 164
90 121
3 115
35 124
10 61
51 170
4 127
74 135
17 97
99 163
142 147
1 136
5 136
16 83
0 81
127 157
92 133
69 137
87 89
26 150
124 138
99 157
51 87
1 14
87 128
75 141
47 55
62 74
27 45
100 105
65 134
106 166
14 116
26 172
85 92
37 101
43 91
69 78
83 161
47 52
18 46
75 161
136 157
96 98
90 153
138 150
55 115
6 138
18 42
71 157
110 156
113 137
159 164
4 29
73 120
38 142
15 43
54 107
6 56
35 70
16 106
110 157
131 166
76 106
45 165
17 29
128 150
116 131
42 124
56 107
34 106
53 82
18 36
33 163
90 149
14 22
21 151
48 97
86 114
57 74
15 70
128 143
48 66
144 166
9 118
17 94
147 161
37 121
147 152
0 48
52 168
57 68
9 98
75 150
21 33
140 170
29 149
56 163
123 170
53 132
126 136
66 173
27 29
66 130
7 167
124 148
87 167
25 86
50 127
102 112
85 158
111 147
86 140
68 81
101 145
106 114
9 44
53 55
33 81
72 107
13 110
153 161
7 118
111 150
104 149
2 151
128 136
30 118
9 26
20 159
84 154
114 138
84 94
152 168
82 136
6 74
72 155
48 151
66 164
119 155
144 173
17 138
0 53
62 96
41 166
119 146
9 71
38 152
56 159
122 141
64 117
34 102
29 137
8 61
10 44
76 149
10 166
54 59
38 151
84 137
26 53
45 123
99 127
121 163
18 157
13 85
89 101
55 97
103 137
3 108
46 100
1 44
69 86
159 161
43 50
81 104
15 148
32 101
117 134
23 63
23 143
30 48
53 159
40 164
12 83
61 120
131 163
129 135
95 146
16 104
81 173
82 135
34 69
71 150
74 108
84 107
159 167
45 66
14 59
28 86
35 147
91 122
114 134
9 40
23 92
99 149
35 160
17 58
39 151
67 163
98 152
52 125
52 153
58 133
15 153
93 103
68 155
41 59
53 72
57 163
15 74
29 142
21 35
37 151
105 129
88 137
87 151
81 123
113 173
0 104
48 56
85 121
76 87
31 88
56 144
16 50
36 53
163 171
7 115
112 120
49 119
130 146
28 31
40 169
43 151
144 170
18 165
73 157
36 42
89 149
1 8
66 159
51 173
64 151
116 164
29 54
118 143
49 85
26 73
146 151
79 151
142 172
65 156
36 110
108 126
3 55
33 63
66 135
127 143
40 99
22 106
10 132
33 68
1 57
29 73
34 156
61 83
54 166
78 156
62 170
78 126
82 130
67 92
80 114
68 109
16 146
130 143
90 116
82 95
9 150
71 162
77 124
22 167
89 158
133 164
145 157
109 169
92 139
63 90
0 122
18 110
8 122
138 168
38 92
74 153
70 148
17 77
115 163
3 173
37 41
13 53
88 110
70 141
11 78
93 138
19 58
33 42
30 167
51 147
150 164
2 146
140 168
2 71
115 146
48 130
111 119
109 147
9 129
78 124
124 160
103 151
29 127
8 108
13 170
29 47
35 139
64 143
129 145
75 159
20 100
66 111
89 129
72 127
121 141
7 70
15 172
54 161
48 70
113 136
7 93
10 59
84 168
85 147
113 169
31 173
107 127
136 158
8 77
90 133
77 145
72 133
45 76
27 148
13 46
99 146
74 82
77 147
6 64
10 95
94 133
43 96
8 19
59 141
98 160
106 153
150 156
93 99
95 105
143 147
8 64
87 102
2 39
100 157
59 83
18 83
8 137
37 69
11 41
70 173
40 44
53 120
115 155
2 159
104 107
22 96
37 114
90 129
87 133
66 78
61 147
4 34
55 79
33 52
111 153
8 82
120 128
31 46
64 163
13 119
67 143
63 167
87 144
16 103
49 138
24 105
74 88
22 39
25 145
81 141
105 123
35 107
30 43
0 36
42 113
100 134
121 160
6 103
75 164
35 52
99 136
100 128
70 103
51 94
27 146
49 100
70 97
40 135
80 85
105 134
112 147
110 153
70 113
18 57
65 118
56 134
110 167
14 39
43 123
44 50
56 117
88 132
58 144
78 140
15 102
51 67
21 125
58 129
11 25
60 134
105 172
29 56
132 145
88 124
37 47
24 79
96 103
61 128
50 92
50 143
25 54
13 124
83 113
94 115
127 145
4 160
91 115
123 139
129 144
51 129
129 166
46 142
110 161
148 156
31 166
150 153
15 103
2 160
18 114
14 26
72 124
10 25
38 78
56 139
4 129
114 162
100 166
130 144
50 73
118 136
159 160
54 138
73 117
98 116
62 102
75 131
8 168
37 142
18 29
96 121
34 112
68 100
77 99
32 127
75 80
52 76
21 105
65 77
73 94
23 158
72 89
91 137
137 146
72 144
140 164
72 110
51 83
112 136
10 46
12 152
21 152
31 122
15 25
2 67
55 114
19 146
7 142
25 123
56 103
57 122
71 144
19 148
52 144
33 73
5 141
126 151
17 54
115 139
95 134
104 112
46 107
32 138
52 68
103 119
109 122
50 67
141 166
30 172
48 172
13 59
75 97
69 85
111 138
117 145
47 90
78 135
21 106
81 130
87 155
12 112
5 121
91 161
160 172
122 152
128 168
49 157
63 77
62 121
90 140
50 116
58 68
61 101
17 101
18 27
99 125
54 66
54 62
91 154
39 111
18 69
13 79
12 46
11 166
45 119
114 170
42 156
90 99
146 171
9 137
109 148
50 150
5 106
63 92
1 37
27 33
124 140
33 65
34 142
89 97
43 103
89 162
72 128
4 92
69 74
47 168
65 141
6 139
7 82
53 125
29 129
98 127
11 36
124 164
89 112
18 140
142 170
47 128
8 14
164 165
21 29
1 111
0 162
114 131
27 89
79 167
32 58
35 173
3 136
7 62
129 154
58 160
11 91
37 173
42 66
41 150
85 100
38 127
3 67
112 140
23 60
65 154
31 40
62 158
31 113
27 106
19 68
9 52
45 61
36 37
0 45
95 117
39 62
7 81
42 96
43 150
33 164
16 34
113 159
6 32
73 115
74 118
90 95
19 99
103 138
80 95
116 143
46 128
112 146
108 165
45 126
71 158
47 134
105 158
4 162
133 143
2 171
84 109
27 135
2 119
45 82
0 141
25 144
60 129
130 132
73 128
4 54
91 116
74 112
44 61
106 164
19 43
3 97
94 141
71 102
4 52
106 163
9 16
56 68
117 147
40 73
21 22
79 145
107 139
75 152
30 66
53 163
24 85
56 133
39 107
30 123
60 65
45 55
32 38
77 143
42 59
121 154
88 159
51 75
37 139
80 165
74 130
58 92
129 159
7 137
52 131
56 84
69 142
9 28
20 167
26 132
96 141
96 133
16 60
66 149
15 110
118 173
107 142
47 87
21 164
25 33
67 136
32 63
51 171
51 56
24 86
52 130
117 169
135 146
83 88
25 148
68 99
158 164
71 120
31 49
8 107
157 158
132 172
88 119
20 151
11 115
126 166
18 92
70 105
113 160
20 25
41 60
76 156
15 19
28 119
25 150
18 142
44 147
113 142
23 66
138 164
108 156
40 142
14 109
6 63
46 80
41 122
45 81
6 163
58 73
137 168
49 117
57 148
64 94
1 125
127 154
74 139
0 105
69 151
72 113
4 60
32 135
65 159
37 38
95 167
14 115
126 156
67 75
16 140
68 103
33 104
10 94
80 170
133 135
120 164
59 132
1 28
38 164
0 87
60 171
73 130
89 93
25 87
20 108
88 128
127 167
60 167
63 66
21 68
124 161
48 162
8 172
125 140
5 171
53 76
23 121
41 45
57 64
36 81
86 156
52 120
46 155
125 136
63 159
58 97
23 123
63 137
21 73
30 161
90 137
3 63
72 102
65 131
67 124
58 91
13 74
10 131
94 116
48 168
52 100
