177
11
11526
60
18 2
15 2
12 2
22 4
9 2
25 3
12 3
10 1
10 4
7 2
17 1
7 1
25 4
25 1
26 2
6 1
22 3
19 4
12 5
16 3
17 2
11 1
16 3
7 5
23 2
20 1
8 5
16 1
15 3
25 4
13 4
14 1
9 1
17 2
8 1
13 2
22 5
8 1
19 2
26 4
12 4
8 2
14 4
24 2
15 5
10 2
18 2
20 5
11 4
15 4
14 3
12 5
7 2
27 2
11 4
9 2
17 2
24 5
27 3
17 1
22 4
22 2
25 3
11 1
8 2
6 3
27 4
9 2
8 5
6 3
12 2
26 4
20 1
6 1
9 3
15 4
24 3
8 2
26 1
23 3
18 5
22 3
23 4
12 2
9 1
23 5
10 4
13 1
12 1
12 3
7 4
23 2
25 5
22 3
19 3
9 2
6 2
20 4
17 5
6 4
11 2
20 4
9 1
26 4
25 4
16 3
17 5
27 5
22 1
22 2
19 5
25 3
20 3
24 4
27 3
24 3
22 5
10 1
16 4
19 4
19 2
22 1
14 2
10 3
17 4
27 3
6 2
9 3
16 2
6 4
27 4
9 1
24 5
27 5
22 3
11 3
19 5
8 2
23 3
24 5
27 4
22 1
11 4
27 5
6 5
6 4
11 4
16 2
9 4
13 2
25 3
21 4
11 3
14 1
14 1
10 2
22 1
27 2
22 3
13 3
9 1
26 2
7 2
20 2
19 1
21 5
22 1
21 4
9 3
11 2
10 3
24 2
12 3
22 4
17 2
23 5
24 4
5 131
28 76
66 165
59 128
22 50
33 100
72 108
26 97
39 156
0 152
14 94
104 135
3 81
31 48
10 119
122 127
75 108
36 75
51 153
2 135
34 121
56 170
28 126
65 75
120 123
117 140
88 172
88 139
66 95
108 123
152 157
123 143
10 71
115 153
53 81
75 130
8 65
49 63
51 127
73 95
101 161
101 130
33 70
2 69
5 35
62 63
108 112
57 162
79 137
58 150
76 95
64 113
5 93
48 149
37 97
82 89
28 67
158 162
45 149
27 112
12 42
21 158
88 156
13 161
69 96
79 159
87 167
36 108
70 153
56 107
157 165
15 143
95 99
16 18
66 159
94 142
34 123
117 175
87 166
72 139
117 159
50 150
61 119
106 168
115 137
27 73
82 101
29 140
1 28
150 158
42 148
27 89
76 115
88 147
4 73
76 147
105 173
39 139
92 144
60 63
27 75
22 81
84 174
36 171
78 146
96 133
69 111
33 44
19 138
82 124
14 165
148 157
102 141
58 116
104 126
41 112
20 39
34 72
83 142
31 159
81 87
94 151
73 80
41 162
11 81
77 148
57 93
94 133
90 133
38 89
20 48
143 168
23 73
4 80
26 61
63 113
45 162
61 167
19 118
21 114
94 112
9 26
78 113
34 135
51 54
108 140
49 53
48 143
76 161
99 109
14 144
118 146
24 79
98 134
31 62
2 115
3 113
92 175
141 147
73 126
94 100
98 102
12 22
53 174
125 130
0 89
67 82
26 101
56 78
130 139
4 58
60 81
148 154
4 157
85 103
41 100
3 154
86 127
140 163
79 123
77 89
36 72
17 56
43 138
50 63
12 115
15 65
113 118
6 52
14 109
0 145
117 155
37 127
13 166
96 152
68 135
16 125
26 51
14 87
67 165
41 121
19 96
22 91
126 150
62 119
11 37
46 101
122 145
31 87
83 130
14 84
34 66
37 89
26 131
94 131
14 127
79 125
21 166
68 127
74 134
74 155
132 135
48 68
27 84
44 105
67 123
19 56
139 169
30 69
5 128
119 161
86 90
92 98
1 8
27 150
45 102
88 115
136 174
57 153
7 78
27 45
9 67
114 126
51 65
6 14
67 104
8 108
43 108
112 120
55 93
89 100
6 42
26 172
168 173
8 141
85 152
13 173
104 130
45 79
45 80
41 174
95 115
156 167
1 25
48 104
20 32
52 81
5 145
40 62
87 94
23 77
49 129
47 57
3 72
84 149
48 158
12 47
55 158
59 99
37 150
31 33
81 97
74 122
96 169
76 132
24 54
78 133
118 168
1 31
95 103
123 130
110 159
47 67
54 71
71 176
80 103
19 137
52 166
89 112
82 161
57 65
34 111
53 139
88 111
32 33
30 91
156 171
47 110
67 164
40 68
79 146
63 107
69 98
65 134
51 143
81 153
7 144
42 166
44 171
60 85
53 136
66 146
6 136
53 73
169 174
0 141
19 134
65 71
101 129
38 74
6 48
31 90
7 134
13 130
16 136
32 128
72 89
156 163
14 156
0 13
39 101
124 174
73 125
62 105
44 140
107 113
57 130
27 162
92 133
18 24
27 80
14 110
51 73
47 96
29 112
22 172
59 135
44 120
20 160
98 99
94 138
7 156
125 150
34 87
4 89
131 153
124 133
21 148
88 141
65 145
42 154
34 50
70 96
122 131
0 167
29 134
50 81
27 122
71 141
6 53
25 43
72 94
44 73
6 176
22 25
132 169
114 146
20 22
47 172
39 58
51 80
42 160
52 140
5 64
96 129
23 88
119 167
62 174
1 135
78 95
97 153
142 162
161 175
115 125
143 167
70 108
29 40
101 109
101 143
102 134
113 116
30 38
122 141
30 55
76 83
22 83
93 161
33 62
10 86
17 34
19 123
54 161
119 151
28 45
10 15
122 151
0 98
58 152
96 124
23 96
141 168
106 134
145 169
45 108
38 124
31 93
111 129
82 114
32 152
59 105
93 125
34 104
74 175
38 91
44 155
27 107
56 112
36 63
44 122
41 102
0 45
108 175
90 134
108 157
30 141
33 80
3 121
69 89
12 77
3 172
90 108
74 153
119 136
67 79
60 61
159 164
50 108
76 99
81 130
28 112
57 83
98 115
41 71
8 56
23 149
80 150
59 163
96 121
15 130
40 165
85 156
20 25
0 155
2 126
3 85
136 170
99 114
73 110
105 147
3 92
47 97
86 113
42 46
65 67
61 97
86 117
4 113
30 158
21 57
6 83
64 83
94 166
43 166
2 41
48 64
56 86
87 95
100 109
33 46
15 31
58 141
69 152
85 142
56 124
112 149
17 144
7 47
16 27
14 119
6 29
120 137
105 163
86 161
47 49
64 162
160 170
15 140
18 92
8 173
144 166
35 78
6 30
26 157
101 136
2 53
32 76
55 138
53 63
71 95
125 168
16 173
81 111
84 105
13 100
5 108
81 93
92 116
38 94
35 147
75 175
64 89
8 24
16 156
43 71
6 122
97 140
31 126
8 11
103 128
119 145
40 135
30 46
111 175
20 122
25 28
114 115
54 133
125 127
63 82
133 149
1 11
55 74
3 36
75 90
20 68
27 137
5 63
29 44
33 142
68 149
88 171
0 55
97 131
107 176
36 167
28 71
76 106
70 81
26 94
134 137
49 103
28 29
17 118
6 114
112 126
4 173
52 143
106 148
50 175
101 133
16 86
101 134
32 117
31 172
41 175
3 89
81 162
62 82
45 167
112 147
38 97
0 65
138 152
125 129
5 24
30 142
91 131
94 98
165 173
5 52
27 117
64 150
45 131
105 137
51 140
113 131
39 176
20 143
16 121
78 109
12 150
0 75
110 157
137 141
19 112
109 116
158 164
4 174
96 139
14 115
43 72
74 163
110 118
41 139
21 73
34 144
27 38
15 132
64 98
71 77
5 38
84 92
81 140
15 68
75 153
40 61
3 166
152 154
15 69
35 84
103 111
103 109
13 129
6 61
37 168
119 123
64 80
94 156
87 131
65 77
58 132
103 113
103 124
142 152
5 15
30 71
125 156
2 24
8 166
69 79
136 155
51 57
10 73
83 124
62 90
119 172
79 80
44 129
94 175
52 176
2 149
19 174
46 135
134 138
11 153
36 117
101 102
1 132
42 106
88 122
2 48
90 111
128 157
41 141
7 169
58 66
24 153
151 174
2 22
40 159
76 166
135 144
52 147
104 123
35 81
79 114
39 134
0 54
42 92
106 154
36 98
0 134
46 123
105 136
2 157
82 91
93 139
75 101
4 5
151 157
64 153
45 128
80 84
22 33
134 140
45 101
36 77
42 58
17 176
6 11
107 135
82 169
116 172
99 129
43 156
78 135
13 91
9 106
7 96
70 166
93 134
67 121
28 64
135 166
67 135
120 158
87 140
20 74
62 89
33 56
80 171
31 81
2 74
57 70
34 58
20 94
74 81
132 161
57 60
103 141
39 110
50 67
8 153
19 89
61 117
93 113
69 92
81 106
88 140
13 133
80 110
39 142
74 90
58 159
116 129
103 115
105 150
13 21
130 131
69 171
111 166
114 130
54 136
89 170
70 94
2 103
22 159
85 127
17 71
23 55
21 49
102 176
63 100
144 152
125 141
97 121
100 126
75 172
83 94
85 115
34 131
110 155
135 170
39 83
53 140
148 155
90 94
54 154
54 126
145 155
21 26
17 84
40 154
96 163
113 157
110 137
30 34
168 170
43 110
46 73
37 72
21 128
7 21
36 61
63 72
101 123
9 133
31 76
55 82
86 148
48 174
78 167
7 106
41 129
32 173
68 128
55 134
16 43
3 161
63 74
23 44
103 136
25 143
80 82
172 173
60 74
58 111
47 157
35 51
87 160
7 42
116 170
13 89
31 98
23 49
62 142
44 100
0 114
19 176
0 68
89 155
24 44
13 57
72 157
0 7
51 154
27 173
30 54
16 108
46 130
34 165
72 96
0 173
127 144
47 69
65 107
21 97
72 90
49 127
90 149
39 117
26 90
88 116
45 48
111 162
28 123
11 21
3 115
93 164
146 155
55 67
35 72
33 158
56 118
89 118
36 163
87 126
62 143
20 100
24 88
1 56
48 165
56 148
131 169
18 86
63 165
0 158
65 148
77 140
20 126
6 31
27 88
49 60
66 110
12 134
36 105
57 172
66 78
80 86
119 155
13 112
48 124
141 160
3 132
89 106
77 98
58 61
124 164
124 141
3 90
2 9
17 35
26 142
28 116
8 136
39 136
1 67
52 114
0 32
57 81
106 171
63 131
29 161
32 85
9 119
79 170
101 159
126 176
123 166
1 88
1 57
37 85
20 132
5 107
76 86
16 140
117 148
78 96
29 88
58 158
12 171
3 67
33 68
43 54
98 121
98 125
143 148
61 131
65 144
68 136
30 73
127 173
17 28
52 58
2 119
85 161
50 66
125 162
33 114
46 109
47 48
17 29
46 62
76 103
124 172
28 113
2 27
78 138
132 152
105 128
57 79
14 139
43 49
83 100
55 168
16 167
51 110
1 74
64 133
60 171
31 74
83 159
45 74
50 162
35 133
40 150
73 141
48 136
91 163
63 104
16 45
84 124
62 137
71 133
144 158
60 82
50 69
30 117
103 162
6 119
20 43
59 76
65 139
38 39
100 119
9 20
26 147
19 169
51 120
86 159
47 152
79 160
40 82
81 136
144 172
145 171
112 114
1 70
60 142
37 164
45 73
59 137
23 113
45 68
61 113
54 87
17 119
31 153
23 28
72 110
14 97
53 127
20 144
0 107
36 150
82 111
69 71
7 101
10 74
2 104
19 44
8 16
4 86
10 104
15 105
32 150
5 152
11 95
133 159
10 124
148 164
26 88
6 39
113 142
32 72
137 156
27 125
7 49
23 79
64 157
114 122
18 93
46 68
49 156
6 170
50 115
141 156
19 27
50 82
101 146
125 167
65 165
45 164
90 142
81 139
72 91
0 164
86 168
20 130
102 123
8 23
59 111
151 166
157 161
47 150
58 175
33 167
12 122
31 50
45 98
26 153
116 166
81 171
138 156
14 91
25 151
157 167
35 80
2 55
45 150
102 122
35 71
3 97
37 95
166 174
109 134
104 131
122 134
10 44
50 139
13 26
102 130
40 115
9 127
34 37
57 141
9 124
68 92
69 76
7 131
41 143
133 156
70 110
0 33
121 140
1 126
2 65
69 116
35 48
62 155
70 154
91 105
51 87
114 123
65 153
60 99
2 140
109 161
60 117
54 135
23 101
40 42
159 160
58 114
63 156
93 138
24 159
25 124
85 86
35 124
78 118
106 161
2 58
35 49
118 132
108 138
86 114
104 154
95 145
2 44
56 122
80 100
122 163
86 169
68 87
151 154
38 106
62 100
44 109
12 62
17 50
109 176
29 46
112 172
23 135
29 97
44 116
83 139
74 172
169 172
21 165
94 173
3 70
78 144
28 58
104 160
70 111
6 164
43 105
127 152
21 75
22 103
30 148
15 144
4 68
37 38
18 96
80 160
87 169
54 125
43 128
45 56
27 32
70 134
18 118
60 80
86 133
117 162
103 152
13 164
24 167
37 57
90 161
12 31
50 112
150 165
27 30
111 170
103 165
55 164
9 61
47 122
138 164
34 154
94 141
38 44
57 131
120 164
34 152
90 157
12 140
60 152
109 128
31 119
10 146
137 154
38 43
90 124
53 166
58 126
64 167
44 158
134 155
78 104
11 89
39 55
38 72
59 110
139 155
49 105
20 105
56 97
65 95
37 80
4 120
94 120
27 83
20 137
7 109
104 113
64 129
32 49
66 166
105 143
16 152
48 50
61 144
27 171
54 107
106 144
78 126
106 130
68 129
79 89
28 125
86 157
58 167
99 153
1 2
99 173
52 171
39 114
64 141
129 138
27 94
13 132
71 145
89 138
95 135
19 148
104 173
31 99
14 28
93 168
10 173
153 169
63 138
37 102
160 174
85 97
76 89
24 66
24 39
14 103
46 98
88 138
96 160
24 27
61 142
18 63
54 105
78 149
38 119
38 144
76 172
148 174
108 161
30 75
39 61
17 77
81 108
15 133
44 153
20 60
47 51
74 118
53 55
74 159
10 36
45 142
131 168
52 153
23 176
41 97
5 86
57 90
74 88
34 153
28 86
75 116
70 160
69 131
77 161
58 165
104 116
32 42
21 79
141 173
4 170
15 71
89 156
9 46
43 77
33 61
6 69
40 72
57 156
56 151
144 162
116 157
31 131
147 175
46 143
19 83
76 142
89 161
20 168
83 117
32 69
6 19
38 80
46 74
97 124
42 83
122 128
56 147
81 166
136 161
75 100
67 141
68 74
27 57
9 11
18 27
6 7
114 164
108 170
7 94
11 131
90 171
71 129
4 45
97 133
65 137
43 68
8 93
118 163
36 62
68 81
19 114
32 60
78 131
84 130
40 53
107 162
55 152
65 102
9 76
146 173
102 135
71 87
104 159
106 113
16 147
85 95
38 172
17 57
17 21
28 93
90 96
42 86
73 157
10 163
61 76
33 84
19 57
79 128
41 142
58 97
135 160
12 51
66 76
7 173
30 156
73 143
77 118
21 35
49 90
1 171
13 54
42 109
126 169
132 174
28 61
16 54
0 105
5 157
85 130
74 100
25 121
8 161
29 168
44 75
6 121
71 106
95 114
45 170
92 145
152 170
85 106
46 131
77 150
130 153
40 89
44 64
78 82
47 135
73 83
143 147
18 123
59 133
56 135
25 135
137 143
149 161
49 83
170 176
44 173
66 131
98 148
136 164
21 121
35 148
94 147
123 137
40 134
74 113
34 137
43 158
53 102
5 98
6 54
24 78
18 76
93 146
51 149
128 167
131 172
93 119
88 105
148 150
33 159
39 153
51 176
84 168
152 173
105 121
114 158
115 129
142 176
32 119
22 126
23 157
77 165
58 151
107 169
51 165
24 61
75 137
23 48
10 131
27 58
84 148
70 76
43 123
48 161
2 116
6 125
85 117
3 50
49 86
11 161
32 114
29 30
106 127
80 101
71 104
126 145
153 164
56 101
29 54
89 124
122 158
26 175
54 112
41 124
31 155
67 140
29 68
17 18
4 8
76 158
73 114
11 34
10 32
16 135
96 164
0 41
62 161
80 120
74 143
81 120
164 168
157 166
29 154
56 169
108 139
0 48
46 72
41 170
101 132
153 160
14 32
24 134
37 166
62 80
44 96
2 167
26 122
146 150
100 133
48 110
113 149
5 23
57 142
95 133
29 57
67 172
114 118
110 147
57 169
23 121
101 145
17 55
84 123
89 146
17 70
52 136
106 110
90 138
67 70
50 126
115 166
15 75
63 69
100 167
84 133
122 175
17 38
28 141
40 143
133 173
32 143
16 24
0 117
77 134
93 157
43 169
67 115
13 98
24 83
82 108
107 111
40 94
22 67
72 95
85 90
67 91
72 128
2 145
18 148
28 145
76 145
3 11
42 54
72 138
60 77
39 126
56 146
27 76
22 161
31 63
146 148
92 134
74 110
60 159
114 116
159 166
58 154
109 162
32 67
19 66
24 151
10 28
89 131
47 159
2 30
31 36
98 113
44 107
30 35
129 141
1 97
107 150
15 156
15 34
44 142
116 160
25 40
71 130
94 176
46 118
22 106
77 80
26 71
33 83
147 156
39 72
36 100
51 148
49 79
58 119
135 172
124 146
118 170
10 40
4 30
24 35
137 150
4 100
85 139
9 99
28 74
121 124
90 99
74 127
21 129
22 125
54 148
37 67
124 163
76 135
35 79
131 171
148 167
88 112
38 48
94 152
7 48
61 160
72 132
67 85
12 149
12 153
33 137
145 151
61 133
69 133
13 140
78 145
40 104
83 109
43 81
135 171
161 176
134 160
58 96
12 109
102 168
8 133
83 131
108 148
121 123
47 71
117 151
46 112
30 150
134 147
50 123
99 123
12 85
56 58
18 47
30 57
106 120
64 138
36 146
109 159
17 46
54 172
5 66
67 157
36 85
43 96
20 147
78 115
79 117
53 164
113 175
81 157
97 106
62 88
59 69
88 160
36 89
104 166
71 161
32 93
122 172
41 83
49 112
82 149
99 100
101 114
0 176
99 143
94 97
48 144
14 23
19 77
85 91
6 147
45 82
79 85
40 110
106 128
78 102
1 119
85 111
67 143
47 59
124 171
12 48
125 155
43 69
51 134
26 138
113 156
7 112
35 146
115 163
54 55
77 128
125 135
2 47
81 174
64 146
38 166
37 41
41 157
139 150
77 162
49 168
41 85
60 138
46 170
168 169
105 166
97 99
64 81
3 86
91 115
21 162
131 176
66 73
95 131
128 147
34 105
25 78
3 173
48 160
91 146
100 143
0 53
6 138
118 148
39 108
4 172
170 175
76 94
26 83
2 43
12 43
91 153
66 137
72 126
48 66
33 171
121 133
80 125
63 158
55 165
81 170
104 117
35 166
109 145
8 138
113 161
1 161
66 97
128 172
100 159
84 157
8 41
5 14
39 78
19 88
108 160
128 150
51 131
10 82
16 17
33 90
53 114
111 143
107 144
110 125
81 107
18 35
37 81
115 156
163 167
124 142
26 136
3 77
50 94
120 159
25 110
109 120
13 51
72 148
35 54
110 139
11 13
74 162
56 125
31 120
46 50
73 128
63 68
72 120
50 121
28 63
35 169
19 86
5 99
33 92
14 39
65 112
19 62
18 89
5 144
29 102
90 91
53 76
102 109
17 60
26 118
37 53
144 165
55 83
9 111
58 72
57 107
149 171
72 102
108 137
0 137
85 98
118 144
69 145
70 83
3 144
87 165
80 158
97 166
33 67
93 96
95 117
71 168
141 149
17 94
7 132
23 163
55 77
61 135
54 97
114 152
44 166
71 132
30 85
77 126
82 96
111 139
101 154
46 128
125 139
86 109
109 141
93 135
30 33
46 137
14 60
33 47
59 119
73 158
44 152
23 173
162 167
147 151
43 140
82 100
91 151
22 36
37 94
99 144
137 139
38 93
150 155
28 84
64 120
45 117
53 82
36 137
46 47
82 113
144 169
54 64
32 154
30 106
84 146
13 41
34 84
5 80
100 160
6 18
41 96
140 164
10 136
13 60
27 100
65 73
30 149
75 118
63 93
161 172
38 100
48 173
25 32
89 123
74 85
14 68
100 150
33 126
158 175
123 152
24 87
36 86
6 168
101 122
134 161
16 22
7 133
81 91
13 158
30 157
16 115
122 133
121 158
17 106
22 118
39 95
87 125
55 97
94 118
26 30
39 129
56 111
41 93
123 171
146 152
61 126
19 154
19 47
130 151
27 103
91 102
41 99
38 129
58 124
55 130
22 105
5 174
69 173
49 92
51 83
86 126
18 134
25 61
35 137
13 66
91 92
91 156
148 152
108 149
3 160
80 172
25 171
40 160
47 77
131 142
124 170
73 120
142 143
61 132
82 98
138 139
64 88
73 127
28 37
89 167
74 165
27 149
98 151
139 151
18 111
12 17
49 126
154 173
59 113
89 111
74 102
10 65
136 141
26 56
106 145
35 116
73 139
76 165
29 159
2 62
77 136
16 79
76 98
9 55
14 72
10 42
77 155
105 174
63 77
75 106
22 128
2 28
48 150
2 6
62 67
56 81
80 115
28 119
71 167
3 69
146 171
17 54
46 145
102 139
14 70
13 150
54 76
163 174
65 103
39 65
25 122
155 175
50 109
41 60
18 53
63 168
157 163
92 115
77 97
48 97
78 91
51 124
11 86
108 130
16 39
30 37
86 107
103 168
116 151
117 164
98 144
34 109
21 66
72 151
12 69
112 138
23 147
4 167
40 163
136 139
29 129
69 113
38 73
123 131
17 19
4 43
68 90
48 132
143 174
145 168
64 164
10 154
13 115
78 97
37 103
34 164
76 134
22 24
65 66
52 56
16 111
134 136
34 38
18 115
75 133
123 151
39 40
84 162
19 64
0 40
75 160
47 109
24 52
88 159
69 172
46 93
145 147
95 104
77 95
18 64
24 75
125 140
120 169
61 64
61 147
33 58
95 148
9 175
11 78
55 56
77 170
105 111
37 64
43 62
99 159
62 172
58 64
78 111
36 136
51 75
7 103
130 165
14 120
59 172
87 148
22 101
10 52
56 114
3 54
82 146
47 149
88 153
20 127
0 119
49 157
18 79
12 20
27 133
36 165
13 101
39 167
62 149
119 160
139 172
25 172
53 175
30 87
42 57
113 168
67 174
96 104
58 88
7 135
127 148
93 141
74 135
154 167
36 42
34 160
46 70
155 158
112 158
94 160
26 39
94 172
66 84
80 89
117 146
2 15
78 164
23 26
139 167
83 103
172 176
147 171
28 80
98 145
49 172
1 163
73 119
56 87
72 79
117 170
11 66
169 175
75 104
34 176
78 127
160 167
53 118
163 169
106 142
13 42
46 133
102 160
115 175
53 120
153 167
24 103
57 106
11 171
133 154
9 100
88 127
67 111
67 156
159 171
20 99
49 173
10 48
75 136
29 69
23 29
20 101
115 134
117 129
100 140
126 130
22 59
4 156
52 107
7 64
14 49
13 172
135 175
0 140
71 131
3 64
35 159
44 82
12 27
63 123
56 62
77 84
159 170
136 159
1 41
43 154
103 171
70 78
173 175
27 33
61 92
41 144
41 101
152 161
57 167
15 166
35 139
12 107
33 154
122 166
156 169
24 138
38 64
5 151
80 154
57 135
37 143
111 164
30 176
62 163
80 123
113 159
78 159
71 154
6 175
46 105
69 106
53 125
44 78
63 108
4 138
111 114
29 119
146 176
78 147
118 173
1 47
2 97
79 122
29 110
148 166
90 130
137 145
18 95
58 169
103 153
45 92
45 69
138 147
42 168
7 167
8 140
54 102
115 121
23 165
91 118
38 60
15 103
54 168
8 30
12 81
32 125
83 138
80 137
67 153
39 74
48 139
10 39
47 123
127 135
64 66
56 137
54 175
9 113
1 63
51 70
99 155
37 174
150 169
63 73
83 86
134 169
57 63
84 103
41 45
78 160
103 160
76 137
103 155
7 12
137 153
57 158
10 20
14 166
59 64
91 96
116 130
80 139
141 163
53 130
87 109
38 132
152 158
11 83
56 157
99 110
55 119
38 79
15 67
145 167
47 119
26 105
34 68
115 150
4 54
20 29
21 78
17 80
1 77
58 107
134 135
0 142
106 167
24 73
48 84
1 71
116 133
70 107
7 14
33 169
35 144
91 116
72 105
38 152
107 128
17 127
92 153
90 128
32 53
39 121
79 91
9 154
70 147
138 146
1 37
11 85
54 115
73 167
30 63
79 155
13 17
86 134
26 159
49 100
7 171
7 67
7 163
112 166
2 129
49 84
35 40
41 55
22 143
25 162
74 124
6 91
102 146
56 149
35 125
70 133
127 153
71 170
74 145
56 75
23 39
108 162
115 144
73 85
117 166
29 36
111 124
9 115
104 119
0 91
47 170
48 96
40 146
104 141
3 122
5 58
70 151
54 80
40 79
31 176
106 166
8 94
103 150
165 170
12 163
40 118
83 144
13 82
62 150
138 154
31 70
94 121
83 164
73 162
42 140
26 108
161 170
15 119
22 93
47 155
54 82
156 175
86 165
46 99
67 160
64 127
99 167
2 10
164 170
4 18
158 173
69 107
44 136
51 138
7 165
48 140
78 112
26 121
87 153
10 87
9 65
12 158
99 120
87 113
71 115
101 116
114 166
45 113
128 144
25 99
73 138
9 129
41 164
96 109
99 145
107 175
69 86
52 101
16 150
92 129
81 88
50 59
76 133
32 171
10 89
18 128
29 150
38 146
33 42
10 56
52 61
57 97
107 141
58 171
41 109
139 176
88 158
17 83
65 168
43 163
146 157
46 159
127 145
104 106
26 174
15 152
62 127
71 80
34 41
11 90
75 145
125 173
154 162
16 164
42 124
100 141
67 69
53 119
125 132
125 158
99 171
80 153
6 157
92 124
67 118
30 139
62 71
69 128
35 68
38 61
39 60
95 128
11 105
17 159
98 124
86 163
5 169
80 99
27 63
68 122
46 52
158 165
30 159
53 122
112 175
171 175
0 148
43 48
11 29
90 95
78 88
2 61
98 143
90 152
49 51
3 167
5 13
30 68
43 141
55 95
47 125
50 87
59 65
157 162
114 129
60 101
135 145
63 164
0 120
48 103
22 131
30 102
12 162
7 157
7 128
131 151
21 163
64 87
130 150
6 70
17 153
13 65
104 132
106 157
82 174
98 152
124 139
165 166
14 108
107 166
54 169
2 16
61 78
12 151
61 173
1 145
52 144
122 126
38 118
130 167
97 126
58 91
73 153
34 103
73 113
76 88
3 35
16 66
18 57
88 155
32 155
78 103
57 174
107 121
117 145
144 161
50 124
16 35
85 99
55 103
42 159
48 49
27 28
81 149
71 81
58 161
34 46
68 88
100 131
57 87
49 62
11 152
20 117
43 160
66 117
88 119
98 175
6 73
1 35
49 58
75 121
32 103
16 60
3 15
84 171
3 106
8 119
83 105
50 157
136 171
104 112
68 103
31 117
11 158
147 165
46 163
73 164
57 134
64 101
31 142
149 158
80 104
95 172
65 169
16 170
22 57
61 164
45 160
135 152
11 172
146 169
41 135
8 10
8 77
31 158
16 155
2 96
87 127
56 83
129 133
86 164
17 53
95 140
87 158
18 58
25 91
132 137
1 50
118 134
19 46
26 99
107 142
132 144
108 113
84 160
84 141
62 175
82 148
93 102
20 86
76 160
50 118
42 147
8 76
97 161
136 143
92 158
101 157
8 164
6 113
51 174
69 139
18 104
48 118
38 123
10 60
7 41
89 136
15 50
13 123
100 145
107 136
8 95
108 121
2 78
89 163
18 71
37 112
46 79
97 163
46 106
49 155
28 53
126 134
45 165
91 147
116 143
19 173
49 169
53 96
57 103
86 119
85 126
63 105
144 145
108 119
34 92
36 78
49 66
99 127
39 59
51 108
22 121
18 29
52 79
48 116
103 159
81 156
142 170
36 169
128 136
15 112
25 88
42 158
31 169
72 166
66 167
8 78
66 160
4 39
60 148
81 146
38 102
100 130
136 156
38 69
25 108
0 108
84 135
7 92
34 88
99 154
9 31
66 136
9 112
92 174
14 85
81 94
67 148
28 69
13 55
18 62
15 58
16 82
53 121
71 153
19 21
87 105
101 108
34 62
143 166
17 44
155 163
61 154
46 166
111 173
4 74
10 31
36 144
160 168
19 160
49 114
12 30
86 149
60 146
30 172
82 129
105 157
112 153
101 174
67 102
47 131
42 141
5 158
78 173
138 144
35 93
102 113
6 162
46 110
53 113
13 176
54 128
95 118
20 91
38 86
67 147
83 160
12 75
77 139
21 125
39 118
28 72
43 111
71 163
8 69
83 122
85 135
4 26
48 90
0 93
40 95
77 115
143 155
83 98
29 148
62 122
113 152
95 116
45 63
158 168
102 173
13 119
18 143
88 102
95 134
45 121
3 120
10 58
39 81
100 169
1 23
32 59
61 120
75 139
62 77
32 170
31 69
13 48
9 140
93 159
54 170
29 62
24 117
33 145
0 110
23 138
31 164
28 158
73 132
18 69
78 165
14 173
160 173
120 155
9 14
115 142
10 171
5 168
44 154
9 170
17 61
58 143
19 68
47 80
91 164
23 95
51 105
4 83
39 97
146 168
57 89
41 173
76 170
54 68
154 174
35 94
66 156
79 165
28 161
17 116
22 89
6 120
29 118
70 114
109 126
72 116
79 150
27 36
20 89
40 48
21 115
94 170
2 46
113 137
22 100
66 172
19 125
62 120
127 162
96 155
106 114
72 175
66 77
43 80
41 67
11 98
8 60
84 111
96 110
25 125
63 174
66 173
80 144
145 156
57 165
130 152
59 164
35 67
99 161
65 118
24 122
87 172
99 168
17 133
23 60
2 172
96 140
128 156
124 156
14 45
23 36
63 127
110 176
94 96
52 73
56 110
2 120
139 175
72 124
27 151
81 169
124 160
13 61
9 163
88 89
125 152
82 117
109 138
40 130
12 33
30 104
155 176
53 70
114 175
121 134
30 105
24 74
109 139
66 132
63 110
37 66
121 155
29 125
14 29
94 169
94 104
56 98
46 172
36 174
32 112
9 120
49 73
16 103
102 163
107 165
109 166
107 114
104 114
33 168
85 176
6 21
14 88
133 145
3 129
20 52
65 161
31 58
56 96
21 154
39 75
86 108
44 58
21 48
89 115
52 57
9 50
10 149
120 153
109 121
118 157
123 141
100 129
0 163
24 70
105 110
16 36
83 162
122 136
23 82
16 141
102 169
97 137
60 100
73 159
61 102
30 94
16 59
8 34
36 143
62 87
93 128
28 130
80 105
51 171
39 64
12 114
51 170
85 170
15 47
77 154
46 66
91 107
99 149
36 47
40 58
95 150
53 84
52 55
91 148
75 166
73 74
11 32
12 160
16 62
25 72
28 121
44 147
117 121
18 42
127 174
83 150
41 81
167 170
85 155
66 163
41 68
7 15
64 68
98 136
18 48
1 27
46 142
54 149
107 146
1 162
24 29
17 63
58 137
29 60
54 104
66 170
101 125
20 111
51 157
61 103
14 148
81 129
21 40
76 120
126 131
113 119
36 51
25 83
41 70
97 152
137 166
40 138
14 100
86 125
22 26
18 101
41 125
44 86
33 163
153 175
29 83
16 44
13 127
40 176
5 103
53 149
133 152
37 123
53 129
33 40
46 63
10 172
49 98
41 107
12 60
20 95
41 44
46 138
105 146
53 91
77 88
3 131
9 85
72 122
47 104
2 56
142 169
148 169
0 18
1 91
6 137
21 29
14 42
9 10
4 38
7 88
6 116
30 50
44 87
90 164
90 106
27 37
112 146
50 149
6 44
27 92
18 70
90 97
69 114
19 34
141 159
24 154
99 148
19 142
1 86
78 143
17 155
35 163
33 77
43 114
37 98
92 95
95 100
109 143
146 158
12 125
11 31
9 161
61 100
13 30
25 64
8 114
101 103
35 41
43 134
45 148
163 175
118 175
54 74
31 157
20 167
66 134
26 74
33 59
12 18
51 56
47 144
40 63
126 159
4 149
64 160
15 92
17 62
88 97
38 153
41 92
34 48
133 147
75 92
3 88
96 100
15 134
30 131
86 130
157 160
35 112
38 114
37 87
0 100
2 54
25 147
23 65
3 48
113 123
51 96
21 91
47 174
1 82
129 135
96 170
15 111
128 165
61 165
3 5
80 148
54 72
46 56
8 82
21 45
22 173
116 120
59 93
55 85
36 122
104 137
25 138
4 76
30 115
1 84
50 129
102 119
66 135
12 29
57 82
140 174
98 132
26 60
23 107
35 161
69 72
14 104
127 171
96 115
57 74
21 64
82 154
34 155
34 76
121 160
117 130
50 58
42 44
29 52
15 148
27 139
34 158
48 171
59 80
79 108
2 156
47 108
63 120
77 79
3 53
136 172
117 165
94 115
26 127
95 123
51 151
75 77
54 73
147 155
41 89
114 124
0 172
107 132
14 95
3 34
50 133
52 99
4 17
12 95
96 154
23 133
66 109
36 48
33 39
31 89
1 164
23 141
20 69
4 129
111 146
14 30
72 99
19 74
61 90
96 123
64 170
41 131
80 88
129 167
16 117
39 122
46 77
57 88
93 150
10 135
27 70
157 158
109 153
127 132
0 123
131 136
37 82
43 116
41 78
87 102
8 113
73 115
9 158
6 126
30 47
68 126
2 18
135 158
8 88
66 79
91 165
44 137
40 101
110 150
26 95
21 100
77 175
59 97
3 130
112 157
41 132
107 108
1 95
142 175
98 103
5 19
66 74
14 82
24 113
10 118
5 17
83 157
46 94
16 134
35 119
94 116
51 135
7 79
45 114
6 86
25 169
110 117
27 67
62 121
37 128
32 57
26 140
92 100
20 175
26 154
58 85
92 143
41 148
42 127
38 135
91 155
24 94
45 77
2 146
13 24
27 147
21 59
6 94
49 125
116 127
33 75
29 61
71 112
112 148
45 87
140 154
148 162
52 68
157 173
39 90
4 175
13 142
127 138
1 109
37 131
125 161
68 97
30 67
10 43
110 136
106 107
23 160
52 168
31 160
78 171
11 170
13 36
6 77
16 78
49 110
82 166
105 171
45 95
42 101
144 146
87 88
76 126
69 140
76 101
24 50
141 150
73 148
28 41
64 148
44 114
141 143
60 110
135 161
31 96
1 16
47 81
66 152
27 50
63 146
55 122
48 51
1 90
14 152
17 171
64 149
31 170
65 154
42 176
118 155
24 76
71 86
101 140
105 131
116 167
128 129
111 115
60 125
8 174
100 154
38 87
139 162
47 68
96 102
23 71
102 140
39 62
47 54
38 141
37 91
33 162
14 18
0 2
26 34
125 175
99 112
43 153
44 49
63 111
58 102
52 66
53 68
25 95
105 168
2 77
39 47
28 36
57 164
33 74
41 169
0 171
7 31
28 81
47 56
81 131
47 173
140 166
1 89
145 162
1 34
103 125
124 151
62 128
43 165
85 134
46 162
66 104
42 88
12 99
0 135
101 110
132 160
17 97
59 117
81 124
51 167
51 71
48 69
110 121
63 92
59 79
40 98
96 125
35 111
87 155
56 164
27 170
95 173
93 175
21 88
89 141
52 88
161 166
50 91
71 83
122 150
21 169
35 62
42 107
16 133
50 152
33 43
7 44
87 151
2 80
1 172
95 160
142 157
25 26
8 107
9 165
53 153
64 166
10 100
132 146
48 79
71 101
132 149
114 135
29 38
55 120
58 89
2 123
44 165
73 76
52 120
115 149
59 143
43 101
35 65
42 170
105 133
119 130
19 95
30 83
13 174
61 70
68 158
35 55
14 172
86 89
16 91
15 61
99 156
52 127
96 168
65 143
81 109
7 111
68 95
115 122
84 117
5 48
83 165
92 136
51 107
78 90
83 123
14 167
31 127
58 105
131 175
26 148
78 85
96 111
141 164
32 74
21 81
153 156
115 131
12 68
117 149
50 156
55 151
52 110
82 133
138 168
96 156
69 159
163 166
34 78
53 151
143 156
48 123
14 138
3 107
71 150
47 124
60 173
93 163
75 138
79 163
123 157
39 109
59 127
28 153
7 25
32 84
4 37
59 125
88 90
27 55
35 100
12 45
107 153
65 68
114 149
105 113
82 143
113 129
137 157
95 122
46 53
49 75
117 174
55 90
86 110
26 36
52 53
25 96
8 50
60 140
47 153
5 89
13 80
100 149
62 99
39 93
125 149
32 82
50 172
54 141
5 134
39 50
26 130
44 135
72 98
6 85
53 88
84 165
96 172
120 130
38 128
35 176
57 91
43 97
125 136
118 164
130 166
64 102
51 79
14 54
60 145
55 160
58 155
0 92
20 151
23 112
0 4
102 125
52 108
67 76
31 72
31 146
100 168
3 111
80 97
32 94
131 165
10 126
40 46
39 145
100 157
41 76
126 146
88 106
41 161
28 115
35 113
47 98
70 176
104 176
7 164
117 119
21 99
49 55
90 172
49 80
51 147
52 116
103 167
119 153
70 150
52 155
23 69
101 106
35 91
39 67
11 51
75 85
8 144
64 165
56 121
116 128
10 175
51 67
73 156
20 64
101 112
5 114
49 97
7 149
75 134
4 98
15 78
74 119
106 147
129 143
63 101
20 45
82 172
25 128
129 145
126 163
131 148
137 138
3 134
29 90
61 161
48 76
102 132
83 128
70 77
42 105
82 88
39 115
65 156
1 118
79 110
133 135
25 84
36 156
16 128
48 172
8 36
33 91
21 126
75 162
154 156
18 140
63 83
64 155
17 51
15 141
65 91
98 156
27 108
35 47
66 96
98 153
37 84
101 104
140 149
137 160
40 83
11 41
90 93
102 107
81 134
66 119
46 158
8 99
61 115
16 166
99 176
130 146
7 160
86 101
68 84
23 169
87 149
138 169
93 107
11 127
10 170
2 100
102 170
63 128
15 109
82 171
38 154
52 94
7 83
77 100
5 54
42 153
43 157
127 176
20 136
96 157
18 81
98 108
71 114
70 157
155 172
29 99
101 137
48 170
97 129
35 95
117 139
87 99
24 123
149 168
84 136
57 64
3 19
36 114
33 149
4 61
11 156
6 140
76 157
72 165
10 112
140 169
15 44
105 119
15 51
55 167
46 102
98 170
24 149
98 127
55 129
101 169
62 113
107 172
120 133
144 153
56 80
18 73
101 152
5 10
54 162
24 62
69 83
69 169
141 170
74 94
77 123
7 32
91 98
25 114
6 36
15 84
55 109
33 73
109 171
74 133
83 143
92 140
19 22
94 111
56 72
96 167
58 87
81 86
36 58
88 145
146 175
99 160
48 99
1 22
113 155
122 149
91 171
117 171
11 143
65 138
24 64
53 77
49 167
117 142
68 175
123 163
109 152
136 173
48 154
111 144
152 166
23 98
22 97
0 29
42 81
58 153
101 171
20 112
83 89
6 88
79 175
86 105
152 162
64 77
29 85
78 100
79 87
15 155
75 81
4 15
11 116
2 133
1 140
81 101
12 164
52 160
16 102
19 145
34 42
62 144
106 160
76 96
17 172
73 174
14 46
44 77
59 155
28 42
33 133
77 108
116 163
132 167
151 156
22 58
120 125
67 133
35 138
13 33
74 141
101 165
17 72
76 113
54 123
18 117
2 63
64 128
6 90
60 169
147 148
25 98
36 52
121 170
121 168
102 167
109 113
58 109
34 172
92 122
121 131
130 132
38 158
25 62
29 174
161 171
45 141
38 160
110 132
87 161
1 14
17 74
53 106
47 76
30 96
130 154
15 79
53 89
42 51
4 147
31 133
51 66
59 171
72 88
24 40
22 56
44 65
114 120
25 102
114 145
105 176
87 128
2 12
102 103
35 39
1 101
45 157
11 128
96 144
53 133
36 158
49 159
44 108
13 46
56 88
4 130
27 158
80 156
93 151
14 121
78 139
20 47
33 175
57 86
50 73
142 153
148 165
7 73
36 139
0 69
57 161
118 128
124 144
125 171
128 159
6 152
68 172
14 145
33 89
42 117
27 159
12 90
34 67
142 149
69 101
11 165
140 162
77 133
95 154
69 160
28 104
32 56
0 88
69 123
146 159
63 140
76 155
169 176
8 152
8 127
94 99
4 159
41 118
2 166
143 176
43 146
15 17
25 105
109 147
96 127
45 112
83 147
40 109
115 148
87 100
86 104
87 104
80 112
126 172
151 167
21 130
73 121
13 128
33 173
48 111
67 68
32 58
6 15
9 109
55 127
33 112
38 76
150 174
70 74
83 148
46 150
26 57
41 110
27 59
62 133
114 172
59 167
111 132
107 170
32 121
65 176
19 146
8 52
0 147
18 125
69 124
81 141
146 147
127 161
53 128
22 72
114 171
115 176
68 134
92 130
55 76
4 63
17 122
78 158
106 122
85 102
149 156
79 86
16 19
20 174
77 82
56 116
112 139
93 154
22 141
33 151
153 171
27 42
53 138
10 29
27 129
45 147
42 167
68 109
22 84
15 113
36 132
29 63
109 135
15 97
5 106
9 121
51 53
2 90
28 68
137 168
19 71
23 53
89 133
39 160
49 119
74 77
42 64
24 161
26 176
98 139
70 127
57 171
34 98
18 60
11 36
111 153
11 20
57 147
32 55
94 132
48 71
90 102
64 123
17 82
15 42
47 82
28 106
35 44
5 153
97 114
84 99
61 140
107 138
79 168
3 176
4 29
43 76
127 156
132 136
0 8
37 42
38 173
43 74
23 99
62 106
40 169
51 132
113 162
127 140
20 103
61 137
6 20
3 4
111 159
22 71
27 79
68 173
21 161
10 103
92 110
80 90
85 129
34 70
32 43
22 86
31 80
139 152
85 148
48 169
2 128
65 119
34 40
110 123
136 151
9 83
48 166
82 93
48 127
87 130
93 98
21 56
34 138
83 136
52 133
2 13
4 50
165 169
106 176
64 151
38 164
47 121
11 136
109 115
20 148
49 166
67 132
75 147
11 97
137 148
53 108
128 151
22 40
46 51
96 150
92 172
79 98
109 133
129 156
42 85
31 56
36 59
59 154
94 108
48 58
41 147
49 69
69 157
31 152
19 129
157 164
81 154
11 147
49 81
27 51
1 149
87 173
32 80
31 138
105 106
31 45
139 171
20 121
99 147
23 84
93 153
43 170
45 54
122 160
43 107
119 150
42 62
9 59
115 168
40 124
43 63
23 164
44 79
68 133
20 118
75 87
74 109
42 150
0 61
60 133
102 143
21 92
27 34
128 158
59 75
47 95
5 105
40 45
82 90
31 51
14 41
14 128
127 166
47 61
72 167
12 154
33 85
57 138
103 105
26 93
80 130
18 175
79 116
60 112
3 158
142 172
61 143
54 116
5 118
70 100
49 89
13 34
64 174
66 113
97 160
75 129
48 114
31 150
91 167
79 173
25 68
17 65
31 171
42 128
87 116
99 119
89 110
127 136
142 160
34 85
60 129
31 64
121 152
31 91
12 63
25 152
36 40
32 151
129 173
6 156
11 88
129 166
36 170
19 85
29 117
42 145
88 149
8 132
97 157
46 140
79 147
22 115
87 90
71 107
19 82
57 123
141 166
46 155
99 146
21 25
36 123
140 148
92 103
44 131
69 134
120 135
155 156
1 66
100 102
0 101
111 130
110 135
0 21
86 150
59 138
16 169
77 158
104 163
53 67
38 59
16 84
144 164
88 170
86 120
48 126
64 71
32 88
24 119
15 135
103 132
42 175
166 172
11 112
8 27
11 138
104 129
67 103
67 75
128 137
5 62
162 164
5 30
89 137
8 96
63 126
62 75
107 148
121 169
143 165
14 117
5 12
87 119
47 127
30 66
53 75
116 121
106 159
15 94
58 134
15 167
22 51
11 30
70 164
103 158
55 59
70 119
42 146
48 157
89 154
28 149
25 149
74 138
9 159
20 40
5 77
121 141
72 135
121 157
145 176
6 100
126 147
99 113
26 62
59 82
17 165
61 124
8 90
25 75
49 174
27 111
50 138
100 146
1 85
118 158
62 152
24 98
4 105
6 160
21 42
64 115
1 105
21 63
119 169
49 93
3 124
103 151
13 78
116 135
37 161
28 97
141 154
46 173
92 157
69 108
83 120
129 164
16 110
45 118
121 144
11 106
32 132
49 171
55 137
61 71
23 145
22 163
130 156
31 85
62 153
19 23
80 116
77 107
13 16
4 123
25 153
98 129
40 41
55 173
72 155
11 132
28 165
15 27
76 168
140 145
1 83
2 130
3 52
49 158
28 66
73 170
11 44
4 128
32 163
30 128
9 33
134 154
55 107
64 145
9 21
73 175
60 124
70 174
1 160
9 22
119 132
28 107
10 130
5 170
82 92
50 96
97 132
13 168
71 117
33 172
33 76
27 141
54 137
159 174
28 75
10 79
58 101
37 135
15 157
37 173
0 85
103 120
87 97
45 62
13 96
37 142
1 168
74 176
52 118
114 160
12 167
58 139
7 161
141 142
81 143
74 107
5 74
27 101
24 163
44 62
22 160
97 144
24 37
36 142
145 160
50 57
8 19
44 74
100 112
4 46
31 148
67 71
86 98
96 126
78 123
41 137
8 156
29 73
50 77
59 67
45 100
10 113
136 165
132 163
7 9
56 104
33 66
43 120
95 108
118 162
19 166
78 92
34 148
5 155
108 122
52 71
32 95
58 149
29 121
63 109
79 101
16 132
12 54
65 113
43 82
167 172
146 165
98 118
22 165
3 29
62 157
36 161
51 141
9 122
66 72
6 78
29 149
101 118
2 76
92 131
98 174
119 144
69 104
114 170
41 165
32 141
81 151
0 22
28 46
39 133
131 161
51 68
38 88
49 160
27 105
79 176
4 69
64 84
33 101
162 171
59 126
17 104
47 91
37 122
171 174
24 132
39 82
1 156
45 139
69 163
7 70
124 152
24 93
96 99
49 76
33 82
31 124
8 170
0 63
90 113
32 166
106 143
15 149
22 133
97 151
17 36
16 47
38 83
45 91
110 133
9 54
139 161
78 161
4 88
16 90
65 142
61 163
7 52
111 136
75 171
4 127
76 123
32 110
59 73
58 80
8 142
56 66
70 173
52 129
24 97
6 112
9 88
65 101
65 108
20 41
22 41
9 148
36 101
127 142
77 169
26 116
14 43
0 84
74 156
16 158
81 168
104 169
0 113
33 103
15 114
38 84
27 116
54 65
90 101
21 82
25 112
137 164
65 100
1 121
76 162
27 169
127 141
0 109
70 75
11 173
35 101
118 130
3 68
13 99
63 112
11 163
18 106
7 50
78 124
35 87
127 175
19 127
48 75
97 145
19 31
55 99
14 135
84 102
106 118
133 172
45 93
57 151
83 156
43 70
85 149
3 175
20 109
18 49
2 59
67 151
46 107
15 131
51 114
22 169
44 113
4 47
123 128
11 174
3 140
17 95
123 165
92 107
136 142
71 84
64 139
95 109
63 129
110 160
111 167
37 152
11 69
7 151
37 75
147 150
51 93
57 154
124 168
107 149
102 157
103 138
2 21
105 154
121 138
42 70
31 121
16 76
32 116
14 146
139 170
75 80
59 84
29 146
21 110
30 97
1 151
103 118
82 104
126 151
16 46
101 149
52 113
12 58
133 167
11 76
97 117
61 93
0 24
26 79
158 170
161 164
38 138
119 135
103 169
32 144
97 113
28 136
16 101
11 58
10 144
60 105
99 102
115 143
55 94
42 95
24 60
48 105
31 173
24 100
95 130
8 87
63 154
18 28
28 85
55 148
54 131
109 136
70 146
21 142
11 64
126 138
7 85
41 42
12 86
23 67
2 105
121 136
120 171
29 48
28 48
130 155
23 76
28 94
105 142
122 140
114 154
65 125
37 156
7 40
82 84
41 61
64 147
13 139
76 92
53 126
60 158
13 25
1 152
99 165
18 97
23 68
116 159
64 114
30 127
62 112
45 136
86 121
9 105
67 166
5 156
114 176
33 37
143 158
64 124
19 117
1 142
113 143
86 136
151 175
95 151
133 136
29 151
98 131
66 68
32 161
103 106
122 139
82 152
0 64
62 95
34 54
126 171
17 43
29 81
7 154
65 70
159 175
108 136
2 93
113 176
15 147
29 37
101 156
9 128
72 84
107 125
87 132
7 137
5 138
70 152
33 72
0 122
44 112
169 173
167 168
35 154
53 110
59 151
26 107
4 158
43 47
7 74
16 143
36 90
5 28
48 73
59 91
53 132
17 146
63 98
32 98
98 126
1 38
32 174
56 139
173 176
53 98
16 28
116 165
55 149
1 175
91 150
52 59
6 47
110 161
80 117
110 152
148 168
64 121
64 172
38 157
5 53
120 152
62 145
29 164
48 109
26 161
103 119
21 171
68 76
1 58
21 53
85 143
26 155
135 157
53 176
14 141
71 122
7 159
137 170
49 50
4 96
53 116
2 73
44 160
69 170
15 57
4 33
52 157
139 158
106 108
49 61
48 94
22 44
144 149
123 164
90 148
128 155
106 153
68 108
8 49
64 140
107 173
18 154
34 126
100 174
126 143
6 87
6 98
9 174
34 69
88 114
77 91
90 117
119 141
44 61
121 174
42 121
25 174
85 96
31 97
107 152
38 143
80 98
53 74
23 159
40 64
99 150
23 168
82 136
10 108
78 84
59 70
29 103
107 131
33 98
63 137
29 160
45 154
13 154
88 129
78 132
98 133
97 158
89 128
25 94
133 166
35 168
28 128
64 161
38 148
132 162
45 89
50 85
150 160
43 45
115 126
129 154
145 175
45 46
48 151
43 124
80 95
30 48
40 123
44 83
1 143
67 150
65 172
17 123
44 92
25 133
44 164
62 64
16 149
143 149
124 127
105 116
5 162
73 172
125 174
49 152
38 90
26 103
51 82
30 61
1 102
9 147
37 73
44 170
29 49
132 138
27 118
62 164
66 82
31 107
2 25
68 79
17 75
4 42
19 168
96 165
71 126
52 135
80 162
5 85
91 140
0 30
49 132
29 122
53 161
46 116
75 168
2 134
37 140
41 103
51 112
79 104
99 152
71 155
143 161
66 75
0 97
4 6
46 78
72 156
26 135
34 133
47 169
9 103
66 151
150 168
53 131
14 56
11 77
6 80
90 105
43 44
4 84
60 154
55 131
85 157
80 176
88 146
17 158
61 158
9 80
52 111
155 171
8 54
1 75
35 162
103 146
75 176
28 132
81 158
6 118
47 142
57 163
47 147
34 89
36 127
129 171
32 160
33 57
90 160
52 145
122 143
73 104
161 169
35 66
45 47
119 140
82 95
45 99
28 166
62 96
42 43
47 158
4 66
59 60
20 42
57 146
78 166
137 151
71 113
101 164
60 167
121 172
57 109
14 21
80 92
18 50
95 113
167 173
112 117
17 67
88 128
69 146
123 155
100 105
34 166
35 155
49 123
8 63
130 141
24 56
12 145
73 165
82 153
150 156
132 176
14 83
73 123
30 72
108 163
21 104
25 132
1 81
127 155
23 172
77 138
85 154
72 87
17 169
89 90
11 45
23 47
97 112
12 21
30 135
129 152
66 149
112 167
37 132
83 85
0 132
60 71
11 71
6 8
4 111
38 137
35 97
44 130
0 133
89 169
105 127
45 145
66 100
42 84
118 161
112 162
95 110
140 152
61 88
28 30
13 122
13 121
25 35
69 91
5 113
91 142
116 171
69 74
13 39
75 107
101 135
4 176
29 79
79 169
126 141
12 121
25 86
125 165
29 124
13 52
59 78
39 71
96 166
16 118
92 138
67 146
72 149
4 164
52 102
63 157
151 176
125 176
49 134
62 84
87 164
50 100
10 25
47 132
58 86
93 133
131 159
6 134
33 121
46 154
145 148
37 74
109 165
12 91
54 93
57 69
15 41
80 131
88 124
74 116
19 159
58 170
39 56
19 116
27 77
157 172
89 99
108 169
161 167
45 155
61 80
13 155
122 138
10 152
123 156
34 132
159 163
131 173
83 112
6 99
31 32
32 146
37 111
28 172
1 51
43 73
30 174
53 92
32 97
63 117
23 156
19 52
79 132
12 105
118 135
70 141
75 144
3 75
117 153
70 137
12 83
45 103
46 48
90 163
16 61
110 140
71 116
73 152
123 173
29 157
70 73
113 130
32 37
74 121
7 170
51 155
19 164
45 144
88 168
114 162
29 76
20 140
32 81
30 78
28 100
28 79
69 121
3 73
3 8
22 138
79 83
138 140
147 173
62 132
99 136
17 105
6 144
73 108
7 153
50 141
67 127
154 164
68 143
120 124
53 80
113 144
35 45
44 60
54 129
50 159
76 93
50 88
21 47
137 140
14 174
1 96
18 168
81 102
110 143
129 134
9 164
87 163
56 174
107 134
29 66
102 154
123 175
156 168
106 126
41 52
45 104
8 38
23 105
52 163
115 146
40 50
147 158
31 78
41 66
67 168
53 150
32 138
12 96
11 140
4 35
32 158
65 124
36 110
89 151
23 154
64 100
108 116
32 162
34 127
154 168
38 57
11 146
83 129
75 169
103 156
27 91
72 82
22 174
0 111
16 172
5 68
78 101
43 85
73 75
122 168
26 32
74 164
52 170
82 87
124 138
70 130
34 60
68 169
10 92
44 106
145 161
32 126
7 115
38 147
19 39
20 165
58 71
13 76
84 170
138 173
41 114
6 13
2 29
30 145
10 111
57 78
26 117
44 80
76 121
67 158
23 51
16 109
6 46
139 141
37 55
123 135
11 160
117 143
45 72
92 164
69 102
98 176
151 164
97 154
13 165
153 162
38 112
64 163
59 169
11 133
5 124
131 139
153 173
99 140
5 81
42 120
43 119
87 92
1 154
64 75
30 53
65 166
14 59
3 98
9 171
57 159
3 7
72 111
14 16
151 161
29 131
114 161
14 105
106 172
45 120
43 93
3 40
84 127
11 108
13 58
91 157
14 147
12 111
12 137
6 16
44 52
4 57
37 105
87 96
72 150
86 88
8 129
9 57
79 131
5 27
69 94
54 63
50 56
26 169
19 48
38 155
48 141
26 40
46 164
96 173
47 168
70 143
82 97
106 173
48 59
88 120
143 146
20 161
108 117
111 176
91 125
69 130
113 138
152 155
82 138
73 160
108 152
41 79
15 48
81 123
71 93
24 101
144 148
58 128
27 135
14 151
33 153
45 130
87 145
17 125
93 116
58 112
99 108
63 121
99 169
24 25
76 149
61 139
2 158
117 131
40 92
55 87
113 128
11 53
89 135
30 95
51 117
104 147
94 103
33 36
13 160
75 141
21 54
135 176
0 74
40 47
55 136
151 170
64 74
103 174
4 141
67 78
11 25
94 154
2 110
111 142
135 149
136 158
24 86
14 73
135 150
44 146
10 70
43 152
3 84
28 82
18 110
7 147
76 77
86 176
19 128
96 161
45 86
20 90
74 154
21 135
22 68
38 176
121 149
99 121
60 62
68 131
92 135
34 36
35 134
24 143
92 96
112 128
0 71
106 137
21 156
134 174
159 162
70 118
62 131
22 76
86 154
4 144
9 87
14 170
8 137
97 123
134 156
40 120
8 130
75 155
16 151
49 141
31 102
29 171
94 123
24 92
1 45
79 167
27 64
58 123
116 150
96 153
60 92
21 43
41 155
123 167
52 169
70 156
51 88
61 141
153 155
8 35
99 133
112 169
150 153
29 127
94 159
34 93
131 135
31 145
49 115
52 130
8 45
1 13
156 161
30 164
27 165
18 22
136 146
28 31
3 119
46 136
65 114
105 148
70 89
93 115
57 120
53 156
109 114
68 155
19 120
85 92
88 93
41 80
36 83
4 13
80 94
28 156
34 53
50 70
30 76
26 67
139 145
71 162
86 156
101 124
64 99
99 124
23 64
109 131
68 118
127 170
54 60
47 102
91 120
5 43
135 139
83 133
5 49
125 133
62 156
118 150
25 173
33 127
8 39
61 86
34 122
48 102
5 166
96 151
94 162
28 56
110 163
103 176
37 61
104 134
43 145
119 171
26 165
47 115
35 70
108 126
19 110
84 166
30 134
53 134
22 87
23 89
45 51
94 158
14 40
128 134
60 134
140 168
87 156
71 102
12 141
5 40
50 174
118 159
93 126
101 126
12 131
16 160
45 71
115 151
142 158
34 55
75 173
58 65
169 171
90 155
54 130
46 96
155 167
3 174
5 29
158 176
99 142
65 96
17 135
12 155
4 146
85 123
21 149
137 176
18 173
112 145
70 113
2 161
67 129
60 96
39 41
41 88
48 80
11 60
1 19
30 116
115 135
3 156
42 142
93 170
79 126
1 165
63 78
60 78
41 64
28 154
12 19
67 122
73 109
56 165
81 173
29 115
165 172
27 40
32 124
89 101
93 94
19 140
21 85
129 137
134 159
24 99
28 44
115 171
32 102
123 149
86 99
31 79
136 163
51 164
112 118
58 82
28 49
21 157
75 157
48 162
17 138
0 126
51 97
33 132
120 127
6 146
58 147
99 163
96 116
67 149
80 149
52 100
27 130
70 92
95 96
41 58
7 122
51 72
67 136
53 145
61 169
34 162
59 159
20 72
35 42
4 22
10 142
6 127
51 172
63 155
128 164
26 151
46 55
68 162
47 120
5 148
76 91
90 115
94 125
109 119
76 127
7 46
7 53
135 138
75 94
49 143
98 107
43 161
49 54
56 93
92 108
23 57
101 131
98 137
79 130
139 154
66 133
40 59
37 155
5 79
71 139
1 54
2 26
9 151
50 98
108 164
72 141
80 113
13 15
47 130
33 38
58 94
59 90
13 22
30 160
43 57
90 123
15 85
21 39
62 148
46 65
0 36
14 77
113 117
41 86
74 80
86 160
79 82
69 168
92 118
27 81
122 161
73 98
39 116
94 113
32 133
84 172
17 59
77 176
78 107
128 149
60 113
19 49
53 105
53 90
101 167
78 108
70 90
9 153
39 111
69 115
25 48
18 141
51 78
25 168
38 58
50 151
44 169
54 114
117 158
10 138
47 103
18 174
38 110
75 93
47 100
112 163
43 51
16 40
18 33
5 90
5 20
33 87
13 107
43 92
46 174
117 167
79 107
35 50
15 25
39 151
43 125
148 176
22 94
83 167
100 115
64 119
35 126
21 70
10 105
110 114
25 38
19 144
52 151
10 159
91 109
33 49
4 31
56 143
74 144
19 167
21 145
61 176
33 96
76 129
56 160
114 150
86 106
41 171
11 154
22 42
16 116
27 132
115 145
88 132
61 74
120 151
156 174
60 122
81 99
153 163
141 169
115 140
19 75
37 99
150 161
85 94
122 156
83 116
100 147
9 95
5 163
68 168
29 101
35 96
30 169
39 99
26 164
17 45
52 158
14 92
55 114
48 95
5 47
79 141
99 162
84 131
96 119
28 159
26 91
131 144
61 128
30 167
92 152
8 102
124 143
131 163
137 155
84 155
68 121
24 165
116 132
56 153
26 123
37 169
52 85
47 55
49 149
56 140
35 135
44 111
86 91
53 141
35 175
13 143
42 123
124 169
57 80
135 162
6 110
6 151
82 118
36 67
158 159
107 130
18 90
23 75
13 117
40 78
19 90
120 132
33 130
59 123
30 151
132 145
55 161
27 119
67 152
18 38
69 167
20 131
57 170
159 173
144 173
114 174
37 104
120 170
143 151
73 87
53 137
96 114
5 109
44 99
24 49
22 158
103 164
87 168
41 117
59 62
41 77
2 137
102 148
123 140
63 159
34 102
149 163
5 115
70 97
63 132
110 120
14 142
66 85
128 161
24 157
29 32
34 77
77 151
59 94
89 158
135 137
43 112
44 144
53 117
82 127
61 162
14 149
54 165
116 176
105 112
25 148
23 27
19 51
72 171
71 100
144 159
138 167
34 113
67 100
134 168
48 153
101 153
155 169
60 72
39 164
91 99
1 36
12 176
0 151
122 125
17 40
25 45
25 166
33 157
52 156
43 91
62 97
37 136
86 151
85 136
121 164
5 57
42 113
66 103
142 155
122 146
23 132
81 150
1 176
140 142
122 123
95 170
40 54
51 136
69 117
135 155
34 145
29 144
11 40
43 95
35 149
125 160
32 54
4 117
4 106
104 122
82 173
99 125
37 170
3 153
0 175
147 157
90 104
89 160
121 145
150 154
50 60
6 106
66 114
93 124
68 75
9 73
52 164
11 80
19 91
8 44
124 173
143 152
133 161
14 33
133 174
23 97
14 36
8 71
77 106
64 117
16 95
28 95
133 151
54 99
104 105
24 141
130 144
29 80
62 92
102 147
95 132
3 96
56 134
37 76
25 126
95 169
85 145
33 110
45 124
104 110
136 175
17 175
30 152
25 170
53 146
13 19
15 29
27 126
95 129
96 171
113 145
1 32
126 148
98 142
66 118
92 127
23 43
45 151
60 170
121 161
10 145
61 145
7 110
2 36
134 176
105 117
56 156
81 110
119 143
5 147
136 152
8 100
142 164
55 150
68 89
65 92
84 140
96 147
47 140
110 141
56 59
93 132
4 109
155 174
4 11
8 21
55 172
18 31
59 100
12 34
94 106
119 175
64 95
22 80
104 171
61 152
29 104
8 74
67 125
61 149
104 133
52 150
42 61
8 28
7 76
18 56
40 71
67 87
110 158
79 152
54 84
0 81
49 124
98 162
41 43
65 115
10 77
101 162
94 171
54 108
3 118
77 81
68 148
23 50
79 172
28 148
29 74
12 76
77 153
93 136
58 121
37 100
28 65
105 165
2 173
38 104
6 66
126 133
107 174
49 71
71 134
23 78
14 44
60 88
60 66
35 160
30 82
43 150
23 24
120 139
76 107
125 170
46 75
93 122
25 111
11 125
44 157
22 37
7 99
32 38
4 91
55 146
54 88
95 147
50 101
83 101
38 81
57 98
20 170
22 150
24 85
39 152
113 124
41 151
114 151
79 174
32 156
79 88
74 89
82 159
124 175
77 159
37 63
45 132
69 138
162 174
14 78
23 41
121 159
47 136
22 49
13 148
50 168
93 109
36 81
47 118
32 104
72 113
70 142
40 156
7 75
26 137
127 164
49 57
123 125
105 156
5 127
108 146
73 117
56 67
18 116
26 109
60 106
7 150
6 49
12 28
97 162
44 132
86 93
140 172
38 77
112 159
81 164
86 123
100 120
2 109
68 83
22 38
61 166
7 91
147 153
41 104
21 90
153 176
4 14
72 123
158 161
7 174
66 129
9 63
56 152
134 144
32 137
98 138
99 118
80 85
32 78
74 93
121 148
96 162
2 79
80 146
19 131
112 151
1 138
30 39
29 33
102 161
53 94
45 174
10 69
116 153
40 148
14 113
52 128
20 119
156 165
63 151
138 174
24 137
3 47
2 57
94 126
13 44
103 145
7 22
11 119
71 118
14 71
65 90
4 36
53 163
68 139
152 160
107 137
49 162
84 101
10 23
80 127
67 144
31 42
40 80
15 76
74 108
32 45
50 125
94 140
33 94
72 145
135 168
99 128
44 145
11 142
9 42
104 149
18 119
47 151
8 115
123 162
36 141
21 143
62 85
27 39
30 88
25 144
56 127
105 149
67 77
10 116
40 152
35 141
48 53
77 132
69 125
65 158
52 119
31 86
127 139
86 100
55 75
120 160
20 30
89 97
25 37
49 113
25 65
75 120
61 116
0 168
90 116
77 172
121 156
8 125
31 114
76 141
41 56
38 107
50 105
27 124
16 157
60 102
100 110
30 132
20 85
24 96
23 87
132 157
22 53
73 112
61 129
112 129
48 72
60 147
29 41
83 141
23 137
39 141
11 150
38 115
32 129
63 86
41 122
49 144
9 56
0 143
44 50
62 81
29 95
14 65
32 109
82 141
115 162
19 161
32 51
31 82
16 146
133 170
144 170
94 124
37 110
82 168
39 119
41 49
0 39
75 152
46 111
12 36
23 37
78 129
2 91
20 158
30 133
95 98
107 110
98 155
30 108
58 95
14 86
112 115
104 165
135 153
23 42
34 94
26 141
11 75
12 46
27 82
1 131
20 149
133 140
36 64
25 164
53 155
117 118
71 85
102 172
142 145
87 111
31 95
65 151
9 138
14 154
64 82
26 96
117 127
97 142
46 86
35 127
74 75
102 175
16 159
1 133
164 166
12 133
42 155
19 35
124 125
59 68
15 81
123 174
13 77
3 163
64 103
6 45
10 168
67 113
101 173
96 143
36 99
62 114
55 132
36 116
28 35
101 158
72 172
111 122
127 157
21 61
33 116
138 176
109 137
31 52
102 120
13 146
62 83
10 99
12 61
41 154
18 158
36 43
36 93
14 38
22 60
132 168
102 144
53 170
137 172
110 148
125 147
36 111
87 159
69 97
63 79
112 156
49 104
6 22
6 149
54 167
81 92
44 133
53 71
14 175
17 151
16 127
52 139
84 132
10 68
65 174
97 111
2 60
90 144
40 137
39 104
66 164
62 68
69 100
87 139
25 51
13 169
143 175
5 7
63 176
18 136
14 80
82 134
70 171
162 165
74 174
40 49
5 143
126 139
70 104
3 18
77 114
130 136
32 46
1 29
42 47
94 139
20 34
29 166
27 47
19 28
14 61
140 141
102 136
32 48
71 89
54 121
114 138
80 169
26 73
106 135
89 145
58 173
26 113
46 156
46 157
69 174
87 89
0 17
4 143
81 135
107 147
37 90
7 69
60 157
119 131
101 105
52 159
48 145
14 55
94 134
128 132
85 175
4 116
62 136
56 136
116 154
24 53
13 14
37 176
156 158
9 114
22 140
122 170
75 114
13 125
162 169
77 103
73 136
128 176
31 115
11 27
24 174
11 47
44 168
63 70
65 163
14 160
127 158
17 92
45 173
21 93
56 85
42 156
7 105
74 167
8 72
101 141
69 151
33 69
47 87
118 172
112 127
102 124
68 86
47 65
4 171
94 163
33 141
160 176
37 163
98 101
12 143
66 80
124 155
70 139
23 125
5 39
1 65
13 20
72 164
130 175
22 43
31 61
130 147
8 162
33 144
69 132
15 43
86 140
107 143
108 144
109 155
54 113
128 153
14 19
87 134
81 104
2 136
41 73
76 144
37 153
94 128
99 117
71 173
90 140
91 144
55 126
66 162
150 152
65 155
23 83
65 141
86 131
110 126
13 74
5 61
28 47
127 159
0 77
59 85
80 142
21 96
6 10
30 98
37 101
34 83
15 36
116 124
102 159
14 35
122 124
73 91
3 51
33 78
17 150
154 161
5 125
64 85
31 111
59 132
129 146
75 154
39 98
29 47
35 85
54 92
30 109
48 92
12 173
20 37
12 84
90 132
28 134
20 67
33 93
53 59
84 85
87 146
39 148
80 164
38 145
0 60
7 141
73 129
72 136
1 9
39 49
158 171
0 5
111 112
5 31
53 124
34 151
91 123
74 151
92 148
55 101
94 129
56 70
40 164
98 135
5 111
118 154
102 108
102 116
67 173
10 81
72 101
30 137
48 67
46 89
33 34
72 76
67 98
42 172
26 110
21 175
25 165
37 146
23 100
64 142
107 117
73 146
76 111
49 154
91 135
42 115
19 130
7 148
140 167
128 154
20 54
88 96
132 148
25 47
137 165
90 150
141 157
42 110
80 152
84 91
18 87
95 156
67 105
53 135
15 176
54 119
67 101
26 31
1 166
101 115
61 146
26 160
78 172
89 126
57 114
17 167
15 106
72 83
18 166
1 107
84 137
99 164
74 149
64 109
109 168
9 169
135 140
59 130
75 131
62 167
57 160
119 147
93 100
15 150
34 39
115 172
88 126
13 37
98 154
46 147
37 109
132 175
46 169
25 39
116 137
90 112
9 118
127 172
98 172
148 161
0 59
54 152
67 112
43 144
64 169
97 109
30 143
98 106
99 106
7 104
57 145
3 117
23 91
115 139
65 126
116 118
5 137
152 169
25 58
43 159
25 87
22 102
74 79
55 71
79 129
97 143
34 59
16 68
20 53
77 152
76 104
27 66
11 23
52 105
131 174
22 123
109 140
54 98
37 40
70 122
60 161
33 174
39 73
97 108
40 93
21 123
71 138
44 94
35 36
0 144
8 79
67 117
8 158
64 67
81 89
156 176
73 84
137 161
35 106
116 125
43 118
148 153
53 148
57 140
98 167
53 165
116 134
14 125
26 168
12 146
15 64
108 128
64 76
59 129
35 76
47 148
85 108
50 153
16 81
22 77
61 85
22 162
99 157
110 168
70 168
37 129
5 149
13 73
71 140
34 49
3 78
10 61
14 34
103 147
92 113
59 174
47 92
108 115
11 166
56 175
46 132
65 133
59 142
54 120
19 36
50 131
144 171
68 146
84 167
104 167
133 165
28 109
17 100
142 144
71 147
128 160
63 99
1 72
35 117
6 92
12 175
133 134
69 136
91 117
29 92
47 171
65 157
46 139
99 101
46 161
40 51
5 21
12 161
164 176
15 115
130 134
74 157
96 98
130 168
81 133
3 42
0 153
22 130
15 82
83 110
1 6
66 67
3 157
42 126
48 98
52 67
130 157
15 120
104 162
61 72
71 160
34 81
25 33
72 118
42 136
21 131
83 108
2 122
76 105
20 66
20 59
68 93
54 66
132 139
2 75
37 149
80 124
133 146
8 110
105 114
3 135
94 119
94 136
45 55
72 117
143 171
94 150
18 163
8 120
128 148
144 150
128 135
174 175
30 59
18 99
74 168
97 128
11 19
19 97
61 150
14 137
74 101
81 147
37 88
65 94
8 116
12 79
102 128
63 172
12 14
63 139
41 128
54 106
22 66
143 162
112 155
50 113
4 87
130 161
29 35
87 135
111 165
45 126
10 133
113 171
47 52
67 74
100 125
7 123
93 173
27 145
98 100
12 41
52 84
35 171
48 100
3 12
6 65
9 58
0 44
50 110
61 127
49 121
76 82
77 105
17 128
22 113
44 54
14 58
13 81
160 171
164 169
37 51
43 83
54 118
4 48
97 147
47 164
15 66
27 113
30 112
18 75
51 95
37 71
112 135
115 136
55 128
33 63
93 118
31 73
26 139
39 157
42 164
127 149
37 79
151 153
45 53
53 143
73 161
67 176
149 152
130 171
45 107
75 95
27 153
39 80
146 164
56 133
3 125
53 95
54 124
65 149
170 172
3 127
1 169
138 151
37 62
41 156
67 99
18 102
17 99
65 132
88 165
41 176
91 137
1 173
10 165
68 138
162 176
119 142
78 174
43 174
1 103
11 17
117 122
10 169
23 148
102 121
103 172
89 174
18 131
4 34
12 119
96 138
23 134
23 59
117 163
10 34
10 120
3 83
39 57
72 163
128 166
111 131
10 128
86 111
64 72
121 122
66 89
9 53
70 87
48 164
119 154
51 77
10 51
104 143
11 164
110 146
120 161
90 167
58 145
35 143
113 120
33 105
160 165
119 159
91 100
122 144
11 114
13 75
46 124
1 170
1 79
84 161
165 175
24 131
59 134
3 20
57 119
162 170
32 66
94 153
39 68
39 172
18 109
136 162
35 108
100 151
40 85
42 63
121 139
25 107
22 134
19 133
6 131
70 109
137 162
55 123
59 72
151 168
38 101
0 47
5 171
17 26
7 155
22 139
24 45
75 127
38 47
35 115
57 117
85 153
21 89
96 132
42 130
17 162
54 143
95 120
86 129
4 151
153 165
38 65
29 89
18 153
64 143
49 176
148 170
105 164
149 175
80 119
9 137
12 120
7 62
15 127
34 168
37 43
97 120
43 53
15 20
121 150
72 114
72 158
48 155
26 29
54 70
1 26
6 165
107 151
45 161
31 34
107 119
110 174
29 120
41 116
56 162
38 67
2 50
23 174
4 112
35 174
18 108
73 169
63 116
33 99
12 116
57 176
49 147
111 147
111 141
20 76
2 38
119 157
119 138
123 158
105 118
64 136
121 126
7 139
40 132
103 137
108 133
7 82
2 163
37 119
87 121
142 159
65 159
7 93
60 107
30 153
19 103
52 95
16 77
106 138
42 67
8 59
62 72
5 167
18 41
33 143
38 95
57 137
122 135
96 175
77 119
135 154
6 71
44 72
9 86
14 130
150 151
45 106
13 111
3 59
104 155
45 168
14 153
60 128
126 164
67 145
42 55
113 127
85 168
53 168
141 171
48 130
9 139
73 166
28 120
9 17
140 159
14 62
35 105
14 161
57 108
49 52
149 159
24 55
62 135
29 114
66 90
100 163
20 142
31 143
23 86
65 81
18 169
74 95
148 149
11 59
61 101
79 156
17 102
87 162
120 166
27 102
95 137
125 145
56 142
59 109
21 24
35 109
55 106
89 168
8 46
51 74
60 127
79 84
87 110
127 130
103 117
68 119
43 117
5 91
3 56
14 129
160 164
24 90
65 105
5 112
103 148
79 134
55 153
38 167
121 128
57 166
92 132
56 108
24 156
113 154
41 113
7 176
40 74
137 163
46 165
28 98
9 168
19 109
73 176
8 75
167 171
15 37
73 151
55 98
86 135
128 175
94 148
100 161
38 133
151 163
48 138
118 127
27 115
36 145
11 104
21 122
132 133
6 72
65 74
82 151
86 87
34 163
7 142
93 147
24 102
111 123
67 155
3 63
135 142
58 135
61 138
25 136
161 165
2 143
1 108
111 149
123 138
72 130
128 143
11 55
6 153
7 138
48 125
17 41
55 118
32 145
69 156
90 156
33 81
166 170
133 143
52 54
6 58
67 124
17 137
2 81
130 133
65 173
95 139
4 75
31 109
12 170
47 50
30 77
27 160
133 144
105 125
48 137
16 130
5 8
112 160
11 39
50 72
13 162
9 155
9 92
27 95
36 102
23 139
9 141
78 134
13 109
20 129
4 163
9 30
151 171
16 21
41 120
65 97
124 145
85 144
41 106
55 84
26 53
6 159
114 167
47 90
25 76
60 91
0 102
63 75
38 96
75 111
19 175
7 130
48 60
106 162
58 115
118 169
72 137
87 142
37 114
78 148
31 134
107 133
120 142
36 129
116 139
111 174
73 140
159 165
64 116
30 171
13 118
24 147
55 176
92 155
92 169
88 99
91 169
132 173
21 55
129 139
76 116
11 109
40 111
146 149
8 25
97 116
129 153
98 116
6 51
3 162
102 165
7 95
66 71
1 146
56 65
96 112
68 147
8 147
61 84
27 168
97 159
8 67
42 135
11 73
75 132
26 46
44 123
119 120
10 166
145 172
24 28
58 127
85 150
61 153
82 102
66 140
53 65
72 169
55 145
119 162
85 146
70 135
26 42
18 72
111 169
130 174
31 75
80 155
59 112
68 167
2 150
29 70
2 3
55 111
61 68
48 159
96 106
35 64
59 81
7 84
65 69
118 174
62 138
62 91
91 127
1 115
11 175
158 166
58 103
12 66
23 170
63 163
23 151
56 103
33 60
50 146
81 145
9 116
83 88
37 52
34 95
127 163
110 151
19 132
6 40
78 114
99 174
16 50
115 120
36 97
9 91
151 152
59 66
28 43
23 167
6 27
8 61
14 126
102 115
8 17
63 80
97 148
86 128
98 161
56 158
70 82
90 139
146 154
106 129
93 101
41 95
98 168
116 162
84 163
104 125
61 96
10 93
134 148
111 148
73 96
16 162
45 119
46 113
20 102
24 57
95 165
155 165
23 155
31 84
53 111
23 126
76 108
82 130
30 101
44 90
100 144
56 119
7 121
64 159
18 126
44 138
42 162
11 151
45 65
143 159
14 96
2 139
65 111
97 156
104 153
110 162
18 170
23 40
114 140
52 167
48 156
67 93
94 117
25 175
94 157
30 74
126 132
47 74
122 153
13 135
75 105
164 165
72 78
17 30
77 120
26 68
4 27
73 103
76 80
18 80
118 136
71 73
40 139
8 169
0 118
113 140
52 122
7 68
89 102
70 115
19 150
42 100
12 172
46 100
49 136
12 118
81 142
80 107
51 160
162 166
50 171
46 103
69 84
123 147
150 162
126 129
71 105
73 94
26 27
109 125
38 117
101 168
72 119
28 167
28 152
74 125
16 129
6 96
43 88
15 19
74 78
68 98
97 105
76 122
25 146
51 102
22 175
112 141
91 172
75 125
67 138
87 136
92 146
28 147
9 166
19 119
41 72
102 105
32 62
88 109
24 136
44 125
2 37
86 155
117 133
24 166
75 115
15 54
62 170
83 95
63 142
3 145
59 170
6 74
75 140
53 99
91 149
6 139
30 64
78 98
90 169
3 37
9 145
30 86
113 125
31 66
49 70
43 102
85 140
6 108
10 12
19 100
16 114
4 118
28 92
16 165
19 43
100 111
10 125
38 150
110 165
7 80
19 152
104 138
37 108
135 136
14 101
31 110
1 174
22 142
42 89
39 107
17 132
57 143
97 170
83 145
49 95
8 135
18 98
11 35
132 151
5 84
34 124
5 33
55 110
108 166
20 153
35 46
62 76
43 75
4 154
39 162
115 174
133 150
63 102
49 131
85 125
32 111
119 137
24 69
11 42
98 163
40 90
63 115
12 70
37 157
34 107
45 105
39 87
2 72
47 126
70 172
60 93
0 96
126 158
93 148
27 53
29 91
55 142
27 176
14 162
12 55
5 101
105 152
121 175
24 135
74 171
123 132
23 52
137 174
38 51
3 168
114 157
28 51
61 157
4 104
119 146
15 163
21 120
58 62
27 61
42 68
84 142
37 70
141 146
35 128
53 104
57 129
45 49
43 168
7 98
8 112
67 95
21 51
121 167
4 71
29 45
22 167
11 100
17 58
84 114
170 174
70 71
80 159
114 163
6 154
140 143
85 87
24 105
57 58
6 38
101 147
58 77
28 89
91 141
8 167
38 159
20 55
19 157
74 169
84 120
8 172
79 138
4 122
47 63
10 49
119 174
11 101
10 16
117 132
30 60
117 126
165 167
92 161
71 172
49 88
65 106
33 134
82 86
15 117
41 75
62 102
58 76
115 161
71 103
100 113
61 69
38 105
20 110
89 165
35 136
12 40
4 7
81 85
38 75
58 60
147 169
30 175
5 65
26 104
104 158
14 171
116 146
120 154
78 142
93 108
46 87
124 153
71 148
30 124
9 68
107 124
160 162
63 148
3 43
23 146
32 77
79 102
1 139
24 47
92 128
30 51
31 94
26 162
154 175
40 106
34 146
85 137
119 126
32 44
127 137
42 94
60 160
60 126
71 146
155 162
4 93
45 125
2 34
14 114
3 26
97 101
45 123
88 136
4 10
77 168
114 143
11 82
47 145
37 154
23 110
41 62
129 160
41 82
122 169
34 99
91 162
34 167
2 165
107 109
15 63
117 169
3 114
1 98
17 81
131 157
106 140
111 171
42 56
37 83
32 153
79 99
82 165
70 124
33 35
21 83
18 146
74 128
12 147
19 73
60 163
127 129
22 92
31 139
21 164
27 31
23 111
12 57
42 151
8 123
21 159
10 84
1 113
63 124
20 75
40 173
57 71
29 34
140 151
97 103
75 88
98 114
157 168
69 129
86 175
121 173
84 156
39 112
48 175
152 156
53 83
108 129
44 115
166 168
35 90
4 140
29 67
66 121
17 96
86 152
40 70
96 148
40 57
65 127
11 92
36 45
43 143
54 163
1 129
96 146
24 89
66 105
16 34
18 120
33 54
85 158
44 70
90 145
127 150
41 50
25 73
37 172
77 94
68 160
95 174
17 23
10 148
41 146
7 100
49 108
92 120
121 146
83 121
61 172
39 166
22 96
33 139
26 111
48 107
18 77
85 166
37 68
93 142
41 140
10 147
33 136
10 53
49 109
48 146
139 142
54 142
120 122
11 99
128 130
0 73
3 146
33 147
56 79
36 66
54 146
46 54
45 138
145 173
60 114
83 158
40 108
47 163
122 159
92 114
113 170
31 136
42 66
67 175
9 93
58 162
92 170
22 73
19 24
7 97
108 143
42 76
16 31
108 131
21 176
2 20
105 122
64 70
17 109
135 169
81 144
13 131
3 110
60 89
30 165
18 156
8 146
18 124
28 108
1 87
102 117
152 176
25 90
16 70
120 140
120 163
61 118
47 133
87 141
23 120
64 156
43 115
8 155
40 114
102 126
67 159
111 128
10 37
36 70
6 155
18 150
2 111
110 115
91 161
125 164
155 170
11 120
13 103
126 161
42 103
16 94
30 32
72 81
51 116
45 76
7 166
8 80
30 80
38 78
80 93
63 67
9 77
128 170
4 41
50 92
94 105
87 112
12 39
45 140
62 169
96 101
24 31
8 29
2 108
71 137
9 40
93 140
24 106
41 91
18 137
70 131
55 166
137 144
6 150
84 89
24 67
9 90
66 150
21 144
1 10
15 93
58 98
103 123
28 127
84 107
22 154
70 95
47 64
82 158
39 131
110 169
69 99
81 159
43 52
25 70
23 31
128 131
36 173
22 85
50 114
10 35
39 106
7 28
123 168
4 59
19 87
2 39
142 168
12 74
13 114
7 102
80 102
3 138
3 91
95 162
41 159
145 149
46 60
107 168
55 156
89 96
24 125
42 114
21 41
115 147
23 92
5 44
29 170
61 130
138 162
50 137
2 138
67 94
14 93
3 82
78 128
1 136
18 133
18 151
25 56
102 111
55 88
34 157
12 72
17 164
33 55
118 121
103 154
43 89
67 88
93 123
144 175
162 173
87 117
19 60
31 106
7 33
36 87
3 139
29 136
71 142
44 84
58 156
34 35
56 76
107 163
21 30
77 149
129 140
12 24
44 161
54 145
8 121
24 145
21 118
34 142
104 108
37 113
44 104
64 73
84 93
1 43
78 99
7 26
1 21
57 100
46 127
76 150
20 162
55 174
58 146
11 139
13 50
10 107
68 137
17 32
63 169
106 156
32 127
1 40
91 94
123 134
73 118
8 98
78 79
92 119
63 106
14 63
1 104
25 71
28 59
102 156
45 152
108 132
84 151
11 111
108 124
96 118
31 104
155 159
40 88
16 69
15 53
1 153
69 85
53 169
126 168
69 150
74 139
20 62
74 158
82 163
6 33
93 117
34 65
1 100
30 122
71 127
89 140
69 166
140 160
21 150
19 50
85 122
117 120
22 146
30 130
98 150
123 142
23 94
12 129
6 93
22 176
44 103
141 152
109 172
92 123
13 106
19 171
27 110
19 162
95 164
32 140
58 157
81 98
78 117
27 172
17 68
5 32
30 45
77 141
110 175
39 125
6 28
62 125
45 146
74 91
83 119
30 168
54 160
26 102
114 133
154 166
109 123
9 82
115 128
16 87
150 176
61 89
8 145
123 145
11 159
0 86
19 58
22 136
63 88
38 53
29 163
48 93
15 72
39 44
55 135
9 48
100 116
80 121
10 24
75 84
31 105
27 121
82 121
29 132
35 38
1 73
34 82
55 86
65 162
3 30
85 119
55 69
145 157
107 139
64 105
40 75
26 55
99 139
46 146
68 161
158 163
54 81
36 147
163 176
26 70
94 110
7 140
15 121
40 112
27 29
51 89
24 169
108 145
107 156
59 95
51 156
56 113
50 163
118 123
7 10
47 138
9 172
28 111
137 158
88 169
56 126
21 105
35 173
11 12
62 130
74 150
163 171
40 87
94 146
83 171
104 148
72 125
99 158
147 161
63 84
117 154
10 94
126 170
35 153
108 142
54 111
92 151
53 57
24 81
46 168
10 97
116 164
4 168
125 148
50 76
109 167
66 142
87 170
62 108
10 62
44 167
22 132
8 101
88 108
0 166
31 41
91 130
51 81
8 103
20 120
55 133
41 74
51 145
61 65
11 43
59 124
4 110
6 17
46 104
36 138
25 80
108 109
8 42
54 139
26 28
80 165
81 152
94 122
1 110
3 27
125 163
78 163
14 123
2 171
80 135
132 150
31 54
32 169
74 140
124 161
49 74
55 78
154 165
123 160
59 147
132 156
100 127
17 136
111 113
104 174
120 143
25 109
50 176
38 149
102 127
14 24
40 126
4 95
52 165
10 143
37 144
149 155
31 132
75 170
114 137
26 124
21 132
120 146
102 106
130 143
39 105
3 14
19 107
47 60
87 107
14 150
55 104
79 164
79 111
57 95
13 63
69 162
55 102
82 123
28 114
52 91
77 93
86 138
6 132
10 13
146 162
59 103
126 154
60 75
138 166
58 172
34 80
78 122
80 81
14 131
30 40
110 128
12 103
28 124
151 173
24 148
13 171
90 118
35 53
93 97
3 109
8 131
43 129
118 138
36 41
102 164
35 123
60 135
65 136
48 117
41 111
58 81
108 171
56 92
29 135
5 95
141 151
151 155
134 141
124 130
14 112
27 68
53 101
1 141
30 146
125 144
70 117
59 140
74 84
1 93
74 115
99 132
8 168
25 129
99 170
34 171
27 60
2 162
113 167
41 63
110 166
102 114
51 128
116 131
12 148
68 157
91 132
135 164
103 110
44 128
15 151
47 116
1 59
48 81
60 111
50 95
18 74
155 160
93 114
76 124
67 119
53 115
83 174
139 160
18 59
84 147
73 111
107 127
72 104
23 122
10 66
143 169
15 70
0 70
109 169
48 168
43 65
91 122
89 108
18 176
100 164
72 127
18 67
14 53
8 176
9 152
1 15
4 44
17 160
36 39
52 152
68 117
29 152
47 94
67 131
83 154
21 155
63 71
26 85
154 157
76 87
117 124
3 61
85 151
14 116
22 147
69 80
153 168
16 20
83 134
76 153
89 116
174 176
91 106
126 136
108 172
18 122
25 36
91 175
30 138
26 143
0 34
54 78
30 81
38 156
33 113
132 166
92 99
8 81
60 95
38 92
50 104
136 149
166 173
12 13
28 168
48 57
40 153
88 107
129 151
31 125
16 137
16 33
34 130
99 116
22 32
19 59
13 144
55 117
9 70
7 146
45 153
14 81
56 173
111 157
89 172
21 134
27 120
35 122
82 164
19 99
47 79
55 68
58 99
34 73
58 106
118 142
70 116
10 156
124 132
57 84
55 63
80 134
124 167
25 156
59 157
12 106
65 99
45 59
77 104
17 114
12 100
12 94
47 93
39 54
87 150
81 105
58 68
122 157
38 165
90 147
23 129
4 53
94 145
49 150
99 175
157 170
43 58
64 173
36 166
10 132
128 138
83 84
45 159
122 154
148 163
14 48
60 118
117 141
12 156
13 35
151 169
103 144
61 95
31 112
139 144
36 175
50 161
76 100
5 141
40 52
25 103
114 148
36 149
131 167
82 83
29 128
39 88
62 134
18 83
56 130
31 88
63 166
136 166
23 108
15 87
15 59
121 137
125 157
19 121
39 77
5 100
17 101
104 144
123 159
32 99
53 61
4 56
120 168
50 166
116 152
38 42
5 70
84 109
91 108
26 38
76 81
51 129
26 77
111 118
137 142
61 110
111 163
60 176
69 110
26 120
87 174
37 116
22 170
5 150
13 56
58 160
72 107
31 103
166 171
30 103
129 148
32 41
126 156
44 55
78 137
12 101
114 147
100 173
101 160
95 141
95 121
122 148
13 88
69 87
105 141
73 107
13 141
7 175
37 45
32 113
14 76
5 46
49 146
107 164
15 110
73 86
50 78
92 106
51 146
7 59
37 118
86 172
22 46
57 72
115 158
15 122
42 137
94 161
132 143
73 105
80 168
92 168
134 139
0 27
82 135
18 135
84 87
74 161
131 132
29 77
152 174
140 171
7 19
111 145
0 57
53 78
91 143
118 137
55 171
38 82
58 104
155 157
52 92
140 176
113 153
56 102
63 91
27 167
6 130
9 19
45 133
165 174
21 69
18 30
31 39
111 172
44 93
122 137
32 35
25 139
29 87
41 48
42 48
136 150
12 136
30 110
126 137
57 132
50 103
35 102
27 52
49 77
12 93
44 150
3 150
82 160
26 126
17 166
12 88
90 166
96 142
33 129
51 91
89 147
17 131
15 32
104 142
49 116
39 168
67 128
69 158
1 148
110 130
78 110
128 171
40 81
157 175
61 107
7 16
12 127
38 175
73 106
40 105
143 163
147 167
6 104
62 139
115 167
12 169
95 126
38 99
59 86
8 18
20 155
19 37
69 148
31 57
118 167
95 166
15 73
8 31
21 138
43 46
77 102
2 52
98 117
93 106
126 149
25 167
118 125
93 176
35 43
103 173
20 36
3 17
130 164
28 137
1 62
126 157
104 120
21 139
9 29
108 168
6 158
5 25
5 50
116 168
108 111
21 119
26 66
4 137
84 125
30 118
20 26
48 70
80 157
69 119
118 147
22 112
10 55
34 175
4 64
102 129
114 131
112 124
42 87
168 176
0 160
57 99
51 119
31 38
76 171
36 159
23 152
70 121
40 158
102 112
27 35
44 101
15 90
65 175
24 133
44 174
86 153
52 86
17 145
24 108
86 97
4 19
18 112
74 142
63 153
12 53
120 134
3 94
39 163
85 131
83 106
29 126
78 154
36 96
16 112
20 38
27 85
24 171
23 106
38 142
30 163
33 102
79 103
54 61
14 136
85 120
34 45
45 110
100 155
110 164
95 163
1 92
109 150
111 137
85 110
9 72
100 166
59 121
112 150
57 122
132 147
77 156
78 168
105 109
35 63
54 166
28 91
157 171
16 113
122 162
59 83
156 173
32 52
43 87
21 23
138 161
20 139
123 176
4 99
20 157
49 96
60 172
49 139
5 172
36 54
63 167
27 71
64 134
62 117
110 116
2 144
16 64
2 84
10 59
69 109
76 110
131 137
40 102
28 40
6 102
15 154
160 172
54 90
11 91
3 116
106 175
52 97
41 65
2 42
112 130
125 153
98 164
164 173
113 172
17 78
136 154
52 146
24 32
17 79
12 110
42 111
110 149
7 35
68 101
37 69
66 81
42 65
25 59
61 105
56 84
39 147
59 74
96 130
128 169
29 94
69 103
78 121
31 44
1 55
0 149
14 118
69 165
32 100
21 28
26 84
21 52
53 58
25 158
151 158
85 112
126 140
30 120
63 171
81 172
109 146
43 103
83 151
47 78
72 152
26 64
10 14
35 140
68 94
27 163
14 140
96 149
68 72
27 128
21 33
80 140
66 130
59 166
9 79
13 64
98 112
140 147
50 116
18 157
5 129
98 110
2 154
61 112
28 60
39 92
75 96
111 168
4 162
37 93
39 124
30 62
10 75
34 57
17 148
58 164
104 121
55 73
169 170
64 65
88 151
52 123
43 176
11 102
2 174
6 109
83 87
81 118
64 122
0 115
80 133
25 176
36 148
49 56
115 118
30 42
5 88
32 87
72 153
86 173
115 159
64 118
104 107
59 173
28 70
112 134
37 120
38 85
82 119
104 152
58 92
43 84
34 91
92 111
39 42
55 91
79 106
81 127
139 165
120 138
38 55
11 129
61 148
103 161
17 154
92 125
81 96
58 130
6 55
26 76
8 84
117 137
69 78
95 143
61 99
164 167
68 120
43 172
57 150
6 67
0 67
107 158
81 117
126 144
102 166
35 164
122 164
19 165
39 45
101 176
90 131
108 141
95 159
77 131
45 90
7 90
67 171
77 86
103 112
97 155
27 123
44 81
32 40
88 98
133 169
136 145
165 171
42 157
17 111
7 23
8 37
110 129
90 121
32 65
20 146
35 75
85 132
33 104
3 151
12 50
34 134
126 128
70 175
60 175
28 90
91 160
97 174
112 113
40 141
49 117
50 65
19 163
29 86
152 153
61 104
18 167
77 125
30 65
46 57
65 86
19 81
132 170
24 139
118 171
81 121
20 104
28 174
62 173
15 38
103 166
31 161
16 124
108 154
6 26
31 68
9 24
39 94
87 124
15 168
39 154
35 131
136 138
9 123
90 125
85 118
39 161
48 54
23 150
16 29
50 80
97 136
59 148
93 169
80 114
141 145
39 138
119 133
116 138
18 130
21 80
38 120
18 43
90 159
55 121
105 124
10 176
10 164
58 78
121 176
68 145
41 168
95 155
48 52
55 65
32 118
63 143
22 48
60 104
8 13
145 159
6 105
56 100
15 89
36 79
52 106
71 166
35 92
144 167
35 142
19 111
54 159
77 173
36 134
27 175
65 170
41 172
59 146
143 160
100 134
4 32
20 51
25 130
147 168
141 175
89 162
113 135
71 97
68 114
46 58
168 175
111 125
92 117
77 144
84 86
58 90
20 176
120 173
38 126
84 112
9 150
61 122
20 87
42 91
11 126
17 170
15 62
4 145
14 89
5 133
2 32
24 162
121 129
60 156
60 143
114 136
95 168
130 140
21 27
141 172
43 78
79 97
109 130
139 146
12 67
30 89
110 154
152 175
41 166
32 101
51 166
152 167
132 141
51 144
65 140
0 25
107 123
34 119
25 131
63 161
55 147
13 136
94 137
12 104
64 111
11 72
140 165
110 171
83 99
114 121
15 137
123 172
19 61
66 141
16 51
7 56
40 43
68 140
9 66
2 67
129 161
43 126
76 79
55 140
30 41
110 122
146 160
119 124
15 123
18 162
29 111
24 129
10 26
144 156
82 122
25 60
89 157
28 54
8 58
43 142
15 45
133 153
86 124
26 163
74 99
28 38
49 65
22 28
11 124
15 30
24 112
79 144
61 81
50 61
166 176
91 166
29 51
61 168
74 123
30 155
59 144
59 102
38 108
87 101
73 93
8 109
154 155
31 113
51 84
14 124
40 172
61 77
86 141
51 152
137 169
19 147
3 16
6 12
33 155
43 162
82 167
25 150
59 158
12 123
50 119
62 162
94 155
152 159
15 107
7 117
37 58
100 108
32 147
58 63
85 169
41 167
10 67
56 105
10 47
22 127
76 146
95 107
64 154
82 147
71 159
87 133
144 174
25 106
17 163
44 148
24 144
89 107
40 96
0 3
70 84
11 134
106 170
45 96
21 74
68 100
141 167
13 153
5 59
66 169
6 43
4 136
26 37
4 150
79 120
120 172
20 57
1 46
49 137
146 172
37 106
76 139
150 170
25 115
123 133
19 63
28 164
111 138
14 79
97 149
73 145
29 50
9 69
45 135
67 90
42 104
133 157
33 109
69 127
63 170
73 137
106 151
19 149
0 20
56 94
33 86
49 118
80 96
167 169
80 126
21 68
76 176
132 153
72 73
24 173
61 66
2 14
45 75
43 94
100 158
98 130
25 163
62 107
114 144
72 146
131 162
39 70
33 131
86 143
7 89
17 76
44 68
26 114
67 92
112 173
48 135
68 154
50 155
33 48
83 104
26 43
105 170
31 35
39 170
111 161
13 67
14 64
9 173
3 33
116 156
94 164
68 132
147 162
100 162
83 169
55 100
17 143
138 143
33 41
109 151
161 162
107 116
92 105
71 110
56 132
51 63
120 167
5 9
137 159
32 135
113 169
109 117
80 106
112 140
70 149
109 157
102 138
25 161
52 174
19 80
60 68
3 155
16 163
50 167
100 122
10 78
50 154
66 148
13 49
133 171
6 101
8 165
13 40
16 32
159 176
59 152
22 31
120 174
34 75
152 163
56 63
111 155
100 106
95 161
2 152
112 125
6 64
9 94
75 156
59 176
130 149
61 156
120 145
71 90
25 81
109 175
85 147
10 11
52 142
50 111
22 120
70 128
84 138
84 158
82 112
51 90
30 140
77 143
120 176
128 152
12 56
73 79
17 42
11 68
81 148
43 127
64 110
120 126
96 97
9 162
11 70
82 85
18 26
34 125
17 47
18 107
59 150
32 34
55 157
14 157
51 76
54 122
3 65
52 175
12 71
16 123
23 115
45 57
52 138
160 175
79 154
19 126
130 169
44 119
69 93
38 162
84 159
96 108
136 167
101 155
130 160
156 159
39 146
42 52
72 109
132 165
12 35
26 81
39 127
10 76
38 169
93 174
39 100
105 169
27 86
65 79
8 85
57 61
2 106
103 140
33 152
1 125
44 162
87 106
22 129
25 55
29 133
74 152
20 46
73 155
79 162
124 159
30 114
19 135
76 154
106 124
17 31
34 118
31 53
5 135
71 119
12 44
59 61
97 122
94 127
4 28
43 131
21 174
36 133
10 155
79 112
102 153
31 123
92 147
131 145
0 31
24 142
11 46
58 122
52 77
88 131
88 161
36 74
48 82
7 86
42 72
56 82
22 61
33 108
29 39
69 112
51 121
49 161
15 35
37 92
14 134
16 72
101 117
55 143
15 83
96 158
1 120
124 162
17 66
18 85
50 97
49 164
5 41
81 175
73 116
20 58
18 165
4 114
142 166
69 82
68 105
8 47
154 163
153 166
40 100
12 138
22 88
8 139
97 165
4 23
47 141
38 121
19 29
8 97
27 43
53 157
79 166
143 145
76 119
21 109
40 103
5 96
42 132
40 161
99 130
88 110
25 97
21 36
72 154
21 50
160 161
47 129
52 76
138 142
135 147
57 144
10 115
73 82
12 126
134 162
0 159
4 152
1 52
22 145
54 140
34 47
115 160
29 42
2 127
58 136
57 85
142 174
0 157
3 141
1 134
28 155
122 155
112 121
82 125
150 157
51 159
40 175
24 110
52 161
38 54
94 114
119 139
77 164
34 61
34 114
39 144
92 109
89 150
33 65
134 175
45 158
78 125
12 82
0 116
4 60
14 74
30 100
32 63
27 164
37 86
141 158
56 120
14 106
31 49
87 123
42 73
95 136
22 98
24 71
72 174
46 115
33 120
13 72
146 163
79 113
60 131
63 160
79 94
81 160
38 151
91 134
64 135
68 125
48 63
59 136
78 116
61 175
46 125
53 54
84 152
76 173
9 160
20 135
9 101
69 126
11 123
32 91
18 46
43 148
31 108
52 115
115 132
115 170
19 155
6 166
111 135
43 104
50 164
129 172
67 108
58 140
68 116
62 160
69 90
82 110
131 152
27 98
85 141
24 34
25 160
31 130
11 110
48 134
75 146
23 61
116 123
17 25
62 74
153 161
0 9
28 102
104 145
88 173
26 134
66 127
134 165
17 73
6 62
30 162
129 132
55 125
62 154
30 170
167 175
78 152
75 117
24 95
162 172
33 106
150 163
20 171
110 124
79 142
34 117
146 170
149 151
131 160
67 116
78 86
92 112
62 159
53 100
3 6
1 64
51 52
113 165
95 158
16 97
45 122
36 37
4 72
0 10
142 150
74 106
11 149
15 104
56 90
22 148
77 78
36 69
15 99
115 165
43 151
5 71
13 147
60 120
3 99
48 89
9 134
57 173
18 32
18 147
50 120
97 171
6 174
107 140
39 174
129 136
12 117
36 153
5 6
30 173
37 159
131 140
44 56
49 120
4 24
18 132
8 68
42 112
34 43
40 171
30 147
165 168
1 128
21 152
63 173
28 138
0 42
62 104
42 152
3 41
25 74
57 139
16 174
70 162
47 117
83 115
26 54
120 147
18 82
32 83
128 173
15 174
138 145
32 131
35 88
89 134
17 110
40 67
16 37
133 141
31 71
48 88
5 130
24 172
140 153
66 125
105 120
106 139
11 65
64 112
19 124
9 12
53 173
99 107
78 169
13 124
118 141
71 78
101 170
42 82
82 132
37 134
144 168
46 80
43 133
28 129
59 141
115 127
55 108
141 155
138 155
23 63
68 106
9 62
8 160
23 45
23 153
60 87
117 173
30 123
4 165
94 144
33 124
57 125
89 120
147 166
6 107
146 156
1 130
62 166
55 96
9 13
40 125
63 149
135 141
39 89
144 160
15 102
106 121
78 176
51 122
59 104
125 126
73 99
29 156
2 170
76 159
145 165
124 128
50 144
2 92
21 77
37 59
40 155
40 91
78 141
15 49
0 95
12 97
51 173
6 79
129 157
33 128
9 34
18 91
20 82
17 142
60 109
87 118
18 159
119 152
114 142
112 168
28 144
60 149
92 150
38 116
89 153
106 131
80 145
25 44
46 144
67 169
67 162
8 26
34 115
162 163
74 129
25 46
53 152
39 158
165 176
50 148
60 121
0 52
61 125
101 175
82 176
58 131
105 162
67 163
24 51
63 144
4 108
5 159
51 137
134 158
154 172
65 152
23 143
121 162
68 111
122 129
91 168
29 64
113 114
55 170
116 175
87 108
42 98
78 175
24 155
171 172
86 94
12 113
49 153
79 145
52 70
1 137
84 97
139 156
150 171
70 112
60 115
31 140
27 46
79 124
82 157
127 146
80 109
148 173
41 123
48 83
14 22
88 121
96 131
44 172
44 66
86 144
128 146
93 149
32 159
2 70
29 84
4 9
53 162
134 163
64 130
8 91
52 104
66 107
17 64
2 164
88 174
75 91
89 132
27 131
76 143
60 136
145 146
60 97
93 172
32 86
81 132
17 98
51 59
41 163
68 166
41 90
65 150
25 57
52 112
101 138
69 164
7 113
64 92
35 158
95 167
71 152
137 173
150 159
78 106
40 157
57 113
78 162
35 129
3 105
35 52
31 144
137 171
88 103
118 156
71 175
130 159
127 167
114 119
150 173
57 104
119 170
112 132
140 170
3 23
46 114
38 170
74 112
90 103
75 89
27 62
109 111
9 143
103 163
70 132
124 149
65 84
36 71
63 175
8 92
47 156
64 96
6 143
54 67
90 126
0 72
63 136
2 168
32 123
9 37
61 123
27 161
100 137
9 43
105 160
139 147
21 127
36 115
17 140
10 140
87 144
2 23
47 114
68 112
20 116
24 91
31 122
13 108
50 71
84 169
90 162
1 3
50 84
113 148
8 55
52 62
2 89
92 97
35 121
126 153
125 169
44 121
70 161
0 131
98 157
2 95
10 109
6 167
6 75
66 123
82 106
1 78
44 134
95 175
73 135
149 165
113 166
113 158
122 173
32 175
98 109
17 39
35 59
0 139
5 16
46 49
5 18
73 154
75 123
23 109
27 152
125 131
4 101
89 166
28 55
102 158
106 132
116 119
93 104
5 176
104 168
51 86
173 174
39 91
4 12
95 97
5 120
72 176
138 153
17 88
102 137
0 103
84 143
33 97
89 94
44 63
4 148
83 92
35 60
106 111
126 135
91 158
76 175
24 42
66 88
22 108
22 110
1 123
17 93
8 148
71 144
26 33
6 9
91 111
102 152
49 107
15 22
47 111
34 139
17 126
52 64
111 119
21 60
9 25
75 128
15 101
46 126
0 127
54 91
92 156
64 108
8 53
28 131
53 93
66 174
17 149
32 165
3 28
20 138
32 79
44 127
5 104
114 139
72 92
97 98
98 159
20 44
82 109
8 70
56 155
25 89
108 165
21 34
34 147
125 146
103 127
24 121
102 171
23 123
113 136
79 140
108 125
77 147
149 150
98 149
63 64
19 94
100 138
34 169
62 147
11 168
8 157
15 98
7 143
129 168
75 151
36 73
23 93
5 97
100 117
164 171
158 174
47 86
6 24
8 48
46 95
71 108
75 79
66 99
21 98
56 57
85 116
132 140
9 167
72 74
19 93
121 125
30 36
34 74
9 149
95 106
5 75
100 123
18 65
148 158
31 154
40 131
39 155
7 81
15 170
75 78
77 137
133 138
9 38
43 147
2 117
83 102
141 165
29 58
138 160
25 85
23 58
101 120
131 170
105 158
19 136
70 165
70 106
24 140
57 66
45 134
74 126
27 97
42 53
101 139
91 124
98 128
142 173
94 107
124 129
22 39
16 25
2 64
123 127
85 138
72 77
21 167
100 175
90 170
38 140
1 117
52 132
84 176
4 139
40 142
59 63
8 151
47 160
50 142
2 5
20 80
10 95
64 106
82 156
16 105
8 111
2 147
4 65
22 157
71 165
81 103
51 55
46 67
74 148
65 164
1 116
29 173
99 134
11 16
9 15
61 94
35 61
77 157
98 173
131 133
0 35
23 33
118 149
74 104
160 166
26 92
83 113
14 143
52 134
71 98
8 12
26 82
90 165
109 160
49 68
42 60
107 171
24 118
76 109
3 159
35 165
90 175
22 151
53 167
75 142
58 174
21 46
16 71
124 131
120 149
64 86
15 60
114 169
4 77
8 154
146 166
44 59
131 158
104 157
47 85
34 129
47 139
163 170
119 149
10 141
18 113
42 144
9 89
1 127
79 161
89 159
18 138
145 170
13 94
51 126
58 133
154 160
54 89
76 174
3 46
85 124
123 129
74 147
62 66
17 157
18 44
34 120
119 156
12 102
5 78
13 152
39 140
13 92
52 63
88 95
112 144
6 117
108 147
55 89
75 165
92 137
20 21
23 124
52 121
58 166
57 157
122 165
24 109
139 149
90 135
50 134
5 92
94 168
56 131
69 118
91 95
25 157
73 101
50 130
21 72
15 40
12 49
103 104
72 162
24 26
97 127
96 176
100 103
59 168
82 103
2 169
15 28
76 102
15 142
4 153
75 164
68 174
104 109
19 158
20 133
84 119
23 85
3 136
64 94
68 164
43 122
48 55
76 148
86 147
70 86
17 115
23 114
8 43
61 108
76 151
41 53
67 80
51 94
92 141
78 105
20 107
149 170
27 144
86 166
89 175
28 151
33 53
24 43
47 58
73 149
4 78
38 50
6 129
94 95
45 171
54 117
35 151
18 171
87 143
127 147
52 173
28 110
25 118
7 65
22 135
31 165
97 115
45 85
55 141
101 166
131 134
48 133
73 97
11 74
20 49
63 133
15 153
122 130
79 96
12 26
95 102
24 116
57 77
26 112
9 71
54 94
112 133
48 119
151 165
122 167
114 168
77 101
3 10
15 138
