178
10
8506
60
54 2
71 2
126 2
120 4
51 2
61 3
46 3
104 1
88 4
117 2
117 1
109 1
87 4
87 1
118 2
52 1
120 3
121 4
118 5
86 3
59 2
109 1
54 3
103 5
59 2
98 1
102 5
110 1
63 3
73 4
95 4
80 1
55 1
65 2
56 1
85 2
76 5
106 1
75 2
100 4
124 4
72 2
114 4
84 2
103 5
62 2
86 2
50 5
57 4
75 4
56 3
62 5
57 2
81 2
75 4
59 2
105 2
48 5
107 3
125 1
78 4
112 2
83 3
127 1
86 2
74 3
113 4
95 2
110 5
76 3
112 2
48 4
92 1
76 1
77 3
63 4
122 3
48 2
108 1
87 3
86 5
120 3
117 4
126 2
111 1
115 5
108 4
101 1
114 1
78 3
85 4
117 2
125 5
108 3
109 3
63 2
84 2
60 4
65 5
122 4
75 2
52 4
79 1
88 4
109 4
48 3
75 5
57 5
46 1
110 2
71 5
119 3
48 3
110 4
127 3
94 3
56 5
118 1
96 4
101 4
111 2
84 1
74 2
74 3
85 4
115 3
100 2
79 3
74 2
76 4
61 4
125 1
116 5
105 5
74 3
105 3
99 5
72 2
91 3
86 5
119 4
62 1
119 4
103 5
98 5
118 4
93 4
64 2
123 4
123 2
103 3
107 4
83 3
98 1
90 1
118 2
54 1
93 2
118 3
107 3
69 1
120 2
85 2
106 2
83 1
69 5
100 1
55 4
113 3
97 2
86 3
116 2
122 3
84 4
91 2
71 5
108 4
95 1
4 142
12 71
17 132
115 142
44 67
109 175
8 11
85 117
5 141
9 137
75 114
102 171
65 149
106 114
129 159
61 158
64 134
120 147
51 111
4 51
21 117
24 41
82 158
59 105
117 150
115 119
93 127
87 143
7 170
106 141
146 163
120 162
85 145
113 142
33 133
2 74
127 176
19 22
68 161
40 137
81 153
99 177
33 40
2 116
164 173
18 39
90 165
57 112
78 165
61 141
75 127
63 171
2 28
76 103
32 35
3 131
28 38
151 153
93 145
27 154
4 169
38 120
45 50
4 122
72 177
79 89
86 173
12 83
157 158
23 177
56 58
28 115
93 168
20 39
38 77
146 158
24 89
9 37
23 138
71 175
73 138
50 111
121 135
105 124
113 126
27 43
85 173
29 112
171 172
49 172
47 148
27 59
75 145
87 151
87 91
116 135
33 118
39 101
135 142
59 127
27 45
169 172
47 58
36 132
77 174
95 113
128 163
32 158
9 106
81 140
4 52
61 119
1 69
58 63
84 119
41 76
27 104
34 37
61 175
31 131
51 124
54 97
72 114
59 154
79 140
77 78
5 93
67 161
34 103
35 45
1 166
41 141
50 146
3 67
97 155
62 173
89 167
28 128
18 53
35 172
93 96
17 89
73 175
19 55
145 163
22 27
47 151
48 104
76 90
97 156
97 175
116 118
133 175
97 104
53 167
59 142
92 161
91 163
37 135
92 168
8 17
96 156
67 128
53 128
122 145
6 95
0 156
61 101
38 74
5 86
12 69
59 145
5 135
41 123
9 38
42 152
90 96
21 160
136 174
119 158
6 126
72 89
23 114
57 131
25 174
31 122
111 115
82 112
6 135
27 140
67 78
12 47
28 161
41 83
21 47
68 74
105 165
20 101
101 107
67 105
26 47
102 104
8 83
123 161
14 86
11 23
21 156
21 149
31 57
46 138
24 136
33 174
33 81
74 176
43 44
60 65
92 171
22 98
67 175
73 170
43 91
129 132
14 92
67 84
60 117
66 173
1 107
136 144
10 125
136 153
117 132
85 96
0 24
90 120
75 168
3 109
87 119
37 157
40 53
23 71
80 89
11 26
112 118
101 103
87 92
36 141
29 69
24 165
67 160
54 165
116 157
148 157
117 127
156 176
70 152
84 158
114 164
13 158
29 124
44 174
117 169
94 101
149 172
56 92
12 87
136 161
51 161
5 45
27 42
108 169
28 171
10 171
46 147
15 32
117 163
36 148
24 152
7 47
58 165
5 133
128 143
13 171
11 48
95 149
128 161
133 177
116 140
39 174
70 126
93 172
95 169
5 85
46 157
11 154
13 120
79 127
78 148
43 108
2 73
88 114
8 156
51 134
5 132
87 115
100 105
24 64
150 151
7 108
49 56
59 62
9 144
62 167
39 169
68 144
136 171
30 53
80 123
42 129
46 54
92 133
18 108
53 90
66 87
49 129
157 166
1 137
98 153
54 135
72 166
40 45
10 54
41 145
13 114
59 156
135 152
9 54
106 162
149 168
9 142
33 35
39 63
70 103
6 36
26 80
105 136
20 54
57 80
34 152
91 123
22 130
14 32
14 93
89 105
99 138
34 48
22 145
2 70
59 83
19 102
13 101
93 122
19 144
122 165
12 23
15 142
128 152
121 150
112 159
87 145
32 70
37 60
85 177
118 153
91 150
37 69
30 70
139 150
120 151
87 114
5 136
21 163
148 163
28 125
67 164
77 99
129 168
169 174
42 56
6 137
8 65
69 77
71 124
23 132
0 86
95 109
35 72
117 138
62 119
83 120
3 144
40 85
138 163
113 116
139 163
29 171
69 148
62 92
45 113
100 176
111 113
20 147
49 167
45 117
43 128
75 115
98 127
0 152
0 102
32 176
27 50
83 96
117 122
58 98
27 163
11 115
55 134
4 89
94 166
58 144
11 95
137 174
104 162
38 173
14 21
61 145
109 130
77 167
87 130
20 57
95 128
17 163
69 89
17 69
161 173
44 118
62 176
40 97
35 163
108 147
0 29
107 123
49 131
89 130
106 175
10 138
33 50
126 166
107 134
69 79
16 107
89 102
9 84
37 83
66 129
32 67
83 149
50 69
36 74
80 152
23 128
24 134
55 90
96 103
28 121
42 112
57 116
59 111
95 101
160 169
103 166
84 164
1 92
3 79
18 170
12 117
94 96
37 163
74 98
72 148
4 64
139 156
89 145
63 79
35 37
44 51
33 70
23 108
30 129
105 141
39 170
99 176
93 152
40 84
32 61
73 99
15 108
86 97
98 157
32 160
127 148
128 173
69 90
84 148
110 149
17 124
27 106
33 137
46 78
40 163
160 175
7 31
96 116
35 145
22 65
46 139
7 122
18 71
17 117
65 85
17 63
59 167
73 89
2 45
100 104
127 130
115 154
15 38
14 152
70 131
123 129
96 113
33 59
83 115
50 141
3 27
33 37
56 174
74 164
118 130
75 107
49 145
162 169
67 116
42 167
58 162
96 118
59 76
92 98
116 176
84 155
63 138
109 176
84 167
24 150
2 117
43 143
33 77
57 127
26 95
44 173
23 98
30 45
3 17
31 40
61 68
27 107
4 124
87 172
35 155
7 92
87 175
9 59
44 129
68 71
99 166
134 140
42 95
29 71
125 173
6 58
16 137
27 147
30 172
4 166
26 88
9 173
52 98
104 176
42 90
40 75
24 107
64 126
78 116
32 88
32 62
26 38
3 46
102 132
110 147
44 123
91 162
2 103
134 173
50 158
9 32
11 91
90 123
92 166
139 177
42 85
62 100
3 95
107 158
53 172
7 100
28 87
38 71
42 70
91 124
30 82
16 87
55 162
48 109
121 134
14 22
151 155
35 112
95 119
4 90
0 149
76 159
32 150
108 128
2 68
41 105
34 107
77 155
114 162
50 82
70 115
55 124
34 98
80 162
41 153
2 46
75 85
13 129
118 176
66 98
107 148
101 150
133 161
44 133
8 129
116 152
125 165
19 63
93 142
86 133
10 46
58 79
101 152
43 170
138 153
34 90
122 171
38 44
106 128
57 169
6 111
133 142
5 105
50 143
34 39
11 61
61 150
62 121
45 172
44 92
29 91
21 175
14 39
65 117
130 177
38 54
99 149
27 39
39 90
28 167
170 173
26 27
167 177
46 83
35 111
52 105
57 132
13 60
48 165
59 82
60 97
26 68
56 68
52 102
102 159
35 43
15 79
6 62
59 168
55 118
139 176
1 68
28 61
103 167
24 172
80 113
19 143
81 127
108 119
6 37
145 172
64 96
5 68
89 103
113 146
131 133
35 177
76 95
41 154
68 115
105 158
100 115
6 87
42 166
97 176
25 73
29 176
82 166
2 134
6 132
92 120
28 139
103 112
66 171
22 85
77 95
67 75
6 73
67 168
52 150
87 132
80 98
72 125
22 159
56 140
126 140
34 76
129 160
28 159
97 153
115 158
96 165
68 125
18 24
148 159
46 75
27 133
42 120
80 128
140 161
1 126
3 159
56 91
114 115
73 124
41 162
101 154
104 108
51 75
19 169
10 151
112 122
40 62
50 96
88 168
70 147
69 136
21 46
14 42
93 139
38 110
141 145
101 142
35 124
120 145
93 163
31 136
96 119
140 145
24 80
14 154
56 87
24 26
0 119
39 45
22 59
143 155
89 90
54 107
110 130
49 150
17 64
9 57
95 143
34 94
36 116
51 150
35 138
94 141
25 116
123 130
36 172
43 158
35 161
25 107
116 173
15 56
97 157
61 97
45 53
85 154
91 134
21 131
5 78
14 166
3 72
32 144
27 32
6 149
12 19
14 121
102 164
25 72
23 175
0 71
158 163
41 125
15 100
128 175
47 117
87 144
76 93
3 154
14 18
22 175
61 87
62 87
51 142
11 17
49 177
60 141
68 167
35 154
3 85
22 49
72 88
27 143
55 82
29 172
32 119
17 59
133 143
19 23
17 90
127 172
46 159
73 115
2 122
20 148
9 65
19 154
76 172
14 95
77 104
7 65
46 172
84 175
20 133
92 150
55 122
55 58
44 82
54 139
82 162
5 160
88 120
36 124
1 73
37 91
160 167
9 149
67 68
17 171
83 168
128 170
62 170
6 45
65 127
109 123
65 90
76 170
0 73
23 32
3 168
48 148
65 160
46 152
111 138
71 172
117 126
51 97
4 104
34 47
137 166
37 130
5 48
88 108
121 158
2 168
66 90
24 33
13 55
59 130
15 117
68 149
9 158
32 149
69 95
17 145
48 74
1 5
39 110
49 77
63 77
108 131
35 78
50 92
124 138
20 108
4 67
78 100
16 45
3 50
23 59
28 59
115 127
31 135
1 87
77 124
29 60
58 107
15 50
93 111
57 65
33 38
86 124
32 113
80 144
55 141
151 176
29 175
125 136
129 151
35 143
2 4
45 68
14 62
122 177
49 154
33 82
38 149
32 109
0 33
7 64
45 154
38 142
72 171
28 86
23 84
77 166
103 159
34 144
25 79
49 53
42 145
16 148
81 123
150 176
69 103
53 154
98 114
143 176
82 169
94 104
44 168
1 162
136 165
9 92
111 126
101 173
70 156
26 63
22 129
41 45
70 171
82 149
63 64
16 42
163 170
6 82
19 175
32 41
120 127
35 122
15 128
98 169
46 86
49 63
6 107
30 88
51 112
91 118
51 172
11 15
80 158
34 81
98 176
119 132
52 85
4 55
37 124
38 137
138 140
59 85
14 25
44 162
16 57
15 16
31 125
11 86
94 114
44 141
32 157
25 160
59 64
85 157
38 123
29 42
103 154
107 144
38 126
70 150
10 91
41 135
15 87
49 107
49 163
31 113
155 176
82 126
16 140
26 59
136 139
5 117
5 106
53 126
134 139
38 172
29 157
112 114
12 52
102 134
6 161
17 154
45 160
54 56
9 119
137 162
51 152
28 45
100 114
49 170
47 67
149 175
89 138
54 151
71 127
6 44
85 172
13 81
33 104
44 58
121 164
58 177
15 52
86 176
21 79
146 152
56 85
16 119
23 106
45 60
17 166
67 153
134 177
30 171
1 101
127 154
42 71
76 157
100 164
71 86
45 112
28 53
34 78
156 162
119 155
12 13
75 84
159 170
26 176
100 172
7 53
56 122
40 78
9 112
6 63
67 102
25 128
68 122
11 52
15 34
130 151
118 163
16 152
17 23
49 156
15 151
16 83
68 162
6 140
89 151
90 97
45 177
50 176
50 173
41 67
91 100
72 90
66 74
60 64
1 47
8 119
130 165
81 109
98 122
43 146
25 94
76 133
166 174
72 99
62 166
77 146
115 165
46 108
4 22
41 166
85 120
15 76
94 129
123 162
24 71
25 87
92 167
83 89
45 115
67 135
72 140
31 72
78 168
44 72
108 120
6 24
9 122
28 166
46 143
49 87
39 104
13 43
82 153
157 164
1 96
84 157
63 117
77 172
101 111
12 65
42 62
24 49
62 98
81 134
15 143
3 136
30 119
13 64
141 149
36 138
10 116
2 48
65 92
86 175
37 140
4 50
44 150
5 21
69 174
115 139
1 95
13 148
24 138
77 148
28 36
12 16
102 130
32 86
5 70
91 106
64 142
29 102
102 129
73 156
89 126
20 174
135 143
59 123
3 97
65 171
45 77
34 115
52 134
37 89
107 141
58 110
89 162
8 33
150 168
134 137
70 92
89 118
6 133
53 120
64 110
10 97
39 111
6 51
77 132
63 160
92 159
62 172
135 171
38 50
36 139
52 123
55 169
106 116
93 104
93 149
67 147
22 125
102 149
71 94
53 65
64 74
31 165
66 107
11 145
73 101
161 177
61 90
104 172
63 102
104 158
77 154
67 177
163 172
78 117
77 137
98 121
90 152
98 143
4 97
11 13
52 126
154 168
64 84
41 176
170 171
27 90
88 136
94 119
103 135
31 88
95 96
99 128
92 154
107 135
93 170
97 147
28 99
0 75
3 40
23 163
75 121
32 97
47 174
4 121
82 152
45 134
21 157
6 11
61 88
8 56
56 175
104 169
38 105
107 109
44 147
90 126
5 57
53 107
8 110
15 115
80 130
70 136
112 139
34 61
46 141
78 120
47 70
0 131
152 175
45 104
33 136
52 108
30 76
56 81
40 129
57 83
73 122
17 22
74 85
70 93
38 104
56 147
17 25
89 159
101 157
11 66
66 158
64 118
9 34
88 154
5 79
61 171
42 173
32 139
41 137
114 157
114 143
56 102
82 83
70 118
143 147
76 138
19 106
37 159
88 95
60 174
82 131
67 101
65 83
29 147
34 67
119 149
45 166
137 165
131 142
88 123
133 148
20 36
2 146
67 81
27 40
112 133
51 90
112 158
60 147
66 166
56 129
62 102
2 67
75 98
110 168
30 146
44 102
22 135
53 161
67 136
5 139
6 15
67 129
20 25
76 127
115 136
39 153
28 175
144 173
6 128
120 157
55 113
0 176
113 123
70 125
3 84
86 150
72 169
78 155
4 163
64 169
38 94
89 92
107 146
42 49
48 96
19 35
60 138
33 54
45 145
5 103
41 106
167 176
10 119
14 90
65 126
30 127
33 161
5 145
76 146
28 147
10 88
49 50
30 57
21 84
83 148
47 158
131 150
18 74
3 127
51 58
84 140
73 134
24 70
0 4
107 112
32 103
43 171
25 149
8 128
91 133
45 132
84 114
122 149
4 45
136 175
27 136
40 52
25 165
125 149
139 143
156 159
22 138
2 9
43 120
76 121
166 171
52 157
137 159
157 176
8 103
97 118
44 136
80 94
1 168
120 156
40 135
28 109
125 159
20 100
46 132
80 173
84 93
90 116
26 154
25 146
13 52
92 132
126 127
53 83
105 113
65 172
87 109
31 115
48 129
53 108
33 131
147 149
112 150
79 91
21 141
10 87
138 177
23 129
32 90
124 149
106 119
14 160
24 32
31 123
63 152
53 109
74 171
3 107
24 35
71 118
18 69
69 120
43 99
43 87
48 122
21 120
19 160
6 169
27 81
98 170
28 150
125 155
37 94
109 122
147 163
3 114
120 122
75 164
87 147
1 103
81 144
37 109
19 109
54 65
31 127
132 159
16 44
152 173
69 143
3 60
72 152
39 46
119 176
7 177
2 111
76 161
9 60
79 135
46 175
150 165
67 139
106 157
1 13
116 159
7 50
49 151
113 158
147 159
87 120
5 177
89 141
49 89
51 88
11 175
101 113
15 99
62 164
99 105
11 84
13 34
21 115
94 117
2 159
111 175
123 168
63 148
94 113
48 152
48 140
10 177
79 118
118 164
88 144
59 88
104 138
79 90
89 134
19 70
104 145
50 142
67 79
99 139
4 170
83 145
29 127
48 156
13 94
54 94
40 106
151 168
32 114
3 101
17 39
76 164
127 140
41 62
43 133
66 165
105 134
81 126
17 120
5 124
71 131
84 98
2 84
66 141
61 114
97 125
17 176
74 132
75 173
69 97
41 150
40 103
149 167
59 141
8 51
38 62
2 19
141 164
16 153
52 144
73 144
71 134
107 175
18 146
58 103
51 65
32 38
26 102
3 52
19 39
17 66
108 111
124 171
12 133
22 116
146 170
55 166
9 160
44 75
3 96
0 115
24 162
36 66
72 163
18 42
93 164
124 153
55 72
29 99
76 108
73 147
17 139
13 135
40 47
41 53
14 169
116 142
27 94
27 108
26 44
39 56
22 74
11 57
133 176
3 172
118 147
117 175
66 78
0 67
33 47
6 17
19 155
122 127
30 118
54 101
23 168
35 41
128 172
143 165
139 146
66 172
93 136
7 21
18 123
13 79
61 106
30 132
66 135
6 162
20 95
26 73
37 86
27 28
46 114
2 153
39 44
11 20
132 160
140 151
153 168
37 61
8 160
101 134
86 154
34 72
126 172
90 113
40 96
30 81
46 161
11 140
59 147
97 170
30 97
123 170
15 71
50 77
33 67
104 148
130 148
117 159
41 58
71 157
86 110
58 93
36 44
54 125
67 97
73 159
117 147
2 41
88 135
78 145
67 76
95 165
95 140
34 109
166 168
58 111
66 118
120 138
57 121
71 93
59 148
44 143
52 161
37 71
99 161
98 111
0 35
4 135
19 112
61 154
138 176
19 72
43 102
61 126
47 48
86 114
104 156
108 135
14 140
77 130
122 135
52 76
57 91
67 83
46 149
56 82
111 153
32 100
42 165
113 152
20 58
66 157
14 30
21 101
6 152
76 156
22 71
94 140
81 98
80 141
81 155
20 121
2 69
32 148
21 78
83 122
12 148
49 130
104 124
46 131
6 64
14 97
90 107
69 163
5 90
6 56
0 3
125 158
25 48
18 165
16 141
24 82
6 85
116 120
117 133
78 123
80 157
60 175
65 176
44 78
94 136
78 87
38 148
47 101
109 155
134 166
22 82
32 159
106 146
55 60
26 54
75 78
89 91
89 93
102 153
76 92
18 121
32 127
11 159
119 148
50 154
36 72
99 131
4 165
2 17
83 167
160 168
19 153
71 126
18 87
15 159
46 166
8 23
109 144
51 93
83 170
82 84
95 174
3 89
69 172
28 149
109 121
3 129
154 163
118 127
85 131
94 112
52 93
19 114
11 144
50 55
70 90
48 67
69 169
31 82
54 124
26 173
74 95
2 151
56 76
23 176
45 142
28 32
66 116
35 131
1 35
83 174
14 48
33 60
112 129
0 90
93 173
115 140
91 120
29 74
7 84
17 40
25 127
52 154
61 147
140 158
10 155
19 103
49 159
54 155
106 150
106 155
115 177
84 122
94 110
84 106
15 90
19 129
58 129
20 143
107 162
96 142
39 109
161 167
46 120
94 103
48 177
0 28
23 135
36 49
82 170
112 144
156 173
100 116
42 79
51 105
24 60
109 140
26 151
76 154
100 122
56 132
95 150
21 64
46 89
24 147
18 130
157 167
3 63
51 74
25 28
23 145
25 97
73 90
99 106
122 150
142 159
63 166
90 141
3 18
38 140
152 161
12 167
88 127
1 77
45 141
116 127
60 96
36 134
36 98
106 122
52 160
48 57
140 162
66 77
19 116
53 140
23 86
52 95
50 52
30 115
19 147
34 173
35 166
41 60
36 171
95 154
40 73
7 56
54 176
13 24
4 5
153 164
86 120
26 34
79 116
72 81
0 118
25 76
25 68
95 142
40 83
26 64
15 62
60 119
99 169
34 71
29 75
46 136
46 163
70 77
119 123
31 102
0 2
22 91
114 154
1 115
108 175
103 108
27 61
93 102
23 40
91 130
121 136
8 174
56 62
34 83
141 166
107 132
24 29
61 72
95 176
129 137
160 166
82 146
13 108
4 157
58 71
7 35
10 67
1 86
25 131
56 138
85 132
50 169
98 124
16 177
123 158
9 40
135 169
6 113
1 170
54 109
8 154
77 134
16 150
53 111
39 61
46 167
5 43
72 158
88 119
89 137
81 116
66 133
45 114
51 177
27 119
11 33
8 120
135 167
4 175
69 144
43 177
35 139
8 137
16 144
78 96
59 61
132 172
144 175
59 106
33 51
64 91
7 76
30 71
76 94
16 28
26 163
14 55
76 166
2 161
100 111
104 132
167 172
74 151
75 132
78 137
62 137
37 165
10 170
20 106
31 45
70 166
3 111
55 153
79 141
56 101
45 47
57 134
90 131
116 167
2 171
20 21
79 142
29 72
108 164
64 155
169 170
25 136
16 135
41 138
17 114
40 160
91 107
75 95
71 139
5 56
2 127
114 152
5 175
41 80
32 71
115 141
98 147
10 86
97 114
54 90
49 174
31 137
42 99
49 58
72 82
23 47
2 130
80 131
76 105
132 170
120 150
5 84
37 43
27 110
30 137
26 139
18 111
40 49
141 154
130 152
78 84
12 66
56 124
34 127
21 152
11 116
14 113
31 119
35 50
118 138
130 175
120 170
33 146
131 156
60 145
74 167
19 152
9 136
34 164
8 170
98 106
21 73
26 114
138 154
59 146
131 177
24 87
19 30
122 155
12 162
33 167
22 109
50 104
77 147
60 126
108 115
106 112
3 120
38 154
16 68
21 112
36 164
122 144
4 28
15 137
9 135
62 117
49 79
57 130
14 103
48 171
80 161
103 114
14 50
6 33
65 70
62 79
81 87
22 70
20 102
124 173
146 164
87 157
63 70
10 80
30 44
36 126
140 143
161 165
31 107
44 61
106 156
38 163
79 160
25 96
111 165
35 160
51 158
1 160
36 159
26 46
38 106
57 154
24 76
99 100
3 41
20 168
56 128
84 153
23 125
70 113
45 162
93 146
115 125
78 121
169 176
65 134
79 113
11 132
107 121
45 167
136 142
62 74
142 177
96 147
45 79
41 99
115 147
104 123
17 169
49 134
71 115
66 83
30 110
21 126
34 139
161 171
152 166
37 57
104 170
154 165
113 164
47 53
101 126
84 172
48 101
2 114
7 140
53 74
34 55
130 149
148 165
139 148
77 96
87 131
116 149
152 154
49 68
23 166
22 155
20 76
40 147
94 172
21 76
123 141
18 36
123 136
55 104
15 105
47 97
67 124
86 147
52 62
132 164
9 127
36 47
84 147
47 110
22 78
4 118
1 20
85 159
102 158
5 31
76 112
133 146
18 174
102 135
50 172
94 156
50 64
97 177
24 174
67 176
146 167
41 108
71 84
120 132
0 38
32 43
59 84
25 166
149 176
37 162
65 167
29 143
71 78
95 112
90 94
66 108
113 161
11 107
75 158
38 41
79 149
114 158
37 177
13 39
38 57
68 152
105 167
107 136
28 43
58 121
142 155
45 84
1 153
21 39
80 133
1 43
9 126
92 144
29 82
89 124
148 167
109 165
104 129
26 103
87 168
129 133
2 87
112 176
158 160
23 137
39 160
15 48
54 55
96 111
144 157
13 32
9 21
152 155
54 121
33 127
77 153
33 73
96 129
79 161
71 168
124 148
20 50
100 151
47 83
10 134
10 150
56 88
98 123
29 128
58 70
39 144
64 158
12 177
111 164
62 133
40 65
83 111
71 97
31 52
63 132
102 119
21 130
0 36
67 86
43 134
5 14
57 108
10 130
45 111
32 174
78 170
5 166
79 163
88 101
79 92
100 135
75 130
74 153
19 172
72 104
56 108
37 106
16 50
35 132
87 124
33 176
49 84
50 94
34 54
1 46
17 65
10 166
12 138
84 96
27 58
149 153
10 109
22 25
3 137
28 151
28 82
57 166
48 136
16 78
2 81
95 172
149 174
18 32
91 141
9 76
89 122
0 44
48 95
0 21
3 31
134 167
14 102
29 153
13 77
7 20
12 62
50 88
2 61
26 132
85 140
115 176
51 164
10 93
2 109
0 172
132 167
23 173
19 131
85 101
90 136
48 172
23 48
35 84
101 112
73 160
35 87
124 168
56 100
32 47
4 70
69 159
115 143
33 57
55 147
73 125
39 166
7 168
32 136
45 58
102 155
103 140
134 138
96 127
35 97
102 177
2 27
10 131
31 101
1 118
48 121
105 122
53 156
18 138
27 71
61 130
159 171
47 72
25 148
9 64
81 83
21 49
134 175
62 95
93 117
48 170
41 143
67 140
153 162
42 103
24 129
52 79
17 143
150 155
61 131
53 158
121 139
119 122
58 89
49 147
64 72
85 87
105 129
22 139
0 32
60 86
6 10
94 170
82 164
7 129
152 169
86 159
81 158
19 50
94 133
112 160
86 115
99 163
95 118
36 163
110 164
1 163
16 67
74 120
72 174
165 175
72 79
72 137
47 96
18 84
93 147
68 132
121 175
71 107
73 121
80 110
58 83
41 90
51 146
29 122
38 107
20 43
16 93
105 164
147 156
24 159
51 141
35 62
84 145
92 175
60 100
87 116
65 108
124 160
67 132
68 110
48 151
25 75
5 24
6 54
159 173
81 103
9 17
104 130
148 154
75 77
68 91
122 147
122 173
142 148
62 96
98 141
24 85
10 104
46 104
79 177
85 122
26 87
13 157
97 137
166 170
4 105
80 103
52 78
114 168
89 125
76 115
43 165
132 143
79 84
84 141
79 123
10 157
2 129
110 175
28 124
49 85
8 116
158 161
68 103
7 22
74 106
105 147
87 136
57 135
89 146
31 43
52 81
8 84
49 69
30 39
27 60
45 107
43 105
54 167
150 161
114 172
128 130
132 134
51 117
59 165
42 138
28 112
91 156
30 73
48 64
128 150
16 63
63 136
127 153
86 157
70 158
63 145
48 55
4 56
121 156
96 153
82 95
9 19
30 111
155 165
49 109
50 110
26 112
49 142
119 147
5 72
1 24
133 169
64 119
94 102
13 70
96 104
36 146
19 51
0 59
28 68
141 167
28 170
3 133
39 64
149 151
152 171
9 165
105 144
95 138
56 121
140 154
48 81
13 144
25 29
84 123
37 101
78 144
54 175
108 151
49 98
76 153
70 119
0 146
99 103
43 92
11 75
62 91
144 177
51 96
48 150
110 176
22 37
146 168
152 153
15 33
46 173
30 83
67 92
74 155
13 126
89 161
18 58
35 105
15 47
113 129
133 160
10 59
79 88
45 99
67 151
23 96
40 59
109 127
73 96
144 150
57 84
13 119
63 159
129 145
124 136
20 89
38 124
8 177
3 47
88 165
115 138
78 101
64 157
74 94
13 92
5 151
173 176
48 115
86 129
38 152
85 168
55 155
39 62
115 167
69 137
129 134
16 165
9 132
85 129
65 147
67 166
37 127
106 131
42 92
60 131
69 166
83 151
44 163
91 173
31 66
118 134
18 76
12 55
39 87
80 121
60 129
132 174
44 107
41 114
70 135
50 66
42 86
7 159
134 150
14 100
151 170
83 108
154 176
88 134
7 174
145 167
106 139
27 64
24 106
64 174
38 174
16 66
74 134
77 169
3 69
123 145
34 148
21 77
114 129
113 173
97 151
138 172
90 151
15 41
5 100
29 53
39 142
34 108
106 137
49 160
139 175
34 57
62 163
97 174
44 111
34 36
38 159
58 68
23 25
110 158
102 123
9 152
39 116
51 159
138 171
89 108
99 108
113 125
38 65
55 171
14 68
75 152
121 165
112 145
14 31
9 105
66 101
47 168
80 166
98 166
1 33
81 112
20 120
16 104
53 141
83 147
40 133
23 142
8 149
104 155
66 75
21 80
30 40
27 96
80 116
11 131
25 46
27 74
51 87
18 157
6 104
51 92
99 155
100 143
34 146
69 167
6 151
148 176
27 165
13 159
107 172
55 85
69 141
68 98
54 119
92 131
30 123
31 146
36 135
29 67
110 153
164 168
68 79
142 160
100 142
25 51
12 130
11 120
22 142
8 105
47 91
134 165
42 45
42 175
22 148
35 66
46 66
4 20
46 71
21 114
71 109
54 81
67 77
31 46
67 87
22 31
25 60
89 127
35 162
29 95
96 115
132 151
11 88
43 75
90 138
24 98
12 153
43 116
139 151
111 149
2 154
29 120
34 102
30 63
62 67
151 159
14 171
22 90
92 117
156 157
8 81
46 140
90 174
31 80
99 141
39 92
72 157
24 140
52 58
8 13
31 175
61 66
91 136
13 177
125 167
36 151
24 88
0 124
9 36
29 34
71 160
21 42
57 77
26 72
124 131
64 139
141 165
133 157
152 172
21 147
105 128
11 169
82 86
128 171
136 155
1 2
49 81
16 48
23 67
10 45
1 82
34 131
53 149
53 71
3 124
142 147
99 118
30 156
51 67
11 112
148 166
165 167
6 120
75 129
21 118
54 162
66 97
79 95
107 139
7 138
73 141
69 154
144 149
5 174
139 140
107 122
17 18
93 156
103 171
19 101
22 57
67 174
3 25
2 90
78 118
104 142
62 65
59 176
2 56
72 106
45 91
25 114
27 177
51 176
3 160
90 125
46 122
11 59
134 176
141 142
15 75
19 43
34 171
175 177
30 144
46 121
63 130
51 170
64 172
53 106
7 134
124 134
2 14
40 161
109 112
28 65
35 158
51 82
92 164
42 46
51 126
105 152
71 96
136 150
54 120
97 130
16 101
91 154
122 167
72 162
155 162
95 163
87 93
76 85
74 137
118 157
12 154
50 58
77 175
55 138
15 65
26 33
52 148
21 28
49 64
81 167
5 19
81 145
62 151
71 104
13 90
92 172
51 116
5 28
56 80
13 165
42 171
98 103
106 115
108 110
18 94
73 87
94 105
37 50
59 139
85 123
85 92
18 33
20 91
56 89
21 128
29 167
117 139
0 55
22 93
104 163
38 175
85 114
118 121
33 72
23 155
18 68
120 160
51 137
102 147
163 167
99 101
30 112
103 141
119 157
40 93
60 121
128 133
21 151
136 177
10 74
50 121
38 64
4 172
30 175
16 40
58 105
68 111
72 107
7 9
48 125
92 114
1 105
28 113
13 112
45 128
79 129
15 29
51 127
0 61
85 86
98 117
176 177
77 84
21 165
65 88
60 167
20 83
72 165
64 109
60 85
7 175
55 146
72 108
24 137
33 117
0 108
121 174
9 44
68 89
30 134
44 110
39 167
37 152
74 154
43 142
32 37
97 106
15 36
40 168
34 168
102 138
28 129
98 126
30 80
31 96
46 103
11 104
105 117
140 173
70 102
29 32
12 44
54 57
66 111
25 145
21 48
2 102
89 123
51 115
35 151
13 110
100 127
56 151
163 177
68 139
26 62
134 149
62 85
16 172
38 157
50 174
89 165
11 146
48 80
15 127
53 115
17 72
19 53
15 162
11 149
36 51
130 147
58 106
53 163
1 22
19 104
20 70
32 154
22 144
56 135
4 168
103 177
49 60
69 147
67 126
16 20
46 99
76 116
24 142
68 165
98 158
165 174
59 173
35 88
138 142
88 91
19 31
100 113
149 177
24 164
7 16
103 118
121 126
29 168
26 157
89 158
5 115
5 25
44 50
31 128
1 65
62 72
18 162
20 162
5 167
44 113
34 119
116 129
106 108
13 44
9 82
20 146
54 168
112 113
37 58
40 145
108 153
25 77
74 138
141 172
101 127
12 88
25 34
10 14
163 169
67 80
58 146
83 144
0 48
7 93
48 59
154 171
13 62
43 71
75 91
19 57
80 135
53 150
79 98
66 73
149 161
5 76
9 90
47 166
32 155
39 163
38 82
29 45
20 163
30 38
87 101
133 159
41 79
41 56
40 130
54 152
23 82
26 31
150 159
92 155
91 146
22 164
38 75
43 150
7 23
111 160
141 151
101 160
22 108
9 102
23 103
5 153
16 86
5 173
125 176
49 138
151 172
41 101
80 119
58 138
17 152
75 171
42 168
53 113
101 175
118 126
33 164
25 108
102 173
23 87
58 159
45 121
4 34
71 138
29 104
53 129
108 163
10 30
97 102
1 10
7 69
56 152
12 78
62 161
125 134
44 106
2 96
131 172
111 152
114 171
38 40
16 171
81 170
42 106
7 99
3 167
28 66
19 120
27 109
126 144
6 144
49 146
54 98
20 124
142 166
1 41
48 132
101 161
58 80
122 140
111 122
56 143
46 48
2 100
94 109
161 163
142 163
14 137
97 165
51 109
84 99
16 112
105 119
19 151
17 88
47 66
99 130
0 165
25 152
52 54
94 98
9 98
76 97
8 99
54 110
133 149
43 46
18 155
1 84
3 90
87 142
28 153
95 103
8 50
14 172
94 124
85 99
100 121
32 147
25 41
26 85
92 136
20 136
8 28
80 85
150 157
26 120
22 123
36 75
74 93
69 92
31 71
6 43
4 144
30 102
4 33
41 42
14 105
8 98
9 31
25 120
7 24
30 128
29 119
108 160
86 152
60 93
35 74
32 80
110 157
142 146
75 176
94 162
146 154
113 169
91 137
40 169
41 96
24 84
65 69
142 174
5 97
47 49
65 124
104 127
25 36
87 134
35 81
73 162
93 100
1 64
71 110
7 95
2 31
95 146
45 127
125 127
45 76
26 111
32 87
27 112
85 121
104 173
37 141
91 131
63 156
16 49
6 50
90 145
41 112
3 140
9 125
27 117
113 176
22 84
17 125
27 124
46 88
5 144
6 116
16 43
1 85
83 166
14 143
84 169
120 129
56 73
26 135
110 114
3 149
62 108
24 66
139 171
113 167
76 160
108 146
77 177
81 105
84 131
67 145
44 171
20 99
9 29
18 105
64 151
130 158
29 109
22 114
43 121
125 131
51 130
82 87
33 84
73 120
75 80
38 151
15 144
11 51
42 137
137 156
85 149
75 133
48 144
130 134
40 116
11 124
132 150
61 71
33 56
147 158
42 164
129 173
14 135
170 174
66 93
28 140
20 30
110 171
25 90
47 139
33 149
64 92
168 177
114 153
109 116
42 139
125 140
89 169
104 175
39 140
28 146
162 177
98 132
22 119
60 72
16 59
41 54
101 106
36 120
6 38
13 164
81 133
2 51
33 48
7 86
33 130
136 147
13 33
127 170
44 81
152 157
140 177
66 160
34 105
51 95
104 126
62 171
4 129
162 165
52 146
47 146
62 155
5 122
73 105
33 44
57 81
43 117
22 96
9 159
121 168
109 153
39 133
141 148
12 36
10 95
101 163
47 130
14 101
49 101
84 144
1 55
43 131
99 157
95 177
74 96
48 51
149 165
32 130
4 31
61 173
80 146
1 57
5 60
53 133
95 105
47 157
62 147
58 145
32 48
86 161
94 155
3 103
119 171
70 159
0 42
153 158
55 160
33 113
16 114
70 121
57 144
11 147
79 175
64 161
108 121
0 163
21 22
86 155
78 104
25 153
50 113
80 111
26 60
10 168
5 7
19 118
0 101
36 40
76 89
129 148
96 107
70 139
15 72
66 117
113 138
19 40
96 151
6 93
101 135
72 110
11 73
44 128
62 110
20 72
59 91
43 63
27 52
42 133
41 94
8 15
110 124
31 160
79 102
60 132
12 18
75 104
91 155
136 137
11 31
10 135
79 120
31 98
52 82
40 69
64 138
67 143
83 129
6 167
18 54
29 113
20 98
90 162
128 176
26 119
22 68
51 69
33 111
113 120
137 170
127 143
64 131
147 155
50 115
85 155
152 165
19 149
39 85
51 157
111 144
135 147
125 145
50 117
89 171
29 64
34 43
5 8
56 66
40 94
32 82
8 74
120 176
150 154
10 132
140 167
27 137
60 120
73 171
39 71
88 173
10 122
28 126
59 75
62 154
38 69
44 145
71 169
59 73
3 73
32 52
149 173
115 151
16 159
65 111
0 151
12 85
49 175
42 101
45 143
60 160
31 167
63 134
85 116
16 115
26 131
34 96
12 171
51 133
99 121
11 41
109 143
65 159
12 21
39 55
12 34
18 47
26 101
51 68
61 151
63 128
20 71
50 133
15 42
69 91
145 171
33 88
122 151
96 109
93 125
102 172
127 169
55 102
132 137
43 59
11 160
15 83
7 13
15 146
3 112
0 97
60 92
12 112
41 104
35 71
92 103
8 61
37 147
59 131
28 168
50 75
12 108
128 166
46 156
79 121
123 157
41 163
99 129
38 91
105 163
39 128
167 175
38 103
40 176
61 63
108 177
23 90
146 174
66 154
117 124
8 172
0 52
89 166
7 39
102 131
57 139
46 85
29 41
48 168
70 83
99 153
56 168
43 147
170 175
63 174
18 148
34 65
4 162
74 119
104 109
64 108
56 72
7 143
99 159
73 88
21 129
22 127
50 153
5 128
22 151
35 107
37 41
90 110
11 128
30 94
6 46
125 171
82 93
13 149
30 51
133 164
50 90
59 79
74 131
100 174
89 175
59 66
33 168
13 21
93 175
20 40
81 106
54 96
61 159
81 157
65 98
157 165
20 44
63 95
29 73
28 62
33 45
147 177
9 89
15 123
27 149
40 171
166 176
97 126
90 114
82 110
100 117
42 156
3 45
37 44
137 163
65 146
66 67
136 160
40 101
29 103
45 169
40 46
57 117
119 150
60 84
58 153
102 136
127 149
54 130
46 119
150 162
7 127
2 34
11 113
83 104
6 143
139 162
9 134
64 164
101 136
16 81
22 160
70 163
22 75
31 124
39 134
10 107
137 147
75 116
41 72
76 128
21 29
96 141
95 137
96 162
114 128
66 142
49 155
94 169
43 113
4 58
107 156
80 171
20 68
25 53
17 167
144 160
56 169
63 158
14 111
45 78
75 140
33 175
56 134
7 81
50 106
42 108
16 123
76 84
175 176
24 153
128 169
24 120
97 140
30 35
117 160
143 146
55 119
89 153
46 63
24 43
89 104
93 129
4 143
140 146
100 120
13 131
45 85
130 166
4 137
54 164
29 145
137 176
104 113
14 168
61 94
73 128
14 67
68 136
107 125
27 134
9 141
26 127
29 36
82 102
82 155
6 108
9 45
95 147
16 30
26 78
58 176
49 115
97 121
80 108
87 149
2 138
13 142
4 130
108 165
159 172
48 58
36 101
63 137
121 128
0 80
107 165
65 80
16 163
65 125
22 105
133 162
68 114
102 146
42 74
47 73
148 153
28 33
58 164
115 155
3 56
7 54
92 143
103 122
82 103
90 134
43 166
40 148
79 105
61 73
79 136
18 100
79 104
77 128
13 67
78 115
74 115
121 163
36 106
13 17
16 61
5 101
105 116
137 149
30 47
9 176
26 55
62 89
46 65
114 149
73 106
121 141
2 166
114 174
129 166
14 26
76 136
92 96
29 50
16 90
43 135
148 161
60 70
83 84
111 130
70 137
64 95
17 122
75 143
119 137
43 174
19 27
3 93
17 115
27 79
65 162
60 116
29 123
80 151
80 122
127 133
36 121
19 96
96 155
52 156
38 119
108 142
72 121
54 88
38 121
29 89
25 105
57 63
86 167
79 115
127 157
12 24
130 176
53 60
42 67
12 105
25 169
44 125
30 122
139 142
117 131
11 167
27 152
59 119
42 98
106 152
14 133
152 163
77 101
24 173
145 147
53 176
24 58
5 138
59 143
26 172
57 111
112 149
42 58
2 99
92 111
2 139
17 81
14 153
1 15
98 116
110 152
40 48
99 160
8 9
27 153
143 163
50 145
20 170
56 156
169 173
32 68
30 176
25 55
125 170
23 154
70 108
82 165
77 117
42 93
13 91
56 136
50 171
42 75
6 174
25 81
3 166
72 119
73 130
14 49
44 48
30 52
11 50
17 57
34 165
69 98
37 120
7 68
1 42
31 65
157 168
111 176
19 38
38 90
23 170
3 81
79 171
2 162
22 107
55 154
120 135
31 32
8 97
115 126
82 157
56 142
124 132
45 74
85 110
40 80
1 31
132 133
76 151
65 75
65 97
105 177
63 71
5 49
4 153
55 156
68 147
37 174
48 72
40 131
145 162
55 77
114 146
112 166
62 105
69 118
79 82
59 128
21 37
96 108
64 117
32 153
13 145
20 155
71 90
32 92
19 24
65 116
124 176
45 173
114 134
54 145
72 153
23 55
80 102
78 93
30 135
53 82
117 121
127 136
104 150
92 93
55 78
144 148
84 110
110 139
117 171
12 114
1 71
70 84
92 140
76 110
52 127
16 58
9 74
18 173
47 59
4 112
13 40
35 150
53 92
51 64
87 162
157 173
78 85
67 157
16 69
59 144
39 66
19 32
7 114
85 135
56 171
134 151
154 170
52 171
32 166
50 139
44 77
163 176
155 160
42 162
27 65
41 160
109 154
18 177
70 110
49 92
53 54
104 177
12 106
11 89
93 116
9 56
7 113
34 136
89 98
2 62
87 166
15 177
70 124
64 68
9 77
95 173
140 153
83 107
162 173
77 103
154 166
19 64
61 86
44 164
47 177
118 132
18 93
48 49
111 159
123 148
18 118
44 85
13 46
109 160
72 131
9 170
22 76
165 169
37 105
27 49
44 89
125 163
12 174
114 150
81 121
24 161
68 112
108 127
34 35
12 77
143 170
9 86
128 147
66 162
84 154
83 131
1 17
115 174
19 52
133 138
48 130
93 165
38 112
33 119
91 169
20 112
19 41
45 102
35 174
48 88
105 130
33 90
86 95
50 68
52 88
19 177
38 125
65 72
64 94
35 133
11 148
47 81
17 77
6 98
125 162
133 174
75 79
5 147
49 128
53 62
126 161
94 148
44 66
37 133
102 144
87 161
47 120
92 176
77 151
76 147
48 89
160 171
9 116
26 164
150 163
113 159
56 155
78 112
43 82
80 174
24 130
131 169
67 88
103 139
14 89
98 115
136 146
86 134
14 64
75 128
55 120
21 142
68 87
109 145
12 67
11 118
77 165
11 27
81 100
43 163
39 88
89 163
57 171
13 66
42 159
107 174
161 170
68 72
43 175
87 154
14 53
11 77
42 113
164 169
60 80
72 74
50 150
52 87
58 141
98 120
48 124
81 108
26 76
10 165
13 130
116 123
101 144
72 98
23 60
46 151
70 94
57 88
6 18
34 172
76 158
138 173
78 107
46 142
72 123
1 89
7 18
43 160
96 136
69 142
28 97
83 125
7 27
25 89
90 159
74 163
28 106
18 35
97 166
146 150
79 103
172 175
38 131
52 137
138 161
33 116
73 135
4 42
105 169
41 133
60 76
116 145
80 138
96 97
126 171
6 147
32 122
18 82
6 109
133 155
30 78
75 120
67 114
39 72
87 153
35 171
44 95
38 153
124 175
16 33
46 101
78 175
137 172
41 124
173 174
138 160
32 63
75 174
73 127
91 95
0 129
6 22
81 115
15 116
168 170
44 94
15 132
23 141
10 92
87 141
16 73
82 174
103 125
55 66
33 74
3 59
77 88
123 124
50 53
8 34
85 126
103 104
4 146
20 111
6 12
47 100
20 169
63 129
156 160
102 165
36 145
17 106
125 148
10 173
8 136
154 160
153 170
66 125
28 176
8 165
14 80
7 164
49 137
24 36
139 161
45 75
64 103
86 121
52 130
0 53
48 92
30 37
15 125
47 87
24 38
10 140
47 170
7 8
58 81
11 94
83 100
23 172
69 151
128 157
88 152
54 133
112 169
39 175
160 172
48 118
41 89
4 94
73 174
97 160
156 161
71 171
62 149
21 51
77 83
91 158
116 130
5 137
116 147
12 39
159 176
60 99
91 94
102 156
7 78
26 158
117 140
34 120
81 138
71 128
59 133
62 97
28 48
114 121
60 123
102 115
76 171
63 173
12 161
97 101
84 149
55 108
137 160
126 169
31 100
75 92
15 45
14 16
84 107
17 146
77 131
38 122
43 144
54 142
17 127
127 159
165 176
55 87
120 159
13 35
14 147
48 159
68 121
10 61
5 44
36 136
5 11
4 116
74 110
121 123
88 94
39 141
72 86
37 46
59 118
136 156
116 153
26 98
9 88
24 103
32 115
30 158
32 125
55 62
73 102
98 174
131 147
49 120
37 155
20 177
17 93
93 153
55 57
64 88
24 56
21 33
70 107
36 56
93 141
32 78
3 76
96 110
63 81
81 110
7 160
99 120
116 169
143 148
31 162
94 160
33 46
20 64
6 35
11 117
89 129
143 166
117 145
164 177
96 161
112 152
109 133
17 32
41 155
9 80
108 148
44 156
16 19
74 109
17 175
137 148
15 140
17 108
41 110
36 83
40 91
52 69
91 153
2 80
1 117
127 142
141 146
1 36
2 152
16 89
11 122
53 81
5 65
46 60
137 153
85 104
12 143
19 145
66 121
109 152
52 128
56 77
116 134
132 148
129 162
133 154
58 133
71 121
114 132
51 110
21 86
82 148
34 111
20 60
129 141
34 58
134 156
149 159
9 47
11 174
19 67
37 90
43 90
51 151
40 67
27 150
28 84
96 170
160 163
85 148
72 145
36 122
76 176
148 175
130 155
120 165
0 1
72 97
97 144
112 164
40 113
91 121
51 101
16 35
28 100
80 150
79 162
42 59
79 128
16 18
128 160
140 163
39 95
20 55
52 101
69 93
45 135
27 53
12 15
97 127
2 170
46 144
59 104
104 135
37 82
37 98
57 177
4 62
33 69
89 117
29 62
123 134
15 23
69 129
94 161
18 95
62 111
20 129
48 162
14 167
31 139
33 52
45 105
51 168
29 106
2 108
28 137
49 57
120 177
86 104
24 128
95 130
12 17
135 177
21 25
10 38
58 125
25 35
18 25
104 157
72 175
6 9
65 84
17 36
133 165
75 103
75 151
33 139
54 129
20 118
58 139
61 89
29 86
115 172
37 138
36 60
136 159
25 59
15 18
64 162
0 143
77 143
36 153
23 147
1 8
36 37
103 131
7 36
15 91
36 105
81 92
53 127
54 177
0 50
20 86
6 100
72 115
12 176
134 147
124 154
18 101
82 130
8 109
86 118
64 154
53 69
63 94
59 158
48 91
30 49
109 128
117 151
61 109
39 146
125 138
126 138
101 165
19 42
63 126
28 165
77 152
66 100
104 146
18 167
110 122
130 169
57 85
24 104
23 83
0 30
2 7
40 60
12 156
11 125
63 176
114 138
34 99
38 162
9 83
100 125
123 140
67 91
24 31
22 169
115 160
8 10
15 122
114 118
109 168
108 168
14 119
35 85
95 164
94 95
137 175
49 135
64 82
14 159
105 133
63 75
124 129
35 130
51 98
8 21
34 75
80 136
104 112
28 75
68 90
77 161
30 166
4 29
41 84
74 78
54 117
118 142
23 153
51 86
41 61
98 138
20 166
5 20
46 58
5 126
14 40
19 162
9 104
81 122
116 164
29 108
64 71
151 158
52 68
43 54
151 161
153 154
63 140
67 120
102 133
4 147
1 54
113 132
17 164
11 56
11 40
83 140
10 68
12 168
41 173
122 158
14 77
63 108
33 140
16 158
61 111
45 171
9 75
107 149
65 174
48 66
123 149
55 123
161 174
118 159
118 139
70 79
20 157
35 156
20 67
36 137
1 165
119 161
48 62
136 167
112 146
28 67
103 173
66 164
2 132
103 169
8 100
37 116
16 99
18 80
137 145
19 107
23 134
50 83
8 92
103 170
114 145
98 135
64 90
47 145
30 167
53 80
93 131
82 168
2 26
25 83
112 170
26 58
122 166
33 169
37 150
61 172
1 116
62 112
147 166
35 146
37 77
47 106
116 138
146 157
85 142
130 131
49 65
61 138
9 94
21 171
48 139
102 103
65 118
23 42
163 175
81 168
166 172
0 23
111 173
5 171
22 168
152 158
24 105
25 62
92 173
64 124
100 139
79 164
105 148
97 103
32 167
11 101
30 160
10 15
1 171
6 84
32 84
70 85
6 170
19 134
33 42
72 109
88 131
21 62
27 166
15 104
10 118
14 109
59 99
8 25
22 102
115 118
7 150
96 176
31 54
22 80
3 36
114 151
21 43
53 86
130 168
51 171
158 169
56 166
9 28
4 149
56 90
73 110
62 168
70 128
36 162
26 124
5 172
51 139
34 79
10 32
79 143
124 163
16 51
41 69
64 66
101 158
74 160
16 70
55 92
117 137
144 163
46 150
48 70
132 146
5 120
0 170
88 105
52 141
70 133
134 153
53 130
116 119
36 85
15 173
21 166
104 107
46 90
104 136
130 132
69 108
30 106
105 121
97 135
39 82
125 166
140 142
26 83
80 87
106 123
113 122
30 131
63 87
32 73
1 49
116 170
2 160
59 159
76 77
119 141
35 176
80 147
0 58
66 84
44 122
4 39
79 152
2 93
64 78
123 152
18 99
99 132
57 125
49 100
10 136
138 150
17 53
24 117
14 156
56 60
91 138
105 154
12 74
58 62
81 154
128 129
77 112
97 109
33 66
118 146
100 167
44 109
96 134
86 98
87 133
15 121
130 163
42 115
21 108
101 151
37 59
38 109
11 142
145 146
126 159
64 104
25 121
40 117
48 60
39 129
58 60
42 141
29 151
27 174
0 128
61 177
67 130
44 140
79 119
48 112
121 144
21 138
138 158
65 112
75 142
123 135
139 145
38 134
42 160
88 90
25 100
50 148
0 7
38 51
73 104
48 99
11 79
21 93
65 177
4 152
34 59
57 87
22 87
54 60
1 108
57 61
48 103
108 155
65 132
100 103
34 137
95 145
11 44
67 127
82 107
14 177
31 94
85 125
91 96
52 90
21 167
34 128
29 94
41 129
0 18
6 119
144 153
8 82
49 94
46 77
8 63
139 157
32 111
71 87
141 163
13 116
123 174
59 120
12 147
145 154
4 103
62 107
103 128
118 168
41 77
47 129
21 113
71 174
32 93
16 142
22 45
78 146
41 139
160 162
58 82
3 38
69 128
149 156
92 148
11 111
78 106
61 104
22 77
11 87
80 107
7 45
22 26
157 171
36 86
86 112
81 82
10 24
18 60
17 49
41 46
89 154
47 107
59 134
28 123
22 63
76 135
36 160
12 84
117 143
84 87
24 123
10 162
40 120
80 100
51 104
119 139
16 24
61 156
94 145
14 126
100 132
69 119
78 92
110 115
78 97
26 75
57 98
120 174
10 174
94 99
109 159
156 170
67 159
98 151
36 154
141 169
77 164
0 125
10 33
69 84
35 106
53 114
8 135
102 106
109 147
144 176
16 62
107 111
38 100
130 138
66 115
51 122
124 170
86 177
25 93
57 75
32 49
32 69
84 160
34 89
22 67
76 168
98 128
126 157
174 175
22 81
58 172
38 164
42 158
26 128
7 74
0 104
57 165
82 99
61 121
10 64
35 59
128 139
90 144
59 135
11 53
5 54
7 19
27 56
120 137
87 129
25 147
59 87
65 150
114 155
42 47
58 117
78 172
56 145
30 69
60 150
8 141
50 80
25 177
12 118
29 78
21 23
21 66
9 24
107 145
112 115
1 143
110 148
22 128
59 138
79 99
29 159
66 114
88 171
50 109
93 133
19 110
131 134
3 24
33 96
32 104
72 80
35 110
35 58
35 168
21 54
25 32
63 103
39 122
128 158
97 105
70 116
40 149
49 96
57 152
19 168
50 61
140 172
17 62
171 175
45 69
119 138
46 115
95 170
58 128
54 128
19 93
4 10
107 117
119 159
150 171
28 155
66 130
14 138
30 66
9 128
102 139
44 91
56 146
39 152
40 151
151 171
113 133
79 146
6 65
4 36
0 160
8 162
31 155
51 70
26 35
19 140
13 56
15 149
14 71
42 174
42 169
12 90
63 172
52 170
21 27
12 57
62 177
5 34
119 166
15 35
108 150
121 138
9 124
26 30
111 127
70 86
44 117
30 86
67 100
49 161
73 84
112 154
0 112
93 155
29 40
68 124
48 76
71 140
21 24
18 152
64 77
69 122
62 120
51 113
45 106
50 136
65 73
33 55
37 107
52 151
146 172
143 145
110 128
54 68
17 147
153 169
78 111
46 84
111 141
135 140
148 156
29 160
72 146
51 108
17 155
22 126
66 177
68 82
7 98
52 158
8 173
4 109
133 166
9 27
75 125
126 141
16 102
2 164
26 169
121 140
45 174
80 124
15 77
101 120
96 145
104 154
81 89
55 161
58 123
85 103
96 175
39 154
44 54
8 77
9 87
34 104
41 118
62 76
132 177
67 133
77 91
38 70
63 168
105 123
4 138
9 157
63 99
84 109
68 135
29 49
73 177
65 66
32 128
148 160
50 76
3 116
29 152
37 111
34 70
82 143
46 158
120 134
20 103
75 101
115 129
27 116
30 163
133 171
3 54
15 145
99 144
81 93
54 78
33 110
63 96
19 161
97 113
29 111
74 157
155 166
38 144
20 140
68 108
42 48
40 157
20 24
0 171
66 128
1 144
25 125
85 118
61 135
24 34
10 52
43 98
41 78
35 39
120 154
41 147
19 26
82 132
69 126
23 111
135 157
18 125
62 148
0 147
97 146
75 97
45 51
55 142
96 130
30 154
147 161
44 166
3 175
68 148
38 73
128 138
25 168
22 101
40 105
64 106
0 116
59 117
30 90
37 115
8 27
67 121
25 65
7 85
73 126
38 66
43 83
121 151
73 163
63 133
6 13
145 176
110 120
71 147
2 44
167 169
30 84
36 65
22 113
63 151
20 142
86 94
90 147
83 139
45 82
11 143
31 161
18 45
17 52
9 62
124 140
85 147
38 166
30 36
85 94
17 149
30 65
81 161
14 116
102 140
40 54
58 74
78 159
68 140
10 159
101 143
95 153
90 98
41 93
16 53
49 144
106 135
48 102
111 135
6 101
31 134
5 88
108 145
90 117
146 161
39 54
7 105
130 140
42 63
68 176
23 54
81 156
73 92
24 96
70 129
27 105
57 99
1 9
32 162
15 124
132 171
4 102
128 167
86 149
98 139
112 157
85 165
34 166
111 125
71 72
14 142
18 85
75 177
11 136
7 73
82 104
46 165
98 162
103 109
41 134
4 40
19 62
33 64
97 99
55 80
21 34
61 139
16 95
128 165
74 175
73 93
84 165
39 147
28 143
71 129
31 111
93 140
111 120
132 138
0 78
28 47
30 157
131 164
7 33
36 64
105 111
159 168
83 136
25 91
34 163
79 148
8 14
86 89
95 141
17 138
75 109
56 67
66 102
132 139
105 149
81 143
74 87
45 48
45 130
91 125
106 158
33 132
28 94
59 152
1 90
98 136
48 108
3 135
1 169
33 155
9 22
89 101
72 112
4 91
69 158
85 158
54 108
4 171
13 124
131 149
21 159
34 38
101 139
66 152
11 157
104 161
39 70
15 136
75 87
14 51
6 114
121 132
18 103
95 133
4 126
126 176
12 170
79 166
1 161
110 169
25 71
43 77
98 101
95 117
133 134
88 93
52 124
94 122
128 134
1 159
86 156
6 97
57 109
24 119
41 121
80 83
86 172
149 166
105 143
36 80
15 106
35 129
29 51
50 74
104 106
100 101
58 116
107 129
53 153
19 146
110 132
64 147
66 159
87 150
63 107
82 125
84 100
53 110
12 124
130 170
48 137
32 137
82 118
105 115
2 135
42 157
135 161
99 171
85 160
35 149
15 131
2 50
9 73
49 158
116 122
69 171
102 160
63 157
49 140
131 173
8 43
168 171
53 136
100 165
82 147
26 90
55 148
31 56
118 156
57 78
117 142
95 131
39 118
35 170
93 148
13 71
68 159
12 33
9 147
92 146
10 63
39 132
5 26
135 174
66 95
36 76
105 171
16 55
106 144
131 132
83 160
121 171
65 139
93 144
15 133
18 127
53 88
12 43
21 60
3 151
82 121
113 140
92 112
41 157
99 173
65 151
10 143
21 96
28 34
170 176
138 159
50 135
23 77
97 143
19 135
58 134
78 133
149 152
41 57
82 144
151 167
37 96
54 83
111 168
105 151
28 64
11 58
40 61
134 159
94 153
70 91
50 51
165 177
91 142
113 124
3 11
39 165
60 102
38 141
67 69
104 167
101 155
12 50
119 172
39 41
7 67
81 111
15 28
86 100
39 50
42 105
112 167
2 126
2 10
7 91
0 155
82 142
16 122
155 171
0 169
91 165
118 166
56 116
120 168
22 56
76 96
78 140
24 146
2 110
25 132
10 69
37 54
87 146
133 150
58 124
117 154
90 148
43 86
39 127
12 173
110 126
100 153
43 97
15 31
25 129
75 89
98 133
24 124
25 88
33 43
4 57
38 60
87 171
96 173
48 160
58 67
79 173
67 89
114 148
69 134
65 170
145 173
16 23
46 64
51 156
24 110
70 144
15 84
5 114
37 148
59 107
18 133
17 48
13 132
61 153
79 170
21 98
26 107
63 101
58 112
16 175
38 85
8 151
75 123
115 116
166 175
20 52
45 156
27 162
53 61
28 74
18 37
41 92
11 68
36 52
36 156
17 110
57 173
48 142
130 136
89 119
30 109
26 109
59 151
32 51
70 177
25 54
20 135
26 61
1 66
41 51
71 177
69 152
16 117
15 80
93 143
79 139
122 170
57 160
2 43
118 172
8 40
42 153
37 175
1 88
1 59
62 142
62 93
85 164
13 170
39 171
73 114
68 92
109 149
20 172
85 119
10 158
30 48
125 160
17 35
123 164
0 41
76 143
76 139
50 118
77 106
7 111
88 97
12 155
59 177
49 113
33 142
66 176
77 136
6 47
14 165
9 91
28 152
66 134
88 175
145 165
110 163
16 134
38 115
20 160
15 37
54 67
54 87
71 145
20 167
47 63
74 127
16 161
3 141
55 163
36 99
43 68
19 126
26 146
23 109
15 102
39 149
68 141
30 104
46 135
78 135
135 158
82 177
9 79
25 99
73 167
63 98
12 100
101 169
17 28
84 113
90 101
24 148
26 56
132 141
90 106
52 106
73 132
2 63
28 122
163 164
113 134
14 125
23 164
75 157
95 98
6 39
20 144
49 173
55 91
16 88
21 170
30 103
60 177
119 177
92 138
58 118
123 132
60 136
107 140
140 171
15 130
11 42
13 102
87 105
99 119
28 60
52 117
61 133
48 61
4 131
55 129
16 118
35 36
90 154
70 160
7 132
30 141
20 34
23 64
6 103
10 110
95 99
121 160
65 145
0 8
83 143
23 50
78 169
40 154
128 162
19 75
114 130
72 141
106 168
67 74
5 119
83 165
40 108
29 164
5 163
67 169
12 63
63 113
31 83
122 133
17 107
69 177
51 165
61 67
141 147
32 53
162 170
4 49
17 21
44 74
144 145
0 95
46 72
61 102
56 150
30 75
81 136
53 67
17 113
54 134
2 123
0 20
15 163
129 144
22 131
97 139
3 48
112 168
34 53
102 148
55 111
91 132
152 156
16 97
45 52
140 166
20 94
74 82
139 147
30 46
61 82
11 121
59 63
11 34
29 35
79 83
20 126
120 161
47 127
24 145
101 114
75 136
69 116
29 83
108 130
37 52
16 47
38 58
42 64
3 42
125 172
48 167
63 105
67 111
29 47
65 163
82 136
55 127
48 78
131 171
88 156
30 89
156 175
120 125
23 157
103 143
36 96
3 57
16 60
139 158
83 141
61 108
131 168
3 37
68 93
35 52
140 152
131 161
37 55
17 26
149 154
75 122
107 130
70 173
29 130
90 91
30 120
9 35
160 170
119 129
51 71
0 121
37 95
5 22
56 97
119 167
50 168
108 113
21 82
101 125
26 49
43 53
91 159
43 106
57 147
140 157
83 103
118 170
9 55
44 121
18 57
80 170
4 132
122 175
132 144
14 155
54 103
72 143
40 44
77 123
13 154
72 130
97 172
87 100
117 168
51 144
13 36
18 144
13 68
102 154
142 165
37 117
3 169
144 174
22 53
128 137
20 116
92 110
86 164
122 139
32 64
56 65
65 164
54 80
55 167
42 53
67 123
7 10
19 59
130 171
150 172
50 120
67 104
92 97
85 167
89 135
9 101
102 141
95 124
127 147
55 136
34 121
67 106
40 56
7 151
112 137
89 168
26 133
5 156
94 151
61 152
129 155
13 89
22 33
20 175
54 76
56 63
53 59
58 122
9 108
123 159
78 98
109 171
95 151
97 112
65 103
53 100
136 143
2 3
43 162
83 155
52 92
116 174
76 129
65 168
91 113
12 27
11 134
131 167
46 51
96 123
107 133
51 145
65 109
101 171
76 81
26 162
1 129
138 165
57 175
88 139
29 77
95 127
10 115
130 146
97 128
117 146
64 146
4 139
43 80
10 36
27 88
3 176
55 131
126 136
92 174
9 107
103 133
8 124
51 102
127 150
11 151
20 165
102 169
32 39
63 153
108 166
125 147
61 98
86 174
66 175
20 105
74 156
38 143
97 132
59 98
32 110
8 60
50 86
66 137
100 130
1 16
18 160
53 160
12 45
6 57
47 61
0 39
4 110
49 86
89 107
45 63
54 61
51 166
92 122
0 122
18 176
12 40
1 76
94 108
35 137
115 144
109 111
117 166
27 84
8 94
53 85
60 95
33 61
123 131
46 105
112 123
0 159
16 100
22 141
99 110
4 77
92 108
71 92
40 152
75 137
102 166
61 91
8 148
50 60
26 92
58 156
62 162
94 131
44 120
131 174
101 117
108 176
82 115
60 103
54 111
31 142
75 83
116 124
122 141
29 137
88 106
162 175
65 157
37 92
23 61
126 150
48 120
37 171
49 110
154 155
38 111
44 90
51 143
9 148
51 174
78 150
45 94
58 142
117 177
10 123
120 144
88 159
74 158
28 89
18 107
92 147
104 114
21 143
62 123
20 109
48 83
3 26
50 137
14 128
23 146
88 129
59 78
5 143
110 159
35 123
55 139
2 176
119 160
14 28
20 84
3 173
38 86
35 173
26 57
102 128
4 46
81 88
126 168
60 113
142 161
53 170
147 175
67 131
12 139
61 112
34 46
118 171
37 114
125 139
41 68
131 137
88 128
7 96
15 167
32 66
110 151
20 92
6 90
43 65
26 91
132 149
33 76
114 139
101 105
28 72
4 35
37 99
21 75
40 102
80 109
26 137
65 131
28 104
97 116
149 170
52 172
116 165
45 136
135 153
5 89
119 130
102 109
61 117
6 61
149 163
22 88
30 95
8 87
57 141
105 160
40 104
23 53
39 86
107 168
38 81
75 172
83 109
8 89
68 78
36 38
11 102
29 170
5 94
1 79
118 148
152 167
53 103
73 142
34 157
43 119
47 128
72 76
103 111
11 109
23 37
9 139
21 122
4 71
15 138
44 108
37 134
51 149
12 121
73 119
28 29
10 149
51 80
71 120
94 132
6 30
37 63
111 150
124 152
78 152
23 102
132 147
131 148
76 162
47 141
119 121
65 100
46 53
52 74
14 132
54 147
16 32
82 120
62 118
119 168
18 159
4 27
52 55
27 138
61 62
85 161
11 76
77 102
75 169
11 129
25 38
158 173
94 128
110 129
129 156
22 23
73 165
43 76
28 54
36 147
88 103
13 83
7 48
25 143
74 166
80 101
18 145
53 132
90 168
75 118
18 31
106 176
15 24
59 150
4 23
21 74
6 66
33 151
65 99
39 93
3 34
17 112
1 40
115 170
101 159
59 140
130 167
103 120
88 146
88 149
76 141
10 121
69 176
82 89
21 38
41 95
0 161
42 66
56 106
110 113
138 170
43 48
45 161
30 55
42 76
31 171
11 32
103 127
77 87
16 143
132 142
36 89
114 159
44 52
9 177
52 99
59 100
10 44
130 135
9 51
2 136
10 66
4 61
101 138
4 176
1 3
37 113
36 39
70 123
86 113
23 62
103 110
30 142
29 150
127 132
31 86
43 69
26 39
121 142
101 123
3 64
2 40
17 70
41 100
44 53
35 119
77 89
58 120
23 112
13 84
18 88
42 73
5 47
48 147
83 106
9 146
95 123
32 50
47 156
80 153
63 161
100 126
66 163
135 162
45 157
3 156
7 155
61 174
54 114
7 148
135 155
20 31
0 142
11 47
68 129
92 125
135 150
16 98
62 174
66 76
58 104
108 158
48 69
101 110
64 87
91 93
9 85
134 155
2 104
26 149
39 52
62 66
22 103
86 165
40 72
18 112
102 116
0 144
10 71
9 93
34 97
74 76
89 177
3 88
80 114
1 133
92 127
135 156
44 96
71 167
2 76
34 84
89 140
33 162
96 131
17 27
23 104
132 157
3 145
25 49
139 173
34 175
68 146
17 157
6 52
17 46
55 150
21 116
30 159
8 90
127 137
53 137
133 147
74 107
44 135
79 100
7 163
126 154
76 142
28 46
112 130
2 64
119 170
55 110
101 102
174 177
7 176
52 169
17 165
26 130
55 126
70 127
0 137
59 92
116 160
108 157
80 96
12 137
59 113
130 160
86 91
18 70
46 80
105 168
58 77
69 112
40 107
47 173
58 88
19 82
10 83
93 118
44 134
64 149
60 104
98 140
120 136
52 114
105 131
106 130
42 84
48 106
139 153
62 81
102 163
29 110
129 167
14 157
22 24
46 162
81 160
7 121
41 86
145 175
37 65
4 80
72 172
105 135
39 106
120 149
116 144
45 101
62 158
135 172
89 149
14 45
110 127
5 113
6 55
36 77
23 151
21 31
55 157
100 166
8 36
40 158
58 102
121 172
114 166
31 99
79 150
46 177
14 52
34 141
64 85
143 150
46 155
61 107
54 136
80 165
51 140
92 157
100 109
35 93
24 167
6 96
91 144
23 69
105 166
105 114
39 173
60 139
36 41
125 164
115 152
71 111
69 70
20 141
82 94
31 104
63 169
97 164
26 106
103 168
68 85
2 55
80 126
33 97
10 153
139 170
144 172
76 101
41 74
3 74
61 80
18 34
1 60
124 174
48 166
66 138
28 70
17 137
119 145
21 53
0 17
16 84
34 124
19 94
90 122
58 151
44 49
20 159
44 157
134 148
22 154
78 158
96 117
2 105
126 151
82 171
44 79
5 81
25 106
42 176
51 118
119 164
0 16
54 172
45 65
63 143
11 155
66 123
17 98
77 119
110 174
89 128
53 168
13 105
9 42
26 36
64 89
83 93
65 87
14 164
15 110
14 124
19 119
4 111
40 76
58 94
116 177
95 132
116 126
44 142
72 155
46 113
18 136
90 115
46 76
28 110
12 134
84 115
55 140
21 32
100 150
148 155
39 145
33 153
17 20
37 132
27 99
14 175
28 141
13 98
71 137
106 140
63 165
32 55
70 140
37 131
105 140
8 139
47 134
14 69
146 160
61 81
37 118
3 78
6 99
90 127
73 78
75 141
137 138
156 171
3 53
15 60
50 65
34 125
8 59
82 172
89 144
93 151
93 174
36 102
83 99
68 157
48 141
110 134
142 156
10 53
40 51
118 152
53 55
66 155
22 38
1 104
19 60
66 151
88 124
39 107
5 67
61 92
108 112
117 118
78 103
71 119
74 142
115 128
102 176
95 162
75 139
46 49
78 102
20 53
61 137
112 151
63 167
1 157
97 124
114 123
72 77
2 53
87 138
129 174
32 123
30 174
122 168
55 145
97 142
89 106
143 159
10 29
16 127
30 56
51 72
14 65
18 91
46 61
113 128
96 160
30 87
29 162
25 74
106 110
71 76
64 112
6 60
0 154
35 73
146 175
70 164
78 147
94 138
80 129
47 112
57 68
65 68
42 146
9 118
38 63
12 157
44 153
15 154
107 153
6 115
19 111
78 157
36 88
1 136
74 146
155 170
27 131
38 92
58 90
56 149
14 136
95 167
132 163
69 162
16 71
76 125
42 110
60 108
113 174
128 149
7 146
86 96
1 140
90 124
24 28
18 52
19 137
70 161
143 153
72 118
2 39
63 125
73 113
35 147
119 124
6 134
60 66
50 97
154 162
53 102
73 150
23 100
51 154
24 131
108 174
22 99
14 66
102 152
1 29
104 117
59 77
48 143
35 67
95 114
20 87
24 177
88 169
70 101
10 21
80 99
102 111
106 133
36 108
31 50
112 165
91 105
2 47
76 124
98 108
0 72
26 51
58 96
44 65
36 61
66 80
24 30
140 164
19 78
43 157
83 177
18 22
54 73
138 145
36 107
124 125
27 173
89 139
91 128
129 176
67 156
135 148
69 157
97 148
29 173
18 59
53 57
123 173
68 143
69 74
108 141
127 135
32 74
31 168
83 91
127 171
40 81
52 109
3 157
23 76
36 103
51 91
84 159
54 91
58 76
31 55
19 71
73 143
111 134
113 151
15 113
35 165
9 13
51 76
13 76
36 63
85 102
24 53
10 50
51 147
41 131
31 121
60 134
17 74
131 170
103 175
129 136
15 171
75 135
32 152
130 141
103 145
61 79
69 155
59 69
5 155
143 156
145 153
0 107
93 134
139 167
11 63
125 146
71 153
18 172
58 130
5 9
152 177
60 91
107 170
96 106
18 62
106 118
141 175
52 86
5 74
55 107
74 101
80 134
45 144
100 170
110 155
61 96
1 121
91 148
109 164
64 148
6 127
65 166
37 123
5 77
21 92
83 114
12 126
63 85
54 59
37 176
86 137
42 144
40 43
11 49
98 175
10 12
1 173
96 154
20 78
50 101
50 170
14 73
51 100
100 157
39 65
27 51
35 92
30 99
125 133
44 160
18 113
31 154
102 112
58 108
71 150
13 53
119 156
24 126
152 170
154 177
34 86
50 71
37 112
29 96
110 135
151 166
72 139
39 84
73 129
19 85
21 45
54 71
84 127
15 53
92 104
143 162
64 97
124 164
33 75
22 137
11 163
57 100
145 168
90 137
10 144
53 165
143 177
22 177
45 140
17 172
77 141
45 49
31 36
142 143
29 156
66 140
13 115
85 128
36 59
74 129
36 131
6 78
61 85
157 172
56 84
25 154
54 77
53 135
32 33
43 64
39 161
114 163
90 129
106 154
87 169
36 174
66 136
154 159
26 153
45 88
59 101
66 68
27 48
55 88
53 166
39 130
78 105
5 38
41 85
88 172
29 43
109 132
118 145
14 20
44 127
88 176
66 126
5 161
74 117
92 130
22 30
7 123
11 164
72 94
118 129
120 175
25 44
8 95
108 156
99 174
117 130
103 105
111 117
145 151
50 177
47 137
59 108
41 70
43 96
40 164
19 141
2 158
152 164
85 90
94 111
77 115
48 117
12 116
45 146
37 75
67 82
52 159
68 116
83 171
80 91
63 127
132 161
153 176
50 85
31 84
93 95
2 98
94 134
128 164
95 161
8 176
23 80
0 25
63 89
85 166
81 146
33 128
33 83
29 63
134 145
44 161
45 137
30 92
45 164
38 130
23 45
55 73
98 118
33 94
4 100
95 168
32 118
142 168
23 160
57 115
32 169
16 169
74 161
124 151
21 36
11 138
20 138
3 71
54 141
10 76
83 146
98 99
104 122
49 52
118 173
1 44
29 107
102 168
18 150
109 119
153 175
47 90
96 98
120 171
15 158
79 145
55 100
38 139
34 56
56 75
105 174
151 174
0 89
43 138
105 142
24 122
58 64
84 103
41 63
46 68
90 95
34 118
7 60
8 145
58 84
109 148
117 128
10 145
5 36
21 102
31 93
118 149
3 102
110 112
26 108
11 97
102 162
147 154
103 149
57 124
113 147
60 165
27 120
106 151
64 176
101 176
47 131
84 112
46 146
143 174
41 43
41 146
37 137
22 44
89 132
74 148
7 137
8 45
104 166
51 99
21 68
10 94
95 110
86 140
59 171
2 78
44 137
11 65
51 175
70 80
95 155
86 131
138 148
88 117
46 130
50 84
50 54
0 46
123 175
19 73
103 117
143 152
15 44
55 112
18 143
25 42
56 113
17 95
51 55
61 167
13 122
25 130
4 74
84 176
43 57
67 85
67 112
80 97
54 93
136 170
85 108
73 98
67 94
103 172
111 112
45 116
1 62
111 166
127 138
30 59
28 83
91 172
17 140
12 60
143 149
28 73
15 150
130 164
104 115
44 68
12 93
10 106
20 114
28 91
94 121
63 149
74 125
126 160
57 133
9 10
40 150
111 142
88 166
96 163
108 109
58 175
101 156
63 90
0 81
118 151
71 130
10 126
90 172
128 159
55 70
138 144
42 83
67 167
111 151
30 33
27 129
3 7
78 177
29 148
34 74
56 133
0 79
55 103
105 159
105 127
52 133
9 81
10 164
14 15
82 92
2 35
7 118
32 132
25 101
156 168
2 137
76 99
73 108
93 132
99 133
135 154
146 147
16 147
22 143
21 71
10 167
129 130
109 124
55 93
75 99
6 32
24 46
51 78
12 73
47 165
123 144
66 139
109 150
108 144
68 105
29 144
44 126
88 145
9 162
99 158
2 97
67 95
125 154
44 64
131 138
19 29
61 84
8 86
49 97
17 45
69 130
0 76
58 152
5 71
161 168
89 150
30 121
78 88
32 134
156 158
41 172
131 154
69 94
38 146
40 140
95 158
122 146
101 131
122 126
26 89
26 170
130 139
12 142
18 21
104 149
59 129
45 56
12 141
49 116
64 135
23 136
64 152
165 168
3 12
27 37
102 124
50 108
121 162
1 26
3 82
23 74
1 125
146 153
108 125
106 172
133 139
88 153
24 97
10 39
84 150
5 87
19 176
55 143
57 79
61 103
15 43
47 84
38 169
27 91
38 46
1 51
105 118
74 108
12 119
37 151
114 125
34 117
105 156
62 135
96 174
20 137
93 113
81 147
38 93
58 85
13 18
27 77
151 173
137 168
98 146
50 67
9 66
13 133
91 143
91 157
31 34
137 143
112 117
19 128
36 50
87 103
10 51
49 124
126 146
96 168
95 175
78 154
79 87
36 94
2 143
107 142
83 90
134 136
70 104
46 74
14 88
23 97
110 154
23 156
32 168
97 107
7 12
5 63
65 89
64 165
68 86
38 43
67 134
80 160
48 53
141 158
44 154
51 123
43 70
109 170
84 156
42 124
12 115
28 108
44 146
18 129
81 120
127 177
84 152
47 132
72 124
55 95
116 146
5 170
31 129
60 166
99 136
62 165
10 18
8 55
95 148
71 144
47 115
68 106
64 113
32 106
55 61
1 176
82 140
60 130
90 119
1 18
2 52
151 157
34 69
44 69
62 83
73 83
6 148
7 80
34 114
2 16
15 85
125 126
23 24
48 123
25 85
63 109
77 145
36 175
63 150
48 110
41 88
55 94
118 154
171 173
12 92
116 171
77 142
20 158
32 124
53 152
3 94
1 112
34 49
96 124
25 144
39 78
38 47
30 170
115 156
162 164
141 168
17 159
44 132
29 146
9 67
102 161
65 129
40 141
57 69
28 114
83 173
131 141
55 74
1 72
109 139
123 172
16 162
136 151
19 66
149 150
79 101
88 177
71 108
86 122
5 53
31 59
123 176
41 148
3 10
51 57
165 166
83 102
91 110
30 68
100 171
12 30
23 46
112 132
59 166
139 155
103 115
4 117
19 95
22 156
92 115
21 58
123 143
13 72
153 173
10 31
67 170
88 137
53 98
45 155
115 169
41 82
99 143
24 48
66 143
82 141
154 173
23 110
40 82
52 118
31 172
111 137
90 146
47 136
122 162
77 109
148 173
31 69
29 121
16 82
70 111
74 84
8 79
28 134
43 104
17 78
13 95
120 166
24 59
57 60
120 173
47 80
30 32
86 132
153 172
19 121
145 148
19 54
80 164
79 131
78 173
85 98
29 136
160 161
1 30
70 143
3 117
46 102
23 81
72 132
23 38
71 155
110 141
41 144
25 78
46 79
69 173
36 125
25 133
46 145
37 154
73 112
79 168
47 176
4 98
7 141
23 126
70 134
6 81
73 82
25 111
93 109
137 169
31 109
39 99
48 127
72 75
40 144
67 162
87 113
2 112
26 105
34 150
61 157
22 43
6 53
87 174
165 170
159 163
90 139
134 164
62 115
166 167
92 151
14 46
51 63
6 117
94 100
13 82
24 51
16 176
16 164
77 126
129 171
43 100
84 146
42 148
3 65
33 135
98 159
12 35
47 56
57 94
9 163
9 150
50 124
40 134
39 103
143 168
22 112
27 29
87 160
62 126
91 160
81 137
3 122
17 131
96 146
54 112
51 135
96 137
21 50
25 126
129 150
35 54
98 105
43 52
93 105
116 166
1 91
38 147
26 165
16 31
61 93
57 67
23 68
130 145
17 44
19 159
44 70
4 150
61 136
37 40
17 162
13 118
59 94
48 79
1 127
34 41
38 102
123 169
1 145
64 125
75 117
18 46
57 97
4 82
17 173
0 109
116 154
31 60
70 105
150 164
23 43
104 110
48 77
59 157
36 170
20 153
7 37
39 100
39 108
39 135
1 150
96 135
134 157
47 126
65 101
18 49
27 148
3 23
87 102
8 169
111 132
4 24
13 140
11 130
30 150
1 58
137 152
22 83
88 111
76 87
18 28
73 131
17 34
1 158
27 92
15 107
71 100
53 58
18 73
155 164
43 172
3 150
66 145
66 96
85 111
157 174
32 161
10 28
53 97
136 154
11 71
63 170
92 170
26 86
43 73
89 111
107 166
31 133
114 173
34 123
114 167
49 165
4 81
53 112
39 74
158 174
15 92
60 149
118 150
86 139
13 123
54 158
50 127
48 157
120 155
46 153
7 154
3 119
53 139
33 89
32 131
22 51
62 113
54 72
98 161
9 15
81 104
36 100
25 52
33 79
70 141
108 167
61 162
52 177
0 153
71 112
142 175
53 145
85 113
121 170
31 48
96 158
65 133
6 106
57 126
14 131
92 94
111 172
27 141
88 163
16 26
35 125
156 167
77 170
21 121
82 159
27 35
6 124
50 119
45 67
25 43
36 42
