178
5
3780
60
33 2
31 2
48 2
59 4
60 2
60 3
54 3
63 1
29 4
52 2
50 1
63 1
48 4
53 1
35 2
39 1
61 3
38 4
53 5
53 3
67 2
31 1
32 3
48 5
67 2
37 1
59 5
65 1
51 3
61 4
44 4
57 1
61 1
40 2
57 1
32 2
35 5
29 1
46 2
62 4
46 4
53 2
48 4
62 2
54 5
38 2
56 2
51 5
55 4
28 4
64 3
45 5
44 2
43 2
39 4
31 2
32 2
56 5
28 3
66 1
35 4
67 2
52 3
52 1
44 2
67 3
31 4
57 2
29 5
43 3
36 2
66 4
55 1
27 1
64 3
44 4
30 3
28 2
40 1
27 3
64 5
61 3
57 4
65 2
56 1
65 5
54 4
47 1
51 1
43 3
40 4
58 2
46 5
32 3
40 3
46 2
32 2
40 4
45 5
54 4
37 2
28 4
58 1
61 4
56 4
31 3
62 5
27 5
66 1
41 2
68 5
41 3
41 3
33 4
35 3
58 3
52 5
54 1
65 4
35 4
54 2
62 1
60 2
56 3
40 4
60 3
68 2
32 3
50 2
29 4
26 4
54 1
29 5
43 5
33 3
46 3
38 5
51 2
41 3
48 5
48 4
53 1
57 4
38 5
54 5
37 4
60 4
37 2
57 4
45 2
28 3
53 4
38 3
50 1
61 1
67 2
42 1
50 2
38 3
27 3
68 1
48 2
31 2
35 2
37 1
52 5
31 1
63 4
51 3
30 2
64 3
56 2
54 3
57 4
46 2
58 5
55 4
39 1
4 142
12 71
17 132
115 142
44 67
109 175
8 11
85 117
5 141
9 137
75 114
102 171
65 149
106 114
129 159
61 158
64 134
120 147
51 111
4 51
21 117
24 41
82 158
59 105
117 150
115 119
93 127
87 143
7 170
106 141
146 163
120 162
85 145
113 142
33 133
2 74
127 176
19 22
68 161
40 137
81 153
99 177
33 40
2 116
164 173
18 39
90 165
57 112
78 165
61 141
75 127
63 171
2 28
76 103
32 35
3 131
28 38
151 153
93 145
27 154
4 169
38 120
45 50
4 122
72 177
79 89
86 173
12 83
157 158
23 177
56 58
28 115
93 168
20 39
38 77
146 158
24 89
9 37
23 138
71 175
73 138
50 111
121 135
105 124
113 126
27 43
85 173
29 112
171 172
49 172
47 148
27 59
75 145
87 151
87 91
116 135
33 118
39 101
135 142
59 127
27 45
169 172
47 58
36 132
77 174
95 113
128 163
32 158
9 106
81 140
4 52
61 119
1 69
58 63
84 119
41 76
27 104
34 37
61 175
31 131
51 124
54 97
72 114
59 154
79 140
77 78
5 93
67 161
34 103
35 45
1 166
41 141
50 146
3 67
97 155
62 173
89 167
28 128
18 53
35 172
93 96
17 89
73 175
19 55
145 163
22 27
47 151
48 104
76 90
97 156
97 175
116 118
133 175
97 104
53 167
59 142
92 161
91 163
37 135
92 168
8 17
96 156
67 128
53 128
122 145
6 95
0 156
61 101
38 74
5 86
12 69
59 145
5 135
41 123
9 38
42 152
90 96
21 160
136 174
119 158
6 126
72 89
23 114
57 131
25 174
31 122
111 115
82 112
6 135
27 140
67 78
12 47
28 161
41 83
21 47
68 74
105 165
20 101
101 107
67 105
26 47
102 104
8 83
123 161
14 86
11 23
21 156
21 149
31 57
46 138
24 136
33 174
33 81
74 176
43 44
60 65
92 171
22 98
67 175
73 170
43 91
129 132
14 92
67 84
60 117
66 173
1 107
136 144
10 125
136 153
117 132
85 96
0 24
90 120
75 168
3 109
87 119
37 157
40 53
23 71
80 89
11 26
112 118
101 103
87 92
36 141
29 69
24 165
67 160
54 165
116 157
148 157
117 127
156 176
70 152
84 158
114 164
13 158
29 124
44 174
117 169
94 101
149 172
56 92
12 87
136 161
51 161
5 45
27 42
108 169
28 171
10 171
46 147
15 32
117 163
36 148
24 152
7 47
58 165
5 133
128 143
13 171
11 48
95 149
128 161
133 177
116 140
39 174
70 126
93 172
95 169
5 85
46 157
11 154
13 120
79 127
78 148
43 108
2 73
88 114
8 156
51 134
5 132
87 115
100 105
24 64
150 151
7 108
49 56
59 62
9 144
62 167
39 169
68 144
136 171
30 53
80 123
42 129
46 54
92 133
18 108
53 90
66 87
49 129
157 166
1 137
98 153
54 135
72 166
40 45
10 54
41 145
13 114
59 156
135 152
9 54
106 162
149 168
9 142
33 35
39 63
70 103
6 36
26 80
105 136
20 54
57 80
34 152
91 123
22 130
14 32
14 93
89 105
99 138
34 48
22 145
2 70
59 83
19 102
13 101
93 122
19 144
122 165
12 23
15 142
128 152
121 150
112 159
87 145
32 70
37 60
85 177
118 153
91 150
37 69
30 70
139 150
120 151
87 114
5 136
21 163
148 163
28 125
67 164
77 99
129 168
169 174
42 56
6 137
8 65
69 77
71 124
23 132
0 86
95 109
35 72
117 138
62 119
83 120
3 144
40 85
138 163
113 116
139 163
29 171
69 148
62 92
45 113
100 176
111 113
20 147
49 167
45 117
43 128
75 115
98 127
0 152
0 102
32 176
27 50
83 96
117 122
58 98
27 163
11 115
55 134
4 89
94 166
58 144
11 95
137 174
104 162
38 173
14 21
61 145
109 130
77 167
87 130
20 57
95 128
17 163
69 89
17 69
161 173
44 118
62 176
40 97
35 163
108 147
0 29
107 123
49 131
89 130
106 175
10 138
33 50
126 166
107 134
69 79
16 107
89 102
9 84
37 83
66 129
32 67
83 149
50 69
36 74
80 152
23 128
24 134
55 90
96 103
28 121
42 112
57 116
59 111
95 101
160 169
103 166
84 164
1 92
3 79
18 170
12 117
94 96
37 163
74 98
72 148
4 64
139 156
89 145
63 79
35 37
44 51
33 70
23 108
30 129
105 141
39 170
99 176
93 152
40 84
32 61
73 99
15 108
86 97
98 157
32 160
127 148
128 173
69 90
84 148
110 149
17 124
27 106
33 137
46 78
40 163
160 175
7 31
96 116
35 145
22 65
46 139
7 122
18 71
17 117
65 85
17 63
59 167
73 89
2 45
100 104
127 130
115 154
15 38
14 152
70 131
123 129
96 113
33 59
83 115
50 141
3 27
33 37
56 174
74 164
118 130
75 107
49 145
162 169
67 116
42 167
58 162
96 118
59 76
92 98
116 176
84 155
63 138
109 176
84 167
24 150
2 117
43 143
33 77
57 127
26 95
44 173
23 98
30 45
3 17
31 40
61 68
27 107
4 124
87 172
35 155
7 92
87 175
9 59
44 129
68 71
99 166
134 140
42 95
29 71
125 173
6 58
16 137
27 147
30 172
4 166
26 88
9 173
52 98
104 176
42 90
40 75
24 107
64 126
78 116
32 88
32 62
26 38
3 46
102 132
110 147
44 123
91 162
2 103
134 173
50 158
9 32
11 91
90 123
92 166
139 177
42 85
62 100
3 95
107 158
53 172
7 100
28 87
38 71
42 70
91 124
30 82
16 87
55 162
48 109
121 134
14 22
151 155
35 112
95 119
4 90
0 149
76 159
32 150
108 128
2 68
41 105
34 107
77 155
114 162
50 82
70 115
55 124
34 98
80 162
41 153
2 46
75 85
13 129
118 176
66 98
107 148
101 150
133 161
44 133
8 129
116 152
125 165
19 63
93 142
86 133
10 46
58 79
101 152
43 170
138 153
34 90
122 171
38 44
106 128
57 169
6 111
133 142
5 105
50 143
34 39
11 61
61 150
62 121
45 172
44 92
29 91
21 175
14 39
65 117
130 177
38 54
99 149
27 39
39 90
28 167
170 173
26 27
167 177
46 83
35 111
52 105
57 132
13 60
48 165
59 82
60 97
26 68
56 68
52 102
102 159
35 43
15 79
6 62
59 168
55 118
139 176
1 68
28 61
103 167
24 172
80 113
19 143
81 127
108 119
6 37
145 172
64 96
5 68
89 103
113 146
131 133
35 177
76 95
41 154
68 115
105 158
100 115
6 87
42 166
97 176
25 73
29 176
82 166
2 134
6 132
92 120
28 139
103 112
66 171
22 85
77 95
67 75
6 73
67 168
52 150
87 132
80 98
72 125
22 159
56 140
126 140
34 76
129 160
28 159
97 153
115 158
96 165
68 125
18 24
148 159
46 75
27 133
42 120
80 128
140 161
1 126
3 159
56 91
114 115
73 124
41 162
101 154
104 108
51 75
19 169
10 151
112 122
40 62
50 96
88 168
70 147
69 136
21 46
14 42
93 139
38 110
141 145
101 142
35 124
120 145
93 163
31 136
96 119
140 145
24 80
14 154
56 87
24 26
0 119
39 45
22 59
143 155
89 90
54 107
110 130
49 150
17 64
9 57
95 143
34 94
36 116
51 150
35 138
94 141
25 116
123 130
36 172
43 158
35 161
25 107
116 173
15 56
97 157
61 97
45 53
85 154
91 134
21 131
5 78
14 166
3 72
32 144
27 32
6 149
12 19
14 121
102 164
25 72
23 175
0 71
158 163
41 125
15 100
128 175
47 117
87 144
76 93
3 154
14 18
22 175
61 87
62 87
51 142
11 17
49 177
60 141
68 167
35 154
3 85
22 49
72 88
27 143
55 82
29 172
32 119
17 59
133 143
19 23
17 90
127 172
46 159
73 115
2 122
20 148
9 65
19 154
76 172
14 95
77 104
7 65
46 172
84 175
20 133
92 150
55 122
55 58
44 82
54 139
82 162
5 160
88 120
36 124
1 73
37 91
160 167
9 149
67 68
17 171
83 168
128 170
62 170
6 45
65 127
109 123
65 90
76 170
0 73
23 32
3 168
48 148
65 160
46 152
111 138
71 172
117 126
51 97
4 104
34 47
137 166
37 130
5 48
88 108
121 158
2 168
66 90
24 33
13 55
59 130
15 117
68 149
9 158
32 149
69 95
17 145
48 74
1 5
39 110
49 77
63 77
108 131
35 78
50 92
124 138
20 108
4 67
78 100
16 45
3 50
23 59
28 59
115 127
31 135
1 87
77 124
29 60
58 107
15 50
93 111
57 65
33 38
86 124
32 113
80 144
55 141
151 176
29 175
125 136
129 151
35 143
2 4
45 68
14 62
122 177
49 154
33 82
38 149
32 109
0 33
7 64
45 154
38 142
72 171
28 86
23 84
77 166
103 159
34 144
25 79
49 53
42 145
16 148
81 123
150 176
69 103
53 154
98 114
143 176
82 169
94 104
44 168
1 162
136 165
9 92
111 126
101 173
70 156
26 63
22 129
41 45
70 171
82 149
63 64
16 42
163 170
6 82
19 175
32 41
120 127
35 122
15 128
98 169
46 86
49 63
6 107
30 88
51 112
91 118
51 172
11 15
80 158
34 81
98 176
119 132
52 85
4 55
37 124
38 137
138 140
59 85
14 25
44 162
16 57
15 16
31 125
11 86
94 114
44 141
32 157
25 160
59 64
85 157
38 123
29 42
103 154
107 144
38 126
70 150
10 91
41 135
15 87
49 107
49 163
31 113
155 176
82 126
16 140
26 59
136 139
5 117
5 106
53 126
134 139
38 172
29 157
112 114
12 52
102 134
6 161
17 154
45 160
54 56
9 119
137 162
51 152
28 45
100 114
49 170
47 67
149 175
89 138
54 151
71 127
6 44
85 172
13 81
33 104
44 58
121 164
58 177
15 52
86 176
21 79
146 152
56 85
16 119
23 106
45 60
17 166
67 153
134 177
30 171
1 101
127 154
42 71
76 157
100 164
71 86
45 112
28 53
34 78
156 162
119 155
12 13
75 84
159 170
26 176
100 172
7 53
56 122
40 78
9 112
6 63
67 102
25 128
68 122
11 52
15 34
130 151
118 163
16 152
17 23
49 156
15 151
16 83
68 162
6 140
89 151
90 97
45 177
50 176
50 173
41 67
91 100
72 90
66 74
60 64
1 47
8 119
130 165
81 109
98 122
43 146
25 94
76 133
166 174
72 99
62 166
77 146
115 165
46 108
4 22
41 166
85 120
15 76
94 129
123 162
24 71
25 87
92 167
83 89
45 115
67 135
72 140
31 72
78 168
44 72
108 120
6 24
9 122
28 166
46 143
49 87
39 104
13 43
82 153
157 164
1 96
84 157
63 117
77 172
101 111
12 65
42 62
24 49
62 98
81 134
15 143
3 136
30 119
13 64
141 149
36 138
10 116
2 48
65 92
86 175
37 140
4 50
44 150
5 21
69 174
115 139
1 95
13 148
24 138
77 148
28 36
12 16
102 130
32 86
5 70
91 106
64 142
29 102
102 129
73 156
89 126
20 174
135 143
59 123
3 97
65 171
45 77
34 115
52 134
37 89
107 141
58 110
89 162
8 33
150 168
134 137
70 92
89 118
6 133
53 120
64 110
10 97
39 111
6 51
77 132
63 160
92 159
62 172
135 171
38 50
36 139
52 123
55 169
106 116
93 104
93 149
67 147
22 125
102 149
71 94
53 65
64 74
31 165
66 107
11 145
73 101
161 177
61 90
104 172
63 102
104 158
77 154
67 177
163 172
78 117
77 137
98 121
90 152
98 143
4 97
11 13
52 126
154 168
64 84
41 176
170 171
27 90
88 136
94 119
103 135
31 88
95 96
99 128
92 154
107 135
93 170
97 147
28 99
0 75
3 40
23 163
75 121
32 97
47 174
4 121
82 152
45 134
21 157
6 11
61 88
8 56
56 175
104 169
38 105
107 109
44 147
90 126
5 57
53 107
8 110
15 115
80 130
70 136
112 139
34 61
46 141
78 120
47 70
0 131
152 175
45 104
33 136
52 108
30 76
56 81
40 129
57 83
73 122
17 22
74 85
70 93
38 104
56 147
17 25
89 159
101 157
11 66
66 158
64 118
9 34
88 154
5 79
61 171
42 173
32 139
41 137
114 157
114 143
56 102
82 83
70 118
143 147
76 138
19 106
37 159
88 95
60 174
82 131
67 101
65 83
29 147
34 67
119 149
45 166
137 165
131 142
88 123
133 148
20 36
2 146
67 81
27 40
112 133
51 90
112 158
60 147
66 166
56 129
62 102
2 67
75 98
110 168
30 146
44 102
22 135
53 161
67 136
5 139
6 15
67 129
20 25
76 127
115 136
39 153
28 175
144 173
6 128
120 157
55 113
0 176
113 123
70 125
3 84
86 150
72 169
78 155
4 163
64 169
38 94
89 92
107 146
42 49
48 96
19 35
60 138
33 54
45 145
5 103
41 106
167 176
10 119
14 90
65 126
30 127
33 161
5 145
76 146
28 147
10 88
49 50
30 57
21 84
83 148
47 158
131 150
18 74
3 127
51 58
84 140
73 134
24 70
0 4
107 112
32 103
43 171
25 149
8 128
91 133
45 132
84 114
122 149
4 45
136 175
27 136
40 52
25 165
125 149
139 143
156 159
22 138
2 9
43 120
76 121
166 171
52 157
137 159
157 176
8 103
97 118
44 136
80 94
1 168
120 156
40 135
28 109
125 159
20 100
46 132
80 173
84 93
90 116
26 154
25 146
13 52
92 132
126 127
53 83
105 113
65 172
87 109
31 115
48 129
53 108
33 131
147 149
112 150
79 91
21 141
10 87
138 177
23 129
32 90
124 149
106 119
14 160
24 32
31 123
63 152
53 109
74 171
3 107
24 35
71 118
18 69
69 120
43 99
43 87
48 122
21 120
19 160
6 169
27 81
98 170
28 150
125 155
37 94
109 122
147 163
3 114
120 122
75 164
87 147
1 103
81 144
37 109
19 109
54 65
31 127
132 159
16 44
152 173
69 143
3 60
72 152
39 46
119 176
7 177
2 111
76 161
9 60
79 135
46 175
150 165
67 139
106 157
1 13
116 159
7 50
49 151
113 158
147 159
87 120
5 177
89 141
49 89
51 88
11 175
101 113
15 99
62 164
99 105
11 84
13 34
21 115
94 117
2 159
111 175
123 168
63 148
94 113
48 152
48 140
10 177
79 118
118 164
88 144
59 88
104 138
79 90
89 134
19 70
104 145
50 142
67 79
99 139
4 170
83 145
29 127
48 156
13 94
54 94
40 106
151 168
32 114
3 101
17 39
76 164
127 140
41 62
43 133
66 165
105 134
81 126
17 120
5 124
71 131
84 98
2 84
66 141
61 114
97 125
17 176
74 132
75 173
69 97
41 150
40 103
149 167
59 141
8 51
38 62
2 19
141 164
16 153
52 144
73 144
71 134
107 175
18 146
58 103
51 65
32 38
26 102
3 52
19 39
17 66
108 111
124 171
12 133
22 116
146 170
55 166
9 160
44 75
3 96
0 115
24 162
36 66
72 163
18 42
93 164
124 153
55 72
29 99
76 108
73 147
17 139
13 135
40 47
41 53
14 169
116 142
27 94
27 108
26 44
39 56
22 74
11 57
133 176
3 172
118 147
117 175
66 78
0 67
33 47
6 17
19 155
122 127
30 118
54 101
23 168
35 41
128 172
143 165
139 146
66 172
93 136
7 21
18 123
13 79
61 106
30 132
66 135
6 162
20 95
26 73
37 86
27 28
46 114
2 153
39 44
11 20
132 160
140 151
153 168
37 61
8 160
101 134
86 154
34 72
126 172
90 113
40 96
30 81
46 161
11 140
59 147
97 170
30 97
123 170
15 71
50 77
33 67
104 148
130 148
117 159
41 58
71 157
86 110
58 93
36 44
54 125
67 97
73 159
117 147
2 41
88 135
78 145
67 76
95 165
95 140
34 109
166 168
58 111
66 118
120 138
57 121
71 93
59 148
44 143
52 161
37 71
99 161
98 111
0 35
4 135
19 112
61 154
138 176
19 72
43 102
61 126
47 48
86 114
104 156
108 135
14 140
77 130
122 135
52 76
57 91
67 83
46 149
56 82
111 153
32 100
42 165
113 152
20 58
66 157
14 30
21 101
6 152
76 156
22 71
94 140
81 98
80 141
81 155
20 121
2 69
32 148
21 78
83 122
12 148
49 130
104 124
46 131
6 64
14 97
90 107
69 163
5 90
6 56
0 3
125 158
25 48
18 165
16 141
24 82
6 85
116 120
117 133
78 123
80 157
60 175
65 176
44 78
94 136
78 87
38 148
47 101
109 155
134 166
22 82
32 159
106 146
55 60
26 54
75 78
89 91
89 93
102 153
76 92
18 121
32 127
11 159
119 148
50 154
36 72
99 131
4 165
2 17
83 167
160 168
19 153
71 126
18 87
15 159
46 166
8 23
109 144
51 93
83 170
82 84
95 174
3 89
69 172
28 149
109 121
3 129
154 163
118 127
85 131
94 112
52 93
19 114
11 144
50 55
70 90
48 67
69 169
31 82
54 124
26 173
74 95
2 151
56 76
23 176
45 142
28 32
66 116
35 131
1 35
83 174
14 48
33 60
112 129
0 90
93 173
115 140
91 120
29 74
7 84
17 40
25 127
52 154
61 147
140 158
10 155
19 103
49 159
54 155
106 150
106 155
115 177
84 122
94 110
84 106
15 90
19 129
58 129
20 143
107 162
96 142
39 109
161 167
46 120
94 103
48 177
0 28
23 135
36 49
82 170
112 144
156 173
100 116
42 79
51 105
24 60
109 140
26 151
76 154
100 122
56 132
95 150
21 64
46 89
24 147
18 130
157 167
3 63
51 74
25 28
23 145
25 97
73 90
99 106
122 150
142 159
63 166
90 141
3 18
38 140
152 161
12 167
88 127
1 77
45 141
116 127
60 96
36 134
36 98
106 122
52 160
48 57
140 162
66 77
19 116
53 140
23 86
52 95
50 52
30 115
19 147
34 173
35 166
41 60
36 171
95 154
40 73
7 56
54 176
13 24
4 5
153 164
86 120
26 34
79 116
72 81
0 118
25 76
25 68
95 142
40 83
26 64
15 62
60 119
99 169
34 71
29 75
46 136
46 163
70 77
119 123
31 102
0 2
22 91
114 154
1 115
108 175
103 108
27 61
93 102
23 40
91 130
121 136
8 174
56 62
34 83
141 166
107 132
24 29
61 72
95 176
129 137
160 166
82 146
13 108
4 157
58 71
7 35
10 67
1 86
25 131
56 138
85 132
50 169
98 124
16 177
123 158
9 40
135 169
6 113
1 170
54 109
8 154
77 134
16 150
53 111
39 61
46 167
5 43
72 158
88 119
89 137
81 116
66 133
45 114
51 177
27 119
11 33
8 120
135 167
4 175
69 144
43 177
35 139
8 137
16 144
78 96
59 61
132 172
144 175
59 106
33 51
64 91
7 76
30 71
76 94
16 28
26 163
14 55
76 166
2 161
100 111
104 132
167 172
74 151
75 132
78 137
62 137
37 165
10 170
20 106
31 45
70 166
3 111
55 153
79 141
56 101
45 47
57 134
90 131
116 167
2 171
20 21
79 142
29 72
108 164
64 155
169 170
25 136
16 135
41 138
17 114
40 160
91 107
75 95
71 139
5 56
2 127
114 152
5 175
41 80
32 71
115 141
98 147
10 86
97 114
54 90
49 174
31 137
42 99
49 58
72 82
23 47
2 130
80 131
76 105
132 170
120 150
5 84
37 43
27 110
30 137
26 139
18 111
40 49
141 154
130 152
78 84
12 66
56 124
34 127
21 152
11 116
14 113
31 119
35 50
118 138
130 175
120 170
33 146
131 156
60 145
74 167
19 152
9 136
34 164
8 170
98 106
21 73
26 114
138 154
59 146
131 177
24 87
19 30
122 155
12 162
33 167
22 109
50 104
77 147
60 126
108 115
106 112
3 120
38 154
16 68
21 112
36 164
122 144
4 28
15 137
9 135
62 117
49 79
57 130
14 103
48 171
80 161
103 114
14 50
6 33
65 70
62 79
81 87
22 70
20 102
124 173
146 164
87 157
63 70
10 80
30 44
36 126
140 143
161 165
31 107
44 61
106 156
38 163
79 160
25 96
111 165
35 160
51 158
1 160
36 159
26 46
38 106
57 154
24 76
99 100
3 41
20 168
56 128
84 153
23 125
70 113
45 162
93 146
115 125
78 121
169 176
65 134
79 113
11 132
107 121
45 167
136 142
62 74
142 177
96 147
45 79
41 99
115 147
104 123
17 169
49 134
71 115
66 83
30 110
21 126
34 139
161 171
152 166
37 57
104 170
154 165
113 164
47 53
101 126
84 172
48 101
2 114
7 140
53 74
34 55
130 149
148 165
139 148
77 96
87 131
116 149
152 154
49 68
23 166
22 155
20 76
40 147
94 172
21 76
123 141
18 36
123 136
55 104
15 105
47 97
67 124
86 147
52 62
132 164
9 127
36 47
84 147
47 110
22 78
4 118
1 20
85 159
102 158
5 31
76 112
133 146
18 174
102 135
50 172
94 156
50 64
97 177
24 174
67 176
146 167
41 108
71 84
120 132
0 38
32 43
59 84
25 166
149 176
37 162
65 167
29 143
71 78
95 112
90 94
66 108
113 161
11 107
75 158
38 41
79 149
114 158
37 177
13 39
38 57
68 152
105 167
107 136
28 43
58 121
142 155
45 84
1 153
21 39
80 133
1 43
9 126
92 144
29 82
89 124
148 167
109 165
104 129
26 103
87 168
129 133
2 87
112 176
158 160
23 137
39 160
15 48
54 55
96 111
144 157
13 32
9 21
152 155
54 121
33 127
77 153
33 73
96 129
79 161
71 168
124 148
20 50
100 151
47 83
10 134
10 150
56 88
98 123
29 128
58 70
39 144
64 158
12 177
111 164
62 133
40 65
83 111
71 97
31 52
63 132
102 119
21 130
0 36
67 86
43 134
5 14
57 108
10 130
45 111
32 174
78 170
5 166
79 163
88 101
79 92
100 135
75 130
74 153
19 172
72 104
56 108
37 106
16 50
35 132
87 124
33 176
49 84
50 94
34 54
1 46
17 65
10 166
12 138
84 96
27 58
149 153
10 109
22 25
3 137
28 151
28 82
57 166
48 136
16 78
2 81
95 172
149 174
18 32
91 141
9 76
89 122
0 44
48 95
0 21
3 31
134 167
14 102
29 153
13 77
7 20
12 62
50 88
2 61
26 132
85 140
115 176
51 164
10 93
2 109
0 172
132 167
23 173
19 131
85 101
90 136
48 172
23 48
35 84
101 112
73 160
35 87
124 168
56 100
32 47
4 70
69 159
115 143
33 57
55 147
73 125
39 166
7 168
32 136
45 58
102 155
103 140
134 138
96 127
35 97
102 177
2 27
10 131
31 101
1 118
48 121
105 122
53 156
18 138
27 71
61 130
159 171
47 72
25 148
9 64
81 83
21 49
134 175
62 95
93 117
48 170
41 143
67 140
153 162
42 103
24 129
52 79
17 143
150 155
61 131
53 158
121 139
119 122
58 89
49 147
64 72
85 87
105 129
22 139
0 32
60 86
6 10
94 170
82 164
7 129
152 169
86 159
81 158
19 50
94 133
112 160
86 115
99 163
95 118
36 163
110 164
1 163
16 67
74 120
72 174
165 175
72 79
72 137
47 96
18 84
93 147
68 132
121 175
71 107
73 121
80 110
58 83
41 90
51 146
29 122
38 107
20 43
16 93
105 164
147 156
24 159
51 141
35 62
84 145
92 175
60 100
87 116
65 108
124 160
67 132
68 110
48 151
25 75
5 24
6 54
159 173
81 103
9 17
104 130
148 154
75 77
68 91
122 147
122 173
142 148
62 96
98 141
24 85
10 104
46 104
79 177
85 122
26 87
13 157
97 137
166 170
4 105
80 103
52 78
114 168
89 125
76 115
43 165
132 143
79 84
84 141
79 123
10 157
2 129
110 175
28 124
49 85
8 116
158 161
68 103
7 22
74 106
105 147
87 136
57 135
89 146
31 43
52 81
8 84
49 69
30 39
27 60
45 107
43 105
54 167
150 161
114 172
128 130
132 134
51 117
59 165
42 138
28 112
91 156
30 73
48 64
128 150
16 63
63 136
127 153
86 157
70 158
63 145
48 55
4 56
121 156
96 153
82 95
9 19
30 111
155 165
49 109
50 110
26 112
49 142
119 147
5 72
1 24
133 169
64 119
94 102
13 70
96 104
36 146
19 51
0 59
28 68
141 167
28 170
3 133
39 64
149 151
152 171
9 165
105 144
95 138
56 121
140 154
48 81
13 144
25 29
84 123
37 101
78 144
54 175
108 151
49 98
76 153
70 119
0 146
99 103
43 92
11 75
62 91
144 177
51 96
48 150
110 176
22 37
146 168
152 153
15 33
46 173
30 83
67 92
74 155
13 126
89 161
18 58
35 105
15 47
113 129
133 160
10 59
79 88
45 99
67 151
23 96
40 59
109 127
73 96
144 150
57 84
13 119
63 159
129 145
124 136
20 89
38 124
8 177
3 47
88 165
115 138
78 101
64 157
74 94
13 92
5 151
173 176
48 115
86 129
38 152
85 168
55 155
39 62
115 167
69 137
129 134
16 165
9 132
85 129
65 147
67 166
37 127
106 131
42 92
60 131
69 166
83 151
44 163
91 173
31 66
118 134
18 76
12 55
39 87
80 121
60 129
132 174
44 107
41 114
70 135
50 66
42 86
7 159
134 150
14 100
151 170
83 108
154 176
88 134
7 174
145 167
106 139
27 64
24 106
64 174
38 174
16 66
74 134
77 169
3 69
123 145
34 148
21 77
114 129
113 173
97 151
138 172
90 151
15 41
5 100
29 53
39 142
34 108
106 137
49 160
139 175
34 57
62 163
97 174
44 111
34 36
38 159
58 68
23 25
110 158
102 123
9 152
39 116
51 159
138 171
89 108
99 108
113 125
38 65
55 171
14 68
75 152
121 165
112 145
14 31
9 105
66 101
47 168
80 166
98 166
1 33
81 112
20 120
16 104
53 141
83 147
40 133
23 142
8 149
104 155
66 75
21 80
30 40
27 96
80 116
11 131
25 46
27 74
51 87
18 157
6 104
51 92
99 155
100 143
34 146
69 167
6 151
148 176
27 165
13 159
107 172
55 85
69 141
68 98
54 119
92 131
30 123
31 146
36 135
29 67
110 153
164 168
68 79
142 160
100 142
25 51
12 130
11 120
22 142
8 105
47 91
134 165
42 45
42 175
22 148
35 66
46 66
4 20
46 71
21 114
71 109
54 81
67 77
31 46
67 87
22 31
25 60
89 127
35 162
29 95
96 115
132 151
11 88
43 75
90 138
24 98
12 153
43 116
139 151
111 149
2 154
29 120
34 102
30 63
62 67
151 159
14 171
22 90
92 117
156 157
8 81
46 140
90 174
31 80
99 141
39 92
72 157
24 140
52 58
8 13
31 175
61 66
91 136
13 177
125 167
36 151
24 88
0 124
9 36
29 34
71 160
21 42
57 77
26 72
124 131
64 139
141 165
133 157
152 172
21 147
105 128
11 169
82 86
128 171
136 155
1 2
49 81
16 48
23 67
10 45
1 82
34 131
53 149
53 71
3 124
142 147
99 118
30 156
51 67
11 112
148 166
165 167
6 120
75 129
21 118
54 162
66 97
79 95
107 139
7 138
73 141
69 154
144 149
5 174
139 140
107 122
17 18
93 156
103 171
19 101
22 57
67 174
3 25
2 90
78 118
104 142
62 65
59 176
2 56
72 106
45 91
25 114
27 177
51 176
3 160
90 125
46 122
11 59
134 176
141 142
15 75
19 43
34 171
175 177
30 144
46 121
63 130
51 170
64 172
53 106
7 134
124 134
2 14
40 161
109 112
28 65
35 158
51 82
92 164
42 46
51 126
105 152
71 96
136 150
54 120
97 130
16 101
91 154
122 167
72 162
155 162
95 163
87 93
76 85
74 137
118 157
12 154
50 58
77 175
55 138
15 65
26 33
52 148
21 28
49 64
81 167
5 19
81 145
62 151
71 104
13 90
92 172
51 116
5 28
56 80
13 165
42 171
98 103
106 115
108 110
18 94
73 87
94 105
37 50
59 139
85 123
85 92
18 33
20 91
56 89
21 128
29 167
117 139
0 55
22 93
104 163
38 175
85 114
118 121
33 72
23 155
18 68
120 160
51 137
102 147
163 167
99 101
30 112
103 141
119 157
40 93
60 121
128 133
21 151
136 177
10 74
50 121
38 64
4 172
30 175
16 40
58 105
68 111
72 107
7 9
48 125
92 114
1 105
28 113
13 112
45 128
79 129
15 29
51 127
0 61
85 86
98 117
176 177
77 84
21 165
65 88
60 167
20 83
72 165
64 109
60 85
7 175
55 146
72 108
24 137
33 117
0 108
121 174
9 44
68 89
30 134
44 110
39 167
37 152
74 154
43 142
32 37
97 106
15 36
40 168
34 168
102 138
28 129
98 126
30 80
31 96
46 103
11 104
105 117
140 173
70 102
29 32
12 44
54 57
66 111
25 145
21 48
2 102
89 123
51 115
35 151
13 110
100 127
56 151
163 177
68 139
26 62
134 149
62 85
16 172
38 157
50 174
89 165
11 146
48 80
15 127
53 115
17 72
19 53
15 162
11 149
36 51
130 147
58 106
53 163
1 22
19 104
20 70
32 154
22 144
56 135
4 168
103 177
49 60
69 147
67 126
16 20
46 99
76 116
24 142
68 165
98 158
165 174
59 173
35 88
138 142
88 91
19 31
100 113
149 177
24 164
7 16
103 118
121 126
29 168
26 157
89 158
5 115
5 25
44 50
31 128
1 65
62 72
18 162
20 162
5 167
44 113
34 119
116 129
106 108
13 44
9 82
20 146
54 168
112 113
37 58
40 145
108 153
25 77
74 138
141 172
101 127
12 88
25 34
10 14
163 169
67 80
58 146
83 144
0 48
7 93
48 59
154 171
13 62
43 71
75 91
19 57
80 135
53 150
79 98
66 73
149 161
5 76
9 90
47 166
32 155
39 163
38 82
29 45
20 163
30 38
87 101
133 159
41 79
41 56
40 130
54 152
23 82
26 31
150 159
92 155
91 146
22 164
38 75
43 150
7 23
111 160
141 151
101 160
22 108
9 102
23 103
5 153
16 86
5 173
125 176
49 138
151 172
41 101
80 119
58 138
17 152
75 171
42 168
53 113
101 175
118 126
33 164
25 108
102 173
23 87
58 159
45 121
4 34
71 138
29 104
53 129
108 163
10 30
97 102
1 10
7 69
56 152
12 78
62 161
125 134
44 106
2 96
131 172
111 152
114 171
38 40
16 171
81 170
42 106
7 99
3 167
28 66
19 120
27 109
126 144
6 144
49 146
54 98
20 124
142 166
1 41
48 132
101 161
58 80
122 140
111 122
56 143
46 48
2 100
94 109
161 163
142 163
14 137
97 165
51 109
84 99
16 112
105 119
19 151
17 88
47 66
99 130
0 165
25 152
52 54
94 98
9 98
76 97
8 99
54 110
133 149
43 46
18 155
1 84
3 90
87 142
28 153
95 103
8 50
14 172
94 124
85 99
100 121
32 147
25 41
26 85
92 136
20 136
8 28
80 85
150 157
26 120
22 123
36 75
74 93
69 92
31 71
6 43
4 144
30 102
4 33
41 42
14 105
8 98
9 31
25 120
7 24
30 128
29 119
108 160
86 152
60 93
35 74
32 80
110 157
142 146
75 176
94 162
146 154
113 169
91 137
40 169
41 96
24 84
65 69
142 174
5 97
47 49
65 124
104 127
25 36
87 134
35 81
73 162
93 100
1 64
71 110
7 95
2 31
95 146
45 127
125 127
45 76
26 111
32 87
27 112
85 121
104 173
37 141
91 131
63 156
16 49
6 50
90 145
41 112
3 140
9 125
27 117
113 176
22 84
17 125
27 124
46 88
5 144
6 116
16 43
1 85
83 166
14 143
84 169
120 129
56 73
26 135
110 114
3 149
62 108
24 66
139 171
113 167
76 160
108 146
77 177
81 105
84 131
67 145
44 171
20 99
9 29
18 105
64 151
130 158
29 109
22 114
43 121
125 131
51 130
82 87
33 84
73 120
75 80
38 151
15 144
11 51
42 137
137 156
85 149
75 133
48 144
130 134
40 116
11 124
132 150
61 71
33 56
147 158
42 164
129 173
14 135
170 174
66 93
28 140
20 30
110 171
25 90
47 139
33 149
64 92
168 177
114 153
109 116
42 139
125 140
89 169
104 175
39 140
28 146
162 177
98 132
22 119
60 72
16 59
41 54
101 106
36 120
6 38
13 164
81 133
2 51
33 48
7 86
33 130
136 147
13 33
127 170
44 81
152 157
140 177
66 160
34 105
51 95
104 126
62 171
4 129
162 165
52 146
47 146
62 155
5 122
73 105
33 44
57 81
43 117
22 96
9 159
121 168
109 153
39 133
141 148
12 36
10 95
101 163
47 130
14 101
49 101
84 144
1 55
43 131
99 157
95 177
74 96
48 51
149 165
32 130
4 31
61 173
80 146
1 57
5 60
53 133
95 105
47 157
62 147
58 145
32 48
86 161
94 155
3 103
119 171
70 159
0 42
153 158
55 160
33 113
16 114
70 121
57 144
11 147
79 175
64 161
108 121
0 163
21 22
86 155
78 104
25 153
50 113
80 111
26 60
10 168
5 7
19 118
0 101
36 40
76 89
129 148
96 107
70 139
15 72
66 117
113 138
19 40
96 151
6 93
101 135
72 110
11 73
44 128
62 110
20 72
59 91
43 63
27 52
42 133
41 94
8 15
110 124
31 160
79 102
60 132
12 18
75 104
91 155
136 137
11 31
10 135
79 120
31 98
52 82
