180
12
5477
60
233 2
186 2
278 2
221 4
217 2
365 3
146 3
292 1
132 4
304 2
96 1
355 1
121 4
390 1
95 2
302 1
368 3
317 4
345 5
344 3
252 2
300 1
273 3
207 5
236 2
296 1
226 5
105 1
92 3
352 4
268 4
113 1
377 1
183 2
202 1
357 2
181 5
226 1
381 2
293 4
133 4
209 2
239 4
129 2
88 5
133 2
189 2
137 5
359 4
142 4
280 3
222 5
211 2
241 2
159 4
323 2
295 2
93 5
326 3
196 1
370 4
377 2
299 3
173 1
138 2
333 3
128 4
222 2
313 5
352 3
87 2
248 4
195 1
104 1
359 3
152 4
214 3
368 2
188 1
253 3
151 5
122 3
274 4
200 2
391 1
143 5
384 4
103 1
132 1
155 3
360 4
269 2
341 5
365 3
97 3
271 2
200 2
169 4
85 5
314 4
360 2
141 4
212 1
173 4
173 4
225 3
391 5
335 5
156 1
140 2
139 5
268 3
290 3
290 4
91 3
189 3
284 5
254 1
193 4
247 4
375 2
153 1
144 2
92 3
163 4
301 3
261 2
382 3
305 2
237 4
252 4
209 1
346 5
214 5
311 3
338 3
378 5
133 2
341 3
131 5
220 4
388 1
262 4
223 5
93 5
282 4
173 4
323 2
285 4
103 2
268 3
285 4
316 3
188 1
208 1
216 2
294 1
247 2
157 3
116 3
97 1
224 2
147 2
383 2
216 1
223 5
157 1
120 4
94 3
126 2
289 3
212 2
92 3
181 4
176 2
229 5
208 4
196 1
138 2
188 2
4 125
12 94
160 172
159 170
26 177
32 143
70 107
13 114
24 132
8 179
14 40
100 129
7 21
2 88
8 66
116 118
73 92
35 102
50 128
3 105
7 45
55 125
38 143
63 109
114 132
111 176
86 91
85 151
64 124
103 164
138 170
117 125
2 18
110 138
51 175
73 114
18 35
47 177
50 102
71 89
97 176
97 145
32 113
14 25
12 134
60 112
103 153
56 113
156 170
57 97
73 179
62 152
5 134
47 136
20 150
79 137
27 124
159 163
44 148
14 80
36 104
23 139
85 168
28 70
67 110
77 123
85 91
1 79
68 162
55 62
141 166
15 86
91 156
20 110
65 74
91 118
23 37
112 144
85 90
70 138
159 161
49 129
59 173
102 148
110 122
26 132
79 149
29 45
2 49
137 163
41 159
26 148
74 94
85 159
15 21
74 126
101 160
38 158
89 132
58 122
26 134
151 168
82 113
36 57
76 115
93 97
67 125
32 87
4 176
79 172
4 38
165 174
98 149
57 63
152 172
40 127
19 126
33 109
147 169
31 62
78 141
91 127
71 74
40 177
159 172
75 122
55 167
91 109
87 133
4 140
4 155
133 144
22 148
14 124
0 68
61 157
44 161
60 102
30 121
21 39
90 176
3 144
76 82
18 170
49 158
104 106
47 167
47 130
74 140
95 138
12 49
112 173
32 108
94 170
12 20
2 159
18 163
89 163
131 149
71 120
90 164
94 138
8 111
52 141
118 154
1 112
65 106
10 92
54 157
122 169
24 148
58 140
136 148
9 11
82 133
40 115
35 69
83 151
130 178
77 87
74 167
16 155
13 178
42 145
48 172
14 172
7 103
108 119
4 170
5 38
29 64
112 124
13 115
7 173
93 116
66 154
17 49
0 39
27 49
66 76
40 136
34 139
0 164
119 164
60 168
27 139
45 96
116 136
30 136
80 172
24 81
33 103
4 166
26 35
91 107
25 140
77 89
21 91
66 146
72 123
72 144
124 143
47 55
18 36
43 108
65 147
28 108
130 148
13 52
0 41
113 179
83 114
88 176
1 158
10 53
44 101
85 127
128 138
56 104
25 28
26 104
15 156
109 119
49 169
29 65
65 128
2 73
42 115
107 129
53 177
86 106
39 149
26 82
145 175
22 98
83 86
15 72
100 124
44 78
44 79
41 51
91 172
141 149
4 59
47 91
7 117
51 52
18 90
0 177
84 112
22 152
48 112
46 48
7 101
82 88
47 145
24 97
54 117
57 163
30 82
35 87
78 151
72 111
93 133
74 111
12 60
76 102
113 129
6 178
91 160
116 174
106 111
46 58
52 160
70 71
77 163
28 39
51 137
86 118
80 110
55 139
10 39
52 106
85 123
31 80
10 109
141 153
46 101
66 75
1 147
77 110
61 151
67 112
63 168
50 118
79 107
24 153
41 177
43 174
58 144
52 103
64 175
39 135
51 167
146 150
23 91
28 90
63 105
97 144
4 84
15 55
31 179
3 95
17 40
7 47
9 83
70 88
141 145
3 121
34 75
38 120
118 147
71 119
60 154
43 143
102 162
56 81
9 34
89 121
22 47
14 56
25 102
49 177
46 87
28 167
168 171
58 78
43 123
36 98
94 135
91 114
18 88
118 174
37 42
8 167
123 172
117 167
32 161
85 153
63 179
41 165
4 91
68 105
116 122
29 39
6 85
49 60
16 118
168 173
160 179
18 44
70 93
43 76
26 127
1 32
124 177
151 170
18 131
46 163
34 146
50 55
41 171
51 111
3 29
92 179
11 23
153 178
61 105
2 126
75 167
94 111
132 151
143 169
109 179
133 143
68 117
28 95
97 124
97 158
98 142
108 117
13 51
116 132
16 71
73 167
0 168
90 143
32 105
13 166
23 159
0 93
53 124
113 169
1 162
38 160
116 142
23 175
57 99
92 174
23 89
131 170
102 114
134 163
44 107
5 45
34 162
106 146
79 162
13 134
57 169
90 107
1 64
72 164
22 112
43 158
27 65
55 67
35 90
43 125
40 117
5 71
104 141
87 134
162 169
32 123
3 148
12 29
67 103
29 118
9 57
87 108
72 142
113 154
65 103
58 120
142 163
49 87
74 78
79 84
25 92
55 157
94 151
40 86
155 166
4 37
78 109
58 106
92 171
14 136
40 43
83 90
29 54
25 154
24 130
4 47
128 134
95 143
71 104
101 134
27 119
46 88
83 137
41 57
63 101
59 151
83 141
30 62
18 89
17 144
31 89
62 122
91 142
42 173
4 179
173 178
54 165
84 113
96 131
25 56
30 59
57 88
67 166
82 172
55 79
107 158
15 130
7 8
26 155
8 95
8 25
114 146
101 150
84 90
45 173
63 85
143 149
34 117
15 94
153 176
133 174
3 132
8 59
29 52
97 151
30 33
37 174
54 97
51 157
69 99
119 132
7 147
78 165
81 141
4 165
19 44
78 147
89 104
34 178
26 85
73 159
62 128
148 175
21 176
42 78
22 25
94 98
19 73
8 58
99 129
113 163
39 152
23 177
107 120
15 145
39 161
108 178
53 96
118 151
164 172
125 146
29 125
53 158
35 75
73 74
27 44
3 119
28 99
21 33
35 82
66 168
86 90
9 139
93 174
103 149
27 128
10 72
74 85
68 90
3 93
125 176
48 86
32 76
9 129
5 144
107 135
37 158
172 178
102 128
49 154
97 148
28 139
97 149
31 164
25 58
41 52
12 148
79 116
60 131
44 166
107 156
5 19
10 27
129 143
118 153
21 170
30 46
88 125
90 162
145 148
26 176
168 174
63 73
44 130
101 124
50 115
108 132
16 61
7 169
8 145
76 78
14 139
23 140
106 109
128 144
20 146
104 149
142 146
15 141
93 103
39 101
42 79
72 152
105 143
40 154
33 179
5 54
16 100
36 144
62 137
69 81
28 161
81 128
79 94
15 128
73 137
14 176
26 109
138 167
34 131
12 54
99 112
99 110
10 28
37 49
16 161
113 141
62 119
91 132
84 149
155 173
57 79
99 114
99 125
132 141
1 151
39 155
119 120
14 61
34 37
67 93
127 170
49 161
33 111
80 166
60 139
114 125
76 146
43 132
91 151
51 147
17 97
1 169
45 130
125 177
35 144
1 43
97 117
40 62
41 117
85 134
7 131
151 154
121 151
40 156
31 121
56 135
35 92
138 163
38 93
153 173
74 145
126 171
51 118
100 117
35 49
77 78
16 123
20 24
41 103
102 134
4 108
24 117
45 118
101 123
13 86
79 139
90 121
73 85
35 39
138 146
63 76
44 127
77 144
19 96
125 179
44 100
3 106
41 69
0 160
3 59
103 108
80 118
148 177
95 158
42 163
76 104
7 149
39 47
1 8
68 175
90 116
65 145
35 130
127 141
65 159
114 167
84 158
24 161
60 138
32 99
78 130
8 54
25 169
55 144
17 75
26 39
71 177
124 169
55 134
99 142
19 20
48 176
2 31
34 116
59 171
90 95
67 106
78 160
85 152
5 50
77 170
33 128
72 79
57 106
110 174
99 116
101 137
19 124
122 161
68 74
107 111
109 123
53 99
86 176
68 103
7 89
39 67
82 157
18 86
12 116
32 60
99 104
61 144
133 160
118 165
93 164
96 148
73 156
80 136
82 145
6 148
106 107
127 145
35 158
52 107
136 149
87 94
53 117
153 159
134 149
18 154
29 111
37 162
93 127
108 158
105 162
14 83
145 172
42 117
45 68
36 97
23 65
35 88
29 166
61 116
97 138
20 26
7 128
53 166
83 172
47 161
76 136
33 70
40 144
32 73
66 147
54 93
3 90
32 72
61 118
38 123
99 137
10 110
77 142
146 164
58 133
57 58
46 148
1 23
84 178
15 82
111 147
32 168
3 163
7 44
61 73
43 103
154 170
22 121
3 45
86 161
2 127
21 155
70 156
39 75
50 129
14 170
18 58
24 50
45 125
26 61
70 95
6 34
120 148
46 60
63 141
20 101
70 89
48 110
87 149
25 77
10 144
85 128
44 47
106 179
5 141
32 112
10 29
90 146
134 179
53 151
33 53
5 17
55 73
86 124
4 97
84 144
61 74
170 177
3 40
18 65
47 152
55 103
124 133
3 103
62 92
18 37
64 67
75 114
3 102
3 55
34 61
47 174
151 167
35 132
13 61
56 123
64 107
77 146
113 173
35 61
47 111
131 162
17 161
86 112
74 176
56 130
118 137
117 175
26 52
8 22
20 170
10 163
4 141
10 132
15 28
13 103
51 85
8 127
55 155
102 151
61 175
38 113
24 141
24 121
77 134
97 174
120 131
117 148
8 152
38 105
22 162
1 89
31 66
73 170
10 34
112 117
75 168
9 174
57 105
26 124
17 68
32 111
42 61
94 157
94 161
132 170
60 66
63 178
158 159
7 35
120 177
35 171
50 157
29 163
83 95
48 175
119 126
38 68
45 104
45 172
19 150
45 57
74 82
118 145
1 178
154 159
76 107
124 160
101 115
55 153
16 107
42 56
80 142
54 127
39 56
50 85
26 133
62 172
59 110
5 43
81 103
44 73
49 141
35 62
15 148
71 135
47 123
88 157
61 148
8 12
81 160
61 68
69 137
133 166
58 141
48 178
36 103
99 163
36 40
7 171
57 140
63 173
22 172
96 141
4 134
13 65
1 66
50 95
84 88
46 143
77 124
23 134
79 90
134 135
134 165
107 123
22 46
59 81
38 56
44 72
58 80
13 22
44 67
59 167
52 176
31 56
19 106
7 68
70 109
4 81
52 94
10 101
20 62
38 42
79 159
67 85
0 11
1 56
5 142
15 48
13 100
10 82
4 86
158 177
14 70
16 99
16 120
125 156
166 173
136 158
17 109
20 31
108 143
36 162
128 159
5 136
11 134
18 31
63 80
109 115
0 62
45 63
48 139
10 123
49 94
131 158
2 39
49 61
97 161
119 131
64 84
44 163
87 142
79 93
70 90
7 41
84 97
32 179
98 131
4 130
57 175
138 155
141 162
46 141
57 122
7 156
25 64
17 123
44 97
7 17
111 143
79 125
129 147
14 26
12 57
141 168
4 42
11 22
44 149
98 130
15 178
1 6
7 30
145 159
104 167
100 125
116 125
9 85
49 118
22 90
98 138
39 132
10 113
11 175
56 92
1 54
66 111
67 90
16 111
40 158
125 153
68 119
35 173
115 140
19 119
8 114
67 130
23 145
61 86
68 163
88 99
50 62
109 116
64 72
58 158
28 116
105 120
165 167
53 98
0 175
7 19
142 159
57 61
62 83
90 120
29 158
34 76
82 116
36 142
76 87
102 141
36 124
19 37
112 159
103 179
83 138
100 148
92 115
7 74
55 77
77 160
116 154
84 98
66 106
138 143
18 109
60 149
43 112
9 114
28 101
105 135
14 73
108 110
10 156
37 68
43 119
81 83
72 161
146 148
9 23
91 149
3 147
76 113
14 28
100 154
68 120
2 161
42 112
120 156
36 158
18 30
33 94
21 132
36 63
3 42
6 145
78 119
85 93
53 88
42 135
44 55
37 154
68 143
4 101
58 139
83 157
112 131
99 153
2 154
9 53
6 163
87 161
5 125
49 91
137 170
3 143
107 115
99 166
54 123
0 70
153 160
129 155
2 130
91 117
11 88
56 82
114 173
30 173
87 157
37 80
59 91
104 161
33 106
32 137
128 157
21 59
87 124
52 133
57 73
63 90
43 161
126 141
75 176
37 91
38 74
20 132
57 174
130 134
48 88
37 136
54 176
63 129
29 123
29 122
91 96
8 159
10 94
160 165
100 107
62 168
34 107
65 81
101 130
23 70
46 169
60 79
24 89
53 70
102 124
76 95
102 110
66 148
76 155
10 150
84 86
57 114
96 99
27 135
96 119
51 142
37 113
63 64
121 179
17 178
151 174
69 149
86 144
92 105
36 141
100 167
3 152
17 177
161 176
9 165
139 165
62 65
8 109
143 153
82 127
73 173
11 91
19 132
23 98
45 93
85 150
93 124
27 75
60 77
33 130
53 68
76 118
37 165
33 123
74 151
136 168
104 127
38 80
2 110
12 108
78 162
12 14
43 156
161 165
45 175
72 107
51 149
72 148
22 155
44 141
124 132
51 124
22 80
40 112
16 141
55 164
72 77
20 129
169 178
175 179
68 169
67 145
75 135
57 112
100 110
9 47
7 48
131 175
22 116
153 170
86 162
4 147
42 84
21 125
35 85
7 127
56 107
55 106
133 170
111 134
22 32
136 141
45 138
21 148
74 121
86 167
26 159
80 159
151 157
33 139
21 45
45 69
93 167
41 94
116 119
55 102
79 120
127 176
73 84
65 165
66 93
147 149
2 90
31 115
30 137
109 157
104 136
21 123
31 101
87 171
69 133
32 47
93 176
63 171
42 75
17 139
113 124
4 45
66 100
25 147
25 55
76 100
81 166
0 98
103 135
54 111
63 136
28 134
135 153
98 143
69 91
100 153
101 170
25 66
82 125
27 150
31 85
24 176
1 13
87 96
41 97
71 151
11 170
59 130
0 13
4 9
77 92
40 157
56 166
127 135
153 168
64 105
28 110
9 81
71 137
75 92
15 99
48 73
29 137
27 116
41 120
120 124
125 128
12 159
15 70
22 117
12 130
82 160
72 89
35 71
14 82
6 177
43 78
5 147
69 110
91 171
44 169
89 133
139 143
82 136
45 126
75 124
123 127
5 109
43 67
75 154
166 174
71 77
132 169
3 36
58 76
55 90
22 149
150 166
137 140
48 66
146 158
43 176
64 160
95 100
127 179
8 124
37 72
91 123
117 119
39 157
72 102
20 145
42 165
52 69
25 89
33 54
19 59
24 167
90 128
50 124
121 161
124 136
90 101
85 117
136 144
38 172
1 22
50 151
82 107
147 159
101 108
109 151
110 114
132 165
28 74
2 66
23 132
75 139
57 98
103 142
50 140
35 162
73 121
18 24
23 178
11 116
82 87
68 85
42 130
47 148
12 24
30 93
82 147
14 21
48 69
14 125
22 156
28 121
102 107
77 161
69 108
119 159
139 160
55 56
15 88
86 130
116 149
18 57
53 75
40 139
24 174
65 164
36 152
33 158
28 168
74 137
71 108
0 86
3 58
31 117
93 128
2 158
146 175
78 79
72 132
78 174
144 166
141 167
13 143
55 124
104 105
31 137
45 67
41 47
97 147
139 156
37 47
10 63
26 32
147 179
43 99
12 53
36 48
134 174
96 155
47 97
108 150
22 143
56 93
92 103
39 42
66 83
109 111
105 172
56 120
24 172
97 160
16 90
81 159
86 152
15 18
51 107
101 167
87 138
65 94
49 105
110 151
158 172
61 113
97 107
81 169
116 166
26 100
22 39
39 160
125 170
37 134
11 40
9 179
75 108
90 139
42 176
65 139
9 29
14 23
79 156
102 160
15 69
37 166
70 94
82 120
65 115
70 127
14 143
33 98
40 53
74 124
30 162
41 65
70 137
58 136
20 136
55 101
30 112
17 117
20 70
134 172
89 122
72 99
59 98
108 179
142 165
57 101
105 121
17 23
16 97
6 131
33 174
86 137
46 150
28 178
171 174
94 149
43 110
35 159
122 125
20 122
103 123
17 162
22 175
43 145
111 137
3 140
69 134
91 152
45 113
5 120
74 158
160 178
24 44
135 165
23 38
18 41
50 123
48 62
57 66
127 147
118 119
113 131
8 21
19 38
29 116
128 153
9 65
82 169
27 129
12 13
115 124
87 99
72 116
8 123
14 107
53 111
34 110
118 136
74 114
12 101
124 135
136 161
85 124
152 154
91 128
23 107
60 95
70 131
65 109
25 167
157 174
11 130
134 145
60 68
67 147
154 161
76 114
3 41
80 151
42 88
127 146
143 170
126 146
56 165
23 80
98 176
29 161
80 173
104 114
115 123
46 62
112 120
45 107
11 34
126 133
49 102
95 152
30 55
54 137
12 177
28 174
101 177
62 177
10 61
105 118
20 75
53 135
16 125
66 68
15 59
42 103
13 148
76 84
77 81
52 131
108 176
79 111
93 149
166 176
57 133
85 172
26 98
100 160
69 165
19 158
116 163
40 98
48 95
80 98
95 129
97 129
6 132
95 172
90 161
47 131
28 45
3 4
82 121
17 106
44 81
76 151
21 169
102 108
75 174
30 160
82 141
65 167
46 50
118 144
25 120
118 179
42 76
50 109
23 162
157 164
2 56
12 157
110 148
52 144
75 102
118 159
30 91
79 128
63 69
16 163
32 77
40 172
129 178
75 136
48 151
40 100
59 77
45 165
145 171
101 153
93 142
62 120
11 58
88 109
11 141
124 140
64 102
92 101
121 141
8 49
16 94
5 169
47 147
88 140
96 165
14 37
34 87
112 175
9 110
3 100
146 157
73 178
27 105
25 60
38 96
88 147
64 166
70 125
47 53
26 149
115 133
78 84
62 85
54 124
79 124
100 111
19 77
104 178
6 46
108 162
35 140
64 126
121 166
97 99
82 96
4 106
147 174
11 176
6 73
104 126
121 144
50 106
0 120
32 133
14 104
52 81
106 160
103 117
105 150
78 161
26 46
34 157
110 141
144 153
117 176
8 118
27 159
49 73
114 168
28 138
104 153
30 109
70 147
30 57
105 164
9 148
72 151
55 80
3 149
44 179
165 166
61 112
70 119
49 100
12 143
13 33
32 135
23 73
25 113
19 39
63 146
1 160
7 164
9 131
26 28
172 175
51 170
98 117
19 58
30 151
13 101
133 173
53 167
11 77
56 141
56 58
137 150
70 101
103 178
16 39
82 128
112 171
67 159
68 92
13 138
85 89
78 117
94 124
18 172
89 167
91 174
69 172
131 151
18 103
34 104
27 113
53 161
60 70
53 60
109 145
43 169
69 136
6 7
75 100
79 144
106 156
97 169
45 123
118 163
83 133
104 174
90 117
24 125
45 132
12 158
17 99
58 62
71 152
43 155
21 115
143 175
135 160
42 147
79 148
88 145
20 178
28 64
95 173
128 142
21 100
137 160
12 152
62 159
44 116
51 176
4 117
44 176
79 161
133 177
52 153
8 35
12 175
82 85
15 153
27 57
34 100
97 100
7 100
40 111
130 179
151 165
5 47
37 138
63 107
24 99
73 102
61 137
143 166
30 175
47 160
24 173
86 129
72 74
32 169
96 172
14 19
142 157
117 134
10 14
34 171
20 124
97 137
155 169
17 43
38 49
78 145
22 40
13 78
39 178
116 124
115 158
38 114
18 142
18 69
84 143
54 56
91 94
28 48
12 124
55 66
40 108
117 153
134 176
60 61
27 60
1 152
123 125
8 134
147 172
40 114
9 75
57 71
54 89
0 132
24 54
68 76
48 75
50 58
83 150
31 86
7 165
36 75
23 75
87 177
88 150
136 146
104 115
7 95
78 131
36 78
38 118
46 68
123 161
118 143
71 114
131 179
60 67
79 146
129 130
62 127
71 121
22 127
86 173
72 154
16 103
95 103
129 179
35 64
10 134
48 109
140 152
57 177
86 117
72 91
2 10
127 156
14 18
102 125
6 72
71 133
74 144
12 80
15 77
75 110
15 91
74 77
151 177
8 88
12 97
75 129
101 161
61 121
73 90
33 84
30 124
47 137
27 178
60 116
54 160
77 175
174 178
69 171
12 31
135 151
0 56
45 140
98 147
25 35
34 71
52 165
144 160
63 137
29 43
29 173
151 166
49 88
40 75
22 165
62 95
141 164
89 103
74 175
47 84
75 163
50 99
12 146
153 155
17 170
151 173
83 131
99 169
111 128
112 133
95 96
22 150
4 44
70 150
2 32
107 147
15 63
23 99
40 41
127 154
18 66
67 127
0 105
116 175
26 93
29 49
66 109
47 119
133 150
134 162
63 87
34 54
19 25
75 169
38 131
12 120
74 113
1 165
63 100
50 155
33 75
125 175
19 143
5 123
73 117
117 133
34 127
82 101
5 99
2 174
73 144
46 100
19 101
85 171
68 75
45 88
134 141
91 161
74 173
3 174
24 160
118 164
114 178
59 118
60 82
29 90
92 118
21 112
20 168
53 140
75 144
100 176
9 144
42 69
96 105
61 103
56 133
76 80
21 90
49 179
8 173
123 139
31 126
58 115
84 166
19 63
40 58
55 69
11 46
80 95
46 140
85 165
6 23
6 37
48 140
36 51
31 38
25 85
16 173
22 132
39 48
61 80
113 178
130 151
19 74
52 142
14 169
41 68
108 169
66 85
92 154
56 157
2 105
120 152
90 123
72 124
140 146
15 17
5 70
45 65
140 158
107 167
91 136
26 101
91 148
64 113
151 172
112 115
38 95
154 172
32 107
130 146
80 145
146 167
136 137
0 92
95 97
48 155
25 122
71 113
54 166
70 78
112 139
34 66
146 151
73 88
17 24
76 96
143 146
52 85
144 155
102 122
16 48
45 128
98 168
110 160
52 87
139 163
1 131
56 57
5 166
125 151
27 155
85 139
65 135
66 67
142 170
9 40
48 156
26 43
73 120
13 121
24 112
22 99
110 119
111 165
96 162
119 144
17 41
14 171
51 78
2 163
30 67
14 42
127 150
35 46
69 135
4 103
24 66
43 85
36 116
61 167
54 141
74 162
142 169
127 174
18 75
42 161
99 172
68 87
146 169
15 37
147 175
40 159
40 116
138 174
56 118
33 49
34 43
13 16
1 141
116 157
141 151
5 107
13 17
24 53
78 113
56 86
6 60
107 109
12 21
61 94
78 82
108 160
76 128
69 158
37 117
45 100
67 120
52 92
43 81
61 152
26 57
106 131
5 23
135 156
76 116
113 134
25 52
23 118
77 86
149 156
136 160
87 130
128 148
13 99
57 116
99 154
44 91
44 68
129 138
41 179
27 107
1 100
53 65
109 175
162 178
88 112
16 28
10 16
53 131
31 172
16 54
21 117
81 82
78 96
65 177
4 137
47 126
0 27
46 114
120 139
62 105
55 92
53 138
37 55
26 125
49 174
96 101
28 162
137 174
61 117
80 128
126 155
55 137
81 139
31 84
76 129
99 161
74 116
99 156
36 139
128 156
56 109
6 151
32 103
57 128
88 90
110 175
78 98
131 165
52 97
84 127
15 172
138 171
5 177
55 112
95 139
54 78
20 161
10 26
134 161
46 110
1 139
10 89
110 135
8 155
16 50
150 177
160 176
0 42
56 176
125 174
17 122
102 147
33 168
47 71
153 169
110 178
68 116
34 149
9 115
0 142
88 110
70 104
36 84
102 177
13 18
89 141
87 128
156 164
19 22
76 157
5 116
68 156
129 137
12 22
164 177
53 78
71 161
9 87
77 119
28 86
83 158
0 165
48 83
23 120
22 159
25 75
107 175
176 177
48 67
19 129
40 70
29 74
7 105
72 113
166 171
98 154
55 104
28 104
68 142
120 157
69 174
72 134
54 154
3 7
104 128
110 129
71 79
112 135
9 61
106 141
1 171
100 113
20 37
46 161
47 83
14 123
100 135
31 64
21 46
68 160
52 169
29 47
35 151
102 146
25 91
99 151
147 158
9 78
32 80
81 88
154 169
61 81
129 145
26 27
91 97
81 108
71 156
41 151
18 56
143 164
10 153
0 141
46 146
52 171
141 157
84 94
45 94
66 71
62 166
96 113
10 149
144 168
1 59
142 155
67 121
43 139
50 113
0 15
47 127
76 81
3 80
84 171
13 104
27 67
5 49
95 149
84 131
69 119
97 131
109 159
44 112
121 138
31 87
71 132
4 79
40 179
92 159
95 174
103 148
67 100
51 72
29 156
89 117
78 142
48 168
74 112
6 84
17 145
37 167
32 85
2 4
1 106
25 73
50 160
55 171
103 114
57 118
40 124
130 155
85 170
30 69
64 87
42 170
135 137
45 154
120 149
99 179
11 89
7 70
60 176
147 160
10 85
16 83
73 129
119 137
140 141
28 30
41 135
96 163
65 93
154 166
118 156
119 122
96 117
78 112
1 136
89 112
65 142
29 81
60 120
67 142
32 46
3 12
7 170
92 98
26 130
2 152
94 160
84 92
154 173
77 159
4 99
66 141
45 47
142 147
13 152
52 89
108 113
146 162
3 107
42 55
11 86
87 95
75 160
11 31
94 179
87 152
47 165
24 40
1 150
10 80
42 148
53 179
46 116
49 66
57 129
141 163
109 122
58 160
126 172
62 91
33 112
47 90
1 146
17 101
24 100
5 157
23 130
123 170
14 85
62 126
123 124
9 140
5 52
6 108
100 126
102 137
80 123
95 104
117 173
144 175
3 85
103 139
53 132
23 24
59 132
5 40
60 108
37 139
51 115
116 117
36 71
123 141
93 169
56 160
71 147
26 131
71 107
73 172
29 75
10 22
32 55
85 167
18 102
75 175
56 125
102 170
112 114
133 169
49 103
0 40
82 129
54 62
41 170
46 168
20 45
79 103
69 85
57 108
5 6
66 107
96 153
55 161
149 168
14 46
7 55
42 167
64 146
85 131
95 127
3 172
15 123
47 172
73 105
7 109
6 96
10 119
82 110
8 34
3 5
80 147
49 136
128 135
147 157
66 122
34 179
5 95
135 174
45 158
71 158
56 85
62 140
168 170
136 179
77 164
92 142
64 88
26 65
4 20
60 99
44 159
126 179
9 145
135 149
40 150
25 47
17 153
7 60
152 165
40 66
84 145
54 162
121 174
84 93
34 175
92 110
84 176
1 60
18 149
124 145
0 75
112 161
2 46
1 170
103 115
124 152
103 154
82 99
81 177
61 106
80 97
89 173
25 40
74 139
49 97
41 158
0 151
94 119
127 158
89 146
158 162
4 64
11 16
50 149
67 153
4 25
47 105
0 57
17 53
8 97
86 142
4 16
24 55
96 167
103 109
3 159
156 175
36 137
86 169
33 116
34 73
45 74
94 121
45 101
48 138
28 114
119 148
44 164
88 141
111 120
24 162
48 152
52 63
55 177
83 143
82 156
61 149
133 153
103 160
12 145
22 128
48 49
95 156
34 136
50 83
1 68
24 155
50 178
47 103
99 160
79 110
132 159
4 57
121 130
2 115
31 72
41 169
18 140
70 165
65 82
14 106
65 75
37 123
59 87
79 100
3 117
96 152
127 171
148 178
161 166
33 125
81 171
21 31
12 19
96 100
31 81
64 165
8 176
89 162
18 115
78 148
65 172
38 151
2 100
18 61
10 168
29 132
52 88
69 157
27 102
84 123
97 123
157 160
133 142
26 156
140 163
60 89
45 161
107 118
30 56
6 26
9 111
143 147
17 34
48 97
8 15
162 166
59 85
149 171
79 177
101 144
107 162
98 108
65 126
46 122
41 152
16 80
76 142
129 135
19 29
98 121
12 102
45 105
52 80
10 45
53 91
91 175
0 149
35 169
65 171
81 104
147 173
75 113
33 104
21 64
16 85
42 118
69 167
39 68
80 164
82 165
4 51
47 77
39 112
14 134
75 89
132 177
80 140
146 179
60 171
108 153
91 173
44 62
142 150
99 101
5 159
8 87
85 114
92 104
44 120
38 100
0 46
31 106
97 109
14 89
38 108
59 174
73 123
60 126
17 118
28 117
7 32
20 151
90 141
53 133
12 62
9 26
7 59
15 104
7 179
0 163
27 144
71 126
16 139
76 134
167 176
143 152
114 164
30 177
110 127
5 151
13 156
43 157
14 158
0 178
57 90
34 103
46 71
88 158
16 32
50 80
14 45
24 113
135 148
55 163
41 50
74 149
52 157
140 153
37 140
65 71
77 129
9 62
27 101
30 125
38 59
8 149
68 123
104 159
70 115
77 114
21 163
5 173
23 90
14 149
91 146
7 25
108 138
33 148
65 87
1 121
60 169
120 166
93 119
101 171
70 174
64 106
42 87
40 82
22 158
152 158
81 147
92 160
12 122
62 101
65 88
78 103
134 150
56 116
123 126
152 171
6 57
96 107
63 152
31 170
85 96
96 114
23 46
32 52
24 136
93 104
121 150
118 129
33 78
31 63
61 171
106 128
90 160
50 172
55 65
19 113
130 154
70 123
19 69
79 123
118 133
29 106
164 174
85 101
118 176
79 165
104 171
3 31
25 176
31 43
140 176
51 164
109 168
115 134
18 72
7 150
104 172
64 161
61 154
16 43
115 155
39 69
16 128
91 145
90 168
54 177
45 167
19 97
11 145
21 32
48 56
22 62
98 171
164 167
105 125
102 163
100 108
16 93
83 110
38 71
22 42
125 142
13 76
1 30
64 80
22 29
54 175
24 88
32 147
83 132
43 61
23 61
172 176
50 156
14 67
147 151
114 162
149 157
113 118
117 123
96 151
11 153
21 149
100 175
32 158
81 106
116 127
30 108
8 29
98 177
94 95
58 159
71 153
156 157
35 172
17 82
14 72
2 65
60 136
90 110
26 174
77 165
50 146
30 61
36 146
50 145
148 160
5 60
75 128
45 61
88 101
95 178
30 158
24 139
92 120
51 178
50 154
88 142
73 150
70 176
8 80
17 103
36 135
2 97
14 87
43 150
163 164
39 84
120 178
81 94
40 96
145 164
83 89
65 78
40 83
23 100
62 107
94 172
1 9
30 145
45 137
53 112
103 119
14 117
7 80
20 123
57 84
20 157
53 67
65 85
97 140
8 115
50 132
59 157
0 36
79 83
35 78
74 99
169 176
108 120
12 117
28 80
149 167
94 110
128 169
24 72
32 172
83 149
147 153
20 172
40 140
43 89
3 162
139 171
2 13
5 77
4 131
4 138
20 23
52 116
125 149
32 83
154 175
31 77
45 58
15 51
48 81
40 122
10 38
40 57
24 87
45 133
101 133
52 58
74 166
28 130
30 40
70 121
46 95
150 160
132 158
136 163
18 33
12 43
15 95
29 101
26 96
23 116
3 51
18 42
6 29
25 112
43 90
87 164
87 106
23 25
169 170
49 128
2 172
21 98
8 136
87 97
67 128
9 39
131 161
26 106
95 177
35 50
35 153
76 112
2 26
36 123
16 58
42 121
6 36
88 173
91 157
158 161
135 138
4 157
14 44
36 168
149 159
24 31
24 134
8 161
97 118
25 68
42 141
44 147
144 161
113 136
52 163
0 85
10 69
64 163
11 138
29 140
22 102
49 160
46 135
11 83
169 175
18 107
155 174
25 143
34 88
85 109
2 118
40 107
40 45
125 144
73 76
12 139
92 150
22 140
12 89
83 154
141 161
13 154
0 9
37 62
23 50
1 40
2 120
10 40
13 151
108 124
50 71
8 174
46 165
38 57
121 176
93 134
15 137
121 159
60 100
39 166
78 107
52 161
45 51
33 93
23 125
12 138
110 165
57 157
53 169
31 55
100 131
13 159
25 123
19 115
20 111
49 108
98 127
64 164
20 147
55 156
131 141
94 168
8 13
23 63
0 64
67 86
10 31
120 175
92 165
55 148
33 113
80 103
21 93
28 107
115 160
111 166
48 167
41 55
8 98
20 63
36 64
36 108
47 158
57 144
76 174
5 57
46 99
61 164
74 157
14 164
128 136
112 134
90 179
9 161
92 93
50 126
72 167
52 162
135 164
155 175
109 117
11 26
103 105
25 95
156 167
49 112
51 70
17 60
27 117
93 118
14 79
64 138
1 85
18 169
9 132
10 166
1 117
1 102
33 72
106 163
29 113
70 98
36 132
59 144
92 173
63 93
40 146
77 148
122 151
7 134
22 72
45 72
55 162
90 132
20 33
5 48
141 159
105 112
120 136
8 133
123 155
0 110
42 123
40 93
84 120
8 72
71 109
18 83
21 25
27 111
66 145
3 168
127 133
38 39
64 108
88 159
43 140
8 48
167 171
28 34
15 78
75 149
57 161
16 179
107 166
40 147
102 157
23 127
132 164
94 139
154 178
64 103
0 63
7 159
39 83
14 150
81 101
45 89
31 159
39 72
91 92
50 110
15 139
44 113
28 73
36 153
105 142
13 112
60 170
22 37
4 152
17 157
88 178
14 29
23 141
56 154
89 131
40 163
41 138
14 179
88 149
35 73
44 76
38 117
11 135
22 60
14 32
3 134
48 108
110 172
35 107
37 122
69 116
107 157
44 86
161 179
136 156
50 167
161 178
38 167
15 169
10 114
120 142
38 43
24 118
119 125
66 116
5 158
9 35
105 161
101 164
5 106
51 139
23 56
76 140
31 45
22 139
31 108
19 35
48 93
80 115
101 158
44 94
41 112
133 154
84 106
74 105
67 154
74 80
23 129
131 152
71 142
25 43
63 71
43 117
131 145
58 169
127 136
35 179
19 142
160 175
65 67
8 103
62 73
54 81
46 170
7 161
7 15
2 137
63 72
18 128
64 73
42 50
113 116
21 109
69 90
97 155
101 118
111 144
121 123
106 132
149 153
17 174
96 176
6 65
130 141
150 167
92 152
10 117
98 148
33 57
45 178
5 114
17 79
16 105
3 14
5 51
2 85
119 139
95 141
42 160
43 52
61 155
56 171
50 165
51 162
29 99
101 155
148 171
32 117
11 61
56 115
35 119
41 46
2 64
9 178
38 103
46 47
79 85
46 164
131 133
2 101
134 156
5 115
99 126
118 124
60 177
42 172
82 164
45 157
64 133
41 99
32 59
7 20
97 125
124 168
9 152
58 60
78 178
154 156
49 175
47 56
105 146
61 136
57 143
0 122
92 175
9 66
84 173
55 119
165 176
92 143
90 157
22 178
86 147
51 59
143 160
49 70
69 87
116 141
13 32
24 93
41 118
3 115
49 131
1 101
15 66
84 169
31 175
7 160
92 130
132 146
18 136
161 174
15 65
52 120
63 89
9 24
124 154
47 66
69 105
124 157
109 128
3 142
54 79
56 158
12 52
43 168
70 178
51 91
110 134
150 175
42 108
10 104
42 44
101 120
113 148
34 86
34 151
37 69
59 124
66 177
15 149
34 121
83 113
11 47
6 61
96 102
51 98
93 132
63 177
78 163
35 45
155 158
109 176
81 153
12 37
81 109
89 124
50 82
75 162
80 165
21 156
28 131
56 174
124 139
39 119
75 157
92 161
131 166
18 122
35 40
139 152
110 116
35 135
112 118
49 135
54 110
157 175
80 82
129 159
93 120
67 173
144 152
39 148
52 118
132 178
47 110
1 143
28 163
69 154
46 115
59 112
90 145
73 122
77 127
117 139
29 83
58 70
24 91
37 129
20 173
29 114
58 68
85 102
4 32
19 145
0 170
103 126
63 102
109 142
100 178
80 92
108 130
128 160
91 179
163 167
48 58
112 143
53 174
83 134
4 13
50 152
37 108
35 53
59 79
46 144
26 40
39 65
96 171
60 148
151 159
118 173
18 95
49 151
53 104
18 67
163 174
20 115
43 138
70 97
6 19
52 55
82 104
93 136
114 139
27 37
12 81
55 165
42 104
118 160
113 125
123 140
155 164
50 54
27 31
59 84
54 119
57 102
6 130
28 103
16 96
30 75
98 133
51 79
65 100
21 107
23 123
97 108
39 121
77 157
30 65
124 129
37 151
27 174
29 171
96 179
40 91
151 152
174 176
40 176
6 38
38 133
46 89
69 75
100 170
10 145
111 155
11 42
47 169
87 172
48 63
50 122
51 87
99 168
113 171
68 159
51 126
11 121
97 121
9 21
151 176
27 88
72 175
3 123
63 88
55 76
110 173
11 19
49 171
71 150
9 150
97 127
25 41
48 80
25 107
73 118
4 149
150 165
72 108
102 127
122 127
61 145
30 64
80 121
38 146
122 129
119 177
123 167
128 141
3 171
25 50
60 96
47 63
98 140
80 170
68 86
41 116
79 136
13 20
64 75
11 15
76 176
125 132
8 128
27 86
15 162
47 159
24 137
4 62
30 127
73 146
139 174
39 158
61 127
63 78
153 177
30 90
63 125
95 108
38 99
8 156
64 125
95 105
23 121
97 119
130 164
128 163
32 70
25 106
87 93
98 115
79 88
64 148
45 153
34 133
59 169
38 165
96 122
122 176
162 173
83 125
66 103
21 102
84 167
129 160
89 178
35 161
37 92
26 129
98 178
61 172
9 171
80 120
26 80
51 65
21 80
74 178
11 136
41 164
42 164
121 122
7 112
93 121
35 156
94 144
69 118
68 166
140 172
35 138
97 152
47 157
93 172
31 133
111 175
84 117
10 25
137 147
81 172
55 138
21 145
18 54
7 50
38 129
24 65
13 48
74 136
70 164
1 84
131 136
148 170
101 106
15 45
54 126
45 97
95 122
25 146
94 163
54 88
98 103
60 162
103 145
114 142
133 161
54 159
10 139
97 167
22 137
53 125
17 26
67 97
68 72
131 172
72 83
75 97
27 81
88 92
0 106
16 34
26 178
54 68
18 55
105 130
72 122
81 87
89 128
14 43
90 175
54 151
93 131
56 156
78 140
20 57
85 157
135 155
96 106
47 86
28 152
108 156
116 140
88 165
112 140
37 178
63 172
0 112
51 171
48 150
111 178
67 82
117 145
105 111
128 137
47 141
106 161
138 179
32 82
2 48
3 113
41 92
57 100
98 105
7 18
80 131
40 63
77 139
83 129
138 175
62 116
16 76
75 172
76 153
20 79
72 171
3 157
14 66
35 174
29 127
78 155
25 149
51 131
12 45
3 6
7 120
148 152
102 140
74 75
3 63
71 168
13 109
43 80
58 98
6 110
3 28
75 82
111 140
124 175
138 145
35 106
114 134
65 157
18 63
24 165
72 130
98 99
28 136
74 92
53 86
20 42
7 81
62 167
28 65
59 108
135 157
24 129
34 62
115 170
115 168
98 175
104 146
56 178
37 179
89 110
115 131
122 162
35 176
38 40
18 78
143 165
44 140
157 163
105 157
84 179
16 17
2 168
52 73
46 67
20 54
123 128
22 65
52 56
41 62
1 33
10 48
49 170
58 114
70 87
18 133
7 115
43 68
109 113
34 70
109 138
101 163
84 146
36 114
98 111
28 79
18 124
44 156
39 124
93 108
165 173
2 165
48 142
43 111
27 90
54 167
39 102
20 96
78 115
90 133
12 27
76 108
17 100
31 144
55 160
49 52
132 142
136 159
8 116
31 148
27 66
56 112
112 155
117 178
119 135
121 153
4 48
67 79
13 28
5 140
41 128
22 174
14 100
16 121
132 138
67 115
0 34
130 177
75 107
92 124
67 174
37 41
153 158
0 167
67 137
135 139
62 67
74 134
146 152
36 161
13 167
90 163
18 64
40 133
5 73
133 152
42 153
25 69
13 113
105 106
92 177
44 111
81 91
31 136
110 133
84 118
83 128
84 122
176 178
120 127
138 156
18 174
71 115
39 137
11 81
47 98
65 92
9 123
32 155
9 133
54 86
11 70
2 138
137 179
68 83
81 92
45 145
25 78
40 125
6 56
61 64
109 165
58 110
106 149
159 168
8 119
64 95
25 127
12 127
8 90
29 129
67 138
79 95
134 171
120 165
52 95
17 37
109 164
110 161
66 153
152 168
53 160
4 69
13 137
76 127
101 179
82 132
136 177
76 152
151 169
11 118
74 160
55 71
107 148
90 136
14 93
20 135
139 167
0 7
52 105
4 93
20 128
44 146
41 178
66 128
8 132
5 171
13 83
36 81
104 168
6 59
2 145
16 142
49 157
2 76
4 172
128 171
27 48
16 165
86 139
20 137
149 160
153 166
41 75
33 135
11 105
94 175
68 136
56 122
7 168
14 156
0 137
106 170
28 54
56 98
18 79
91 108
47 58
87 102
62 162
7 53
9 141
46 73
20 46
14 161
13 169
93 157
81 135
60 75
149 151
77 132
4 124
36 67
42 83
120 160
124 144
6 55
10 138
0 80
42 81
40 47
60 155
20 140
50 107
108 163
120 144
12 66
60 72
0 87
22 23
106 176
39 43
5 56
67 80
164 175
25 86
89 98
77 150
82 159
7 116
3 156
27 110
9 44
130 131
82 178
47 156
34 169
63 153
21 154
105 148
127 166
15 102
47 153
79 141
47 114
84 148
89 169
32 165
12 178
80 178
51 104
30 176
38 44
144 178
102 156
63 74
13 73
46 112
16 127
104 148
34 163
48 149
65 156
73 131
15 16
128 151
52 75
121 145
39 154
45 46
93 114
89 160
76 164
104 166
122 140
41 96
2 98
19 51
58 97
90 172
46 177
40 162
48 52
67 171
17 119
39 45
141 165
79 108
36 166
48 64
9 137
36 66
85 97
31 95
0 104
100 171
10 96
130 150
22 74
95 176
35 170
90 135
42 177
44 53
116 151
42 114
113 168
41 73
39 168
110 153
9 151
42 70
0 43
43 82
66 152
25 137
148 161
156 168
41 161
12 75
59 72
98 151
17 61
10 107
121 152
57 139
46 86
172 174
21 44
79 138
17 104
33 66
37 89
120 170
46 52
70 166
24 104
12 125
56 89
99 106
8 172
78 89
15 25
77 80
58 171
9 156
132 161
60 78
53 79
20 99
68 109
48 72
6 43
63 97
64 142
94 118
73 113
47 101
15 179
88 161
77 137
29 56
38 50
3 126
41 139
84 134
95 148
86 116
120 140
132 149
12 106
59 68
13 50
115 152
36 122
36 88
150 157
16 20
8 37
122 157
30 42
30 113
122 150
10 158
33 170
23 53
41 156
85 161
33 82
94 115
45 135
77 111
34 158
84 108
69 111
35 150
56 74
131 168
152 163
95 175
12 90
34 65
130 163
89 91
43 134
67 148
114 144
140 156
151 156
96 124
30 53
106 147
105 160
32 149
83 174
58 81
2 156
75 132
100 157
51 161
8 28
25 72
133 172
86 89
83 144
47 113
62 110
7 108
37 50
10 86
99 133
42 49
145 157
28 111
34 147
1 25
100 123
65 127
65 99
121 131
8 84
143 172
17 127
86 143
31 120
61 170
60 124
103 121
115 169
133 141
38 63
20 59
84 137
46 118
36 56
51 169
110 166
102 139
17 166
57 81
35 67
22 167
28 57
68 173
99 159
53 143
68 128
41 157
47 144
86 160
26 64
15 84
72 127
147 178
3 138
7 92
164 178
70 134
115 157
134 170
19 30
119 161
95 142
37 130
57 146
20 127
59 178
28 179
6 50
48 157
6 58
49 117
96 168
24 83
113 119
61 83
3 53
2 69
23 54
21 136
62 154
17 48
28 42
114 122
48 76
38 53
99 152
37 119
111 112
5 16
17 86
131 156
45 168
89 145
67 122
80 162
122 148
4 135
44 117
115 144
1 80
25 174
48 154
54 96
150 162
0 18
38 51
123 130
17 33
61 84
3 104
77 176
75 81
25 42
11 111
39 145
94 165
35 167
54 132
70 154
23 45
38 55
18 22
74 147
130 160
14 76
1 55
0 6
48 141
30 32
71 164
159 179
3 92
3 52
16 159
17 50
126 140
54 66
63 68
150 179
71 169
59 63
69 73
35 124
25 142
113 150
27 123
157 178
6 74
79 140
49 75
93 175
39 71
69 121
9 159
5 91
8 93
53 100
142 173
20 48
7 82
56 170
3 60
16 136
27 53
36 167
99 121
84 115
44 61
27 177
15 122
17 176
72 165
51 89
109 153
28 50
57 86
8 120
131 144
79 97
72 96
175 176
15 79
35 139
43 65
3 116
94 102
13 172
34 113
134 154
48 166
34 69
43 77
96 134
170 171
39 81
65 95
83 122
92 176
76 92
40 152
25 114
20 177
49 56
57 131
44 99
39 97
128 129
124 171
22 124
55 59
31 107
42 127
91 165
113 123
8 135
75 164
31 142
5 149
148 166
50 170
23 39
57 96
0 30
61 153
76 167
23 173
10 131
63 147
42 89
145 166
135 145
94 154
19 146
33 44
61 88
8 50
50 116
4 63
64 101
5 85
36 46
97 133
7 146
89 119
95 126
113 162
67 118
109 163
163 168
38 152
79 105
37 109
6 171
39 54
124 125
49 172
6 42
48 143
27 94
77 140
28 96
62 123
36 147
143 179
167 175
27 164
46 82
18 73
146 161
8 86
2 116
13 39
171 177
67 177
11 56
118 125
11 161
92 149
48 59
37 132
10 70
17 171
4 58
87 113
16 174
102 123
6 112
2 114
94 109
14 74
27 132
17 115
44 90
105 158
23 42
130 140
76 130
10 177
26 152
63 176
60 98
24 179
106 153
73 155
25 115
74 102
15 26
57 137
56 149
25 111
54 145
69 72
51 100
2 20
35 128
22 111
63 135
63 142
155 177
9 20
25 46
0 174
120 146
75 143
12 131
36 164
20 93
72 145
15 31
79 122
100 163
37 40
7 69
26 173
19 169
12 169
52 154
87 101
27 29
19 159
128 167
63 134
34 132
74 141
39 173
120 145
163 176
68 84
28 160
23 31
112 157
20 179
20 166
61 156
26 121
23 149
22 67
76 93
21 27
120 179
26 58
47 62
94 103
28 33
54 58
2 133
81 138
101 175
125 169
44 92
56 102
81 100
42 77
82 179
160 177
37 70
28 145
22 118
65 175
45 102
15 138
50 89
3 72
43 116
13 135
116 172
9 164
20 68
34 154
117 147
89 95
127 157
69 88
62 178
91 166
61 173
106 112
107 112
16 168
1 125
33 147
27 106
135 159
50 68
56 105
118 141
103 122
98 165
99 139
30 172
101 141
115 138
41 81
18 77
2 121
8 141
8 100
130 149
72 170
57 148
27 59
3 139
6 27
29 41
99 119
79 152
119 165
8 9
97 164
51 84
6 127
125 164
2 167
93 160
59 147
3 74
36 69
142 152
143 158
28 129
113 153
99 170
7 24
93 156
21 128
6 172
37 148
23 169
58 164
95 131
110 128
53 178
41 106
29 40
47 92
24 86
3 68
92 100
33 145
62 81
25 178
16 148
54 107
53 94
148 165
68 155
12 172
22 35
119 152
15 121
10 42
28 143
14 128
154 157
115 136
115 116
10 54
158 179
123 129
38 149
14 121
170 176
116 131
109 147
63 159
11 55
27 58
79 132
40 76
63 70
33 134
73 176
52 93
59 97
5 41
40 52
96 111
16 146
30 36
111 136
62 153
37 71
60 161
44 135
83 145
24 67
66 77
0 129
109 169
26 77
133 134
62 163
11 74
18 164
164 168
83 160
138 164
92 121
125 133
10 136
94 167
64 97
33 91
99 107
116 130
149 165
22 26
60 144
9 149
120 126
11 68
18 94
26 145
63 104
142 174
103 177
22 66
108 177
8 57
13 58
97 171
9 42
70 83
102 174
84 150
14 51
11 18
68 161
26 36
15 64
43 115
146 149
145 162
1 138
52 77
58 94
1 34
10 105
42 54
22 94
37 155
15 133
22 57
47 60
57 155
52 99
19 53
61 142
2 132
94 162
156 173
31 173
55 94
146 170
52 65
2 178
111 142
54 108
36 87
154 155
50 158
0 61
106 113
77 177
105 177
136 162
62 160
63 95
31 82
13 176
114 161
61 76
26 110
47 96
2 106
99 120
19 157
66 95
39 87
14 77
82 173
37 81
127 132
52 143
34 115
155 171
23 94
128 173
47 164
39 79
52 83
29 176
43 163
68 73
33 157
20 119
51 128
130 137
101 165
47 175
47 81
32 90
133 157
117 146
87 148
121 149
102 133
66 127
12 179
62 179
103 146
34 123
5 118
97 114
119 157
37 177
28 93
0 171
0 45
85 126
154 165
87 117
113 159
43 64
115 174
41 132
0 172
82 126
11 52
103 125
15 62
77 158
51 168
26 111
165 169
95 179
8 113
80 85
30 104
75 156
57 134
1 163
103 104
25 173
62 64
26 86
44 153
15 125
85 141
76 101
94 169
94 116
86 134
18 134
125 163
16 133
30 117
63 84
34 68
124 170
44 88
49 64
137 165
42 52
110 111
122 138
134 169
44 45
47 138
42 131
77 155
39 140
3 49
43 86
39 95
65 174
64 91
37 66
43 95
4 88
43 167
60 113
11 64
132 171
117 161
101 103
1 36
71 166
119 138
48 135
21 105
33 131
50 57
22 36
13 170
31 71
19 46
43 173
26 123
124 146
13 160
61 95
154 176
34 119
23 124
66 98
25 104
6 159
168 175
93 129
69 130
51 106
78 121
10 100
88 134
1 177
48 115
27 98
52 128
45 111
73 152
21 178
6 8
40 118
50 87
76 170
96 98
69 159
133 137
64 104
7 12
28 77
45 73
70 155
11 137
15 113
46 160
2 47
65 66
137 173
52 98
17 148
4 162
34 160
158 175
42 51
18 29
59 93
147 166
83 91
78 135
85 158
26 67
60 93
30 97
51 82
140 171
3 9
17 114
4 22
99 147
160 163
19 92
79 112
30 122
46 133
56 114
46 138
23 83
11 25
122 155
33 160
2 89
87 160
51 116
116 134
71 98
143 163
17 137
44 46
113 158
79 143
44 98
16 177
60 145
41 54
46 149
34 55
57 124
23 34
56 97
76 135
128 154
69 117
97 179
59 106
115 172
56 60
5 148
77 152
28 172
91 170
145 167
107 126
27 162
85 140
67 160
117 137
96 127
3 153
37 77
48 106
19 104
122 171
26 75
27 173
71 159
80 102
137 161
125 130
10 165
71 117
26 76
104 129
15 159
33 161
16 147
120 159
