181
3
10425
60
174 2
533 2
18 2
256 4
157 2
441 3
440 3
32 1
10 4
191 2
513 1
545 1
495 4
213 1
300 2
68 1
348 3
221 4
436 5
202 3
535 2
205 1
190 3
361 5
455 2
72 1
288 5
588 1
387 3
235 4
427 4
418 1
199 1
85 2
424 1
301 2
310 5
400 1
245 2
346 4
72 4
338 2
24 4
256 2
47 5
38 2
380 2
110 5
151 4
237 4
396 3
198 5
227 2
39 2
279 4
265 2
323 2
446 5
215 3
483 1
216 4
352 2
261 3
137 1
284 2
414 3
241 4
525 2
272 5
22 3
218 2
156 4
82 1
568 1
83 3
29 4
496 3
370 2
446 1
551 3
286 5
56 3
577 4
222 2
127 1
471 5
326 4
31 1
126 1
352 3
381 4
573 2
547 5
238 3
549 3
483 2
420 2
284 4
445 5
416 4
125 2
292 4
203 1
372 4
155 4
438 3
523 5
155 5
436 1
484 2
555 5
245 3
142 3
50 4
441 3
300 3
314 5
508 1
396 4
99 4
457 2
42 1
172 2
564 3
277 4
503 3
332 2
131 3
22 2
362 4
247 4
63 1
394 5
65 5
454 3
241 3
329 5
88 2
229 3
66 5
53 4
136 1
95 4
221 5
118 5
176 4
351 4
434 2
347 4
565 2
419 3
55 4
427 3
288 1
10 1
190 2
30 1
415 2
78 3
593 3
97 1
54 2
593 2
332 2
499 1
557 5
98 1
587 4
11 3
545 2
76 3
198 2
422 3
294 4
135 2
71 5
422 4
113 1
478 2
551 2
566 5
5 75
3 4
153 173
152 179
21 104
32 107
69 147
29 45
14 155
32 44
14 22
99 109
3 53
10 47
24 170
114 131
72 126
35 65
50 78
16 66
3 23
55 70
38 105
62 163
112 151
110 134
85 99
84 161
63 176
102 138
135 161
115 135
36 50
108 169
51 124
72 148
20 52
47 130
50 52
70 127
96 162
96 131
36 54
0 167
1 130
59 172
102 127
56 57
150 173
56 163
73 106
62 90
7 108
47 89
15 160
78 159
27 93
152 172
44 104
14 62
1 68
23 80
84 178
35 122
66 156
76 149
84 101
19 146
68 94
54 132
138 145
15 67
90 154
31 68
64 124
90 116
4 16
110 169
84 100
69 178
152 170
49 80
59 114
101 124
108 153
26 102
78 171
34 153
35 42
134 158
179 180
26 118
73 126
163 165
4 68
73 158
100 138
38 120
88 134
58 64
26 104
146 172
81 129
35 163
75 143
91 179
66 171
32 51
21 151
79 93
0 145
156 180
97 133
56 129
147 170
40 87
29 83
33 74
143 160
30 176
77 165
90 125
70 112
40 137
153 154
74 152
55 112
90 107
86 139
4 147
3 45
130 155
22 120
25 175
1 7
61 96
44 117
59 162
11 144
20 173
89 176
167 169
75 110
18 148
49 109
102 155
47 120
47 83
73 172
94 128
12 33
111 129
23 121
93 162
9 139
3 14
12 83
88 165
128 168
70 158
89 164
93 130
28 136
52 89
116 161
0 149
64 156
22 38
54 103
120 164
19 80
58 82
133 147
8 169
81 149
40 75
2 3
82 165
128 149
76 113
74 93
16 135
15 99
42 103
48 124
14 154
6 104
106 156
32 164
2 61
2 66
110 149
6 62
32 116
92 110
66 88
31 142
2 18
10 141
65 124
40 96
0 179
13 63
117 168
60 108
28 178
45 51
161 180
30 102
80 92
24 51
33 68
7 177
11 30
90 105
5 156
76 115
13 140
66 80
71 159
71 180
122 132
46 141
26 65
43 65
65 82
26 172
127 171
31 98
5 55
112 133
82 128
87 180
5 109
3 70
44 57
84 137
125 169
55 172
22 146
30 35
15 137
107 153
49 120
29 32
64 178
17 53
42 73
105 169
53 124
85 114
39 110
14 45
141 176
22 70
82 100
4 23
99 104
43 170
43 171
40 149
90 170
137 170
7 28
46 177
8 80
50 130
18 68
8 180
83 124
4 152
48 64
45 136
19 36
81 104
47 98
24 67
54 63
57 106
30 48
20 86
77 175
71 147
92 127
73 143
1 19
75 130
111 151
2 151
90 158
115 122
104 154
45 146
52 108
69 111
77 86
27 159
51 86
85 126
79 130
55 84
0 171
52 54
84 133
35 178
5 144
137 174
46 55
65 123
1 103
76 136
61 90
66 158
63 105
50 68
78 129
24 123
41 136
43 131
58 86
51 179
64 111
39 96
51 116
142 146
8 81
9 159
62 159
96 130
1 122
28 169
27 112
29 69
26 61
9 70
14 84
69 128
137 166
4 54
4 107
38 82
116 154
70 157
60 94
43 100
101 138
55 149
34 165
88 123
14 38
24 42
21 116
49 128
45 175
28 135
158 168
57 142
43 80
2 158
93 127
90 112
3 112
117 118
36 148
3 158
121 164
115 177
163 171
84 163
63 116
170 179
13 31
67 149
114 135
28 157
28 162
48 142
8 86
158 170
153 180
22 141
69 133
42 170
15 134
8 88
122 166
146 174
7 149
46 117
34 110
49 135
41 130
51 60
9 136
91 175
36 118
148 170
60 163
23 164
75 92
93 103
129 166
139 180
108 141
130 154
67 161
22 92
96 110
96 144
97 126
106 154
1 16
114 145
32 39
73 94
19 62
89 143
32 69
19 31
2 83
6 15
53 71
112 123
1 63
38 122
114 155
22 53
56 165
91 170
28 48
129 138
100 169
131 170
44 63
30 108
34 126
105 114
79 83
33 75
57 112
89 107
32 74
72 92
3 96
43 115
20 69
54 137
35 53
43 82
40 77
0 41
103 113
86 140
154 179
32 87
12 13
5 170
66 149
24 150
28 44
86 114
71 178
111 176
64 153
58 62
138 179
48 169
73 110
78 106
24 49
55 102
93 143
40 46
161 176
0 44
77 133
57 170
91 167
1 118
39 143
82 104
5 113
1 167
14 150
25 117
125 165
94 133
70 142
100 112
17 51
45 176
166 179
40 155
62 155
59 92
82 155
29 178
2 28
21 77
0 158
61 178
90 140
42 131
13 45
160 174
54 111
83 125
95 119
0 71
28 114
56 154
67 99
82 90
54 149
106 124
26 131
20 138
23 176
8 13
1 54
112 165
100 128
83 102
45 128
62 139
139 160
18 175
19 58
148 168
131 136
8 47
20 180
15 33
96 137
5 153
37 137
53 169
51 106
68 141
117 136
13 32
78 87
80 159
19 21
11 145
77 171
88 106
34 142
23 154
73 86
62 66
144 161
33 89
41 174
35 136
92 177
16 106
1 154
98 111
112 117
39 113
24 65
105 160
18 35
39 122
107 142
52 170
116 158
156 164
123 132
32 112
53 105
25 151
72 108
0 116
7 12
171 174
32 149
35 45
66 102
85 98
17 42
92 168
102 123
10 58
27 50
73 117
67 134
1 82
123 162
47 170
10 13
31 136
29 57
105 175
37 121
160 168
101 104
49 105
96 134
28 107
96 135
3 107
31 103
40 150
9 69
78 138
60 71
44 122
106 122
13 169
19 158
126 170
116 160
29 162
12 97
87 129
89 162
141 149
9 47
158 171
62 127
44 86
100 102
50 65
106 169
1 145
21 175
36 48
75 106
23 111
34 75
104 152
125 175
0 148
103 121
138 162
23 49
92 97
39 62
165 179
72 80
104 113
40 114
33 144
34 47
2 169
13 40
62 75
68 123
27 135
80 146
78 116
34 125
72 171
0 161
28 126
135 158
0 103
9 92
97 176
97 174
12 174
36 155
18 156
111 163
161 177
90 130
83 161
150 153
56 145
97 178
98 107
129 156
6 131
39 116
117 124
29 131
17 45
66 139
125 150
49 112
33 76
80 86
60 79
172 176
75 174
43 89
90 149
51 96
166 180
32 151
45 85
123 163
35 107
1 56
96 103
39 162
41 76
84 144
9 143
146 158
119 149
40 116
36 46
56 79
35 55
135 154
38 55
148 165
73 177
124 154
51 67
98 178
26 109
76 104
3 52
13 170
41 62
101 110
24 87
35 130
45 73
100 101
6 53
78 161
89 121
72 119
1 29
135 137
62 130
44 83
76 170
30 155
123 165
44 56
2 171
40 167
3 57
17 128
101 160
79 138
144 163
94 148
42 121
75 132
36 74
38 149
20 27
68 107
89 116
65 80
9 12
124 176
171 172
113 119
83 170
6 37
60 78
30 96
77 154
25 138
2 115
55 89
25 147
27 103
71 106
122 158
55 79
98 124
16 155
48 128
34 80
27 39
59 112
89 95
66 152
78 82
84 162
7 144
77 93
25 52
71 115
56 172
109 134
97 180
100 115
30 99
120 156
67 118
105 151
107 157
52 173
86 90
67 147
5 149
38 169
81 173
24 56
21 89
16 154
97 168
61 83
130 171
116 172
92 158
95 136
73 83
79 156
81 161
6 87
104 150
124 180
35 121
52 55
133 148
86 100
53 64
148 151
131 156
29 78
23 83
37 125
92 121
107 122
104 132
31 44
141 173
42 75
44 158
5 50
35 51
10 170
20 81
60 174
96 124
28 160
33 47
53 113
83 89
47 114
75 164
23 144
40 104
14 66
66 81
53 165
17 101
26 125
60 176
38 85
98 119
2 26
76 168
142 160
58 75
56 124
46 102
15 63
84 94
22 96
109 175
5 56
0 15
17 144
60 131
43 60
149 156
7 107
13 35
85 169
21 130
3 180
70 86
38 177
50 79
32 36
18 114
17 26
45 80
30 57
69 135
16 94
118 149
45 148
63 78
2 173
69 129
177 180
86 155
2 56
15 178
84 138
43 139
105 147
5 91
26 101
2 80
89 146
132 138
53 98
0 117
14 96
54 143
85 132
3 150
83 156
60 132
159 172
17 160
31 165
47 105
54 173
121 180
3 24
61 148
26 31
63 119
172 175
18 135
13 20
7 178
47 127
146 171
35 95
4 116
56 67
63 159
76 172
112 127
5 119
47 64
129 130
18 157
85 120
74 102
56 74
116 144
116 121
1 127
4 37
1 51
10 118
1 111
23 30
14 148
35 54
50 163
16 40
55 100
101 127
61 114
38 75
24 91
20 37
76 160
96 160
118 132
115 158
22 134
38 67
22 90
30 68
30 180
73 97
30 162
110 142
75 93
11 116
56 171
28 54
32 75
33 66
41 157
93 149
93 153
130 135
59 126
63 115
151 176
24 168
118 178
14 56
50 107
29 130
82 109
48 127
117 130
37 172
45 59
45 127
27 66
44 147
73 114
116 152
12 152
148 176
75 135
122 149
99 173
55 98
18 86
41 152
79 162
54 73
38 158
49 165
11 40
62 110
58 172
20 36
80 121
43 165
49 92
15 129
15 42
70 173
47 76
87 161
61 87
18 170
80 178
60 126
68 179
130 177
58 83
48 130
19 106
98 145
33 165
8 78
57 83
63 110
7 102
95 129
10 138
3 117
10 94
49 175
83 100
46 97
76 150
33 116
78 112
131 142
131 172
105 163
22 160
58 143
37 160
43 164
57 144
3 87
43 159
59 108
52 124
34 169
3 175
11 136
69 149
18 92
51 170
4 164
28 93
37 146
79 80
66 131
5 127
15 29
11 35
7 136
27 116
3 114
30 158
152 166
12 158
30 131
25 122
123 142
157 169
133 157
19 167
26 154
106 180
18 128
126 136
10 34
31 64
26 135
62 134
107 149
26 110
44 153
48 91
13 41
48 176
128 177
25 154
48 143
96 147
117 135
63 136
44 119
86 148
78 115
69 130
3 44
83 109
36 126
97 115
8 117
57 118
135 146
138 141
46 95
57 65
28 72
17 102
3 125
44 53
28 86
109 171
78 147
126 174
12 86
10 176
138 147
4 19
9 158
44 105
97 114
4 133
12 125
5 104
141 160
103 139
99 105
114 138
10 72
49 69
12 145
97 122
39 93
25 40
5 160
55 160
6 111
65 159
66 136
4 165
40 118
123 139
67 163
10 53
113 156
7 84
2 49
66 176
33 143
60 144
68 95
87 103
49 142
107 150
63 124
58 100
8 60
103 166
156 173
52 172
24 45
2 148
138 175
166 173
61 139
89 120
10 36
34 40
81 132
17 159
75 115
101 117
7 72
6 96
111 115
102 153
82 152
99 128
91 111
19 104
54 147
77 83
161 174
83 110
65 154
134 179
13 171
60 89
43 69
28 69
20 141
104 105
19 90
106 147
13 94
36 174
43 76
80 101
72 89
142 144
1 90
90 147
14 163
75 141
15 85
99 134
67 164
13 131
42 70
118 157
1 106
26 164
9 133
20 172
35 169
9 109
27 62
77 143
84 103
52 162
42 93
43 147
37 117
68 75
24 53
58 81
82 171
110 156
98 135
8 164
9 115
31 127
86 167
7 64
48 173
168 180
0 146
105 155
98 148
166 175
32 135
148 152
127 129
10 90
90 115
33 152
55 150
113 125
0 137
86 163
37 43
58 153
103 133
32 101
11 29
126 134
28 65
86 130
52 81
56 139
62 144
43 118
123 180
75 101
37 54
37 178
24 62
57 117
127 157
47 172
37 99
54 122
63 66
22 48
10 80
90 94
13 145
10 122
153 166
98 168
62 106
12 124
64 131
100 108
3 51
46 123
59 139
4 139
52 144
100 179
75 123
100 165
66 82
76 79
19 40
83 98
56 180
94 172
10 172
95 107
51 91
37 76
62 118
119 177
28 121
146 178
69 80
85 152
91 101
17 125
99 147
16 137
22 97
154 169
15 107
136 152
61 121
16 171
139 164
81 143
73 100
23 69
2 164
27 32
45 48
84 160
92 118
16 127
59 137
3 111
52 142
75 146
37 128
161 173
74 77
133 167
102 176
38 42
22 94
7 48
78 84
33 96
43 113
154 158
45 130
71 143
51 98
72 76
26 153
44 97
121 179
51 73
16 121
40 72
23 52
55 109
71 113
8 165
159 164
161 165
68 101
67 78
74 165
56 178
98 171
27 70
22 88
129 143
20 48
148 162
85 170
13 141
41 180
35 78
34 61
32 147
55 175
54 176
131 132
109 162
25 169
165 172
45 93
15 141
73 153
85 175
31 81
79 179
146 161
20 179
14 127
44 159
92 161
41 53
114 132
54 172
78 142
125 156
72 118
65 100
65 141
142 177
30 139
16 136
33 163
108 119
103 108
21 102
6 67
86 177
68 175
3 40
92 170
63 108
41 171
35 156
111 146
25 116
65 148
22 170
4 111
75 128
81 85
12 106
102 109
54 57
63 73
13 103
132 156
97 127
68 133
99 133
100 148
10 62
81 141
29 41
15 16
13 22
18 126
86 102
41 56
71 80
32 91
59 71
20 61
0 178
76 118
40 117
56 110
124 170
148 160
63 157
16 110
9 93
70 175
74 122
29 104
47 157
29 53
3 136
41 79
118 125
122 171
15 135
1 77
23 141
18 52
81 176
71 125
24 100
2 74
13 59
42 172
33 127
68 152
90 169
44 125
88 135
135 174
81 152
45 81
74 154
120 178
5 33
42 161
75 79
157 170
70 115
130 134
7 87
57 140
54 160
31 53
145 176
134 135
47 150
142 154
43 133
64 96
93 176
125 159
20 29
36 178
90 121
115 129
39 118
71 138
26 63
42 123
51 145
36 80
28 138
0 58
24 81
89 128
50 74
119 159
122 125
89 101
84 127
133 143
38 134
5 69
50 101
81 123
143 150
99 166
108 113
108 145
129 180
23 103
6 167
11 152
74 169
56 164
102 116
50 90
23 149
72 155
7 56
27 96
29 75
81 103
67 129
42 88
47 101
14 162
26 140
81 163
28 53
47 153
32 72
28 89
36 121
100 162
77 84
68 150
117 163
136 147
54 126
19 41
85 138
114 162
3 110
52 149
40 99
35 108
65 99
13 91
27 142
1 39
73 169
70 146
23 86
0 94
172 179
92 122
5 158
142 171
77 103
71 168
78 96
140 172
138 146
15 22
55 69
102 154
6 149
44 157
40 145
96 133
136 143
36 153
12 149
29 35
143 170
43 56
13 58
24 60
132 133
95 143
47 50
107 114
22 168
55 161
91 99
38 144
65 131
107 145
104 142
56 64
17 149
96 146
14 164
80 177
85 160
2 5
51 56
100 145
86 144
64 144
49 56
109 111
152 161
170 171
95 177
81 88
114 179
13 30
11 146
39 121
123 156
37 97
23 125
31 70
74 138
89 139
42 134
65 74
20 92
25 168
78 178
101 136
17 112
37 129
69 134
81 136
64 165
69 167
16 152
3 60
39 153
73 156
5 76
40 163
69 177
58 78
17 96
54 171
19 130
31 118
23 57
131 179
88 124
71 135
58 160
107 143
139 140
56 167
103 167
1 47
7 8
25 113
23 92
85 145
46 104
31 66
159 177
93 141
43 67
3 119
119 180
13 70
101 175
13 18
21 160
43 102
109 165
3 164
68 176
90 150
45 68
5 107
74 84
153 179
22 166
132 168
3 121
2 85
50 73
47 146
56 132
125 127
116 126
111 153
1 179
25 127
10 160
126 130
21 64
82 87
19 87
14 142
113 140
86 105
71 152
10 98
17 163
53 58
34 74
116 143
73 146
1 64
122 124
133 160
84 134
147 152
90 126
24 26
59 155
69 171
64 159
13 53
151 170
36 113
131 152
59 128
67 80
148 178
75 142
26 152
79 171
42 46
125 126
140 141
124 129
56 109
12 21
97 160
35 43
80 93
165 169
113 139
45 150
110 145
45 62
19 66
123 172
49 53
162 173
14 113
54 83
11 84
12 78
100 155
62 115
20 51
103 164
16 105
53 82
24 164
65 116
21 167
171 175
21 135
75 112
76 107
52 79
107 140
78 133
92 143
157 172
57 76
85 87
31 105
99 140
69 96
4 97
114 176
40 58
47 179
79 118
94 119
96 115
12 84
94 162
89 161
47 84
7 43
29 99
81 137
34 119
43 173
75 179
8 38
100 163
75 99
12 90
81 157
65 102
45 138
116 151
31 141
117 123
41 172
50 59
13 83
151 160
16 47
21 152
108 179
52 92
74 132
116 166
12 99
78 150
62 123
32 41
17 67
40 132
127 152
74 166
48 103
40 60
58 139
45 120
141 172
100 131
92 136
61 176
24 144
87 113
3 58
122 129
63 154
91 97
119 139
12 154
10 156
19 56
47 100
87 144
95 153
3 153
5 145
111 131
26 106
12 118
142 153
73 105
11 80
22 56
38 58
87 151
64 102
69 165
46 139
10 108
113 149
77 108
61 141
54 70
78 146
98 172
25 145
103 150
17 37
107 126
19 85
63 178
119 164
95 169
81 112
11 17
143 165
16 95
2 112
102 175
119 142
50 56
18 65
19 137
5 88
51 157
105 128
101 169
104 120
78 83
10 38
31 126
108 172
140 159
116 122
7 57
24 86
48 155
113 120
16 52
103 125
25 134
70 77
20 76
104 134
6 43
72 79
54 150
0 33
44 135
156 172
60 170
69 159
49 51
1 46
32 99
18 139
16 139
10 112
28 125
63 83
31 148
33 101
17 39
30 166
160 165
51 119
97 101
14 105
23 171
11 55
131 135
53 114
4 36
56 85
55 126
134 145
69 141
102 152
11 114
81 144
111 127
67 92
67 136
7 93
84 99
77 141
93 116
21 134
88 169
90 172
69 103
128 170
34 68
29 102
30 137
53 108
59 130
52 134
107 179
43 126
68 178
22 149
74 130
78 166
105 124
96 155
45 78
116 170
82 147
103 146
89 117
0 135
45 87
1 48
16 80
165 173
71 81
43 112
35 58
140 146
132 163
42 105
78 170
87 149
14 30
20 26
94 163
125 173
31 92
134 155
35 165
62 97
44 72
51 125
16 39
44 132
79 82
131 139
52 101
29 164
33 86
81 101
12 139
34 64
6 11
95 170
11 176
40 71
128 150
146 169
24 69
37 101
62 161
3 140
72 136
61 76
139 177
28 82
47 113
7 179
85 137
71 110
1 88
95 160
19 105
138 173
115 144
5 94
18 169
27 48
96 123
149 179
21 172
37 153
77 169
19 141
16 104
39 139
114 137
113 174
38 76
7 140
23 70
83 155
53 128
90 92
27 170
33 118
54 136
40 68
115 163
132 135
59 121
9 51
19 65
163 170
12 165
143 163
40 74
11 172
56 137
53 161
8 17
6 55
67 120
47 159
49 138
82 164
31 88
36 37
22 109
17 180
87 90
87 154
133 145
102 164
0 6
77 155
30 40
38 80
45 156
121 153
116 150
70 152
129 147
59 127
78 168
126 157
62 65
70 159
16 83
86 87
72 82
23 68
93 179
127 153
25 88
6 30
48 61
136 178
57 120
85 125
71 127
3 94
125 136
20 166
100 180
16 26
70 171
73 176
3 141
9 173
74 140
28 35
73 109
147 148
27 140
35 48
74 159
100 139
60 179
72 124
13 164
4 26
47 90
4 123
59 176
54 106
77 98
160 179
69 102
15 177
132 154
28 123
45 95
97 131
25 48
17 157
52 113
140 166
63 74
2 10
10 95
146 170
173 175
39 175
27 86
61 151
138 143
88 105
74 101
46 170
75 88
49 179
20 125
147 179
1 14
146 177
82 145
98 151
109 156
110 158
93 172
30 127
8 54
70 80
2 8
106 113
13 99
24 140
39 141
125 134
22 139
66 173
6 45
115 123
13 157
24 105
65 157
47 72
130 161
131 169
62 141
33 164
30 164
75 94
38 93
6 23
73 145
2 36
62 154
50 105
18 23
123 161
9 165
6 33
72 151
115 143
7 143
81 117
13 14
14 144
72 178
46 54
3 139
85 86
67 119
44 178
131 148
90 159
74 99
6 76
2 104
116 171
113 130
58 180
59 142
8 25
91 114
14 48
25 73
53 87
74 174
99 156
32 106
41 165
94 178
60 161
56 77
75 108
15 158
49 130
31 91
121 131
167 168
57 179
83 178
13 142
39 158
54 139
4 48
79 115
46 94
84 175
7 169
8 56
48 92
35 157
22 104
24 163
21 136
25 84
38 150
60 138
112 132
127 174
8 35
52 90
19 144
40 166
107 133
65 133
91 150
56 101
1 71
118 153
89 123
71 160
136 172
23 75
20 34
44 155
137 141
106 133
90 134
13 102
90 146
63 165
146 176
110 140
38 57
149 158
21 103
127 169
79 165
142 163
133 136
3 36
93 173
48 107
17 74
70 151
54 112
69 118
110 164
0 95
142 147
72 122
32 76
75 124
139 157
51 161
140 161
100 177
36 70
45 83
97 152
109 120
51 163
136 150
32 84
55 125
12 141
123 137
19 165
84 149
65 70
65 115
139 145
15 148
48 108
0 37
72 154
30 169
28 92
13 60
108 150
110 123
95 150
117 148
3 78
163 168
50 156
10 97
35 146
21 127
125 130
2 109
68 177
11 118
15 71
42 179
17 168
61 106
54 87
74 88
139 144
125 154
4 32
42 119
98 154
67 131
142 165
16 168
143 166
40 119
40 76
135 165
56 62
0 80
25 91
9 43
14 161
114 170
137 172
14 68
10 69
30 46
77 137
55 154
18 74
105 149
31 87
60 152
77 106
107 124
75 156
69 89
37 80
45 55
66 166
51 168
42 175
61 91
1 174
104 174
4 76
132 159
75 144
111 156
14 141
3 138
76 112
144 172
133 159
86 136
125 179
23 55
57 59
98 136
44 47
43 160
126 165
41 138
4 145
29 134
52 139
108 137
155 163
87 116
19 55
3 21
53 78
11 19
20 168
33 162
80 100
77 120
65 112
6 116
47 79
26 116
46 68
118 140
61 161
54 162
53 85
36 161
21 176
49 125
94 174
14 94
134 169
60 175
79 148
124 138
55 82
80 157
4 168
75 157
98 143
73 148
98 138
18 112
126 133
55 177
14 156
2 107
57 71
87 94
109 135
77 122
129 133
51 173
83 139
9 10
135 162
35 171
55 57
94 129
53 150
7 16
27 74
131 168
46 64
30 165
35 104
108 166
19 91
4 64
171 177
153 177
24 132
56 120
123 160
15 139
101 123
26 169
46 157
148 161
109 138
67 160
174 178
13 108
1 3
87 114
69 144
31 180
101 153
2 82
88 143
86 134
150 167
18 91
76 81
31 150
68 88
126 164
28 122
156 169
52 152
71 90
35 36
76 145
23 91
82 172
34 41
47 167
7 33
18 110
18 163
106 141
161 166
47 151
5 95
39 170
28 109
15 32
71 149
157 167
97 138
54 174
27 131
68 74
118 158
69 105
71 170
54 100
31 177
102 177
108 160
70 117
110 160
1 128
105 109
34 130
98 174
30 146
46 115
46 169
30 178
99 115
162 167
17 97
68 92
52 117
16 65
9 149
101 122
31 76
98 133
143 149
27 158
4 149
80 106
149 155
60 139
126 172
13 176
90 95
80 126
71 85
41 110
20 96
139 175
7 22
20 115
46 100
52 119
137 178
83 106
45 49
65 119
62 104
95 101
1 91
140 174
3 11
138 171
66 167
43 96
50 63
8 58
47 80
75 109
18 19
84 87
14 143
17 108
5 41
94 139
162 179
68 161
96 117
108 121
44 68
119 136
33 121
70 170
22 169
40 139
91 155
94 164
102 122
66 146
50 150
14 119
88 119
77 166
48 120
73 144
5 168
32 49
37 130
36 108
1 79
9 90
6 170
50 110
55 116
101 166
57 61
40 84
127 178
84 180
15 88
63 139
42 128
132 140
45 109
118 150
98 161
4 14
16 64
60 116
143 151
15 92
17 117
72 163
117 141
136 167
31 146
41 94
95 151
64 143
149 152
116 163
117 126
95 105
77 136
29 48
88 114
65 77
4 105
59 180
67 75
11 175
26 92
26 100
91 94
13 95
27 45
93 152
83 104
149 159
77 82
2 149
66 75
44 137
138 163
11 21
51 165
106 150
142 158
14 99
41 151
13 121
86 101
75 85
30 65
93 171
86 158
47 118
21 83
28 151
35 174
42 106
53 126
46 70
48 148
57 72
138 142
107 156
58 102
124 155
61 147
14 89
46 176
26 73
23 166
1 38
18 39
21 33
121 162
8 131
62 64
120 175
2 87
29 160
6 139
99 106
101 113
79 143
93 180
116 119
141 142
0 125
102 113
53 79
7 19
59 73
7 17
59 168
37 102
51 64
114 130
35 177
121 133
92 163
56 104
71 76
20 153
70 145
73 99
31 167
18 80
9 146
84 177
23 24
75 100
56 69
101 146
110 139
130 180
49 54
36 95
81 145
53 134
41 129
46 122
33 48
78 125
68 127
56 174
24 104
65 155
95 141
55 106
145 149
8 66
17 94
42 125
64 82
84 141
94 117
31 115
31 86
47 125
72 139
13 149
32 114
34 138
81 126
0 126
22 114
79 167
49 87
125 166
143 148
65 170
9 56
19 67
132 177
45 113
71 87
55 153
62 78
158 167
133 178
77 87
91 138
63 140
1 95
29 97
59 159
44 115
124 162
26 133
132 152
40 110
8 179
23 120
16 77
147 163
39 166
83 157
54 108
119 172
83 105
3 9
91 106
84 92
12 122
29 33
122 134
35 111
111 117
16 114
20 102
101 167
122 141
102 128
81 115
81 96
60 164
79 117
88 175
12 36
73 171
48 179
41 117
25 102
93 111
125 138
88 148
151 179
11 131
9 77
50 99
67 86
30 39
47 58
32 68
24 25
34 45
85 150
4 142
20 56
95 155
101 161
7 71
150 178
12 19
85 177
10 88
8 160
44 164
93 113
45 56
48 90
7 79
117 152
44 120
87 145
109 148
27 76
48 104
51 139
55 122
82 157
81 172
61 88
130 164
102 134
16 100
12 171
47 133
94 146
20 89
49 163
28 51
4 83
50 128
47 56
98 142
78 132
129 174
14 136
119 128
18 118
34 139
41 128
26 43
70 95
64 132
20 49
64 125
37 86
58 149
78 122
27 122
95 140
125 151
144 164
154 159
30 79
81 90
0 122
27 95
94 173
8 22
64 101
23 158
88 164
4 35
77 172
65 107
38 113
27 63
13 93
36 56
4 169
51 164
69 88
4 178
83 135
96 109
151 156
130 153
29 126
137 146
59 149
45 116
105 158
30 61
34 135
27 154
139 158
16 119
48 49
22 81
154 176
58 147
145 152
79 98
100 122
106 128
96 175
64 176
46 76
41 111
4 61
75 170
126 162
19 95
97 105
1 23
45 60
51 156
8 99
52 165
90 173
12 172
13 65
65 106
80 122
143 164
74 143
23 96
18 85
26 95
42 76
69 98
38 170
80 84
82 83
0 105
46 163
39 73
5 99
74 119
130 142
79 160
142 175
60 111
107 117
90 171
43 154
138 166
97 165
24 55
2 146
84 124
91 100
44 76
38 62
9 104
30 125
95 179
30 84
38 70
59 115
72 157
60 66
21 99
8 138
15 86
17 29
89 141
53 80
14 114
4 130
6 165
27 113
1 99
1 27
11 170
70 164
9 170
75 162
158 162
139 163
113 116
0 4
108 158
10 44
16 85
43 114
15 106
33 168
56 156
6 38
45 159
87 162
7 153
49 160
30 94
21 44
132 151
55 108
40 148
74 75
52 105
136 179
37 103
64 121
76 155
25 177
31 77
26 77
37 163
20 70
67 167
103 131
69 155
76 140
8 168
8 63
14 67
24 158
90 144
6 176
106 175
25 26
64 137
21 126
60 109
118 167
92 113
100 149
70 104
63 158
42 45
40 42
27 162
147 156
80 165
91 156
15 77
61 157
64 138
77 127
131 157
56 60
166 170
147 169
17 173
94 180
63 89
13 48
84 106
95 102
25 27
32 94
34 176
92 98
119 148
116 136
7 38
13 127
61 110
104 171
89 160
50 122
54 135
21 173
127 177
69 163
3 90
78 145
116 140
29 122
156 166
84 111
117 120
79 86
103 143
14 101
7 123
19 177
137 159
51 113
108 130
113 150
1 60
36 53
103 144
64 97
61 93
18 162
113 171
38 171
16 174
90 143
89 168
54 123
45 122
22 36
24 119
12 136
47 140
5 116
97 155
156 159
103 171
101 139
98 169
28 134
82 124
37 175
13 136
123 128
23 73
28 120
63 132
28 116
54 121
22 131
28 36
82 146
42 155
16 108
160 166
50 106
22 177
142 179
113 114
144 173
111 140
115 133
95 139
13 78
12 108
99 155
30 74
80 124
114 140
23 174
0 65
97 161
92 174
58 101
71 82
150 160
1 98
1 36
11 20
26 144
60 76
89 110
8 72
77 88
50 96
172 180
14 72
50 95
144 146
6 114
74 158
44 151
87 105
94 168
6 135
8 75
91 116
51 127
50 104
87 146
73 77
70 106
2 55
36 97
4 156
27 128
7 82
162 170
155 165
39 45
118 179
80 112
40 56
141 165
82 103
64 128
40 43
4 129
61 163
93 164
0 100
28 83
45 92
53 59
101 171
30 82
15 68
15 113
56 150
10 134
52 141
64 135
96 126
17 119
50 82
59 98
4 7
78 105
7 150
73 131
159 162
106 157
5 79
16 97
145 148
93 102
126 146
27 146
19 35
82 163
143 144
8 21
40 100
43 46
12 18
136 158
26 91
6 46
18 78
8 92
32 47
52 64
123 135
16 19
149 161
5 167
44 148
24 57
47 165
40 82
3 15
39 157
28 166
45 88
100 111
51 134
74 92
17 86
24 79
69 161
46 49
145 170
129 173
133 162
31 112
29 68
16 90
15 17
15 152
16 101
0 2
36 102
20 118
27 42
43 47
86 170
86 112
19 20
158 177
49 79
20 75
0 139
33 156
86 103
66 174
24 71
128 180
0 89
94 167
15 115
33 167
171 180
36 85
6 110
34 84
42 79
23 36
87 177
90 155
151 178
132 141
12 15
12 110
34 36
144 175
16 133
25 108
32 173
96 104
24 136
42 99
44 103
140 167
111 158
52 111
22 74
25 63
64 99
26 81
1 121
5 31
49 111
46 89
19 30
159 161
19 114
150 154
34 52
14 166
84 119
30 129
40 67
39 145
123 130
72 110
15 36
91 146
13 72
22 178
82 168
138 140
18 73
14 121
36 168
15 58
9 35
19 127
10 168
13 105
106 161
49 151
7 137
46 119
37 161
119 174
92 128
36 90
119 157
59 160
39 127
77 131
175 180
44 141
16 96
5 134
28 155
109 125
57 100
53 116
36 68
99 111
5 48
9 140
12 115
20 123
49 59
97 111
64 100
34 156
55 101
128 160
93 160
22 49
14 100
15 138
66 132
27 121
118 176
91 161
55 93
28 75
79 123
20 53
34 65
113 176
110 124
48 119
40 153
22 51
18 97
11 141
8 108
47 111
57 87
76 98
16 81
46 53
61 103
74 83
22 31
125 167
110 159
89 179
11 147
90 178
50 76
72 95
52 110
132 167
150 155
107 151
36 92
101 157
16 109
150 170
49 63
50 148
30 104
8 177
92 112
13 88
64 74
24 46
1 75
3 26
4 174
31 42
29 80
2 134
105 131
14 87
69 138
31 174
59 85
91 169
62 147
40 106
76 174
120 146
10 147
4 69
44 162
55 107
89 132
13 112
1 162
137 180
103 158
168 173
25 87
121 147
13 77
42 81
40 53
83 132
25 153
70 147
3 166
8 129
6 151
66 79
31 121
124 168
37 143
63 160
87 163
43 97
30 73
157 179
4 119
25 31
74 179
57 104
33 157
106 132
40 107
101 133
9 82
129 179
93 131
149 164
63 155
35 154
34 114
39 44
0 170
80 119
44 179
25 174
38 174
89 180
50 60
9 97
44 69
36 115
31 69
104 112
17 136
60 110
16 164
19 139
3 86
88 90
10 25
12 176
56 98
88 133
40 123
41 97
13 155
87 153
22 34
43 168
38 79
20 131
29 121
26 44
32 158
48 60
109 132
23 137
37 85
68 158
106 123
43 178
154 172
133 155
50 117
154 171
38 129
21 123
22 171
118 143
37 147
2 39
117 129
65 164
12 32
34 127
104 131
100 142
15 98
51 88
0 163
75 168
33 169
32 123
19 179
12 177
47 177
79 135
100 136
44 50
41 71
130 165
83 118
73 137
67 87
73 112
35 120
128 171
70 180
32 95
62 125
43 74
128 164
58 111
124 171
14 111
16 31
153 176
64 117
7 55
61 129
53 153
46 124
25 179
22 41
30 109
62 126
32 136
63 125
169 176
111 138
0 57
68 132
96 141
99 176
109 172
119 121
104 175
144 169
25 66
95 164
11 87
127 164
145 177
91 148
26 114
97 132
22 23
45 133
7 142
14 104
13 152
32 103
6 44
8 128
117 143
94 131
42 118
42 146
61 94
56 115
50 115
51 111
19 121
100 133
144 157
21 133
18 167
56 59
8 12
40 144
7 80
25 133
38 65
45 135
78 107
46 118
128 152
6 27
131 163
5 57
98 108
116 131
60 117
42 130
81 180
45 112
64 69
41 58
6 59
27 33
96 111
122 157
7 110
57 124
164 170
148 173
49 126
46 142
104 116
61 75
57 86
6 82
91 171
11 98
84 89
55 64
157 159
91 139
89 157
17 139
85 155
50 137
139 171
48 152
68 129
114 154
4 87
3 19
41 77
12 81
49 82
4 106
22 79
84 85
20 130
4 85
91 126
129 161
9 72
154 167
21 90
52 68
62 143
10 78
122 143
46 152
68 147
122 146
107 162
16 161
53 151
56 102
6 10
43 125
70 108
50 169
108 165
146 151
42 66
18 49
41 140
99 178
111 170
18 108
28 102
36 175
59 65
66 111
6 69
23 113
82 127
5 122
12 150
94 175
50 176
173 180
63 114
78 85
29 54
149 168
108 138
80 171
1 31
80 127
88 126
49 162
75 87
80 85
11 130
23 108
56 118
122 128
39 80
75 82
91 157
129 134
34 148
23 42
136 139
108 147
16 69
110 143
49 86
54 56
151 171
79 102
127 133
92 114
67 106
140 158
166 171
52 66
130 143
47 63
16 89
18 67
69 85
46 69
58 174
89 145
72 156
76 153
115 149
20 143
57 134
4 109
37 92
5 38
1 2
57 132
84 112
25 68
29 155
3 68
101 178
62 156
107 176
99 158
79 112
106 167
126 137
90 177
155 168
47 142
110 168
53 121
82 148
12 14
50 102
37 71
2 160
58 141
46 98
1 11
38 167
95 159
60 88
146 163
116 180
5 100
49 102
52 178
5 135
155 175
22 142
168 175
69 137
9 66
51 131
81 120
92 130
112 158
0 45
24 74
55 110
42 62
162 174
111 147
121 132
149 174
49 134
12 175
58 146
54 65
56 168
36 66
15 179
18 21
7 105
97 117
50 157
64 150
14 174
28 55
95 178
39 82
77 80
31 176
121 176
37 114
3 179
34 108
95 167
40 51
146 156
160 177
40 136
3 65
38 95
45 177
68 117
99 150
10 21
110 113
6 160
47 122
86 178
47 147
50 72
50 165
98 150
112 125
68 91
51 75
33 100
96 107
30 113
146 180
6 117
72 103
19 140
62 142
54 146
109 133
24 165
49 122
71 79
8 136
96 113
34 140
47 164
6 105
72 152
29 98
145 175
71 144
101 103
120 122
61 84
9 125
79 141
38 108
120 124
118 119
121 159
125 172
33 62
8 175
59 156
46 149
97 124
80 90
67 130
41 75
78 158
32 180
63 127
35 112
76 100
122 175
13 139
12 70
20 44
47 112
1 65
19 160
5 17
72 180
136 161
39 119
61 66
62 132
148 169
20 73
62 179
94 98
38 61
14 88
63 177
94 95
23 56
96 105
128 135
126 140
1 30
23 48
86 99
97 99
78 110
64 84
45 108
11 42
59 110
38 127
95 110
120 171
155 158
82 139
65 151
21 88
83 179
127 134
88 180
27 80
37 55
36 114
164 175
61 111
2 20
79 140
19 172
50 143
16 29
74 104
23 165
41 123
42 122
119 120
35 119
92 115
3 148
93 136
68 160
68 98
137 155
16 118
96 138
47 110
92 166
29 31
110 133
83 129
8 27
134 142
81 91
55 83
30 95
3 62
5 129
38 91
7 69
6 126
73 168
70 94
13 82
128 155
144 156
99 164
6 56
54 72
45 52
94 112
175 176
93 155
53 160
96 170
60 102
102 119
112 161
130 172
54 105
6 169
96 153
26 173
53 72
26 79
66 143
67 116
129 140
71 119
74 127
26 148
87 96
2 114
0 153
2 111
53 140
2 124
103 176
71 158
80 105
88 130
11 168
89 175
54 97
92 125
56 100
77 164
4 41
84 167
132 158
94 179
46 172
20 105
107 120
114 153
87 169
110 165
37 141
63 109
29 34
51 120
48 102
110 136
66 128
115 155
103 157
125 168
47 94
105 129
135 170
30 76
21 118
34 58
41 51
56 166
96 172
11 89
79 151
39 163
76 165
82 143
135 166
61 172
7 103
75 97
76 77
25 121
72 99
35 137
4 161
13 156
33 44
77 179
23 115
51 80
0 174
6 42
2 100
143 174
101 116
73 107
5 157
71 97
7 139
42 174
57 162
28 39
25 161
74 112
109 168
122 164
135 136
12 75
112 153
65 92
0 38
26 138
71 166
96 166
19 110
73 124
52 160
27 177
18 84
62 105
35 99
58 170
132 160
13 114
22 98
114 120
114 118
97 159
103 118
56 122
37 142
88 112
113 147
120 157
17 91
37 144
29 114
139 176
44 96
151 159
104 127
84 95
16 178
29 165
51 149
45 155
5 46
120 179
7 86
51 132
40 160
23 74
22 127
49 121
57 178
69 127
12 161
2 59
42 162
107 147
20 122
107 172
100 141
83 158
13 113
96 178
8 94
8 119
44 112
39 85
92 102
156 179
25 30
48 94
43 68
172 178
54 113
39 63
30 112
77 139
89 133
31 109
75 136
14 138
23 39
55 105
48 134
129 157
133 158
18 109
8 152
3 170
55 180
110 180
116 124
117 139
119 151
14 82
66 125
4 100
6 51
41 87
34 101
29 93
25 32
129 153
66 161
165 180
128 148
74 137
91 120
67 107
36 147
148 150
9 135
67 70
132 142
61 123
73 166
142 148
0 26
36 96
89 163
17 145
40 93
36 38
130 163
42 111
2 16
19 32
103 152
91 173
44 67
80 109
3 8
108 164
83 130
82 142
83 134
161 167
118 128
135 147
7 30
70 153
39 98
34 103
47 51
64 142
31 108
7 50
12 68
53 158
28 64
3 144
134 174
67 127
80 110
45 100
19 118
40 85
22 59
60 122
108 127
57 174
105 117
152 177
6 90
63 147
9 124
7 170
30 34
12 135
162 178
78 117
131 178
118 166
51 171
11 99
108 126
109 121
66 87
147 166
53 107
7 89
7 154
75 155
100 157
81 148
133 176
75 180
146 173
4 171
74 86
54 141
106 114
89 136
19 52
6 57
136 154
20 83
52 53
9 95
5 165
44 102
41 137
65 176
5 126
19 49
36 43
10 174
103 140
23 139
18 180
26 124
49 108
14 123
15 104
126 148
35 60
3 61
85 147
11 167
144 176
148 158
40 173
9 16
2 105
165 170
67 180
56 66
31 67
3 89
2 106
105 138
11 179
55 166
17 176
90 106
46 144
86 108
62 100
22 108
7 141
45 161
23 101
5 148
15 150
92 151
80 153
59 135
144 167
76 158
35 173
4 72
41 179
118 161
122 133
26 108
4 89
3 82
41 177
39 147
60 95
25 93
50 57
107 127
118 145
28 56
59 132
18 77
13 125
105 144
38 145
33 72
66 126
156 167
6 174
88 100
76 176
81 175
8 46
18 96
33 42
20 41
127 154
82 96
47 109
5 137
63 90
10 27
104 118
125 146
7 155
47 106
78 163
47 67
83 160
88 171
11 63
30 142
80 98
51 53
36 104
37 148
141 145
101 132
62 128
3 93
46 66
19 169
103 120
26 121
48 101
65 91
72 165
13 97
126 128
51 151
119 143
39 115
44 136
92 108
88 162
76 88
103 138
120 135
41 55
10 117
29 73
57 161
89 172
46 131
40 122
47 136
67 104
21 39
38 147
138 144
78 130
21 68
47 148
24 145
2 130
84 107
34 98
23 167
99 151
16 162
127 173
35 133
94 166
30 62
89 135
42 135
43 145
114 164
42 72
112 122
40 171
39 129
109 113
36 106
41 166
3 95
42 176
66 86
20 91
144 147
150 171
41 120
1 102
58 134
97 135
28 180
6 74
119 150
57 82
45 174
160 164
7 58
78 160
20 121
12 77
37 52
118 171
45 140
70 96
3 84
0 59
55 157
97 170
33 141
77 113
9 21
76 106
58 113
20 30
129 176
59 138
52 153
12 147
67 153
47 156
0 21
62 151
64 78
93 110
72 147
47 54
0 69
87 165
76 163
32 155
37 154
23 173
41 98
83 146
94 138
85 124
118 141
129 164
35 166
58 130
0 86
113 168
22 50
33 73
145 167
34 81
16 131
120 152
0 55
13 67
120 145
10 121
9 63
35 61
41 115
84 171
24 97
93 107
45 90
76 137
12 49
83 120
68 153
16 116
55 142
129 136
147 161
94 165
30 83
9 62
128 134
88 93
43 91
67 81
112 163
137 139
146 160
95 112
32 113
105 115
104 130
17 48
83 91
57 145
11 37
74 162
99 137
51 110
29 171
17 28
131 134
85 97
82 158
47 66
61 166
20 79
36 156
28 79
98 115
41 145
141 158
27 123
9 88
2 81
99 103
64 177
64 149
119 129
31 85
140 143
11 127
85 151
22 78
61 109
60 64
101 173
114 119
130 152
37 167
10 31
83 149
46 72
20 97
51 118
109 126
101 115
7 171
56 147
29 95
10 18
27 40
68 105
98 141
53 90
67 172
41 116
47 97
85 168
0 49
0 27
71 163
143 169
12 91
17 141
156 170
69 174
113 173
131 177
29 169
117 165
94 132
37 93
57 89
21 163
59 119
8 14
12 74
48 109
30 135
49 68
95 156
10 177
111 141
60 141
7 20
19 82
1 74
0 156
62 92
2 131
35 150
112 141
47 160
37 157
98 134
37 82
109 140
14 137
20 127
128 175
45 123
88 147
66 168
80 82
120 143
17 135
44 73
113 160
1 153
9 113
48 106
53 168
145 172
9 23
37 155
121 122
24 151
60 142
24 128
77 99
74 111
11 79
22 86
39 106
93 157
36 73
54 78
70 84
20 164
37 159
31 74
73 179
128 131
35 168
31 175
11 43
48 93
16 53
71 93
153 161
13 34
31 54
32 46
10 15
123 179
53 138
62 122
146 155
71 98
58 125
68 115
33 85
3 92
111 172
9 11
151 174
32 83
78 162
48 157
92 169
38 173
68 163
13 52
0 10
6 54
52 174
139 148
26 163
1 169
56 114
5 108
36 129
35 126
20 174
98 103
83 127
43 153
33 161
22 136
1 159
72 93
50 167
108 115
176 177
56 152
14 170
128 163
78 119
71 132
161 162
12 46
21 82
42 159
6 92
93 94
11 68
21 76
131 161
48 118
12 37
42 171
95 122
159 166
39 42
64 145
82 136
91 172
75 120
40 112
11 110
28 46
48 138
57 74
44 55
39 58
125 160
122 160
27 85
54 129
7 113
42 85
90 163
111 145
26 85
75 89
33 82
34 49
144 152
50 120
8 125
56 162
9 40
61 92
76 91
14 35
25 124
63 84
42 47
141 167
132 148
93 146
29 101
2 31
60 146
4 99
50 66
32 162
63 153
1 138
26 137
96 119
8 121
88 121
94 116
112 116
169 173
108 125
155 169
38 114
78 127
37 72
9 132
38 156
121 172
49 123
5 89
48 95
18 144
76 166
36 109
61 179
36 125
140 150
158 161
30 63
45 170
8 102
142 157
27 44
25 86
32 89
159 180
67 110
17 115
116 132
17 25
91 145
47 143
37 95
16 122
14 73
9 58
86 119
22 76
100 178
10 107
13 25
93 101
11 38
7 85
5 152
44 46
104 128
11 178
127 163
75 158
24 149
27 155
63 113
59 158
13 38
105 121
73 82
33 111
73 134
29 118
171 178
56 93
4 179
54 91
68 114
50 178
8 109
10 136
13 104
63 72
63 79
150 157
19 79
34 72
2 67
118 147
74 173
19 44
14 178
2 46
72 73
23 76
78 144
99 143
36 146
5 111
9 57
27 179
23 170
52 102
86 107
32 34
20 159
126 144
63 71
23 117
73 173
39 134
118 146
155 177
67 128
22 84
34 82
111 113
173 174
10 169
61 95
12 138
25 140
17 123
75 121
2 155
118 180
4 93
46 148
93 95
10 124
53 130
27 105
80 156
100 153
123 155
44 48
55 170
80 118
41 173
82 97
153 178
36 176
14 31
26 142
65 110
45 57
4 146
49 169
8 166
43 73
6 64
115 120
34 118
33 175
19 123
115 157
88 97
125 137
68 130
62 116
90 164
61 112
104 155
105 152
16 68
5 96
16 79
35 149
132 162
49 148
55 173
116 148
101 174
97 149
98 121
16 163
100 119
113 154
40 179
11 100
10 60
22 154
20 148
127 172
72 98
57 91
8 113
13 39
27 58
25 173
98 101
78 174
117 169
32 168
96 150
50 162
23 90
123 150
2 162
92 154
59 88
32 90
8 149
138 168
139 169
2 95
111 175
98 152
5 80
92 150
28 143
5 178
37 111
33 34
58 106
167 173
108 159
53 125
41 65
21 164
46 178
33 108
28 41
91 96
21 46
61 137
166 178
14 107
53 179
52 168
144 151
68 87
20 175
2 52
117 156
15 125
18 31
31 106
12 163
148 174
113 152
113 132
22 173
152 168
120 180
38 111
22 83
159 171
114 144
108 109
63 96
12 107
4 98
78 154
39 176
62 124
34 171
174 176
51 169
58 159
3 151
39 152
95 99
19 54
25 28
109 164
62 91
36 177
60 101
44 91
82 159
21 63
65 125
1 144
108 131
26 41
130 145
62 101
5 61
9 22
156 160
82 174
135 155
91 117
122 176
2 97
93 159
63 149
4 167
97 171
114 143
145 146
25 144
60 84
0 11
118 127
15 43
21 60
13 175
62 158
139 149
102 151
31 125
107 141
16 75
14 36
96 157
35 66
69 123
101 150
83 162
5 13
10 93
68 93
21 149
6 163
43 72
142 145
141 163
33 97
51 153
57 158
31 102
23 34
41 150
21 114
37 118
9 78
21 52
46 146
57 98
51 175
23 87
61 81
34 99
93 154
150 176
7 176
54 164
142 166
51 141
6 28
109 170
168 171
19 109
148 172
50 108
32 80
104 156
77 100
104 147
133 161
62 98
62 149
11 135
34 179
112 180
60 134
0 76
47 49
20 126
98 102
34 157
65 143
39 48
4 84
82 91
37 44
124 167
52 91
10 153
150 151
24 73
126 150
47 117
39 40
51 159
10 12
43 120
67 117
2 79
1 150
51 77
127 160
100 143
47 128
46 167
1 110
130 168
115 156
86 154
119 147
101 109
65 175
17 69
62 117
102 120
6 31
3 48
96 100
117 161
37 140
26 83
164 178
18 36
84 136
149 151
86 123
112 113
42 158
114 124
41 91
15 18
81 142
2 163
101 177
33 59
77 81
51 117
31 116
156 175
94 169
15 23
79 105
23 128
75 81
57 77
26 56
101 156
31 56
61 120
33 135
44 109
2 150
84 151
75 129
93 161
93 108
85 142
17 172
123 149
21 148
33 178
62 138
8 30
122 159
43 180
48 146
134 160
41 148
108 142
120 133
131 176
43 137
47 91
42 89
77 78
39 101
28 97
42 180
39 56
65 109
63 143
36 172
43 52
14 86
43 124
59 173
5 10
130 136
115 171
99 161
8 155
71 95
117 142
48 87
0 97
7 83
49 137
4 92
6 129
23 124
16 112
43 130
2 137
122 135
5 58
60 153
149 162
6 68
12 24
65 146
31 134
6 143
158 172
92 123
68 172
51 55
77 145
18 125
87 138
13 90
48 67
3 63
52 76
45 66
73 79
9 49
28 100
40 78
49 167
76 94
94 171
69 90
130 148
63 156
16 67
28 146
44 163
70 85
29 113
35 172
46 114
27 87
64 116
134 168
51 174
34 124
12 119
19 72
152 164
178 180
17 65
58 155
143 157
82 105
77 159
84 168
22 144
59 153
3 120
50 160
137 154
166 172
1 72
35 117
98 129
153 164
4 91
78 134
23 62
46 87
56 58
46 92
5 21
10 103
120 150
18 71
7 160
86 166
51 65
114 147
70 136
139 174
20 132
43 138
111 180
78 165
44 54
26 155
60 85
40 152
46 103
5 172
57 67
19 92
55 165
75 163
126 131
68 159
96 165
58 168
114 122
55 128
28 165
76 178
36 41
90 168
141 168
105 166
31 170
84 150
67 93
115 147
95 115
30 58
37 40
48 58
2 113
120 166
24 137
20 134
71 88
79 122
134 156
122 173
25 39
70 155
165 178
102 178
17 130
24 173
11 28
118 160
14 179
74 142
82 102
69 126
19 176
85 104
16 123
147 165
92 149
4 17
22 151
120 131
64 114
106 142
36 166
79 147
22 123
156 162
1 135
21 94
9 38
2 127
26 179
43 90
27 134
86 89
99 172
44 100
64 65
41 54
111 144
106 137
90 165
128 138
59 83
0 169
4 71
3 85
16 27
66 151
34 123
87 140
109 176
66 134
153 157
72 125
96 136
3 160
9 53
76 159
117 159
2 71
20 24
117 133
26 30
12 170
57 85
32 58
92 124
16 20
88 128
65 105
70 78
20 119
50 151
61 140
135 156
117 144
48 69
60 73
84 98
48 161
17 41
46 77
56 99
89 115
121 170
11 93
35 38
45 104
131 149
16 111
147 153
0 68
52 130
55 88
13 57
77 114
84 146
71 141
25 125
57 60
11 83
31 38
31 100
138 152
85 113
103 107
139 172
44 110
59 75
30 92
165 167
20 171
115 148
14 58
138 178
122 126
79 174
1 28
149 167
25 61
33 149
8 176
27 51
147 172
15 38
51 135
31 45
61 100
8 45
12 85
76 122
5 169
111 118
68 82
72 162
1 112
110 147
68 78
16 172
44 58
44 133
86 169
10 143
169 178
68 162
71 75
115 165
11 73
67 126
106 168
31 138
71 146
27 46
50 80
10 52
44 99
85 95
108 117
32 119
36 110
33 77
34 168
28 163
162 169
67 68
3 27
28 145
156 163
75 177
126 158
133 138
60 121
94 155
15 69
11 109
70 140
14 24
49 71
65 86
136 169
66 96
112 152
51 123
107 109
21 58
42 157
52 166
49 89
73 104
48 149
20 155
125 174
0 113
7 62
7 101
77 180
104 138
119 173
22 26
84 97
55 74
101 159
21 23
97 146
115 167
137 171
100 161
23 32
44 59
10 89
22 27
51 83
108 162
19 29
132 170
16 130
40 41
65 127
52 65
32 96
17 98
17 132
0 12
27 30
63 95
36 63
85 165
18 83
62 77
102 131
12 61
19 57
136 173
33 119
19 47
80 91
73 80
98 139
33 71
69 121
14 176
4 95
1 24
12 23
75 98
42 50
70 107
114 172
13 71
72 81
51 90
78 157
116 118
68 71
8 115
66 122
13 106
43 66
131 162
28 154
28 139
13 62
27 171
6 145
56 84
0 162
81 125
127 138
40 89
24 115
23 172
28 61
2 27
55 97
18 150
42 177
73 132
65 117
9 164
159 170
6 26
127 143
0 166
151 168
32 176
110 137
43 163
88 154
66 162
94 118
135 144
93 104
17 24
136 145
30 119
62 140
57 176
0 79
1 15
121 150
136 156
94 159
19 108
41 90
42 84
83 122
36 141
61 170
22 55
63 137
26 112
9 176
27 55
55 178
20 47
69 150
24 30
135 141
33 172
146 150
14 115
101 128
44 75
42 58
11 76
81 82
2 51
22 117
87 155
33 113
26 93
14 147
13 23
42 149
3 59
28 98
83 126
70 79
82 126
20 150
39 69
76 121
35 49
66 154
52 100
48 117
38 73
9 91
29 112
47 81
7 59
45 114
92 131
46 113
68 84
78 167
101 129
46 132
84 142
130 133
14 61
102 132
149 169
87 123
67 77
155 173
135 159
79 107
71 83
102 167
40 54
19 93
78 99
68 139
4 153
130 167
56 141
15 70
34 71
11 151
162 172
83 175
1 168
89 98
56 125
94 127
61 104
95 103
8 85
73 160
59 134
15 59
110 125
0 30
53 118
106 166
22 107
85 149
32 77
49 172
99 121
89 167
6 102
23 58
72 159
33 92
125 131
7 41
25 43
53 167
135 150
61 169
98 157
15 26
64 152
11 159
90 128
33 38
105 127
124 159
125 153
32 175
7 96
124 160
43 106
17 153
42 117
3 16
21 49
24 101
3 77
73 88
83 117
20 144
92 119
43 177
37 162
71 179
21 115
35 50
28 34
113 165
94 140
58 63
66 84
88 125
14 41
30 114
4 74
162 180
105 177
8 173
100 172
34 39
124 143
138 177
67 171
60 120
145 171
83 95
31 61
7 147
34 94
16 35
92 160
124 125
0 177
3 174
154 178
38 141
48 76
34 131
6 127
153 170
15 61
11 14
76 157
34 121
56 136
109 155
92 111
58 93
10 142
40 130
115 159
51 89
68 97
49 143
59 136
136 138
12 28
94 152
162 166
134 153
2 135
90 133
5 123
121 146
155 171
48 50
50 179
17 140
26 80
137 164
27 117
0 129
16 134
125 141
13 50
37 168
45 86
63 85
100 113
67 142
89 97
55 139
52 71
103 119
66 108
19 97
81 138
84 115
40 55
28 152
14 97
76 180
156 174
1 61
48 131
5 42
9 19
127 147
153 171
83 97
158 159
62 76
94 143
37 67
103 136
66 71
118 175
52 97
46 47
87 118
159 178
124 149
80 95
7 15
116 164
60 145
111 133
26 115
1 157
7 146
59 81
17 35
46 175
6 124
153 167
90 136
27 141
104 158
98 159
20 68
99 108
148 179
112 143
34 136
46 60
25 36
102 141
17 43
81 121
0 101
51 177
31 37
13 160
43 142
90 132
37 49
119 126
58 135
159 160
166 177
68 148
2 138
26 143
49 104
111 142
89 108
96 127
7 52
39 59
43 162
108 167
129 162
25 152
73 84
56 78
142 143
86 161
52 167
45 46
137 150
0 134
14 171
138 174
94 161
63 67
35 175
29 133
30 41
81 169
6 130
126 156
39 43
106 120
67 166
26 178
65 88
58 97
5 18
40 63
46 153
22 105
26 50
5 101
108 151
14 49
41 112
89 152
76 116
37 48
60 180
58 79
39 179
15 140
24 114
65 81
70 141
55 65
78 149
22 91
141 148
7 39
27 119
85 115
88 167
22 110
14 76
119 176
124 128
162 163
19 142
109 116
24 133
115 141
82 137
33 46
125 158
50 89
105 167
56 95
26 32
5 72
72 175
47 102
1 104
25 35
49 152
15 82
112 155
8 143
56 160
95 97
91 162
65 108
77 132
50 149
26 177
67 145
90 151
39 173
11 96
49 127
65 95
52 60
59 164
23 28
57 166
22 156
31 71
26 171
21 140
6 52
50 97
61 138
119 156
35 164
44 140
66 115
46 65
10 67
73 102
86 121
90 99
103 124
73 138
145 180
19 50
124 148
72 112
48 78
93 135
42 126
47 121
54 118
88 98
32 48
96 132
93 165
76 120
127 156
64 98
11 66
13 133
12 100
69 74
29 106
10 76
35 140
143 154
102 179
69 180
77 96
29 161
46 75
19 129
56 107
57 97
17 19
25 178
41 160
86 129
1 8
25 98
60 137
44 150
26 74
39 49
106 155
40 61
71 105
83 101
75 176
67 115
155 180
8 104
114 165
70 130
33 95
89 177
10 102
81 127
24 166
74 180
75 104
119 141
58 114
169 171
51 148
51 133
96 168
75 105
67 143
32 81
10 51
66 175
145 179
18 155
49 133
25 165
26 158
49 81
43 129
52 151
110 152
23 102
46 48
8 153
30 150
72 111
45 179
106 138
41 154
36 58
20 149
4 63
22 102
4 114
13 162
42 57
45 124
110 161
76 97
38 132
29 72
15 121
42 90
133 169
16 140
80 129
95 125
62 96
26 96
38 116
37 156
104 109
12 52
7 94
51 71
34 162
87 107
4 138
13 81
54 168
71 169
25 60
159 167
59 171
25 58
73 140
55 60
107 177
82 144
40 146
13 47
23 163
29 108
0 34
108 161
84 154
59 69
112 179
137 177
58 123
77 177
136 146
129 139
108 156
16 176
6 179
134 161
81 140
114 160
157 168
95 157
39 132
17 165
152 174
5 141
11 121
6 121
0 7
14 39
5 63
51 78
22 71
53 145
46 168
20 170
76 131
95 96
81 86
91 165
33 139
38 160
121 155
59 123
12 128
88 142
15 172
116 123
121 174
126 135
81 110
66 74
6 172
109 137
54 178
161 163
31 155
50 134
45 134
48 84
54 165
30 45
43 71
82 129
52 56
30 69
33 131
41 93
116 149
55 99
124 172
37 42
31 75
79 87
39 148
138 157
101 155
6 88
19 89
33 174
18 43
20 178
112 160
26 120
57 130
29 125
122 142
54 66
28 108
65 111
10 54
67 114
14 112
56 65
139 147
131 143
108 129
11 139
113 131
130 138
70 119
51 180
91 160
33 160
43 59
0 109
25 74
98 147
84 102
40 92
57 69
40 52
39 107
97 140
115 132
61 142
13 161
134 137
15 75
67 150
61 115
104 115
13 101
63 166
119 153
5 15
37 126
2 102
74 155
57 101
85 172
124 147
42 77
43 104
51 160
79 96
59 157
30 105
53 75
110 111
99 157
33 155
22 112
0 22
70 100
68 146
130 178
127 132
2 60
64 174
124 137
47 93
96 154
137 152
58 73
12 44
87 97
16 30
143 167
26 54
114 129
16 144
20 152
12 151
29 142
51 76
42 56
60 86
14 52
83 92
82 84
113 180
13 150
41 83
64 68
129 159
114 150
4 42
78 126
151 161
127 180
114 127
91 136
25 167
50 61
66 177
124 165
38 138
35 46
4 28
42 60
24 39
117 128
15 93
38 121
39 168
98 177
79 142
94 144
27 118
14 135
14 25
132 169
86 110
85 174
113 161
134 154
48 121
18 28
64 79
89 106
65 142
15 110
51 84
18 40
10 33
15 154
116 153
130 139
123 144
5 151
123 157
11 52
14 37
2 94
74 110
62 94
27 109
18 90
123 134
52 136
98 160
22 147
120 169
34 116
60 81
97 139
91 98
11 138
54 159
18 154
12 111
91 135
82 93
24 40
44 79
98 165
125 170
5 52
1 177
6 35
52 61
7 63
12 16
2 38
91 95
92 129
107 110
5 114
117 166
93 170
64 83
88 117
9 32
44 106
58 171
158 178
19 125
59 140
6 177
38 100
124 145
99 162
55 56
78 86
112 115
33 81
125 147
8 174
129 168
54 55
65 156
62 180
81 95
92 105
46 85
104 136
54 84
89 114
36 160
137 157
11 91
34 53
54 77
15 122
57 107
25 49
89 170
112 147
62 72
14 54
99 145
59 147
20 165
35 180
65 84
59 144
99 107
51 70
40 170
0 63
5 162
36 60
21 53
64 161
104 153
76 142
52 121
39 76
48 59
94 104
4 43
63 86
25 37
96 163
90 145
52 145
9 13
74 85
66 101
39 53
76 162
23 122
30 130
0 35
74 157
89 118
148 153
33 52
31 84
100 130
31 162
12 69
4 134
147 150
102 121
47 138
68 180
32 137
5 128
58 89
58 67
18 124
34 43
42 115
159 168
112 167
73 118
117 138
44 160
89 104
26 151
1 176
43 117
18 107
34 85
17 146
33 110
53 177
52 125
91 113
48 162
79 163
3 34
55 117
13 51
6 50
38 86
27 28
106 162
40 126
107 178
76 164
0 143
76 78
71 114
79 128
116 155
74 163
32 43
44 87
67 85
140 153
30 147
21 100
113 175
46 81
18 136
16 38
49 98
89 91
1 53
46 63
4 110
69 152
68 83
1 58
15 176
15 76
118 169
47 124
115 117
100 121
1 158
102 161
70 149
54 92
26 29
11 49
58 107
37 179
2 45
3 33
93 112
43 92
82 131
128 158
13 159
106 134
78 140
82 161
95 130
31 32
65 150
8 150
59 161
24 126
132 165
40 79
33 115
136 159
4 113
69 162
138 159
3 147
64 94
17 33
54 177
123 169
16 70
157 173
94 137
76 171
20 63
71 118
113 164
92 120
3 169
77 129
25 72
106 126
24 75
7 157
1 152
97 153
51 137
44 129
39 167
109 158
26 33
12 88
50 177
31 73
137 168
61 134
127 139
25 160
29 132
10 96
90 100
14 70
98 128
16 169
17 83
68 164
38 44
62 178
35 80
52 78
66 92
135 164
101 162
48 97
80 155
10 82
77 110
65 103
35 90
17 70
10 115
71 133
20 60
49 55
90 114
31 60
70 74
124 178
94 147
43 105
11 107
27 81
99 123
37 152
46 96
33 180
115 154
5 177
12 82
60 74
5 54
7 165
10 119
54 152
100 114
64 151
24 103
4 170
15 44
46 126
74 136
67 72
63 129
50 168
31 163
118 144
82 138
53 106
113 121
144 148
85 111
8 139
47 180
13 86
72 138
59 111
18 38
86 122
74 176
113 172
8 68
8 11
73 152
166 167
3 149
48 166
25 53
142 170
58 103
95 120
13 37
21 119
0 87
9 142
122 154
22 77
70 144
59 124
105 178
46 145
58 148
30 60
80 103
0 138
10 92
21 50
3 88
32 42
61 69
40 97
48 79
12 123
6 141
42 147
60 70
18 101
13 29
39 79
79 110
108 178
19 143
39 117
35 97
157 161
123 153
131 140
90 98
20 156
79 137
7 112
37 100
30 51
72 170
45 61
19 151
26 136
163 178
12 48
38 130
147 164
90 153
101 135
94 97
29 150
56 108
34 60
105 164
99 139
124 163
144 162
28 106
31 128
17 87
20 74
27 130
9 94
9 145
122 180
39 135
27 151
52 70
110 112
68 131
97 164
129 149
83 141
16 141
63 122
15 28
29 94
61 177
162 171
110 121
92 179
44 171
26 28
71 100
97 167
18 55
37 151
140 170
21 75
41 125
16 84
115 169
57 75
5 90
115 166
19 84
8 159
62 80
4 175
36 99
65 72
96 174
92 101
20 55
60 103
53 163
6 95
9 81
96 159
155 164
105 107
118 162
29 44
37 174
127 141
103 142
3 80
97 112
5 98
60 72
170 175
8 70
40 129
21 139
39 108
25 78
37 108
153 165
122 165
97 136
52 85
126 152
104 143
116 178
7 117
84 93
66 157
61 62
106 131
47 171
31 143
36 169
53 77
77 170
43 93
51 114
5 130
23 147
36 162
51 59
81 87
12 137
63 145
92 148
11 92
86 150
35 142
11 123
152 165
59 177
66 160
83 169
38 99
7 47
130 162
12 53
61 159
18 48
34 66
79 103
68 112
140 144
72 91
33 50
6 123
117 157
67 157
38 46
74 118
120 161
22 115
8 97
40 156
152 159
25 120
5 16
16 129
147 167
8 140
127 179
97 128
1 141
68 135
52 158
107 165
77 152
30 88
100 170
85 159
57 63
38 107
45 106
45 107
67 121
83 119
10 105
161 172
78 111
101 172
20 107
0 152
58 158
111 171
96 106
51 79
47 85
38 165
90 108
165 174
82 123
35 143
60 125
54 161
150 179
4 55
1 59
34 91
137 161
9 86
15 19
114 174
72 132
10 151
140 148
74 107
70 168
119 168
8 144
13 122
23 160
34 172
43 128
60 172
63 134
12 62
118 163
21 153
154 162
37 170
54 110
41 126
8 118
72 84
2 170
96 142
67 98
9 105
45 166
111 155
105 176
97 116
65 153
45 144
34 143
90 137
33 129
139 166
34 117
93 129
24 156
63 161
116 135
68 80
11 174
39 105
7 76
39 51
70 93
121 141
163 175
32 160
120 172
33 99
32 52
67 79
17 78
82 178
101 168
102 159
103 160
52 150
119 145
10 131
169 172
78 80
13 111
40 48
73 155
15 117
90 102
94 136
69 108
86 146
87 142
53 157
64 127
134 152
63 126
3 75
63 112
82 169
167 178
152 153
21 67
29 172
118 164
21 166
57 92
77 125
34 88
24 66
3 29
6 142
6 7
38 115
109 129
97 151
9 163
114 128
70 123
37 39
38 97
11 81
136 166
20 78
61 180
25 172
57 139
120 125
72 172
0 119
28 148
159 176
52 129
13 68
46 165
7 31
36 154
14 139
86 138
8 40
4 18
23 178
51 102
80 139
83 176
16 177
77 147
1 18
5 44
10 171
70 161
69 175
8 122
9 60
138 169
18 70
104 172
33 150
51 167
0 98
87 121
71 176
88 138
53 132
90 103
54 95
32 157
93 163
38 136
111 137
97 100
97 108
65 132
33 39
69 140
8 16
46 140
44 174
25 55
69 115
64 172
41 142
31 168
35 170
155 156
19 34
3 72
62 119
101 142
70 178
73 122
48 89
87 133
41 85
15 112
13 115
128 153
119 146
160 169
84 118
122 145
14 109
126 145
86 156
128 178
163 166
77 135
80 145
25 132
91 122
64 179
51 178
2 175
158 160
64 175
12 173
25 29
96 116
59 141
8 23
75 169
85 140
55 133
34 46
24 157
69 122
13 69
35 83
81 92
95 98
71 174
62 86
103 173
16 55
124 150
57 137
72 149
60 156
55 179
112 119
88 173
23 72
31 113
109 117
84 148
1 178
149 165
45 97
7 127
122 172
45 119
17 36
109 142
86 118
12 26
118 177
94 114
133 154
16 59
53 62
65 71
42 109
62 146
92 146
17 79
93 134
94 125
32 156
55 164
39 125
9 85
108 155
63 97
109 123
38 60
135 173
145 169
42 124
7 120
17 93
71 104
53 102
76 119
92 180
29 110
6 25
32 85
74 156
73 115
5 9
13 180
50 154
122 127
39 164
103 145
52 135
6 134
67 175
58 162
3 152
38 54
92 145
39 71
29 170
69 73
159 174
21 43
23 110
4 103
65 76
35 161
61 162
77 167
137 179
154 165
126 141
15 64
109 130
42 83
133 146
52 63
55 159
94 109
52 80
109 139
23 130
21 78
24 95
31 172
102 143
61 171
57 136
29 61
46 93
81 154
49 83
19 103
1 151
59 80
158 164
146 167
104 163
68 109
167 174
27 147
7 131
69 75
34 134
28 58
19 101
1 163
98 130
88 103
147 154
45 171
102 130
34 160
55 75
45 82
63 104
57 149
52 157
35 179
49 61
131 141
66 99
81 122
99 141
123 148
3 177
27 97
129 148
69 82
119 152
61 82
147 174
26 97
24 167
17 103
122 174
67 83
87 115
20 58
46 116
63 128
45 89
94 120
45 111
3 102
5 85
7 158
140 180
25 80
120 159
72 74
91 144
155 178
78 109
1 44
9 119
3 135
15 73
79 172
15 164
63 148
33 45
41 96
46 171
50 116
121 123
2 7
99 136
59 67
69 95
17 179
37 75
69 157
145 153
21 47
79 170
35 115
73 116
26 167
8 101
65 160
52 103
122 136
16 22
163 177
77 107
123 129
32 115
99 159
18 146
90 93
90 110
43 146
69 156
130 158
90 124
33 98
24 54
119 140
130 169
119 127
142 167
35 134
36 120
72 85
92 165
17 31
8 93
59 145
20 22
71 126
78 123
29 100
63 65
25 114
27 144
97 120
61 155
7 11
61 122
40 103
52 143
10 167
130 149
106 130
48 174
5 11
121 127
5 23
83 165
105 150
44 81
11 75
107 136
45 131
64 148
95 135
23 131
89 155
39 61
93 128
17 71
50 133
19 61
46 173
3 142
21 150
7 45
3 162
48 171
59 122
160 170
73 93
74 109
3 101
23 179
42 151
22 152
1 149
158 176
140 173
19 134
42 48
52 155
27 127
93 97
46 109
22 60
9 180
32 121
12 47
49 150
36 65
106 110
108 152
53 159
30 141
89 100
35 176
27 83
16 74
41 134
118 154
11 82
134 178
43 144
52 58
71 84
65 135
133 172
121 137
44 62
72 113
7 124
2 128
132 147
54 158
5 159
51 138
52 161
63 120
142 150
27 57
25 71
126 169
36 158
40 131
64 173
11 86
10 64
63 103
85 92
40 151
87 135
2 147
30 123
66 91
140 155
112 114
75 171
42 139
8 89
17 174
110 116
17 38
33 67
97 113
98 155
86 94
17 66
29 143
6 153
92 96
39 161
6 12
110 157
8 127
17 170
9 127
10 99
168 169
119 158
105 116
28 132
82 149
61 167
113 138
63 170
155 172
67 140
47 104
112 126
49 132
21 101
99 117
12 60
104 141
113 122
86 173
56 158
20 54
106 158
14 57
139 155
112 131
87 98
114 148
21 98
24 59
45 74
17 142
35 153
81 116
141 151
9 128
57 141
24 63
55 138
140 149
24 129
90 127
26 170
20 67
0 123
125 157
163 174
95 161
15 143
40 172
113 155
19 107
32 133
2 98
11 97
67 162
126 142
53 154
57 79
135 148
31 89
35 57
13 100
15 51
6 47
159 169
150 169
72 145
0 124
26 67
55 136
82 101
31 51
91 178
41 100
36 81
52 180
90 175
82 167
11 41
136 148
29 65
12 140
30 90
62 120
48 111
133 163
100 129
134 149
77 102
160 171
16 160
31 79
38 157
38 78
37 41
92 157
41 156
159 179
113 166
69 153
70 87
47 95
12 67
52 107
12 54
151 158
101 176
44 116
20 43
101 144
104 169
22 85
40 91
55 62
29 129
0 115
2 142
19 180
3 154
32 97
71 92
61 99
37 134
30 151
56 71
154 174
105 132
105 126
29 144
20 114
112 129
111 178
115 150
99 163
62 113
113 142
31 46
3 18
98 120
102 148
8 107
11 36
35 144
83 151
129 163
63 130
12 55
58 108
31 119
29 120
50 144
155 174
100 173
40 176
4 177
60 61
7 118
31 120
6 122
4 140
55 156
114 139
92 133
74 123
124 164
12 29
42 169
7 66
33 40
134 151
44 61
24 147
15 114
99 129
44 123
8 44
58 129
118 120
65 104
40 164
106 165
82 116
52 83
129 141
47 70
33 151
71 89
27 111
35 105
128 145
32 134
36 39
28 62
55 127
47 119
133 179
38 64
60 124
25 47
63 171
95 173
14 53
4 88
27 35
62 169
171 179
71 120
133 142
3 145
59 96
76 146
6 75
84 96
113 127
16 124
91 103
116 176
54 167
57 116
14 65
23 161
53 137
86 88
8 28
49 129
58 128
75 178
83 140
118 135
98 100
66 72
42 82
17 57
32 178
31 161
139 154
21 168
63 76
23 118
98 131
76 124
54 58
2 57
113 144
56 61
88 122
54 133
16 107
107 119
40 88
22 143
30 53
126 143
45 115
10 130
31 151
27 160
71 99
34 107
157 180
13 54
71 74
53 129
82 173
119 167
90 122
95 171
144 168
135 143
47 78
110 179
30 124
21 112
2 154
11 62
122 130
30 72
62 162
79 120
82 125
10 43
22 148
89 129
30 59
105 108
65 114
15 144
124 152
56 148
59 133
36 180
139 170
29 74
38 123
105 134
115 130
165 166
119 135
16 93
23 106
12 104
47 65
14 98
53 149
144 145
67 103
86 162
32 63
141 156
123 126
50 103
19 46
65 83
12 65
16 86
120 158
63 144
91 105
29 66
27 149
26 103
45 129
39 138
37 112
123 127
99 170
47 77
10 145
9 137
106 135
15 133
145 164
34 92
16 142
5 155
36 72
30 103
17 169
4 77
75 131
22 128
24 47
0 46
23 85
135 151
15 72
40 95
63 68
116 125
82 92
40 81
53 115
31 52
5 34
108 122
45 169
33 64
58 92
12 114
60 177
162 176
72 129
7 24
4 157
46 133
101 118
56 128
111 152
69 176
83 172
156 178
75 145
155 160
101 158
149 178
37 115
150 168
105 159
70 172
138 180
62 93
35 125
22 67
13 146
54 81
88 145
88 159
84 121
87 167
122 170
16 159
119 178
73 127
2 33
28 84
131 180
28 49
92 153
120 132
93 144
148 156
28 150
97 157
21 86
63 152
39 87
54 90
91 158
66 100
17 18
169 177
3 74
93 109
17 100
41 105
32 35
72 150
35 68
43 83
111 160
19 136
131 173
20 100
149 175
82 98
59 148
78 172
149 170
51 108
70 98
53 176
112 134
82 94
68 76
29 124
9 52
105 154
121 140
9 156
77 138
149 163
66 120
11 112
21 71
30 170
53 142
59 63
47 99
91 152
31 152
57 88
13 75
62 157
111 157
60 127
60 80
87 125
11 59
6 156
138 164
56 116
17 81
24 169
148 159
149 171
54 128
12 17
49 76
78 121
30 172
79 150
26 150
9 147
118 168
104 146
14 42
27 53
75 111
95 108
147 151
108 136
14 126
36 167
134 177
57 73
37 70
31 41
4 125
6 178
24 152
97 107
13 80
61 63
93 98
82 166
94 103
55 58
67 135
86 145
132 137
100 164
88 174
40 70
173 177
109 167
81 118
98 180
59 91
1 137
123 173
105 133
70 128
6 113
44 74
45 63
14 33
6 8
91 131
137 148
13 167
29 147
51 154
4 122
73 119
79 99
31 137
145 162
95 154
54 144
35 75
62 136
9 175
43 98
41 132
36 51
43 156
130 146
11 161
13 36
63 82
149 180
154 180
159 175
32 159
13 49
107 167
51 87
47 96
64 167
90 91
26 180
90 131
5 51
117 150
45 153
114 157
12 144
72 123
151 172
69 117
3 167
74 124
33 120
13 123
70 135
73 91
15 132
111 119
68 119
7 156
12 31
17 52
106 178
50 171
5 60
85 116
67 168
19 102
41 70
14 133
45 50
48 71
21 111
78 118
77 90
50 85
161 168
49 101
45 53
66 144
115 139
134 162
117 147
68 151
70 126
18 33
103 130
36 133
96 169
69 158
32 144
5 150
71 150
19 157
38 71
42 53
18 59
71 103
65 165
92 142
73 133
36 59
49 157
19 131
106 116
87 170
72 143
65 97
83 166
88 136
16 42
36 171
5 125
40 47
96 180
10 91
84 131
36 49
43 85
8 123
83 96
110 127
16 151
72 133
38 178
60 159
79 157
61 125
145 166
57 177
22 69
72 158
51 142
87 147
30 97
8 95
75 95
86 175
35 124
25 54
21 109
106 163
8 55
47 137
42 67
82 88
13 165
174 180
30 44
23 112
24 80
1 93
10 57
31 99
95 121
26 76
26 51
104 160
7 148
0 40
99 112
31 179
124 146
28 59
28 103
8 157
7 126
41 59
5 25
36 40
55 162
93 120
80 107
47 162
10 110
3 98
19 122
122 148
29 86
2 21
27 108
53 141
103 104
29 146
38 56
60 65
41 178
37 88
26 161
109 119
123 133
61 85
48 66
81 171
28 131
111 177
15 74
21 84
94 105
26 132
61 98
163 176
175 178
27 43
44 60
38 68
20 104
46 71
68 113
58 94
20 116
117 176
89 130
27 88
33 123
53 173
13 174
2 37
4 86
10 73
100 117
114 125
1 133
72 88
115 124
6 81
126 154
12 80
23 54
108 112
32 167
59 152
30 101
155 157
30 78
5 112
56 75
25 101
40 177
81 97
149 160
128 167
16 34
51 147
55 148
43 140
166 169
21 108
9 96
64 169
19 120
114 117
7 168
11 22
8 130
3 173
29 85
80 168
142 152
67 124
77 142
108 118
30 148
128 129
81 133
34 59
55 77
18 149
96 148
56 90
31 49
87 139
21 141
27 78
35 167
21 32
72 86
80 174
23 43
76 128
36 132
45 142
33 87
112 146
18 166
25 158
110 126
34 79
110 120
141 143
88 151
69 107
47 155
63 77
17 62
78 156
28 37
40 50
60 91
56 89
108 177
68 149
95 123
59 64
30 177
3 133
85 179
22 28
27 104
30 70
77 163
23 88
56 73
133 134
0 28
19 88
14 122
99 132
26 139
109 151
113 115
75 139
89 90
44 172
116 133
69 83
27 89
35 73
101 149
139 152
61 131
39 126
8 111
6 108
76 92
18 37
31 156
88 118
11 33
26 126
4 126
136 180
32 33
26 68
82 85
111 166
2 90
118 142
41 64
58 161
58 127
69 81
137 145
12 30
157 176
27 71
3 6
35 85
92 138
44 78
84 158
26 37
74 172
107 170
24 142
46 90
11 64
2 34
39 177
120 139
40 57
114 173
7 26
87 160
32 161
21 72
101 134
20 25
110 163
5 131
39 156
24 178
121 168
100 175
105 156
40 165
10 159
16 92
76 89
79 134
67 177
14 83
18 46
14 21
71 153
29 47
22 119
156 165
118 134
27 168
11 94
0 99
0 5
8 162
9 148
41 121
36 78
11 164
14 117
29 60
61 107
36 61
6 9
147 176
2 14
128 137
92 140
72 106
93 142
138 148
67 76
83 116
114 123
81 111
15 130
47 115
135 160
51 126
102 144
43 75
141 154
4 150
163 164
27 152
64 86
32 105
83 93
38 103
92 106
38 176
63 98
37 83
5 164
42 108
53 73
29 140
92 104
5 84
64 70
2 89
23 65
15 116
82 106
42 167
86 151
157 175
3 35
4 80
36 159
74 98
66 113
154 161
9 44
27 59
40 121
4 144
47 175
88 110
113 162
80 83
59 167
38 66
24 112
15 100
21 142
46 180
17 46
82 114
26 145
89 124
40 115
2 42
15 128
33 125
47 176
47 86
127 144
52 179
112 150
15 35
119 122
0 47
13 64
6 79
54 104
4 51
53 56
44 139
44 93
131 174
58 115
80 120
28 101
46 108
114 163
88 104
107 135
27 167
40 175
65 134
34 128
56 175
88 160
29 123
16 21
39 120
102 158
41 46
32 170
102 146
10 137
32 38
99 167
61 165
13 154
124 179
78 120
3 25
38 140
58 90
19 117
5 81
37 145
34 63
35 162
25 92
97 109
135 180
11 133
11 46
112 168
113 124
59 113
46 78
83 171
12 87
62 133
42 80
28 133
31 97
97 118
65 118
105 113
15 55
23 143
15 163
24 113
22 100
142 180
87 159
117 132
137 153
3 64
9 116
117 179
41 73
19 175
36 45
69 120
49 171
43 167
144 177
14 78
24 121
37 60
76 179
60 169
13 76
119 162
38 83
48 153
89 169
83 142
39 89
44 95
60 158
91 147
3 116
32 124
29 71
69 72
36 82
89 122
24 130
40 66
25 131
68 72
54 71
125 178
17 177
80 143
156 171
19 164
64 115
4 102
13 179
29 139
56 111
98 106
15 91
80 161
0 9
67 148
45 143
79 127
5 65
145 160
66 159
78 135
41 155
154 160
21 161
119 123
20 162
29 77
48 175
29 40
29 145
7 129
115 160
0 164
148 155
11 142
146 159
34 154
2 139
10 162
77 85
26 99
37 77
91 128
40 134
131 150
44 145
102 115
54 61
85 110
3 38
41 84
11 120
108 163
7 98
22 126
14 46
59 125
126 180
49 67
35 106
64 168
0 53
39 100
75 125
14 152
37 68
24 98
3 128
97 103
53 119
33 57
13 151
30 91
33 94
110 173
98 137
170 180
64 162
89 105
131 145
147 171
83 147
0 112
15 66
35 87
3 168
26 36
24 109
69 77
43 44
56 169
7 116
54 101
102 110
16 41
74 153
119 179
24 84
43 121
53 55
29 30
2 177
36 151
28 174
98 163
12 167
43 64
61 168
80 147
20 90
75 96
25 44
30 136
55 119
45 77
73 161
8 178
54 79
56 159
31 47
4 173
38 45
66 90
17 154
61 152
101 112
13 138
18 151
87 92
115 126
70 150
28 50
75 76
88 109
61 89
31 40
7 132
12 169
30 117
145 159
44 107
102 147
81 106
164 176
102 139
91 164
32 60
137 142
2 156
12 59
34 37
28 32
66 145
52 84
118 124
67 97
71 164
32 45
72 75
79 132
27 165
89 99
26 147
22 93
28 110
68 173
85 154
67 113
128 146
17 131
21 37
81 168
110 114
9 178
17 23
93 178
115 134
35 135
21 80
36 84
22 45
43 63
128 173
103 177
88 113
23 79
7 78
24 48
19 39
91 130
16 49
56 170
77 176
75 114
22 95
154 175
9 42
26 166
74 145
104 170
11 134
35 116
60 114
44 101
71 116
80 81
26 134
53 70
22 101
107 160
136 171
103 128
35 74
108 144
15 78
151 167
59 84
1 105
115 137
38 133
21 91
23 105
25 141
61 71
26 146
27 126
46 166
30 107
161 179
53 166
12 155
95 126
77 104
6 19
72 102
26 49
1 86
79 90
23 25
13 66
22 162
10 49
53 117
63 133
16 158
81 165
53 100
167 177
101 164
62 82
19 119
35 81
94 158
45 96
66 114
150 166
52 118
4 151
140 168
28 81
89 174
7 75
5 87
5 138
18 143
49 144
28 85
102 160
102 103
57 102
50 81
151 155
147 162
110 175
162 177
46 83
15 108
35 79
126 138
85 96
54 151
37 107
31 153
17 106
60 119
71 175
140 163
39 65
90 120
80 133
99 122
144 153
94 177
132 173
61 67
110 148
22 61
118 126
31 157
102 157
52 148
88 141
51 100
34 42
45 118
149 157
109 169
36 134
116 179
48 137
103 172
64 107
84 104
60 97
0 142
43 127
2 13
27 36
84 130
25 137
12 45
87 128
49 136
5 102
6 147
53 164
40 49
50 70
59 60
8 32
155 167
9 67
4 158
45 54
21 92
26 69
102 124
31 83
52 176
4 104
77 148
78 128
90 96
17 150
15 31
117 131
147 173
35 77
6 70
77 118
122 147
9 46
37 64
71 165
116 141
47 141
53 109
136 170
115 152
57 154
122 153
95 137
24 38
104 173
99 148
112 171
26 159
49 106
29 136
97 119
17 99
29 39
19 133
51 85
30 67
11 18
164 169
22 157
157 165
107 164
16 61
13 143
112 174
97 98
120 168
36 91
11 27
37 176
45 139
83 137
0 154
53 135
76 154
76 101
55 114
37 84
67 109
53 133
79 92
34 56
158 179
74 97
147 149
16 50
8 31
132 145
57 110
117 172
58 76
127 131
57 62
26 66
75 119
170 176
18 100
29 58
104 123
30 143
19 128
135 153
1 49
2 72
86 124
28 105
88 170
17 171
8 145
42 94
111 121
5 32
97 156
18 58
58 136
63 107
47 57
152 176
56 94
103 109
54 117
19 154
23 81
128 172
134 180
123 166
115 174
38 175
33 53
51 144
32 126
2 19
116 175
67 170
57 147
71 109
35 96
71 140
94 151
10 23
1 139
143 175
39 142
38 84
2 40
107 132
39 178
104 161
97 106
50 53
109 136
39 154
66 110
87 130
124 174
97 175
43 88
0 159
46 61
6 94
46 154
164 171
48 156
2 179
137 143
89 96
73 135
65 78
51 158
80 136
127 162
26 98
81 102
163 172
101 152
69 143
11 88
30 33
130 156
8 87
27 133
103 174
47 108
41 168
87 120
85 122
4 124
95 174
69 166
24 43
23 77
20 93
1 131
20 87
15 120
6 100
27 34
51 72
66 70
7 88
45 173
65 90
80 116
39 70
60 173
1 13
136 162
73 98
110 118
3 46
82 99
29 116
32 71
66 140
136 151
146 154
80 96
73 164
85 130
142 168
87 104
117 154
103 110
164 174
167 171
87 173
20 98
3 127
11 177
52 115
18 117
37 51
30 163
154 157
88 89
10 104
58 96
11 23
48 165
125 144
141 159
23 89
37 150
46 130
1 50
84 129
120 130
4 58
36 157
5 20
35 141
94 135
17 143
15 142
9 179
53 148
25 94
9 169
44 108
13 44
147 155
105 142
86 92
9 15
34 78
5 35
79 133
23 135
45 158
53 99
56 112
151 173
56 119
111 125
67 169
15 101
115 176
55 103
53 94
77 117
116 147
16 72
57 164
18 174
168 170
43 150
74 108
17 30
14 64
160 173
45 172
4 47
83 180
78 81
56 81
114 161
20 176
86 153
143 173
0 77
90 119
48 85
95 109
138 150
41 161
62 150
27 72
26 48
119 130
79 146
44 114
114 158
133 156
35 131
58 119
110 135
1 78
3 66
135 149
98 127
59 90
11 148
127 146
14 125
49 91
73 111
24 153
10 154
28 47
107 175
37 59
121 178
78 153
33 126
11 140
60 123
2 121
54 155
0 91
61 149
125 161
36 75
26 174
19 53
113 153
164 180
19 77
15 46
38 40
35 114
99 118
115 151
36 87
51 104
13 119
113 129
49 96
109 157
25 106
4 53
145 155
87 106
2 44
73 92
50 54
29 88
104 178
125 176
59 105
105 148
58 177
66 170
27 132
84 108
17 156
6 157
33 41
20 110
56 173
69 146
30 118
141 157
17 84
120 127
8 69
117 174
42 152
75 134
29 103
107 174
96 99
96 161
91 107
90 176
114 152
16 57
66 147
169 179
70 139
34 177
17 47
6 36
5 24
19 75
158 174
48 81
102 111
27 47
70 118
48 139
88 96
50 71
4 20
6 97
83 113
34 145
55 91
143 155
29 105
41 107
90 135
122 140
70 137
159 173
88 158
123 164
18 168
79 104
39 86
80 141
72 78
121 143
20 128
135 178
150 163
18 25
105 130
20 140
51 121
87 141
111 120
54 76
29 154
56 117
137 140
50 141
166 174
147 157
54 127
61 74
5 8
25 149
2 116
44 88
144 171
12 27
1 107
11 65
105 157
43 53
114 141
16 165
32 174
3 131
5 67
40 157
125 145
6 66
8 65
117 155
55 151
48 164
4 112
16 117
47 144
8 61
43 110
16 87
79 129
12 103
3 83
20 146
86 172
92 100
18 62
49 146
85 161
0 141
18 106
99 116
48 51
15 57
65 87
67 105
37 58
104 125
75 107
119 163
32 40
138 155
59 102
4 66
22 29
23 140
70 138
39 83
130 150
132 179
22 103
60 128
109 112
11 115
91 92
23 132
57 93
2 69
20 59
27 173
67 95
14 149
111 150
91 132
18 76
18 44
10 26
41 149
74 106
31 110
93 145
88 179
117 167
39 41
110 177
89 158
32 53
98 156
10 129
28 90
121 130
21 144
18 133
117 175
98 175
24 107
23 100
103 106
146 175
143 146
5 179
109 173
102 126
15 180
20 99
26 84
80 179
0 32
35 145
46 143
77 140
66 179
111 130
11 39
32 111
27 145
30 77
97 121
107 158
105 173
41 57
141 179
23 126
55 118
49 174
20 136
74 76
16 91
8 158
67 174
6 18
97 104
14 59
43 61
9 171
63 146
13 56
43 134
83 94
50 135
10 149
3 103
82 135
25 110
35 86
71 167
61 136
14 129
112 162
5 7
16 149
81 177
79 168
32 73
75 151
22 40
32 165
8 98
22 163
8 24
37 135
8 124
14 167
32 109
76 93
52 98
6 93
81 166
9 75
44 65
95 165
104 159
91 129
36 93
103 155
105 122
81 156
7 167
95 176
57 128
106 125
55 141
122 144
74 160
75 165
99 154
13 61
53 76
8 133
138 151
4 96
114 166
57 90
137 176
24 72
42 52
35 155
126 179
2 93
115 168
13 42
39 84
47 163
58 173
48 74
14 172
38 96
61 150
1 101
62 111
60 106
104 111
15 94
29 91
19 100
143 159
66 169
73 121
121 148
30 140
19 161
16 45
7 25
139 162
52 127
14 145
9 31
151 162
50 146
39 180
31 48
105 179
117 121
94 106
140 177
107 137
10 66
125 149
148 164
34 97
0 133
0 104
41 81
150 161
5 118
65 168
17 76
63 162
40 174
30 93
59 100
54 109
26 149
57 81
91 176
119 161
38 74
66 163
75 118
31 55
9 74
12 63
30 173
67 112
25 65
5 53
20 109
29 163
51 101
38 47
135 138
81 158
117 158
34 54
61 154
78 148
103 151
42 68
80 113
150 165
70 81
11 61
4 67
10 45
65 161
2 77
12 42
92 107
146 162
15 105
10 48
153 162
64 95
57 173
13 118
3 42
93 140
128 133
48 177
12 22
10 56
93 138
16 113
59 107
5 19
10 39
72 114
150 177
4 56
24 44
8 29
22 46
33 83
36 163
7 97
56 177
98 176
53 104
141 180
61 160
84 173
50 172
42 141
4 172
28 42
14 165
79 149
78 94
62 99
6 158
77 116
22 167
26 27
47 123
108 134
10 166
32 65
28 57
70 82
83 114
108 175
62 95
98 162
57 180
153 155
106 109
36 107
12 95
79 88
99 126
56 105
42 49
1 42
88 101
22 75
53 122
76 96
78 103
127 167
112 166
6 119
29 138
59 143
98 144
9 153
88 115
77 174
56 143
30 37
8 36
3 56
110 131
66 138
91 109
59 94
140 171
66 73
42 137
55 169
5 82
1 180
102 105
78 93
117 162
97 158
33 153
114 168
39 90
13 148
96 177
86 137
102 156
91 125
74 135
44 45
29 55
65 130
74 90
97 177
93 105
20 57
42 178
8 50
84 120
123 152
125 140
141 147
41 127
23 59
149 154
12 179
104 124
86 127
144 170
151 169
34 70
81 178
10 17
26 34
21 70
23 155
117 146
68 116
58 176
25 157
87 158
93 124
105 162
28 95
48 52
48 126
36 152
6 84
135 157
59 99
12 101
74 129
21 22
44 142
62 174
33 140
122 167
24 116
111 154
78 97
17 107
18 103
60 162
28 149
98 149
33 69
19 113
102 169
0 36
13 116
15 21
11 24
83 154
4 27
14 160
16 33
125 133
15 123
86 131
81 164
38 142
46 127
21 159
8 26
48 141
92 173
57 155
89 151
77 97
128 166
28 70
169 180
109 143
25 51
14 95
28 73
28 129
86 165
53 152
99 169
24 76
6 162
56 91
114 126
66 98
40 143
91 121
46 125
53 96
7 14
61 126
17 118
58 105
17 138
131 160
21 65
54 125
9 172
30 75
50 155
69 101
16 167
131 137
28 77
27 41
53 69
74 177
144 178
34 147
63 141
40 147
57 153
154 166
95 144
2 84
8 146
8 126
132 180
129 145
85 176
106 173
68 143
66 67
44 143
141 178
105 110
88 107
74 148
80 140
56 103
8 163
113 134
15 30
80 166
28 118
59 117
2 64
41 61
25 46
26 156
6 136
7 106
36 44
6 120
15 52
20 33
113 145
58 157
58 144
107 163
91 134
120 165
39 52
129 142
42 43
76 87
103 135
127 148
4 60
12 164
104 149
135 179
40 141
1 17
50 91
135 171
122 138
50 69
63 111
6 89
101 148
18 130
23 119
61 144
53 178
19 45
90 111
33 132
62 88
27 60
128 151
104 166
79 161
107 148
8 53
115 164
2 54
64 106
33 148
34 166
21 36
66 93
29 70
14 40
120 140
42 91
73 90
53 171
13 46
104 117
132 143
111 164
23 84
1 171
9 129
17 27
21 158
130 175
79 91
35 72
85 171
6 180
30 179
42 107
22 155
123 136
82 162
19 96
71 124
18 27
47 132
6 154
9 138
34 164
14 131
76 134
150 159
48 122
141 162
87 164
10 84
59 163
71 148
18 121
57 151
57 109
14 92
83 131
70 125
28 177
136 160
3 118
49 139
3 30
20 95
59 72
150 162
50 77
126 149
32 88
0 16
5 133
25 70
42 127
79 136
18 82
57 165
11 162
48 180
60 151
90 129
135 163
37 165
7 109
37 65
95 118
31 147
56 76
82 117
40 142
4 155
54 130
156 168
165 171
73 157
90 162
62 131
79 116
69 94
83 163
131 144
6 133
12 50
43 108
28 71
85 121
39 46
32 122
67 137
11 34
101 126
44 51
17 85
65 167
129 137
23 152
2 132
64 134
11 95
24 77
27 84
24 174
160 180
113 133
9 122
20 85
48 72
132 155
37 90
73 150
134 170
1 109
115 125
16 17
18 94
105 123
5 175
93 99
70 177
29 42
1 136
44 90
64 164
41 74
123 140
15 83
67 74
61 153
70 169
101 107
149 153
19 69
54 119
150 180
48 53
77 79
141 164
77 109
26 57
74 81
122 150
69 112
29 159
59 61
16 98
43 166
42 59
95 168
93 158
9 131
60 96
107 171
70 75
121 173
39 131
9 65
83 84
9 121
8 91
42 165
35 44
64 166
106 148
47 75
66 107
49 85
29 148
79 166
2 92
100 135
34 146
29 37
105 146
33 51
37 104
14 91
32 98
109 161
90 138
66 85
132 174
95 172
148 167
53 131
33 114
126 161
15 155
103 156
139 167
101 141
88 95
68 156
54 157
49 118
113 128
18 79
126 139
25 143
107 134
103 122
77 89
106 115
68 90
103 162
97 130
20 108
51 94
7 54
58 69
12 142
13 166
49 97
95 132
14 175
49 84
64 113
1 32
144 154
34 69
19 168
9 30
1 33
139 150
57 159
30 56
113 135
23 38
135 167
54 88
105 140
95 116
91 127
34 120
105 174
9 17
12 20
72 174
58 61
152 156
149 173
112 173
68 136
19 74
103 180
82 95
38 50
51 62
48 172
26 88
68 69
81 93
81 113
79 81
49 145
13 163
74 147
113 137
119 144
17 56
70 111
4 10
23 26
78 124
42 92
62 87
112 154
91 143
3 122
36 69
78 155
25 34
13 172
23 53
21 95
57 157
11 104
54 62
169 170
49 131
52 159
0 23
51 95
22 180
30 43
3 100
