184
10
6060
60
115 2
98 2
94 2
93 4
84 2
102 3
98 3
96 1
87 4
104 2
75 1
84 1
91 4
99 1
76 2
83 1
115 3
105 4
98 5
89 3
101 2
101 1
104 3
80 5
101 2
88 1
92 5
95 1
79 3
69 4
89 4
106 1
72 1
75 2
86 1
115 2
89 5
96 1
83 2
90 4
105 4
71 2
70 4
69 2
89 5
81 2
93 2
82 5
72 4
84 4
80 3
81 5
101 2
111 2
106 4
113 2
105 2
77 5
106 3
72 1
113 4
91 2
111 3
74 1
78 2
101 3
69 4
106 2
81 5
106 3
76 2
71 4
90 1
102 1
114 3
70 4
92 3
97 2
98 1
112 3
115 5
109 3
94 4
102 2
110 1
94 5
85 4
114 1
110 1
81 3
102 4
115 2
75 5
98 3
78 3
98 2
104 2
83 4
83 5
93 4
113 2
102 4
76 1
73 4
84 4
92 3
73 5
84 5
106 1
86 2
70 5
109 3
89 3
86 4
81 3
87 3
70 5
94 1
88 4
94 4
87 2
83 1
78 2
97 3
98 4
79 3
75 2
106 3
98 2
90 4
103 4
105 1
92 5
79 5
86 3
87 3
112 5
84 2
83 3
88 5
106 4
100 1
90 4
92 5
87 5
80 4
81 4
81 2
92 4
89 2
101 3
88 4
96 3
90 1
82 1
92 2
86 1
91 2
113 3
104 3
92 1
78 2
72 2
102 2
111 1
90 5
105 1
94 4
87 3
97 2
74 3
87 2
69 3
102 4
105 2
90 5
104 4
75 1
92 2
91 2
98 5
109 4
78 2
90 2
94 171
11 77
64 112
138 182
2 166
31 136
6 150
22 27
4 11
72 162
102 145
138 143
10 51
3 22
34 161
58 120
61 69
174 180
48 173
25 100
2 182
57 98
108 148
62 133
107 120
105 121
81 171
46 178
1 82
156 163
126 162
109 149
14 128
169 175
123 181
7 154
14 85
14 107
48 147
84 146
0 155
92 161
31 106
5 10
21 82
93 106
84 161
54 114
73 179
55 94
83 179
60 115
9 22
127 137
0 128
6 167
26 150
128 175
17 145
32 134
124 158
20 143
50 75
9 92
74 92
63 136
83 145
14 110
131 158
76 86
137 160
13 183
87 128
36 107
87 88
121 126
48 148
4 14
13 75
69 103
121 158
53 94
39 173
99 112
103 160
18 74
49 124
28 61
4 40
125 169
2 138
70 99
71 86
144 163
71 118
49 171
37 121
78 79
27 72
56 111
135 136
67 99
35 172
73 91
33 44
88 147
122 139
15 47
21 85
76 125
17 110
124 173
31 101
55 58
11 182
39 80
55 147
28 98
34 80
76 110
51 130
113 168
10 146
39 130
139 140
72 107
3 15
149 158
33 101
1 51
15 139
87 155
14 50
145 146
44 150
81 92
56 126
1 30
126 133
115 135
146 173
146 150
35 127
55 99
21 31
153 181
46 54
71 134
90 166
86 151
73 177
105 181
85 100
90 114
65 114
21 102
77 78
113 116
68 139
86 142
89 175
145 154
50 170
44 90
110 172
3 73
55 95
21 119
128 172
3 11
56 129
32 82
55 135
7 18
39 68
111 175
20 171
120 177
73 167
59 101
16 73
105 140
5 51
111 181
33 158
7 116
101 177
12 180
16 46
4 65
13 45
119 159
101 128
6 90
98 121
53 140
23 159
84 120
63 132
24 181
17 182
105 146
111 168
26 141
20 167
13 70
143 180
22 87
139 151
38 81
32 93
6 11
44 92
46 141
8 178
73 169
29 84
111 151
69 135
41 79
115 162
132 152
34 149
65 76
49 99
63 90
120 147
1 32
173 183
123 137
79 148
17 32
52 170
104 130
42 178
81 147
34 56
13 164
22 68
25 137
105 182
110 179
48 83
51 157
154 161
4 127
18 66
16 153
14 63
82 118
25 115
75 77
131 156
21 153
150 183
100 106
66 115
48 176
42 156
5 104
87 144
128 141
53 105
31 53
9 162
51 67
17 165
36 98
22 46
16 178
56 108
44 115
17 164
78 128
3 95
72 94
83 101
55 160
118 119
57 96
70 103
69 123
88 183
98 107
95 181
0 115
106 126
49 159
87 132
89 109
151 167
44 125
19 31
63 91
74 132
27 60
125 146
116 170
65 86
122 125
157 168
2 163
81 143
23 54
3 129
128 147
23 150
50 113
70 183
99 169
73 176
70 121
61 123
48 163
9 124
24 39
40 125
42 116
56 133
50 136
62 124
27 98
131 166
10 57
15 105
91 150
51 170
112 136
130 151
28 67
73 76
10 123
62 117
41 174
67 110
159 178
128 137
18 45
52 82
47 108
66 102
18 162
28 64
25 160
97 127
7 75
89 108
98 143
31 151
102 115
21 39
48 91
28 33
21 149
142 146
56 69
93 94
20 62
17 78
86 180
31 50
111 120
21 140
125 150
115 136
110 120
144 169
81 173
35 100
109 120
3 99
107 182
7 125
99 173
24 108
5 56
142 148
66 176
139 166
27 76
49 103
41 159
19 97
7 159
116 129
122 181
5 84
75 129
108 116
40 119
9 95
5 126
88 180
151 174
73 152
107 108
74 135
3 59
8 84
76 134
170 178
103 148
122 154
71 131
65 157
21 175
0 20
93 149
101 175
67 127
114 115
64 100
70 168
65 156
101 140
31 98
18 124
69 172
19 169
42 83
106 168
7 148
50 161
10 174
10 178
3 20
55 96
5 9
121 155
96 104
96 165
76 102
133 182
33 147
100 143
76 117
127 139
55 166
61 178
62 79
66 135
9 57
120 172
63 145
102 103
34 70
86 159
39 70
13 160
98 162
42 67
83 136
165 178
2 28
13 180
12 138
139 145
40 140
115 167
7 136
100 132
62 166
129 152
94 177
47 136
35 77
75 148
55 117
20 55
74 149
22 118
143 176
21 130
94 113
56 97
88 168
88 135
38 140
79 124
34 65
76 162
172 179
0 171
72 150
109 116
19 43
68 123
0 158
44 155
39 148
59 148
31 138
29 170
21 170
29 73
9 20
0 183
91 99
60 85
87 114
48 104
15 164
10 131
135 147
80 137
49 61
91 154
23 129
46 146
65 97
79 108
178 181
101 149
153 175
99 111
49 74
27 47
45 128
107 134
174 175
89 135
43 115
44 107
49 108
137 150
117 170
16 38
56 149
13 82
14 142
99 179
92 167
38 59
4 133
16 31
77 102
66 130
172 176
6 21
60 65
78 84
124 160
12 68
42 161
54 60
11 120
14 48
90 135
60 91
133 151
40 163
3 105
15 90
89 137
101 144
10 113
85 169
106 162
154 158
5 60
101 109
155 166
41 133
6 102
36 37
34 123
77 84
28 141
0 120
6 29
9 108
120 160
32 52
32 74
149 156
47 141
10 119
64 105
91 153
49 110
34 176
26 154
4 100
40 91
87 123
9 75
104 152
26 110
9 37
125 174
13 120
16 165
49 174
31 32
49 153
96 179
54 101
87 129
30 162
92 165
50 87
3 65
126 163
41 86
75 180
148 175
101 147
86 155
0 87
0 53
119 156
87 127
127 177
35 73
84 117
122 168
139 153
7 149
9 145
159 160
34 147
82 145
127 183
44 76
4 42
15 83
106 161
54 157
26 163
34 132
7 38
109 177
181 183
128 177
25 84
3 137
99 171
2 111
13 119
109 114
99 150
32 171
66 145
58 167
76 176
44 138
12 132
66 114
51 179
75 158
14 102
51 57
109 166
0 159
20 77
66 99
56 68
18 67
156 159
133 158
35 168
70 177
106 138
31 171
126 139
87 104
80 173
55 74
15 176
91 179
149 160
11 96
35 149
111 124
20 72
10 140
51 69
156 183
32 101
48 75
9 45
2 37
59 74
13 97
43 146
67 101
57 168
146 148
31 180
7 92
79 91
117 119
18 149
54 93
92 133
42 109
42 103
59 89
134 170
113 137
36 118
53 62
25 122
54 136
7 113
38 134
136 143
37 69
53 81
29 32
49 157
95 106
68 138
13 117
61 78
40 53
128 164
97 99
23 162
18 168
96 101
47 103
38 52
63 95
70 86
34 67
126 140
60 153
102 157
18 166
23 94
103 180
117 121
19 129
39 160
36 104
27 97
97 149
13 112
133 153
47 117
91 94
27 147
12 36
51 95
108 166
21 151
86 94
63 88
10 164
15 29
63 102
4 107
56 86
44 134
50 72
74 133
75 94
2 145
54 63
58 179
25 56
26 160
34 71
116 121
53 143
16 93
94 140
47 169
34 81
147 183
85 134
13 35
8 12
75 124
10 171
57 74
20 142
24 123
69 89
41 144
104 133
21 43
94 114
154 157
118 169
26 83
38 74
102 170
2 34
51 122
138 159
65 143
22 24
57 72
1 164
35 85
12 63
37 92
94 102
40 146
13 149
86 97
55 97
102 181
11 123
64 166
61 176
37 65
34 138
49 158
59 113
147 167
83 96
135 176
51 112
18 64
28 127
87 167
39 53
88 177
28 101
19 25
121 142
20 113
88 89
35 72
7 84
78 103
65 118
68 100
1 83
170 181
17 139
6 118
24 171
80 101
141 154
15 177
31 66
110 177
1 62
52 120
21 126
15 91
43 75
24 55
61 88
17 108
8 39
88 92
131 182
34 125
33 69
45 77
24 88
20 82
84 124
39 99
0 33
17 79
58 164
32 146
0 44
136 165
50 139
8 22
21 146
61 104
26 106
67 178
48 76
169 178
56 84
82 87
60 94
44 59
40 128
158 180
73 95
64 156
44 127
24 178
4 102
144 172
167 181
24 117
165 174
117 130
89 154
42 124
107 147
17 61
2 146
37 95
86 124
42 64
30 167
51 174
40 156
53 162
151 173
31 147
126 165
11 94
17 95
31 46
8 46
58 183
85 178
115 152
103 133
62 87
115 125
147 168
72 103
12 116
45 100
12 161
125 162
62 88
7 83
39 63
54 124
158 164
106 172
95 156
15 181
108 170
121 147
0 83
139 143
71 170
9 46
113 162
34 131
66 129
72 96
23 133
13 33
14 92
5 20
8 96
80 122
45 161
174 177
32 62
30 130
136 166
148 164
23 166
93 152
56 167
19 67
174 176
8 14
22 56
114 147
61 154
3 147
30 46
105 125
46 78
72 151
144 162
55 102
93 110
4 49
32 91
30 65
51 175
75 140
29 83
69 96
61 133
4 36
8 116
124 132
73 154
73 138
88 110
57 143
47 94
111 130
131 149
36 100
58 139
7 121
43 128
71 74
55 91
25 138
18 118
73 83
89 104
45 169
74 165
95 180
40 141
54 141
37 159
63 163
5 19
125 140
51 64
60 133
72 132
77 149
42 150
34 42
48 55
19 171
30 115
160 179
84 151
55 164
18 145
49 128
36 117
66 168
77 125
19 36
35 78
31 75
35 121
40 172
34 79
152 175
22 66
4 71
53 87
133 140
5 46
27 105
121 138
42 154
122 173
32 143
7 144
75 154
10 15
107 137
110 119
35 164
41 78
41 60
9 62
0 106
56 71
156 174
30 54
18 176
175 182
2 26
14 37
118 147
90 105
44 98
64 182
139 149
7 103
71 137
31 65
11 147
3 53
11 31
5 52
13 165
30 42
90 179
76 104
12 70
2 74
80 172
74 87
17 23
25 172
55 65
102 120
18 60
106 129
119 122
17 25
57 114
4 76
102 162
66 93
25 173
43 134
47 58
54 165
131 139
121 143
5 33
124 162
70 120
92 177
27 103
43 100
7 27
83 144
5 90
31 172
80 121
24 104
41 181
3 62
110 134
55 172
13 22
32 162
94 125
66 83
106 115
4 7
94 135
15 39
54 58
63 180
119 160
20 22
99 167
11 131
7 55
56 88
43 86
93 137
15 21
147 177
47 177
142 173
3 47
108 161
12 95
79 147
37 172
38 90
19 27
93 145
68 112
40 55
62 139
40 79
37 176
64 139
27 81
15 115
116 159
11 115
117 146
55 123
0 65
143 157
64 179
3 56
116 178
66 86
84 91
20 50
68 154
40 150
56 145
67 180
141 147
77 140
28 54
18 147
37 177
116 173
55 56
64 72
86 98
33 63
31 55
78 154
72 173
41 44
14 173
12 158
105 167
39 172
79 170
149 174
45 94
16 104
87 174
40 59
143 174
122 145
77 163
87 113
68 115
58 122
86 125
50 77
27 122
99 142
13 41
25 43
83 147
13 173
3 174
36 59
77 129
131 164
13 123
35 96
63 83
73 89
34 173
79 87
69 70
41 55
1 36
17 105
29 63
43 171
13 146
35 38
56 146
22 125
7 108
17 127
61 139
81 113
31 57
42 132
121 150
42 111
65 183
0 81
23 128
105 139
72 175
70 107
102 107
100 138
29 128
32 142
64 178
140 180
61 77
70 146
11 26
69 121
94 164
83 132
74 91
119 168
54 104
60 106
106 111
21 93
9 183
50 56
64 164
98 180
166 174
83 170
12 96
119 120
31 90
81 89
83 124
52 86
60 167
25 70
12 26
72 159
47 148
29 37
69 160
40 41
135 139
84 170
35 80
30 49
82 101
10 78
21 129
86 162
63 174
30 182
139 152
8 83
95 96
60 129
62 144
49 97
35 173
78 85
57 177
10 92
4 134
154 155
96 175
144 164
96 161
73 133
55 144
52 140
11 152
91 118
10 148
112 154
91 140
65 142
60 141
159 170
39 177
135 140
66 180
156 167
82 156
87 164
16 75
95 154
21 136
23 93
86 128
68 103
87 130
22 160
18 136
9 175
103 105
2 181
95 179
10 97
43 166
45 90
76 138
20 36
62 113
2 121
9 109
36 135
3 131
21 40
6 53
70 134
98 150
65 106
21 177
45 112
75 126
35 157
139 170
7 152
95 109
69 119
0 14
131 177
1 8
43 78
23 118
95 115
49 163
18 115
33 178
53 173
69 87
23 160
27 64
71 125
66 92
8 148
8 130
53 131
93 170
140 142
21 171
122 183
112 114
3 87
30 177
82 174
52 98
42 75
51 97
66 123
54 108
104 173
76 165
104 159
145 163
124 163
159 179
89 136
94 159
61 153
120 124
165 173
20 105
9 142
104 134
43 140
26 79
108 157
7 42
76 77
81 170
118 158
97 154
119 141
11 61
9 164
81 122
51 161
9 180
103 126
48 57
48 143
37 68
66 164
30 180
155 179
3 134
95 151
40 60
16 94
19 152
2 57
63 156
5 47
58 126
45 111
106 133
56 72
118 131
21 22
95 135
52 135
29 68
47 156
66 122
95 140
36 163
62 155
72 160
23 105
88 132
1 84
37 101
83 98
42 94
47 161
29 76
95 149
45 152
100 128
49 68
53 136
66 178
10 139
29 71
61 175
84 112
16 172
59 109
72 79
97 164
46 128
45 180
105 116
64 108
50 169
48 122
82 103
103 107
45 174
23 60
153 180
69 99
6 59
20 58
41 161
4 19
6 123
105 114
155 170
56 96
85 119
78 174
52 65
72 109
110 176
23 82
15 55
8 120
141 165
151 154
68 182
10 82
5 181
93 108
56 67
134 154
31 167
32 170
94 100
131 176
95 160
44 66
90 128
39 95
66 147
109 143
22 31
132 134
100 114
28 140
6 131
24 129
22 163
107 127
24 53
12 87
23 156
86 106
49 93
154 177
62 100
37 135
97 108
8 31
127 169
10 121
74 94
126 176
164 168
103 118
103 152
122 132
76 116
46 183
16 147
30 90
12 104
36 70
97 181
49 51
70 122
48 132
5 170
72 130
65 128
65 125
41 75
156 157
101 126
26 44
8 132
153 164
125 172
78 111
35 134
21 165
52 180
74 130
50 85
127 132
35 162
53 65
106 135
108 183
82 142
46 103
39 92
63 175
40 114
12 128
90 93
14 169
41 178
11 35
68 127
13 152
147 172
14 91
53 102
88 149
117 132
9 43
65 162
75 138
128 161
7 31
56 74
98 128
33 162
51 121
43 138
33 118
127 128
104 113
45 137
96 110
25 69
58 102
83 87
8 100
2 157
123 172
18 120
4 23
91 180
26 149
67 73
54 94
87 162
73 134
102 158
48 70
102 173
13 18
30 67
6 16
78 102
40 142
82 164
81 118
61 71
96 143
83 140
5 62
138 164
33 168
59 80
171 174
92 123
46 106
38 118
14 32
16 105
30 87
5 70
108 182
33 90
72 97
52 137
41 123
38 73
63 82
76 111
25 79
29 164
139 141
74 161
78 158
25 94
62 178
58 76
6 23
38 150
3 110
71 116
25 178
132 138
47 153
91 131
79 115
42 141
49 86
80 98
123 170
66 139
68 126
143 177
59 91
102 156
15 182
99 130
55 98
26 99
21 70
5 158
23 71
72 100
26 166
142 178
2 35
160 167
42 52
12 135
59 129
100 172
166 180
34 114
5 143
41 160
51 71
18 173
55 127
21 166
87 124
4 180
71 152
31 173
17 126
110 143
80 170
25 112
111 127
22 156
50 177
9 39
106 128
9 74
24 48
49 66
15 30
118 182
54 79
23 177
5 73
107 176
149 175
83 133
71 83
2 109
33 97
110 152
126 143
71 106
94 131
115 154
124 183
72 116
18 121
32 178
87 98
58 68
65 176
25 49
62 172
4 139
35 126
134 153
2 79
44 104
14 134
124 128
61 120
77 99
11 142
118 126
129 183
80 111
117 141
54 166
34 60
70 77
93 183
13 85
126 145
111 157
44 129
69 118
43 180
115 123
7 171
12 34
90 180
16 34
2 176
132 176
39 62
27 125
96 153
67 142
34 92
55 88
29 120
51 158
63 124
147 160
34 98
61 65
73 161
4 85
32 173
50 162
141 169
58 110
89 105
55 130
51 128
154 169
67 80
109 125
42 170
52 156
8 82
147 157
163 178
49 175
143 173
92 145
91 108
27 66
119 169
46 109
70 155
13 96
42 158
73 129
80 108
75 175
96 159
2 66
3 117
30 174
110 160
103 179
53 95
52 62
13 174
44 60
102 134
0 25
63 74
32 61
104 107
9 60
97 128
61 64
44 81
104 146
76 85
26 138
48 162
117 122
10 168
72 121
134 163
48 64
63 65
131 152
151 160
138 155
103 117
96 129
87 147
84 101
24 31
13 172
23 72
55 129
113 127
38 97
17 175
25 66
20 112
10 26
73 139
30 63
105 183
54 174
114 125
73 103
160 172
37 59
45 61
23 81
98 137
84 139
23 149
62 69
86 105
42 119
33 102
74 156
144 170
76 81
71 136
128 182
14 126
95 100
17 72
17 117
79 117
1 94
7 53
91 109
92 115
168 171
9 52
14 30
26 67
31 126
11 56
81 144
19 66
48 151
95 105
100 157
149 179
50 114
160 171
77 164
50 93
19 155
5 166
130 150
83 120
71 181
63 129
107 156
49 116
98 174
25 145
2 59
40 106
137 178
17 86
58 95
69 161
34 167
107 133
75 161
68 141
174 183
79 153
107 113
108 152
16 77
43 127
129 148
91 121
22 93
61 101
30 50
109 158
106 177
143 146
63 85
39 153
64 74
58 135
5 81
123 126
8 29
109 174
128 144
68 124
1 91
47 149
115 147
67 133
78 166
105 179
82 155
55 124
37 129
49 168
114 153
21 138
49 88
89 161
4 87
96 152
87 146
108 132
17 136
28 151
89 174
40 77
52 53
103 112
48 165
92 179
40 64
57 64
72 87
100 153
53 145
83 160
3 132
93 95
5 176
45 181
22 142
152 173
4 103
6 92
159 163
68 169
137 142
4 66
8 53
124 143
47 160
76 103
53 78
84 137
22 124
101 164
15 96
6 52
71 162
57 69
34 146
66 109
8 28
2 73
50 82
28 173
123 130
42 128
176 178
123 179
57 166
33 87
3 42
18 79
70 139
10 35
9 163
136 138
3 160
10 95
30 105
23 144
88 114
36 93
3 104
129 179
13 37
24 59
46 84
93 154
120 182
70 105
48 81
22 101
65 180
32 133
16 123
8 183
0 101
16 23
1 165
92 153
21 95
156 169
38 136
4 44
9 49
108 133
96 166
59 139
63 181
12 173
80 167
43 89
52 71
86 160
49 54
41 168
109 179
6 77
123 174
55 79
57 161
11 73
9 103
40 120
132 169
15 110
31 107
21 100
55 66
138 157
133 180
30 84
109 128
46 130
79 182
35 50
51 117
33 78
33 64
115 169
66 153
120 131
98 138
20 80
72 161
48 90
38 88
11 171
44 135
89 172
45 139
68 133
57 165
51 146
62 170
16 21
48 144
24 68
51 149
24 160
34 44
150 175
120 129
5 61
34 111
24 159
58 71
5 48
55 174
69 101
139 163
28 167
118 138
31 103
12 31
5 13
104 178
28 110
0 151
2 5
102 159
78 155
9 99
60 110
36 174
70 102
73 153
96 137
59 90
29 135
51 103
20 156
92 108
149 152
88 156
143 160
69 122
3 157
10 54
54 138
27 176
16 151
84 125
54 107
86 121
47 57
51 62
45 140
128 129
134 182
38 172
44 114
13 102
150 179
117 166
143 145
133 170
85 91
114 167
74 107
20 51
135 172
90 133
27 115
6 17
9 78
105 141
47 114
118 139
90 124
4 62
46 136
67 172
113 122
74 147
38 138
19 100
78 113
47 123
118 136
109 137
15 49
28 65
15 136
48 100
114 179
23 180
123 160
130 153
1 145
53 137
7 134
9 176
29 30
35 91
32 65
46 126
157 166
43 79
124 138
116 183
14 61
109 157
153 162
161 169
8 98
1 71
45 76
68 172
91 177
48 141
23 36
82 90
67 163
15 112
117 167
15 37
23 139
110 182
156 181
38 177
20 123
57 99
111 141
139 183
5 160
51 159
12 118
17 49
72 129
5 39
88 90
120 174
59 70
91 126
54 134
30 124
9 149
40 82
48 93
159 174
50 141
13 26
176 180
19 114
8 161
0 118
179 180
76 149
45 69
123 155
85 118
18 96
86 99
75 155
44 142
62 161
24 79
14 129
162 179
167 182
21 158
31 89
20 173
135 161
75 127
102 146
34 145
20 65
90 141
120 128
56 168
148 176
16 116
82 179
12 166
118 141
142 151
79 121
66 112
115 131
73 137
87 108
87 120
135 138
29 131
136 167
90 172
9 104
98 160
120 145
157 179
124 159
17 169
74 174
20 137
83 177
2 36
105 147
67 100
56 162
68 162
4 32
60 68
129 157
71 77
26 88
88 124
130 152
50 118
96 173
11 63
73 90
119 123
4 114
93 175
50 120
40 86
42 159
72 125
116 157
61 108
81 159
129 145
161 163
113 144
167 168
49 146
80 102
13 144
136 170
16 121
173 174
81 82
111 148
10 80
45 57
77 152
80 96
122 127
94 143
48 120
14 180
118 130
66 166
137 154
53 182
155 173
79 127
72 84
70 137
71 156
85 92
7 23
118 156
31 97
9 129
44 86
65 127
94 170
33 155
57 127
32 39
4 67
24 149
20 97
21 106
64 128
109 119
128 145
7 140
60 120
5 112
57 170
83 141
30 120
75 125
18 159
36 73
18 73
74 154
11 148
33 157
36 89
26 158
50 153
64 169
136 150
30 176
17 134
155 183
55 116
124 139
148 179
21 90
22 168
139 173
15 135
14 136
25 77
4 128
86 118
83 130
41 124
58 85
132 144
104 120
94 152
28 50
44 94
70 89
36 51
103 144
140 157
60 176
30 170
38 53
3 180
20 177
51 154
33 146
10 158
56 100
74 168
119 135
137 146
28 172
152 156
28 77
112 137
148 166
28 108
82 123
20 46
35 144
80 116
101 110
91 120
30 82
59 86
37 98
12 152
78 80
89 164
73 107
45 114
71 108
34 151
31 96
11 128
94 154
24 102
54 110
28 168
161 181
11 14
36 123
74 170
109 178
14 59
80 151
50 130
112 128
34 158
68 79
53 121
126 137
52 93
2 49
6 28
61 122
44 177
69 86
12 53
117 142
147 162
21 29
36 130
112 150
113 171
4 83
29 58
173 182
136 139
18 105
104 137
54 170
148 149
36 143
53 170
92 150
60 164
128 143
105 180
150 158
84 148
0 78
114 139
83 128
73 135
27 37
9 68
119 150
141 143
9 168
79 113
0 6
50 95
132 168
18 156
1 70
80 87
11 60
82 141
46 138
24 162
143 166
12 163
31 47
103 167
95 183
15 167
33 143
22 117
69 125
55 159
17 62
53 113
93 161
0 45
112 157
87 179
27 112
133 136
52 169
27 143
105 143
99 151
90 95
104 106
30 32
36 38
30 62
87 140
95 102
7 127
26 34
29 82
38 54
95 122
173 175
78 121
140 174
58 92
97 111
4 52
132 155
41 136
25 36
1 139
140 156
58 172
137 174
119 158
30 135
50 179
7 62
68 173
129 177
4 17
86 90
87 157
99 129
128 151
49 144
51 68
6 47
11 41
60 127
6 107
35 163
91 134
79 128
46 163
57 59
47 119
33 154
142 145
72 167
9 87
6 134
76 143
81 97
10 21
5 45
81 104
8 67
114 117
66 152
103 128
102 123
92 147
53 54
68 149
72 152
155 178
10 31
25 140
91 110
104 160
108 124
163 174
67 92
85 103
71 104
79 175
55 78
56 154
40 158
70 149
24 113
151 177
9 54
21 125
23 117
150 156
97 155
51 132
25 117
57 73
54 56
61 157
41 117
45 133
83 115
15 168
112 149
144 180
21 56
12 169
132 157
119 143
7 166
127 150
36 171
56 94
96 135
19 65
65 122
136 161
110 174
111 126
0 107
1 40
75 76
91 138
79 172
15 131
85 170
12 20
60 100
65 73
25 155
65 98
41 155
31 145
11 110
27 80
90 104
77 114
12 127
52 102
8 45
46 63
9 26
150 160
101 171
10 179
131 180
50 122
26 97
29 133
72 143
28 135
34 57
38 75
171 173
126 169
31 42
41 93
67 83
14 16
63 173
52 69
128 157
19 113
11 130
55 126
56 147
114 182
90 146
117 169
10 56
45 151
53 176
136 146
23 29
91 127
71 164
115 134
106 163
114 156
0 62
29 55
73 116
2 99
76 177
110 126
81 174
130 174
55 115
47 82
22 74
18 76
90 91
36 109
57 113
108 155
50 147
27 126
15 60
1 37
19 157
45 160
37 170
89 125
157 177
17 177
15 127
60 182
2 128
47 69
3 24
82 86
0 105
23 85
99 163
122 182
97 135
20 54
86 179
47 152
32 73
52 77
45 95
31 170
66 116
18 125
18 119
49 90
58 168
65 154
28 42
45 89
91 178
17 174
30 148
10 175
1 166
89 167
44 141
37 118
44 136
70 106
12 65
9 134
78 148
29 173
8 141
119 165
22 36
18 63
11 143
29 95
91 181
25 53
156 180
73 126
44 49
68 175
54 86
125 143
29 172
87 125
115 127
15 19
110 133
15 68
112 125
116 176
73 117
68 113
129 176
25 27
14 81
37 166
135 156
31 146
144 152
4 164
80 169
52 177
97 176
57 182
46 173
58 101
5 107
34 128
105 169
115 164
5 94
25 180
15 88
41 126
19 143
40 71
88 117
98 106
78 120
37 107
42 145
85 159
31 67
0 61
46 125
47 146
33 104
48 164
40 154
138 154
66 134
70 165
8 49
15 160
5 72
28 68
131 133
23 96
33 126
40 134
8 156
82 154
16 126
161 176
137 169
98 112
5 67
6 32
63 111
71 95
26 127
123 145
43 67
11 140
111 152
16 57
93 96
21 181
104 145
22 83
153 165
38 158
18 133
47 100
79 92
122 166
73 175
53 92
28 106
132 160
33 123
40 145
91 92
7 158
128 180
34 178
88 164
10 180
41 157
75 174
122 126
94 158
2 48
83 114
37 120
41 176
17 159
92 106
24 61
36 95
79 181
93 166
12 72
75 164
69 84
164 171
76 99
10 79
20 91
17 114
78 114
38 121
58 113
2 81
157 160
104 136
160 165
83 155
117 128
1 108
47 131
48 145
2 119
32 89
65 146
56 180
43 147
67 72
146 175
26 30
80 147
62 77
127 172
38 169
28 175
58 62
101 107
151 157
64 115
51 152
69 78
94 179
16 102
7 164
140 145
125 176
95 121
133 179
2 44
10 69
101 153
84 178
131 145
29 124
93 115
51 147
23 75
119 148
101 112
19 131
9 169
5 76
61 140
25 88
67 94
84 174
63 104
11 124
63 114
23 145
6 119
88 108
15 123
39 134
41 63
14 172
13 92
120 126
38 70
132 178
22 139
28 159
30 141
122 142
51 181
58 131
38 101
15 106
102 130
118 179
13 40
35 151
100 162
38 83
11 62
48 86
37 63
15 84
34 73
16 176
37 71
6 181
133 142
29 129
92 125
126 177
70 124
32 38
87 143
16 89
15 26
14 22
5 179
1 110
130 149
127 165
26 170
30 53
141 167
13 42
2 94
68 143
141 181
3 76
107 152
22 64
85 154
67 150
9 33
66 167
97 119
33 45
7 74
8 19
27 99
65 158
7 82
78 109
63 169
23 158
29 139
124 131
27 90
10 122
127 162
152 174
168 179
30 110
51 54
74 98
28 146
20 145
143 153
31 177
1 90
83 165
98 178
79 165
176 182
18 111
9 36
69 150
94 149
12 94
7 45
87 118
0 94
50 175
96 105
69 100
0 150
133 178
2 41
118 163
96 147
42 157
22 55
64 152
86 149
78 88
10 118
79 83
84 119
32 155
100 176
123 148
145 175
135 162
96 156
44 89
2 164
0 77
91 128
29 96
50 150
69 113
84 172
8 118
39 83
112 123
159 181
44 63
160 176
100 125
75 93
78 181
144 150
4 15
5 183
120 153
27 28
97 143
0 80
68 137
31 77
90 140
14 15
70 88
99 106
32 54
89 103
19 106
138 171
16 26
14 36
108 111
35 66
55 173
50 70
8 11
62 108
59 104
0 114
126 147
11 158
147 163
109 148
10 161
64 148
86 146
112 140
44 101
32 53
47 113
140 175
20 139
99 132
97 177
123 135
95 123
21 97
18 167
79 144
42 49
146 161
37 57
32 50
113 148
57 145
64 168
150 153
23 151
14 100
79 166
78 99
78 135
69 154
107 150
8 119
49 67
133 165
56 79
25 54
30 179
94 182
16 45
91 176
108 163
95 162
28 161
14 51
46 157
63 125
34 152
9 151
137 151
132 164
2 60
37 84
68 82
66 73
38 41
128 142
7 72
86 88
25 33
10 65
159 167
49 57
43 63
79 138
3 175
113 160
61 135
134 143
91 114
64 174
155 156
27 50
9 82
142 147
68 83
49 65
116 168
144 174
5 18
111 135
144 149
140 159
110 144
8 101
80 84
20 28
38 180
100 164
22 150
28 66
19 104
24 54
132 180
66 161
90 116
27 136
20 25
44 71
20 59
15 125
29 127
2 141
55 63
63 137
62 129
62 148
132 156
156 176
34 58
20 165
7 169
56 152
110 149
28 112
38 182
33 36
132 170
133 175
73 142
58 162
119 132
137 172
32 44
15 27
45 167
11 81
21 118
15 108
19 88
77 110
31 76
3 121
167 180
36 146
7 25
52 128
156 177
116 155
4 63
18 142
59 133
38 154
7 107
125 148
23 132
8 20
61 152
117 150
44 67
71 160
96 111
46 48
11 121
136 158
134 146
125 127
16 79
29 152
75 177
57 130
25 120
47 91
13 113
2 123
57 102
62 179
19 180
97 124
50 159
109 169
83 166
79 169
4 75
45 104
156 158
41 49
0 49
18 21
125 152
64 177
140 154
73 102
5 78
135 169
76 127
9 136
80 110
105 138
60 84
9 59
32 148
99 127
120 170
123 180
50 117
94 167
23 76
133 167
57 135
30 58
6 179
10 181
41 59
10 128
130 158
70 144
64 175
16 145
8 35
112 130
162 176
39 120
37 183
22 133
67 143
142 160
98 147
120 150
153 177
1 128
14 66
113 118
168 174
44 152
81 129
15 69
107 131
44 174
50 103
8 68
1 126
128 155
120 158
80 83
22 100
82 95
54 87
157 174
24 118
13 51
70 133
11 72
14 43
30 93
28 100
94 120
17 87
14 99
68 178
47 87
113 145
63 75
24 91
71 114
25 162
60 112
51 58
50 123
104 132
67 179
51 119
17 150
55 154
52 61
90 103
41 130
95 118
20 49
62 173
70 157
33 86
19 74
42 163
53 165
30 99
90 112
18 116
6 93
32 103
67 175
112 173
20 153
27 128
88 129
76 157
108 135
105 111
72 172
15 98
10 162
26 171
47 86
13 182
155 180
78 123
23 59
34 61
46 82
58 155
6 180
67 107
19 133
4 64
129 170
6 138
81 132
7 146
39 40
49 59
124 145
98 131
48 171
102 164
14 78
24 135
137 161
26 101
77 124
29 145
152 155
18 70
19 21
95 125
49 109
42 153
17 38
60 116
100 124
51 141
37 134
41 64
66 85
16 96
19 154
123 153
66 105
67 135
1 169
73 84
88 137
5 135
2 102
57 146
18 36
53 104
49 104
79 131
128 153
83 131
16 40
146 164
87 133
48 140
39 46
14 38
24 103
11 159
20 85
17 97
37 82
10 150
10 30
2 89
1 44
121 130
38 76
15 154
4 45
20 98
99 182
84 153
12 17
113 164
5 101
39 100
95 117
101 157
55 158
58 91
66 149
23 178
136 171
17 21
44 147
61 173
19 44
3 116
17 84
77 147
69 127
2 103
61 156
29 110
49 172
35 128
86 158
47 125
48 155
25 141
66 67
92 154
72 74
51 53
56 140
26 80
10 120
39 116
31 109
54 75
53 158
85 117
0 75
54 125
84 141
49 78
16 132
102 177
13 163
0 169
28 182
33 125
104 131
110 139
35 70
72 108
23 56
3 48
141 162
115 141
134 139
18 152
106 155
9 67
11 54
122 162
72 93
31 105
8 180
57 61
6 115
99 168
2 137
47 163
150 157
68 94
31 152
41 109
56 160
14 55
1 109
92 172
26 122
76 169
46 148
143 147
40 133
81 148
77 150
26 73
62 151
71 72
65 85
75 115
121 137
68 159
29 52
52 142
88 154
108 178
21 28
11 175
139 162
74 173
25 176
156 171
112 146
40 44
21 122
170 179
32 84
51 61
60 149
40 135
146 178
133 148
46 89
89 140
55 162
42 151
104 167
100 129
112 179
92 171
133 161
66 87
34 168
65 182
32 47
59 93
154 181
10 85
25 177
21 66
7 11
93 155
61 116
81 182
23 99
14 108
32 169
13 32
16 163
41 107
48 153
70 75
36 175
59 126
54 172
89 162
33 144
133 147
59 108
96 131
42 165
54 116
14 112
67 125
37 153
2 13
10 154
29 108
6 146
47 111
151 161
123 154
110 138
26 94
71 89
58 150
13 150
94 124
40 49
12 48
62 82
70 153
130 177
158 177
47 97
60 168
92 141
136 151
97 140
73 106
5 98
121 172
49 53
64 158
5 66
77 106
69 165
88 139
120 146
81 99
72 77
29 61
66 158
129 173
108 175
78 83
14 45
73 112
74 182
56 143
34 177
70 111
7 37
11 78
95 101
17 162
47 180
81 93
2 118
51 87
161 175
86 119
27 114
11 76
27 110
61 98
24 114
81 166
128 162
92 134
66 138
115 176
12 77
3 159
33 83
2 130
68 85
75 81
103 172
38 164
78 161
39 98
56 77
15 48
6 120
20 56
88 138
5 40
63 155
109 110
57 105
0 84
1 112
118 151
58 89
101 130
4 84
147 180
85 141
8 131
136 175
49 137
122 165
25 93
78 96
77 155
14 156
72 145
28 90
77 113
2 46
48 127
0 88
17 70
115 158
33 169
69 105
37 105
121 151
88 125
70 83
103 154
114 146
79 130
32 105
138 146
52 123
48 49
119 172
38 106
80 123
26 100
12 41
129 178
167 173
43 117
84 136
99 109
27 82
37 91
27 87
59 105
109 163
74 96
44 96
52 160
23 136
152 176
56 61
35 58
116 172
119 163
74 75
17 47
56 59
33 172
133 154
42 77
60 179
40 97
58 77
25 103
38 114
105 151
94 165
42 86
176 183
44 126
45 166
52 67
79 168
6 83
48 121
37 75
56 82
6 9
45 73
1 4
157 167
2 32
30 157
92 105
121 176
37 150
140 169
48 65
35 148
146 166
39 61
40 103
9 64
78 142
64 66
9 47
50 88
41 47
37 106
144 153
110 178
20 169
136 181
114 172
1 154
39 108
48 97
57 65
81 112
124 156
56 156
98 171
15 32
74 159
56 115
47 142
28 78
45 150
148 162
74 126
36 121
6 151
57 108
81 176
89 147
3 80
111 164
83 159
143 158
154 178
92 113
33 135
112 168
3 93
10 157
66 108
14 174
20 81
17 166
107 179
12 24
37 140
83 172
106 170
46 118
6 60
48 167
115 165
94 166
1 22
135 142
66 91
1 100
92 137
24 98
45 60
76 144
5 123
53 85
1 23
147 149
10 101
71 117
41 146
86 141
15 23
92 143
28 147
4 53
27 59
59 151
37 109
6 172
10 16
76 175
132 148
40 68
13 20
70 82
118 170
168 176
72 168
47 79
54 159
51 127
89 124
26 174
98 157
93 147
2 29
26 112
61 145
115 117
59 162
33 160
23 182
22 105
37 87
67 173
127 144
15 161
76 98
45 162
92 182
136 147
28 92
60 155
55 177
31 69
73 130
54 115
141 160
62 74
62 104
16 157
20 57
120 163
119 126
69 174
152 177
111 159
66 101
75 152
55 148
146 151
107 157
63 107
24 128
130 143
40 151
114 152
71 91
109 156
36 40
123 149
86 137
133 152
36 145
6 38
145 151
25 113
89 152
24 124
52 104
94 96
119 177
110 151
71 172
17 64
41 111
109 134
32 163
1 49
115 177
21 137
72 82
88 171
89 181
22 47
8 18
1 144
88 121
108 122
21 94
12 32
125 153
83 139
2 144
27 101
19 64
107 109
115 145
30 79
28 131
15 120
71 128
68 71
59 67
146 167
120 183
40 115
93 132
82 105
50 60
52 141
3 139
43 170
90 150
162 180
52 103
107 130
83 110
122 174
24 67
2 178
47 71
1 52
80 126
26 93
28 150
92 183
65 152
28 85
69 93
26 52
168 178
68 72
78 145
29 102
124 182
45 144
98 164
104 162
77 133
43 111
72 90
4 97
10 102
9 119
124 174
75 104
88 181
3 122
18 172
32 37
81 177
12 74
68 130
60 81
41 103
31 182
84 159
1 56
106 127
30 145
105 123
109 171
50 149
99 120
81 94
118 166
20 141
44 171
92 160
53 180
38 131
5 116
40 164
109 164
38 160
2 25
77 79
74 108
105 155
30 91
29 166
113 158
72 155
39 165
152 163
123 127
69 179
54 143
68 152
26 113
25 31
35 37
4 136
13 103
0 130
16 156
42 129
2 27
58 166
43 172
97 105
73 166
129 162
71 87
11 106
27 92
56 89
104 165
71 180
73 94
116 127
160 168
3 21
71 73
85 167
19 138
15 75
65 177
66 136
82 167
48 102
34 116
76 130
17 123
33 49
81 138
57 89
62 90
108 147
75 118
107 121
36 149
117 120
55 113
14 152
103 141
36 151
114 136
9 65
14 166
28 163
137 179
160 163
74 120
15 114
30 36
34 49
81 105
5 161
44 120
31 61
41 175
114 160
36 164
21 59
46 159
7 142
64 154
17 138
74 83
56 105
5 16
102 160
6 44
14 141
52 176
27 100
21 147
51 86
96 139
56 127
5 44
3 149
141 153
14 131
26 116
30 97
88 136
2 55
4 173
30 142
30 73
8 160
39 169
6 111
45 126
84 168
94 95
1 5
41 158
124 181
53 169
38 174
32 58
105 163
27 45
42 175
22 81
24 125
77 145
113 139
64 130
53 149
44 48
19 151
137 152
48 80
7 183
137 166
68 160
147 165
14 98
16 44
90 101
114 161
99 147
8 149
18 65
64 98
26 119
35 136
71 126
17 40
131 168
152 153
105 106
145 148
12 28
34 127
94 101
10 135
1 78
47 183
15 64
41 132
16 150
77 137
1 67
88 141
89 182
36 154
30 31
113 152
112 121
126 150
180 183
20 103
88 104
43 69
25 151
25 42
34 63
45 159
4 38
12 76
27 56
143 183
126 130
72 83
65 123
18 148
56 124
3 145
44 79
13 181
103 134
38 173
154 180
108 136
56 101
89 129
71 141
61 165
49 150
144 159
14 103
7 115
75 98
110 159
23 119
21 81
50 145
135 145
41 166
50 128
72 73
37 54
75 105
166 173
26 62
125 141
14 65
4 93
51 73
18 131
19 76
71 154
3 111
166 167
28 48
71 99
86 114
73 124
123 161
149 159
33 52
40 179
73 101
50 138
31 88
64 65
6 157
2 70
87 135
25 119
26 28
26 74
21 98
102 153
14 125
48 71
119 134
28 37
32 125
39 166
30 37
35 115
30 100
34 95
55 151
145 161
129 136
22 166
76 146
20 162
100 167
50 100
10 172
11 20
91 183
97 110
50 107
152 165
55 163
83 102
22 65
62 127
24 174
18 49
68 78
42 57
77 181
57 173
133 157
89 113
45 135
6 54
22 85
77 126
77 156
168 180
38 144
23 181
0 47
11 99
58 128
21 162
102 140
9 115
75 87
82 109
37 182
39 89
100 173
14 179
112 132
140 183
10 100
26 121
64 129
19 178
86 147
10 28
32 41
72 136
72 148
47 51
77 81
168 170
79 114
4 106
18 129
46 80
31 158
12 58
42 65
118 148
112 170
29 181
4 72
45 175
0 153
14 79
102 131
59 141
121 160
54 121
80 135
1 132
114 173
163 168
97 121
8 90
44 179
17 27
35 49
70 145
77 90
47 68
55 64
118 180
113 131
57 141
24 150
50 108
67 131
70 161
54 154
69 92
120 180
82 88
129 134
24 115
9 138
9 86
38 79
86 150
128 159
54 162
24 44
98 103
75 172
54 139
8 103
102 113
33 121
53 90
10 177
19 54
117 159
3 58
120 149
76 122
95 158
109 111
91 112
53 128
42 130
56 166
12 49
76 87
17 148
102 175
15 25
48 54
2 91
0 134
41 165
76 118
64 89
156 182
44 70
21 152
52 96
38 167
56 179
39 180
67 164
124 176
81 100
142 183
87 173
76 95
61 96
40 178
22 109
66 177
43 95
68 73
12 89
116 130
13 57
22 146
54 90
28 120
72 91
73 123
94 104
13 107
122 128
14 74
27 62
9 159
39 117
16 124
95 161
74 97
94 117
5 91
70 114
32 33
89 157
92 118
74 106
25 147
84 155
145 162
2 172
55 181
31 44
99 136
90 176
121 177
82 128
108 127
56 175
6 177
75 134
37 80
10 53
13 143
29 53
3 23
24 84
17 179
34 78
114 124
38 93
90 149
35 139
103 131
114 121
59 98
81 181
107 143
44 69
71 88
92 100
40 181
66 144
135 154
121 153
90 165
12 71
83 105
21 51
19 63
16 180
107 132
31 142
89 120
134 172
62 73
11 23
8 150
76 164
138 141
33 170
81 169
27 127
72 117
24 43
62 175
5 53
11 144
46 132
95 144
7 73
79 176
9 35
1 74
60 73
74 183
43 119
69 169
131 138
50 55
2 169
51 96
47 174
2 19
63 70
130 132
113 117
16 25
27 109
14 153
28 133
18 43
6 8
122 152
169 177
94 183
15 59
58 137
45 179
80 161
7 54
104 125
44 178
51 79
27 78
22 123
28 60
55 76
4 160
38 50
66 96
130 173
74 101
156 168
51 166
41 122
59 131
55 175
82 172
132 175
69 139
23 53
24 41
67 156
123 168
167 178
23 80
59 87
13 106
73 150
90 170
27 39
2 140
57 159
6 129
47 99
33 92
163 169
47 76
136 152
48 94
58 174
56 117
56 130
7 109
109 152
13 147
107 110
60 117
80 144
134 147
41 140
121 180
158 176
104 139
11 134
94 150
129 180
124 126
13 31
9 105
85 131
114 122
108 121
43 54
4 152
36 80
24 173
100 152
134 148
124 150
79 183
35 36
6 18
114 162
18 122
49 122
33 60
66 103
119 139
35 86
41 82
8 85
101 114
67 176
82 110
52 147
31 56
4 111
1 97
30 109
120 159
19 79
27 77
22 175
26 145
6 15
68 181
30 152
22 154
39 77
10 167
126 179
117 135
60 145
52 81
10 141
37 164
32 57
107 149
111 139
30 83
6 31
92 98
59 150
76 97
69 136
167 174
8 172
47 124
89 131
169 171
9 107
27 111
7 81
39 71
35 142
13 61
82 127
79 97
14 123
88 174
3 163
21 105
80 139
16 18
50 163
132 140
103 120
82 129
148 157
64 160
99 170
21 110
121 129
143 162
70 123
62 126
29 132
19 147
7 147
81 140
25 75
15 81
123 152
161 177
151 172
43 145
28 47
38 146
1 73
37 139
82 85
162 169
79 156
27 148
14 93
18 58
151 168
19 57
0 8
111 171
100 165
67 106
117 181
116 123
106 120
35 171
32 107
19 33
83 151
35 130
79 163
154 183
32 158
2 4
9 14
28 51
36 68
116 136
73 145
49 81
59 124
7 181
21 36
23 154
74 171
80 95
6 161
6 147
124 178
5 163
100 181
22 42
39 152
116 163
59 65
17 119
61 146
75 146
61 134
37 115
90 154
140 163
64 167
37 157
106 153
66 133
52 166
17 112
69 108
92 110
115 144
75 137
35 122
42 142
47 62
75 103
25 168
7 174
32 177
151 153
3 60
89 170
57 68
80 166
106 145
90 171
0 64
17 74
59 64
64 86
46 112
45 124
27 158
15 74
1 43
88 113
31 93
131 159
14 122
57 110
35 43
4 98
54 65
25 107
2 96
134 135
5 125
2 61
63 79
120 139
55 120
16 27
55 149
25 82
61 131
48 128
40 121
70 156
3 108
71 94
14 26
12 179
51 162
34 108
54 150
82 175
32 66
35 47
8 33
12 183
31 157
71 155
61 97
110 121
18 35
56 104
165 177
13 59
107 175
36 75
11 139
81 116
27 95
76 79
8 109
12 42
22 35
115 133
40 66
95 150
27 166
9 27
101 154
63 157
119 130
85 174
61 89
62 159
18 57
112 143
45 82
105 165
16 141
147 174
15 104
80 99
154 156
29 122
18 32
4 135
91 157
100 141
52 154
112 177
32 172
90 100
45 121
1 14
38 72
42 73
52 73
18 154
17 180
122 159
116 177
96 151
139 164
43 113
102 143
15 44
44 168
30 155
54 97
97 158
63 118
101 122
18 100
42 58
96 140
58 78
109 173
99 153
86 89
39 45
2 97
20 84
51 155
84 181
100 109
24 94
159 177
87 138
168 175
23 26
103 165
35 135
75 132
18 113
10 87
149 183
126 173
64 107
13 104
108 115
83 148
0 52
74 175
51 150
96 117
75 119
36 94
1 29
14 113
34 165
66 81
115 179
89 90
24 78
76 107
63 69
4 81
10 68
104 144
61 90
36 129
39 151
11 92
7 46
128 181
129 169
106 150
41 106
30 175
59 165
123 167
40 100
19 93
136 182
0 177
36 77
94 168
15 128
146 154
103 166
36 162
76 100
24 121
15 159
77 112
38 147
45 153
23 161
145 183
52 145
40 138
0 180
99 104
38 152
16 49
66 78
111 156
111 113
24 152
45 149
62 147
108 113
107 168
127 155
75 97
42 133
11 176
108 167
29 113
142 172
7 60
162 182
22 62
46 169
47 150
96 107
5 15
76 89
96 103
60 147
147 182
120 130
147 169
75 153
8 129
5 28
55 90
104 161
91 132
60 171
6 113
63 93
58 134
106 143
21 154
16 62
2 129
103 138
127 181
104 168
9 72
72 118
29 60
0 55
150 176
80 89
78 107
71 123
39 176
116 139
106 124
61 167
37 38
5 83
133 173
81 84
18 62
8 152
60 160
94 138
129 149
4 28
106 165
60 181
102 154
78 100
28 52
29 45
65 78
99 145
47 147
147 179
42 87
8 138
93 97
38 95
97 139
66 84
25 50
18 143
162 170
100 158
88 128
19 108
83 137
52 162
112 124
9 166
56 85
100 108
54 151
2 167
28 181
45 70
45 119
26 102
55 152
137 167
79 93
21 128
90 106
49 101
53 179
132 137
53 103
102 147
69 75
52 121
50 98
150 163
5 141
100 101
74 148
28 144
49 69
20 136
62 91
175 176
5 97
44 137
9 123
128 176
22 49
19 179
21 139
45 157
37 93
36 53
0 13
94 118
71 96
44 46
91 125
117 179
66 132
165 182
119 136
37 78
7 130
16 101
88 122
1 157
166 170
65 113
28 32
154 176
8 117
83 85
37 112
32 153
122 170
96 141
27 118
117 160
113 135
83 150
24 33
48 112
41 54
56 141
36 147
111 121
103 156
42 104
43 55
11 98
125 170
98 111
106 156
19 58
81 164
108 151
52 54
14 77
54 105
78 164
46 179
12 160
31 134
39 157
28 81
175 181
53 73
12 85
29 140
77 160
72 139
50 74
171 177
22 43
39 137
1 24
146 169
3 154
97 145
63 167
73 77
75 157
71 102
25 135
81 161
85 147
125 134
89 155
82 146
116 171
125 158
19 46
40 137
125 171
45 147
26 29
27 137
5 55
113 181
27 63
42 122
44 162
83 113
16 87
46 62
38 123
41 169
113 124
33 38
3 143
61 161
18 77
53 130
89 100
122 136
11 15
133 150
44 75
111 142
82 106
7 17
68 183
95 168
45 156
0 97
47 54
0 34
52 168
75 135
33 51
8 165
40 176
8 99
5 138
59 62
61 181
93 174
42 68
14 117
142 150
20 140
87 145
23 48
35 83
35 140
31 127
88 179
109 172
92 112
49 145
8 88
18 163
46 170
26 137
44 45
5 122
61 110
85 150
151 165
122 148
95 177
35 81
51 81
93 118
4 176
43 144
103 173
143 179
110 117
125 179
45 87
4 158
4 41
7 57
13 80
13 65
148 165
96 154
31 159
4 69
108 140
132 163
37 136
88 94
45 64
127 180
23 69
26 177
145 177
97 116
69 74
86 122
139 150
49 121
39 50
95 111
122 133
23 183
26 136
34 129
148 170
6 46
146 163
57 158
8 182
111 149
38 132
83 162
34 99
11 33
92 128
12 146
49 155
75 96
42 117
4 77
25 51
58 118
23 43
59 157
10 60
156 166
73 113
128 168
54 98
141 172
109 170
54 100
33 171
138 167
74 167
49 94
93 105
64 67
131 148
109 161
30 156
87 142
83 171
36 49
66 71
16 28
58 109
16 118
91 148
27 44
68 101
142 163
125 167
15 93
62 152
62 70
1 167
145 169
37 88
98 152
37 163
10 142
81 115
14 96
112 159
20 132
72 101
79 120
85 126
135 158
88 118
12 27
82 108
2 21
56 142
25 150
113 179
22 69
76 181
1 113
7 163
8 40
49 152
119 179
56 119
30 92
17 94
103 127
53 156
68 180
100 110
40 45
95 145
81 157
62 78
83 95
15 150
55 112
23 84
171 178
19 163
98 177
25 142
104 171
5 95
114 157
97 138
24 158
70 92
123 159
84 122
74 102
84 94
99 133
6 43
99 100
74 76
108 162
82 83
121 174
14 183
23 174
22 122
2 67
19 68
67 170
30 48
52 178
4 86
111 144
166 181
48 158
55 92
58 106
153 168
46 172
14 27
118 161
67 147
102 169
54 156
115 142
93 100
123 140
74 131
167 170
69 158
43 181
27 51
10 23
44 170
74 162
0 181
57 71
83 97
69 117
128 167
5 63
55 114
20 166
98 156
31 38
108 165
53 159
12 61
160 178
129 137
42 45
8 167
11 149
156 173
159 175
115 156
23 126
57 94
40 165
69 106
9 81
9 126
8 86
10 20
16 119
119 129
32 127
110 171
16 55
59 132
50 92
9 70
78 129
21 155
9 83
100 146
42 63
72 164
8 133
19 84
146 180
109 181
21 50
16 161
68 163
132 162
12 99
30 123
66 155
55 110
21 168
27 34
8 13
5 156
103 122
65 129
58 159
132 182
48 175
5 147
29 59
38 86
18 80
140 179
9 21
150 178
73 127
124 161
119 144
3 109
158 161
27 162
37 85
16 166
127 152
113 174
44 132
88 176
80 88
63 94
102 122
64 99
4 140
101 134
24 110
5 85
70 178
24 140
50 143
9 157
118 172
57 152
47 116
75 120
96 112
15 45
113 161
62 183
38 162
109 183
81 107
13 46
55 118
4 73
82 143
58 93
102 161
96 157
94 139
121 140
39 87
13 86
63 160
1 129
1 158
158 168
66 143
110 161
140 178
15 70
35 76
50 148
6 72
61 113
130 145
53 175
108 118
127 156
55 81
21 69
28 88
105 118
77 119
10 70
19 81
70 154
25 37
2 142
14 124
130 179
21 133
109 121
4 57
18 85
93 172
48 56
105 127
6 51
69 163
70 108
0 42
121 144
21 163
65 179
49 151
131 163
108 134
46 143
33 103
19 23
22 104
71 109
47 135
68 146
2 158
10 137
140 144
25 71
83 127
75 171
77 182
12 157
3 38
175 179
53 161
65 133
7 80
109 141
6 152
119 182
24 136
11 47
89 122
33 81
46 113
66 157
45 106
21 89
127 130
90 156
11 117
62 167
32 110
89 151
167 177
39 167
15 67
9 18
56 103
115 122
118 173
131 173
22 177
4 171
69 91
9 77
23 175
65 132
81 88
23 30
7 20
128 152
37 72
67 132
7 165
126 144
40 159
134 162
29 49
18 27
43 56
23 33
97 117
12 109
78 106
30 146
13 162
64 104
160 180
14 54
50 109
10 112
38 66
7 50
38 87
63 71
80 146
30 55
112 129
9 10
9 73
42 123
7 96
64 157
62 101
104 140
9 23
47 84
2 107
12 182
132 158
30 38
44 93
18 86
89 93
37 90
45 105
24 164
40 61
24 145
168 172
140 167
126 160
84 111
76 141
16 97
118 125
76 80
50 115
27 150
64 142
130 183
37 162
152 168
26 46
34 139
144 151
27 104
43 66
33 43
13 139
81 87
76 153
143 165
85 173
48 119
71 120
59 136
108 160
91 136
44 133
104 150
88 106
16 179
66 148
52 63
6 155
32 72
37 167
1 148
22 153
70 126
60 122
95 128
34 74
19 130
13 83
72 106
68 158
20 124
13 21
37 126
16 98
20 110
1 114
24 35
8 121
33 77
87 102
40 58
117 173
14 105
22 155
12 90
103 157
32 77
1 63
36 167
128 166
26 78
80 129
51 173
120 152
42 162
85 166
157 172
88 175
18 174
8 164
96 100
40 56
7 43
19 72
90 178
64 87
85 109
144 161
161 173
149 153
80 164
12 45
68 87
33 134
2 47
117 155
65 167
44 78
39 85
120 162
35 119
10 74
50 97
34 180
140 147
117 137
10 46
70 140
53 134
139 156
26 172
9 25
84 158
92 120
3 46
57 180
28 36
97 170
7 63
109 175
53 72
120 142
154 166
88 167
13 93
66 88
26 123
29 66
144 145
101 167
118 144
34 66
88 151
164 181
140 165
8 58
115 118
16 158
128 135
102 151
98 135
168 169
24 56
134 141
3 167
77 166
130 137
37 160
5 23
14 86
86 133
87 93
88 162
20 61
98 168
119 127
96 113
3 123
78 160
71 175
14 182
28 164
90 159
27 171
28 183
24 51
129 168
39 158
15 79
42 55
120 123
117 172
80 109
91 145
37 137
60 101
155 167
1 118
92 155
17 88
51 91
26 164
6 158
53 146
159 173
106 108
117 163
31 70
58 178
78 115
24 95
28 109
48 78
141 176
13 126
12 164
13 60
39 124
67 118
20 60
88 165
107 112
136 157
41 99
67 119
82 137
24 120
86 120
21 178
44 173
18 50
21 30
80 128
2 17
64 116
15 124
46 161
83 169
44 166
105 110
87 106
15 171
5 14
44 105
38 56
59 85
26 161
42 143
39 107
48 67
85 183
22 98
121 175
73 149
92 157
92 146
5 25
86 143
127 176
46 53
129 133
17 144
64 176
57 164
131 141
55 109
74 181
61 85
92 132
16 143
27 175
66 90
