187
11
13217
60
445 2
224 2
127 2
222 4
247 2
555 3
653 3
546 1
622 4
121 2
437 1
357 1
239 4
368 1
373 2
612 1
630 3
469 4
541 5
626 3
262 2
403 1
591 3
522 5
479 2
476 1
474 5
246 1
615 3
174 4
285 4
346 1
77 1
233 2
160 1
188 2
163 5
338 1
696 2
145 4
274 4
550 2
491 4
422 2
530 5
410 2
215 2
213 5
260 4
535 4
702 3
457 5
589 2
381 2
568 4
366 2
178 2
284 5
341 3
608 1
546 4
182 2
172 3
557 1
542 2
328 3
571 4
57 2
476 5
537 3
533 2
114 4
146 1
340 1
252 3
178 4
98 3
218 2
355 1
334 3
115 5
346 3
251 4
282 2
164 1
548 5
628 4
104 1
567 1
127 3
477 4
392 2
170 5
127 3
74 3
467 2
429 2
171 4
357 5
296 4
189 2
593 4
579 1
239 4
630 4
176 3
574 5
77 5
630 1
636 2
181 5
210 3
390 3
454 4
537 3
119 3
345 5
169 1
517 4
317 4
333 2
485 1
203 2
219 3
362 4
666 3
292 2
483 3
426 2
164 4
336 4
451 1
282 5
197 5
617 3
193 3
185 5
362 2
626 3
569 5
471 4
189 1
687 4
627 5
338 5
183 4
275 4
522 2
370 4
440 2
689 3
196 4
69 3
62 1
260 1
384 2
559 1
378 2
472 3
306 3
703 1
687 2
102 2
605 2
208 1
167 5
534 1
623 4
331 3
313 2
64 3
138 2
140 3
246 4
530 2
508 5
611 4
279 1
590 2
549 2
228 5
185 4
388 2
345 2
465 2
302 3
268 4
26 96
61 126
16 112
131 166
26 50
31 46
6 121
28 103
152 183
8 96
13 87
156 178
24 169
18 122
7 38
57 89
59 154
152 170
47 166
145 182
92 99
6 65
6 51
88 161
131 145
156 175
34 132
79 168
29 36
144 146
121 127
105 165
16 121
150 179
29 71
37 140
1 125
44 143
47 141
62 156
111 113
90 99
55 157
59 97
10 24
20 38
82 147
125 126
72 98
54 71
69 105
59 76
6 86
45 63
8 139
2 33
26 69
123 128
32 121
104 147
41 144
28 81
58 156
81 152
72 120
62 81
157 174
20 157
125 149
51 186
42 161
22 24
113 128
96 123
84 156
60 158
1 112
26 60
17 114
66 93
67 146
46 175
168 184
155 178
100 132
0 174
136 161
32 145
36 131
120 140
25 101
79 183
69 125
79 176
51 113
69 155
34 92
136 149
138 176
55 84
62 92
128 144
35 72
52 173
71 122
170 182
37 40
35 43
20 178
74 145
26 106
119 152
77 132
53 167
161 171
38 119
31 160
16 107
33 135
115 147
68 99
133 156
66 137
126 156
131 168
123 179
6 20
62 131
176 181
23 119
38 130
43 57
19 29
12 13
84 159
58 91
109 172
67 165
20 30
18 38
84 128
136 186
17 185
19 90
20 124
44 118
142 165
79 89
88 114
14 136
81 166
102 141
80 137
87 162
16 19
27 61
7 8
83 128
67 68
107 185
78 138
87 132
49 159
143 179
106 179
9 171
25 46
14 18
12 157
93 182
55 102
85 174
74 140
8 61
38 107
0 117
20 102
115 184
69 169
109 140
94 106
112 139
24 76
19 21
53 68
126 140
98 161
1 10
49 92
56 73
12 170
6 180
47 69
89 180
94 156
65 80
66 180
17 72
143 173
62 77
139 183
10 63
107 170
6 130
20 98
73 120
135 158
29 55
128 157
40 49
31 154
37 100
96 141
52 157
91 145
110 144
72 86
73 156
71 123
135 149
111 138
112 113
4 149
9 175
48 88
61 159
62 86
68 163
152 164
20 41
103 130
77 155
22 60
43 163
78 162
79 144
33 111
21 157
27 95
48 125
10 183
52 115
136 175
30 149
5 37
17 171
8 116
20 77
50 185
64 134
80 110
11 104
21 81
125 147
156 173
77 125
31 181
73 166
41 179
69 182
42 111
122 157
52 86
91 121
13 155
48 80
2 155
47 171
123 141
25 30
115 183
43 130
78 84
34 99
76 138
1 157
96 137
37 56
54 135
90 140
54 122
53 152
67 166
86 143
4 155
15 87
102 163
7 139
85 99
176 178
86 163
48 69
18 75
8 48
72 160
55 101
48 101
15 74
80 122
145 180
3 172
18 68
79 140
25 52
12 67
34 148
122 163
127 177
76 87
16 29
58 85
59 133
108 171
60 74
23 120
10 160
39 160
3 104
55 106
49 121
8 10
61 73
31 84
125 157
162 172
89 93
50 155
157 185
67 72
27 136
119 125
6 26
13 149
20 167
102 128
146 149
40 154
122 153
50 54
131 153
64 156
57 106
127 181
7 111
94 129
53 63
146 166
83 86
12 172
22 64
20 153
52 73
27 102
8 109
77 142
134 145
54 171
24 55
48 121
70 134
84 152
34 42
107 120
20 64
156 182
110 185
135 182
30 57
79 170
39 148
153 156
64 82
152 167
25 172
67 149
66 170
17 59
134 147
4 59
132 140
48 92
142 164
0 79
59 141
3 145
128 146
155 159
13 116
33 37
39 154
6 49
89 134
85 124
73 114
141 143
155 171
103 136
5 112
21 69
70 116
151 160
116 182
100 120
117 151
64 94
135 185
40 47
7 57
90 177
125 152
6 102
36 61
8 39
83 173
2 7
88 164
10 155
60 93
13 38
5 45
26 45
103 120
14 162
36 170
103 183
99 169
54 73
42 131
29 185
116 154
93 173
157 169
42 63
121 148
33 53
131 135
74 135
133 186
54 141
33 52
4 177
22 90
41 123
76 81
15 51
33 125
9 51
57 175
38 109
88 173
11 92
103 105
81 125
95 148
0 157
15 89
22 84
47 167
9 181
81 97
65 150
92 149
81 164
172 186
76 128
74 108
69 109
73 169
29 107
22 43
132 171
11 158
135 154
13 183
53 101
55 68
42 76
86 97
79 113
59 88
77 131
103 131
151 184
84 175
36 183
52 175
66 171
1 145
5 59
63 135
58 111
32 150
31 48
5 31
28 138
2 5
39 91
64 139
21 76
58 173
37 139
84 182
40 163
12 63
123 145
127 145
0 33
89 97
45 151
63 154
166 180
94 150
5 111
98 129
142 161
11 74
29 84
19 180
34 74
103 162
33 107
109 180
43 122
164 167
31 103
4 13
10 81
145 156
55 124
0 22
61 108
0 155
90 105
36 173
79 169
31 129
64 186
58 97
107 138
18 51
58 153
136 183
19 169
48 145
62 78
51 69
104 145
51 169
69 85
58 179
126 185
40 52
3 93
27 173
87 94
11 87
3 60
83 148
103 114
142 171
26 112
97 177
143 164
60 75
56 57
27 165
3 20
28 52
4 94
76 151
37 182
25 149
157 176
103 161
29 82
143 145
33 117
118 132
62 167
80 94
4 75
39 79
31 105
72 97
165 182
59 111
35 77
15 179
23 105
16 108
2 20
11 103
26 178
2 60
48 142
72 113
94 95
173 184
6 173
30 75
150 172
0 66
12 77
0 28
27 156
74 89
138 183
37 148
98 127
11 176
0 180
114 175
99 182
16 91
8 65
46 131
84 114
117 165
133 180
15 92
145 171
50 67
137 150
61 124
85 156
87 177
14 19
22 115
89 114
132 167
37 114
21 160
153 173
82 101
123 130
15 141
84 147
86 115
91 129
84 135
110 182
96 144
32 78
61 120
10 169
1 55
27 96
64 168
31 149
46 167
53 146
73 179
37 79
85 112
42 58
20 91
12 52
18 126
16 22
143 184
91 130
91 128
11 61
23 169
102 175
58 132
15 122
84 172
53 183
14 134
20 163
116 172
120 149
2 65
6 94
107 126
18 168
14 186
144 164
113 177
21 50
64 177
24 137
57 165
42 165
41 97
17 186
47 137
166 174
68 137
164 178
33 179
116 165
151 163
158 161
176 179
39 100
14 94
128 152
71 93
128 130
109 127
1 54
125 176
33 127
33 129
54 72
3 51
129 147
110 154
48 146
77 108
92 116
19 101
49 108
9 36
49 146
23 84
94 101
80 169
14 175
93 105
3 92
61 162
44 59
68 128
53 126
39 120
120 168
42 83
28 162
52 81
164 176
112 158
39 50
0 128
86 162
28 135
1 32
94 149
28 36
127 128
88 134
19 50
15 104
127 161
37 41
64 152
14 66
83 170
2 78
2 90
61 171
24 167
14 93
119 123
29 49
16 98
73 115
19 71
31 146
91 109
29 174
77 128
84 151
143 147
111 166
85 130
154 178
35 169
25 175
3 35
53 82
101 186
63 94
73 145
49 170
24 42
64 161
66 156
110 124
81 110
107 121
45 69
47 126
93 119
26 27
31 159
37 117
4 68
117 164
106 160
160 178
33 110
8 17
103 137
16 26
60 143
20 40
71 155
41 114
131 185
4 89
15 103
22 101
69 100
6 91
20 156
27 89
36 112
34 41
19 108
86 132
149 176
119 150
81 83
129 133
84 167
168 182
78 112
34 67
62 96
100 135
114 130
12 177
5 178
34 123
85 153
102 150
24 183
108 167
77 180
143 177
156 158
0 2
36 165
45 176
13 131
78 105
54 124
30 131
17 132
18 147
7 166
23 136
33 64
32 169
16 157
148 175
9 119
10 57
14 121
13 94
125 173
55 99
44 86
26 74
132 155
63 131
75 117
171 173
46 94
132 173
57 133
29 46
20 146
129 167
24 141
64 145
25 185
28 32
66 111
136 179
94 140
42 120
18 100
43 74
45 186
118 152
145 167
42 74
102 148
99 143
24 114
46 166
21 60
138 171
44 169
70 135
26 127
70 167
54 94
14 100
18 42
21 78
36 142
128 185
84 98
50 159
28 49
34 75
19 183
28 53
80 128
57 76
71 131
1 82
30 111
117 170
31 137
3 161
59 100
111 128
5 60
58 143
138 143
83 139
70 133
6 29
45 101
149 158
60 160
106 148
25 120
70 106
145 153
21 150
103 124
2 30
35 70
10 35
116 146
48 176
70 89
80 116
106 137
111 171
72 159
90 128
10 88
15 163
15 76
24 145
1 126
44 170
148 171
119 127
44 175
152 155
58 109
18 146
19 79
108 133
127 163
36 145
152 166
108 122
28 178
29 133
0 23
30 64
81 148
102 152
45 81
127 153
71 72
64 107
90 94
31 152
24 170
23 27
28 148
25 117
73 161
138 180
60 84
2 85
34 186
132 145
108 172
42 61
26 49
148 185
56 114
51 63
107 132
4 128
2 50
131 157
101 152
56 69
69 113
15 101
17 123
8 152
115 153
0 26
11 113
93 97
39 176
23 137
45 164
37 57
53 162
12 74
49 185
13 97
59 96
91 123
75 162
111 173
167 173
56 85
40 97
146 173
57 170
54 139
82 137
38 81
35 166
29 109
65 105
75 138
59 161
98 120
29 86
3 156
88 155
141 175
52 55
4 107
52 68
4 22
89 109
79 153
41 177
31 133
20 34
155 181
21 29
7 30
73 175
21 171
119 129
35 64
113 118
69 156
23 41
18 113
54 173
41 167
15 65
43 121
152 178
24 62
15 112
56 155
22 142
27 60
17 156
72 81
94 120
1 22
144 157
23 67
66 176
34 150
20 57
33 134
29 111
13 181
12 108
66 140
15 80
20 103
11 23
31 147
33 80
11 133
16 134
122 166
98 185
109 168
114 145
3 88
7 147
44 89
99 140
18 174
46 57
20 97
19 67
43 133
8 46
116 142
117 136
44 149
68 162
90 115
62 130
84 177
32 95
81 133
2 97
3 107
54 88
60 181
69 108
16 146
54 147
122 178
13 73
10 124
9 81
10 58
113 120
88 129
0 134
79 105
62 125
61 92
114 179
39 102
23 45
156 160
101 128
42 105
72 139
99 161
90 165
1 151
14 36
95 184
125 131
104 184
47 121
53 102
4 71
162 181
95 169
90 173
32 87
39 88
164 186
39 112
87 159
12 17
38 180
41 143
64 96
112 130
104 140
7 102
0 81
63 118
41 168
30 63
121 172
3 113
47 98
81 181
9 129
55 120
29 34
66 113
59 165
133 151
81 154
27 39
37 75
43 149
112 144
55 147
34 138
83 174
59 147
21 134
76 166
71 94
94 108
39 113
39 62
102 127
10 32
15 180
77 179
154 159
39 92
85 141
36 127
135 152
75 176
22 29
67 99
57 91
24 120
13 125
40 155
53 178
96 136
146 177
22 127
26 156
35 106
117 168
75 142
79 81
125 155
11 49
58 149
85 150
68 85
7 78
40 84
86 160
66 182
70 108
74 137
24 63
68 159
44 127
2 134
2 185
21 154
60 90
35 80
23 91
79 110
23 50
79 95
64 120
26 67
16 177
12 93
101 183
51 71
71 96
44 115
82 120
150 168
112 169
60 95
13 47
59 162
69 71
51 142
67 164
91 182
7 14
81 121
115 116
53 85
9 31
141 172
9 45
154 166
18 78
27 83
60 144
149 169
61 116
81 159
31 183
114 143
100 125
79 86
81 113
59 130
15 175
46 145
71 80
62 102
20 101
39 74
9 176
33 42
115 142
47 100
51 176
34 46
32 61
1 116
125 154
3 109
149 184
1 16
131 180
92 108
59 92
61 93
25 132
0 30
13 74
56 150
86 118
51 165
58 144
93 183
62 147
93 169
71 164
54 121
113 136
94 162
26 32
88 158
48 170
33 38
88 180
92 145
59 104
109 153
29 67
128 150
34 167
69 158
103 159
85 131
92 164
22 85
34 153
10 150
95 172
6 56
109 124
60 131
121 130
43 105
69 99
3 61
42 185
91 139
14 115
23 166
79 93
56 148
62 182
63 153
15 109
20 49
21 105
91 131
68 176
36 90
31 97
37 98
89 170
28 63
73 147
1 73
43 124
132 144
67 162
31 116
7 155
42 97
2 14
92 111
57 94
41 82
82 114
100 157
102 122
67 130
7 26
57 126
68 78
16 80
21 99
98 126
34 102
156 174
9 103
123 135
59 138
16 160
158 183
18 21
40 58
80 164
96 119
29 101
106 130
53 89
52 96
101 137
74 185
101 125
136 164
20 52
29 183
60 104
56 118
149 153
75 120
6 146
97 114
44 45
16 117
25 69
4 139
104 178
169 172
74 93
15 79
113 183
61 177
4 48
78 118
9 167
91 95
87 145
47 136
157 159
39 99
56 119
65 101
41 107
14 92
2 102
37 84
121 184
21 181
61 118
9 155
88 117
44 120
50 74
57 95
36 69
63 157
8 63
12 94
51 120
51 115
16 43
51 183
87 133
92 150
71 139
7 21
72 88
23 81
12 58
172 182
39 80
41 117
81 85
97 156
69 116
56 82
12 127
38 147
53 114
33 120
65 113
32 77
60 126
43 147
74 168
92 139
26 61
70 109
115 161
40 45
17 140
85 142
22 145
8 135
51 101
141 144
27 158
71 95
119 151
130 144
67 142
77 103
138 174
166 186
33 118
4 157
19 20
143 168
1 34
22 167
50 181
96 101
76 186
106 183
75 109
11 108
136 139
70 173
62 138
140 168
117 131
29 155
90 166
144 169
85 92
127 172
21 128
142 148
91 120
125 167
19 144
9 153
73 111
9 137
49 166
105 159
12 42
10 123
107 179
22 100
49 87
55 63
80 157
146 180
9 120
48 82
47 162
22 39
83 182
109 137
85 110
49 139
22 51
79 134
166 167
25 111
74 158
121 143
18 92
99 176
99 105
117 127
73 138
33 70
22 153
109 136
47 178
94 183
28 147
27 45
68 164
43 45
28 133
40 114
145 174
108 123
143 182
73 128
21 93
106 142
45 127
1 5
26 164
34 185
27 44
170 179
76 111
24 151
72 158
97 121
121 157
35 53
29 125
105 125
1 18
80 134
80 177
34 96
12 78
10 46
16 25
105 180
14 68
36 181
66 175
26 116
138 147
151 159
4 104
86 111
5 138
72 168
4 132
62 111
73 159
122 177
66 114
34 63
95 130
52 119
27 43
155 156
121 128
121 153
11 33
18 57
26 46
57 71
10 156
46 82
6 149
118 159
76 164
18 102
112 179
88 116
53 138
96 161
45 105
85 129
99 136
18 152
17 33
85 123
38 168
10 111
76 112
15 35
63 109
80 154
59 156
93 149
13 153
81 129
25 53
131 148
151 168
0 75
89 157
76 122
6 55
14 65
70 88
12 118
26 176
127 167
51 122
70 127
4 82
40 173
61 151
9 65
28 79
76 139
37 184
94 127
65 169
69 184
76 170
146 184
94 182
38 45
48 63
51 53
84 143
153 180
10 84
98 118
55 98
14 132
17 167
168 172
49 51
64 131
118 157
29 181
67 152
55 180
99 134
3 76
54 75
96 122
35 117
26 85
15 29
1 159
110 120
23 74
35 177
146 161
89 112
32 35
95 145
4 118
149 175
155 184
11 17
21 35
6 21
37 74
63 117
43 62
6 14
12 105
96 143
70 73
176 185
18 45
57 98
52 137
87 111
124 129
18 76
20 80
18 117
102 165
85 158
33 60
34 66
4 79
114 139
28 75
6 63
17 93
136 159
139 170
11 26
134 168
50 119
19 46
169 181
106 159
62 88
69 145
40 148
119 160
39 45
1 109
14 54
98 138
61 148
84 166
61 121
34 177
19 125
98 158
10 105
30 136
1 51
22 55
16 63
14 71
75 95
75 112
3 183
113 151
124 130
53 147
112 178
59 177
2 112
91 114
84 183
55 171
54 128
82 134
129 160
5 81
107 183
42 143
116 147
177 184
88 128
52 99
69 180
11 167
7 79
93 159
6 138
54 65
47 71
9 62
62 69
26 115
137 183
114 170
59 150
105 122
20 130
25 51
39 135
4 158
113 174
133 177
86 159
35 167
16 155
70 146
42 49
147 183
48 164
57 173
148 158
72 85
26 141
68 171
75 165
89 179
67 177
6 61
5 80
56 186
12 46
48 103
80 117
71 160
24 162
93 167
150 164
30 87
61 179
106 167
79 135
36 40
40 50
87 107
24 122
13 107
99 112
24 135
28 37
43 171
100 156
70 119
36 56
23 38
23 182
74 101
154 181
5 77
84 179
46 69
10 147
70 155
73 160
174 186
23 112
140 174
125 143
121 124
93 135
77 172
68 149
19 115
82 87
69 172
7 101
124 163
109 117
85 127
20 179
9 99
30 140
71 170
85 122
60 176
102 143
17 91
115 123
77 130
125 186
107 175
12 119
19 81
159 165
160 173
82 125
7 22
14 159
118 140
18 115
72 182
12 27
74 97
13 170
33 175
95 165
87 99
44 157
16 67
18 101
0 135
99 115
150 161
89 149
76 146
126 153
36 71
47 144
17 178
8 158
4 8
52 83
61 94
97 143
139 174
146 167
64 118
1 143
141 166
5 186
77 104
133 176
127 141
46 119
81 109
99 149
103 186
27 133
23 186
101 132
155 173
11 101
5 58
28 117
93 142
52 70
117 146
2 151
133 162
31 169
158 180
27 92
58 120
126 144
18 65
24 142
20 135
59 178
29 119
5 43
16 99
22 175
49 61
134 179
149 156
10 175
61 184
23 83
63 79
117 181
13 91
53 123
45 183
14 90
22 130
7 174
95 128
77 85
45 172
102 139
54 101
9 79
60 120
29 162
13 53
79 106
35 109
32 148
87 120
72 125
85 113
19 172
124 143
50 169
47 158
58 62
16 73
99 170
93 146
90 117
162 171
70 117
53 66
180 186
67 126
72 87
81 149
90 123
170 180
0 49
141 173
97 128
5 182
25 164
54 155
67 100
76 177
107 151
51 181
119 120
24 64
74 121
80 185
1 45
109 170
82 123
111 185
34 49
70 81
41 66
49 67
16 149
13 61
175 185
102 118
62 76
117 185
27 151
9 68
51 145
54 168
78 128
44 87
54 162
13 168
6 84
19 132
139 181
57 148
23 140
24 26
35 140
15 86
34 82
58 69
68 93
124 126
38 100
47 74
15 136
14 130
60 79
134 164
57 182
24 91
2 125
153 185
49 72
10 157
43 146
157 175
90 91
144 150
160 181
21 88
42 96
36 124
20 110
12 70
140 163
59 185
36 158
51 54
78 169
129 136
74 84
84 132
49 186
106 115
10 22
118 161
56 132
9 20
77 84
26 56
25 184
15 140
126 151
59 99
17 55
29 153
11 45
52 132
25 56
30 186
34 101
18 94
94 110
78 83
64 175
49 134
74 106
157 160
115 140
6 39
95 140
98 100
102 176
45 124
44 148
54 186
5 9
66 181
56 138
30 148
61 119
74 119
5 127
32 177
45 50
33 99
181 182
141 170
13 100
125 180
8 87
135 155
36 119
54 149
25 55
67 144
9 63
66 174
29 158
113 163
28 153
38 176
69 175
27 157
17 95
37 54
70 129
36 63
122 130
85 128
175 177
68 144
26 123
71 184
140 143
48 167
25 94
19 111
28 55
21 92
76 167
27 90
65 137
135 140
4 147
58 178
2 144
74 126
28 100
12 121
49 183
82 111
29 45
76 83
35 49
38 181
122 145
128 142
33 131
3 37
42 94
119 131
69 73
115 129
54 114
82 173
29 135
0 8
116 183
21 106
128 186
17 81
44 181
39 130
101 185
88 184
99 183
87 172
66 105
85 172
3 127
37 181
38 116
34 64
83 143
10 113
140 181
140 151
105 153
10 52
21 52
38 143
107 131
53 159
118 147
52 118
30 84
21 176
73 154
45 129
84 173
9 186
12 113
3 33
59 140
21 44
11 116
72 149
112 154
105 173
147 148
160 186
18 106
47 134
2 146
43 182
13 113
13 46
63 174
32 51
59 135
80 82
30 159
113 129
32 67
144 162
107 110
104 114
56 70
97 182
5 154
101 144
8 165
0 103
140 171
5 71
70 163
57 150
8 162
57 161
33 184
111 159
64 97
12 14
20 85
145 183
21 86
62 116
60 68
24 40
57 125
107 117
153 165
74 138
29 105
161 183
74 169
8 50
24 74
25 168
79 182
21 42
46 104
98 140
3 177
41 122
150 157
40 123
31 165
35 137
13 18
86 122
10 55
24 87
99 124
11 126
53 139
14 138
9 19
52 122
4 27
72 77
42 155
83 175
64 166
51 116
29 39
93 132
71 168
60 134
60 92
84 176
128 148
3 86
88 120
129 169
8 37
144 184
46 184
119 138
46 73
88 183
73 87
32 110
60 179
127 169
102 107
25 167
5 41
46 144
55 132
58 155
49 103
123 166
43 166
20 90
124 152
19 28
93 181
49 105
100 168
23 111
91 106
14 22
52 172
70 140
9 166
70 159
112 128
61 147
146 181
149 179
123 154
78 172
169 180
28 157
67 161
14 129
4 105
82 168
44 66
4 37
107 150
48 106
69 146
33 81
133 168
45 126
79 82
52 87
113 155
54 112
25 45
163 179
9 139
2 6
9 114
58 101
70 77
92 155
26 70
18 90
113 181
63 186
135 173
92 94
38 120
66 160
13 157
86 154
121 131
110 114
149 162
71 161
121 140
105 135
59 79
90 142
122 161
30 33
0 140
27 53
22 69
35 120
44 138
138 184
5 149
33 63
72 180
127 179
70 136
39 179
63 108
21 49
160 182
42 77
62 66
54 93
70 171
11 28
139 140
47 183
22 59
40 53
23 71
11 55
52 106
22 38
55 137
1 144
84 92
81 119
68 139
39 162
91 170
104 121
83 161
73 96
16 173
157 177
100 116
153 178
132 170
50 139
32 96
18 184
20 139
30 142
62 162
103 143
62 65
73 81
47 169
0 19
88 153
47 127
90 168
108 132
69 82
47 87
122 160
3 36
14 108
59 174
17 149
88 160
38 78
18 178
4 28
65 135
5 106
76 88
53 157
109 150
69 147
53 120
112 137
91 172
80 147
37 174
147 160
36 120
94 126
32 64
49 115
73 83
34 172
71 141
34 61
78 153
52 102
66 127
33 119
12 151
45 163
10 21
139 147
16 59
21 167
21 114
29 42
41 142
137 185
29 33
0 111
18 28
8 77
109 159
28 61
76 168
69 88
45 89
13 51
129 143
138 157
54 130
56 63
61 112
65 179
5 86
3 13
122 159
139 186
6 15
10 97
18 93
83 106
81 117
17 147
22 95
11 122
114 171
133 147
53 104
101 158
66 72
143 181
124 159
45 143
5 82
21 97
78 91
27 76
45 125
85 96
135 144
61 130
38 114
26 107
16 81
58 96
67 168
62 142
120 171
30 123
91 92
2 157
0 18
108 152
70 76
17 124
11 150
88 143
15 116
102 103
66 68
29 131
44 51
44 92
19 51
29 142
92 114
85 107
51 161
8 54
92 132
152 156
10 67
86 174
57 130
57 61
45 54
94 113
10 170
12 158
126 137
57 140
45 123
87 115
24 89
57 115
128 153
53 164
12 85
67 104
57 160
18 172
123 186
44 84
50 53
105 186
121 182
125 160
117 132
54 61
0 11
59 90
51 79
107 177
88 174
55 160
77 135
51 151
33 58
56 177
23 33
71 88
31 33
17 77
12 34
74 163
6 136
86 176
21 126
65 87
14 49
128 181
99 186
58 64
89 181
67 80
7 39
143 176
30 129
87 89
25 106
95 98
148 154
49 165
65 145
7 164
111 163
73 127
122 170
37 142
162 170
76 89
6 27
25 37
135 177
62 106
50 117
139 184
104 177
161 175
55 174
14 81
154 170
44 142
63 66
42 130
4 44
61 176
111 175
108 144
3 40
40 167
162 178
47 56
34 126
126 139
68 172
158 169
121 177
93 141
61 105
82 98
1 108
106 181
129 163
37 96
3 182
73 97
88 178
38 66
10 115
77 181
63 130
116 171
131 155
6 22
44 85
170 184
48 116
0 35
34 44
15 182
87 154
72 156
101 166
98 108
29 41
49 107
140 142
95 137
98 155
46 114
15 145
125 171
27 118
19 175
70 179
16 124
30 107
40 120
42 158
19 61
81 143
51 52
44 56
38 76
110 140
47 174
104 123
122 173
55 122
35 145
44 160
110 163
18 47
155 172
9 159
25 44
28 120
62 143
70 83
52 63
110 183
58 177
110 137
36 151
79 92
16 77
93 144
15 59
75 86
106 135
87 178
1 154
124 174
61 70
177 182
35 158
56 84
34 97
0 39
104 176
76 99
149 170
14 177
30 113
15 69
2 98
144 182
86 179
26 133
76 85
63 121
2 103
4 162
83 115
13 54
79 184
46 149
16 106
94 137
45 177
51 60
44 104
31 80
181 185
159 186
9 168
64 172
53 144
63 89
59 157
60 97
57 137
9 110
40 81
61 160
89 121
1 75
124 149
111 125
45 99
42 116
18 148
87 126
29 118
68 148
24 130
28 160
83 137
57 128
76 160
22 48
23 125
75 108
89 164
114 123
69 84
115 179
35 133
35 162
67 106
86 126
108 183
59 64
119 178
14 119
8 137
109 128
21 130
42 115
56 170
108 120
14 114
71 148
10 132
39 145
0 85
23 65
71 101
1 110
16 75
128 170
75 123
35 155
169 177
51 103
17 53
101 112
28 112
108 115
92 121
102 129
111 140
76 117
134 178
52 97
64 112
49 132
48 109
95 104
85 179
76 130
74 171
7 184
78 104
67 139
83 138
86 184
33 154
0 87
65 69
113 165
19 77
131 138
13 150
14 16
28 31
0 106
120 177
42 54
62 172
13 108
0 47
59 186
17 27
80 146
38 86
89 135
130 163
51 107
25 118
95 141
44 97
43 50
23 147
12 131
21 111
141 160
167 175
5 51
46 99
112 143
142 151
82 119
23 122
82 133
14 29
58 81
77 99
117 163
77 170
95 110
39 180
115 169
159 164
88 132
9 161
40 184
5 151
48 137
51 67
121 134
106 170
117 121
96 181
1 77
75 97
91 151
56 135
10 167
134 154
68 79
57 80
64 170
60 109
8 56
148 170
15 34
4 111
74 115
6 58
147 173
116 185
157 164
76 124
60 186
54 106
146 159
47 138
77 150
26 47
73 133
107 111
60 61
91 119
30 100
14 161
65 123
48 184
41 65
53 166
35 67
3 72
20 147
78 149
89 173
122 133
141 158
62 177
97 175
37 112
165 178
124 161
82 142
5 65
20 56
69 94
145 146
132 160
76 127
63 151
20 128
98 133
56 157
39 76
39 85
43 185
90 143
14 58
2 95
26 121
114 169
43 54
4 114
90 170
11 118
65 147
9 29
127 129
61 183
31 145
77 98
18 156
146 162
40 92
44 107
40 103
65 133
71 117
8 14
88 165
98 184
38 122
29 98
36 163
78 100
40 157
117 139
31 117
70 160
57 113
99 108
84 119
142 166
62 160
123 134
51 73
73 180
12 84
5 164
27 52
48 102
97 178
40 111
6 81
13 45
56 126
89 159
68 166
16 159
81 178
61 168
0 82
142 156
6 13
63 159
20 127
17 76
26 52
36 175
30 74
5 100
35 113
112 131
133 175
173 179
49 74
146 170
103 182
111 157
81 96
9 54
94 121
24 185
91 133
80 119
26 163
41 76
84 165
25 112
11 41
80 145
118 176
170 181
145 162
7 74
150 169
149 182
22 65
122 125
61 83
163 166
170 171
72 126
2 81
109 112
34 136
98 186
20 142
95 176
56 113
78 180
93 116
5 62
26 59
24 134
42 118
13 33
61 99
46 103
93 109
57 111
5 146
84 153
66 129
65 129
93 153
18 77
86 131
66 88
69 106
32 142
69 179
153 176
76 98
30 81
64 113
82 105
118 135
136 176
118 124
110 139
128 176
117 120
25 163
88 168
67 156
6 40
48 93
165 167
72 123
31 91
108 118
5 113
8 84
26 103
168 183
55 156
80 109
28 82
30 92
84 112
115 160
94 143
66 185
90 112
40 59
51 128
87 186
107 122
10 18
96 98
79 118
86 157
49 55
45 145
31 155
15 105
104 134
14 56
21 45
60 182
58 67
16 69
71 181
13 119
11 58
69 160
26 78
93 110
132 133
31 114
6 169
42 124
84 120
8 123
10 176
22 77
21 149
133 137
94 179
15 94
16 70
13 31
85 115
44 173
39 59
77 151
92 103
56 116
39 93
17 20
148 153
56 115
45 116
48 56
3 152
60 161
179 181
0 57
17 56
103 180
28 184
129 168
53 64
46 185
156 163
19 159
31 161
89 119
104 186
73 88
51 119
34 55
25 127
92 105
103 167
12 179
113 132
7 42
130 145
42 121
8 185
13 37
68 179
47 184
70 120
34 144
72 162
83 164
78 92
42 151
80 103
70 147
118 150
83 103
120 125
63 143
127 137
143 154
81 183
44 153
34 161
66 131
46 80
7 160
89 106
41 115
100 143
114 156
7 73
135 166
106 151
132 172
23 87
95 155
47 165
0 101
73 182
1 30
11 121
99 125
60 83
43 86
95 177
87 164
11 136
43 95
65 106
17 130
50 75
33 176
85 152
137 166
83 141
47 170
3 157
164 169
4 168
6 166
26 54
16 96
58 94
40 153
20 115
36 86
1 26
23 43
148 151
13 133
127 150
46 174
114 155
85 154
106 178
29 85
127 151
0 181
24 175
150 155
65 176
0 110
9 118
58 88
27 71
144 158
3 159
1 117
112 126
58 172
113 144
152 161
57 114
55 141
43 82
18 158
45 53
51 91
70 79
128 167
31 61
19 114
55 130
15 81
157 179
119 162
148 161
18 20
128 159
24 119
18 166
7 125
54 92
59 93
41 55
0 186
99 129
43 175
25 59
3 166
105 185
30 41
91 101
84 137
127 143
104 157
101 168
6 117
19 94
22 104
34 149
32 164
51 159
75 185
3 137
130 182
74 147
53 80
12 123
55 181
105 134
5 7
132 135
118 167
93 160
82 153
42 164
56 106
87 167
41 68
127 142
38 50
5 93
63 114
49 181
68 186
171 176
124 158
147 176
38 157
108 185
37 81
81 144
31 136
60 157
15 178
97 176
19 87
134 155
60 123
130 139
8 91
81 100
18 176
67 151
71 73
62 112
79 126
4 144
155 176
51 149
0 73
25 154
122 171
21 121
29 70
78 87
82 102
54 144
46 77
32 71
41 112
12 99
16 172
4 181
120 159
41 58
61 66
34 164
10 143
171 182
49 179
109 135
159 173
55 73
50 184
101 122
9 90
50 177
38 46
113 178
85 86
11 146
110 158
11 129
93 96
33 83
20 61
11 71
37 158
52 146
41 111
63 133
27 42
139 151
9 113
63 74
87 160
86 120
58 116
43 136
52 138
108 170
79 99
39 129
135 167
104 158
101 153
4 66
26 130
31 45
131 173
0 109
143 178
98 150
31 135
22 27
62 70
36 111
3 162
58 92
117 152
47 186
85 138
135 165
76 183
38 79
18 141
1 142
68 104
15 117
119 124
22 154
21 144
99 142
48 115
48 98
17 180
141 155
0 70
74 112
28 40
24 138
69 164
11 47
50 148
14 125
25 162
99 151
8 12
8 44
21 156
13 20
65 173
8 69
56 96
52 177
29 69
139 169
58 98
124 155
86 99
34 108
52 152
80 155
52 167
22 76
84 139
3 63
68 86
122 169
137 153
38 85
32 155
10 61
30 67
4 176
56 105
44 105
11 86
4 54
8 128
7 20
26 114
37 119
41 105
23 100
15 68
18 151
19 75
96 176
63 85
38 137
82 139
54 133
82 146
54 100
98 137
25 79
23 47
43 162
49 76
72 117
141 180
129 175
65 98
60 117
37 73
67 170
29 171
75 160
59 67
43 61
4 180
13 134
150 152
15 127
55 113
155 160
21 43
16 178
5 44
17 116
141 152
38 153
60 89
10 87
16 110
18 127
57 90
23 28
22 141
39 75
83 96
15 27
13 121
46 50
82 127
47 103
163 186
78 80
0 182
100 180
10 122
165 175
17 135
83 133
12 25
22 31
132 156
1 46
2 69
14 126
34 94
70 123
5 78
143 165
55 162
83 127
26 28
182 184
96 162
59 105
139 176
66 96
1 37
5 134
15 161
47 163
135 171
43 73
122 154
122 164
6 113
39 168
75 78
45 97
66 164
63 142
161 186
70 186
98 182
13 147
133 150
67 90
19 30
71 183
42 184
68 169
29 160
34 174
113 141
61 79
144 152
132 136
39 185
55 109
57 164
59 121
136 143
12 163
42 84
165 168
69 130
137 165
98 151
43 179
41 149
115 175
66 120
136 155
97 115
34 71
108 176
74 78
20 78
8 102
127 136
18 131
30 62
31 42
20 158
20 169
8 186
131 183
90 181
27 184
75 173
40 134
72 143
40 162
75 119
10 163
96 163
40 166
58 89
30 130
43 44
32 45
100 181
92 137
3 105
93 137
126 181
42 148
14 158
96 159
49 86
54 154
31 37
21 162
62 144
32 43
65 110
87 155
118 141
173 182
20 134
82 104
43 106
91 142
106 146
75 147
77 112
77 107
76 157
93 184
32 186
90 172
54 153
89 175
86 171
102 156
129 153
28 126
85 144
66 82
54 117
53 59
68 92
67 76
0 98
95 179
86 101
65 93
79 96
2 26
10 92
85 169
123 182
53 129
55 118
46 177
73 95
138 152
27 28
69 178
51 185
70 98
12 31
33 143
147 154
78 90
79 90
112 151
89 130
1 19
89 128
44 134
112 175
42 122
61 103
65 73
35 65
3 47
105 118
111 154
35 89
66 133
125 132
163 171
35 139
39 164
100 144
12 148
13 161
35 88
17 144
7 113
88 145
2 54
55 163
87 117
23 157
74 180
104 129
16 101
59 125
2 173
1 83
29 97
157 184
44 81
3 171
83 120
53 55
120 123
129 179
59 103
42 90
76 106
27 86
70 181
48 169
75 126
106 128
33 75
18 61
3 64
111 134
46 54
28 168
116 150
46 181
38 42
143 153
110 127
7 154
27 98
77 137
94 186
72 151
130 185
115 120
23 58
179 185
78 125
32 153
84 97
65 118
37 145
120 127
52 149
30 39
60 183
66 145
69 166
105 179
120 131
77 156
56 137
14 172
86 164
43 115
29 165
74 120
102 154
10 74
141 168
66 115
0 177
47 91
164 165
63 181
103 123
41 109
21 22
152 186
102 111
156 185
17 181
48 52
81 88
17 47
12 180
57 58
77 175
19 160
57 110
144 172
28 59
47 58
9 95
11 52
131 161
89 139
35 48
70 180
103 157
36 129
132 182
137 155
15 102
50 68
39 65
4 120
163 184
40 78
76 154
45 114
147 171
47 90
106 185
135 170
38 145
8 170
110 153
129 185
55 166
167 181
150 158
35 185
91 113
55 97
55 88
173 186
71 163
7 55
134 176
36 174
6 72
95 157
36 161
72 154
26 168
38 83
19 80
120 169
87 104
107 166
143 148
94 118
127 186
89 147
64 162
77 129
96 109
159 178
48 83
70 158
47 160
13 136
48 67
32 34
40 164
51 173
103 122
4 83
81 163
163 173
24 66
49 100
32 107
79 115
105 156
128 154
89 171
102 168
59 128
45 158
132 169
64 127
92 119
16 92
165 186
113 168
12 76
23 118
92 97
90 182
0 169
52 69
102 124
3 77
58 77
72 93
61 68
46 76
95 183
54 167
68 124
30 34
25 100
171 177
114 129
68 181
3 101
42 150
3 23
13 143
60 96
90 175
35 173
22 171
25 157
58 127
27 62
180 183
36 134
32 122
62 82
39 177
34 169
34 112
34 135
166 179
58 59
2 35
59 118
4 76
0 160
60 146
75 175
60 178
108 181
40 156
37 62
87 161
33 62
115 170
175 178
141 177
89 169
43 102
11 143
73 173
37 160
38 102
9 16
111 115
39 137
46 148
14 21
110 133
93 140
5 105
67 91
42 56
151 157
4 43
12 83
96 117
136 152
1 74
52 185
62 80
91 116
40 138
100 167
160 184
32 170
61 136
0 142
33 173
9 179
91 105
118 186
23 32
8 89
41 96
163 170
87 138
13 156
52 133
0 24
85 183
17 109
64 103
52 128
120 124
78 143
7 45
2 156
5 91
8 134
4 23
34 116
69 165
104 179
23 148
27 70
116 120
51 126
72 163
43 46
19 99
51 86
36 136
147 178
28 161
88 98
27 54
21 112
103 158
7 36
81 150
117 171
87 93
30 184
4 55
21 39
15 119
90 121
56 154
116 156
29 64
81 116
3 148
148 181
51 66
161 173
16 42
25 146
153 172
56 133
95 164
17 106
75 146
52 91
2 114
44 185
31 98
9 60
73 125
138 146
86 141
151 171
40 130
31 92
7 56
79 174
116 177
89 90
5 27
67 183
2 8
44 151
63 70
101 165
106 107
43 186
96 112
19 60
73 176
80 135
114 125
50 140
63 83
1 28
132 139
38 55
66 124
133 152
28 54
39 71
10 86
102 115
72 136
111 165
58 167
52 104
141 163
45 68
71 162
68 108
27 68
120 161
108 161
26 72
23 151
26 165
5 90
43 48
19 186
57 135
52 179
57 82
19 147
94 107
67 116
33 141
55 60
50 153
31 185
70 99
101 129
26 159
65 166
103 150
61 169
111 172
24 71
64 114
40 183
65 71
83 146
96 113
75 115
36 135
8 49
2 59
60 162
56 60
128 173
20 69
104 166
36 48
49 63
73 139
20 99
81 132
160 179
14 149
96 135
20 44
165 170
110 117
146 157
20 63
13 151
145 150
96 158
130 173
161 169
117 166
56 71
46 176
48 166
162 180
72 133
110 141
12 50
83 97
51 93
48 89
55 76
98 106
17 70
111 141
62 168
50 71
99 138
85 186
40 93
17 162
37 125
93 145
19 59
13 142
86 94
61 78
76 145
45 148
133 159
67 167
46 118
91 155
60 85
30 59
34 51
97 106
139 171
33 124
4 64
91 111
160 170
27 47
43 97
119 158
25 26
169 176
47 96
21 58
102 123
2 145
52 130
77 144
25 143
59 77
109 129
16 151
32 136
41 53
5 143
73 100
25 29
79 121
35 60
136 172
122 156
63 162
97 174
3 181
44 129
14 163
68 77
65 120
136 145
16 116
69 163
140 157
141 153
98 168
23 85
125 159
160 166
10 182
37 162
117 182
42 67
52 136
22 113
90 114
17 115
63 129
49 147
75 150
31 58
139 159
153 171
33 130
17 111
108 116
120 178
44 168
21 47
35 94
4 15
77 88
51 84
30 79
23 139
89 142
69 96
74 136
70 113
120 158
153 162
8 153
101 174
41 156
7 105
17 75
143 150
100 106
162 186
61 84
7 83
131 164
50 165
171 183
63 126
50 120
135 174
64 137
18 36
25 141
73 119
108 160
3 14
19 109
21 25
70 103
16 137
108 117
39 161
36 107
71 136
119 176
86 148
93 161
76 182
19 112
81 184
70 75
23 40
98 119
49 123
6 80
27 31
155 186
139 154
84 88
36 115
62 127
28 179
71 132
85 146
64 93
47 64
40 147
18 25
17 126
176 186
26 166
66 144
23 69
48 119
68 175
39 56
45 171
114 157
154 164
155 180
6 104
50 80
13 171
40 171
136 162
9 27
89 156
28 121
52 163
97 153
5 94
44 126
127 135
25 62
7 10
165 185
141 165
6 18
140 175
118 156
9 47
81 91
41 169
92 113
45 128
21 161
56 146
76 84
83 95
152 165
137 154
77 126
158 184
38 39
30 156
10 53
34 118
103 109
17 179
57 97
29 157
41 182
99 118
54 148
26 55
0 10
62 94
119 185
2 23
63 68
44 159
62 108
31 102
133 145
77 110
18 173
89 92
34 120
45 83
56 161
74 178
9 149
31 68
5 64
75 96
76 108
77 121
133 184
49 168
8 159
47 182
113 173
150 162
62 100
48 132
59 173
30 162
9 128
38 138
60 70
83 134
147 186
44 52
59 114
155 168
134 160
8 184
49 152
56 77
38 63
53 173
68 174
8 73
113 154
44 119
56 112
114 137
109 121
60 127
53 135
123 157
34 88
105 162
28 170
109 171
22 186
46 124
79 186
14 182
2 83
79 131
108 175
164 181
84 124
122 175
40 158
74 81
28 172
17 83
79 143
88 105
18 138
78 88
12 156
113 121
115 156
92 168
41 153
57 158
105 127
166 177
41 148
97 112
17 133
40 44
5 184
154 165
28 176
4 80
77 122
27 37
39 144
1 158
24 39
68 114
21 102
21 59
126 171
63 77
19 143
66 97
43 168
20 27
54 113
15 139
38 91
55 71
10 108
74 111
167 185
3 100
66 121
49 124
14 104
53 71
133 170
20 43
6 75
77 82
70 121
21 34
91 124
71 154
31 99
117 123
17 74
64 86
1 123
16 51
31 94
36 97
29 59
29 96
68 156
76 102
1 44
92 161
144 159
87 114
94 122
15 48
1 168
28 118
55 87
82 141
96 130
94 104
116 180
55 150
109 116
104 152
101 134
10 19
169 174
1 52
51 129
7 76
23 30
36 82
4 70
100 145
109 181
17 60
78 114
95 119
58 61
51 157
1 105
71 105
155 174
79 178
69 127
15 73
24 184
29 75
116 152
162 166
41 99
128 168
14 86
63 136
55 125
7 29
103 160
0 78
42 64
4 179
128 132
136 165
17 177
109 182
45 135
74 76
27 46
0 62
96 147
17 88
137 170
6 36
92 154
42 154
20 42
6 159
15 49
46 171
58 161
30 31
77 185
68 96
102 142
9 61
37 78
125 129
26 84
100 185
6 134
147 179
9 50
11 142
108 184
124 132
150 181
26 151
45 47
19 58
16 44
4 140
117 149
44 58
1 33
23 126
172 185
32 99
100 174
1 27
49 130
117 138
158 173
64 150
52 147
45 71
6 154
112 145
4 169
62 126
12 102
44 79
103 147
27 114
7 84
67 182
80 162
1 62
150 153
23 95
13 90
68 126
118 155
12 166
41 183
96 115
47 49
110 118
64 119
43 89
28 76
18 71
28 65
0 161
96 149
102 153
67 129
57 143
84 89
12 26
24 150
1 99
49 138
123 165
103 138
19 103
145 163
83 153
23 161
68 105
113 164
101 103
91 168
49 158
116 140
3 9
108 159
67 75
56 67
8 36
109 179
104 144
2 27
166 181
34 87
6 139
10 117
0 36
37 110
127 168
20 50
37 59
110 143
0 20
84 121
31 143
140 145
76 147
65 92
66 109
1 114
7 27
40 145
99 127
97 140
80 102
46 59
120 175
115 149
29 124
167 178
139 157
67 112
34 124
60 163
51 64
33 159
97 162
7 18
31 118
39 143
68 111
112 172
64 160
63 185
87 129
46 121
10 159
59 109
58 113
149 185
41 132
8 94
74 113
150 175
55 151
21 36
92 183
108 151
100 153
43 52
144 185
30 154
138 142
13 75
41 161
9 105
166 169
20 149
3 138
9 87
38 151
123 153
29 146
78 141
39 40
138 165
98 166
43 77
96 164
116 128
27 116
53 142
10 131
83 167
11 91
30 50
23 26
48 95
147 156
24 78
140 186
118 139
16 84
87 98
108 157
71 77
107 143
178 181
24 172
85 136
27 94
42 55
28 95
140 182
23 79
56 125
54 105
65 159
97 151
4 136
113 139
59 87
114 117
111 168
138 140
11 94
103 149
79 147
78 116
0 173
10 178
101 106
46 96
34 73
30 124
7 31
114 160
32 167
71 176
15 22
48 143
5 76
30 99
70 139
47 154
33 100
39 42
78 99
97 167
63 73
81 122
39 90
5 142
112 134
34 78
160 162
73 167
8 119
52 89
89 183
100 104
132 176
83 84
15 165
81 136
167 169
48 135
155 166
111 118
32 84
3 136
29 137
72 157
38 142
1 140
118 158
27 72
59 101
52 123
19 56
45 115
3 106
2 150
10 59
57 155
45 117
12 135
42 66
32 171
36 101
133 136
19 174
64 133
39 149
161 181
85 175
37 178
0 4
4 130
33 102
11 95
10 85
7 116
19 105
24 70
54 97
3 95
40 101
115 148
91 103
2 75
5 168
39 156
50 147
13 30
124 177
33 163
87 147
105 182
53 131
54 111
9 52
110 178
86 138
105 110
41 108
16 111
61 62
87 163
46 159
10 177
1 113
35 122
30 150
5 33
12 89
28 110
25 105
158 166
68 82
118 178
56 181
74 95
1 153
183 186
92 160
3 91
13 63
96 131
10 154
65 141
139 167
48 107
145 186
71 151
114 153
8 154
160 164
108 138
132 184
36 65
138 149
142 169
19 22
14 157
23 162
37 165
51 111
78 103
11 85
97 127
69 174
68 141
127 147
72 75
145 178
125 144
119 155
55 183
58 146
93 130
9 122
93 157
65 154
112 148
15 83
6 43
2 43
132 138
61 164
41 81
30 106
2 24
26 113
63 179
64 143
35 52
56 176
11 38
106 109
9 14
31 83
4 36
6 141
29 91
89 124
150 165
21 184
97 169
82 165
5 22
53 168
85 105
147 151
62 169
69 80
164 177
26 77
50 135
26 118
94 163
12 175
104 138
173 175
58 118
93 123
81 137
27 167
56 109
25 95
4 117
39 182
16 140
6 120
155 177
40 116
48 112
21 155
40 165
74 125
54 156
46 88
41 186
50 86
4 88
11 184
30 48
85 88
8 120
123 136
103 104
123 178
35 124
2 79
0 118
6 179
34 154
91 186
56 123
177 183
137 141
44 162
100 138
22 99
45 152
60 174
64 85
1 160
50 136
23 173
3 174
136 182
7 25
47 135
72 131
105 148
28 141
101 138
65 160
126 175
12 171
68 143
35 56
36 113
2 88
104 136
104 116
46 132
162 183
28 50
147 180
105 109
21 141
62 72
6 35
134 167
117 158
106 186
148 163
129 156
6 126
138 155
59 110
14 75
22 164
90 108
41 78
21 61
29 132
42 91
47 161
101 127
88 172
57 103
60 119
16 120
95 105
23 72
2 82
124 157
31 142
100 110
68 119
1 40
38 108
140 158
39 66
7 51
120 186
60 118
20 154
1 129
138 160
33 170
111 184
154 183
3 52
157 166
58 104
74 175
91 156
127 148
52 148
27 34
27 29
59 144
123 158
12 80
99 132
29 145
23 108
108 141
38 140
148 157
2 107
166 168
64 138
90 125
43 129
20 87
147 170
49 95
15 26
53 180
105 140
22 28
88 89
24 29
49 118
44 128
9 11
43 131
49 117
12 185
58 102
54 127
66 178
0 16
32 157
52 160
34 113
120 179
117 148
8 78
130 161
64 117
48 58
115 181
137 151
125 179
37 136
94 111
28 130
23 116
47 67
152 174
22 93
48 139
10 133
59 84
44 166
4 18
84 125
8 110
31 113
35 100
36 140
69 128
16 100
21 63
49 161
41 70
91 138
69 135
65 67
14 113
113 137
49 101
38 178
88 157
149 165
63 172
114 159
71 111
166 183
32 60
143 146
80 83
9 162
144 151
82 116
36 125
93 147
8 127
110 186
117 167
27 140
7 81
109 125
39 51
55 116
0 48
81 139
25 135
134 142
6 133
106 124
45 179
70 172
119 161
21 53
103 108
110 164
104 170
82 118
0 1
97 138
78 134
161 184
150 160
78 106
156 177
76 176
10 42
151 173
101 182
17 122
11 79
133 155
1 80
124 133
74 159
118 184
22 81
48 74
94 145
58 115
45 182
151 185
124 171
71 108
48 180
168 175
34 160
14 120
99 139
79 158
41 128
87 112
59 124
112 142
74 170
120 142
144 183
45 65
37 141
78 96
7 137
109 169
41 51
119 137
12 23
33 92
72 152
60 112
15 137
17 49
0 44
35 130
43 90
14 180
28 60
116 167
2 116
117 133
109 186
163 176
5 102
107 144
92 178
17 99
102 144
46 128
19 171
90 110
23 171
20 138
14 91
33 150
111 167
57 153
86 104
12 184
72 109
62 99
16 83
129 173
48 134
15 36
34 182
25 73
7 156
75 98
32 119
104 127
28 159
86 139
43 60
45 180
4 45
15 115
52 75
3 84
47 115
19 42
82 94
65 125
10 140
69 142
156 179
117 145
8 90
57 151
33 51
81 130
35 85
71 87
64 165
11 139
120 150
21 84
157 181
80 93
14 48
138 173
51 88
17 89
91 161
64 72
49 104
30 177
92 185
34 37
126 145
12 55
53 74
36 83
122 141
136 178
4 24
65 168
6 23
1 185
44 76
159 172
34 111
74 85
21 48
21 123
2 36
13 58
54 170
53 160
37 175
65 146
79 163
58 150
66 165
6 103
17 165
22 131
93 176
18 161
73 117
42 114
57 87
15 25
48 87
11 134
29 144
53 79
40 105
82 86
71 144
13 162
167 180
56 58
134 166
30 69
56 120
21 136
90 133
55 65
134 140
63 148
105 177
125 139
77 118
8 33
96 153
40 117
29 154
32 58
66 149
89 91
141 162
106 166
13 172
120 138
20 58
27 59
37 152
136 170
54 104
89 148
95 152
8 79
40 125
12 16
65 161
108 154
79 112
32 172
44 165
16 180
1 47
150 166
20 54
54 68
128 172
80 100
8 100
109 167
86 165
18 37
55 92
75 90
16 179
4 121
16 33
19 73
1 50
70 132
54 175
60 150
32 42
120 121
7 41
5 130
54 89
151 172
54 74
89 108
96 99
2 147
48 51
41 86
29 62
2 167
101 135
92 163
46 173
23 90
68 134
43 103
38 70
64 75
20 47
49 106
72 130
70 166
95 182
31 95
74 184
121 186
36 51
37 104
3 117
149 172
20 148
74 116
100 105
27 164
46 125
58 135
107 146
5 129
65 142
99 185
166 176
72 111
64 167
53 137
42 108
43 98
23 164
149 181
111 116
9 141
118 127
21 172
15 167
18 128
0 163
128 160
81 84
77 114
73 75
67 160
147 167
54 91
5 161
52 140
9 53
122 183
42 160
8 98
95 158
105 107
4 124
31 163
27 130
144 154
32 113
28 62
123 146
92 98
137 182
40 54
111 132
10 173
49 77
39 155
45 136
34 104
23 160
126 172
91 137
7 89
64 159
15 168
104 159
2 178
47 93
25 158
5 159
106 110
18 85
164 171
22 71
147 169
21 94
137 167
96 166
0 114
106 117
59 149
56 101
1 171
98 173
42 99
49 182
118 166
64 66
101 180
13 123
43 63
84 93
99 180
0 104
43 143
66 116
30 70
4 112
5 55
33 48
140 160
110 160
133 141
2 101
119 140
57 123
36 132
114 167
11 166
44 90
74 130
61 163
117 176
11 168
121 179
82 150
60 111
46 113
136 153
54 180
28 58
42 167
73 102
29 159
46 183
8 99
6 16
15 126
7 175
114 131
77 182
73 141
41 59
25 137
38 159
24 88
131 181
106 119
23 98
18 39
53 84
79 104
146 152
131 175
108 121
62 105
8 68
158 176
49 135
33 61
34 127
42 186
89 102
139 149
103 179
60 64
52 156
30 128
5 128
113 172
46 154
9 92
1 131
12 146
12 139
55 159
119 159
4 90
121 183
6 59
28 107
75 132
20 122
40 66
25 63
15 24
69 152
12 60
127 165
105 137
7 33
33 116
101 120
68 90
24 174
101 173
87 97
54 70
99 145
5 74
10 114
88 131
65 122
38 134
77 86
86 98
26 30
15 41
153 164
14 38
20 125
10 165
8 145
1 64
90 100
94 142
13 76
77 177
66 139
10 101
43 93
69 131
26 132
7 87
41 171
105 157
16 65
115 130
3 28
30 132
63 104
9 28
70 164
5 116
43 112
53 134
25 102
88 104
121 155
22 152
156 166
39 114
87 108
62 93
154 163
90 150
115 157
65 178
129 184
60 106
12 126
30 115
11 152
104 137
32 70
2 58
26 162
65 185
20 165
12 62
74 86
55 95
120 172
5 61
45 80
27 35
127 180
24 41
76 135
94 119
62 184
22 148
31 130
18 52
76 116
77 140
37 109
32 128
21 124
27 134
82 129
181 184
27 170
46 83
73 124
108 124
7 16
72 92
158 185
16 50
26 82
3 175
43 108
114 178
26 73
79 109
24 121
18 135
108 137
68 125
137 144
1 60
74 152
86 147
45 58
167 179
38 172
31 96
95 108
37 186
132 180
121 125
67 102
73 86
74 161
82 97
20 144
174 176
96 97
53 179
47 112
110 170
58 180
25 122
135 168
25 152
2 184
53 163
65 116
73 170
43 148
63 175
103 119
69 157
68 103
83 152
88 176
65 83
26 122
117 160
16 156
24 140
106 176
90 160
2 133
70 130
113 186
32 56
92 138
97 164
22 63
65 88
21 152
65 167
72 181
32 180
32 111
106 174
89 120
96 121
139 141
31 72
7 142
35 163
29 38
18 46
67 89
113 133
84 170
27 121
91 96
16 53
36 68
41 185
7 92
69 87
8 146
27 182
9 170
27 122
45 61
99 113
46 70
74 144
37 130
86 135
3 21
51 83
82 132
21 51
147 152
155 175
70 152
31 150
139 148
5 52
83 88
64 104
15 154
2 182
15 148
8 132
50 126
130 136
0 100
21 110
8 40
180 181
69 90
9 132
145 172
15 186
31 156
132 162
112 174
131 177
40 177
116 151
56 75
27 58
173 183
23 181
72 128
58 126
51 72
82 128
142 179
64 142
142 184
52 141
15 183
86 129
6 181
147 149
151 179
148 180
135 162
113 169
88 159
93 124
72 179
86 113
150 159
132 178
9 30
36 74
169 173
122 151
20 186
13 39
43 80
59 180
51 171
61 145
49 141
43 139
7 128
58 139
52 186
93 117
33 74
174 185
95 168
129 186
18 169
28 43
46 97
14 111
76 172
84 107
104 167
46 79
79 122
16 39
13 34
22 135
115 132
147 181
20 155
45 84
59 62
23 39
32 91
106 180
48 77
90 93
28 114
12 66
21 38
80 89
91 167
55 153
102 145
14 55
113 125
11 111
105 150
56 92
73 104
16 176
161 166
17 26
65 171
22 47
48 133
106 126
27 33
106 132
52 79
86 127
104 139
84 178
129 159
49 119
37 72
18 163
115 137
84 94
148 149
43 85
14 185
78 136
22 46
134 141
108 135
46 172
27 40
0 21
122 136
37 64
144 161
13 72
43 65
43 151
0 139
169 186
13 117
25 148
26 68
165 176
83 162
90 95
46 115
134 158
93 126
28 45
138 166
122 137
2 96
132 141
123 142
37 83
36 70
64 144
8 138
14 144
91 115
87 183
94 154
56 149
98 125
114 165
7 123
2 108
150 170
4 109
39 136
85 167
30 76
7 59
45 88
173 176
100 130
8 130
48 57
8 18
23 110
50 57
20 131
69 126
119 173
86 180
9 111
7 75
20 31
38 88
73 129
70 110
3 124
161 180
153 177
5 28
29 106
37 45
8 38
40 112
17 18
105 171
100 164
12 81
84 91
30 153
68 69
8 174
53 133
31 148
113 185
47 110
68 184
8 71
76 101
51 135
26 182
103 152
24 160
12 137
98 154
61 185
53 171
25 133
64 78
20 71
73 93
118 170
60 141
80 90
29 37
163 175
4 33
11 114
22 42
50 156
55 64
8 144
63 183
114 116
0 99
118 164
66 106
128 155
58 133
19 27
84 171
47 181
112 167
35 168
13 177
69 101
78 122
14 154
37 138
88 99
45 95
6 52
24 37
127 176
119 157
147 184
58 106
23 154
26 31
21 145
159 176
14 110
12 161
55 108
14 140
46 123
65 109
1 138
132 159
18 183
52 113
9 134
66 95
64 98
23 130
129 180
115 143
33 126
35 92
72 172
145 177
93 108
37 89
126 152
38 93
4 26
11 24
144 163
35 170
140 166
89 174
46 100
105 116
144 177
108 149
39 61
48 117
59 145
25 183
34 184
95 181
78 117
57 120
30 145
39 173
2 121
77 78
123 171
70 168
55 134
7 161
109 119
56 103
172 175
71 84
0 68
86 106
93 98
24 127
41 137
11 161
52 59
50 105
112 127
15 31
28 127
146 156
15 53
39 178
65 183
16 138
51 170
28 70
68 120
9 158
98 143
25 61
114 118
67 131
43 118
40 104
7 144
28 97
28 42
18 149
13 66
15 157
71 182
36 164
19 49
1 103
36 95
54 125
11 186
48 97
136 157
141 182
75 157
96 140
0 184
27 91
89 105
67 140
58 86
6 69
46 160
36 166
159 167
47 109
110 184
29 100
134 161
150 173
60 139
110 180
99 168
37 70
34 35
19 149
97 158
19 154
118 138
100 140
103 178
28 91
44 179
48 55
6 78
72 101
66 112
16 132
126 164
138 178
157 158
156 186
8 55
130 176
107 181
133 171
131 156
55 91
79 130
46 47
44 150
10 146
160 171
38 61
75 163
104 117
25 90
6 87
60 121
26 155
42 101
72 102
37 163
154 171
33 69
91 153
175 184
40 172
106 139
57 104
86 95
135 145
0 93
1 101
111 120
74 167
79 133
82 180
76 144
41 79
98 136
58 168
12 106
129 162
3 5
8 57
142 145
35 87
13 165
106 165
21 65
83 183
2 159
14 43
0 15
105 138
34 130
171 175
37 113
74 139
42 136
59 119
46 122
16 93
42 45
147 168
54 159
28 116
40 159
21 30
93 150
100 161
22 82
111 150
6 32
53 103
16 184
152 157
123 156
118 121
100 108
16 87
24 92
117 135
72 114
28 41
47 65
150 156
26 88
87 125
89 116
37 166
7 86
27 50
95 131
0 89
22 156
13 69
45 111
62 83
58 137
51 134
64 141
96 146
104 181
82 152
142 175
5 121
27 97
24 53
109 131
6 48
6 25
36 108
52 53
25 97
71 133
37 185
56 168
113 123
80 166
95 147
1 161
121 146
66 125
6 98
92 174
54 84
28 156
11 99
4 110
117 177
50 58
40 77
126 136
5 119
122 139
18 133
92 135
107 159
78 142
40 121
40 72
81 124
127 171
38 164
126 155
81 175
15 177
136 167
5 170
104 160
34 76
38 59
29 89
105 113
25 125
22 25
108 179
77 109
69 122
1 35
76 80
74 77
31 177
130 175
92 177
102 162
12 53
66 153
4 170
83 156
29 104
90 184
107 130
12 86
11 182
10 45
29 117
15 55
45 86
76 173
48 165
46 87
38 112
119 126
104 163
103 166
120 136
59 95
85 94
20 126
62 95
81 93
80 168
170 175
36 57
18 58
106 171
57 147
7 149
83 160
34 146
37 111
38 155
17 154
50 104
70 97
49 71
8 143
112 150
52 181
9 82
82 154
96 145
20 51
41 44
57 83
6 150
110 131
65 126
168 170
42 79
24 45
153 169
18 110
20 66
28 139
148 162
81 165
66 186
18 63
48 136
85 165
60 177
114 127
4 11
80 95
3 87
145 161
60 168
107 168
14 87
48 64
34 79
36 148
86 145
76 134
87 170
2 124
23 124
134 151
19 84
109 184
1 148
103 112
49 150
82 177
73 149
113 119
51 153
62 109
0 56
116 184
74 122
49 160
59 166
51 138
0 185
0 53
9 49
59 131
75 81
152 182
153 154
86 123
57 122
87 184
18 32
103 144
11 153
4 65
19 48
58 185
56 158
22 98
133 172
92 162
23 80
84 122
40 69
144 160
19 113
92 124
50 55
72 169
63 67
101 148
43 174
89 146
33 151
113 170
0 9
50 79
23 142
1 162
44 67
88 90
24 132
68 73
31 56
72 89
13 158
1 94
90 131
28 34
19 185
4 186
4 141
53 110
85 182
33 50
43 88
97 98
129 135
95 163
104 133
22 184
83 172
60 149
56 139
32 130
67 175
152 162
82 84
33 149
103 164
73 98
68 95
107 140
69 117
130 162
111 129
107 169
39 111
153 159
50 59
50 129
47 153
70 170
58 74
145 152
17 66
9 43
45 73
68 178
75 104
8 42
37 172
164 180
64 92
156 159
98 167
114 154
48 62
56 81
75 156
23 107
8 115
106 173
184 186
127 134
76 79
102 147
12 47
80 181
150 180
124 142
47 62
82 106
93 178
98 144
11 16
142 144
103 163
57 167
19 117
46 52
169 171
7 163
0 84
105 147
30 61
18 19
64 106
51 146
18 137
3 184
93 125
92 173
34 107
44 131
30 108
39 55
20 113
17 137
15 47
168 174
14 166
42 65
82 156
98 139
3 135
87 116
20 105
153 157
56 172
4 12
72 185
13 139
119 122
66 77
31 141
121 169
30 55
9 69
27 168
8 9
14 105
80 139
4 78
149 151
91 99
71 185
156 157
129 166
104 148
112 162
149 155
44 109
106 154
111 133
49 79
98 131
66 132
140 150
25 78
6 19
10 100
99 159
8 23
101 121
3 29
103 155
17 142
11 120
144 148
58 129
6 46
15 147
115 126
80 165
73 142
87 174
102 106
111 137
30 170
46 63
62 157
91 162
124 127
29 140
12 162
15 60
24 81
73 84
94 151
96 173
76 86
72 184
36 88
67 150
1 39
152 179
41 113
66 99
11 14
94 152
65 114
127 131
28 154
32 131
84 154
92 107
42 78
63 171
8 86
92 140
2 42
11 27
147 174
52 72
44 108
22 45
61 113
6 114
54 109
4 134
48 118
60 98
25 181
70 125
13 163
67 169
8 59
46 86
71 167
5 35
108 136
45 78
77 136
27 69
28 84
129 164
77 165
56 122
157 172
152 154
128 179
104 156
70 165
20 176
79 137
69 151
14 139
12 130
81 105
8 114
23 82
2 123
10 79
41 159
49 163
139 153
104 119
19 122
9 77
66 173
42 100
165 172
111 162
83 169
158 179
38 129
45 185
100 165
50 92
28 80
19 102
51 89
57 68
58 90
30 40
19 86
8 25
24 154
1 176
44 117
12 72
21 90
14 17
84 163
99 181
86 166
84 95
115 139
52 100
2 13
39 171
25 119
161 176
112 146
75 80
44 137
90 176
84 138
53 170
32 176
25 186
9 117
51 81
106 136
11 39
35 50
34 158
13 148
97 181
39 151
25 70
1 8
23 115
82 130
92 156
16 170
29 93
147 158
35 125
56 167
47 55
51 156
124 147
55 152
28 144
112 114
24 158
0 121
14 30
18 142
2 68
10 136
42 173
147 150
123 177
29 123
15 21
34 93
62 91
4 184
99 175
48 179
11 102
20 120
87 96
106 121
14 124
81 172
83 99
5 89
31 158
46 138
33 103
61 149
59 66
6 115
19 118
54 140
117 140
104 171
91 163
63 127
19 47
66 154
34 175
128 131
6 7
158 168
65 182
53 169
108 156
2 106
90 127
115 128
67 85
68 91
25 144
130 184
4 146
11 107
49 155
90 163
105 126
37 80
21 73
82 90
45 178
96 174
97 104
45 147
11 155
114 161
90 185
57 183
160 172
37 46
86 110
81 162
48 138
79 100
73 131
63 91
66 85
126 132
118 182
35 63
112 155
21 147
2 131
41 160
5 155
61 91
63 102
66 101
44 136
178 185
113 130
131 152
59 127
33 181
81 135
117 161
23 177
78 183
64 83
24 57
53 125
68 100
140 161
74 157
39 97
76 185
50 122
85 102
16 31
17 22
34 141
110 121
129 178
6 184
49 129
39 46
131 146
6 99
64 180
115 162
41 139
128 174
34 70
53 149
99 156
106 120
9 123
151 169
90 179
133 174
14 109
53 181
41 102
132 185
61 146
58 154
135 150
48 158
67 83
102 183
78 133
95 167
63 119
4 72
94 159
51 90
9 135
17 136
153 168
38 126
57 127
29 164
78 158
84 105
35 136
84 148
58 134
117 141
100 111
92 123
8 60
13 15
10 11
74 165
17 152
67 78
31 125
6 174
11 88
33 186
4 6
26 170
95 121
39 83
67 180
160 183
42 113
27 107
9 163
157 182
132 148
16 41
43 160
81 120
32 123
102 167
69 78
82 166
59 139
98 107
42 69
21 177
10 70
31 55
23 93
23 36
168 173
106 149
90 167
3 10
40 113
28 151
50 118
10 171
60 77
92 171
101 176
15 124
152 153
51 133
69 138
17 57
38 170
65 149
33 147
14 153
64 121
59 74
27 161
102 186
137 161
94 105
58 158
13 25
109 123
157 168
73 143
148 168
65 143
23 29
68 177
96 157
61 89
129 154
120 134
70 90
44 147
84 142
24 104
25 142
96 152
81 131
112 121
31 87
26 110
131 140
105 144
54 123
158 172
20 33
17 129
143 155
14 145
0 64
104 174
27 137
2 25
109 138
62 64
11 62
29 115
39 63
42 52
142 172
32 112
75 164
68 147
50 63
54 81
109 161
37 47
67 77
100 151
9 26
35 108
12 128
24 113
38 177
35 131
37 131
46 68
37 42
95 101
72 135
10 27
164 170
75 180
140 155
17 54
19 163
3 123
33 41
49 109
12 182
7 67
12 176
30 147
9 96
51 58
7 115
73 130
158 171
47 59
3 120
10 48
33 88
31 64
102 149
44 122
3 122
82 95
65 175
59 70
35 93
40 60
6 44
60 171
11 29
90 151
46 129
90 159
9 64
86 172
45 100
56 173
8 70
1 13
56 61
121 162
67 88
139 143
63 167
94 133
79 151
1 43
1 178
63 155
138 185
36 50
74 164
11 163
134 183
82 107
13 62
127 157
16 40
77 124
107 113
81 102
114 158
33 132
61 137
43 137
81 141
85 101
113 150
134 135
68 133
4 42
27 77
52 180
29 76
181 186
25 113
4 122
42 129
41 90
66 78
100 179
69 119
8 95
102 172
104 115
126 176
89 162
104 149
22 159
103 116
57 118
51 152
10 185
29 32
17 145
21 142
14 33
72 144
5 118
28 96
8 111
23 138
83 136
87 180
1 182
130 158
111 180
119 154
100 109
142 152
4 154
8 183
35 36
88 100
33 137
34 157
59 132
14 72
68 113
6 101
72 95
72 80
52 184
27 100
87 136
100 134
133 166
50 163
121 139
63 81
123 129
14 63
1 59
11 37
28 186
26 44
72 90
48 104
41 138
43 141
70 145
50 69
31 128
3 73
19 181
105 108
64 108
7 68
24 59
55 182
36 72
13 81
29 80
73 82
83 171
12 73
46 161
24 182
61 153
1 84
24 107
44 48
86 161
66 141
58 157
21 56
49 133
165 166
122 124
119 148
82 136
53 73
183 184
113 180
67 158
33 84
21 66
103 117
29 182
17 43
27 178
23 49
54 165
17 23
35 156
83 92
114 120
0 108
24 155
3 164
64 154
97 103
96 133
40 55
23 176
134 139
127 175
88 162
14 102
94 172
132 137
39 70
70 87
75 127
55 127
68 83
52 120
50 91
6 155
115 165
95 106
121 126
33 93
2 67
76 115
82 171
118 119
18 44
22 108
5 125
11 77
65 117
12 116
122 186
116 164
58 75
87 119
44 98
63 138
47 142
72 183
61 106
16 21
0 46
32 73
44 174
114 182
22 151
2 64
50 109
44 83
0 113
82 89
88 106
107 182
43 68
75 178
19 138
110 119
5 141
6 12
110 155
10 16
59 167
97 168
9 76
128 177
33 59
125 164
14 78
141 184
5 97
26 185
56 78
107 125
36 47
44 96
31 78
108 145
34 117
29 43
77 161
83 151
69 115
68 115
19 140
7 136
31 81
83 165
26 120
136 138
85 126
111 142
93 113
21 79
75 139
66 71
112 120
92 176
48 130
117 155
142 155
30 60
2 127
51 114
44 65
84 150
15 70
3 146
108 182
72 99
59 61
24 47
73 151
147 163
35 116
14 74
60 166
31 100
86 181
59 168
49 164
7 148
39 53
141 174
31 134
58 117
58 160
158 177
55 121
98 135
90 171
15 30
97 165
100 177
56 111
149 167
12 92
18 123
75 137
46 182
120 151
78 179
54 158
100 107
26 138
156 164
3 11
19 54
11 140
89 115
50 186
40 140
128 139
22 75
47 89
21 179
91 173
77 97
38 183
38 57
33 185
43 153
50 89
24 108
59 155
123 170
47 106
124 164
26 136
89 96
34 134
13 56
31 180
7 23
42 182
148 159
125 150
53 83
98 115
1 17
34 142
30 52
109 110
62 136
82 144
4 7
22 97
141 178
69 114
120 164
121 156
83 154
119 172
3 31
56 68
47 52
132 151
124 175
82 117
32 48
141 161
122 162
107 129
33 71
25 129
23 149
31 67
81 186
78 79
61 135
60 72
31 47
125 163
37 82
87 165
11 181
55 58
147 162
28 102
2 70
32 105
25 33
34 159
32 163
17 172
124 146
101 145
90 136
82 109
65 119
22 49
38 44
59 181
50 76
170 174
128 149
46 75
132 153
32 182
156 170
45 118
112 181
36 117
141 145
137 149
8 83
36 147
135 151
80 186
104 122
51 65
10 142
18 81
55 93
54 58
83 180
88 97
93 180
40 71
96 172
161 162
48 141
21 67
92 134
7 9
105 111
98 163
17 103
168 177
123 164
62 170
27 125
64 129
51 85
77 149
53 161
22 165
21 74
85 121
129 146
31 162
64 182
76 150
10 120
124 138
21 116
58 121
37 183
74 186
18 33
18 73
18 112
26 117
72 91
74 151
30 133
111 122
113 184
63 107
89 141
48 79
79 101
5 123
39 132
114 151
17 170
45 133
47 94
136 169
11 15
68 154
50 161
134 165
72 165
14 135
25 60
16 103
5 39
47 123
7 108
149 183
150 184
157 186
101 114
47 176
16 71
87 179
15 164
80 133
59 106
28 115
21 170
8 52
12 133
95 171
93 133
134 185
88 136
4 41
23 94
63 122
104 150
149 161
91 179
38 160
134 175
15 88
16 58
86 173
50 166
4 17
9 152
97 109
47 140
94 165
67 159
6 137
45 169
94 135
35 141
69 98
68 167
146 150
14 184
11 145
81 179
53 109
60 62
97 147
117 118
8 43
39 134
132 158
72 155
93 101
87 101
20 29
11 132
104 126
2 161
13 52
100 129
64 135
76 153
143 186
76 184
6 161
95 124
33 77
91 154
55 128
178 179
47 82
59 151
26 98
78 165
77 168
51 131
81 127
113 148
43 167
93 177
18 89
150 154
15 32
14 27
22 80
67 71
14 59
49 98
126 170
45 76
78 173
16 61
49 154
87 103
61 134
41 46
50 111
61 181
28 51
107 184
92 146
7 179
168 179
53 182
5 25
32 36
34 81
4 151
67 108
62 114
29 113
32 166
115 180
79 157
52 174
2 154
60 140
137 174
7 82
96 175
72 83
85 160
36 144
139 146
13 65
138 139
5 124
119 144
2 80
57 162
139 161
136 141
108 155
143 152
83 149
32 162
103 127
16 76
54 145
20 107
23 25
114 166
48 159
57 117
47 185
9 140
55 148
85 133
62 137
41 152
41 54
39 157
3 118
80 176
43 123
125 172
57 65
51 110
5 8
91 136
78 132
35 58
85 134
41 165
104 128
72 141
66 94
56 89
32 135
48 149
99 110
147 165
106 140
9 67
32 156
41 140
171 184
24 111
86 128
67 118
19 128
9 48
5 69
27 153
107 119
133 185
59 171
28 129
11 156
137 142
82 138
120 174
45 155
143 180
85 148
0 40
104 173
89 151
35 132
38 64
70 162
60 152
111 136
97 123
62 67
6 125
9 174
16 32
17 94
20 48
56 144
96 102
96 160
64 74
97 149
18 84
44 182
26 29
136 158
18 29
40 133
4 19
109 113
63 158
21 166
50 116
120 181
51 184
34 59
12 69
130 174
126 169
145 170
25 64
125 127
21 26
18 124
41 116
81 147
11 180
134 148
7 11
0 158
50 124
44 94
11 175
59 170
59 136
4 74
85 135
2 117
112 118
23 78
11 125
30 185
24 181
39 98
127 160
41 71
54 116
79 179
71 110
51 150
18 87
30 164
35 107
4 101
120 182
128 175
8 11
15 135
13 96
19 63
11 177
1 85
42 171
16 23
19 64
77 117
34 173
57 179
4 99
86 108
135 172
29 128
40 170
66 91
23 31
54 57
4 73
37 137
80 121
174 177
88 121
28 92
89 110
29 60
0 153
101 107
130 133
25 72
130 153
83 119
93 164
36 182
63 146
10 125
4 77
23 92
146 148
23 135
39 86
8 149
72 118
32 80
41 93
111 178
83 108
83 122
79 128
63 147
82 143
12 97
91 185
51 144
123 155
120 153
6 89
86 169
87 146
116 139
56 90
91 169
44 184
178 186
28 85
73 177
80 115
4 61
149 157
109 118
30 165
15 37
4 51
118 151
46 162
51 102
66 123
145 165
66 147
74 123
3 163
129 181
77 123
38 132
117 128
97 171
14 151
62 185
9 80
12 79
77 119
162 165
73 99
47 107
159 171
104 155
78 176
0 3
6 143
38 47
47 145
102 169
30 110
137 138
89 126
16 129
5 12
13 50
13 36
156 161
49 85
123 132
51 182
38 131
11 21
58 141
82 99
163 167
129 141
88 179
23 60
152 181
31 73
80 153
18 180
7 63
70 178
108 162
71 90
22 173
31 140
2 163
19 120
72 161
128 158
18 60
48 182
11 170
64 181
64 151
21 132
36 58
17 87
64 68
36 55
38 148
6 156
5 156
53 69
12 152
118 163
41 162
8 53
87 102
35 114
34 80
56 102
140 165
113 140
88 96
99 111
76 152
92 118
25 131
1 183
39 64
1 104
112 166
30 109
122 135
15 17
57 66
43 113
3 170
52 64
51 74
43 176
121 158
114 128
22 120
127 158
51 123
171 180
45 72
80 127
44 125
25 153
117 143
169 183
1 90
96 186
36 168
112 123
52 129
132 164
10 68
134 171
48 127
24 27
39 110
87 110
10 95
107 152
122 140
105 170
30 54
75 130
68 132
116 159
54 59
70 111
92 101
124 160
27 148
64 164
102 131
23 172
42 81
77 120
39 169
66 184
52 176
31 110
98 183
89 103
32 133
5 29
60 107
94 134
64 111
17 52
4 145
35 144
7 186
35 134
63 86
80 112
135 146
179 180
14 107
120 144
130 148
80 123
37 134
66 155
123 147
28 78
37 107
11 56
77 157
73 106
26 144
42 44
14 61
102 146
10 71
2 180
67 122
175 182
4 167
39 158
0 38
108 165
50 164
98 121
79 165
22 103
68 152
4 86
40 64
27 166
122 176
13 159
41 135
7 181
28 152
57 136
14 37
5 34
7 159
46 153
78 124
23 88
95 115
146 158
11 66
37 58
79 138
39 140
23 113
75 100
14 15
127 162
55 123
126 129
92 129
127 170
71 74
107 163
35 171
24 186
12 20
45 87
89 186
138 159
26 92
13 68
31 74
34 166
63 173
32 144
27 159
3 41
77 113
13 128
66 166
44 141
104 175
11 40
0 119
11 149
62 152
89 99
20 23
130 186
23 156
151 153
39 105
3 69
18 48
13 86
10 50
7 65
49 66
67 181
75 148
74 160
60 156
36 96
27 138
59 75
87 124
14 165
111 156
57 67
75 135
81 111
23 44
88 142
21 129
26 183
58 112
56 88
37 92
14 112
31 173
112 124
11 127
106 158
121 152
10 98
67 135
58 93
3 155
64 158
47 78
24 156
20 171
55 114
42 135
107 178
6 107
47 84
40 56
16 147
20 168
83 177
50 95
86 182
28 83
5 163
48 91
134 152
102 177
129 170
93 121
0 127
50 150
42 144
156 165
18 105
114 163
14 148
45 138
134 144
81 128
132 166
48 84
13 32
42 104
46 163
116 132
71 119
129 171
82 158
22 116
94 178
14 133
12 168
109 122
49 52
16 109
1 175
25 177
6 92
24 161
56 100
50 94
59 143
56 95
128 163
21 151
73 103
89 168
125 165
139 165
36 110
67 95
6 129
39 106
137 172
52 77
42 71
26 126
52 74
37 135
13 122
36 157
112 173
84 118
5 176
3 133
82 113
139 145
101 155
26 97
101 149
73 78
43 70
20 28
78 181
59 176
73 164
26 139
95 107
3 116
5 24
98 164
114 138
46 126
146 155
83 114
1 29
46 49
53 124
3 30
52 183
138 177
146 174
13 169
89 101
142 180
142 157
55 175
57 112
1 155
62 79
36 169
99 135
50 114
5 11
106 147
24 153
89 166
44 113
38 87
80 163
87 134
71 175
24 32
124 144
75 152
34 40
83 144
0 132
21 178
19 85
37 155
52 126
101 151
81 108
86 102
39 41
179 186
8 76
69 162
56 127
37 43
15 100
108 134
22 50
32 100
90 102
29 52
65 121
174 180
9 34
32 86
133 181
38 127
74 100
11 25
70 161
26 184
37 161
70 182
9 59
3 160
28 155
16 49
27 56
109 175
9 101
2 126
32 151
140 148
32 93
9 41
46 127
4 16
33 43
94 125
18 22
97 173
31 51
64 110
111 114
39 101
93 179
56 66
71 174
13 186
3 119
1 98
159 168
2 74
55 184
144 179
133 143
10 179
108 126
1 92
22 138
11 141
57 142
34 140
37 66
16 68
93 162
14 40
60 100
32 94
63 144
17 48
27 48
115 172
30 114
116 141
9 15
5 15
122 179
18 41
11 98
85 176
3 53
62 134
110 146
3 178
3 42
31 175
30 43
95 120
60 80
101 164
146 185
124 186
78 129
4 172
28 132
6 176
101 160
10 31
134 156
38 65
41 80
78 109
111 183
10 127
0 6
36 178
75 93
72 115
0 92
163 185
21 115
86 140
3 96
70 85
146 168
103 125
5 145
77 133
55 155
8 47
36 98
6 71
104 146
11 60
140 162
56 178
67 121
75 124
0 170
50 152
107 139
61 71
71 121
42 178
154 180
69 76
27 147
58 110
18 185
30 169
45 93
138 172
99 174
59 71
45 67
83 178
18 144
93 112
41 63
0 91
80 173
12 117
66 130
97 116
66 183
20 84
10 144
32 127
34 83
53 93
35 71
36 176
99 126
75 128
37 61
130 172
9 86
64 67
1 179
174 181
48 181
48 128
7 12
51 77
72 186
95 134
13 29
50 90
95 122
147 166
22 44
54 126
92 184
67 103
113 149
98 160
48 123
36 99
101 156
70 100
139 152
43 183
34 72
87 139
104 108
28 158
56 124
2 92
117 186
14 173
41 126
63 87
22 170
80 129
138 186
143 158
41 89
78 185
75 169
57 174
11 137
75 121
46 180
137 140
107 134
8 126
90 169
21 153
19 145
126 131
93 154
10 103
38 103
77 147
59 117
85 90
104 183
83 181
65 96
57 169
61 182
9 172
22 157
72 150
127 144
32 47
166 185
60 103
33 142
22 117
95 175
65 107
54 78
15 18
16 55
145 185
57 185
83 123
29 175
64 81
53 127
25 121
85 177
66 108
12 96
61 77
31 69
15 174
133 149
114 135
33 183
28 140
29 116
116 149
113 182
68 74
8 140
141 186
54 76
76 94
91 140
88 91
41 127
112 125
74 181
153 182
156 180
39 138
50 174
132 146
61 100
108 178
77 154
38 94
27 111
37 146
42 75
22 83
26 119
139 156
22 86
129 137
26 135
116 155
105 128
91 149
61 140
42 145
53 158
100 183
7 104
3 129
24 51
87 131
2 100
1 31
17 41
100 142
56 136
40 99
7 24
9 40
80 106
114 185
119 169
25 124
8 105
71 104
58 151
34 45
19 116
46 66
26 153
19 26
41 124
171 178
137 179
124 169
12 110
162 179
45 91
31 101
74 142
118 123
0 152
74 96
112 135
16 115
128 178
52 90
32 138
145 155
148 172
104 111
53 61
96 111
90 118
151 183
30 171
138 156
94 177
109 155
81 160
44 53
73 172
88 119
29 68
26 181
97 132
30 37
67 81
18 109
164 184
16 82
76 78
111 131
23 56
157 165
46 55
27 81
16 90
62 155
24 98
151 162
60 87
111 145
151 154
47 104
155 158
58 147
40 150
1 165
39 163
94 103
50 182
116 117
114 152
9 97
26 62
20 96
18 55
10 180
4 62
22 172
30 78
30 73
172 173
20 129
81 98
77 96
105 176
122 131
76 140
125 178
63 152
108 110
24 116
55 78
6 53
100 121
6 67
68 84
42 85
14 155
106 182
7 58
172 179
136 147
56 117
85 140
63 120
22 62
70 72
101 143
87 109
50 183
19 97
153 184
80 148
12 24
77 93
147 175
79 162
127 139
87 176
177 180
116 138
47 61
42 132
18 179
19 57
20 162
44 100
38 41
62 124
47 128
6 147
42 48
82 179
20 24
91 181
38 174
43 138
0 166
20 60
8 19
77 100
74 102
55 165
42 107
19 36
131 133
47 81
7 95
170 186
2 149
68 157
105 167
120 160
116 137
55 176
12 136
130 181
68 101
25 160
95 126
10 121
13 124
14 77
8 172
157 171
50 137
79 98
29 170
49 113
48 183
36 39
72 178
31 172
40 137
146 179
69 185
39 186
55 89
152 169
29 81
28 177
12 147
137 145
50 143
29 126
75 161
62 179
59 68
13 129
94 153
24 93
41 181
101 118
110 172
32 103
130 151
15 110
4 31
10 40
22 66
65 162
42 88
61 82
26 79
58 82
54 131
67 69
52 155
95 136
18 170
98 146
130 169
54 185
50 113
19 78
99 102
41 45
158 178
51 68
135 153
114 147
12 100
68 76
66 79
29 72
102 166
50 146
124 154
73 184
101 177
119 130
22 91
140 167
4 20
126 177
25 68
68 140
26 128
38 98
16 186
57 96
22 96
90 158
107 118
59 115
18 130
121 122
97 180
99 167
83 104
148 150
17 127
37 69
10 12
46 178
13 28
17 32
151 164
48 153
24 49
77 160
21 85
6 128
37 71
119 141
69 176
118 144
84 141
132 174
23 132
44 130
77 94
40 110
29 44
79 177
161 163
35 138
95 100
2 87
73 109
110 132
34 143
21 120
125 138
46 74
14 142
30 139
61 117
128 180
84 136
107 165
50 151
90 116
0 148
10 62
22 78
56 87
97 113
28 169
103 168
28 173
40 48
75 149
50 93
26 142
51 55
6 144
109 164
89 117
25 136
53 78
5 110
136 146
146 176
4 174
7 173
21 23
102 109
13 24
34 114
99 173
4 100
15 121
159 160
63 90
2 48
67 93
142 158
143 183
84 168
90 149
51 137
71 186
40 132
78 151
154 179
120 185
15 108
52 111
36 89
38 133
31 164
88 149
118 171
166 184
7 117
62 75
137 175
115 118
83 105
20 39
96 154
182 183
79 142
50 84
142 173
120 184
36 185
183 185
9 116
15 63
102 133
125 146
73 121
102 130
81 176
2 128
48 72
81 107
32 147
65 66
8 29
84 133
38 185
97 152
156 162
95 160
76 175
106 164
120 166
5 126
49 68
10 93
17 84
16 95
107 114
115 141
19 40
1 180
67 128
76 77
4 98
85 166
73 146
55 94
148 184
76 103
54 69
97 101
80 81
97 172
155 165
126 163
7 112
62 183
100 184
118 146
10 39
65 136
97 102
25 77
75 166
19 110
90 157
7 64
47 66
136 148
77 166
122 168
37 132
10 172
66 80
24 54
50 81
135 161
43 144
127 133
0 133
57 79
139 175
4 91
83 150
94 141
117 153
17 80
43 155
17 69
9 126
66 172
21 163
67 123
43 178
63 177
1 67
88 163
40 85
42 174
62 135
157 161
40 79
46 51
80 118
61 167
12 75
16 168
19 96
129 130
101 104
35 39
36 37
101 147
69 97
63 82
13 21
45 60
0 58
97 186
97 160
3 22
121 161
69 161
28 123
66 134
127 184
107 156
132 165
82 164
137 139
5 13
16 152
37 123
125 181
36 105
17 108
80 126
103 135
9 178
102 136
53 175
22 144
41 92
102 113
81 112
82 149
62 186
169 170
4 32
13 23
172 183
113 171
8 178
38 173
118 180
21 27
16 167
95 151
116 157
74 172
40 95
7 107
14 178
79 136
13 43
97 157
48 126
55 74
38 90
33 67
98 130
128 162
45 161
30 66
28 149
14 57
102 137
75 76
80 180
124 185
32 65
131 132
71 85
112 153
38 175
32 161
13 84
63 128
8 179
30 167
26 177
70 95
42 149
5 48
77 101
17 86
131 163
160 177
135 136
28 33
9 147
15 52
12 120
15 61
120 132
85 106
55 138
39 117
74 154
50 77
147 164
24 176
105 121
41 72
24 133
133 138
88 182
34 133
116 124
7 103
25 151
95 103
55 164
24 65
33 40
120 180
80 124
75 141
8 131
7 152
114 144
145 181
39 150
7 171
10 77
99 166
110 174
28 182
32 114
30 176
63 137
47 156
111 126
73 162
111 179
0 67
10 73
81 89
126 154
62 140
106 150
40 61
8 75
105 181
97 166
33 76
12 101
49 127
20 164
54 138
2 183
82 174
19 153
120 165
45 103
20 75
55 70
53 75
18 171
161 182
44 121
76 96
179 183
54 86
26 147
108 119
31 176
37 93
152 177
114 133
65 181
168 171
4 115
103 173
15 149
12 144
108 173
51 59
3 131
64 148
107 176
83 159
158 182
92 179
105 115
53 105
46 134
7 127
14 98
50 172
3 62
66 86
32 134
139 185
4 159
9 24
170 176
90 129
6 11
6 153
169 179
85 117
17 40
24 123
134 149
39 96
38 135
70 148
47 119
114 124
3 54
5 49
49 136
7 169
168 180
33 114
81 87
22 72
18 54
78 127
126 143
94 169
111 146
134 169
59 108
43 99
48 108
23 75
75 182
115 159
116 122
25 74
8 28
27 135
107 153
37 101
51 166
40 178
66 118
46 140
56 64
122 129
12 107
5 75
8 180
72 100
11 179
83 113
128 164
17 38
38 156
40 67
173 185
145 175
3 67
124 182
57 64
127 138
112 184
38 150
22 35
26 175
125 182
39 166
27 154
46 110
60 116
0 74
21 131
58 162
98 112
36 100
1 53
37 120
15 46
25 126
74 94
81 170
74 183
33 182
21 62
24 136
37 168
60 142
63 160
90 96
45 62
45 154
23 89
96 156
81 157
145 173
71 86
166 182
69 104
33 146
109 141
56 141
141 179
44 77
66 167
119 134
9 44
117 147
29 90
45 165
100 160
154 182
89 184
63 150
138 148
160 174
74 156
17 160
14 164
19 162
51 112
58 176
40 128
2 162
79 152
48 157
66 148
41 91
52 124
31 122
118 136
29 177
4 126
19 69
110 128
26 173
137 152
3 179
82 184
55 107
99 155
110 151
116 145
92 96
79 125
84 110
181 183
24 159
37 95
49 65
68 136
22 169
144 149
95 102
156 184
55 144
34 183
75 116
56 110
20 79
76 114
85 164
8 97
27 110
7 19
56 65
119 147
49 153
70 94
15 72
128 135
61 154
27 104
12 173
69 181
10 47
15 33
19 134
78 144
46 168
0 112
30 88
140 144
35 118
19 121
0 31
49 171
66 102
133 146
90 155
73 116
8 133
94 136
34 47
47 124
99 130
149 150
44 82
9 12
51 160
79 111
38 62
68 131
72 79
69 170
13 55
33 128
66 76
16 78
101 154
36 87
26 140
173 177
38 111
71 178
0 162
97 99
35 146
97 126
108 131
97 137
96 139
85 168
16 64
29 127
59 158
16 34
93 148
6 172
89 145
77 81
70 149
85 159
105 131
71 146
39 119
111 152
142 160
60 71
37 94
50 132
35 61
122 165
20 26
147 172
26 86
146 164
111 135
54 82
4 10
25 88
44 99
52 94
12 30
5 21
43 55
66 70
96 142
4 21
82 88
56 142
92 109
168 181
16 72
58 99
128 143
9 88
49 58
147 185
30 96
110 169
54 62
9 74
158 186
149 186
86 116
6 127
45 66
98 114
166 173
148 186
22 150
88 111
99 128
62 63
26 160
21 40
124 170
44 176
23 103
94 130
140 180
6 183
3 48
167 182
80 107
90 178
6 182
74 98
0 120
52 103
20 59
78 160
45 122
34 170
10 76
16 94
109 139
49 131
107 145
44 47
76 107
26 152
28 104
35 66
161 164
12 57
17 100
107 160
6 152
40 96
96 106
16 183
83 93
76 109
77 83
22 61
102 134
178 180
75 154
131 171
11 68
16 27
62 158
28 57
19 45
6 30
68 129
21 117
128 134
55 161
151 178
1 102
131 176
55 57
115 168
85 114
86 125
68 161
145 158
53 141
117 142
98 116
4 137
23 114
49 177
17 159
64 171
87 140
128 129
22 158
30 49
25 71
55 131
36 153
47 77
59 179
1 48
43 170
3 112
149 152
19 98
125 153
20 172
101 142
148 165
49 69
109 144
75 92
96 165
73 77
49 145
47 120
25 96
32 168
104 162
170 177
80 175
100 152
30 146
7 141
23 52
108 139
6 88
8 157
59 123
3 89
55 185
92 102
49 62
88 185
74 90
116 175
27 79
42 70
20 81
70 102
60 125
115 152
91 97
25 107
30 143
14 97
44 101
0 178
82 169
5 180
15 185
91 178
7 118
101 178
90 126
63 145
47 72
46 164
82 181
124 162
30 102
107 164
105 133
16 88
65 127
92 141
85 139
48 66
82 112
17 112
45 82
40 100
24 69
102 160
91 112
95 132
21 148
28 72
52 65
76 165
90 145
75 183
21 103
10 107
37 122
98 169
13 118
126 138
27 51
131 159
124 131
113 167
137 148
140 178
22 88
6 9
6 82
25 57
130 183
107 148
44 68
13 127
2 170
5 18
77 148
97 179
21 32
85 162
24 109
41 104
65 156
160 176
2 62
26 87
121 123
27 80
102 178
58 159
17 153
29 149
44 158
20 37
27 109
33 113
52 162
86 96
8 92
10 149
58 122
14 152
18 67
32 149
6 110
12 91
0 95
67 185
0 43
91 147
60 110
19 178
79 181
56 151
18 23
9 165
73 92
19 62
155 170
58 95
82 126
8 103
6 131
77 89
102 185
137 169
5 68
9 148
26 111
132 143
51 78
66 104
2 46
87 90
7 96
104 172
62 163
97 184
19 91
4 38
77 116
26 76
92 186
38 113
65 108
13 164
2 176
16 175
169 182
33 104
22 185
19 142
71 89
6 186
15 166
68 75
141 171
0 65
22 119
10 138
117 183
140 146
110 142
15 97
47 130
6 60
34 105
142 170
30 116
35 41
2 89
65 70
159 161
132 152
12 183
94 158
14 89
154 156
17 148
97 125
63 168
12 28
30 93
19 166
70 137
81 92
104 118
140 149
125 151
123 143
38 106
95 156
5 148
8 58
39 127
117 162
92 165
82 175
31 34
18 24
15 171
1 97
44 135
32 141
126 162
7 52
99 154
46 150
57 124
41 101
116 158
95 180
16 150
59 85
71 172
96 180
50 158
28 183
23 133
121 145
20 21
8 81
30 122
121 137
10 112
82 85
51 104
57 116
111 144
5 158
38 165
45 90
46 92
94 139
61 69
28 44
5 140
115 186
35 159
43 164
10 29
75 102
12 154
4 56
5 144
9 150
31 82
28 111
32 120
38 89
43 67
64 179
69 110
69 89
96 148
55 69
2 115
23 54
168 185
167 176
8 117
16 164
65 112
36 44
8 175
17 64
34 106
37 126
74 143
14 101
61 67
44 73
27 183
34 156
14 168
121 154
35 153
14 79
60 148
41 67
115 173
102 120
5 122
78 81
39 123
80 183
19 139
34 110
54 161
46 98
125 133
37 179
0 102
67 113
103 110
27 127
90 97
35 83
15 134
49 112
25 99
64 124
78 145
79 159
2 16
54 85
25 31
130 147
23 184
162 184
20 111
109 158
17 151
21 185
23 42
52 114
1 72
37 129
34 54
147 159
50 106
24 67
76 163
8 160
14 181
17 146
17 101
64 84
51 76
67 157
33 172
7 35
33 82
28 71
105 158
11 59
25 49
78 86
173 181
22 107
21 95
43 169
12 103
33 91
85 103
78 177
23 123
61 173
25 115
77 184
46 105
23 109
94 117
17 63
16 85
57 109
43 53
53 56
8 24
31 39
28 165
126 134
95 161
33 177
118 181
167 177
2 41
0 150
100 169
26 53
29 99
84 113
54 152
66 81
137 158
42 156
23 35
15 130
73 168
78 89
13 184
2 55
50 131
25 147
140 152
146 172
76 181
88 108
73 105
8 35
24 72
59 152
155 169
35 81
130 165
37 60
5 73
125 135
83 129
15 107
78 164
54 115
115 125
45 59
111 158
149 174
171 174
99 162
88 169
31 138
19 151
4 39
37 121
87 158
63 80
67 141
70 126
17 183
98 141
98 153
46 157
5 171
14 118
120 155
25 108
97 161
6 68
57 157
17 105
104 185
152 171
93 139
122 138
16 139
19 137
67 171
49 156
2 119
111 169
145 164
110 122
19 119
75 172
129 149
63 170
108 168
123 176
88 127
104 112
55 90
22 112
137 186
39 58
78 120
11 178
32 41
76 159
32 158
47 85
48 163
13 35
82 163
7 37
21 118
12 165
23 178
105 168
4 148
30 103
114 184
21 83
21 122
109 178
8 176
1 134
0 32
11 173
33 73
27 163
127 159
120 170
112 171
24 179
97 155
32 88
121 133
46 71
7 168
13 78
159 180
124 168
64 79
35 160
10 174
116 133
8 16
100 171
0 42
14 128
62 165
0 61
85 157
0 7
54 90
70 84
8 150
37 159
4 34
54 150
1 135
108 143
74 133
60 129
1 167
71 116
137 156
71 169
95 150
96 185
44 55
84 101
132 179
2 181
1 88
121 136
24 46
16 20
151 186
88 156
76 180
164 175
38 184
6 28
41 125
32 39
3 83
85 173
50 115
1 2
164 174
13 111
50 179
19 161
49 148
123 174
12 150
73 126
95 135
47 102
89 140
34 152
43 58
15 113
54 157
13 112
122 149
63 95
112 147
110 147
55 62
114 119
20 86
12 87
7 48
79 164
27 88
68 107
111 170
103 177
19 53
2 179
151 161
63 103
37 167
91 117
11 50
42 140
15 77
165 177
104 153
106 153
17 50
146 154
41 73
18 121
79 145
143 175
58 70
63 64
37 171
135 164
46 139
21 159
48 90
140 184
93 163
54 99
34 89
35 97
25 114
43 180
23 37
32 143
8 82
5 19
2 166
55 83
150 176
144 181
86 175
131 141
136 185
16 122
110 177
20 89
27 171
52 164
123 181
29 168
8 177
83 100
2 11
45 113
29 130
24 102
142 185
9 35
79 160
100 103
55 104
35 152
37 48
21 186
43 92
151 167
78 154
35 78
77 164
88 135
74 148
77 138
21 137
42 123
88 151
30 134
30 104
123 133
26 131
116 186
105 106
50 85
177 179
2 76
121 159
9 73
4 96
54 143
25 76
17 96
9 184
76 143
11 93
1 76
2 29
136 174
40 126
89 100
117 129
15 138
58 182
74 92
159 185
59 91
116 131
31 179
24 171
101 133
1 130
158 162
18 72
123 160
19 177
65 79
31 171
12 41
44 62
84 185
23 55
51 97
7 132
108 109
113 131
40 142
165 184
1 57
80 86
55 145
112 180
73 123
53 128
117 125
7 131
47 73
46 67
113 116
98 99
30 98
36 41
5 66
162 182
48 160
18 69
9 56
96 118
25 156
52 135
70 157
83 87
6 123
49 128
66 119
24 58
129 138
5 160
91 160
49 110
11 112
84 130
59 89
122 172
113 160
35 183
80 158
14 85
116 144
82 167
138 168
38 179
144 166
32 59
91 157
33 115
7 122
62 97
127 174
27 160
1 36
115 163
4 57
64 69
151 156
48 65
79 119
46 151
74 87
133 144
109 130
72 112
105 164
122 180
71 92
91 177
146 147
145 184
46 102
48 144
7 172
5 177
137 178
18 74
29 48
120 183
16 165
32 97
94 168
97 135
57 86
60 128
75 99
106 169
47 101
75 103
16 135
44 112
114 176
21 101
31 43
5 83
49 143
18 88
74 131
29 77
73 158
48 114
76 113
80 101
86 90
6 157
56 59
161 167
8 141
74 124
104 151
114 146
1 66
1 127
12 125
17 78
4 178
25 84
15 111
92 136
6 42
149 154
153 166
16 37
60 113
109 149
71 128
80 96
152 172
30 83
159 174
124 140
62 103
55 111
72 121
18 53
118 179
45 121
45 149
6 96
70 177
130 179
115 177
24 143
134 170
7 50
41 147
73 136
49 75
113 156
82 131
15 159
73 132
37 124
2 141
116 170
78 147
24 148
15 93
41 103
80 108
16 74
48 70
100 158
38 68
68 151
58 148
61 122
13 64
16 128
34 176
88 113
18 86
68 122
36 84
93 118
26 37
65 172
69 112
3 38
153 181
109 151
12 54
21 108
150 163
114 126
68 173
46 130
87 137
27 115
29 88
43 125
51 143
93 152
57 77
37 164
10 109
32 125
28 145
46 106
124 176
30 163
2 113
47 177
24 144
182 185
25 165
6 145
105 183
60 122
65 151
13 160
145 154
37 51
17 45
37 177
131 174
67 178
109 143
57 100
43 142
130 177
60 86
81 182
76 100
75 153
23 121
158 160
115 174
27 132
43 119
71 75
80 144
151 170
15 142
92 182
28 125
3 153
83 89
96 127
10 14
62 107
66 161
88 112
65 157
37 102
145 166
36 54
74 155
179 182
28 137
56 62
100 122
6 62
141 164
22 40
6 54
69 132
24 61
51 130
17 139
37 97
66 136
64 146
91 141
34 36
12 32
94 116
24 103
166 171
21 119
118 165
24 85
5 174
69 83
88 139
87 157
126 167
9 83
112 115
59 137
80 130
7 129
106 175
121 150
92 152
49 149
113 127
159 170
36 52
28 56
20 137
38 60
58 84
12 49
185 186
4 125
67 87
0 27
33 87
45 55
11 110
121 144
60 66
22 125
24 118
100 136
94 124
51 70
170 173
30 85
59 160
103 121
71 91
50 66
99 160
40 70
125 156
75 140
44 155
9 13
57 60
115 155
165 183
170 183
73 89
36 149
103 113
63 98
103 107
66 138
43 78
54 163
50 60
15 19
3 12
70 128
84 115
69 118
64 132
124 184
126 146
2 12
102 108
28 167
149 173
75 88
130 168
93 131
140 154
61 170
122 123
38 72
56 165
20 68
31 153
142 147
159 182
112 176
99 133
36 137
71 79
35 182
40 57
70 104
53 54
92 95
65 130
90 106
49 56
1 139
97 108
72 106
100 133
121 138
44 60
76 82
77 159
74 179
119 166
53 145
58 105
24 38
78 182
167 184
31 49
14 83
81 173
110 136
6 37
68 89
64 89
30 155
118 142
38 123
90 161
106 112
22 149
86 88
20 151
79 150
40 135
131 136
18 83
10 186
13 173
26 43
34 100
0 54
78 186
60 124
47 95
73 165
126 186
12 68
17 90
30 45
50 73
25 75
73 171
96 129
80 142
108 113
69 103
40 83
38 161
0 122
12 48
84 106
1 21
54 166
19 31
174 184
15 57
43 100
72 166
63 124
11 154
90 107
113 114
102 151
0 25
60 76
58 119
85 163
63 96
96 170
59 113
69 143
9 142
62 110
39 167
108 166
44 64
105 129
65 177
79 132
27 106
42 176
8 164
106 143
68 88
51 168
84 117
9 169
108 147
69 134
90 162
41 121
21 175
20 140
48 186
154 158
1 120
8 125
100 101
85 104
62 145
18 64
54 110
86 112
41 129
158 165
0 37
13 130
41 94
104 141
115 134
134 163
19 82
93 129
125 158
162 174
8 136
9 55
89 127
14 70
33 161
41 151
160 165
64 77
52 127
72 164
116 127
163 164
81 86
76 158
30 91
36 49
2 143
133 157
55 146
24 126
75 87
81 153
23 145
143 167
52 56
136 163
40 74
40 46
113 176
102 116
74 127
70 153
134 172
99 122
99 114
82 91
20 174
69 173
87 153
46 156
16 57
20 133
27 119
41 47
85 171
17 164
50 127
70 184
66 162
2 84
86 186
9 185
63 105
16 18
136 150
14 95
11 90
30 126
93 171
85 120
66 87
80 174
139 158
91 104
3 151
106 162
138 179
125 177
33 45
83 140
66 169
43 96
47 86
63 139
46 147
17 150
76 132
76 90
85 95
103 141
159 179
145 160
7 126
64 128
19 83
80 104
142 154
39 43
43 81
50 83
42 162
144 180
50 149
65 104
140 176
50 87
47 157
85 184
30 77
70 175
142 153
64 184
91 98
26 64
97 120
15 39
61 165
58 145
28 64
34 77
15 43
46 143
83 109
55 143
54 102
28 93
16 113
7 165
78 168
27 36
27 172
55 105
4 84
7 119
16 62
51 155
20 92
76 131
10 130
108 177
31 131
95 154
35 142
86 151
133 169
132 149
119 170
151 177
153 158
24 101
22 146
145 157
95 116
27 162
3 143
129 148
60 155
29 95
96 155
143 163
37 38
8 106
69 139
10 72
109 183
56 183
50 52
153 170
73 148
123 140
12 21
124 166
61 75
50 110
41 163
22 121
130 149
23 128
89 107
8 93
85 178
129 139
135 163
87 151
39 52
77 87
155 167
27 82
33 98
9 125
133 182
41 106
90 119
69 79
57 180
1 172
1 150
89 136
106 108
34 129
86 124
47 76
132 186
24 43
19 66
31 52
42 152
111 186
48 177
114 183
37 118
40 108
56 175
4 69
0 130
4 161
93 127
42 87
41 178
29 63
10 106
89 185
106 125
41 173
105 149
61 109
35 73
51 139
125 130
127 183
13 85
87 156
56 171
48 129
130 142
26 172
104 161
64 149
85 149
20 62
77 111
19 65
174 175
42 159
1 68
21 71
89 165
35 75
81 161
82 148
66 122
37 91
22 176
43 158
23 155
115 135
37 150
52 151
78 156
52 145
59 81
3 68
39 78
7 70
80 179
14 31
22 160
63 112
15 96
45 159
82 100
10 161
7 44
36 60
126 127
110 165
21 75
75 168
8 72
141 151
43 76
44 69
96 120
22 74
4 58
73 101
146 153
41 50
98 122
47 122
75 144
56 134
94 185
53 92
89 158
11 109
144 165
23 167
103 176
46 133
119 139
127 164
158 159
63 182
35 143
47 143
73 144
24 173
118 175
23 64
149 164
61 186
74 117
77 176
48 73
128 166
92 148
7 34
55 133
118 120
10 184
21 68
22 122
66 157
118 149
27 38
105 151
131 149
121 175
26 71
63 92
71 113
55 136
129 151
132 161
50 162
33 139
32 124
54 174
77 95
1 96
61 127
122 184
53 176
26 102
144 156
151 158
33 56
116 153
95 185
109 156
112 159
19 170
108 153
47 164
51 87
4 123
51 82
60 115
79 124
71 115
115 136
2 172
74 99
41 88
83 90
98 134
35 90
17 71
32 68
22 57
34 48
41 98
19 131
45 170
22 30
19 34
84 184
30 160
131 151
81 171
112 177
75 129
26 124
53 172
86 134
138 153
30 35
125 184
57 144
13 182
1 133
49 126
174 183
76 125
60 173
49 122
98 101
92 104
57 84
40 131
42 95
62 151
113 142
7 66
148 176
3 81
71 179
45 112
21 64
120 126
4 160
161 168
2 99
25 35
26 180
72 127
20 185
44 177
19 95
7 157
125 162
10 110
26 100
83 94
53 76
78 123
34 109
133 154
73 76
16 143
169 175
127 130
87 143
108 146
0 136
72 124
19 182
26 129
61 123
145 151
49 173
104 180
30 53
160 169
40 88
8 64
35 74
37 144
58 103
17 155
142 186
58 171
152 176
17 39
36 122
23 46
98 113
31 59
19 168
120 176
57 134
32 137
100 102
110 116
5 169
42 57
88 95
126 150
182 186
22 41
27 149
46 120
16 102
49 176
25 40
98 117
91 174
1 137
23 163
63 141
126 179
15 40
94 184
11 19
8 156
6 31
119 121
1 124
37 106
1 38
58 170
106 144
94 96
131 160
18 80
57 85
98 175
2 177
8 80
27 99
12 90
107 172
81 145
125 175
66 159
120 128
25 170
109 133
109 166
137 177
32 85
9 17
44 180
17 46
2 186
132 175
47 159
60 88
68 80
100 117
55 178
12 22
69 186
96 114
7 88
23 117
48 50
100 155
83 112
79 87
11 42
45 162
52 169
18 139
44 116
0 96
131 147
14 137
75 177
26 33
77 183
56 83
122 132
99 157
51 99
105 172
46 81
15 82
3 130
20 67
53 62
65 164
4 14
53 121
51 154
32 72
18 95
67 155
28 73
31 119
81 138
116 166
63 169
56 74
37 128
26 104
120 167
75 89
75 181
57 138
2 136
29 66
125 140
18 132
80 149
94 97
28 48
71 98
104 109
33 55
87 118
157 183
65 97
176 180
119 168
108 128
142 178
120 130
47 63
68 183
110 159
46 165
112 117
14 47
1 70
78 119
13 126
55 186
48 162
52 168
84 100
105 146
73 107
90 132
97 124
46 84
14 26
47 75
133 148
95 99
128 133
92 175
2 140
55 170
48 71
141 147
54 164
6 64
90 104
36 94
35 154
133 153
29 53
7 140
104 113
53 143
107 186
33 101
74 118
52 76
34 125
36 126
80 160
131 158
29 147
68 185
40 51
34 53
77 186
98 148
14 23
107 112
151 180
32 106
43 120
34 58
83 116
13 140
56 94
73 94
61 128
108 111
9 127
57 172
115 124
71 112
102 173
28 108
7 182
119 177
70 151
10 99
115 122
100 147
148 177
3 82
86 121
78 157
58 169
5 88
79 116
57 108
72 108
16 54
6 171
24 31
110 168
67 117
53 107
18 31
17 44
93 166
9 130
73 110
94 174
25 161
66 107
115 133
71 152
11 117
22 33
15 160
142 176
6 77
58 123
122 126
79 141
18 43
112 129
8 113
62 122
33 122
2 132
99 177
58 80
16 24
58 125
47 83
70 71
40 175
77 134
25 128
124 125
160 163
63 140
52 61
98 162
18 177
49 167
0 183
10 17
96 171
159 181
43 145
29 150
13 80
98 142
159 177
163 168
97 185
30 117
9 151
136 173
115 185
83 121
58 186
25 173
121 167
27 145
113 143
40 141
30 168
33 168
16 89
33 36
27 108
9 136
53 91
84 157
27 143
119 135
24 180
1 63
87 149
11 148
5 6
102 112
59 73
76 95
110 149
38 105
99 150
70 138
30 183
31 86
41 158
41 48
56 80
26 161
113 115
128 165
70 78
5 133
3 115
0 145
33 158
70 124
91 166
81 177
99 106
5 150
94 102
66 117
5 104
3 102
0 71
56 97
102 155
50 97
3 80
113 134
14 53
97 154
126 133
152 175
57 186
67 125
40 181
58 140
13 106
98 174
81 169
155 164
0 131
117 126
100 166
11 81
61 141
20 22
11 165
92 130
49 157
126 159
28 105
24 124
67 132
34 145
63 149
19 32
109 152
22 178
126 173
71 166
64 176
42 47
35 126
55 80
90 152
84 144
23 168
106 172
54 176
140 179
104 107
61 175
63 99
116 179
39 141
65 165
138 154
18 116
114 121
85 100
145 149
26 57
105 152
27 112
23 68
5 117
32 89
87 105
21 24
81 90
129 131
45 49
20 116
107 142
18 160
5 108
2 15
93 151
84 161
16 171
69 133
40 168
46 62
60 133
3 168
28 143
61 115
133 161
1 115
27 67
20 104
71 177
74 162
40 107
86 117
76 129
128 138
50 103
69 92
65 81
42 142
4 93
21 57
94 131
34 155
143 166
43 172
95 123
132 134
4 47
32 52
44 50
65 85
90 156
17 168
64 183
15 84
37 88
135 184
69 74
36 109
62 85
18 162
32 146
51 105
163 180
2 17
12 56
146 175
39 116
110 138
46 142
36 85
9 182
173 174
0 76
41 141
26 51
8 85
126 180
124 128
2 47
3 55
11 76
93 174
157 173
126 165
153 175
108 180
0 14
58 100
29 152
44 72
25 41
124 145
20 145
101 175
74 88
82 96
79 127
82 93
26 93
31 144
98 165
69 77
26 90
46 56
28 119
45 157
9 18
9 91
34 119
12 178
66 100
36 128
103 175
121 165
76 136
11 34
48 81
75 85
52 58
8 13
8 31
122 152
17 175
44 70
123 150
43 157
9 78
65 102
103 142
56 131
38 101
82 122
73 135
20 45
5 103
1 174
22 54
59 112
69 136
57 101
10 90
148 152
118 160
114 142
22 181
20 109
50 78
72 167
89 155
172 184
17 65
154 185
62 181
109 162
66 135
90 141
134 174
24 82
50 70
91 108
50 176
30 32
144 178
62 128
65 132
91 93
27 131
48 86
24 178
77 145
132 147
79 83
87 185
4 127
45 56
131 167
51 94
77 141
131 162
82 115
48 154
59 183
70 93
20 123
41 69
123 185
62 115
79 172
43 140
107 180
18 154
79 167
39 172
62 117
78 166
46 158
40 127
92 110
30 38
161 165
23 129
57 69
13 17
97 122
21 72
35 147
108 186
41 56
135 160
23 102
74 146
106 168
33 171
42 98
34 162
139 172
25 139
43 71
71 99
121 163
63 65
56 91
6 109
58 68
14 46
8 101
18 140
121 142
50 128
81 146
34 86
12 43
9 133
135 138
35 54
107 141
153 160
9 145
40 124
118 148
10 158
152 158
75 184
178 183
24 128
152 159
50 88
82 135
4 152
56 162
101 115
145 159
110 123
11 46
24 30
61 131
87 113
74 141
133 140
35 110
51 158
1 136
18 82
64 122
19 68
98 123
41 87
163 178
31 85
85 170
170 178
180 185
52 110
119 146
64 126
176 182
20 183
50 157
25 155
25 182
75 159
5 14
82 103
10 82
19 127
16 28
45 98
3 26
140 156
1 25
36 139
57 73
3 150
71 83
80 91
78 85
140 185
80 151
108 130
121 174
15 56
24 110
29 163
157 178
67 184
81 155
3 45
57 168
16 126
7 99
53 174
69 153
14 99
60 67
29 30
11 67
0 146
51 125
77 90
16 36
70 92
1 11
91 159
81 95
149 178
116 160
11 82
27 176
13 92
88 146
16 97
28 47
146 165
47 118
118 185
136 180
60 138
44 140
160 161
84 149
78 175
115 178
29 61
49 97
50 100
99 120
155 182
32 75
74 128
23 143
13 185
161 174
37 52
19 133
26 108
135 156
72 146
31 120
35 57
13 60
72 171
8 169
31 75
4 102
144 147
112 170
22 73
16 79
34 171
5 173
3 126
70 105
48 151
31 157
109 173
130 166
87 168
2 39
13 167
21 31
2 137
116 174
83 132
1 107
86 150
22 143
31 40
19 152
113 145
15 50
92 93
92 167
82 170
125 145
98 145
13 82
86 92
37 143
94 181
3 74
49 94
95 146
14 141
61 150
5 10
172 176
66 143
16 119
117 156
78 170
112 136
168 176
112 164
122 148
79 173
36 77
30 71
61 125
83 91
71 120
135 141
63 165
29 56
4 138
74 132
16 47
46 65
11 164
13 145
18 153
110 173
56 130
159 184
26 145
27 174
6 142
46 169
11 169
0 80
120 148
108 150
40 65
88 101
45 52
7 97
40 161
75 82
35 37
113 122
30 105
9 156
14 52
105 143
64 90
76 105
146 186
69 159
69 140
115 145
107 162
92 181
100 119
77 106
105 166
148 155
95 174
19 173
38 121
42 68
8 168
70 107
67 176
148 169
38 58
32 174
144 170
130 143
99 117
57 107
39 170
63 161
60 159
24 44
26 167
98 103
53 118
12 167
28 164
97 144
61 85
93 170
12 174
84 181
64 95
21 54
53 67
166 178
44 139
112 157
78 135
13 104
95 144
14 73
51 106
62 149
18 104
23 180
32 152
28 35
11 54
41 85
30 72
97 170
48 148
85 125
138 151
13 120
75 133
3 140
114 150
0 34
73 185
119 186
22 183
49 50
57 102
96 151
3 39
54 107
169 184
138 169
31 127
19 89
85 116
7 114
49 89
7 138
22 182
18 165
102 164
73 163
11 128
16 162
3 132
157 180
79 94
52 92
2 169
53 156
112 183
126 183
44 46
143 149
93 175
19 70
17 61
34 103
111 153
46 152
69 70
86 93
140 177
72 129
44 161
125 128
68 150
83 118
12 65
41 77
112 160
165 169
86 149
64 87
86 130
45 96
80 105
42 112
12 19
15 23
19 124
83 126
40 89
50 138
142 162
74 91
56 76
80 143
23 127
4 163
139 166
31 38
131 172
159 162
25 93
101 140
49 102
40 86
8 118
29 167
2 122
17 104
107 167
112 119
29 141
36 171
126 166
132 183
122 128
41 131
52 178
22 92
22 67
26 80
101 130
57 62
36 155
45 168
49 84
100 141
17 67
53 132
16 158
10 145
7 109
90 111
24 106
19 179
63 78
11 119
2 52
50 72
90 113
96 138
50 61
80 140
11 22
3 125
16 17
12 134
109 142
4 63
91 152
24 147
106 133
27 117
46 60
15 71
118 143
101 123
81 114
107 123
102 181
83 125
1 121
22 147
55 56
111 181
94 98
127 155
111 161
4 131
27 123
18 35
22 23
10 151
145 179
81 101
157 163
56 180
44 145
33 157
26 66
28 175
141 159
139 177
25 58
38 56
50 108
0 12
36 186
123 169
71 127
50 145
62 101
52 101
128 136
44 95
171 181
18 186
25 89
5 183
113 179
126 158
84 180
88 147
42 53
39 84
20 94
48 78
11 157
40 129
81 134
106 184
25 159
31 115
30 86
100 170
7 69
31 89
42 51
10 69
14 34
1 128
18 26
103 154
5 54
138 158
49 54
37 169
44 54
6 45
65 148
120 145
82 178
27 139
91 148
143 174
68 121
22 161
42 183
171 172
38 40
126 149
131 144
101 117
102 105
50 134
41 119
59 134
25 47
110 166
45 146
0 41
23 96
95 166
25 166
96 168
52 116
161 172
38 166
6 50
150 167
46 136
164 183
102 135
40 179
3 99
15 120
51 162
85 108
35 135
179 184
5 16
6 57
53 111
125 185
38 158
37 39
3 144
91 150
1 49
79 154
80 125
61 64
39 153
13 179
34 163
96 103
65 76
36 67
99 165
32 74
155 157
7 62
54 142
83 158
35 91
34 69
3 114
57 129
67 172
52 158
100 139
11 130
106 156
94 171
53 155
13 42
34 122
11 73
35 69
60 82
40 151
60 167
86 155
52 109
75 186
2 129
30 95
55 67
56 129
29 120
80 131
25 110
57 152
9 102
29 79
1 12
143 151
16 48
30 101
33 105
21 82
29 108
27 101
76 126
68 145
62 123
128 140
64 157
24 80
54 184
50 102
31 184
141 146
44 80
51 92
112 165
91 175
30 46
137 143
38 95
91 165
130 154
38 169
132 150
88 102
44 91
6 83
57 166
5 147
67 148
6 106
54 79
99 131
20 132
35 104
3 121
29 184
152 180
90 122
93 172
111 177
1 146
15 144
90 147
96 105
54 67
36 79
17 176
103 151
13 27
153 186
33 86
14 62
118 145
25 138
31 166
83 179
68 112
67 111
119 184
136 160
8 161
135 178
145 148
42 110
61 90
89 163
37 115
112 138
44 114
150 182
19 150
16 46
55 115
11 131
74 182
163 182
11 13
53 81
30 127
119 182
33 112
23 48
5 101
117 144
62 89
130 156
46 72
109 148
14 45
10 168
1 86
16 104
103 146
110 157
66 69
120 146
8 155
70 91
53 108
51 61
72 176
101 157
54 169
36 180
26 91
25 66
50 99
77 152
47 180
31 71
87 166
137 168
80 156
39 68
52 105
22 36
18 125
32 76
92 151
39 48
3 66
121 147
34 52
39 165
47 108
126 128
44 111
17 92
19 74
40 119
78 82
14 174
17 98
19 157
11 69
93 103
146 183
77 139
43 117
97 117
52 134
125 166
52 150
143 185
24 131
28 106
9 84
151 182
67 127
124 179
25 109
82 110
89 98
22 155
79 85
87 171
115 121
103 165
3 17
35 68
2 104
11 138
22 58
53 130
159 175
111 160
20 180
89 132
25 43
120 135
42 127
17 157
166 172
21 169
12 98
112 168
11 144
6 70
164 172
112 116
1 119
29 186
81 103
18 120
122 158
101 167
113 146
30 173
23 101
98 180
21 55
43 47
28 69
105 136
123 184
112 185
88 148
12 153
23 179
68 109
33 68
14 32
122 146
123 167
50 144
9 121
44 124
74 83
39 82
76 161
125 174
124 151
31 35
43 59
62 132
127 152
8 30
114 141
98 177
128 184
123 144
33 165
27 179
62 180
42 80
1 71
135 181
117 174
137 184
133 158
23 185
18 70
100 150
35 59
61 88
89 152
164 179
17 184
44 144
164 185
22 94
78 98
124 137
72 132
67 98
178 182
126 174
28 101
164 173
52 161
92 115
53 90
99 103
115 176
97 133
61 166
39 124
50 51
15 16
1 132
45 184
93 106
105 161
68 168
35 179
32 49
11 183
24 168
94 160
61 129
39 72
119 175
42 180
30 44
102 119
26 95
115 182
30 152
2 105
126 160
9 38
6 185
4 35
76 156
87 122
6 124
94 138
6 33
26 154
46 186
51 177
138 141
41 83
143 159
150 171
31 93
9 115
19 158
0 167
76 118
75 118
41 74
83 124
11 159
62 133
4 182
46 85
42 126
82 172
117 180
111 176
67 84
84 116
81 99
94 99
130 141
116 162
138 150
58 164
46 112
33 148
92 133
26 34
6 85
9 10
136 142
63 71
111 164
24 115
70 112
118 168
144 171
99 163
118 131
98 111
62 173
70 115
91 134
10 153
123 138
107 171
78 94
88 138
19 72
119 128
103 132
105 178
112 132
14 183
66 84
119 180
18 157
144 186
43 49
2 73
28 163
123 162
30 178
61 178
133 142
73 140
57 181
18 114
104 182
83 147
133 164
150 177
106 161
0 144
129 155
18 111
93 100
145 168
39 142
18 145
26 174
12 141
66 75
31 109
96 134
38 69
36 103
87 152
38 73
71 81
71 78
89 177
54 136
74 149
10 44
16 56
130 178
31 44
96 107
81 151
27 87
3 32
96 177
12 18
21 87
14 84
110 113
33 46
154 162
22 137
139 164
118 137
68 98
35 82
101 179
4 150
9 94
58 78
104 165
131 142
61 86
95 129
127 173
0 45
20 143
36 179
5 36
116 163
30 151
94 175
177 181
14 117
78 146
4 30
43 91
2 57
7 135
108 114
69 148
68 94
29 78
35 172
26 149
78 102
25 42
2 160
12 186
8 121
28 171
9 72
22 140
67 186
30 125
67 143
78 126
65 72
82 151
21 146
59 163
95 153
58 66
44 154
7 110
34 147
16 127
111 112
96 108
48 68
5 70
141 154
26 48
62 153
31 182
6 165
26 143
32 183
134 153
9 75
70 96
38 84
12 114
32 179
108 169
43 107
36 121
122 147
72 110
26 179
99 116
117 179
1 118
67 109
9 106
84 87
88 140
5 109
6 100
56 174
35 127
52 88
22 26
11 160
81 156
74 150
88 150
41 170
49 116
162 175
14 106
49 180
27 105
49 169
104 135
67 96
