188
4
4570
60
73 2
76 2
77 2
81 4
78 2
78 3
85 3
83 1
75 4
78 2
86 1
76 1
84 4
80 1
85 2
79 1
83 3
76 4
85 5
79 3
86 2
80 1
79 3
80 5
86 2
83 1
81 5
77 1
82 3
82 4
74 4
79 1
76 1
78 2
75 1
82 2
85 5
85 1
86 2
81 4
77 4
73 2
77 4
85 2
74 5
73 2
81 2
79 5
84 4
86 4
85 3
85 5
84 2
86 2
84 4
78 2
86 2
73 5
74 3
82 1
83 4
83 2
80 3
80 1
79 2
75 3
80 4
84 2
83 5
81 3
77 2
85 4
75 1
73 1
76 3
86 4
83 3
77 2
81 1
74 3
79 5
79 3
82 4
85 2
86 1
78 5
81 4
82 1
83 1
77 3
84 4
76 2
78 5
77 3
80 3
74 2
85 2
79 4
76 5
85 4
76 2
81 4
74 1
77 4
76 4
77 3
76 5
76 5
83 1
75 2
82 5
76 3
81 3
75 4
74 3
83 3
85 5
77 1
75 4
78 4
80 2
85 1
83 2
85 3
74 4
84 3
81 2
76 3
75 2
79 4
76 4
86 1
85 5
84 5
77 3
80 3
86 5
81 2
86 3
85 5
78 4
83 1
84 4
80 5
85 5
77 4
78 4
73 2
82 4
82 2
86 3
76 4
82 3
75 1
77 1
75 2
75 1
76 2
79 3
74 3
86 1
77 2
80 2
79 2
74 1
82 5
85 1
76 4
78 3
74 2
77 3
81 2
83 3
77 4
74 2
80 5
85 4
82 1
85 2
86 2
73 5
79 4
86 2
78 2
79 2
77 3
78 4
78 3
90 173
35 123
62 103
128 165
2 142
30 156
6 110
3 162
0 41
70 105
97 172
151 172
3 177
41 150
22 121
56 147
59 78
147 186
47 110
3 81
8 32
55 131
103 121
60 136
101 187
100 121
78 168
45 125
3 77
140 155
118 174
104 113
17 84
146 166
116 158
7 112
3 173
47 84
21 98
81 122
1 95
88 179
30 126
14 35
45 128
89 116
81 137
52 165
71 116
53 139
80 162
58 130
40 54
119 137
9 62
5 127
26 28
120 163
13 109
4 29
117 124
40 116
41 133
172 180
71 138
61 133
80 128
34 131
122 174
73 118
127 157
33 112
83 186
35 104
153 158
114 125
0 175
12 183
9 74
66 184
114 157
46 120
160 175
150 178
98 178
5 104
37 48
4 168
4 100
118 124
43 121
67 173
68 153
132 169
68 185
48 103
43 123
75 97
21 55
54 150
125 161
65 72
34 172
70 144
9 64
85 95
115 127
45 120
20 145
73 157
10 23
117 139
40 72
53 103
155 158
38 64
54 59
36 114
29 85
73 142
50 54
107 175
38 114
176 179
128 167
69 167
18 135
135 185
49 114
15 111
14 31
84 110
1 101
133 136
25 142
78 89
54 165
19 166
118 145
109 122
134 147
133 177
9 57
53 144
23 102
138 184
152 162
69 83
87 100
83 113
71 114
100 181
81 174
86 148
63 99
48 154
74 103
107 123
66 106
164 183
86 116
133 144
49 99
6 91
105 127
16 104
53 140
21 180
120 160
8 68
54 168
41 152
53 180
12 118
38 52
106 121
42 161
113 187
71 104
57 122
19 157
100 140
24 39
106 127
26 143
37 60
97 123
5 173
32 118
24 26
9 174
112 180
96 164
15 76
93 184
33 136
0 76
81 96
61 129
24 84
10 48
100 146
186 187
41 58
51 155
21 141
132 147
1 12
128 178
31 108
12 108
21 120
24 78
11 128
20 51
71 106
5 100
105 178
67 96
40 53
109 149
183 185
16 18
62 185
47 170
61 87
113 157
7 164
147 180
115 185
76 159
7 19
34 183
99 139
41 147
78 144
33 63
30 187
31 123
158 161
100 182
105 134
46 160
30 104
139 145
41 54
44 76
12 80
50 124
79 108
11 88
72 116
122 172
34 103
137 142
95 151
64 94
1 5
41 125
5 12
84 99
120 129
27 57
11 115
13 137
47 162
15 115
21 101
14 161
52 98
54 147
47 153
29 102
75 146
8 132
69 154
80 84
54 72
111 151
55 129
67 177
67 84
85 131
93 170
91 175
3 113
101 117
34 120
164 179
85 151
137 158
43 80
18 52
61 88
71 178
1 86
117 170
110 147
63 71
114 185
140 186
46 53
78 140
10 125
6 101
120 135
45 79
3 82
68 138
95 131
71 113
68 76
59 132
23 84
3 96
39 106
6 35
42 88
54 172
49 63
60 127
31 38
122 182
26 45
0 50
87 176
50 94
152 171
121 180
44 150
70 129
43 81
60 120
43 135
65 83
142 154
120 125
2 61
36 77
46 50
64 81
18 146
2 32
0 32
93 105
17 44
85 150
94 113
20 99
97 142
8 150
46 168
4 16
12 170
130 184
54 108
89 104
17 81
22 181
83 142
33 118
105 147
20 33
117 174
151 174
104 157
132 175
78 170
47 121
103 167
43 169
102 164
16 30
95 135
20 160
1 171
130 186
64 155
129 135
47 174
40 133
10 83
8 124
47 103
109 183
115 169
0 154
72 168
174 177
22 43
7 111
23 27
85 128
137 165
71 89
101 175
71 181
46 99
8 42
73 166
146 182
98 166
115 142
69 80
63 142
41 84
39 87
89 159
97 121
65 100
108 112
62 91
68 123
63 141
96 176
18 38
2 86
67 133
25 165
10 179
101 159
10 124
36 117
21 112
6 23
26 111
53 141
29 141
114 154
91 185
92 151
152 155
124 172
40 110
96 97
73 149
119 139
54 78
59 187
60 82
64 114
41 69
113 182
61 142
97 130
9 148
83 121
38 54
24 171
94 132
8 160
80 119
145 148
46 139
0 14
21 182
128 172
38 109
109 154
1 161
95 177
60 169
121 128
163 164
46 78
22 174
72 187
53 162
3 66
72 80
20 57
132 143
13 165
90 115
54 136
85 116
84 185
32 146
76 135
18 115
74 81
147 166
2 67
70 93
103 163
24 90
66 90
16 66
43 110
38 132
57 169
10 130
28 95
23 137
6 152
23 37
19 37
160 166
58 100
83 172
13 167
12 171
9 185
125 172
77 141
47 132
87 180
45 93
0 151
63 82
76 119
148 174
96 185
138 178
94 165
1 64
19 150
26 167
102 116
147 181
85 177
43 145
5 136
49 180
157 184
111 137
14 72
55 56
23 131
5 78
95 141
88 185
15 124
13 56
9 36
167 185
64 109
147 163
6 124
58 80
75 102
117 126
0 9
52 107
2 160
46 137
48 184
86 169
58 106
124 141
30 91
9 23
9 16
85 179
96 180
27 140
82 138
101 153
139 142
31 33
96 145
139 178
40 107
34 184
2 133
32 124
74 109
18 27
32 132
25 109
9 35
113 170
20 124
31 42
135 183
20 24
16 65
62 96
87 179
50 81
9 25
24 81
39 72
16 57
171 187
16 44
99 161
9 131
16 87
118 129
153 156
1 21
30 52
48 85
17 108
92 165
155 180
83 187
10 37
88 183
6 115
12 112
118 175
10 116
73 105
135 168
96 183
83 117
9 143
10 73
112 177
83 185
119 177
25 91
81 93
115 156
128 180
39 69
19 42
141 181
49 143
79 135
119 183
33 100
16 143
22 80
101 152
53 74
51 55
152 164
7 83
150 165
148 185
120 165
13 53
31 77
95 133
19 137
19 127
103 161
95 112
23 41
64 124
57 64
74 95
27 56
27 145
64 93
46 112
73 83
36 175
42 107
104 130
32 36
12 35
64 78
54 107
15 172
140 151
124 148
18 26
68 132
101 129
29 154
118 151
83 162
77 177
53 119
8 149
88 106
135 187
7 59
1 84
105 151
8 173
3 142
0 57
140 175
46 152
13 31
28 138
8 64
57 95
42 108
41 43
65 74
56 70
133 175
25 43
157 173
76 102
150 163
24 43
152 175
88 151
2 15
29 98
57 110
125 147
107 144
149 184
37 160
33 79
52 187
46 63
5 58
126 154
36 63
51 134
48 89
20 82
91 100
66 105
20 176
59 87
16 109
120 152
92 171
26 145
17 180
91 182
37 41
5 11
61 92
67 160
39 66
118 152
58 168
97 184
14 107
33 91
157 171
110 164
38 144
0 69
17 136
7 153
93 127
27 152
124 143
16 90
87 120
21 45
10 110
51 145
103 139
51 137
82 160
61 85
46 107
23 92
61 99
35 113
54 125
48 137
25 152
71 179
72 133
31 100
26 38
57 76
16 105
17 173
0 155
109 175
174 184
1 39
90 142
9 54
18 91
135 141
82 103
15 127
0 46
72 163
47 137
55 107
45 154
13 90
66 170
2 139
99 142
44 155
90 116
151 179
112 126
37 63
24 114
98 108
49 183
172 178
154 174
63 128
21 166
55 105
19 176
13 83
3 153
13 171
90 104
166 171
22 66
82 163
53 142
98 119
25 148
62 157
59 185
13 183
23 172
37 83
57 134
134 177
79 186
126 140
29 66
10 97
160 173
84 122
37 72
85 125
16 162
36 110
114 141
34 72
84 139
52 84
49 110
75 121
63 103
66 67
10 52
151 152
42 45
8 11
47 51
77 105
130 151
5 52
9 69
105 132
23 100
22 62
2 128
24 104
2 113
6 15
59 97
49 120
14 102
84 142
123 134
21 73
43 170
18 99
24 180
16 167
81 100
3 15
2 42
23 121
57 61
20 113
25 146
126 176
14 26
25 145
49 98
59 113
17 129
65 151
0 138
146 169
54 123
78 185
58 109
35 181
13 87
141 177
70 148
62 147
24 77
23 162
35 179
132 178
145 184
26 86
144 186
110 173
86 95
10 187
102 129
13 143
36 89
31 58
83 86
171 178
50 98
33 179
2 138
3 75
137 164
4 114
118 177
30 66
2 114
9 184
44 165
57 80
82 147
109 139
98 151
60 90
109 112
134 178
69 163
2 85
48 66
44 185
117 186
60 91
9 27
1 52
52 175
141 161
101 163
91 150
20 100
103 143
114 146
23 171
128 170
69 119
22 37
107 169
14 22
64 108
69 156
15 141
1 71
22 103
16 24
37 98
77 126
168 178
147 183
11 137
18 145
126 177
135 157
39 54
89 162
55 74
21 67
147 182
42 105
19 113
108 144
59 163
35 79
5 169
162 181
37 88
70 94
132 168
53 147
89 120
34 55
28 105
25 79
7 97
72 179
39 177
66 177
59 142
33 57
28 47
116 168
71 91
71 75
84 160
55 176
35 176
105 157
122 165
50 185
56 166
42 90
18 32
68 141
53 136
8 139
43 130
70 136
85 146
23 119
72 96
91 174
1 156
53 58
17 62
61 160
5 99
117 164
29 116
58 148
70 75
74 174
46 71
46 132
41 126
17 185
26 131
142 178
81 127
54 76
37 175
49 122
18 36
64 147
74 150
12 103
21 121
18 84
42 61
49 112
1 174
138 148
19 163
30 135
51 140
124 130
22 74
48 162
114 137
46 101
115 161
3 127
37 74
73 79
4 73
102 119
104 156
49 56
4 32
18 46
9 127
29 79
54 110
140 166
45 84
24 25
148 157
15 92
51 91
111 179
86 139
35 150
62 173
128 176
3 109
69 86
15 175
7 148
15 110
29 67
10 178
13 163
179 185
87 113
73 136
18 170
25 96
77 176
71 133
48 174
7 175
53 110
97 147
49 97
101 120
112 143
4 37
55 147
16 78
98 100
64 72
42 96
46 169
37 176
53 82
122 155
114 142
40 57
117 128
68 75
89 97
10 93
30 113
50 110
80 127
12 126
39 181
77 125
6 122
9 140
36 72
104 171
54 84
13 55
6 82
90 127
63 185
101 106
41 143
90 137
8 159
52 105
61 177
112 181
40 148
95 129
4 65
151 154
54 127
2 73
89 147
8 162
134 187
9 85
131 155
13 20
103 134
1 16
76 158
37 79
159 175
156 161
89 155
66 79
4 143
60 142
157 183
180 187
149 172
52 90
9 22
110 136
45 179
111 113
53 168
2 122
131 179
62 170
40 42
110 155
64 65
80 173
21 88
66 121
6 166
54 184
65 153
130 144
74 165
12 76
49 74
36 86
110 150
53 101
62 63
82 164
39 115
32 77
75 172
70 116
15 91
33 138
38 156
100 167
175 186
76 181
136 150
34 39
38 186
149 165
152 178
132 141
115 133
75 76
83 171
154 185
150 183
83 87
44 110
24 148
95 104
43 68
45 144
80 130
35 54
14 124
32 116
74 154
122 180
11 141
8 22
61 80
70 142
43 159
76 98
66 151
8 45
23 179
17 54
12 115
34 38
32 134
13 92
54 185
27 71
34 180
24 138
59 148
78 110
41 101
19 35
114 149
3 88
63 168
34 47
19 91
100 139
70 118
67 181
97 134
95 183
3 22
10 104
62 169
130 135
59 86
68 101
51 80
67 82
90 166
80 115
71 137
113 115
52 155
58 121
101 102
48 121
33 150
32 54
62 155
94 150
145 161
80 153
40 115
112 141
12 96
78 86
80 107
10 127
58 182
35 58
46 90
70 102
19 36
38 168
67 121
27 166
125 164
81 146
46 184
51 114
79 91
14 83
30 50
83 124
61 171
25 143
128 179
22 184
153 180
58 144
60 147
50 135
11 12
75 103
56 79
22 93
10 94
138 187
92 161
132 170
92 147
70 186
54 56
9 61
19 153
87 144
173 186
106 171
87 166
63 127
58 156
142 146
40 48
125 165
64 159
140 159
79 146
84 119
5 60
91 148
34 102
12 30
83 90
66 70
84 85
40 70
25 126
180 183
98 123
26 55
91 173
42 70
23 130
8 52
73 170
42 69
60 116
11 31
21 71
19 90
26 95
11 32
164 178
152 182
94 120
63 91
31 138
17 148
72 165
23 91
129 139
21 29
91 103
67 80
21 28
123 129
19 100
3 73
23 46
91 109
34 133
51 163
4 118
52 91
66 168
38 147
40 144
69 74
64 71
11 73
51 184
16 88
151 168
129 154
1 127
115 171
106 131
153 161
31 40
79 164
29 57
0 10
14 180
64 102
52 159
99 182
74 84
99 168
133 153
117 129
142 155
85 178
90 161
59 162
113 134
144 185
38 75
42 102
99 143
7 135
2 167
103 130
51 164
73 109
78 167
112 115
93 132
112 162
28 114
21 33
78 119
47 127
46 134
98 144
151 180
30 48
15 112
64 143
41 53
140 144
21 147
91 145
4 22
15 98
7 36
14 50
61 153
44 63
56 153
26 31
101 124
54 111
111 163
2 129
91 129
31 115
46 98
0 65
64 101
91 134
8 29
60 158
70 103
38 91
84 182
162 184
41 63
80 81
3 42
7 186
3 114
91 143
28 93
95 173
7 41
12 31
151 165
12 74
51 119
59 184
81 88
43 141
57 130
69 139
93 142
22 110
33 168
100 116
62 99
11 178
27 118
79 93
98 125
35 171
22 157
138 183
66 180
22 177
40 135
37 40
18 160
2 9
100 114
139 182
54 135
82 88
76 81
17 80
69 169
105 131
11 92
1 157
43 148
130 162
137 145
156 162
14 62
14 120
89 118
54 106
125 131
1 137
42 149
90 102
123 128
91 154
9 123
86 162
24 40
64 126
104 107
26 29
163 171
95 159
10 45
16 47
48 167
0 141
102 109
40 172
43 119
47 164
82 172
24 80
139 161
60 103
7 48
92 180
51 127
119 169
158 176
170 184
119 120
144 162
98 136
98 170
115 120
73 148
49 102
34 63
33 149
25 160
47 122
175 180
20 110
68 77
2 81
11 85
70 73
63 113
63 110
44 161
140 149
96 162
14 108
45 69
138 167
118 127
75 129
18 48
33 56
161 177
71 176
15 86
119 132
29 81
51 118
101 126
103 156
79 132
3 54
49 159
61 172
22 83
38 129
86 127
20 35
11 24
12 104
66 94
1 167
134 182
3 112
30 141
153 164
110 175
14 80
63 147
72 177
120 149
10 36
54 113
94 98
38 122
34 166
27 79
5 117
158 179
169 170
11 116
92 96
6 144
56 129
79 177
39 173
21 64
116 149
17 152
6 146
88 107
14 88
64 168
52 145
84 117
70 187
97 185
15 148
98 111
14 51
16 89
11 174
75 120
17 70
79 154
78 115
59 80
92 129
80 123
50 159
128 147
16 27
57 101
147 150
88 141
5 186
22 155
14 99
17 121
37 104
11 109
103 155
35 93
69 157
175 187
14 126
47 87
61 79
73 143
0 2
50 59
128 168
72 92
75 176
29 37
60 181
56 103
0 89
38 140
28 145
68 183
24 178
123 141
23 93
87 157
76 126
24 156
40 168
160 161
116 147
64 118
66 93
132 144
57 112
97 183
34 117
94 184
53 143
0 99
16 133
4 46
43 172
69 160
1 7
131 160
40 167
142 166
25 72
153 174
57 150
96 126
145 167
43 113
150 184
21 143
10 67
18 159
53 172
52 126
83 182
28 132
69 101
3 43
41 112
104 180
77 174
44 64
105 154
15 132
28 82
18 143
101 119
17 92
16 132
3 161
38 77
112 139
52 130
13 94
25 156
102 158
136 151
80 116
68 150
12 16
50 58
105 107
161 163
68 173
90 133
183 186
117 149
69 176
22 117
149 180
83 156
56 95
63 161
17 56
60 175
25 95
10 90
125 130
46 157
12 32
8 38
116 164
59 129
74 124
8 31
111 158
121 159
77 115
110 184
53 83
10 112
67 151
90 96
43 84
118 157
105 184
42 142
67 79
19 46
109 110
46 153
180 185
87 114
38 46
12 21
123 179
7 108
33 99
92 139
162 167
31 177
53 133
50 107
33 105
61 121
168 183
38 165
59 74
71 98
49 89
32 64
2 103
130 166
56 137
85 147
53 175
3 31
139 153
64 175
103 172
11 64
45 97
48 107
134 167
144 153
0 56
132 140
88 163
87 134
5 19
113 116
29 35
68 110
18 150
24 125
70 182
169 180
73 100
92 145
48 63
43 72
9 94
105 115
99 109
8 175
37 44
29 88
31 76
97 161
10 114
61 71
17 184
99 116
42 182
93 106
59 73
20 47
99 155
73 117
2 84
149 187
110 165
32 185
69 181
125 140
43 56
61 62
122 168
137 151
128 138
98 135
92 115
84 102
80 183
11 125
16 184
5 90
53 174
107 134
3 157
34 149
29 148
21 31
24 120
71 76
15 146
100 183
53 91
108 122
70 156
142 171
24 144
3 111
31 86
176 177
81 115
14 56
60 72
82 171
14 140
5 156
72 87
132 176
73 113
69 85
120 170
44 114
91 94
10 152
10 159
76 128
18 78
18 140
87 135
88 133
146 148
4 138
28 90
3 147
29 76
47 88
78 141
23 108
12 26
91 99
96 111
136 155
7 177
142 170
75 77
1 104
26 133
25 27
121 179
80 103
69 130
61 126
102 138
48 96
94 144
0 3
27 37
41 60
151 163
16 180
56 122
67 122
51 142
102 115
73 86
66 108
148 150
76 164
101 180
103 125
3 92
29 130
121 124
87 147
50 131
59 110
29 142
104 122
101 168
131 168
61 82
18 68
62 65
56 162
9 147
115 174
50 114
104 138
120 132
66 91
45 127
21 187
109 134
65 106
75 184
100 179
79 145
53 169
23 25
22 100
108 150
27 178
32 101
86 102
24 167
92 138
84 101
103 105
50 99
40 146
86 115
12 156
47 102
98 130
23 56
89 99
33 41
155 182
69 147
96 107
166 176
80 143
44 133
89 105
13 77
5 168
47 117
138 146
10 24
29 166
141 184
66 136
127 139
46 102
24 27
116 179
7 184
73 135
14 87
81 113
33 187
97 110
33 153
32 82
69 111
55 102
10 74
64 88
48 147
33 78
13 186
50 144
115 178
49 111
148 160
116 156
56 68
8 152
38 48
10 186
68 94
9 30
23 104
126 149
23 152
35 88
1 146
41 50
84 164
30 182
28 50
121 155
15 35
16 45
39 163
89 164
114 119
67 179
24 174
46 69
63 165
28 100
37 174
7 94
149 159
12 111
5 137
152 159
37 125
140 161
3 180
38 101
19 34
103 106
92 152
57 160
61 178
10 41
77 171
50 128
4 28
83 122
17 61
51 128
104 143
13 76
116 151
53 124
56 63
0 26
3 110
9 93
123 172
14 21
29 109
17 33
53 111
128 140
124 170
52 69
103 175
21 49
77 83
0 187
4 48
28 107
26 183
109 156
64 132
113 141
94 108
37 77
70 104
15 114
30 142
44 91
1 139
86 113
179 180
66 100
56 67
160 178
60 173
47 178
162 171
49 176
42 51
40 141
11 144
136 184
113 139
45 111
7 163
29 34
153 154
20 144
54 86
66 182
129 132
38 125
111 170
19 30
2 179
15 164
99 187
17 73
4 80
3 86
97 186
75 173
26 82
58 125
15 44
67 176
71 90
92 123
57 111
13 81
18 116
23 120
88 126
135 179
85 104
131 182
67 83
4 152
28 57
53 55
42 143
36 41
81 101
52 158
82 187
32 120
34 92
38 128
119 184
125 159
152 172
37 102
7 84
137 138
111 133
131 167
124 160
81 165
108 164
71 153
11 57
126 136
86 167
1 152
46 56
39 76
100 141
45 81
111 171
86 158
7 20
17 46
65 145
167 186
72 78
14 155
0 125
75 131
7 49
111 168
103 184
6 84
2 58
38 90
11 23
108 176
5 94
116 137
121 182
52 55
13 61
31 80
45 71
13 100
31 125
10 156
15 171
140 184
38 137
116 174
110 160
4 182
104 121
138 165
143 146
154 180
15 68
43 122
66 139
88 104
4 27
8 19
163 165
65 136
46 163
111 134
12 144
50 73
105 137
140 173
18 164
40 58
55 132
105 168
129 152
32 138
13 23
33 169
27 187
70 72
29 149
167 183
113 184
57 91
87 152
52 185
46 170
5 92
25 105
23 166
142 150
27 181
21 81
148 162
5 138
43 162
46 55
148 177
73 181
155 170
158 183
82 87
9 113
82 165
73 80
19 132
60 164
5 38
41 144
143 177
145 185
168 170
9 182
12 157
125 186
72 166
97 173
41 116
21 117
86 175
113 138
55 75
135 169
52 59
79 169
4 150
111 173
131 133
76 132
64 91
109 118
71 74
83 166
83 178
125 163
11 15
126 178
87 106
49 184
94 130
113 155
141 151
117 125
45 157
72 105
3 99
80 160
9 98
100 147
65 73
55 69
66 129
32 168
58 83
121 133
68 144
12 159
84 174
121 181
25 136
92 159
44 182
70 143
112 144
48 185
89 185
16 170
52 109
2 12
69 185
110 134
59 117
78 156
120 187
142 184
107 151
145 171
31 85
77 106
32 86
126 181
3 19
147 171
78 79
105 175
17 21
32 187
74 177
77 100
114 187
90 145
7 79
24 169
111 162
64 145
127 151
15 73
139 185
76 138
69 144
68 92
69 105
81 166
13 115
112 113
8 181
38 96
31 54
63 112
90 172
7 74
55 160
15 147
35 50
149 170
4 133
15 42
62 119
103 166
120 133
21 25
58 135
16 134
56 72
80 124
16 98
72 164
44 81
35 84
18 132
72 85
49 160
30 44
11 28
27 60
34 73
62 160
126 161
154 178
12 121
140 148
53 161
116 175
135 172
18 103
11 173
129 142
17 139
9 164
9 72
51 178
82 184
80 113
41 137
56 112
123 147
99 129
157 164
19 114
30 38
67 163
26 159
98 162
129 169
152 161
11 159
30 71
50 78
5 161
27 106
25 90
5 31
54 139
150 159
112 156
127 143
20 41
137 178
8 13
106 154
135 159
171 186
79 113
29 107
6 123
77 120
96 146
87 146
24 42
57 107
9 153
34 114
75 98
86 105
70 160
49 148
68 175
14 61
52 88
16 19
90 156
36 67
52 161
31 172
143 158
9 73
34 40
72 101
104 142
33 165
77 155
31 110
106 145
7 87
65 167
50 150
118 149
45 107
21 74
34 175
59 131
5 181
66 167
0 137
110 185
134 172
159 165
10 56
106 167
107 178
50 71
37 80
147 179
126 150
44 175
99 146
53 87
135 142
5 77
163 181
88 168
58 179
120 131
100 180
136 167
81 124
3 104
108 136
80 111
71 72
31 63
23 160
112 171
130 140
27 31
76 124
3 144
15 104
123 171
41 110
45 85
77 91
52 92
79 131
174 178
45 67
132 133
32 153
6 132
98 185
91 177
24 34
26 146
11 87
67 86
54 71
51 166
12 37
89 171
30 125
106 174
84 134
51 92
124 126
41 141
23 83
100 143
95 113
86 129
99 115
43 176
10 71
50 95
84 95
91 96
37 43
0 168
11 65
22 107
91 116
147 172
75 139
129 186
56 119
92 183
2 130
123 158
22 49
29 106
45 65
129 168
57 69
168 179
112 179
44 62
17 124
51 101
66 140
121 153
15 153
82 156
84 112
94 183
120 139
30 37
37 118
1 45
28 48
58 142
16 131
2 43
87 160
76 139
18 109
55 92
18 37
12 98
130 183
70 110
23 85
15 155
73 175
78 94
29 136
25 76
78 101
7 110
108 114
64 131
98 146
97 150
88 165
20 69
66 116
70 95
140 143
2 153
23 158
87 136
99 169
102 181
144 149
64 187
81 177
68 171
76 186
53 123
55 61
10 151
68 104
3 156
137 168
47 142
5 25
28 120
136 165
93 133
155 162
52 103
162 165
44 85
59 166
12 67
41 72
80 98
3 52
106 166
132 186
52 120
45 156
123 160
112 164
46 140
119 150
1 87
54 133
92 121
152 183
63 107
126 172
105 129
105 153
25 45
48 130
72 115
87 164
76 183
13 40
82 139
48 146
58 115
62 182
19 83
63 83
1 36
52 56
38 89
52 118
86 138
74 139
43 87
17 187
27 162
6 73
9 116
136 169
97 117
31 117
123 132
27 78
45 92
13 33
154 167
2 56
26 102
26 35
147 149
118 181
34 129
41 169
64 178
50 126
61 170
30 53
120 145
0 23
51 111
53 171
54 186
108 179
86 180
111 136
28 77
45 174
150 172
126 157
21 129
87 153
69 113
109 121
101 154
108 153
40 122
8 186
70 169
0 106
74 96
104 163
78 171
122 138
53 160
35 106
36 142
34 46
86 125
17 95
55 146
103 128
16 54
42 57
14 135
7 44
14 81
26 92
20 72
85 167
141 149
44 94
9 77
59 69
4 109
25 58
34 108
78 184
30 80
31 88
95 125
115 170
93 113
45 121
83 141
50 134
26 39
9 125
166 180
154 156
64 95
7 128
40 88
44 187
57 65
63 139
25 28
21 176
88 105
43 96
33 50
36 150
32 171
86 108
2 44
36 94
28 117
67 180
15 106
7 169
75 166
26 77
19 88
112 186
12 86
32 179
30 161
16 72
88 108
35 110
140 172
70 179
24 67
66 142
52 137
117 167
38 39
83 183
109 114
48 52
104 170
12 41
106 142
110 153
70 170
66 80
121 152
44 70
6 64
11 13
125 181
9 187
132 158
38 146
77 173
21 162
93 154
56 84
160 185
56 128
42 59
2 163
100 169
109 151
155 187
39 50
41 142
43 152
39 81
36 101
84 167
93 169
75 138
11 184
18 177
82 128
38 102
13 122
22 150
7 100
5 73
8 48
9 59
128 137
64 113
68 120
32 90
48 116
43 143
24 66
122 149
37 138
51 161
11 157
5 37
79 144
20 133
143 153
127 166
93 175
13 97
5 162
61 108
68 162
41 86
116 122
19 107
22 91
150 171
31 134
89 106
37 147
99 154
45 183
138 168
48 161
30 145
46 100
76 103
115 154
71 112
45 49
39 126
123 163
35 57
29 95
87 118
153 167
120 168
47 160
85 112
7 139
2 97
73 99
114 186
90 160
51 116
80 97
25 84
19 173
15 137
88 124
17 105
37 42
77 82
89 176
50 152
73 89
66 165
144 165
73 131
13 59
10 43
10 54
75 132
7 47
56 140
25 167
140 178
99 145
142 164
80 138
110 171
25 71
43 175
9 172
30 57
19 74
63 131
55 87
40 157
64 167
134 149
28 109
77 151
60 80
119 172
43 52
50 166
56 89
96 143
137 148
62 106
20 25
66 159
90 181
155 157
35 147
129 157
118 131
91 115
124 169
4 78
23 88
97 99
81 154
122 161
34 107
89 125
1 37
35 74
170 174
96 148
27 113
2 79
0 28
59 149
49 175
65 67
81 150
61 101
25 162
61 111
27 186
39 184
84 158
15 178
33 68
47 119
37 59
7 127
113 136
15 67
123 181
25 52
10 141
10 50
115 130
40 153
56 158
10 150
22 128
97 157
112 136
14 71
28 151
96 116
43 77
13 112
26 172
42 181
36 65
21 138
22 31
47 184
15 183
124 132
23 99
88 143
119 121
68 79
15 65
84 98
6 86
9 144
4 149
50 80
43 53
121 178
119 165
17 22
28 78
130 164
163 187
49 90
66 110
130 178
20 29
102 134
163 170
82 123
65 123
28 161
64 146
93 97
36 73
165 186
2 31
20 45
63 143
11 145
75 127
61 166
18 40
29 135
116 167
161 179
9 34
119 162
138 147
146 156
10 113
2 185
71 144
156 169
8 113
161 169
31 159
9 96
80 148
94 148
76 176
148 164
159 161
17 151
67 111
90 151
22 129
0 111
83 176
12 151
45 187
91 186
66 181
16 118
124 168
3 16
112 120
92 133
32 95
31 170
62 143
83 111
75 106
13 130
76 94
81 95
5 187
96 130
116 125
133 165
125 187
92 142
43 65
49 77
8 131
87 154
6 175
18 128
67 74
81 148
42 164
157 185
106 140
142 157
19 108
142 175
95 170
72 132
76 88
132 156
43 137
24 62
113 163
17 85
93 121
7 147
66 104
5 151
86 174
51 66
67 162
94 160
34 66
85 145
9 33
128 154
19 129
48 135
102 168
15 121
54 85
20 39
161 170
60 111
57 125
39 146
118 159
7 23
134 173
104 112
1 180
62 139
83 108
106 157
22 48
22 53
13 127
129 187
176 181
94 186
93 155
115 183
91 117
27 85
36 51
76 155
15 168
134 135
14 30
52 106
160 174
55 178
62 159
136 162
150 181
8 155
76 177
75 117
75 153
67 115
171 181
15 31
40 118
124 155
54 118
49 80
19 128
90 184
24 92
88 103
103 136
91 156
29 86
0 85
45 90
61 122
22 139
8 27
127 148
123 167
42 64
52 72
65 170
63 175
33 61
120 130
47 159
82 154
26 84
29 64
142 143
3 123
20 162
76 149
38 167
107 167
59 144
124 182
87 140
62 165
139 168
47 136
4 126
130 185
65 171
36 181
110 145
132 180
7 170
105 162
132 155
129 171
104 181
33 104
77 88
2 131
13 89
96 118
12 168
27 107
26 109
20 65
123 183
160 162
86 150
0 148
8 17
16 140
31 59
49 118
30 87
2 22
53 108
61 134
60 132
166 183
123 159
140 168
30 183
3 28
37 171
55 59
104 186
6 181
34 125
1 182
123 173
124 165
71 79
57 59
112 153
127 169
5 28
30 96
5 48
51 135
46 143
13 24
11 89
74 135
6 131
5 167
145 183
1 176
34 99
4 144
140 169
110 132
4 159
45 83
57 154
41 66
5 93
117 172
11 123
36 54
59 161
111 117
35 173
69 109
92 97
15 48
0 182
126 169
124 185
117 151
5 74
152 163
73 102
55 163
44 66
51 59
23 185
23 32
55 135
60 182
32 43
93 102
29 153
104 133
80 149
76 180
33 37
22 51
140 150
19 66
34 98
4 151
117 176
62 168
129 166
70 155
10 62
126 133
73 159
47 155
77 114
100 138
58 99
31 66
15 28
94 181
113 180
116 157
1 2
90 169
18 94
124 157
55 168
42 46
10 157
46 123
6 127
42 131
121 187
68 99
62 166
38 104
162 164
106 147
143 174
42 93
51 67
152 186
65 116
131 142
94 117
113 160
138 180
10 14
38 138
107 125
146 151
35 102
78 126
16 144
102 113
0 172
13 26
25 186
6 186
120 143
150 176
77 87
21 139
79 85
163 169
141 146
4 115
12 135
68 88
45 161
42 187
27 69
37 113
90 122
24 45
19 116
66 145
20 74
107 152
61 72
162 170
68 181
8 147
58 127
2 19
15 27
99 141
65 152
4 131
151 167
54 66
33 35
86 137
26 56
91 112
25 111
60 176
68 112
31 118
41 57
52 83
38 173
25 170
86 146
18 87
8 26
43 76
65 148
107 110
7 37
171 173
84 179
177 179
103 108
100 111
70 115
18 183
1 68
36 98
12 105
45 152
140 145
75 141
44 54
23 180
15 140
56 182
1 179
65 80
32 70
35 61
121 146
177 181
78 129
47 96
47 108
14 94
116 181
94 101
23 87
98 102
34 121
46 121
127 158
30 79
74 149
47 180
137 177
0 139
18 147
91 119
28 104
2 7
49 52
58 131
95 169
33 92
35 67
21 90
63 187
40 150
28 183
116 130
64 84
65 108
38 105
70 137
84 187
8 180
17 65
55 179
44 68
20 134
52 89
76 142
120 141
80 114
37 179
134 138
84 88
16 120
22 124
4 91
7 181
21 26
31 147
0 130
7 109
0 52
37 65
43 129
50 69
114 129
44 78
18 119
0 88
4 30
95 144
81 129
44 136
107 171
25 41
20 92
91 111
97 103
54 70
56 118
64 128
31 61
126 182
5 96
36 169
59 182
29 127
42 124
34 128
74 172
67 88
17 149
59 165
9 71
47 92
0 62
83 120
9 109
15 176
31 67
63 169
88 172
150 160
50 147
54 179
24 151
22 156
15 133
36 46
10 84
3 9
82 86
13 95
52 176
81 117
14 43
15 162
98 115
2 11
30 159
51 77
157 159
99 140
104 176
12 181
69 168
158 164
28 162
130 159
109 128
124 178
46 113
101 146
167 173
8 90
115 150
69 153
48 122
30 172
55 94
30 164
95 130
11 47
40 83
136 166
65 182
11 142
35 178
55 67
17 37
45 95
89 92
3 181
74 88
26 130
131 169
24 164
78 145
74 175
41 65
60 154
68 139
63 70
72 154
114 136
66 126
52 100
50 181
85 102
103 151
16 53
4 165
129 131
72 104
44 49
140 163
106 163
7 39
19 89
146 183
39 116
38 120
58 164
23 138
134 152
124 138
8 166
85 182
54 74
50 129
99 176
173 187
107 116
89 91
124 151
64 66
31 181
63 167
5 61
57 114
139 165
16 80
35 59
149 178
30 163
89 165
59 125
78 179
40 81
43 155
47 90
35 174
4 94
9 154
40 113
67 149
42 130
57 147
53 89
86 103
40 79
124 137
57 129
92 117
6 50
52 167
5 42
65 98
43 186
30 72
10 139
36 124
28 64
5 27
137 152
116 131
104 175
23 129
68 156
56 177
29 147
90 126
22 105
48 84
60 85
68 108
122 141
141 174
9 112
58 183
88 159
126 162
93 118
70 159
19 61
114 171
38 157
62 149
2 66
74 131
67 126
85 87
113 156
78 96
69 137
29 52
64 137
121 149
103 148
75 101
3 170
70 165
72 113
54 182
26 144
67 185
19 185
43 61
91 95
20 119
5 144
78 90
10 115
4 187
143 152
82 185
24 60
18 105
44 77
59 107
32 93
78 163
120 150
88 152
64 117
109 163
1 153
3 98
39 172
43 63
65 173
72 120
99 102
44 146
75 179
161 178
54 116
6 44
30 149
27 130
85 86
5 45
61 152
103 157
55 138
20 55
29 53
111 183
56 116
96 166
48 69
135 138
82 110
0 181
126 186
15 23
115 153
52 125
75 114
74 180
47 64
70 88
10 162
74 138
38 71
2 123
36 99
46 124
109 145
31 120
66 186
7 93
114 150
149 158
67 157
150 155
108 143
76 141
50 182
128 129
33 128
20 87
113 119
5 20
77 127
51 132
44 123
121 154
145 176
33 180
158 187
94 163
34 165
35 96
8 39
57 126
104 127
71 142
50 145
41 136
0 150
138 149
54 100
4 88
110 149
112 184
71 121
27 44
54 98
39 78
124 144
37 103
59 66
17 172
56 104
41 55
3 63
100 151
90 167
167 172
148 165
161 172
36 69
155 161
76 179
20 116
9 81
43 95
54 121
3 185
42 169
21 54
140 185
20 66
46 142
88 123
114 175
41 49
129 181
39 84
5 50
134 140
2 184
9 166
48 153
75 160
61 182
7 185
156 187
32 137
1 155
132 159
105 133
46 174
127 132
108 169
30 45
26 78
0 61
55 98
78 109
117 122
55 63
94 141
21 146
72 90
54 154
42 145
32 141
35 130
179 182
71 172
20 117
9 49
55 141
78 173
86 88
2 186
106 110
80 142
131 180
139 162
88 131
8 61
106 185
33 62
42 71
64 87
42 154
153 181
39 63
102 161
21 115
47 104
80 155
101 161
21 184
7 165
52 99
109 152
90 168
13 150
125 167
64 70
12 124
88 155
38 99
28 97
73 176
46 162
51 115
38 179
134 159
8 167
68 184
9 132
83 103
12 154
88 161
6 9
31 102
6 99
57 172
26 52
8 170
16 75
155 167
123 151
19 102
36 91
67 156
112 127
146 153
70 111
21 78
53 76
43 127
85 166
25 117
94 127
89 157
47 67
39 131
59 154
108 182
57 183
37 105
11 111
45 114
19 175
65 146
119 144
29 118
73 130
8 143
89 102
126 158
159 160
58 170
54 89
37 47
70 183
52 166
130 157
60 77
60 107
13 160
51 65
113 173
112 147
178 180
138 150
164 167
64 80
73 77
54 60
133 178
102 139
61 104
24 146
121 172
22 134
108 149
68 158
104 120
14 118
116 126
83 99
124 142
17 109
9 42
133 141
15 161
86 93
33 143
7 124
90 98
113 124
105 106
69 121
40 75
22 160
103 181
9 162
0 77
109 164
22 106
69 142
85 119
86 122
2 174
156 173
8 141
84 171
102 179
51 121
13 118
117 177
80 122
25 168
52 65
177 183
178 187
109 132
23 112
34 35
27 30
69 77
65 159
57 88
134 141
114 120
42 132
89 142
79 95
6 120
40 184
34 135
50 160
86 184
143 178
7 133
102 112
80 93
115 162
10 158
9 39
2 156
50 72
77 130
5 87
33 58
89 103
63 137
19 53
66 174
0 21
146 155
65 160
75 163
50 140
117 148
155 160
94 134
99 171
74 158
27 43
69 150
27 138
30 43
27 112
117 140
179 186
85 129
1 28
40 177
40 77
78 174
14 122
66 97
58 96
49 134
40 152
81 135
10 26
101 118
18 148
100 123
104 135
33 113
94 174
78 91
112 123
14 129
11 106
88 178
37 149
27 170
30 153
14 74
104 128
6 90
1 6
74 104
71 154
100 155
7 91
13 80
107 165
70 98
36 170
137 185
115 175
67 140
53 60
66 119
50 137
2 115
17 119
22 119
42 134
14 38
27 89
7 43
7 183
57 63
25 83
92 177
71 103
121 138
68 154
174 187
15 69
54 128
99 174
69 129
70 147
109 181
142 167
7 53
68 140
82 136
32 59
4 62
63 162
64 115
79 157
4 15
22 173
73 162
37 86
35 146
78 135
55 122
60 93
103 120
72 157
102 103
35 41
110 163
53 158
29 59
98 159
4 183
108 133
23 113
40 162
5 103
127 176
142 162
71 166
17 153
52 58
40 149
78 102
155 156
7 103
48 166
32 67
108 157
36 186
36 84
28 168
14 181
62 145
25 155
71 129
54 144
0 8
97 187
10 185
49 147
17 135
28 179
21 165
38 123
92 125
54 166
45 168
37 49
130 150
30 155
33 70
29 171
84 186
33 155
33 72
28 182
46 154
152 180
2 124
31 151
5 23
81 144
90 97
176 186
52 87
154 166
37 46
39 70
11 131
100 163
39 52
51 147
28 177
10 82
74 170
107 146
62 121
35 39
8 82
40 145
127 149
4 17
0 25
127 163
66 127
134 175
34 136
20 139
86 135
108 158
95 109
163 167
23 132
62 89
38 70
31 141
69 75
28 46
122 184
137 175
100 106
133 138
49 130
30 89
90 103
154 162
41 157
25 33
18 47
169 183
30 168
74 162
18 83
85 89
86 123
35 62
12 175
107 159
106 138
118 162
148 183
44 111
84 154
30 34
39 45
43 161
1 18
21 181
38 62
50 158
15 135
132 150
118 142
69 143
63 108
32 158
54 163
46 176
22 34
49 152
98 152
33 109
139 164
103 109
54 140
85 171
69 90
59 174
3 87
132 165
18 179
19 77
72 137
105 114
49 55
2 182
29 176
125 170
15 138
39 99
69 133
41 82
72 144
145 160
35 71
117 165
5 75
19 167
43 112
17 86
14 16
69 103
26 153
145 154
34 56
68 166
82 180
70 177
116 138
135 186
153 160
150 186
70 154
7 34
5 148
61 181
0 16
7 171
84 90
46 148
10 70
10 132
29 125
165 167
38 150
38 59
112 155
174 181
45 115
19 39
50 83
21 155
13 135
8 36
150 180
133 151
120 178
15 185
73 178
4 21
96 121
16 68
44 69
25 120
88 110
92 182
22 186
137 187
158 174
80 85
5 118
60 130
21 63
41 115
65 166
49 68
75 94
56 75
124 147
85 155
37 133
6 121
2 50
74 151
74 181
146 157
29 113
31 112
25 175
22 180
56 155
13 84
97 167
23 110
72 126
79 99
31 82
11 77
96 127
21 51
106 149
130 138
28 111
7 98
62 120
0 64
83 109
31 180
30 178
70 79
70 91
44 169
74 106
146 147
76 125
41 183
24 149
35 121
5 170
44 127
35 152
111 180
106 187
21 41
47 126
10 57
28 180
20 159
97 158
57 162
114 159
52 172
77 139
5 155
108 170
143 186
93 99
45 151
7 138
150 168
14 157
68 100
74 115
22 76
53 109
112 137
107 138
55 174
26 40
28 127
65 104
185 186
53 71
66 173
114 117
78 186
120 176
152 184
3 130
15 170
40 181
83 112
120 147
53 79
20 132
93 166
73 97
53 56
20 169
97 140
12 158
3 83
12 143
8 71
111 126
39 178
113 159
73 154
91 152
103 158
87 138
51 173
28 133
55 73
158 186
73 119
26 129
98 113
0 179
24 91
39 113
149 171
16 42
73 150
62 80
140 174
38 164
1 56
18 75
43 108
55 86
27 67
65 137
117 142
78 97
131 165
84 128
73 127
59 105
9 157
18 88
64 156
0 79
65 161
22 183
109 184
29 94
11 155
52 141
6 7
69 151
70 176
90 106
32 148
115 116
49 163
28 173
23 98
36 82
4 172
164 176
71 143
157 162
30 131
68 69
27 137
181 186
88 136
71 152
4 59
81 131
133 152
45 76
54 93
41 148
95 98
87 110
114 176
79 118
102 184
55 82
19 124
72 173
9 158
17 77
35 180
5 82
32 155
