190
10
1615
60
127 2
47 2
88 2
120 4
85 2
90 3
110 3
108 1
64 4
94 2
104 1
72 1
101 4
101 1
58 2
93 1
87 3
106 4
55 5
59 3
82 2
43 1
48 3
72 5
110 2
41 1
51 5
114 1
135 3
123 4
45 4
46 1
107 1
104 2
73 1
56 2
43 5
95 1
117 2
91 4
121 4
106 2
134 4
122 2
113 5
86 2
50 2
63 5
131 4
58 4
123 3
55 5
61 2
48 2
109 4
129 2
115 2
56 5
125 3
71 1
120 4
65 2
46 3
98 1
128 2
115 3
136 4
63 2
62 5
126 3
110 2
135 4
107 1
49 1
63 3
91 4
122 3
128 2
91 1
88 3
127 5
43 3
44 4
132 2
41 1
44 5
97 4
89 1
132 1
55 3
105 4
77 2
101 5
43 3
62 3
74 2
93 2
63 4
126 5
71 4
87 2
107 4
129 1
113 4
90 4
92 3
49 5
92 5
87 1
54 2
73 5
90 3
129 3
67 4
81 3
89 3
120 5
97 1
136 4
128 4
117 2
131 1
101 2
42 3
104 4
81 3
49 2
129 3
114 2
38 4
48 4
52 1
45 5
125 5
131 3
109 3
95 5
95 2
44 3
56 5
48 4
54 1
120 4
81 5
38 5
60 4
65 4
48 2
118 4
89 2
68 3
130 4
54 3
101 1
101 1
75 2
43 1
81 2
43 3
78 3
118 1
69 2
39 2
107 2
73 1
53 5
87 1
119 4
52 3
76 2
64 3
45 2
77 3
54 4
104 2
121 5
122 4
69 1
122 2
60 2
54 5
53 4
82 2
105 2
84 2
128 3
136 4
66 3
76 4
133 5
6 144
60 71
16 52
125 136
26 136
34 114
6 91
40 93
141 189
22 74
13 36
144 172
23 34
17 159
6 187
55 183
58 107
141 176
46 167
136 179
89 117
8 129
14 94
86 100
124 179
144 169
31 103
77 152
8 115
135 155
115 187
102 105
14 23
140 164
28 132
28 91
45 65
178 187
46 142
61 97
106 180
87 129
54 126
57 181
1 121
28 107
80 116
158 164
70 117
52 180
67 139
57 160
21 99
44 68
4 117
21 165
25 142
117 170
13 76
100 181
31 68
25 33
57 113
79 126
70 139
60 150
145 153
32 157
119 173
50 171
44 149
163 173
108 179
93 117
82 115
59 107
19 66
16 87
172 176
64 142
66 67
45 180
151 173
143 187
97 102
21 133
129 145
2 55
18 166
115 135
24 178
77 167
67 159
77 160
169 186
67 189
36 46
129 133
131 140
53 188
60 161
122 141
34 107
51 154
69 146
152 167
157 179
11 114
40 173
72 154
9 23
114 155
75 126
52 144
147 171
37 142
31 53
32 178
5 117
110 182
66 138
126 170
64 186
160 174
125 138
118 150
38 48
61 72
154 170
1 123
25 89
21 56
1 172
10 54
82 118
56 180
105 171
66 86
9 153
38 52
82 87
129 170
19 21
16 42
31 180
43 125
134 143
76 185
85 156
35 140
166 187
98 189
78 116
85 106
31 134
8 71
4 107
81 92
65 112
104 113
76 127
84 180
48 152
135 146
103 113
14 116
20 140
1 128
6 169
91 96
54 71
83 128
72 149
3 8
37 130
20 30
0 112
111 141
68 82
105 139
91 112
108 117
23 157
38 110
51 182
120 155
95 143
7 124
48 85
54 172
9 169
16 49
46 70
87 114
91 162
63 134
65 105
25 87
135 140
60 146
132 137
15 134
103 183
20 26
21 29
71 134
128 152
21 97
122 154
19 178
31 47
9 123
93 135
51 138
88 169
106 136
70 105
71 170
69 147
128 143
107 123
107 172
9 136
40 88
47 85
60 104
60 155
67 80
141 170
0 156
99 171
75 149
38 100
5 125
76 151
77 128
41 49
39 100
24 134
47 122
2 41
51 96
129 159
30 45
42 104
10 66
16 36
0 87
49 174
156 183
78 89
20 174
14 57
119 171
144 167
75 119
0 33
71 180
41 46
68 95
41 122
117 136
51 67
88 145
17 42
47 77
14 38
46 172
117 183
30 134
111 140
42 137
75 186
33 138
74 137
16 181
93 131
34 85
53 108
87 170
53 95
52 129
66 87
84 92
6 107
10 22
173 188
43 152
82 159
154 167
84 112
47 66
21 65
24 143
70 179
54 70
47 98
4 82
78 101
136 177
1 138
13 185
77 124
8 109
3 69
40 139
117 142
121 183
74 86
1 12
56 174
58 86
104 177
58 153
44 77
30 158
38 181
43 106
54 75
48 114
26 81
59 147
7 118
119 181
148 155
86 129
49 144
145 164
65 116
0 80
114 128
13 98
13 119
27 95
98 176
136 186
11 39
117 132
48 183
124 187
63 89
56 67
121 187
16 82
91 135
51 177
137 151
80 158
20 60
4 113
12 100
51 54
18 170
10 112
75 136
127 149
53 144
160 163
47 118
68 163
82 111
36 79
103 133
8 135
144 176
106 177
128 176
34 35
77 154
38 169
142 148
62 141
141 173
3 74
66 70
65 95
13 95
127 151
26 61
160 189
47 89
134 142
33 67
58 94
6 166
122 143
143 168
32 80
1 13
38 175
9 137
86 170
82 184
71 128
132 188
143 180
99 177
29 91
13 58
68 145
140 180
112 132
96 182
112 170
62 153
128 179
38 66
38 89
88 106
119 176
29 188
18 152
4 169
81 137
30 59
86 103
8 133
58 172
20 171
25 118
16 165
99 161
36 48
6 69
100 135
96 145
52 182
29 84
3 79
111 181
90 185
145 148
41 74
116 135
35 89
124 169
72 144
174 188
53 114
7 18
2 3
30 106
40 138
74 80
32 168
19 74
23 74
56 136
24 124
86 112
45 103
99 146
79 99
92 148
0 118
24 159
8 67
46 168
32 49
78 181
64 79
89 167
79 138
153 164
74 127
72 117
67 143
71 183
21 132
35 61
177 178
13 132
128 148
6 150
52 78
53 172
41 167
83 151
77 97
57 172
75 125
99 172
141 156
82 134
3 103
51 156
65 96
9 117
42 177
62 72
57 68
21 95
19 32
28 42
10 107
32 75
34 86
63 72
36 166
57 130
12 161
82 141
0 167
31 165
117 187
121 151
32 187
86 133
44 156
62 91
150 170
91 156
12 75
95 111
134 139
19 111
16 123
25 161
29 79
100 114
41 135
105 179
10 39
149 155
36 147
15 184
10 46
136 153
54 93
6 45
59 182
38 182
87 135
7 59
77 153
10 189
63 119
56 186
103 151
11 33
57 110
129 167
13 118
47 142
60 147
50 54
100 179
50 154
67 119
57 136
121 132
20 107
6 164
22 102
84 142
14 90
45 81
81 112
99 155
134 149
8 188
94 165
134 185
156 187
54 156
27 117
24 81
9 10
21 151
74 150
7 100
19 121
145 155
100 113
32 160
134 166
17 128
113 143
61 108
77 184
5 127
24 35
24 34
70 116
150 152
58 64
3 166
16 48
12 143
1 44
9 189
13 182
44 73
40 75
47 139
70 132
91 101
153 175
27 178
35 124
140 157
20 69
31 182
20 185
5 91
72 98
131 147
6 68
95 109
0 165
27 187
110 139
164 165
25 42
8 46
45 136
81 180
112 184
127 132
1 2
136 168
49 56
129 183
60 69
83 110
171 186
0 62
38 62
174 180
126 128
11 185
4 21
142 165
79 179
117 172
30 33
82 106
83 169
88 153
82 94
106 174
93 138
39 50
60 65
1 5
26 165
23 162
63 101
4 85
45 172
52 123
72 76
11 181
82 172
1 151
15 135
10 52
17 130
17 154
135 151
88 154
88 152
31 152
15 65
99 133
57 89
17 119
82 131
52 160
45 57
21 127
112 122
115 144
7 33
25 77
103 139
8 110
31 55
135 173
109 148
3 133
63 110
17 31
56 126
40 112
27 144
30 141
46 138
150 164
66 176
149 166
12 32
112 115
140 183
145 168
154 168
31 102
32 114
122 149
69 117
122 127
105 126
32 170
120 131
32 172
37 52
52 181
35 147
123 135
106 146
47 143
75 102
89 134
6 55
48 101
22 169
48 139
21 175
91 107
78 148
44 147
90 117
2 92
60 107
17 96
182 184
52 103
22 101
115 163
3 157
32 182
51 62
149 164
108 136
30 116
8 76
84 111
15 180
27 101
91 155
15 47
121 134
85 176
17 59
20 110
121 167
7 179
63 85
4 163
81 134
37 143
166 180
60 116
30 53
28 110
114 126
27 82
24 61
71 129
0 98
32 101
88 133
31 128
75 122
82 110
134 168
159 185
83 84
143 156
9 162
0 186
42 65
52 59
98 150
61 158
71 159
48 163
22 182
63 94
159 172
106 116
79 84
103 134
44 74
46 127
90 131
36 144
17 171
25 159
21 38
112 183
102 180
147 153
41 163
32 103
99 178
13 138
59 92
39 154
69 179
8 73
125 155
7 176
15 66
20 84
67 134
13 150
35 143
39 84
32 47
17 106
36 164
83 186
139 174
114 153
78 167
122 187
82 126
151 171
76 101
15 172
60 165
97 105
109 173
33 162
19 35
32 166
83 107
99 108
9 93
104 173
75 174
135 144
144 152
17 45
28 37
9 44
29 186
76 94
53 97
15 160
23 55
22 155
7 148
9 80
10 15
12 95
43 174
138 186
3 165
33 41
31 173
21 32
120 128
54 68
13 171
5 101
125 179
62 68
73 121
152 173
44 139
126 134
56 94
14 172
3 111
123 155
17 88
63 78
5 147
28 143
64 160
129 163
91 146
13 54
42 81
27 54
3 162
113 163
136 164
42 149
99 106
96 119
3 164
45 171
2 26
131 135
26 37
68 164
40 162
69 76
53 67
0 74
41 169
30 155
40 102
122 182
158 167
49 148
38 176
8 94
0 125
36 87
78 107
55 170
69 155
12 44
26 166
112 189
13 157
24 65
57 184
107 113
21 179
57 100
130 165
81 103
68 162
33 54
44 106
139 156
59 109
102 168
31 63
68 135
136 150
16 77
99 165
6 151
19 65
180 182
111 173
47 173
68 118
78 95
102 157
107 156
70 178
87 158
14 41
17 153
17 188
45 51
3 10
43 177
138 182
114 130
40 83
141 161
57 66
38 129
24 121
104 139
121 169
5 152
141 172
104 128
20 71
28 176
24 127
0 31
79 122
99 110
10 70
121 159
69 96
62 166
87 124
28 52
24 102
25 30
25 175
0 16
71 175
131 144
58 163
30 150
42 120
125 169
104 178
30 111
35 164
139 146
55 79
49 187
103 145
26 27
15 81
125 127
162 189
54 168
67 147
6 159
173 183
161 173
110 188
0 89
39 47
90 109
6 53
36 84
22 114
32 163
52 139
18 156
48 178
32 98
57 180
88 147
73 166
107 158
150 182
54 184
19 108
137 158
56 131
53 112
80 106
12 72
17 139
33 168
63 159
178 181
58 114
95 102
11 101
6 141
86 94
133 164
50 174
10 169
50 187
177 181
86 145
77 137
31 97
20 122
10 149
144 145
21 96
13 137
71 189
38 148
114 132
12 127
108 169
68 69
22 140
40 182
53 146
15 55
23 143
12 147
141 184
17 85
26 129
55 120
32 135
40 143
6 30
70 100
91 126
10 151
135 166
15 74
65 101
28 172
16 72
15 23
24 28
18 131
29 117
64 189
19 184
25 50
9 78
10 14
16 41
3 126
40 69
117 145
95 167
105 167
109 188
25 119
8 10
14 36
96 116
41 164
45 60
34 59
6 100
17 79
38 117
111 169
112 155
42 187
67 79
87 145
61 71
82 136
2 124
79 107
10 41
40 78
163 185
59 130
67 142
31 66
53 120
164 166
35 156
0 154
37 171
41 64
108 171
85 171
3 30
77 89
61 66
59 166
110 143
32 36
9 185
144 154
97 183
16 59
70 158
96 137
88 94
43 178
36 37
92 184
119 155
101 130
46 122
52 79
12 117
148 164
92 169
88 102
39 64
38 133
149 174
162 163
85 103
40 158
15 42
39 128
62 155
107 189
100 174
21 27
29 118
61 182
31 176
3 75
116 159
31 148
46 99
79 155
22 127
54 89
23 77
64 162
58 118
126 165
79 128
8 50
15 166
31 167
108 122
54 116
16 171
81 138
58 100
42 106
74 165
69 118
91 114
30 86
160 170
98 175
2 114
15 70
75 173
142 183
34 41
83 95
13 88
128 146
73 180
44 155
65 143
55 185
25 103
7 104
22 49
52 155
93 130
137 162
13 75
26 76
16 51
112 187
73 146
76 177
119 179
10 37
57 106
83 104
66 124
39 103
16 176
84 109
65 107
68 137
72 146
2 170
67 76
21 55
15 80
34 115
20 99
58 169
40 170
12 73
77 94
25 140
77 79
62 179
14 112
29 128
21 117
98 147
50 56
69 120
5 141
80 89
140 153
108 147
58 174
30 125
58 115
67 105
171 175
66 85
89 106
32 107
79 95
110 151
52 62
28 150
133 161
8 40
143 144
12 177
26 101
59 93
139 167
60 61
79 133
44 167
109 186
96 187
76 182
79 87
58 83
28 38
45 150
69 104
60 171
27 115
38 112
7 154
20 61
110 177
46 101
50 161
29 150
29 62
14 146
182 187
25 96
139 182
9 174
125 150
89 126
57 176
59 167
22 82
28 68
34 152
55 115
83 172
50 150
57 101
91 97
61 88
90 181
69 188
53 94
108 187
91 168
26 157
86 97
47 167
41 173
86 119
89 163
57 188
105 152
37 59
122 147
17 178
68 71
100 111
83 85
89 182
7 84
41 155
15 121
92 172
2 58
105 123
161 186
116 117
42 152
67 133
41 138
1 111
88 163
28 78
10 181
76 189
55 113
61 123
62 90
4 176
8 51
35 121
88 155
67 93
31 77
17 91
15 115
87 104
16 121
71 161
17 161
30 167
125 168
66 83
41 108
1 69
22 167
40 87
89 129
55 188
9 31
80 83
97 127
98 170
65 174
21 24
56 87
66 117
13 165
20 44
95 108
42 110
144 168
21 163
117 177
58 91
39 75
146 147
20 85
28 162
78 143
93 113
4 184
102 150
52 66
51 77
98 101
73 78
97 180
129 148
19 96
34 153
58 183
55 83
139 151
73 124
41 170
94 102
13 15
4 17
37 127
0 129
101 124
157 185
72 102
20 46
109 154
60 122
20 160
76 107
44 65
88 119
85 89
46 137
144 182
24 29
55 84
63 155
21 106
40 115
1 11
32 153
116 171
14 110
60 63
36 98
85 159
16 149
49 63
55 189
8 132
62 94
19 60
17 100
50 105
50 100
18 132
50 168
84 181
162 170
69 163
10 96
70 107
35 179
38 101
153 160
44 54
0 187
78 169
94 144
67 150
54 181
22 26
21 185
52 91
14 139
63 167
27 129
59 75
40 79
72 177
89 157
44 136
68 138
111 118
7 131
44 185
83 96
33 157
30 36
50 86
132 189
20 111
69 119
114 154
123 188
65 186
75 97
131 138
150 176
22 89
41 136
177 183
134 189
14 114
36 134
49 170
93 95
74 185
103 117
73 113
43 69
128 183
69 82
61 79
132 168
112 150
157 177
88 95
135 178
82 152
121 178
40 156
133 181
88 144
120 122
3 59
40 61
71 125
12 48
48 159
101 186
22 163
19 134
104 107
0 177
48 80
53 167
78 136
137 165
5 144
47 79
46 163
36 60
81 146
105 136
82 170
48 132
22 29
77 118
150 157
157 188
72 167
116 130
1 91
96 152
95 174
112 146
71 152
19 159
31 184
105 135
46 179
160 164
43 112
8 57
67 81
39 135
39 123
37 169
136 171
104 129
135 149
71 142
17 176
168 172
157 189
34 84
0 173
9 170
14 24
152 164
74 110
26 127
70 177
94 109
116 144
37 154
26 130
101 152
14 164
78 113
78 156
19 163
44 71
35 118
6 70
102 120
34 82
27 51
65 100
26 114
130 169
140 179
12 82
83 165
29 67
70 187
25 90
60 180
71 173
117 156
64 163
38 70
92 130
171 184
43 153
143 165
169 178
116 140
21 104
4 104
39 88
55 165
14 53
38 166
21 157
113 170
74 163
5 113
108 157
85 158
52 115
160 187
12 54
82 189
