193
7
3520
60
230 2
755 2
521 2
696 4
518 2
369 3
400 3
585 1
640 4
681 2
790 1
736 1
787 4
556 1
612 2
614 1
641 3
451 4
345 5
514 3
504 2
179 1
602 3
736 5
675 2
397 1
803 5
701 1
579 3
655 4
148 4
314 1
738 1
273 2
154 1
709 2
245 5
616 1
583 2
370 4
466 4
176 2
644 4
236 2
249 5
167 2
648 2
661 5
201 4
128 4
336 3
466 5
692 2
393 2
564 4
661 2
570 2
126 5
624 3
801 1
520 4
179 2
380 3
630 1
396 2
438 3
327 4
144 2
770 5
383 3
653 2
711 4
232 1
515 1
496 3
777 4
148 3
396 2
469 1
158 3
175 5
619 3
312 4
796 2
474 1
125 5
156 4
775 1
598 1
345 3
120 4
521 2
446 5
575 3
715 3
518 2
339 2
408 4
438 5
724 4
773 2
650 4
287 1
458 4
655 4
173 3
108 5
294 5
256 1
234 2
770 5
512 3
793 3
489 4
118 3
654 3
520 5
167 1
470 4
792 4
396 2
465 1
655 2
167 3
449 4
261 3
262 2
760 3
371 2
647 4
448 4
408 1
390 5
602 5
300 3
542 3
770 5
682 2
268 3
511 5
635 4
289 1
201 4
536 5
559 5
108 4
740 4
338 2
408 4
764 2
413 3
266 4
762 3
171 1
171 1
299 2
245 1
448 2
729 3
269 3
617 1
326 2
230 2
364 2
737 1
332 5
773 1
299 4
529 3
245 2
453 3
764 2
631 3
256 4
97 2
279 5
687 4
348 1
115 2
603 2
773 5
772 4
746 2
230 2
396 2
275 3
767 4
202 3
476 4
808 5
680 3
255 2
289 5
4 21
23 108
39 144
119 137
152 178
29 148
33 73
3 127
20 172
183 191
57 177
136 137
17 73
44 106
12 74
54 126
56 175
133 172
24 162
9 139
1 41
16 80
97 155
52 117
96 147
94 188
75 113
43 177
3 164
128 145
111 123
98 136
36 148
132 171
109 131
79 132
174 183
156 173
5 114
33 119
14 85
84 149
29 118
36 108
29 47
20 132
77 176
50 166
68 123
42 166
74 79
56 97
43 59
111 154
5 82
40 154
25 42
112 167
69 125
13 57
109 167
6 54
40 59
146 165
68 145
59 77
74 172
10 191
114 152
49 132
118 143
149 156
157 189
41 97
136 192
107 122
8 17
23 168
153 190
64 95
107 154
152 172
141 154
135 163
93 164
47 148
26 98
1 80
16 106
110 154
24 81
6 139
65 182
122 154
152 183
46 132
35 69
25 120
52 139
1 88
116 175
52 110
48 142
67 159
54 144
81 98
108 112
20 31
89 135
70 148
82 83
109 182
64 184
51 97
138 148
46 113
19 192
32 61
32 88
13 90
48 71
101 165
87 108
168 185
119 139
66 190
149 173
124 192
5 32
11 24
26 129
11 96
27 48
122 175
55 121
64 182
37 189
61 159
110 175
102 179
123 170
123 147
88 116
19 151
22 173
127 143
136 162
66 102
82 192
41 57
151 161
95 151
82 140
11 76
7 58
24 66
50 192
101 113
63 143
143 161
82 110
122 183
47 123
38 103
149 165
31 108
88 110
89 177
112 164
62 75
52 157
41 119
1 136
36 149
9 159
100 122
10 76
107 111
68 109
14 48
25 89
95 110
50 171
100 128
93 175
7 92
92 119
5 186
30 165
94 99
16 192
106 115
72 118
15 127
79 100
84 192
70 125
23 89
59 73
91 152
0 85
95 116
148 188
35 68
25 135
27 173
122 132
22 52
119 150
30 94
162 166
88 190
88 98
19 109
90 157
68 111
59 141
164 165
64 127
31 72
103 117
148 180
0 122
46 60
58 164
42 93
106 166
83 110
133 166
108 170
73 122
38 59
29 145
40 73
79 124
75 89
68 128
10 98
56 106
139 188
95 152
99 146
29 96
34 85
127 152
17 91
36 94
57 85
23 183
75 161
56 74
2 137
114 150
63 158
125 183
162 174
44 116
40 51
32 66
40 127
80 113
112 133
23 156
16 153
163 166
5 79
20 153
25 43
10 152
33 53
41 138
21 75
32 177
72 119
0 192
16 185
33 118
52 59
104 184
12 68
52 178
64 115
81 134
22 77
0 39
46 120
154 182
61 149
143 157
81 154
126 133
5 36
172 186
161 170
14 136
179 188
110 131
103 192
45 161
107 182
128 176
75 85
33 167
10 143
22 76
112 139
43 131
12 140
80 98
55 115
33 58
60 87
57 92
150 189
38 42
38 189
39 163
52 161
47 85
4 124
66 147
86 129
114 160
4 85
19 116
83 157
50 116
136 171
113 171
20 156
27 168
83 192
26 156
35 122
62 132
129 172
112 129
84 152
44 95
61 132
21 139
70 131
77 97
88 133
50 134
57 71
59 177
35 76
19 118
63 174
45 66
31 178
64 126
65 93
121 128
52 95
75 190
24 28
40 54
79 163
19 91
99 159
13 23
110 135
136 139
98 180
122 160
37 184
83 166
98 107
60 191
97 114
8 26
16 107
37 95
19 160
121 130
48 102
119 165
39 65
44 178
37 63
10 91
3 113
103 151
108 154
12 36
37 190
146 189
38 155
17 87
8 38
68 191
126 140
42 55
96 135
169 179
23 78
44 79
6 55
132 187
93 152
108 127
76 174
30 135
84 132
13 71
85 116
92 117
42 101
101 181
10 70
65 150
2 174
83 131
27 148
24 185
62 63
79 114
11 184
96 119
7 143
12 107
36 158
23 144
51 135
35 152
34 160
107 151
87 191
55 180
136 155
116 124
39 55
91 105
70 138
111 156
9 127
24 99
18 126
39 147
8 104
106 191
40 102
59 114
55 77
24 27
13 115
154 157
89 160
54 135
76 167
131 172
169 170
10 113
58 181
119 144
3 173
103 122
31 173
58 120
84 164
113 119
142 168
76 112
65 166
69 182
34 88
13 80
155 191
12 126
122 128
50 172
52 123
13 112
49 61
81 88
56 109
152 168
0 99
39 128
133 152
68 76
12 116
98 103
63 127
10 60
41 178
31 83
55 141
27 99
21 91
50 155
2 91
6 50
54 65
35 189
141 145
79 192
150 179
82 149
31 51
29 94
162 187
180 187
83 161
43 145
30 140
60 141
88 120
73 86
134 141
91 189
127 137
10 188
19 189
16 89
32 33
96 161
133 167
41 130
64 78
15 54
23 100
139 182
104 170
52 179
40 100
41 173
16 158
185 190
84 155
51 120
80 162
1 158
144 178
33 191
133 149
45 48
164 167
7 162
109 169
50 108
169 172
38 99
44 53
41 186
65 142
56 73
115 169
6 103
4 45
69 87
81 182
0 4
78 168
8 151
96 113
127 149
1 169
91 151
127 185
29 171
26 178
18 153
20 110
24 129
18 79
19 51
25 168
174 178
106 179
32 43
21 37
124 190
10 161
62 83
75 145
32 130
23 107
37 162
18 99
24 169
14 109
146 157
84 108
6 112
76 150
181 190
110 159
136 190
85 165
46 114
26 42
37 115
88 101
138 170
21 65
56 167
84 153
62 121
50 149
111 124
49 138
70 92
124 175
91 187
75 96
73 121
46 179
106 112
10 15
112 114
44 121
77 132
108 141
119 152
27 65
61 175
129 154
16 43
166 171
112 120
28 68
57 97
24 64
96 112
3 185
45 141
136 164
28 136
135 150
134 152
112 169
5 76
81 104
34 153
2 66
162 192
98 101
90 130
44 100
75 168
15 142
9 22
61 144
44 157
86 93
35 129
69 192
24 82
65 120
98 153
47 166
17 66
8 16
17 90
33 136
128 141
115 176
14 184
32 122
95 185
52 149
110 181
79 183
51 113
81 137
46 133
85 168
125 127
28 166
17 47
99 163
30 102
86 89
45 50
128 165
153 156
56 146
36 171
67 112
39 121
4 30
29 192
51 168
53 93
123 145
0 14
139 171
9 172
135 148
37 136
136 175
38 149
31 157
41 74
5 22
116 161
101 134
134 189
50 188
36 71
38 137
34 174
30 147
117 154
92 94
12 64
29 119
94 125
15 185
37 122
39 72
5 108
10 43
112 156
88 107
35 145
4 35
87 123
17 32
68 174
37 156
65 68
27 123
110 182
16 51
32 65
86 125
37 86
139 169
104 121
177 192
72 166
28 48
7 54
88 155
176 187
115 171
83 101
20 35
35 91
158 191
32 91
97 173
14 134
78 190
1 34
14 19
58 176
181 184
3 42
46 166
75 126
51 147
69 128
17 68
70 163
63 126
70 87
12 63
56 190
50 62
103 143
147 151
86 90
52 172
41 66
158 164
124 148
4 42
60 81
69 158
20 90
25 151
11 34
37 94
31 120
64 81
94 118
45 106
85 170
87 137
136 144
105 147
45 63
48 63
93 94
15 81
146 163
137 186
28 148
1 4
29 55
6 82
91 126
11 148
85 158
38 167
143 192
57 67
156 182
169 184
34 170
50 57
9 125
35 187
59 88
47 89
151 172
48 81
124 132
9 145
117 140
45 61
19 71
141 152
50 175
15 45
81 128
83 168
18 138
107 138
16 127
80 155
66 153
67 104
13 85
35 108
3 153
0 147
135 173
2 50
29 78
73 180
17 188
120 166
22 138
21 108
99 144
90 189
64 82
13 190
36 84
22 145
6 57
33 41
31 59
22 97
92 126
114 176
11 64
22 73
32 120
3 167
9 165
54 101
27 122
29 177
54 170
69 107
13 35
68 116
117 176
14 79
9 144
3 178
169 187
79 116
1 60
46 131
132 174
59 100
27 40
2 138
23 103
41 150
165 167
67 163
42 119
92 114
25 100
76 162
122 163
132 148
66 184
131 168
104 130
35 43
17 117
96 174
39 111
37 151
177 185
175 186
146 148
91 124
2 63
4 155
75 179
126 139
57 169
111 126
78 147
86 135
35 74
1 24
56 121
29 61
158 190
55 173
86 121
102 169
124 133
32 93
43 97
65 83
17 163
110 147
159 167
50 176
57 146
48 146
129 134
96 123
23 153
54 93
97 177
156 187
20 154
119 142
18 47
37 157
101 159
14 116
5 169
25 93
170 182
56 148
42 172
28 153
22 92
15 96
144 190
133 169
34 69
55 139
117 177
124 164
53 58
27 139
28 87
19 56
133 168
63 108
24 57
102 123
5 81
46 75
51 74
142 161
30 92
67 111
122 153
37 47
154 169
27 110
38 171
7 108
49 94
69 174
37 101
78 151
5 113
88 94
71 148
109 141
8 79
44 81
53 160
4 62
17 96
99 169
114 143
90 105
48 172
148 189
6 22
65 170
42 48
165 186
67 151
14 155
81 173
87 115
81 111
11 75
23 116
26 143
15 87
47 149
31 141
110 125
56 117
4 116
71 157
47 142
10 109
32 170
52 92
16 104
36 123
130 134
87 132
6 110
33 48
65 97
62 72
52 78
71 133
71 170
161 188
151 156
22 123
77 111
12 111
126 172
46 169
39 186
83 173
115 158
29 43
6 36
107 134
52 128
108 146
2 78
69 188
158 172
31 122
96 164
98 179
28 77
16 177
52 97
47 112
0 162
13 156
128 156
26 28
28 100
133 182
13 14
54 81
105 125
14 192
26 95
10 172
119 148
52 190
35 94
22 177
23 101
27 182
6 64
18 64
83 132
148 158
41 105
20 155
33 39
23 94
50 119
25 129
38 107
47 121
24 73
92 143
6 141
95 176
105 164
23 131
2 181
64 112
92 185
54 55
24 132
149 191
37 132
58 153
114 133
107 139
40 135
109 171
84 165
65 145
11 29
4 6
76 175
39 87
18 131
74 80
176 179
149 168
76 136
3 61
99 101
27 141
149 174
88 90
51 114
16 72
95 162
50 106
1 110
59 119
31 79
25 169
106 116
26 175
40 121
5 23
135 175
20 91
85 104
3 104
64 174
124 142
14 42
121 155
86 152
97 168
3 33
50 54
37 124
140 178
138 182
24 102
8 115
37 83
56 86
139 181
148 167
134 177
18 163
88 140
103 181
28 173
104 146
8 42
79 178
121 179
40 96
61 116
104 112
6 62
77 106
74 125
52 175
89 183
53 54
4 170
120 159
17 89
31 53
22 151
62 69
104 107
31 57
79 81
17 131
51 138
72 147
37 98
67 131
159 189
37 123
57 137
95 137
147 165
73 146
125 141
52 138
80 143
134 170
136 178
122 126
108 118
63 119
70 155
138 143
164 186
186 191
41 134
33 172
90 122
1 114
152 164
33 66
16 93
23 146
71 137
8 140
114 158
73 125
57 151
67 157
16 115
0 73
11 178
71 146
32 167
88 108
31 172
23 85
6 130
33 148
80 168
36 136
47 91
57 108
35 180
74 174
90 111
35 110
13 133
107 146
12 123
76 152
26 81
26 187
95 109
67 133
11 132
29 45
44 127
29 176
30 182
56 181
120 150
65 128
64 113
153 172
1 2
76 163
50 156
13 177
106 124
92 140
29 142
95 158
4 101
53 65
25 143
171 178
89 178
131 185
44 108
47 115
105 162
85 185
76 155
18 98
56 151
61 155
37 110
181 185
13 137
33 50
5 61
9 56
45 80
116 178
56 88
28 117
77 107
28 184
42 161
59 113
157 172
24 126
11 90
175 189
86 134
137 159
9 26
69 175
42 177
54 58
4 180
89 173
16 90
68 108
127 146
59 143
122 155
68 77
26 56
33 95
37 53
83 125
155 174
146 185
100 172
15 107
56 125
86 189
129 164
49 79
116 179
35 38
128 149
33 72
80 133
87 89
12 144
51 172
162 188
63 107
89 172
86 95
71 188
56 184
148 163
40 143
48 130
18 119
173 192
34 92
28 70
179 181
44 190
85 167
58 147
22 139
33 143
1 181
30 124
143 156
136 182
39 145
22 179
25 125
69 160
17 145
91 180
119 169
40 113
64 111
41 55
25 112
114 171
3 90
55 140
4 125
73 173
50 92
20 117
36 54
64 79
15 164
90 187
93 141
49 192
5 137
42 61
4 122
91 120
135 189
119 184
12 156
108 156
100 132
137 140
76 134
1 125
53 71
13 117
78 91
28 137
0 89
94 162
94 146
33 184
122 192
109 172
129 173
57 122
9 88
77 83
106 143
131 167
56 68
15 108
26 78
49 172
81 168
97 164
74 117
21 49
20 85
105 136
15 17
105 183
171 190
45 116
79 102
23 95
93 130
39 131
158 183
21 28
62 68
35 104
10 156
128 134
55 56
30 45
165 176
30 181
59 97
0 135
54 132
3 169
17 149
25 68
95 180
37 179
105 109
34 122
7 86
11 102
61 154
18 118
86 180
35 49
68 113
163 174
86 113
43 45
18 23
142 164
76 127
25 117
53 128
2 88
19 53
65 119
53 161
0 110
89 101
62 82
135 186
57 144
1 135
43 125
21 156
40 78
66 158
166 174
3 93
11 81
149 151
94 183
71 182
0 165
64 98
20 50
0 131
59 118
73 74
127 142
65 125
166 185
40 141
26 47
17 83
42 141
94 181
127 189
3 56
78 118
72 167
13 173
66 192
99 143
2 117
0 120
67 97
120 177
125 186
138 183
21 44
30 43
2 13
40 56
116 145
85 156
173 188
87 95
114 170
54 75
82 154
4 94
53 191
75 150
98 130
13 105
142 175
28 67
91 144
21 109
43 106
46 54
96 154
35 83
24 91
79 89
34 99
60 102
127 168
66 185
75 79
12 162
28 75
111 186
140 151
145 184
111 137
168 190
93 122
93 156
107 189
7 68
89 151
45 158
24 103
4 38
88 189
147 159
65 104
84 126
25 190
43 71
60 171
17 191
89 143
33 104
128 139
66 79
34 177
151 191
126 191
110 157
29 49
35 178
6 53
141 182
71 92
60 146
111 149
56 140
4 133
95 182
97 190
18 133
59 184
11 137
15 64
34 77
20 146
40 120
91 94
63 131
18 75
0 16
4 168
124 137
41 166
81 100
137 143
104 132
85 93
69 172
50 52
112 153
70 95
2 99
89 124
42 148
17 35
10 175
21 26
140 154
152 175
52 55
89 115
5 47
10 26
3 183
35 93
86 167
109 122
83 187
83 85
53 63
79 98
159 191
80 131
36 74
92 181
10 157
80 125
52 158
25 118
20 137
72 95
69 149
76 91
84 130
10 80
89 123
76 171
58 180
58 71
118 192
185 187
23 145
133 136
32 192
150 175
36 147
90 119
38 182
86 101
25 122
97 189
82 113
17 189
147 166
79 148
7 74
70 132
14 165
28 108
88 131
119 140
58 132
72 151
25 173
42 99
52 126
7 117
10 57
66 86
28 103
64 142
114 183
32 112
42 184
46 160
5 174
10 12
140 191
109 120
64 101
11 50
155 162
92 179
10 31
22 78
90 108
60 130
42 165
8 72
39 99
14 145
7 49
32 95
121 160
18 129
129 184
10 141
137 153
24 74
11 63
131 191
41 70
135 169
49 163
39 58
15 37
18 158
80 93
66 120
84 112
3 102
11 106
78 83
99 110
8 94
0 13
99 166
28 178
16 141
21 185
95 175
14 181
14 100
149 169
159 165
105 160
46 173
61 91
41 63
97 108
125 142
13 152
10 192
43 104
72 80
99 119
141 168
15 171
65 163
148 181
109 192
33 96
31 158
134 185
79 177
58 126
10 42
22 141
155 167
5 132
38 90
116 144
25 39
25 69
2 70
109 137
46 80
71 107
68 144
104 191
113 150
15 41
104 141
41 152
85 150
41 64
71 129
93 143
110 187
161 192
44 131
53 107
41 159
102 167
57 87
148 165
3 161
93 147
2 120
115 144
87 177
62 164
33 101
142 147
49 137
59 65
17 56
32 77
68 170
145 148
16 29
68 103
2 132
3 59
54 116
51 169
120 181
81 150
31 140
1 89
62 100
127 160
46 136
98 112
55 75
12 102
15 132
123 190
131 135
84 133
122 125
79 92
80 142
54 94
106 125
10 77
13 91
23 62
68 73
46 92
145 163
87 185
6 181
58 184
30 62
9 170
99 127
25 30
13 189
40 122
29 82
93 139
92 157
41 104
35 156
93 190
77 79
66 168
28 118
31 165
70 104
11 98
44 57
39 153
134 192
104 122
69 169
40 176
116 154
1 69
7 30
114 146
125 192
118 183
33 117
24 69
77 116
47 124
6 100
20 83
44 118
61 165
101 124
39 107
20 170
2 43
88 132
68 83
85 89
58 60
95 153
30 72
101 191
67 171
129 189
57 61
15 31
26 145
147 167
1 10
7 142
25 113
49 70
5 141
65 171
69 86
122 161
40 84
86 138
112 174
12 93
3 17
29 138
44 110
46 101
58 151
16 23
84 103
39 42
132 153
11 115
68 126
11 171
69 97
70 139
3 149
24 45
23 113
77 151
91 119
125 146
22 182
129 188
49 191
20 120
70 113
82 127
113 170
40 60
23 36
51 94
96 183
15 47
89 170
31 177
40 151
157 169
135 184
71 116
4 11
10 90
18 123
96 160
52 60
5 43
133 175
4 109
157 190
97 159
27 132
14 147
113 115
57 70
25 139
46 170
33 137
98 145
96 128
121 168
28 142
3 160
48 129
37 147
51 53
108 159
10 46
98 161
112 136
10 68
65 77
72 175
102 191
72 159
11 26
95 149
17 192
81 119
57 138
74 170
102 129
59 170
82 96
15 177
78 152
80 115
45 138
97 139
22 96
31 175
35 141
78 95
93 116
84 167
11 15
85 97
66 166
138 172
5 145
91 115
144 149
84 173
28 154
23 53
31 190
14 105
33 64
126 170
44 166
63 175
129 157
12 137
118 125
92 124
161 181
109 152
70 124
1 164
77 152
27 85
22 131
53 86
30 112
66 130
61 127
39 175
55 64
67 68
47 135
58 68
93 123
71 108
108 163
54 77
166 169
109 129
153 177
24 72
47 168
15 121
3 101
15 52
29 174
117 149
73 167
26 41
156 188
12 31
55 99
30 134
45 56
113 146
11 20
24 83
7 80
66 123
107 116
37 85
16 84
41 154
37 145
36 73
18 96
34 182
134 164
84 141
63 184
136 159
35 59
128 151
8 71
10 88
5 58
97 140
48 143
32 178
60 168
74 126
49 136
19 75
79 143
12 170
16 103
6 160
98 166
32 42
109 124
7 9
8 170
31 145
7 91
51 105
115 137
61 137
50 70
72 152
27 111
159 166
116 122
25 31
98 115
73 158
34 186
15 104
48 83
18 167
29 134
166 190
47 128
106 150
89 134
67 121
4 96
40 123
82 175
6 144
63 137
31 185
148 153
58 124
70 122
141 157
43 78
12 139
142 151
6 119
43 163
61 66
84 146
125 175
160 164
52 73
67 78
12 130
136 188
64 93
14 126
87 118
119 162
19 156
105 116
36 37
66 106
17 79
94 167
68 90
66 178
70 135
157 162
25 47
91 186
65 84
55 83
87 161
11 183
19 84
28 72
49 106
9 58
24 191
64 128
124 186
69 76
121 182
14 101
31 67
13 45
37 70
47 147
77 140
32 57
30 46
75 156
42 117
44 104
20 151
112 121
116 173
136 172
25 181
6 40
162 164
104 166
121 167
115 188
25 153
177 187
44 101
84 154
117 136
149 178
39 100
36 75
87 124
95 111
11 169
105 117
62 192
37 183
24 148
41 45
144 179
53 123
36 187
17 141
67 144
57 129
105 114
98 124
43 120
51 89
0 144
50 56
102 155
14 120
109 110
113 173
32 116
20 104
21 132
21 145
0 142
92 104
2 30
10 180
128 174
0 107
109 147
104 117
65 100
98 144
126 189
130 146
137 192
0 103
24 142
70 81
60 161
15 60
75 133
142 169
90 101
33 45
104 167
13 49
30 77
99 149
128 163
2 80
57 145
31 146
99 180
152 165
7 84
0 62
56 142
67 87
26 191
55 63
144 176
107 108
6 126
43 62
24 54
38 85
22 157
9 10
54 162
129 168
42 183
38 157
133 187
54 183
156 166
86 179
134 144
6 168
138 160
140 158
36 116
55 186
14 103
70 173
20 112
83 130
37 111
30 188
130 177
132 149
144 182
0 163
4 192
117 125
92 169
7 89
27 157
50 60
74 127
106 147
62 147
124 176
49 62
6 20
61 142
105 119
121 133
58 173
31 100
102 175
79 187
80 87
68 171
116 177
31 43
117 178
7 148
44 61
89 158
106 164
128 187
161 191
49 112
31 38
34 49
65 151
34 107
95 117
52 187
41 174
55 185
35 80
45 95
113 124
72 136
2 20
1 87
113 172
88 95
23 86
10 168
94 104
105 165
43 143
24 100
5 89
27 192
67 83
77 127
103 179
163 177
59 78
149 189
130 140
101 141
132 135
42 68
31 167
43 154
117 181
46 78
133 157
57 69
99 187
27 94
5 21
51 162
74 146
107 184
23 57
154 161
80 130
105 108
82 167
118 137
4 50
127 192
167 187
66 124
76 92
7 95
38 173
43 56
105 134
64 132
86 120
23 137
29 74
11 114
28 143
42 139
20 77
27 75
134 175
7 144
23 40
23 184
98 106
112 137
38 172
54 119
171 181
50 137
38 139
23 143
24 84
81 141
29 127
69 84
168 183
172 182
21 70
60 95
69 183
51 155
186 189
117 161
183 189
67 95
128 138
32 56
109 148
124 179
18 36
72 130
119 172
34 95
65 109
41 107
79 101
76 161
5 66
79 104
86 102
114 189
12 142
139 162
26 114
5 73
20 45
93 148
19 86
120 127
136 161
13 118
22 98
43 86
172 191
70 73
71 176
33 112
69 98
135 144
105 177
118 129
90 145
126 153
24 112
100 155
124 166
146 156
15 95
57 62
33 84
83 127
17 164
14 83
19 88
4 105
62 104
71 191
42 76
67 175
37 167
66 78
50 162
86 104
8 185
88 156
32 139
33 114
47 79
0 57
130 158
1 103
75 104
25 86
98 165
74 110
65 86
84 180
100 146
4 9
5 30
71 166
110 179
17 70
10 173
39 170
17 171
79 160
3 24
4 29
104 142
124 127
140 168
13 52
100 168
182 185
4 40
90 165
133 165
117 150
85 111
94 122
48 90
124 149
28 40
142 185
152 162
16 118
112 135
95 150
125 158
78 126
76 159
102 115
68 79
20 115
172 184
8 69
105 192
120 155
43 137
25 80
35 186
68 141
115 136
87 156
73 166
29 57
24 70
18 70
146 190
9 51
121 188
14 178
11 67
26 127
49 174
11 56
64 117
53 147
46 109
85 128
49 100
40 67
59 182
11 77
100 175
25 182
15 68
115 154
42 94
23 121
95 113
10 33
83 150
13 122
12 113
150 164
80 109
47 151
19 180
32 150
86 162
10 14
13 163
54 98
133 158
32 162
120 144
88 119
43 119
19 92
115 123
57 103
28 52
54 152
120 126
3 155
144 191
106 114
81 129
18 101
47 153
0 20
113 144
84 172
85 123
41 111
51 123
112 143
77 179
3 78
56 111
2 55
83 141
72 154
73 104
22 53
16 47
13 120
44 146
53 189
49 167
121 127
62 77
15 97
74 158
37 58
19 127
44 89
61 184
85 169
80 147
101 183
93 132
5 39
63 155
157 176
34 94
158 181
0 149
128 133
83 117
89 92
13 150
44 82
97 131
130 192
86 169
66 74
16 82
3 137
64 134
62 111
20 96
48 73
77 165
126 143
66 97
93 169
88 161
125 156
5 170
185 188
68 82
142 145
21 177
34 130
10 158
47 78
65 113
6 17
100 167
122 171
24 63
68 134
115 125
105 185
24 161
111 167
87 159
58 110
157 188
136 183
84 85
117 172
99 141
99 165
69 110
83 145
73 148
28 132
54 141
60 117
1 97
27 159
46 88
26 172
2 46
40 153
9 121
79 164
82 130
158 173
68 181
47 71
163 192
25 116
29 54
35 184
7 88
125 160
153 187
16 148
114 174
57 77
21 116
3 150
137 179
4 140
42 56
83 128
133 135
111 130
40 112
45 154
51 165
27 81
42 162
7 85
112 149
4 178
38 74
85 155
82 172
102 158
3 45
104 169
11 38
67 154
135 157
117 157
66 132
56 71
16 165
165 192
96 114
102 132
29 191
4 95
32 175
71 79
64 139
98 186
5 111
114 116
159 169
54 87
6 123
173 176
13 165
22 118
16 172
97 162
1 20
156 184
41 157
16 17
29 121
29 72
33 78
30 74
128 185
60 144
29 182
166 183
75 129
44 139
36 72
43 173
48 149
88 141
4 150
108 155
55 182
44 150
69 103
7 146
5 6
61 148
144 153
137 168
54 174
23 119
33 71
41 164
10 93
83 185
87 106
43 95
6 89
18 150
88 144
75 93
82 102
7 152
65 88
40 142
92 160
22 164
34 70
72 141
43 92
41 72
71 103
106 121
59 117
1 142
7 124
50 138
32 90
63 181
128 162
18 151
56 85
65 165
33 185
110 128
26 35
5 134
102 171
12 84
99 100
5 135
100 143
104 110
27 73
10 72
113 143
49 108
13 53
18 95
185 186
15 131
122 143
23 81
74 76
29 65
170 175
4 103
141 164
35 55
18 135
87 104
95 139
170 184
138 177
61 88
51 146
22 189
45 115
89 98
7 78
70 174
25 26
77 119
78 158
54 73
10 124
3 52
162 170
7 77
61 166
75 148
19 60
118 182
20 127
8 49
94 139
56 98
19 158
6 120
114 127
6 111
94 117
57 78
27 82
47 72
84 89
130 153
118 152
25 82
55 138
26 192
36 95
25 152
17 28
108 178
44 87
46 190
135 156
19 70
77 148
94 132
77 162
32 181
126 192
166 177
55 111
72 189
68 119
108 139
89 104
9 33
46 50
153 182
83 99
37 188
42 75
137 146
112 172
49 124
25 44
86 108
30 116
27 124
107 183
76 145
10 56
80 166
0 188
48 167
58 92
10 123
11 120
61 146
1 184
70 76
43 134
77 139
70 118
131 147
30 90
7 110
46 73
72 107
156 192
14 146
27 93
47 120
128 168
7 83
129 182
36 122
104 128
85 129
46 156
30 33
5 10
62 92
74 153
150 178
41 118
76 102
123 172
84 127
54 68
4 118
111 189
59 173
43 151
91 149
15 124
125 189
1 144
78 131
37 112
2 113
138 147
92 150
119 187
110 161
169 176
116 121
12 94
92 93
92 132
41 62
114 139
13 77
29 109
89 163
74 171
145 174
14 46
60 72
6 138
62 116
73 147
85 149
58 188
28 144
12 72
32 186
60 118
22 56
43 112
69 163
62 102
9 29
13 88
39 85
76 132
106 145
2 12
115 146
18 183
34 168
38 55
108 115
66 75
75 182
34 176
92 153
14 191
105 157
34 175
16 59
6 148
47 160
9 132
11 168
12 52
20 171
62 189
49 169
53 172
84 113
115 160
65 106
10 35
111 138
2 61
9 104
92 142
8 28
3 134
50 167
22 84
31 35
113 169
111 182
56 102
63 149
120 179
142 191
34 184
26 76
121 122
44 188
96 179
142 174
8 112
88 127
40 160
45 98
59 82
19 144
143 186
2 124
27 178
26 151
11 144
153 158
66 135
21 173
22 51
109 140
141 184
23 123
111 179
126 171
132 161
10 50
68 151
93 95
138 190
12 181
141 174
42 143
68 165
26 119
89 176
82 183
133 189
140 164
44 91
2 98
27 126
58 104
80 85
91 170
12 21
63 134
154 168
63 85
62 98
116 120
81 120
105 141
43 153
47 114
167 180
66 110
153 161
31 189
77 134
14 34
80 108
53 95
163 178
108 181
123 135
117 126
57 76
58 101
83 135
64 105
30 93
50 113
54 107
19 31
54 127
45 190
139 183
100 141
129 175
32 106
130 131
90 188
23 150
79 121
122 141
8 32
88 149
106 172
47 102
3 15
7 157
82 166
65 70
74 180
46 164
89 186
81 148
57 123
4 34
44 160
119 126
38 84
25 161
97 118
58 62
42 169
49 154
141 175
155 171
1 43
62 191
110 189
66 111
124 128
98 135
79 129
0 42
8 11
100 158
19 167
52 151
9 118
120 145
169 191
156 177
1 12
108 168
67 142
73 118
35 150
53 162
27 33
123 158
65 87
45 174
141 153
12 178
15 153
125 153
135 166
28 106
52 105
14 53
8 41
82 89
146 151
9 191
62 85
115 183
9 158
16 180
83 183
55 94
87 97
27 134
97 170
51 139
40 137
32 35
53 154
46 129
20 38
91 122
118 134
115 132
3 55
46 119
40 167
23 77
0 98
112 134
57 149
54 57
33 80
3 107
129 161
73 112
67 71
38 159
56 60
101 157
83 121
116 134
6 24
59 80
127 175
36 117
27 42
121 129
27 153
6 83
103 190
122 165
19 123
99 174
122 140
120 129
99 111
34 129
63 140
73 179
2 147
22 100
5 156
23 152
13 186
32 39
115 148
140 192
43 176
161 177
19 120
35 166
45 150
36 119
77 99
12 180
0 82
7 188
21 67
144 156
115 124
128 158
36 68
18 175
83 146
9 49
99 116
49 171
54 168
58 79
115 138
116 117
82 84
45 149
105 174
118 155
27 77
61 75
8 87
22 80
88 148
68 98
9 147
63 68
11 46
94 151
132 147
27 30
3 190
41 90
128 159
103 177
43 47
17 179
18 132
6 18
168 180
110 133
52 134
12 176
87 133
104 150
67 88
47 106
17 168
79 184
22 72
117 169
116 137
110 112
24 96
136 163
1 100
64 94
18 128
31 171
51 160
3 6
15 130
43 150
33 135
31 97
76 137
98 156
35 142
40 44
13 25
78 153
128 140
31 49
5 155
30 52
110 137
30 37
120 124
6 29
75 138
117 133
23 91
7 163
61 183
95 108
38 118
5 71
157 175
40 119
106 189
109 130
8 129
81 135
74 173
115 185
47 145
31 65
60 186
60 101
65 126
27 60
113 178
58 64
36 79
78 165
142 144
100 148
130 174
36 120
62 97
136 186
162 169
121 142
20 139
106 169
127 139
16 48
2 115
101 115
132 156
72 122
21 61
150 163
96 158
48 98
23 71
45 165
20 183
112 147
135 161
71 126
18 180
0 36
142 173
128 182
46 115
50 143
1 116
85 176
40 157
7 69
57 93
47 143
10 178
12 54
19 111
25 70
101 142
66 84
142 150
25 176
57 155
85 99
85 121
24 50
30 104
56 81
83 138
135 188
86 158
50 84
8 177
149 152
30 186
21 151
10 118
55 109
41 144
37 72
58 95
82 138
50 76
58 90
2 51
85 103
44 73
11 109
100 191
46 91
145 189
21 46
147 179
97 142
94 178
16 164
47 190
18 63
8 31
36 121
39 120
128 135
12 45
45 166
0 21
45 132
45 144
6 128
23 127
80 176
26 166
113 137
147 181
13 187
64 171
63 192
80 121
109 154
0 127
92 187
18 102
89 117
6 179
118 144
167 185
45 69
22 180
126 152
15 188
11 125
16 112
46 53
44 162
29 89
3 71
7 50
1 154
61 141
62 142
27 50
0 59
33 159
108 186
33 103
50 90
36 127
81 90
36 182
50 173
72 110
14 183
5 99
15 76
6 46
79 93
112 145
55 114
41 175
164 183
24 52
22 127
39 108
51 92
36 110
168 184
15 105
49 127
59 112
23 165
5 120
18 28
25 142
107 126
22 69
8 183
9 182
77 168
90 162
12 66
43 58
101 161
162 171
55 190
92 97
33 98
41 46
10 97
