194
12
9173
60
11 2
6 2
17 2
7 4
14 2
10 3
6 3
16 1
11 4
17 2
6 1
7 1
3 4
12 1
8 2
10 1
7 3
17 4
11 5
15 3
5 2
5 1
13 3
7 5
6 2
3 1
4 5
7 1
10 3
16 4
4 4
5 1
9 1
9 2
5 1
15 2
11 5
12 1
4 2
11 4
17 4
17 2
15 4
12 2
15 5
3 2
9 2
7 5
12 4
14 4
7 3
17 5
8 2
4 2
5 4
7 2
11 2
12 5
15 3
12 1
16 4
15 2
11 3
6 1
12 2
14 3
8 4
10 2
6 5
4 3
9 2
7 4
3 1
11 1
7 3
8 4
9 3
12 2
5 1
14 3
11 5
5 3
3 4
7 2
15 1
6 5
17 4
6 1
4 1
11 3
16 4
12 2
12 5
11 3
6 3
9 2
10 2
4 4
4 5
15 4
4 2
6 4
13 1
9 4
16 4
9 3
14 5
15 5
7 1
10 2
11 5
13 3
4 3
5 4
4 3
15 3
16 5
8 1
11 4
3 4
7 2
6 1
6 2
13 3
15 4
7 3
8 2
16 3
7 2
3 4
4 4
14 1
16 5
3 5
6 3
8 3
6 5
3 2
9 3
12 5
16 4
10 1
7 4
7 5
15 5
4 4
6 4
4 2
14 4
15 2
9 3
17 4
13 3
12 1
12 1
10 2
11 1
4 2
5 3
10 3
8 1
7 2
16 2
15 2
8 1
3 5
4 1
15 4
5 3
11 2
14 3
10 2
12 3
7 4
3 2
5 5
3 4
4 1
6 2
4 2
4 5
3 4
17 2
16 2
7 2
6 3
8 4
13 3
17 4
14 5
16 3
16 2
15 5
12 4
4 14
147 186
15 147
117 170
2 107
78 188
59 86
106 138
17 163
170 171
175 178
133 148
12 139
4 181
6 145
54 61
56 106
131 133
42 134
35 118
13 153
39 46
21 119
134 188
95 127
93 172
74 155
43 131
6 154
126 135
109 172
97 118
16 93
130 139
116 125
48 135
118 178
151 187
17 89
18 116
78 86
83 161
29 88
1 91
82 120
44 51
77 96
60 165
67 175
42 121
65 88
55 167
42 163
5 174
36 183
21 57
122 178
111 135
12 186
63 84
19 75
6 45
39 169
125 155
68 72
131 166
74 97
106 132
112 192
49 72
13 14
145 158
63 67
77 177
78 193
26 136
107 148
12 86
181 183
63 151
37 56
88 171
138 141
132 178
92 150
47 172
67 182
41 63
16 135
109 120
24 62
4 62
65 108
120 178
148 178
59 74
170 176
25 100
95 114
32 63
115 133
33 106
108 151
67 87
54 79
80 118
40 81
129 163
46 184
70 71
38 91
108 146
11 33
50 177
135 149
98 126
1 101
31 187
28 54
13 72
102 132
62 159
36 174
161 182
117 172
66 117
68 171
59 63
132 151
44 135
20 124
5 45
6 157
69 183
54 193
73 123
6 183
28 105
18 38
78 163
17 34
121 168
18 99
153 157
42 75
125 146
42 157
65 156
82 97
0 161
147 157
49 161
124 131
6 115
8 59
6 151
136 183
77 178
82 90
139 191
81 126
17 29
133 193
98 115
1 35
20 40
75 110
81 111
16 41
182 185
98 142
135 174
63 184
36 112
25 87
114 190
123 178
105 162
67 161
59 172
44 113
23 45
47 52
65 139
21 25
4 97
91 113
43 102
46 84
25 61
0 147
14 139
50 148
20 157
59 85
12 41
75 184
23 69
58 141
8 137
2 186
39 100
98 185
8 171
66 146
68 147
20 147
169 181
1 137
30 63
156 178
44 65
30 188
29 59
6 46
67 163
112 143
158 163
63 183
70 82
101 176
0 55
39 55
79 152
58 99
2 22
105 134
130 189
83 90
95 109
80 155
76 181
4 36
131 164
58 76
74 131
25 131
100 123
3 181
2 154
19 93
91 179
87 164
34 152
22 188
103 154
66 70
48 84
178 186
75 85
20 74
130 148
112 190
19 96
72 138
156 186
35 96
39 161
24 129
40 84
79 135
110 185
16 130
44 189
45 148
20 128
2 41
18 162
41 99
168 175
41 94
125 137
32 142
71 163
16 162
76 137
136 173
92 119
4 121
111 192
56 173
63 171
80 154
107 124
169 187
150 163
85 103
79 123
139 187
80 174
68 125
11 156
24 77
155 189
52 183
5 111
185 188
75 97
10 172
21 163
87 140
74 127
36 71
22 49
5 154
110 189
3 94
138 168
35 101
54 187
32 182
59 155
45 88
33 53
41 129
1 74
40 118
52 98
46 179
88 115
57 148
45 153
113 120
170 188
82 173
50 55
73 163
63 112
13 28
7 126
60 75
0 167
26 133
31 116
127 155
75 88
110 181
41 161
44 48
61 68
54 122
16 43
12 162
87 137
32 121
11 182
77 140
57 71
24 171
26 47
76 101
107 132
73 175
25 41
132 153
26 190
96 139
92 143
78 189
59 64
98 135
21 23
89 153
38 40
133 152
71 84
120 184
93 169
16 147
34 50
60 126
95 191
16 84
44 53
5 115
98 118
119 161
9 99
174 188
38 177
164 165
8 150
144 163
155 164
92 98
115 135
8 56
37 150
19 114
124 161
0 102
94 164
68 118
124 150
95 115
58 132
10 110
1 26
43 181
130 155
57 103
39 128
106 179
60 138
37 169
37 64
150 186
84 130
91 111
53 65
10 55
65 76
106 156
123 180
5 73
10 39
90 136
76 145
117 175
0 187
96 193
16 17
77 85
15 52
51 73
92 191
10 178
34 125
106 113
87 89
133 168
31 105
1 153
90 97
69 184
38 85
104 189
1 72
18 101
24 80
39 105
51 84
80 115
31 52
1 9
54 149
23 177
48 127
25 51
88 160
122 168
189 192
161 188
63 164
83 136
13 78
15 100
9 19
75 177
82 166
57 190
52 74
139 151
71 153
79 86
75 176
35 146
52 177
108 109
151 169
69 111
120 154
9 89
52 60
6 125
80 106
0 75
55 177
138 188
10 60
15 36
46 155
115 162
5 25
10 45
62 193
41 134
36 190
55 75
104 111
27 73
39 148
34 180
6 98
130 176
13 64
35 153
55 137
7 41
79 103
16 74
65 127
69 187
168 188
73 140
82 177
43 99
30 109
95 112
92 103
72 128
90 183
18 189
10 173
20 155
49 179
121 179
95 141
0 169
81 86
29 79
13 142
5 95
6 128
6 106
0 177
52 116
89 173
77 83
170 185
83 167
3 185
13 20
57 153
131 186
61 98
163 178
39 144
55 117
158 165
9 77
63 192
161 190
27 162
14 79
43 155
65 68
55 143
51 188
114 127
4 35
6 40
81 88
26 127
22 39
78 83
94 191
83 104
151 170
90 143
38 151
50 102
89 179
31 164
11 18
3 85
24 110
43 170
4 60
165 170
3 83
40 109
31 169
150 184
61 87
5 107
59 99
74 187
74 152
23 87
37 122
6 92
57 81
134 156
18 34
65 131
52 55
169 176
14 103
7 191
78 148
0 87
112 149
26 118
87 103
135 171
28 130
96 125
83 165
15 88
69 177
31 88
49 78
69 138
28 115
122 191
16 21
55 142
16 187
104 168
21 74
89 105
6 180
55 92
124 187
129 149
24 57
27 39
178 182
127 139
58 156
6 102
51 146
52 89
15 50
34 70
9 103
23 48
4 174
67 136
116 189
131 171
88 168
146 192
10 69
136 151
67 114
157 168
52 189
89 126
13 102
16 23
26 41
8 192
0 91
61 80
44 110
11 119
129 161
85 139
54 76
64 174
17 42
17 171
73 159
146 182
10 90
160 165
126 131
99 154
113 189
94 169
52 86
99 142
29 139
73 176
13 33
64 71
84 180
136 137
106 131
156 175
135 140
98 141
30 71
52 81
64 164
148 188
3 27
49 135
59 114
54 139
66 142
76 167
106 120
67 140
69 91
121 166
136 166
35 128
102 175
11 94
133 188
83 135
55 174
32 147
115 141
123 162
115 119
42 142
56 61
135 136
44 89
40 173
39 80
49 82
76 131
125 143
85 185
15 165
123 166
37 82
14 47
132 145
12 95
31 108
87 109
4 28
35 109
86 127
17 120
83 128
37 116
64 122
64 171
56 68
109 148
140 183
14 150
136 164
92 170
102 177
167 179
146 168
10 25
75 132
87 159
166 185
28 77
114 129
98 132
58 154
35 55
20 27
84 183
84 153
78 105
58 97
12 140
169 172
58 111
53 181
46 115
21 141
51 85
30 55
68 180
49 154
7 53
12 46
125 185
50 68
49 144
102 111
143 157
46 78
85 100
100 129
153 170
18 65
3 76
22 181
59 149
69 84
68 79
19 126
57 139
48 95
63 137
93 102
56 79
45 58
86 141
101 189
30 56
4 122
47 151
91 183
15 61
134 191
116 169
8 89
107 158
17 75
55 104
21 140
69 107
84 170
3 38
20 77
13 80
110 122
162 171
20 55
34 135
32 67
146 158
35 151
34 51
46 183
47 169
108 144
75 165
2 171
115 179
138 139
12 92
100 173
19 148
80 148
18 113
56 151
19 86
31 175
79 175
14 57
15 54
148 193
86 92
1 127
4 6
132 188
85 113
38 76
50 108
73 106
12 111
22 113
21 82
46 86
53 119
13 172
27 140
26 70
9 61
20 99
12 25
88 161
30 187
147 152
155 172
113 136
0 172
7 100
15 80
64 169
14 84
43 156
19 147
54 105
12 153
42 184
24 146
33 187
116 138
26 135
129 155
5 33
111 184
62 133
171 192
20 71
40 190
84 139
140 187
4 84
41 43
127 135
117 139
5 193
40 185
34 169
12 175
25 80
4 131
122 179
39 129
66 143
38 60
35 170
8 44
29 176
39 69
89 149
142 159
32 118
30 126
1 173
170 184
46 174
100 155
61 189
30 118
68 131
42 179
1 12
34 170
145 191
154 157
101 166
55 107
12 105
157 171
9 121
122 153
43 49
16 42
75 116
57 110
154 167
50 115
57 78
58 94
126 185
95 103
47 136
23 174
152 160
105 192
144 167
75 91
135 148
97 166
13 146
17 73
17 100
162 189
122 152
26 130
12 161
42 127
105 181
2 46
76 187
36 143
165 193
55 73
0 15
20 94
52 134
89 117
28 58
130 191
99 121
58 178
23 130
7 108
143 178
24 38
50 118
93 180
24 149
109 131
7 60
32 103
95 120
4 139
38 180
7 42
48 178
114 186
92 159
110 140
1 81
24 170
39 187
99 169
0 178
53 96
98 174
70 152
48 53
98 147
16 148
40 120
145 148
7 166
84 127
69 71
49 153
159 175
42 135
67 79
96 137
86 119
115 136
86 108
1 88
15 67
83 86
47 95
49 109
55 185
31 149
74 96
14 45
98 120
74 132
37 85
67 166
17 76
82 144
127 177
57 149
77 86
169 183
32 172
33 113
61 136
151 181
118 186
156 170
44 83
127 166
12 94
0 157
49 88
124 182
10 91
82 189
39 159
30 113
58 96
20 164
14 50
12 159
17 86
153 178
137 163
78 144
133 153
43 188
91 98
28 48
51 175
9 29
47 78
7 117
114 154
110 162
131 143
34 52
10 93
79 190
34 77
10 157
53 123
113 123
14 20
57 165
175 176
28 36
16 141
154 186
40 95
16 190
68 117
0 149
69 157
63 146
42 72
11 107
16 158
14 182
8 29
17 83
47 69
91 133
107 112
4 179
104 136
17 157
56 72
91 175
91 134
43 147
3 56
13 141
37 92
85 101
6 129
105 190
41 144
64 156
83 177
48 70
172 179
113 193
172 184
76 96
166 177
8 75
145 170
12 81
67 142
51 128
97 172
145 176
27 115
40 123
39 179
21 53
15 20
49 188
22 78
58 189
20 123
40 75
104 172
107 122
40 78
132 190
20 66
120 127
128 185
77 87
14 185
14 23
40 169
88 184
112 176
96 152
151 164
138 192
68 109
135 183
84 126
37 108
65 145
136 176
33 149
144 172
39 125
4 47
141 157
60 140
102 149
129 193
68 187
20 152
27 88
59 173
10 72
8 67
64 109
21 190
95 144
52 112
42 148
51 192
72 111
35 89
127 134
118 189
30 181
50 175
95 148
102 163
30 185
78 109
3 159
13 113
15 45
71 191
154 187
11 32
91 108
143 171
94 123
73 191
66 108
72 192
33 40
131 189
2 6
12 134
65 185
71 91
120 152
62 185
14 15
176 183
16 24
127 176
89 118
54 86
33 140
16 70
127 181
32 190
123 186
70 179
51 98
55 60
113 118
27 63
38 73
67 85
3 37
85 183
138 178
67 158
6 140
69 186
9 179
3 140
23 65
33 114
63 66
94 112
96 183
39 137
60 73
74 99
6 56
9 54
12 106
60 164
79 182
51 170
94 95
6 163
66 187
32 143
11 165
76 79
44 80
7 135
56 114
48 172
64 182
114 176
149 160
52 72
54 100
76 84
54 104
104 180
46 99
50 62
1 182
114 128
54 174
29 72
156 185
88 178
129 158
76 120
33 87
104 134
84 129
74 75
104 165
8 104
155 162
63 106
65 153
66 171
60 81
3 24
2 3
49 62
105 120
28 176
93 135
28 88
12 22
161 183
58 183
152 180
166 171
19 24
85 142
137 181
57 168
102 128
41 149
0 185
53 132
55 178
155 160
7 85
87 99
66 193
59 79
154 170
67 127
15 53
33 166
26 33
120 191
94 108
29 127
82 163
55 193
33 50
84 95
100 136
21 70
89 175
115 139
126 139
108 135
86 93
148 173
3 131
157 164
78 137
88 172
8 177
79 121
144 168
0 49
65 82
64 111
84 115
129 183
18 127
168 170
181 182
3 96
7 159
0 162
74 138
34 113
39 108
20 125
30 93
64 170
115 130
54 168
94 124
13 104
69 86
35 106
139 140
2 60
118 127
40 70
86 138
4 124
59 106
70 170
15 115
43 128
49 174
20 92
50 84
63 135
3 80
18 156
95 152
60 190
61 167
11 192
6 31
47 126
133 144
56 90
10 57
38 45
12 57
27 191
0 61
24 95
75 141
50 99
97 175
115 168
100 147
93 146
118 150
85 191
127 140
66 77
121 144
56 190
10 140
26 158
81 117
129 140
4 189
92 115
28 61
49 112
46 150
96 146
59 156
99 148
69 142
42 170
103 191
26 126
0 138
28 186
95 186
45 68
62 68
92 118
133 158
39 89
28 109
61 132
127 182
3 156
85 137
64 187
159 165
35 85
3 163
58 165
166 174
24 61
16 188
11 125
79 192
78 92
56 128
79 136
121 189
85 151
41 83
67 186
85 186
9 115
36 81
34 171
67 165
36 99
39 99
139 147
39 88
25 151
75 167
118 152
6 54
12 188
63 100
6 160
87 122
26 167
61 146
89 133
7 130
108 189
21 130
49 141
21 88
159 189
31 44
25 183
29 141
44 71
140 189
11 108
143 148
24 145
67 118
1 13
24 125
63 147
85 111
21 152
1 98
40 98
4 102
33 71
47 146
48 80
125 186
48 114
77 150
72 90
132 141
98 119
97 189
18 61
70 102
66 149
56 143
106 159
20 190
124 130
1 24
62 92
47 48
164 192
114 181
86 99
22 187
113 130
22 111
81 170
44 149
1 169
70 106
97 112
29 143
101 149
106 158
33 41
15 126
32 177
45 150
36 177
67 134
94 104
78 117
65 119
100 118
47 51
109 113
74 121
100 137
137 140
142 149
4 115
149 153
109 188
92 110
92 142
32 88
106 155
17 101
0 176
45 108
78 158
143 165
24 84
77 169
38 105
75 96
86 188
131 138
121 143
35 148
23 58
133 163
105 179
25 158
147 189
35 48
78 88
33 96
127 190
138 169
28 50
49 66
92 153
89 192
36 136
146 188
44 179
96 176
74 159
75 109
155 156
60 185
13 150
97 113
12 16
26 89
20 167
63 186
102 182
146 156
13 177
11 25
80 120
122 155
62 80
68 120
58 128
69 98
51 166
40 130
111 121
88 126
3 127
42 103
13 108
58 138
132 156
148 170
110 115
53 182
9 145
12 17
74 126
189 193
35 57
32 151
107 171
83 91
82 99
68 103
173 192
42 191
79 151
91 171
2 153
79 145
25 147
27 44
20 112
28 137
71 137
30 50
56 108
75 131
86 171
28 182
76 92
45 171
54 145
17 47
117 152
130 163
71 147
31 112
109 193
147 176
21 31
48 152
31 110
26 62
0 106
66 103
77 183
58 91
0 18
45 97
69 178
11 46
87 135
10 94
62 71
58 67
72 74
31 174
10 180
24 35
86 116
27 114
91 184
52 90
47 64
35 62
28 106
9 180
46 109
137 182
33 35
5 140
107 169
103 186
25 38
91 169
31 166
22 51
89 106
6 107
8 185
86 122
17 173
106 190
43 44
9 98
32 60
5 44
0 26
119 191
11 47
69 169
68 105
129 162
132 184
50 151
40 178
18 133
96 157
45 91
17 134
79 115
110 154
10 101
28 175
1 167
76 169
7 48
6 90
84 155
3 35
33 171
94 159
56 117
14 81
18 55
66 90
154 165
104 130
14 142
13 189
19 116
95 185
47 163
27 165
123 172
23 95
33 101
138 155
15 151
80 123
144 188
101 168
108 156
47 116
33 60
53 148
124 171
80 187
58 61
8 183
150 185
1 49
103 106
38 49
23 66
71 78
109 161
93 121
31 167
45 176
142 178
103 159
21 22
103 107
112 118
31 66
102 150
10 42
70 171
52 96
5 130
156 174
66 106
150 166
182 188
103 150
144 170
113 173
24 181
90 110
14 124
7 15
86 181
51 65
62 97
12 193
82 84
30 141
67 152
141 164
32 42
56 102
47 61
23 121
183 187
47 184
53 190
63 188
64 67
80 170
39 175
119 139
72 193
61 164
43 103
46 85
60 177
103 128
181 190
34 78
128 172
54 57
83 147
103 110
80 153
54 162
50 166
79 116
61 193
19 169
7 90
67 123
45 188
86 189
66 169
49 96
58 119
98 103
96 143
134 172
11 70
4 156
60 77
91 147
137 157
102 170
128 157
92 176
64 141
66 95
49 57
82 132
31 131
112 137
22 89
120 151
132 150
2 30
41 78
92 127
36 61
122 180
0 83
62 102
32 165
112 186
124 136
15 31
88 141
59 180
76 152
24 50
16 157
16 88
99 191
175 181
39 65
52 67
7 180
92 181
83 101
57 126
94 139
34 132
144 147
83 172
67 99
16 127
143 173
20 153
89 99
2 99
95 138
4 136
77 167
58 146
50 150
119 134
70 118
69 146
25 179
85 146
135 186
59 174
49 139
48 155
185 193
15 179
17 79
83 117
129 184
71 171
34 121
142 184
7 70
69 83
8 122
62 154
101 143
149 161
90 109
164 177
24 26
127 169
123 159
125 139
36 56
22 163
44 62
24 53
86 174
112 138
95 165
126 150
35 144
88 170
33 45
70 148
49 90
40 108
64 82
43 109
38 106
91 102
23 111
63 79
42 136
28 44
153 162
113 141
20 145
10 63
15 89
56 138
37 63
3 5
161 177
60 171
11 75
48 161
55 64
9 123
43 46
120 126
37 47
162 192
107 125
124 147
61 97
133 181
1 112
87 142
99 134
88 124
103 162
94 135
179 184
84 173
99 180
57 70
10 160
44 119
74 95
81 112
37 106
131 154
79 137
48 68
45 107
88 105
18 175
53 133
92 104
35 105
83 179
49 146
141 189
135 173
66 93
140 170
70 122
14 133
83 185
16 73
9 172
21 175
72 129
1 102
51 157
3 183
124 180
63 107
2 58
41 77
39 90
15 66
148 191
108 116
4 92
81 139
103 114
76 188
52 162
24 193
39 162
65 184
64 163
119 120
39 68
22 142
52 155
57 138
71 132
107 129
36 108
51 162
22 117
21 118
22 165
76 97
103 132
33 174
103 184
14 73
50 104
12 14
105 165
117 173
54 171
17 59
4 144
114 120
44 154
94 174
112 114
12 61
52 79
140 185
111 174
14 56
10 13
41 110
131 158
35 193
131 183
17 112
83 153
133 174
60 174
32 141
126 141
41 79
20 35
96 120
126 154
72 113
47 80
61 157
77 101
54 146
73 170
0 65
78 169
73 81
97 144
53 114
31 94
2 45
107 173
136 185
70 116
50 185
99 176
4 78
134 184
157 175
44 174
25 58
13 114
29 39
70 84
70 154
6 156
5 72
73 84
103 192
100 153
160 172
132 165
32 173
154 166
5 12
109 137
179 190
49 131
47 175
40 80
144 160
63 71
45 164
152 175
58 59
69 168
138 186
7 52
6 121
35 42
38 96
61 155
60 132
23 146
105 116
51 151
88 153
4 159
25 116
63 149
68 137
18 84
10 47
124 175
89 187
42 190
116 119
65 160
107 174
40 49
71 130
152 170
69 129
4 114
44 133
64 138
54 155
86 165
80 119
28 37
48 190
140 157
79 176
30 62
27 35
50 129
19 175
68 126
73 169
84 131
120 140
54 74
32 186
23 143
36 72
76 176
111 122
29 178
118 180
89 164
12 152
2 73
110 173
115 131
158 166
89 103
14 125
81 149
8 164
77 124
35 186
37 126
145 182
168 183
24 173
51 66
115 175
94 97
82 167
30 100
81 166
168 179
141 148
62 127
13 88
25 117
62 190
81 159
30 159
79 156
103 169
7 39
97 106
60 115
66 118
49 138
30 35
67 86
2 62
107 159
43 77
33 79
24 127
28 143
0 173
56 92
10 65
187 190
29 99
10 114
19 55
102 173
7 54
97 126
47 62
135 141
163 168
8 33
29 76
174 192
99 104
142 172
112 145
26 114
74 175
40 71
170 178
18 63
50 94
52 192
98 125
126 151
61 151
9 183
82 178
148 160
2 54
17 50
70 140
1 89
90 172
179 188
120 157
121 147
82 149
20 108
124 185
42 108
3 169
28 30
71 112
127 149
23 43
32 120
41 186
11 127
69 149
10 146
131 163
135 161
48 59
9 139
164 171
74 169
36 123
90 122
183 190
23 46
136 143
10 185
9 96
129 180
20 21
84 169
13 192
99 126
91 159
32 161
16 83
49 142
57 141
65 181
35 176
55 148
62 170
11 17
8 155
30 49
61 78
47 74
55 168
6 111
67 131
79 97
79 109
93 178
68 98
115 137
159 190
81 155
88 158
144 151
105 132
126 175
162 176
70 134
18 37
20 109
142 146
61 186
94 103
52 124
55 119
143 156
18 115
22 178
5 100
4 55
26 140
111 173
87 97
48 165
128 173
74 102
84 154
72 152
49 189
43 97
1 36
16 68
8 10
157 182
58 87
21 29
74 143
44 45
127 185
129 166
112 155
8 169
41 174
3 134
9 169
52 53
45 174
138 182
167 178
10 158
102 164
75 178
70 176
31 170
73 190
23 104
103 163
141 179
40 193
16 136
161 164
6 94
31 113
29 172
65 178
86 192
0 22
34 110
103 189
85 128
36 75
28 167
87 190
1 186
29 44
23 142
28 114
162 172
13 136
21 191
27 49
96 186
11 60
3 30
163 177
186 192
42 95
9 58
112 181
28 170
116 191
21 81
161 180
94 186
68 134
40 112
71 86
59 163
51 93
73 119
135 137
36 131
6 170
9 158
66 147
55 90
147 164
68 111
27 29
175 184
72 143
48 188
139 146
0 51
78 127
28 164
84 157
21 47
0 86
47 119
30 157
81 137
17 41
116 161
92 136
47 183
133 176
80 105
19 73
164 176
139 188
30 36
25 44
57 135
33 108
58 129
5 49
68 148
49 102
84 149
20 49
142 167
99 131
38 130
33 163
112 157
191 192
70 182
156 187
82 143
9 124
30 136
180 182
64 79
7 51
75 126
1 104
93 157
67 103
65 130
34 47
85 112
57 161
32 134
39 116
32 104
6 65
46 173
128 138
18 104
67 150
68 150
54 132
2 16
73 154
14 104
62 149
41 156
17 46
27 125
28 49
31 118
96 173
56 179
11 169
5 57
10 51
0 46
53 57
11 175
34 108
149 169
42 187
71 193
17 110
91 186
18 60
93 106
34 173
62 108
115 189
45 103
41 171
122 165
62 81
22 173
32 125
124 173
110 187
25 107
68 179
123 171
76 80
108 159
54 190
23 154
104 162
80 101
56 175
43 91
118 185
5 135
67 193
7 66
43 73
143 151
57 97
79 88
26 144
25 140
38 70
40 53
74 82
120 146
49 175
63 173
4 94
94 176
23 63
84 142
36 63
28 56
147 184
152 153
22 189
16 96
26 77
73 125
94 99
11 21
25 162
38 152
15 74
146 165
85 148
48 167
79 131
47 97
91 112
102 178
41 123
0 71
130 183
33 147
12 147
96 169
105 155
161 181
101 119
37 130
54 113
113 162
112 164
141 160
172 182
31 188
104 170
56 165
63 109
93 115
47 99
39 40
73 89
55 164
111 193
80 165
3 92
106 124
84 165
120 177
38 84
12 64
82 157
64 157
16 26
146 162
39 76
25 75
168 185
1 16
9 39
26 76
66 179
32 189
70 89
14 118
74 83
36 176
43 191
79 167
92 120
80 83
83 149
152 184
29 60
69 133
93 107
93 125
34 61
125 192
105 131
59 143
187 189
44 61
128 168
60 137
74 168
77 136
24 175
6 191
45 128
55 126
47 161
34 92
11 146
49 186
38 135
170 183
42 99
135 153
51 144
123 169
23 109
169 171
59 121
66 174
152 167
77 185
34 97
99 143
105 115
33 183
122 146
117 137
110 132
113 164
24 36
86 163
153 160
57 180
110 139
15 47
83 99
98 143
37 191
7 87
116 134
68 162
38 173
118 160
76 95
59 185
18 186
112 177
42 150
45 184
78 184
94 120
149 173
81 146
62 124
121 161
65 95
68 108
117 187
38 170
41 115
37 43
25 155
91 107
25 96
123 173
145 171
113 134
83 110
17 64
66 155
40 54
135 184
41 162
7 92
112 175
8 81
51 103
27 112
83 174
52 114
47 128
27 55
20 156
111 117
81 188
101 126
103 135
1 187
59 110
132 172
11 95
59 75
18 185
65 186
159 181
24 137
101 102
93 171
74 81
73 157
33 192
11 83
70 123
97 164
26 105
49 173
164 180
166 180
112 160
4 72
52 131
22 91
25 86
96 144
49 187
15 173
77 171
61 119
76 125
13 67
182 190
1 140
164 189
126 173
157 188
154 185
8 115
29 152
4 166
104 151
22 146
87 145
29 155
28 141
107 121
65 109
7 81
140 174
145 184
134 175
43 51
75 80
18 166
180 184
8 146
29 81
73 135
54 78
83 89
18 125
43 47
70 126
110 152
55 140
81 118
88 99
14 170
95 192
31 125
6 95
91 114
106 186
0 191
71 185
34 37
73 97
70 147
83 148
140 169
50 77
34 122
6 166
40 177
108 130
2 90
31 32
31 48
40 88
108 174
53 152
92 141
22 28
56 135
43 176
99 119
13 82
79 150
67 113
170 181
30 98
32 74
15 111
33 161
8 52
4 13
17 179
115 159
21 77
138 151
73 120
37 100
24 79
8 141
162 191
101 178
41 176
129 153
144 145
3 135
60 156
36 162
103 156
63 70
44 86
71 155
115 178
100 167
77 188
156 182
15 58
24 174
30 156
26 64
11 161
146 176
99 110
36 121
33 46
117 142
11 77
57 115
15 46
65 117
38 144
20 104
56 146
75 76
75 121
63 68
83 103
108 147
21 155
23 145
30 89
116 188
96 99
82 110
68 77
26 169
49 51
98 169
46 139
94 140
8 37
76 184
20 65
48 139
77 82
54 183
125 134
56 87
72 112
106 191
88 106
149 170
45 146
35 182
134 153
37 148
18 184
49 64
14 101
33 176
85 116
69 132
22 87
106 149
30 85
85 141
13 183
92 129
99 162
4 52
57 162
68 133
141 175
17 178
136 161
71 192
10 87
8 147
128 184
60 161
99 100
119 192
24 70
71 149
72 117
45 70
13 85
14 134
51 114
127 163
27 60
105 109
153 167
7 106
51 130
18 86
146 179
81 165
61 156
54 62
48 124
124 179
47 181
83 141
19 129
3 102
24 164
90 141
59 109
110 161
108 155
40 155
31 58
14 180
28 133
37 72
162 163
38 47
134 146
21 158
14 177
118 145
114 155
71 106
84 96
96 179
13 55
141 190
70 128
47 143
104 160
80 157
26 83
95 140
15 35
58 113
61 180
4 81
58 123
6 130
141 151
6 135
24 75
2 114
120 185
52 63
96 103
133 167
152 191
21 148
135 190
4 143
57 147
82 104
8 143
52 123
54 85
106 167
8 103
91 143
25 166
172 183
100 145
111 156
6 93
36 179
111 141
45 170
18 23
25 42
156 181
16 139
53 108
116 129
153 193
83 127
77 147
64 160
47 185
3 68
7 157
139 176
150 162
26 56
52 135
6 164
70 78
8 94
30 163
6 124
17 80
91 170
19 77
63 83
11 90
139 157
95 161
2 38
111 179
119 151
87 129
3 60
21 50
69 189
45 50
10 67
20 183
129 173
42 178
148 190
19 143
77 91
138 171
5 88
107 189
25 91
13 128
65 90
129 192
57 158
32 155
135 191
138 161
68 78
23 105
52 141
60 144
3 149
89 147
68 92
54 156
61 67
63 148
17 117
7 18
43 193
76 159
86 131
10 43
150 151
60 143
12 38
28 162
49 59
86 175
139 182
133 171
37 87
23 151
61 99
128 145
65 164
71 123
31 155
56 193
145 168
21 63
83 122
42 172
107 147
172 186
5 131
25 56
121 156
41 42
113 117
23 55
26 185
136 178
87 148
10 82
127 178
103 112
47 84
89 182
5 42
47 144
34 148
0 25
78 147
62 144
87 153
105 140
63 75
32 160
81 182
9 153
18 139
98 137
73 141
88 188
80 168
23 72
92 93
22 132
135 192
40 191
96 98
54 169
112 165
49 94
150 189
61 89
41 80
4 61
28 123
30 114
8 63
41 181
39 60
90 134
78 155
29 122
4 119
52 88
143 179
181 186
109 119
151 191
3 61
16 133
118 175
142 150
8 78
53 98
3 109
72 164
46 62
1 113
113 185
45 124
26 175
79 128
8 162
14 164
137 173
72 186
79 104
5 46
95 159
44 126
32 98
110 134
133 151
176 181
114 141
83 87
86 101
22 83
96 154
32 169
1 176
20 143
53 90
111 112
12 103
4 50
32 83
47 174
25 78
45 114
6 7
116 172
36 155
40 124
76 177
78 99
68 114
105 129
25 119
76 191
127 180
87 130
66 123
101 165
27 66
82 137
85 165
76 144
92 135
44 103
53 151
125 176
62 153
36 80
43 192
7 50
27 127
155 182
80 161
69 89
97 182
9 63
120 164
14 86
118 159
41 50
48 61
58 112
59 102
38 174
81 173
154 172
31 70
46 114
47 121
15 32
36 181
1 117
144 179
1 105
156 157
36 82
137 183
3 10
5 6
17 104
44 147
0 68
80 193
27 175
36 129
1 174
80 137
67 156
1 152
91 158
53 121
81 100
114 151
104 144
46 158
120 129
94 130
56 109
5 155
27 51
11 53
155 192
96 167
129 178
36 87
74 98
2 64
23 179
102 145
41 46
126 149
104 119
90 146
42 151
30 84
70 144
18 68
18 140
7 74
135 146
65 182
33 55
80 87
58 98
22 45
2 128
155 190
28 97
133 178
114 173
28 122
83 154
81 103
120 171
62 106
31 137
38 67
8 24
158 188
66 114
32 192
97 136
110 164
19 166
75 175
69 85
40 121
2 24
59 171
34 130
32 81
9 69
29 184
28 52
6 112
5 173
18 98
70 73
36 173
10 144
17 113
91 144
38 77
60 65
77 109
77 102
107 179
103 190
5 79
37 145
47 160
36 164
114 143
109 181
66 136
64 180
39 158
81 169
138 181
57 134
112 146
66 72
128 150
37 40
2 98
12 141
114 150
47 154
33 188
42 160
10 111
46 130
4 155
119 175
125 142
116 166
53 135
74 113
108 127
106 112
14 122
70 160
132 176
55 86
139 148
40 167
30 53
111 115
35 181
31 90
53 143
6 173
10 184
28 81
84 188
27 72
22 54
40 114
40 163
47 91
34 136
12 158
138 187
99 108
65 136
108 179
51 131
15 25
0 146
64 149
152 181
55 151
106 126
30 73
62 82
145 154
66 156
25 57
66 148
28 165
30 153
54 181
19 122
6 175
34 160
148 177
81 154
6 162
59 129
63 160
9 150
57 59
99 167
161 173
143 189
80 100
96 122
93 162
59 154
10 130
55 108
66 76
22 180
14 28
16 169
6 165
65 107
126 127
23 164
45 116
73 183
75 160
81 135
45 96
143 191
17 67
32 187
30 162
64 155
64 98
26 143
41 185
134 148
108 120
12 54
34 168
80 175
161 162
6 103
91 190
12 137
40 93
116 180
38 178
4 88
124 162
36 65
99 132
116 167
13 45
0 20
65 177
53 78
32 176
101 157
112 167
12 109
4 157
49 172
49 73
80 108
73 133
36 90
28 148
4 90
65 143
5 56
48 81
9 193
64 80
158 179
40 113
45 49
111 113
35 133
82 134
15 85
121 184
0 95
40 143
24 105
154 178
1 27
36 144
24 40
27 102
65 129
2 150
78 178
18 57
89 158
25 83
5 172
77 88
41 126
8 68
90 191
7 56
23 132
3 124
33 62
20 36
57 74
87 88
71 122
60 69
152 173
13 23
116 146
1 121
71 75
106 110
0 78
89 137
93 165
36 160
150 170
15 90
50 160
18 121
13 127
130 168
132 160
1 32
121 193
87 110
116 139
172 180
3 172
89 109
45 57
20 188
77 148
159 170
9 109
14 64
76 192
9 55
44 143
161 171
136 154
23 156
10 150
16 54
23 134
136 184
11 134
16 104
29 134
105 133
73 111
29 126
8 176
118 141
3 22
76 149
1 53
106 187
58 181
70 120
89 144
60 123
65 155
11 149
37 164
65 137
32 157
32 109
2 96
35 185
123 161
36 133
97 165
154 164
15 109
83 176
39 124
14 76
19 112
60 64
10 118
138 190
37 91
9 111
60 85
105 184
15 137
3 103
23 25
42 63
6 67
37 166
132 181
36 180
50 76
9 152
24 58
126 143
56 64
14 119
51 139
56 180
53 169
54 188
91 103
7 28
84 167
63 190
98 168
143 147
122 127
89 186
30 137
99 173
26 129
0 96
28 101
158 183
114 137
14 40
151 156
148 192
82 88
84 136
108 141
163 182
38 157
37 45
0 116
50 163
40 160
46 111
54 191
139 162
35 65
5 77
141 183
68 175
9 160
36 59
86 159
20 162
42 57
12 49
64 113
117 157
34 36
10 98
142 180
96 107
39 112
33 191
10 154
41 70
54 91
39 160
155 178
107 153
84 192
10 85
57 104
27 61
88 185
72 120
94 126
44 162
8 73
46 98
83 143
125 153
80 182
69 102
4 76
55 110
89 127
15 132
161 186
116 124
64 86
28 126
55 150
80 110
10 70
66 83
61 124
167 171
52 110
98 186
119 172
120 173
96 168
96 141
111 189
68 160
10 138
2 187
108 119
148 169
78 170
153 158
107 182
49 178
64 87
74 79
5 183
128 132
43 76
6 150
39 115
13 100
57 178
145 189
61 106
154 177
47 60
101 192
183 192
30 120
51 181
79 96
92 162
26 117
9 151
150 177
44 63
78 180
102 166
53 58
103 104
25 180
11 173
5 61
16 95
46 47
93 139
20 56
24 65
26 31
109 125
29 56
56 110
81 113
31 127
145 159
45 52
41 131
122 161
42 122
83 170
30 75
126 148
44 120
65 172
101 175
70 165
114 178
158 171
63 153
101 172
48 138
44 122
19 139
26 113
106 109
83 92
93 95
100 184
14 18
110 111
90 94
42 137
27 148
26 96
21 128
104 184
117 134
73 126
118 170
7 9
52 186
63 158
13 66
109 129
28 131
51 165
101 181
97 130
26 29
101 113
68 76
45 175
11 128
158 190
99 152
38 168
5 188
62 109
39 91
56 94
51 176
121 191
87 177
53 86
58 142
65 93
7 105
140 186
29 138
94 107
131 151
28 173
78 120
181 193
33 82
3 8
12 164
72 188
72 185
0 144
51 116
124 167
33 181
105 145
126 163
21 150
25 152
46 131
1 162
31 83
45 137
5 187
50 80
189 191
36 152
43 88
53 75
136 152
121 186
25 72
27 33
3 65
98 121
168 176
1 21
102 118
54 92
53 127
120 168
69 173
52 80
116 156
34 57
36 88
10 80
31 91
8 19
4 134
176 184
153 189
144 162
23 24
45 63
53 193
167 192
150 160
101 162
67 100
149 191
81 171
124 159
130 136
16 176
40 184
43 69
72 142
125 170
45 92
120 138
134 167
149 164
151 173
52 193
34 176
24 94
105 159
25 173
85 124
27 75
149 192
51 156
89 169
55 122
44 158
83 139
64 106
14 135
108 139
115 143
40 59
34 179
19 35
63 105
81 87
121 163
75 106
49 119
83 145
28 193
75 124
100 165
54 179
90 166
11 79
51 169
11 187
2 145
18 105
154 193
132 171
9 108
27 101
42 64
103 182
144 159
34 157
128 189
33 38
145 167
102 184
69 158
53 63
100 105
25 54
93 187
17 172
111 182
3 189
121 183
1 135
5 37
35 115
16 97
107 168
56 70
137 152
15 174
71 176
110 133
18 142
144 173
58 158
183 186
116 120
23 163
25 149
52 150
89 115
58 88
144 150
152 154
139 179
15 77
10 136
14 62
69 110
10 15
17 108
124 184
9 44
45 173
78 128
100 190
159 183
76 133
36 153
31 69
154 183
21 180
38 129
74 77
61 128
122 170
21 126
84 164
27 104
85 173
7 33
121 132
66 67
26 145
135 139
1 165
83 182
13 131
96 191
3 145
95 132
80 142
81 132
136 138
49 148
39 134
80 92
31 156
128 143
10 192
26 137
118 126
37 146
143 193
120 155
42 59
46 103
34 159
63 88
106 176
65 150
62 141
26 99
48 118
56 189
111 166
105 168
67 96
5 82
11 103
10 120
157 177
25 93
47 177
152 156
95 137
5 177
54 126
69 167
75 179
107 113
128 179
82 108
83 183
5 50
36 48
63 141
79 94
106 115
23 137
29 170
57 95
126 140
94 184
135 151
16 173
150 157
88 162
40 101
70 183
63 95
91 174
5 157
151 154
36 165
28 107
5 116
80 152
32 162
55 133
16 140
32 52
74 161
24 89
56 164
41 150
59 108
23 77
91 128
93 174
36 60
59 125
49 147
99 164
50 128
161 185
15 78
32 100
104 114
160 193
31 162
24 147
32 61
12 99
39 139
49 124
0 190
165 189
70 131
94 111
68 88
82 164
11 155
91 92
26 90
66 167
67 125
48 191
61 133
126 152
38 181
124 170
54 107
69 73
11 167
25 114
49 77
17 175
87 115
151 192
9 87
0 13
5 121
20 32
32 62
61 173
93 136
49 91
66 75
7 188
95 129
102 117
51 182
1 85
26 177
60 158
78 81
61 104
19 45
119 148
87 170
1 37
27 193
57 112
64 127
46 180
15 101
63 159
96 134
43 126
69 78
10 18
96 175
56 153
16 156
3 111
17 52
85 105
100 174
0 12
110 112
32 85
89 140
127 161
12 117
46 87
68 100
135 147
117 122
38 169
74 91
52 68
101 106
17 119
35 139
8 159
27 157
47 117
22 107
59 150
123 142
91 173
177 185
146 193
24 132
28 140
86 167
32 94
2 170
3 44
17 139
84 133
4 187
176 189
44 150
13 38
17 191
35 161
61 161
49 170
119 123
2 34
62 140
36 139
105 191
87 192
14 130
27 155
31 35
134 185
53 109
159 162
10 119
108 154
16 183
120 167
31 152
1 82
35 36
24 43
71 73
100 110
33 70
8 48
1 118
39 44
43 162
63 143
54 175
136 147
36 130
8 28
105 135
60 84
7 165
10 131
7 187
121 152
101 141
128 191
65 113
65 148
19 21
85 87
126 132
7 94
63 122
71 166
150 180
134 181
91 182
141 182
98 134
47 59
33 128
1 14
43 68
70 187
80 112
48 101
42 125
129 167
19 82
102 190
131 169
72 182
28 57
73 139
109 158
68 89
85 157
40 65
54 123
3 176
36 187
44 172
16 186
60 104
66 89
19 137
52 64
109 138
10 168
97 151
92 126
48 64
23 36
99 150
101 131
20 158
80 192
125 172
15 133
3 47
117 168
51 120
5 47
16 120
11 168
113 119
67 105
120 174
41 133
68 115
33 175
66 79
2 12
41 136
29 70
40 51
117 119
124 169
180 187
108 172
26 51
46 181
90 173
17 22
4 172
4 43
11 41
10 50
117 121
131 178
57 185
132 186
58 193
44 144
37 52
67 97
123 139
49 145
22 167
82 138
76 155
22 74
140 142
163 170
174 190
67 106
8 47
22 92
83 186
159 179
22 166
29 35
17 143
72 155
132 180
86 128
42 83
98 124
104 117
32 136
90 119
61 71
81 109
121 142
17 51
90 186
37 177
137 138
47 100
103 176
54 142
36 44
53 128
75 173
43 132
124 172
20 58
54 118
71 109
68 159
80 178
12 163
45 157
114 133
63 172
59 170
30 37
13 43
29 174
40 144
137 185
91 153
34 72
7 182
10 177
29 55
93 191
126 170
184 188
41 173
62 90
59 123
7 174
0 45
42 181
121 169
78 80
8 163
31 62
118 183
90 188
17 21
38 136
8 124
42 141
70 133
116 173
72 134
56 141
20 59
47 158
46 53
72 171
103 181
26 123
13 36
47 192
48 109
64 91
18 25
77 184
101 139
45 93
124 165
87 131
50 183
128 162
58 134
165 178
132 168
40 148
53 94
87 182
50 145
5 127
51 104
65 179
3 79
104 128
31 77
2 127
11 142
58 191
21 106
50 153
100 152
54 160
72 103
74 173
38 154
6 193
16 65
117 185
2 106
0 110
120 187
179 192
166 192
9 156
111 119
7 125
98 148
28 161
37 186
38 164
103 125
0 181
74 103
9 76
147 190
37 140
74 180
137 150
7 47
30 80
6 25
69 152
66 184
151 155
24 69
132 134
72 157
159 180
52 146
42 177
64 108
104 123
51 113
144 149
22 126
114 115
85 163
92 193
62 119
21 186
36 93
28 66
1 3
69 160
67 110
64 123
9 147
16 143
14 107
62 143
4 140
152 171
142 182
97 177
9 90
84 172
66 97
28 190
95 100
67 119
37 118
17 44
147 171
60 130
35 150
5 68
42 62
3 31
63 144
64 150
81 106
113 153
35 130
60 169
14 87
36 113
130 160
31 134
52 142
77 90
112 193
89 114
26 162
3 84
32 76
106 139
78 154
109 127
71 108
94 154
5 80
44 155
41 48
154 159
86 176
49 55
18 129
100 162
141 156
35 90
21 96
20 43
20 45
21 27
39 81
74 165
166 186
90 178
132 174
32 179
49 167
90 104
116 141
106 111
83 112
27 78
19 103
59 191
115 157
13 65
44 60
43 83
97 143
77 112
6 58
163 185
5 102
115 121
26 147
44 59
84 193
15 175
73 108
85 190
8 22
79 144
47 127
55 125
18 118
122 188
9 190
47 94
73 78
142 183
52 91
24 187
8 161
19 171
109 121
84 87
103 146
155 181
46 95
99 160
165 172
5 38
41 164
71 178
91 138
148 186
35 107
130 141
37 136
42 192
149 193
10 24
46 54
93 94
8 133
73 164
44 55
42 171
9 40
57 60
67 82
61 62
147 158
65 159
10 74
50 132
13 160
3 177
84 117
1 184
7 35
63 187
43 168
75 139
37 149
12 191
62 111
113 180
14 108
129 176
40 129
107 167
82 101
138 184
126 176
170 182
136 169
165 175
99 178
54 115
10 14
94 149
19 149
10 182
69 190
19 44
0 32
55 169
5 138
46 122
95 117
101 167
30 72
40 46
6 38
93 108
51 64
85 110
127 131
30 33
98 182
48 126
59 165
167 173
101 123
28 29
146 151
38 172
8 179
26 128
151 185
16 155
19 146
33 39
63 116
16 107
48 162
28 146
8 106
114 175
22 147
51 96
56 142
17 186
19 108
36 43
32 50
62 131
107 120
29 190
25 111
114 124
14 27
34 112
9 84
48 98
105 144
137 170
46 76
23 51
162 179
1 77
29 173
56 60
52 128
3 168
11 73
102 191
15 82
162 188
61 72
172 185
151 179
68 127
0 53
77 165
5 179
11 48
69 162
0 60
60 125
129 172
47 162
72 145
33 129
130 135
106 164
9 22
122 190
30 184
48 141
26 61
27 128
38 161
137 142
9 126
98 150
3 130
0 80
64 96
92 112
143 181
4 8
86 166
29 84
89 146
57 150
35 51
112 183
105 176
122 173
39 51
152 172
11 191
165 183
23 193
75 156
120 142
52 169
77 168
146 163
25 36
57 182
49 87
33 64
140 154
124 148
33 193
10 26
105 189
72 176
83 118
143 160
164 167
90 117
16 117
61 192
46 110
82 156
156 171
104 108
15 159
28 180
12 192
106 114
51 74
80 129
6 178
129 177
54 189
3 75
13 175
15 141
0 188
104 167
134 166
67 139
141 161
49 113
26 78
35 69
170 179
52 75
145 190
90 133
124 183
50 186
33 56
46 48
102 153
63 126
14 26
36 170
59 161
134 177
8 86
43 151
104 147
77 138
3 155
49 155
0 59
8 131
12 85
118 163
101 156
29 167
119 126
132 166
35 166
29 37
91 94
63 64
167 180
113 167
58 106
11 141
54 129
107 172
44 115
104 177
10 73
167 183
155 173
22 34
133 149
160 181
21 177
16 22
29 63
80 84
21 144
135 159
17 85
91 146
83 142
36 169
40 183
66 94
6 71
94 192
2 26
63 150
47 191
56 168
58 152
45 85
105 126
50 141
55 112
37 157
64 192
46 49
25 192
65 116
142 175
47 106
102 154
80 103
19 95
21 114
23 155
56 134
44 102
83 88
6 96
128 159
29 65
13 79
48 96
5 149
129 144
44 175
50 172
62 96
64 76
23 166
68 69
69 144
28 177
86 89
7 186
140 182
7 147
17 151
18 82
163 181
0 136
103 180
31 54
30 129
6 181
104 142
55 118
4 162
99 137
150 176
94 121
83 160
60 119
16 185
118 169
48 90
85 107
73 104
40 62
125 148
4 19
66 191
127 192
10 12
109 169
26 153
15 123
18 145
113 145
86 179
116 153
98 112
102 167
80 85
34 154
34 164
12 176
82 128
116 123
3 160
13 148
53 158
118 121
38 82
86 118
49 99
13 34
146 187
97 138
5 9
55 191
16 105
111 116
129 141
44 184
27 91
89 168
90 135
77 116
24 98
129 188
56 125
129 159
7 22
65 125
117 129
71 110
37 178
87 173
47 148
123 140
96 102
86 145
34 53
139 153
161 184
76 100
28 68
10 95
127 152
50 90
2 77
58 172
46 112
81 161
46 172
33 158
83 164
41 117
96 135
51 174
124 181
138 148
23 26
53 103
77 173
109 191
94 179
12 50
99 124
153 177
52 113
152 178
111 143
111 185
18 154
25 172
48 160
92 156
140 148
14 148
23 49
3 39
27 79
161 168
76 91
1 119
42 115
121 172
9 141
9 85
78 172
23 103
34 126
8 34
88 186
142 153
153 159
121 164
98 173
58 92
114 119
44 90
96 100
128 167
159 182
22 168
53 187
33 124
135 185
21 138
96 158
92 106
46 169
160 185
167 176
56 62
113 133
88 187
69 154
119 185
35 70
57 77
50 136
18 62
21 173
56 86
93 132
152 179
122 163
47 81
37 62
46 80
14 147
57 145
29 135
16 119
92 130
9 143
53 180
162 193
29 90
76 103
42 146
135 152
89 123
24 155
10 34
85 115
60 99
23 74
109 166
165 181
123 189
112 119
64 99
3 21
177 178
139 152
132 152
55 138
14 65
114 149
86 164
4 100
91 167
89 111
26 193
37 170
71 135
111 165
68 143
111 136
83 187
3 15
87 149
60 182
1 8
51 189
38 140
30 111
42 85
85 135
128 144
53 175
28 67
46 175
90 112
99 156
58 100
49 180
49 104
27 65
27 164
48 136
46 141
17 165
10 167
182 183
109 143
45 126
145 165
31 36
76 165
93 138
44 70
158 185
116 186
87 119
177 183
113 142
65 123
42 123
89 160
30 117
26 152
145 146
3 62
131 137
83 178
35 152
15 86
13 165
26 75
47 73
35 135
42 189
84 186
52 171
79 118
56 155
46 159
157 180
32 79
61 100
173 184
103 147
46 77
17 164
4 44
60 87
104 148
34 71
71 96
137 156
129 154
103 142
128 193
8 40
86 169
54 120
13 75
125 168
66 102
86 158
107 109
118 122
100 106
9 56
8 82
76 102
92 146
4 169
5 168
162 175
2 66
55 187
11 137
7 12
94 185
170 175
22 36
93 119
96 138
12 182
41 148
2 189
24 159
147 182
34 63
161 166
40 82
31 124
60 139
2 190
73 187
147 185
45 142
7 114
70 85
55 79
66 151
118 193
87 155
46 101
23 184
50 176
35 155
2 169
11 28
143 170
19 168
56 76
81 104
74 145
77 176
14 19
102 161
75 113
2 146
37 53
56 147
73 167
26 95
86 114
145 186
100 150
104 143
0 10
152 182
121 139
30 169
57 62
68 104
53 166
28 152
28 51
10 35
43 143
58 66
21 92
26 103
97 152
21 103
0 119
106 161
136 144
98 159
39 73
74 191
16 33
92 187
7 62
4 54
54 127
33 89
30 60
74 164
37 117
33 110
119 128
5 58
58 163
150 168
24 100
43 123
142 187
9 59
26 171
116 144
70 135
11 157
31 103
80 150
130 140
24 121
163 191
40 136
21 26
18 28
26 180
23 82
42 53
147 150
34 42
35 82
62 192
40 99
18 137
55 180
106 173
17 123
37 119
13 169
44 125
48 120
13 185
71 182
46 52
9 135
99 120
91 152
109 130
2 136
133 180
53 146
32 154
60 116
6 126
18 80
18 66
122 181
164 183
69 181
113 168
35 189
55 146
19 159
15 161
78 131
110 169
142 181
18 187
69 134
134 161
0 152
45 133
75 138
117 182
74 80
15 64
31 129
19 176
137 149
2 144
75 172
41 189
62 187
76 114
50 89
47 86
2 84
50 91
114 146
50 122
21 75
0 14
52 180
22 108
35 60
2 158
61 116
54 102
67 109
137 172
81 114
84 86
47 57
46 166
2 192
90 149
14 110
68 75
42 168
97 128
115 176
44 46
112 182
55 183
80 179
82 171
40 79
25 109
119 190
81 185
89 177
95 182
15 93
8 157
48 153
152 188
109 118
6 59
88 150
27 182
22 172
19 70
22 182
99 151
121 150
66 107
15 69
17 30
72 140
37 74
49 129
148 183
23 64
74 193
100 148
109 151
18 32
115 161
67 164
70 127
30 81
154 182
4 42
51 89
120 153
13 163
57 100
139 174
23 186
53 76
22 76
13 167
11 110
183 184
74 141
31 126
37 61
26 42
130 167
4 83
44 116
149 179
24 188
154 163
98 184
85 175
58 126
30 186
76 83
32 168
79 126
192 193
45 64
68 82
88 182
36 77
8 95
33 91
67 181
45 51
0 81
34 128
121 173
132 189
59 122
20 100
50 147
41 143
124 137
137 175
66 150
33 111
93 177
171 189
41 65
10 29
38 128
36 101
140 153
101 154
3 82
171 174
99 170
184 192
51 91
145 163
49 160
26 165
59 136
114 180
1 114
115 149
82 186
71 118
53 68
38 41
24 93
30 135
12 29
24 136
88 156
111 127
96 156
79 132
39 48
85 132
112 153
87 186
104 149
73 95
40 151
126 145
111 153
173 190
5 86
7 46
128 153
55 59
40 106
33 159
120 125
5 124
42 138
15 21
77 127
104 109
10 62
42 129
60 105
178 185
142 145
55 172
51 87
50 144
91 100
89 148
29 46
97 146
7 26
59 135
8 174
105 193
83 152
21 168
32 46
122 129
9 110
60 110
92 114
20 140
14 42
116 131
85 145
75 136
1 133
164 172
141 147
64 73
2 161
175 188
180 181
32 39
56 59
21 184
92 149
153 166
168 174
144 166
123 191
58 103
62 191
59 93
44 56
125 193
111 146
2 95
15 102
110 141
36 166
146 190
65 86
78 192
58 160
31 136
48 77
103 164
65 69
120 137
104 120
20 54
69 80
41 75
100 132
15 87
46 83
97 148
17 88
73 103
15 119
84 148
86 187
46 193
126 174
58 169
49 176
18 31
172 177
42 100
102 176
17 40
33 85
42 92
11 52
126 189
27 123
14 78
108 169
4 161
121 153
71 190
11 42
28 102
91 110
67 124
31 168
42 114
174 185
9 132
176 179
116 135
110 145
102 162
50 54
50 58
27 135
6 18
36 126
155 193
4 186
96 188
64 84
18 47
93 182
64 144
13 149
83 96
114 144
68 81
22 155
52 161
119 160
13 83
71 180
49 162
27 108
43 82
124 149
87 120
142 185
31 86
70 162
126 160
19 48
30 167
1 47
72 190
7 57
79 98
65 114
59 166
44 157
33 88
74 172
73 99
97 110
69 165
16 177
105 106
21 147
59 159
5 178
52 115
30 166
82 87
3 9
18 117
39 176
55 176
172 176
6 133
56 97
110 117
112 125
133 136
168 178
63 139
131 193
97 109
40 48
23 79
78 146
38 108
91 172
71 128
27 83
86 98
55 147
135 172
100 133
3 66
1 134
60 127
177 193
116 175
87 127
109 152
22 129
26 104
40 47
114 189
14 153
71 141
169 188
25 26
96 159
28 64
43 173
77 78
64 69
42 155
41 72
185 192
46 136
153 175
158 169
42 71
72 166
136 187
21 145
134 147
64 139
4 22
47 193
46 154
56 71
20 76
78 166
61 129
169 177
80 158
24 71
14 149
163 165
40 105
59 187
128 149
7 119
10 31
50 189
67 153
129 189
76 162
20 179
138 142
140 149
136 159
75 122
71 158
163 171
48 63
106 174
48 87
35 79
69 79
119 146
49 79
68 181
13 120
20 24
73 192
120 166
132 139
82 159
146 175
53 107
91 123
78 156
70 94
12 179
45 161
67 176
1 86
29 102
1 42
149 172
74 174
42 70
98 156
43 186
95 104
25 64
20 186
34 93
62 69
74 182
146 183
85 133
19 167
32 56
36 85
39 167
8 139
42 90
12 110
84 144
143 149
10 127
87 178
22 153
3 129
143 169
11 133
65 70
22 174
1 73
158 191
16 138
106 148
87 106
73 132
20 95
80 146
16 179
83 132
87 172
17 48
82 109
76 179
142 151
45 81
81 141
30 65
26 34
16 134
128 130
124 163
60 148
9 162
9 175
103 121
120 176
123 133
29 64
2 105
80 149
26 46
73 177
73 112
28 153
64 176
102 193
49 65
70 184
48 106
9 112
46 89
60 173
118 147
80 113
139 161
68 80
7 44
117 188
97 140
65 99
34 99
80 138
22 67
160 190
8 140
25 94
170 186
128 133
78 160
131 174
103 177
80 122
129 130
36 92
11 120
101 130
120 160
69 137
37 184
6 26
138 147
82 160
118 165
119 124
37 44
110 179
8 54
41 109
48 49
154 181
27 69
35 49
49 63
59 105
88 166
139 175
87 180
15 44
86 136
71 116
72 76
12 19
91 116
12 87
74 109
160 166
155 161
47 79
55 153
15 75
30 91
105 110
24 141
83 155
31 121
36 168
57 167
83 106
54 119
6 155
5 141
37 162
53 74
166 181
105 187
113 139
103 129
19 72
19 160
26 111
41 152
18 120
68 135
133 165
29 185
62 166
62 73
57 156
87 160
95 119
79 99
35 113
22 145
13 156
128 139
27 187
159 174
76 147
9 114
3 157
116 130
10 40
90 118
43 74
0 35
29 182
0 31
79 188
1 122
79 95
126 190
119 155
80 183
40 156
47 145
10 132
51 178
92 164
56 159
83 157
120 183
34 131
65 66
23 159
106 137
42 112
41 47
79 100
32 102
56 122
110 124
37 132
14 173
18 19
73 91
145 152
60 188
111 149
152 164
35 64
90 179
85 125
58 105
104 154
90 100
14 114
44 112
79 189
21 24
24 112
92 148
87 102
100 119
49 130
10 122
113 171
6 120
39 62
7 124
116 155
78 139
22 151
119 140
28 92
38 103
2 9
31 79
54 108
68 192
11 43
10 116
36 163
65 162
91 148
24 66
33 180
131 175
117 177
77 180
140 173
97 124
77 161
43 61
44 190
147 167
30 177
107 128
58 74
36 89
110 168
50 181
7 25
17 127
90 160
95 131
43 96
12 69
173 182
17 138
58 125
145 166
14 156
82 153
1 71
165 173
156 160
123 182
17 20
108 185
27 181
17 56
72 139
5 22
114 118
40 122
108 111
4 5
55 97
56 145
4 133
105 177
51 145
67 160
38 44
16 28
23 192
42 193
118 182
65 84
5 11
27 103
46 146
87 150
16 142
30 57
14 92
46 66
16 25
26 112
52 100
22 40
16 59
114 185
100 101
128 160
104 121
35 103
134 165
158 170
115 132
36 98
61 142
175 191
22 56
5 21
84 177
49 105
64 143
62 117
17 166
20 177
15 146
3 64
72 97
68 124
10 109
45 177
4 125
6 33
107 138
127 143
9 189
2 151
112 159
63 127
59 103
3 143
10 125
60 92
10 106
29 91
114 172
71 82
148 153
61 101
52 126
62 181
1 67
30 144
19 121
92 99
39 119
54 186
66 145
155 191
68 149
26 173
47 149
102 188
65 87
66 175
30 172
40 63
123 170
49 56
47 96
10 58
31 84
93 190
45 123
20 98
38 95
155 187
30 104
1 177
64 114
8 152
91 95
20 23
61 105
144 154
36 141
4 182
1 95
21 37
61 169
52 181
147 170
54 82
45 47
89 107
67 145
19 113
46 71
55 173
57 93
49 108
29 94
71 85
2 130
89 122
28 55
82 185
157 192
55 160
71 186
143 176
97 193
8 130
158 167
4 107
1 57
122 124
76 146
24 111
148 189
0 99
8 153
53 62
111 138
102 180
130 133
92 158
8 69
96 113
95 157
4 152
9 125
17 23
22 158
15 129
147 192
158 164
9 41
177 190
147 177
50 130
96 174
171 175
43 137
167 186
121 133
133 156
126 167
13 133
83 105
10 151
117 160
119 135
27 131
38 163
82 140
13 73
8 18
51 70
156 165
80 145
22 135
97 147
67 179
31 102
71 145
41 92
113 187
97 168
132 140
55 109
177 179
59 71
101 158
90 176
9 161
92 151
42 180
71 169
59 100
13 91
6 51
9 60
23 27
53 144
93 145
15 76
92 171
87 138
98 101
15 55
82 152
39 171
110 150
48 148
49 171
146 161
125 128
69 188
27 161
23 112
8 31
7 24
73 189
50 113
88 169
131 168
39 49
1 146
42 51
128 142
29 145
109 179
101 188
58 90
120 123
51 68
131 172
35 188
29 78
51 122
180 190
107 133
112 113
25 33
106 163
7 172
22 42
60 102
43 59
48 164
36 53
128 174
25 85
55 101
13 93
29 180
31 151
36 42
58 147
7 97
18 182
89 128
54 117
153 182
30 77
17 95
148 182
2 101
36 64
100 112
155 169
28 179
5 34
19 32
11 101
125 154
85 123
166 173
128 151
42 167
75 143
28 60
31 40
86 103
38 59
71 143
124 191
13 21
123 152
132 173
24 68
60 181
107 119
1 28
17 77
103 115
55 134
75 148
11 180
113 137
15 187
110 167
45 101
38 104
27 95
76 136
105 127
113 178
95 164
85 193
96 126
60 100
44 69
82 172
16 47
41 87
96 164
93 183
141 170
41 93
122 138
69 126
89 131
29 100
24 168
38 100
50 142
164 169
78 91
117 124
62 175
144 178
2 191
103 145
61 187
158 168
49 60
104 187
22 133
7 99
135 154
82 113
100 175
35 125
95 145
0 58
57 114
108 122
20 25
9 38
72 169
109 116
58 136
163 172
159 176
172 181
19 151
185 187
53 129
64 133
63 130
46 144
33 164
55 171
23 33
33 141
25 43
102 169
54 55
28 43
33 135
77 181
21 79
26 119
119 168
35 77
68 177
100 188
141 173
156 172
46 189
137 180
27 74
138 156
46 57
76 126
44 160
40 150
131 167
95 136
124 125
44 173
128 176
29 179
104 116
51 190
46 164
124 189
57 118
4 12
98 183
28 91
79 147
81 164
95 174
127 129
67 162
25 121
88 89
64 89
17 149
77 134
17 106
94 189
65 149
77 128
103 123
119 169
56 118
58 173
31 122
71 88
45 73
106 143
104 191
23 62
25 40
80 89
32 80
32 175
31 143
80 132
39 174
81 180
50 180
105 185
131 147
151 176
184 190
1 151
19 78
86 170
117 135
86 91
125 132
47 101
96 189
43 115
3 193
15 43
85 162
49 85
22 148
58 63
89 166
133 155
42 164
140 151
27 174
52 185
3 167
1 64
73 181
81 184
75 180
37 59
13 62
97 191
153 186
73 145
56 101
49 191
12 43
38 115
22 47
26 80
16 166
95 118
14 145
34 49
8 129
19 182
35 39
165 191
39 107
46 162
11 54
6 185
115 181
15 104
24 128
21 154
7 179
3 113
95 143
4 142
47 173
65 100
98 155
28 189
17 58
25 187
49 184
24 191
29 136
42 173
39 77
78 93
134 190
131 157
20 60
0 123
64 172
12 73
114 164
70 143
79 165
4 149
136 168
89 176
60 136
27 167
9 23
58 148
85 109
3 72
61 149
98 109
127 154
140 184
94 143
114 135
109 149
36 115
29 40
66 104
18 110
54 141
30 178
123 129
112 130
87 136
56 191
31 189
62 89
8 77
6 99
138 145
78 96
30 101
97 100
9 74
15 138
86 147
94 134
62 64
103 148
47 111
35 43
24 180
91 180
72 81
19 144
119 174
85 161
13 164
137 184
90 193
145 156
20 86
69 140
58 167
30 39
66 129
6 72
147 154
86 88
23 90
131 155
29 106
73 117
86 96
108 118
49 177
51 90
31 190
147 156
110 131
181 191
22 88
43 92
61 159
115 190
102 181
3 192
129 138
121 151
35 91
27 50
90 185
66 186
129 142
27 86
12 185
15 168
93 126
36 62
15 183
17 54
55 93
86 172
15 120
135 138
11 96
178 189
32 36
35 111
146 152
43 153
21 135
126 137
83 156
178 183
62 176
85 104
78 177
122 172
59 89
39 95
54 138
35 88
34 83
87 161
79 158
38 48
71 111
29 38
63 155
88 101
68 138
22 114
4 16
15 144
113 143
62 121
87 124
49 92
26 48
167 184
112 161
63 108
42 65
85 176
138 174
15 18
41 113
110 182
74 148
8 154
45 186
38 137
57 188
73 137
128 148
5 182
11 145
56 184
42 76
128 131
26 39
10 189
66 101
1 111
50 75
111 120
48 170
99 135
14 144
72 77
94 96
3 180
32 53
105 169
13 126
96 118
72 173
31 43
94 102
27 118
130 181
66 141
24 91
125 151
11 88
126 184
26 178
6 41
78 150
34 139
85 167
59 148
14 68
2 86
17 168
113 146
102 107
1 120
63 65
57 163
0 11
150 192
64 75
70 181
168 192
51 56
9 97
5 118
36 189
4 137
12 71
29 142
44 181
130 186
147 183
71 148
8 71
81 101
72 115
34 64
65 121
28 116
31 61
2 124
60 166
47 156
25 110
141 166
102 165
21 42
70 117
151 152
75 133
41 89
16 62
15 51
15 140
25 144
144 186
3 154
165 168
93 161
90 147
90 180
61 79
62 126
136 155
85 192
90 154
19 158
39 154
52 144
5 106
104 163
3 138
97 98
40 146
93 150
14 155
59 95
128 136
32 95
151 153
18 76
47 108
84 166
21 111
9 24
184 189
168 184
36 186
73 156
120 163
7 123
58 155
36 73
127 193
7 175
37 67
44 188
88 135
97 150
84 179
35 46
111 144
25 128
24 74
184 191
54 77
58 89
36 111
54 81
22 30
26 79
50 179
22 152
29 132
156 173
92 161
8 27
80 128
26 92
61 91
83 189
74 84
35 179
99 153
157 185
6 8
83 100
80 167
142 160
87 100
84 116
49 151
7 144
128 171
8 118
27 97
1 40
30 96
47 168
89 156
54 157
15 114
84 140
20 81
46 134
104 150
34 67
77 110
19 85
48 93
104 125
61 93
74 89
13 154
69 70
57 64
0 64
65 152
62 107
53 170
131 188
8 15
74 94
57 166
146 170
164 170
21 78
59 157
30 150
160 173
59 146
142 147
76 98
40 171
57 105
23 171
117 156
106 189
17 109
64 94
39 94
70 83
30 106
149 187
11 188
147 148
46 187
109 153
97 171
35 164
150 169
50 159
50 162
41 64
52 62
0 27
128 181
39 121
13 68
91 191
23 67
117 150
127 138
84 132
128 165
23 113
115 163
68 178
6 141
46 79
60 98
46 168
70 146
48 122
22 61
20 79
94 175
78 94
87 171
73 134
4 96
54 99
87 169
4 154
6 168
16 171
8 16
148 165
20 51
20 154
6 12
78 185
10 164
88 159
22 101
8 132
38 92
40 100
121 146
0 3
29 113
85 156
40 69
43 150
88 189
163 176
1 75
82 102
50 72
41 124
71 174
72 191
63 185
135 182
41 102
30 122
30 34
92 169
4 79
83 166
55 136
1 159
94 161
34 119
143 192
118 131
167 188
61 95
40 42
20 105
44 177
85 169
88 121
6 55
145 153
57 86
97 180
26 131
24 178
2 163
19 173
29 169
15 33
19 157
10 113
18 109
57 157
145 178
27 64
49 81
59 189
68 185
3 153
61 182
43 67
117 123
87 167
48 105
120 188
24 124
7 80
53 122
100 104
154 173
0 77
69 82
32 170
41 119
89 193
23 78
82 105
2 111
128 182
78 179
51 123
49 95
168 193
89 134
109 114
131 160
136 193
28 69
19 28
39 61
118 192
121 187
157 186
34 65
28 138
8 93
117 144
36 175
144 181
10 84
137 147
151 157
1 84
138 170
55 139
15 163
14 163
18 71
97 186
57 184
13 81
62 98
3 158
100 142
102 186
50 110
59 92
57 67
46 132
16 100
74 106
96 111
0 170
23 191
92 155
4 193
60 129
4 40
161 169
60 149
102 138
76 86
48 92
55 70
20 101
4 101
91 160
1 46
9 30
98 114
30 127
6 144
42 79
78 162
77 163
26 134
12 170
56 139
57 187
73 165
134 137
94 145
13 48
76 160
66 116
99 136
97 173
62 77
84 104
130 172
160 180
182 186
37 77
1 19
157 167
83 130
49 127
17 148
10 121
28 80
27 185
63 176
116 127
65 104
87 141
16 82
36 167
74 124
15 65
39 110
35 156
41 183
6 30
32 117
105 166
69 75
60 163
31 78
23 124
102 156
102 114
108 117
50 57
122 193
120 130
58 77
109 139
156 161
25 88
67 98
32 191
30 182
32 140
5 129
47 66
24 130
184 187
119 149
67 115
51 99
63 140
55 163
65 102
5 191
75 111
89 112
16 99
71 151
0 148
64 152
94 193
27 31
30 68
129 139
50 168
37 129
14 59
47 167
16 50
7 185
68 96
77 186
124 155
103 166
10 162
10 152
102 125
51 168
40 96
15 28
86 150
88 177
68 121
110 190
108 150
31 56
13 116
41 155
5 99
48 62
57 63
56 152
92 152
53 99
104 193
27 41
22 183
67 146
16 153
39 67
55 68
45 172
22 81
63 120
1 149
109 184
11 58
16 161
18 173
178 180
34 175
81 147
52 174
77 133
98 160
22 85
2 175
93 173
75 190
32 193
60 152
22 31
39 178
44 104
12 15
50 114
5 32
27 170
11 130
27 117
58 93
80 172
11 82
17 177
5 161
61 126
19 76
93 98
1 189
8 149
63 110
72 89
5 153
62 136
140 180
108 142
164 175
36 182
8 23
43 119
7 148
3 20
19 34
63 90
82 180
36 145
105 117
77 146
9 62
12 172
16 77
31 130
89 174
25 170
61 66
65 157
185 186
8 181
89 121
55 156
113 169
61 131
16 98
169 173
158 186
79 168
76 139
29 133
85 106
100 151
88 102
82 94
17 181
77 187
15 108
48 183
77 122
9 118
110 178
42 55
54 177
24 27
107 131
32 124
71 181
130 180
5 176
42 131
116 193
36 70
47 153
59 193
27 190
18 73
157 163
160 177
102 127
93 147
18 180
20 73
60 141
25 60
82 89
33 68
89 151
29 95
99 103
45 134
115 142
100 176
147 159
69 101
101 118
9 93
14 33
73 153
11 51
112 171
33 162
51 180
92 163
7 141
7 183
159 160
86 112
47 85
51 159
99 116
12 55
18 122
12 56
46 74
72 174
65 98
3 57
58 177
33 118
49 133
12 183
7 153
156 162
86 135
48 144
101 180
31 89
69 159
102 139
118 176
30 45
7 36
62 93
79 186
30 193
120 190
106 183
78 187
11 129
18 42
79 87
33 150
99 179
49 157
36 74
47 123
66 134
69 90
114 138
8 57
57 116
111 124
44 108
75 161
68 123
16 125
90 102
33 58
7 93
181 192
121 137
90 189
20 82
9 51
90 131
5 190
13 96
134 143
15 96
21 142
27 81
128 129
57 79
4 85
44 78
128 169
36 52
174 182
55 182
47 170
19 25
83 85
81 124
155 166
35 114
133 134
112 123
13 15
135 162
38 184
17 122
72 110
14 74
14 43
158 174
12 72
26 37
155 188
75 120
50 93
118 124
97 183
19 97
149 190
149 167
160 184
37 66
127 142
112 152
153 187
90 169
96 149
81 93
14 51
92 133
24 103
17 78
20 41
107 118
32 47
126 134
47 139
78 89
78 126
58 180
99 147
98 140
8 108
124 151
137 139
76 182
108 168
0 189
37 112
43 159
53 139
89 163
105 147
138 152
47 107
6 127
51 191
170 191
58 75
4 48
69 153
30 86
124 168
75 164
113 126
68 167
36 191
34 87
56 181
155 163
30 44
52 156
38 110
88 138
93 154
76 174
105 151
67 117
13 170
44 182
148 157
33 126
35 81
11 154
18 183
64 104
10 21
102 122
33 131
102 148
44 168
157 159
90 99
62 139
133 140
44 167
95 183
75 163
21 73
2 188
24 88
78 115
16 123
39 43
60 67
124 152
53 113
116 181
95 167
52 111
85 172
50 171
157 165
95 107
70 188
69 155
96 162
7 184
22 103
28 163
14 30
5 169
72 162
79 143
111 171
14 146
65 173
92 109
55 85
16 124
71 175
48 112
61 94
90 108
115 164
17 154
4 49
119 164
4 73
139 178
24 106
89 161
70 77
101 160
83 109
137 171
80 166
40 135
150 183
73 118
28 73
140 163
161 176
104 140
175 192
29 181
60 107
20 182
142 192
8 84
3 93
24 143
108 191
6 57
25 176
45 106
36 184
18 159
20 171
119 183
56 58
3 52
51 88
0 33
23 126
129 170
117 145
156 164
13 105
23 144
86 155
35 167
47 89
82 119
56 113
50 164
68 130
26 36
41 146
163 193
28 174
133 147
39 98
12 178
80 184
120 132
39 138
44 178
129 150
92 183
89 180
27 152
119 193
5 134
87 143
0 19
20 110
0 43
34 185
0 24
51 134
76 140
5 165
4 7
90 113
160 176
61 73
134 186
69 103
95 105
86 123
40 83
109 157
50 124
10 186
95 187
7 89
86 109
118 143
66 128
109 111
18 100
42 81
150 165
88 120
1 56
73 75
164 186
53 174
8 111
126 133
140 152
3 104
73 166
18 165
123 192
87 93
56 104
9 159
168 177
100 115
27 160
36 138
42 152
44 161
47 155
31 82
8 116
103 120
100 127
47 65
73 174
80 160
14 187
35 61
25 106
46 90
85 182
147 178
99 105
40 61
50 51
145 181
2 134
15 19
8 145
63 113
11 162
74 114
45 129
122 182
0 17
152 187
67 102
19 170
53 111
105 158
37 154
14 88
95 168
8 109
118 168
7 40
19 140
55 145
46 92
20 61
37 128
83 121
35 184
17 132
103 136
138 180
108 140
57 125
161 174
123 131
52 140
1 76
122 149
90 164
24 131
23 190
181 185
125 174
9 140
48 107
53 176
151 162
59 69
52 73
50 109
7 76
75 153
84 184
23 173
138 144
1 130
26 60
21 86
67 187
122 132
6 85
95 189
148 162
82 112
164 187
142 186
19 56
45 83
56 67
48 132
39 166
6 77
28 95
107 146
63 121
8 64
42 159
168 186
29 168
15 107
22 122
48 181
14 24
2 81
0 57
24 126
104 127
112 180
119 144
36 120
119 147
106 140
83 119
142 173
41 145
109 154
2 69
12 167
18 174
101 174
90 91
33 42
58 131
116 133
34 45
31 117
153 191
54 73
115 160
93 99
117 191
49 70
61 81
167 168
5 31
24 83
17 36
18 151
62 152
99 187
20 107
35 129
75 140
60 80
178 190
0 183
52 78
8 41
121 138
21 90
48 137
46 59
22 97
113 192
44 153
111 114
38 66
56 88
56 124
4 71
149 152
22 120
15 130
79 157
67 76
89 125
94 116
102 137
0 21
66 78
111 160
61 63
46 142
0 150
28 83
10 100
11 181
44 176
171 178
38 71
114 167
67 75
4 80
53 81
97 170
46 192
52 104
22 137
10 156
48 99
33 80
109 162
44 145
51 57
4 64
72 130
73 107
56 65
33 125
64 132
9 170
122 130
10 59
62 114
15 71
103 126
87 117
133 182
147 160
57 133
87 158
39 123
139 167
67 89
87 157
81 144
63 74
24 185
63 91
5 144
19 119
106 107
14 171
123 184
35 92
116 160
116 178
48 174
38 80
11 31
159 192
16 76
102 123
77 172
9 78
74 115
30 121
77 92
6 70
53 72
0 7
35 44
81 140
80 180
75 98
59 97
22 43
64 177
79 92
120 149
4 158
22 75
69 114
0 113
67 130
16 109
35 95
39 182
43 106
4 75
29 68
57 140
8 87
22 176
129 146
107 163
54 185
69 172
1 2
25 160
72 136
90 137
23 83
21 120
25 134
53 56
127 133
51 119
116 152
89 191
6 62
135 167
88 175
92 95
26 58
95 108
49 68
32 99
94 163
17 137
2 87
42 117
19 67
93 143
5 18
61 175
55 105
84 105
88 163
44 87
30 165
32 33
21 125
76 164
26 141
35 120
111 139
60 93
77 137
153 192
70 124
25 37
47 131
115 187
58 86
99 159
25 137
35 180
172 192
66 181
44 152
1 45
9 57
53 83
65 163
0 121
19 80
89 91
15 134
115 147
6 134
16 64
21 72
60 112
40 125
53 84
107 134
81 96
84 89
16 71
52 59
73 86
107 175
145 164
81 190
34 191
18 51
173 174
49 84
71 177
54 166
68 84
62 179
102 185
31 51
164 174
17 131
61 145
56 91
156 168
5 162
25 70
56 74
27 54
79 185
110 163
126 128
61 139
12 100
32 115
41 69
8 187
2 174
138 185
114 165
61 165
17 53
99 168
106 171
138 157
99 130
37 151
81 102
58 69
184 193
37 159
6 137
50 188
35 121
21 51
116 162
118 149
144 171
70 167
119 189
62 184
64 101
25 27
26 53
83 129
152 177
89 101
151 171
44 97
61 76
26 35
9 165
112 148
106 122
82 183
19 193
48 67
84 163
58 186
14 136
10 56
34 172
36 68
1 170
11 106
28 113
36 91
0 23
75 87
9 88
67 183
97 122
140 160
61 107
28 96
108 125
61 110
41 74
112 122
62 177
109 124
62 95
72 170
120 148
21 108
84 90
67 132
63 125
2 59
15 59
9 104
35 163
37 176
139 181
158 173
90 192
141 180
46 51
64 146
11 144
63 101
45 99
20 96
55 128
22 192
125 169
40 157
51 185
110 156
114 140
25 154
66 132
21 127
20 127
64 136
121 177
53 163
18 89
20 173
74 125
60 189
20 138
70 137
186 193
10 187
147 169
9 119
41 103
79 164
23 71
114 169
113 154
66 165
25 184
1 18
114 177
36 151
37 127
16 34
20 78
124 193
39 173
30 41
20 176
40 164
72 126
94 178
69 125
51 184
59 164
45 118
122 167
82 179
33 93
5 142
0 79
1 143
58 116
0 29
44 180
98 172
104 159
5 90
39 54
39 190
144 190
34 133
70 185
81 116
72 79
146 148
3 148
73 77
116 179
102 103
53 70
68 129
82 125
75 191
7 20
17 37
6 158
94 181
33 83
42 188
0 107
102 143
101 109
145 169
65 78
52 106
21 62
38 109
45 185
24 54
43 152
20 149
47 137
52 157
74 112
108 161
5 17
9 102
98 193
93 151
44 117
14 75
88 181
6 100
97 181
38 186
1 150
4 104
80 131
94 171
15 186
58 114
38 64
94 148
141 192
45 80
25 182
6 179
81 131
104 152
8 49
65 141
15 122
21 56
60 97
33 37
147 173
108 177
20 159
36 102
51 78
39 164
123 156
105 180
70 86
143 168
6 123
101 191
47 55
116 142
28 70
2 91
42 104
43 138
43 81
72 181
14 116
23 108
127 186
25 185
36 188
68 168
29 112
122 136
3 53
113 128
21 164
39 72
39 93
36 161
23 50
25 112
180 186
9 101
4 9
20 91
130 146
76 178
107 162
112 163
93 164
50 137
93 158
101 179
107 136
54 65
22 98
19 63
73 182
117 147
97 179
63 103
53 177
100 139
69 156
77 164
31 33
15 95
61 108
80 107
48 54
82 182
50 64
2 152
82 181
127 159
50 56
57 181
11 40
58 110
31 192
15 30
14 96
58 143
60 111
169 182
108 134
21 43
122 185
146 185
81 128
67 83
2 63
125 138
68 73
29 121
7 43
118 136
143 180
68 139
163 180
113 175
21 121
3 55
112 132
137 141
63 181
142 166
39 52
161 163
140 164
31 159
8 38
28 157
19 53
66 130
154 191
150 179
105 173
48 125
69 191
123 126
123 144
29 48
61 154
15 158
17 136
10 112
120 189
51 60
49 115
111 186
66 137
119 143
17 144
1 11
52 95
82 106
104 175
151 175
66 161
85 99
16 67
80 151
153 181
100 183
52 188
90 139
179 193
105 123
84 111
101 152
87 95
52 176
71 104
60 154
2 20
123 179
141 158
141 191
1 109
16 191
12 98
72 93
26 122
134 157
155 157
55 88
99 125
9 138
37 143
1 60
53 153
90 128
120 169
50 86
56 186
22 77
7 115
95 162
22 127
60 66
13 124
63 152
5 29
107 180
105 150
9 71
157 169
24 151
65 175
42 113
5 23
171 190
111 123
4 126
160 175
6 28
100 135
4 37
31 111
20 37
73 130
148 176
25 124
25 81
1 147
112 172
3 105
75 188
127 189
95 130
160 187
17 135
51 54
9 66
12 112
15 34
63 178
150 175
3 146
27 158
47 187
43 87
92 137
53 160
65 188
72 146
62 158
25 156
40 104
96 110
65 111
38 79
5 35
16 131
51 100
66 96
70 163
1 94
67 178
57 146
24 109
25 29
2 100
28 104
28 62
29 109
92 108
123 193
10 183
12 127
72 154
152 155
53 54
66 154
50 103
30 61
47 110
29 89
45 104
146 167
5 30
38 141
51 83
116 157
63 73
46 143
91 161
45 183
23 34
73 121
58 151
39 85
50 69
7 155
127 184
95 124
70 158
143 184
46 102
5 20
150 153
126 164
88 130
52 97
45 158
88 118
83 116
142 171
36 41
146 154
33 73
69 120
27 93
6 136
169 170
15 192
36 86
152 193
75 94
89 183
40 119
148 158
95 169
26 187
155 184
34 88
8 43
120 170
25 188
48 166
152 189
58 135
94 122
123 137
2 93
48 175
73 186
5 62
19 163
84 122
167 182
57 73
102 160
98 149
84 141
149 163
49 100
10 188
66 188
157 191
79 111
72 160
113 156
34 95
77 84
16 86
23 141
0 4
47 124
97 187
79 108
6 152
107 186
125 163
88 131
137 158
76 163
123 160
20 83
142 164
96 145
13 61
129 175
129 151
10 30
99 102
13 94
80 86
121 167
70 119
10 81
18 134
10 149
127 151
29 165
71 99
21 65
65 191
104 124
5 185
37 115
45 87
64 68
33 148
57 130
118 187
64 165
71 119
30 124
155 158
22 150
87 101
104 131
34 123
120 193
18 164
86 130
98 188
121 157
99 175
154 174
12 154
133 150
27 30
22 104
118 129
2 42
130 192
168 189
31 186
106 147
58 70
38 116
91 122
1 183
108 187
53 118
115 183
94 188
92 160
24 55
52 66
123 141
67 68
2 68
152 157
22 69
153 183
77 189
106 178
18 193
67 192
63 174
90 116
104 178
124 135
119 188
96 121
67 69
16 40
11 150
61 77
134 170
18 163
75 174
146 153
138 183
12 78
142 193
135 181
29 97
123 138
36 96
7 17
164 188
107 135
41 66
8 14
9 75
165 169
122 141
73 162
20 141
36 46
115 167
38 57
87 187
1 99
128 186
40 158
100 138
24 177
130 166
52 125
128 155
23 70
34 129
80 159
7 146
6 68
147 179
71 103
136 174
34 55
16 57
32 73
74 146
23 86
104 185
55 111
59 184
3 36
133 164
30 170
146 159
78 130
68 97
165 171
130 157
46 75
37 152
16 60
132 158
34 156
102 168
21 89
43 160
57 65
39 64
154 160
20 175
165 187
21 143
84 150
52 70
77 126
4 74
10 86
16 36
71 165
38 117
25 136
52 87
5 101
99 109
70 136
124 177
64 78
43 79
50 79
39 130
33 152
130 164
44 75
61 130
88 145
0 184
10 165
28 35
93 152
59 175
62 78
43 183
32 158
11 71
85 129
141 185
75 125
81 172
2 17
19 142
54 112
39 131
89 116
15 189
49 150
118 164
180 193
105 186
33 76
18 192
9 48
1 160
29 66
4 180
176 180
82 142
114 192
0 164
29 157
51 153
40 162
69 161
91 156
57 179
99 174
34 59
7 59
0 44
70 161
97 141
22 84
71 92
42 97
43 141
32 68
97 120
146 149
110 143
76 141
88 122
34 89
109 140
127 175
24 167
22 162
160 163
117 130
16 78
141 187
24 118
144 182
15 81
37 41
42 98
133 170
27 52
56 188
72 121
65 170
8 99
162 187
159 164
55 159
139 192
58 122
127 183
53 82
11 189
69 139
27 149
87 163
126 156
33 168
11 68
106 192
1 58
58 174
10 11
4 30
18 146
121 176
56 123
42 69
106 152
104 141
74 134
116 176
37 97
88 132
40 52
49 125
19 40
54 93
91 137
13 134
35 119
81 191
16 193
38 153
48 117
68 113
66 140
117 118
98 176
6 19
31 138
24 64
61 184
157 179
103 140
93 186
104 133
41 120
24 81
79 83
115 192
51 127
115 122
120 133
49 69
114 121
54 71
19 105
57 142
20 181
47 50
98 133
8 114
62 91
10 129
77 156
54 88
14 183
162 165
41 125
57 183
48 83
44 163
144 158
36 51
128 164
15 118
40 111
2 61
134 136
171 177
59 192
39 106
130 170
97 185
45 59
2 80
30 67
33 92
32 55
84 119
4 178
88 96
179 186
15 105
5 52
174 180
6 131
68 174
1 171
9 148
71 152
29 108
78 173
50 125
63 189
97 188
154 175
87 104
92 113
16 92
40 141
89 184
115 169
71 100
95 147
23 30
84 103
132 169
82 148
29 175
14 175
11 159
60 159
81 105
74 154
80 98
0 193
136 149
8 35
18 171
53 168
154 184
90 92
94 105
38 54
26 179
13 157
6 139
83 126
42 185
84 102
74 107
121 126
134 149
57 88
8 173
60 86
48 113
19 68
63 76
104 145
43 55
17 84
1 193
25 28
12 114
65 193
93 111
132 148
98 189
32 156
72 153
10 41
107 183
73 96
8 178
89 136
115 145
140 176
68 90
102 104
16 132
12 107
36 185
32 78
70 76
36 137
94 129
56 162
109 164
182 191
68 186
75 84
75 187
38 99
125 152
84 158
9 106
8 61
145 174
129 179
74 120
40 85
109 183
25 76
26 124
76 123
12 42
132 192
38 138
46 188
98 129
109 146
2 138
51 112
