201
11
4422
60
70 2
77 2
74 2
88 4
69 2
81 3
80 3
88 1
66 4
87 2
89 1
89 1
71 4
77 1
84 2
76 1
84 3
69 4
92 5
82 3
79 2
85 1
70 3
97 5
79 2
96 1
88 5
84 1
91 3
67 4
83 4
74 1
79 1
77 2
96 1
69 2
78 5
88 1
77 2
82 4
96 4
74 2
96 4
88 2
87 5
94 2
68 2
86 5
79 4
69 4
84 3
78 5
75 2
79 2
79 4
81 2
75 2
70 5
95 3
75 1
80 4
88 2
77 3
97 1
68 2
86 3
89 4
69 2
72 5
94 3
66 2
84 4
74 1
80 1
75 3
85 4
88 3
74 2
86 1
95 3
86 5
80 3
73 4
70 2
71 1
79 5
78 4
71 1
86 1
88 3
85 4
69 2
91 5
70 3
93 3
91 2
92 2
68 4
85 5
88 4
85 2
76 4
67 1
76 4
67 4
78 3
83 5
67 5
76 1
92 2
67 5
77 3
86 3
74 4
97 3
68 3
66 5
68 1
84 4
75 4
97 2
82 1
68 2
92 3
93 4
95 3
68 2
75 3
78 2
66 4
95 4
71 1
82 5
89 5
78 3
73 3
81 5
80 2
77 3
90 5
93 4
96 1
71 4
69 5
78 5
72 4
71 4
90 2
83 4
93 2
91 3
79 4
83 3
88 1
66 1
70 2
70 1
87 2
86 3
89 3
73 1
94 2
89 2
68 2
75 1
69 5
74 1
67 4
67 3
73 2
84 3
78 2
94 3
78 4
95 2
95 5
94 4
73 1
86 2
79 2
78 5
78 4
95 2
75 2
76 2
96 3
91 4
97 3
83 4
87 5
68 3
71 2
82 5
69 4
89 4
93 4
88 1
93 4
91 2
80 2
90 1
63 160
5 149
17 53
108 115
129 157
28 59
5 174
5 47
22 73
143 157
25 164
120 165
42 45
6 76
18 134
122 175
53 116
118 192
0 60
38 159
124 130
50 85
49 108
124 166
89 94
87 163
70 116
41 114
46 65
114 200
101 154
90 172
27 196
118 136
26 122
127 188
37 193
133 170
28 108
72 150
8 140
78 164
46 61
3 61
32 54
53 193
72 153
47 183
64 73
61 144
2 67
52 185
40 153
68 90
83 128
23 169
59 140
102 180
42 75
194 197
10 145
153 168
116 144
128 142
64 95
57 136
69 186
55 58
177 192
125 189
17 122
129 148
59 143
122 169
74 116
23 54
50 125
7 22
132 139
60 93
42 92
9 54
124 133
120 135
86 158
41 189
35 72
3 92
41 184
101 102
124 194
61 164
186 187
70 124
131 163
33 90
24 136
9 136
49 130
39 80
106 112
40 104
34 55
187 196
51 107
75 149
18 200
4 186
31 124
121 161
36 123
100 147
96 108
156 191
122 128
28 173
110 133
38 53
156 163
45 108
32 151
152 172
27 170
139 149
62 162
4 102
55 183
38 109
17 131
100 174
4 97
46 153
25 86
63 150
52 73
38 102
55 122
12 14
96 102
101 145
16 28
158 159
18 146
21 110
40 65
114 134
8 134
132 170
77 110
117 129
130 168
10 140
76 181
133 189
3 161
6 193
73 114
59 153
74 76
125 164
76 149
44 171
6 58
91 157
24 156
10 195
1 158
15 60
162 194
147 163
9 93
53 101
34 160
93 131
106 181
31 100
14 104
98 102
63 195
33 39
22 32
53 73
49 129
7 130
143 144
11 133
88 168
112 178
62 87
13 200
14 160
9 179
22 185
180 198
15 154
22 56
126 127
172 192
3 122
8 103
8 122
133 173
48 116
19 179
26 106
72 126
110 144
141 179
127 150
147 192
136 161
96 118
4 29
1 161
128 186
9 91
93 177
189 197
91 154
26 53
158 193
156 178
43 123
55 87
56 170
76 78
97 174
118 186
9 24
88 189
49 83
71 198
38 44
95 112
70 92
50 127
117 135
8 123
27 128
106 175
161 162
85 200
14 184
9 115
15 18
2 137
115 164
49 95
84 106
3 82
128 178
156 174
104 127
110 125
11 96
168 198
173 195
9 38
38 96
74 174
102 148
109 171
26 171
57 69
26 57
16 86
89 187
84 148
13 105
75 168
31 59
2 135
67 155
52 190
90 145
49 50
99 164
55 198
18 64
20 36
60 113
75 185
63 196
64 118
43 183
88 137
132 169
74 162
125 160
39 107
74 183
24 59
64 133
135 199
42 179
34 105
70 176
147 193
39 48
26 196
183 186
155 180
157 166
1 91
41 68
178 187
142 179
33 158
52 67
56 131
91 126
48 194
125 155
156 161
102 159
111 186
49 152
44 135
54 146
25 35
15 140
119 132
104 137
173 179
77 186
59 157
120 199
85 183
9 106
81 107
158 198
24 28
46 47
58 152
116 119
53 187
102 144
41 180
81 93
8 93
11 135
16 58
49 145
148 179
110 123
72 199
82 167
24 187
91 170
2 134
108 144
67 168
37 93
144 199
3 4
186 189
27 145
67 126
74 112
27 142
18 160
28 77
58 153
94 142
120 169
110 168
77 151
64 154
169 179
149 197
89 158
18 65
1 78
145 157
197 198
103 106
109 162
43 127
108 143
68 126
125 169
31 188
47 72
95 97
106 114
35 191
13 51
40 86
126 135
75 148
29 170
64 139
113 152
51 165
104 126
94 101
11 69
41 164
36 84
118 152
86 146
99 107
57 104
35 105
9 148
14 82
145 187
85 130
90 141
111 124
94 171
86 133
86 181
77 160
168 197
47 130
38 69
27 96
48 148
88 179
39 54
67 108
44 76
100 114
4 196
32 191
166 173
32 103
98 142
30 32
120 183
100 112
19 99
84 131
49 56
87 138
23 59
159 185
57 127
33 49
30 102
158 174
7 171
51 177
92 154
27 102
11 114
28 39
83 99
71 155
12 147
148 169
139 157
2 199
34 89
45 91
33 194
77 193
117 119
20 197
49 128
71 108
124 195
61 148
18 110
46 113
34 41
16 175
97 169
133 150
47 189
107 121
14 169
190 197
75 137
52 197
18 153
68 125
54 161
76 134
44 111
118 176
7 70
59 137
52 186
174 186
28 61
104 200
41 77
70 191
98 133
30 191
5 97
72 120
34 44
133 141
40 116
1 28
132 200
29 114
17 180
163 164
152 163
142 182
77 190
1 179
134 191
103 132
68 109
71 196
18 184
85 100
60 66
114 128
47 58
13 24
5 64
89 108
76 109
19 144
7 34
11 67
46 135
39 52
49 170
61 121
71 184
166 181
154 186
143 173
86 109
12 98
22 37
67 154
105 119
4 9
91 191
67 109
155 182
137 152
127 192
17 147
139 159
60 80
61 126
52 161
70 99
4 62
105 130
2 146
25 92
76 111
34 58
116 146
73 132
88 173
11 68
114 140
84 175
9 78
114 176
18 61
56 128
51 72
162 184
63 70
24 119
50 150
115 160
72 118
141 148
6 32
55 102
62 83
56 75
70 95
70 148
37 171
35 163
23 156
43 198
29 87
8 166
13 164
101 109
18 170
22 187
142 194
34 43
54 143
8 165
53 143
16 84
77 106
81 174
122 150
21 153
25 79
74 179
32 132
46 166
67 146
12 168
78 127
112 141
85 98
99 198
80 106
8 132
97 122
42 48
36 106
72 109
86 141
83 136
99 121
45 69
20 103
115 183
19 94
161 177
2 165
153 163
3 198
29 79
131 146
43 48
49 123
8 31
72 107
159 179
138 189
102 182
12 171
75 155
60 146
84 128
136 187
83 173
28 110
4 134
17 18
34 166
57 176
42 84
134 165
65 128
16 81
2 18
61 104
4 103
53 77
38 113
144 148
55 148
31 160
79 169
114 196
105 143
4 55
49 140
88 149
35 104
74 132
0 16
11 185
52 114
4 190
79 171
98 160
21 107
175 198
91 181
42 124
61 94
22 161
120 170
131 173
51 167
37 102
169 191
29 57
0 37
30 156
51 54
32 156
111 131
50 59
122 200
95 153
56 154
58 159
180 184
38 194
3 50
106 120
100 144
30 106
105 196
34 82
157 158
33 38
29 152
46 170
43 181
73 169
106 172
11 113
119 180
80 131
36 92
95 138
0 48
74 177
145 165
81 180
74 191
158 187
81 94
35 157
35 122
60 193
38 70
80 188
86 145
101 130
25 101
35 87
14 22
122 198
95 155
31 180
142 150
48 58
19 23
82 112
137 159
141 190
105 132
77 130
30 142
60 142
113 119
110 191
55 85
73 154
59 196
55 99
103 196
142 188
157 190
28 159
48 149
100 122
1 144
62 179
22 27
16 80
84 164
23 115
47 79
78 151
94 194
20 54
127 189
79 199
28 170
18 158
7 103
134 164
171 190
0 197
10 170
35 95
40 164
17 194
80 86
42 180
87 95
48 152
33 105
79 173
160 174
65 145
18 62
153 174
86 90
57 90
112 200
121 188
23 148
61 105
61 89
133 197
18 178
24 144
106 179
79 161
17 148
45 79
33 34
5 167
0 77
81 183
34 42
101 183
25 106
11 169
172 195
45 90
71 115
100 145
5 86
130 145
106 158
124 131
110 181
115 136
75 179
77 171
66 137
22 46
75 91
4 90
59 116
3 68
66 185
174 182
189 198
50 61
50 103
120 145
20 85
103 146
0 180
25 69
25 85
88 190
11 178
8 136
119 130
46 189
88 142
157 185
34 173
151 184
105 113
39 193
12 165
37 59
104 153
71 130
64 144
14 92
15 164
16 39
51 133
32 66
134 155
4 51
59 128
16 26
27 56
106 194
64 186
60 76
48 64
28 106
130 163
193 199
15 166
22 70
25 109
46 63
10 30
63 123
33 68
115 179
162 177
105 135
5 123
13 181
62 156
112 129
32 120
92 100
28 117
10 61
11 55
160 175
31 35
45 152
94 185
85 153
127 141
6 40
74 93
2 61
132 158
154 173
40 169
52 150
3 6
69 105
53 62
46 101
52 125
15 87
94 160
134 190
30 144
62 154
11 121
111 187
54 108
82 143
28 180
47 193
54 78
134 200
18 77
23 86
13 180
115 165
53 59
7 56
61 117
98 134
133 184
2 147
30 181
17 100
91 115
21 80
159 188
29 31
45 177
139 191
109 183
26 167
19 105
80 200
96 106
27 28
2 11
52 80
49 188
26 182
114 169
26 164
6 14
24 62
118 188
26 49
40 171
27 199
22 126
150 153
57 153
87 171
5 136
25 187
154 187
188 195
2 51
20 168
46 122
65 112
53 180
9 31
82 141
38 48
16 111
66 75
41 166
92 193
75 196
1 157
24 194
4 42
71 144
91 187
10 144
30 135
85 89
67 90
129 138
8 158
117 165
63 113
137 198
66 111
88 96
81 86
71 136
26 51
44 197
30 34
30 74
66 71
37 178
78 103
52 158
67 69
151 162
14 185
37 131
34 134
96 196
19 159
21 121
72 143
116 143
144 170
167 199
3 16
66 178
157 161
47 178
20 97
133 164
136 153
19 35
46 176
42 129
113 184
37 182
3 172
78 80
101 173
16 169
58 95
121 129
16 17
66 79
83 188
41 65
134 172
56 130
21 196
49 88
10 60
56 86
12 86
24 145
34 165
93 187
8 100
32 141
23 184
119 121
15 52
7 69
62 147
29 123
58 155
26 160
22 68
15 37
119 152
23 84
3 40
23 77
25 59
4 175
4 106
87 156
9 88
9 197
105 171
91 146
44 169
77 159
13 143
98 191
106 193
85 156
13 46
79 118
105 169
85 135
52 124
85 196
11 38
35 133
36 133
41 182
39 145
38 104
61 86
98 130
45 164
5 34
78 178
48 52
58 154
71 163
92 176
17 171
144 163
190 193
141 182
129 158
26 74
6 140
40 62
91 121
129 164
28 66
47 123
9 171
55 175
29 142
99 126
19 79
50 139
16 156
97 126
4 114
170 174
28 38
120 147
22 85
79 107
76 146
10 42
34 38
83 123
111 166
167 171
90 108
4 14
39 178
146 153
79 115
122 160
76 140
56 109
11 40
123 133
19 163
128 183
27 93
13 133
95 127
16 54
89 168
20 193
0 15
137 139
10 174
87 148
146 171
72 83
33 51
136 186
59 79
107 160
114 117
111 134
14 98
48 97
109 118
128 180
17 75
95 141
61 139
147 160
162 163
67 183
63 93
95 120
35 172
25 177
4 119
155 177
88 101
128 131
24 121
16 196
109 115
82 137
55 157
119 165
67 83
68 158
100 198
110 140
104 150
39 93
1 191
2 120
107 170
83 165
91 136
61 107
15 139
116 147
73 109
28 116
52 131
86 105
36 105
104 135
54 97
9 112
171 177
31 168
22 52
65 198
0 32
48 134
20 146
64 194
54 103
23 167
53 186
21 175
22 159
38 103
69 188
1 169
57 130
68 134
51 52
116 166
4 18
12 158
63 95
87 185
180 181
15 44
29 84
168 169
4 170
46 116
61 112
84 114
1 127
132 166
26 138
80 101
131 189
44 55
24 186
186 188
130 177
55 90
82 133
36 191
54 94
66 129
22 155
83 117
71 189
32 49
117 172
53 92
104 192
71 143
123 128
11 99
63 79
28 184
23 58
22 167
13 153
46 150
27 39
23 123
33 87
97 160
27 52
55 169
85 125
47 150
74 94
24 128
53 54
153 180
54 166
108 129
141 176
155 167
74 167
36 134
16 116
2 66
103 178
63 101
48 185
81 170
112 140
109 117
92 146
44 47
144 162
26 118
114 179
105 183
174 181
77 176
18 181
29 157
113 145
140 182
115 193
53 161
80 90
106 118
115 119
5 23
80 179
59 117
171 187
73 188
136 183
83 111
110 141
67 86
3 174
33 53
128 179
0 67
50 170
9 149
141 144
35 156
12 173
142 166
150 193
133 185
151 188
61 100
60 172
37 126
9 177
83 87
70 151
65 98
19 120
14 168
81 175
60 109
41 81
0 125
108 147
170 184
19 28
146 173
115 198
47 109
81 89
0 11
60 77
58 135
14 145
60 143
47 67
36 76
33 181
78 105
99 160
86 119
53 100
148 188
80 144
120 161
117 141
20 96
155 192
71 91
121 146
153 179
11 146
13 137
51 124
66 112
24 120
101 117
87 121
53 200
85 165
59 176
110 200
66 160
8 177
14 50
24 195
19 73
117 156
8 178
8 110
12 189
76 95
90 102
55 105
61 131
169 193
125 167
42 190
17 59
112 180
66 85
37 112
17 127
121 177
116 152
0 119
120 175
6 22
153 175
33 142
164 180
134 141
1 138
51 95
137 188
73 145
59 84
65 179
64 76
91 144
42 70
24 30
5 109
39 142
57 186
16 30
33 70
12 77
171 182
108 172
52 118
118 121
92 150
35 37
2 191
50 104
124 191
91 92
11 92
113 133
16 164
54 167
58 102
3 147
54 76
50 93
4 110
83 112
165 192
51 70
62 130
34 119
17 60
102 177
125 193
138 150
10 68
36 120
166 176
16 104
45 181
128 158
60 89
183 188
9 116
64 160
5 125
163 168
89 179
47 126
45 174
22 143
46 56
112 156
15 66
114 180
62 164
92 184
51 134
63 188
91 161
45 86
49 84
52 142
18 187
21 182
109 140
113 132
38 197
21 50
9 49
0 177
181 198
105 184
140 199
29 103
104 147
76 195
19 37
44 101
20 39
22 87
90 166
170 175
3 9
43 117
43 59
14 41
77 139
49 121
54 120
73 166
0 51
153 189
15 148
99 122
9 26
27 35
16 76
64 97
30 174
123 153
127 131
75 121
101 170
86 150
58 145
93 147
98 184
16 127
114 161
145 189
156 180
0 126
127 197
57 72
24 129
133 163
162 200
41 58
10 94
0 106
11 17
81 121
114 194
40 76
10 120
130 198
14 89
155 188
34 184
22 149
124 159
140 184
192 194
153 165
66 76
101 184
8 86
90 132
2 114
36 142
98 185
25 81
81 113
59 141
49 93
49 111
39 125
57 155
110 155
150 194
13 40
111 191
100 104
65 110
47 136
123 196
36 182
77 123
14 86
102 166
35 144
82 182
16 120
1 153
92 132
12 101
86 190
162 189
131 155
20 99
10 178
25 57
67 181
47 163
95 176
64 182
99 185
136 200
34 131
82 197
103 198
135 157
26 31
144 195
74 186
15 169
67 129
66 127
49 173
71 81
51 156
55 103
51 173
81 136
22 114
8 85
0 88
2 17
67 139
107 189
5 165
78 126
135 140
46 96
45 65
8 10
19 74
62 148
55 79
115 188
76 94
20 49
65 190
34 98
33 145
59 198
153 156
82 88
67 187
128 170
157 180
24 56
46 121
67 150
10 151
70 87
8 199
40 129
13 113
44 65
66 181
107 108
158 170
50 72
42 172
186 194
123 195
24 190
127 146
35 88
85 190
19 41
10 146
176 182
32 80
30 146
139 164
16 101
152 188
20 69
14 27
14 157
91 122
3 19
131 186
25 179
48 75
10 17
25 189
149 163
117 178
120 141
15 165
48 192
74 154
98 177
15 30
40 188
22 125
15 197
17 86
30 151
11 200
161 163
134 157
63 122
161 181
24 142
88 139
75 140
26 165
58 147
12 191
69 75
134 198
109 163
46 177
89 152
37 187
5 141
112 175
98 137
20 43
23 75
91 139
124 145
50 188
14 45
94 162
129 130
106 141
85 169
10 59
156 159
36 81
85 141
58 99
8 187
132 191
17 114
102 145
149 174
66 152
82 117
9 188
122 185
40 132
69 84
96 125
38 184
103 147
94 163
164 198
79 153
72 99
34 154
86 177
51 96
6 166
160 185
16 71
80 104
12 130
77 124
128 181
115 140
58 184
29 76
149 195
30 128
55 121
10 156
53 112
45 193
87 108
175 182
63 189
126 168
45 106
111 179
106 119
37 198
8 56
28 84
69 113
147 175
43 197
51 175
60 134
77 109
22 118
35 92
90 148
26 59
136 144
37 186
51 59
117 179
147 157
77 144
86 135
14 97
62 153
63 157
39 99
142 197
63 77
55 107
106 185
81 154
58 123
11 130
67 124
20 24
32 145
91 145
39 63
15 187
69 141
21 84
85 170
62 140
30 56
86 184
17 135
65 162
132 174
66 151
171 175
47 176
29 107
62 176
33 85
119 187
12 200
19 71
52 153
78 193
146 199
13 77
16 190
123 158
104 125
72 93
22 189
54 127
1 166
37 88
44 58
74 190
93 108
99 138
63 167
28 145
0 55
54 71
145 166
78 102
134 185
7 159
36 102
109 133
9 174
97 179
30 152
101 147
128 133
96 164
39 98
64 155
109 155
65 158
82 91
119 156
88 140
53 69
82 183
80 125
1 193
5 196
11 76
170 195
7 62
67 163
134 175
78 118
90 157
22 182
117 200
104 193
130 135
9 128
82 85
28 86
57 128
23 163
84 145
181 182
139 150
71 150
112 179
116 135
13 174
71 139
66 93
30 68
15 101
103 167
161 192
38 120
83 109
52 68
60 153
22 89
12 110
26 168
59 155
127 134
20 188
57 93
21 77
9 77
12 145
9 40
96 112
10 29
33 129
134 156
58 89
29 93
74 137
35 134
5 154
65 93
45 168
173 192
9 10
62 151
110 112
78 145
33 98
39 96
15 25
99 139
33 147
48 165
68 79
17 133
82 180
68 170
54 70
88 113
71 98
130 159
103 186
95 126
37 185
10 67
76 135
43 55
73 118
87 190
33 162
151 196
30 167
45 166
44 157
47 81
109 181
62 138
133 151
102 123
60 71
29 85
16 165
122 152
127 200
35 64
85 119
160 198
93 153
42 74
71 174
15 156
4 176
113 182
30 178
54 63
117 163
65 182
25 192
105 173
50 62
28 185
100 113
44 81
62 102
37 156
53 71
20 51
44 183
54 136
34 156
14 159
2 30
131 142
50 167
152 173
133 175
32 79
99 143
51 166
28 85
25 61
0 74
43 188
16 112
38 191
51 199
29 36
0 142
38 155
91 186
97 167
17 102
18 132
93 197
15 42
16 151
47 80
103 143
39 113
34 84
10 97
73 193
15 182
57 123
59 146
57 138
33 80
121 191
18 70
78 156
95 118
0 62
120 189
60 170
115 121
1 74
9 16
175 179
8 141
69 140
18 166
12 183
50 154
74 92
19 89
75 142
59 172
126 179
34 191
91 93
31 61
124 184
116 138
47 87
26 44
115 118
43 112
12 180
104 191
52 174
164 179
21 45
68 183
28 45
21 89
39 56
39 117
73 165
100 148
14 180
5 24
63 81
138 166
97 158
50 160
59 147
60 130
19 39
54 192
151 182
65 180
27 48
34 115
128 169
90 167
13 94
103 130
50 67
14 176
49 64
113 169
104 166
112 122
58 171
149 164
60 91
45 173
79 194
23 198
111 182
83 84
21 179
115 172
96 137
28 164
21 172
62 150
24 175
14 131
41 73
65 171
87 186
18 196
133 192
95 164
96 156
107 154
94 99
67 142
32 183
8 127
110 187
64 147
136 190
72 112
98 157
35 71
30 108
28 119
40 58
110 126
48 142
72 117
122 153
34 176
41 91
27 44
66 125
80 124
84 93
111 138
58 166
116 196
106 110
150 161
41 186
72 181
136 159
41 70
25 44
170 199
7 8
15 85
77 91
6 181
129 170
87 115
174 189
77 180
76 191
29 94
143 148
2 15
65 157
126 152
93 167
6 112
28 139
58 189
44 74
96 135
51 172
148 192
98 165
22 109
18 76
40 138
8 167
144 186
159 162
99 173
9 131
27 154
78 131
101 195
101 159
0 21
39 147
42 188
27 189
69 89
95 151
162 182
67 70
90 180
53 55
57 62
121 196
14 193
34 137
70 136
16 89
129 133
100 188
149 168
2 139
145 155
19 138
12 115
16 137
92 110
121 139
115 131
61 177
129 143
154 188
18 126
51 62
131 145
22 30
26 154
59 112
20 139
10 143
77 162
53 164
19 148
20 35
53 189
16 92
33 120
67 92
90 151
149 182
66 96
6 67
19 155
7 123
6 109
70 130
119 141
122 140
5 172
29 90
3 74
166 172
4 30
97 115
9 18
47 110
38 193
48 73
74 105
163 196
47 77
75 114
37 135
101 151
103 192
173 184
1 96
164 175
3 34
195 199
17 66
79 110
54 84
185 189
3 81
77 105
169 184
74 136
74 148
68 162
87 169
63 126
77 116
106 116
2 22
46 140
106 196
83 140
97 172
58 142
115 155
100 133
44 117
1 21
59 200
87 193
191 199
66 179
15 115
44 119
156 179
8 114
23 190
43 88
103 121
33 37
81 168
68 133
103 169
144 167
79 145
153 157
40 200
79 122
165 190
3 31
174 197
95 125
39 173
6 188
136 199
11 50
3 143
103 109
116 151
117 182
97 111
59 182
136 142
8 144
99 162
92 95
20 171
69 160
160 186
171 185
15 102
52 83
98 103
35 39
96 129
134 135
62 96
153 191
68 104
26 50
57 74
138 190
146 197
68 176
27 65
157 192
173 177
80 107
32 59
18 171
11 198
0 172
88 120
65 79
160 177
36 163
101 158
24 185
10 65
90 142
59 60
102 107
65 103
102 152
36 170
140 151
64 153
38 64
56 139
26 193
70 133
25 195
139 147
40 118
51 90
45 185
62 192
33 197
9 47
1 76
143 155
32 37
65 199
46 132
15 112
100 109
112 145
23 39
27 46
84 126
152 194
34 79
25 56
60 62
159 177
0 107
80 91
42 101
10 90
113 123
14 109
14 128
90 159
60 124
129 177
8 29
148 166
27 50
64 167
23 136
46 190
140 183
9 127
32 104
109 129
29 161
27 191
60 160
92 144
151 157
92 153
10 184
139 156
100 120
1 136
139 166
77 156
37 55
67 105
10 165
63 135
189 200
114 145
96 134
93 95
28 169
164 173
44 129
40 196
77 175
51 104
21 127
64 169
62 77
47 57
39 155
61 72
116 169
10 41
2 23
17 197
29 47
167 197
16 90
16 149
188 196
139 176
14 42
27 43
81 165
2 48
82 153
40 179
20 83
74 187
16 19
156 162
1 178
111 181
10 92
33 115
93 152
32 128
119 142
87 99
58 168
22 190
106 168
60 120
37 89
112 115
47 144
124 160
24 161
63 163
102 150
12 102
112 191
122 147
41 74
23 26
29 196
68 186
64 138
167 177
6 184
41 97
109 114
80 170
65 73
144 146
69 79
10 44
1 143
37 191
127 183
33 155
9 192
60 115
35 76
9 89
110 132
92 162
54 87
24 133
10 188
79 131
79 166
153 184
116 128
33 168
103 190
15 88
99 102
144 198
19 77
87 189
68 182
6 191
10 39
23 192
114 199
80 127
51 63
144 165
6 75
11 177
80 147
2 105
101 193
51 141
122 165
150 184
194 195
18 54
77 79
14 95
39 191
55 192
104 177
103 195
15 71
20 172
126 164
97 124
10 26
64 106
144 161
73 150
55 92
21 105
103 141
50 52
187 190
7 42
63 100
9 74
102 158
68 129
42 115
178 193
71 190
60 84
63 87
43 144
35 59
66 90
41 174
78 123
69 172
46 119
163 188
2 178
69 128
34 186
105 197
60 88
43 122
90 165
56 158
78 150
64 152
129 167
48 119
2 44
58 134
75 125
114 188
82 152
155 200
154 170
72 195
33 117
45 110
117 120
167 192
40 89
87 184
20 64
34 87
3 14
3 58
74 113
10 54
56 97
82 118
56 78
127 190
35 155
143 171
124 152
62 65
5 22
23 121
150 165
135 198
92 165
6 23
18 80
29 99
157 171
64 188
7 142
104 179
81 128
58 61
9 48
43 157
141 159
134 154
4 44
91 159
91 183
106 190
77 174
43 151
158 185
101 129
55 120
25 28
1 24
45 61
24 86
44 121
64 129
4 149
76 171
10 84
25 148
7 118
88 118
28 102
59 80
52 188
51 158
75 180
85 126
62 200
112 193
45 180
65 87
104 151
5 126
159 187
115 150
40 107
15 189
49 168
12 144
3 77
36 65
52 60
12 196
8 76
1 88
137 153
123 172
102 162
55 195
94 120
96 99
62 104
97 193
32 97
8 126
41 154
120 129
130 141
125 161
74 107
27 143
138 142
60 137
52 74
10 150
27 80
52 162
76 199
2 154
91 113
121 145
0 64
61 151
103 191
12 133
140 187
31 119
28 147
90 100
24 96
28 93
6 118
40 124
76 97
47 195
21 183
41 110
43 182
45 188
115 153
66 67
35 114
135 153
62 85
16 145
119 182
82 98
57 180
60 116
99 135
26 136
30 44
8 32
42 87
126 128
51 88
129 172
37 103
26 155
184 185
110 189
17 177
128 166
22 60
146 190
70 96
61 74
32 101
76 141
13 142
0 150
38 192
67 177
15 125
66 148
33 151
26 179
47 155
1 65
93 127
97 139
59 191
38 100
96 169
4 112
68 88
50 192
36 180
100 127
4 6
24 70
9 76
135 180
64 178
166 170
88 104
3 144
46 136
92 141
115 174
6 124
61 159
72 136
20 169
23 50
69 142
82 119
143 167
69 90
39 175
106 138
37 75
37 115
10 25
11 77
57 135
57 122
71 200
88 103
23 153
83 170
139 193
79 128
67 147
75 119
82 158
71 124
47 186
73 122
49 161
57 198
31 123
125 157
34 37
27 66
50 137
136 165
45 113
42 77
96 139
78 169
21 94
68 166
156 193
34 149
38 178
70 200
118 163
17 112
99 170
102 125
2 150
2 186
101 127
7 136
82 166
44 95
149 196
75 106
42 72
46 137
57 147
23 42
52 63
33 124
92 99
87 109
72 139
6 52
68 93
64 69
43 113
21 82
114 118
32 81
30 87
66 99
99 119
5 156
46 152
7 74
131 199
71 146
6 65
11 110
4 128
81 169
32 188
80 95
98 111
54 160
98 178
57 178
27 42
13 83
40 94
80 174
168 187
177 179
65 176
72 98
25 154
1 162
54 134
25 200
95 172
43 152
93 99
117 136
62 155
94 199
37 70
141 187
84 154
54 83
93 173
13 184
70 111
42 123
0 200
96 114
6 200
97 105
28 83
18 165
105 125
55 171
151 173
20 161
39 194
78 142
20 158
6 19
69 93
84 173
36 79
102 124
32 65
64 171
117 177
134 163
139 192
123 184
71 110
40 78
30 161
23 46
108 165
139 163
18 41
105 158
117 131
45 189
5 56
71 80
58 136
177 183
137 143
192 199
35 126
32 58
46 173
4 8
33 59
5 153
2 89
109 167
27 49
37 66
31 176
115 154
86 161
32 199
32 140
85 109
130 185
19 157
66 133
25 155
165 200
39 58
17 117
40 166
5 36
86 97
98 196
156 168
155 198
48 154
55 114
33 153
50 148
21 52
102 186
18 169
0 124
18 105
124 200
29 53
67 200
32 90
109 195
22 135
18 192
97 155
111 188
140 192
26 98
3 10
177 196
47 146
63 72
105 129
19 108
16 185
1 11
18 155
58 190
9 19
43 140
35 40
50 181
109 142
89 128
21 150
125 126
133 153
176 198
12 140
44 187
35 96
108 126
16 133
50 89
28 98
22 195
116 188
117 167
4 92
131 175
56 190
45 187
124 161
19 189
17 73
57 110
91 124
55 70
118 126
68 100
48 126
122 168
134 171
17 26
95 160
83 115
54 172
82 93
80 142
4 187
18 97
155 169
59 95
58 118
183 198
81 98
41 90
59 130
81 199
175 195
75 171
81 140
176 180
67 115
41 49
44 151
34 107
10 137
72 111
114 183
110 163
83 168
14 30
47 98
3 132
60 103
129 156
99 161
7 86
111 121
106 144
7 89
18 92
29 67
18 55
144 169
70 199
3 99
173 186
31 77
23 146
72 194
84 113
114 187
58 93
96 178
56 124
82 83
82 106
97 180
1 48
12 126
123 192
152 189
3 32
36 75
91 177
83 127
175 177
17 183
112 164
46 182
17 123
1 43
89 162
7 107
128 194
5 65
65 121
23 48
53 173
7 25
132 195
49 142
1 185
103 160
131 190
45 131
22 83
23 78
81 119
170 176
13 132
54 181
118 181
128 139
74 178
108 195
11 123
133 174
174 183
147 153
3 47
92 170
3 35
49 96
30 184
68 167
96 154
13 165
6 68
50 149
139 200
60 98
140 156
74 193
89 126
4 89
101 139
48 141
90 170
50 130
22 35
105 144
10 159
86 131
22 44
90 110
43 81
98 163
42 197
175 194
19 198
16 168
60 182
78 165
110 117
44 178
107 135
7 48
73 148
43 89
62 168
14 68
68 139
10 191
37 120
2 160
2 177
100 170
123 152
161 200
18 127
81 127
21 124
81 159
81 171
17 62
3 199
114 166
67 132
12 75
74 127
39 53
10 147
23 152
78 195
104 190
55 78
145 183
110 152
108 179
131 172
45 68
15 39
11 196
18 157
169 176
76 183
54 170
21 26
114 137
4 182
24 90
69 155
35 168
27 171
37 181
26 113
43 98
51 131
56 156
6 70
128 188
84 158
20 82
44 168
15 100
123 200
25 184
129 187
10 117
119 168
116 118
76 121
64 142
11 91
147 196
97 100
85 171
6 141
11 158
36 90
184 197
47 174
40 141
24 148
21 40
35 70
9 144
117 194
166 189
95 123
14 32
48 124
115 127
179 200
100 190
18 143
58 195
145 151
29 86
81 102
1 152
12 143
59 104
30 62
6 37
17 175
34 113
36 99
22 54
31 109
121 171
120 193
16 188
31 186
4 45
117 139
14 102
30 75
35 136
71 185
54 173
40 102
112 168
90 192
3 135
19 127
76 132
4 141
86 123
41 143
22 191
66 74
8 152
36 109
10 160
0 34
50 128
89 183
128 164
13 116
54 113
102 155
44 193
30 137
9 130
143 194
71 192
11 165
19 106
61 110
54 132
20 198
89 95
84 124
105 146
18 151
21 144
150 175
16 114
109 111
46 89
124 171
159 196
17 186
73 147
17 48
146 177
116 160
22 38
142 177
3 179
10 129
70 74
109 176
114 130
107 129
34 72
65 81
93 175
59 62
68 187
4 130
49 171
28 88
23 112
63 172
120 133
38 126
160 173
44 191
114 147
23 197
9 161
30 60
186 191
79 179
45 170
115 158
19 118
48 195
28 177
0 132
52 169
32 112
93 126
124 177
51 130
19 195
15 59
47 101
167 172
33 113
52 61
20 23
5 192
39 103
80 143
41 75
153 190
56 105
129 144
69 131
8 157
136 156
112 186
6 17
76 179
40 175
144 153
66 104
32 184
150 163
61 63
92 191
154 164
34 132
140 176
89 188
128 149
22 94
43 83
74 83
82 101
43 61
83 120
97 173
49 87
104 156
33 179
114 190
25 87
56 110
64 176
60 169
43 133
19 114
148 177
10 136
128 151
74 182
140 144
85 155
53 63
111 162
85 198
100 117
10 166
59 108
13 125
28 80
32 50
59 92
138 188
50 118
113 164
168 173
58 162
11 90
29 167
36 50
34 138
182 190
20 106
5 108
12 149
69 101
4 180
111 190
10 27
160 176
13 47
56 187
79 198
60 151
199 200
84 140
73 170
158 191
76 144
94 131
22 134
11 141
34 192
18 183
102 160
137 168
111 149
0 173
174 200
33 65
6 165
122 193
48 199
27 47
39 129
16 183
98 159
19 110
72 145
6 126
0 28
84 87
20 179
54 74
8 121
22 144
6 88
161 186
43 45
4 53
73 88
1 116
130 197
35 43
66 200
141 199
18 131
32 100
61 75
107 109
14 138
5 176
113 121
74 90
5 158
12 154
31 81
16 23
62 165
79 94
30 125
73 185
16 119
0 121
51 68
119 197
66 183
22 49
7 97
73 82
20 200
152 180
72 133
34 51
108 148
144 159
21 51
28 67
7 160
11 136
14 155
87 93
89 165
122 186
24 178
36 159
25 171
59 106
123 141
28 47
3 175
70 131
87 152
108 161
41 84
115 190
152 159
15 65
12 179
99 115
113 159
83 189
79 162
154 191
189 191
111 176
60 75
77 145
34 163
112 181
73 197
8 160
16 61
61 150
39 121
34 143
59 175
130 190
50 129
10 63
100 156
36 46
29 147
54 152
13 49
67 194
159 170
30 200
34 150
79 106
53 74
11 23
56 120
96 115
36 40
89 145
21 23
108 139
166 168
85 143
115 123
49 192
192 195
28 33
88 124
187 194
119 186
24 134
7 181
150 158
55 150
78 172
84 117
127 179
181 188
49 131
36 189
112 150
19 173
38 172
105 140
48 85
137 172
79 125
141 189
131 177
102 119
68 74
13 59
9 97
47 185
40 49
197 200
15 34
58 137
160 200
158 166
36 169
12 148
83 196
9 155
81 124
39 73
5 142
51 119
30 53
105 126
85 117
25 135
177 198
5 70
54 102
108 120
157 188
43 77
42 138
49 68
136 160
92 160
99 167
137 161
51 193
149 194
87 174
47 147
27 77
24 109
100 110
76 89
78 144
44 172
60 157
98 155
153 185
58 80
62 128
57 151
106 180
69 174
57 182
75 141
139 153
29 195
162 196
129 171
75 109
61 183
17 65
18 197
157 172
13 197
90 124
141 200
103 137
47 113
29 126
69 168
37 138
18 82
104 196
36 37
120 130
137 173
134 152
93 129
117 161
2 155
55 136
116 163
59 99
49 94
26 146
73 85
53 179
146 189
12 63
157 184
135 145
60 126
137 147
35 60
86 170
7 83
49 141
27 169
42 91
2 200
29 191
179 184
33 79
124 196
53 120
26 62
55 166
59 68
147 172
117 173
22 184
24 81
1 54
73 106
1 36
67 75
76 150
62 90
111 199
66 166
21 192
43 111
42 98
107 113
177 194
1 123
57 103
34 50
38 165
130 157
40 127
35 142
94 166
19 43
137 160
103 114
61 85
98 138
81 191
93 192
133 177
91 184
101 176
79 100
57 163
73 181
110 173
0 194
112 166
59 111
66 135
157 197
64 84
64 99
2 119
134 199
25 147
89 123
104 130
103 172
63 166
90 186
59 81
1 105
28 79
135 154
98 119
42 170
62 159
43 87
21 103
175 191
17 184
31 159
117 127
5 77
52 166
58 173
24 123
160 195
87 197
37 108
64 92
126 140
117 145
9 17
9 75
119 129
44 87
48 184
24 43
81 135
15 104
34 200
8 79
162 185
78 108
108 198
150 164
182 192
103 158
121 149
32 162
67 171
127 130
68 80
108 189
2 78
111 151
167 182
18 107
0 122
41 93
122 184
88 133
27 30
91 163
50 131
94 112
97 189
110 156
29 113
142 172
107 119
172 184
6 91
86 191
64 127
7 100
77 165
32 185
20 160
41 153
38 196
41 52
109 119
128 171
43 57
33 123
94 156
145 186
62 131
26 65
92 111
47 117
56 66
15 176
169 180
57 144
114 160
110 124
26 121
35 68
71 193
42 134
121 164
173 196
33 78
133 154
60 177
80 103
31 58
126 189
4 57
59 183
132 153
78 140
6 115
79 192
132 164
106 122
75 178
139 144
19 116
27 186
119 162
134 149
49 82
10 89
78 146
100 200
66 122
177 178
45 145
60 189
41 117
34 64
31 129
21 133
31 95
158 175
150 176
53 192
99 168
135 161
67 166
11 86
96 175
1 60
91 172
105 153
79 117
93 113
51 189
22 150
40 46
53 80
36 179
12 40
4 129
38 189
5 41
8 150
110 197
54 126
39 106
39 69
49 200
53 107
48 189
49 67
123 165
14 57
123 176
161 167
106 176
5 49
32 106
65 122
28 190
41 183
96 116
150 200
97 190
41 193
128 159
33 195
133 178
16 199
142 187
18 100
34 155
58 84
59 114
46 169
93 198
27 182
35 48
19 174
21 120
138 144
10 43
167 183
135 151
4 72
38 58
79 155
26 194
11 157
110 188
25 102
22 136
49 91
14 71
61 69
47 83
121 194
138 159
75 173
35 187
171 174
70 169
90 111
75 123
152 178
69 114
122 172
30 107
59 85
62 68
72 176
12 124
24 174
46 60
100 183
7 120
128 153
37 197
7 196
182 186
86 87
153 187
165 172
117 137
3 104
52 198
98 108
168 191
14 108
50 176
77 94
80 136
91 194
25 90
89 104
158 160
1 68
116 189
133 180
28 144
6 187
99 127
7 133
10 106
9 96
60 82
52 192
87 128
36 153
98 144
144 174
84 156
64 184
44 62
85 99
83 101
65 76
122 130
31 108
6 159
132 163
133 165
152 185
147 182
70 122
69 195
13 56
128 175
83 156
150 189
109 189
30 186
72 151
99 128
0 116
30 77
53 109
137 183
87 165
50 173
78 111
37 162
83 141
90 194
1 23
13 199
52 149
10 161
96 171
82 185
11 72
19 115
30 118
42 109
63 75
57 181
73 195
117 125
78 187
162 193
10 47
78 137
36 175
13 172
96 180
11 102
75 164
129 149
113 172
20 89
60 61
104 176
122 197
27 34
25 142
64 74
49 190
81 186
91 114
55 97
63 78
81 139
32 139
57 124
57 200
87 127
11 104
50 82
61 162
94 200
89 163
78 87
44 77
20 65
96 176
36 56
23 132
60 101
72 124
2 9
65 90
138 195
26 111
19 129
47 60
39 132
44 105
72 182
89 200
1 20
0 161
43 199
94 167
25 43
162 178
37 38
42 143
93 182
33 196
56 72
27 85
83 185
15 179
18 139
45 64
33 88
116 127
21 166
17 160
2 163
122 126
58 183
94 100
147 176
1 131
114 149
11 98
28 76
23 83
125 141
85 194
42 126
34 122
123 182
150 191
81 132
118 127
130 158
149 158
21 115
47 105
164 177
29 132
9 181
67 104
57 131
58 101
15 168
109 126
53 85
19 185
47 85
37 58
3 96
77 101
80 118
49 185
44 84
22 79
14 174
122 123
121 180
117 185
88 97
100 155
17 156
18 44
60 85
40 60
29 59
56 193
93 120
62 109
34 40
22 77
28 71
64 172
0 38
54 99
38 54
62 66
0 39
51 182
46 181
111 119
47 91
64 177
51 80
25 107
44 161
14 118
16 20
4 188
111 172
40 115
93 195
44 52
34 170
113 162
128 172
20 47
69 135
121 176
38 171
126 186
68 163
84 186
17 36
81 125
18 66
168 190
165 170
87 107
92 137
57 70
44 60
1 186
119 147
101 140
49 118
12 156
102 181
26 169
45 158
14 195
54 66
35 54
44 127
22 156
6 111
134 179
101 120
11 137
103 166
42 61
7 92
73 149
76 101
65 70
73 127
114 162
114 173
153 177
62 124
26 85
49 177
8 88
36 87
100 142
110 160
1 17
44 137
1 84
67 199
28 199
62 94
26 187
27 45
7 38
81 148
15 167
11 186
108 158
138 169
42 120
85 90
73 174
63 129
5 146
21 86
33 93
93 199
41 104
2 109
112 188
16 64
2 87
112 159
120 143
2 43
12 79
91 104
12 69
54 115
50 57
30 169
31 53
4 160
65 123
125 170
32 52
1 95
27 122
121 193
13 189
37 174
138 140
52 195
34 92
9 34
120 137
4 38
28 171
50 168
110 198
108 152
12 198
74 106
186 198
71 123
21 200
28 141
67 101
28 115
188 200
51 97
113 174
58 165
38 156
27 148
76 85
2 151
29 68
71 188
148 158
25 163
41 161
29 65
105 136
9 187
23 65
101 107
56 99
133 187
13 196
85 176
32 143
11 149
21 117
38 82
14 94
84 161
22 180
8 37
19 48
101 135
156 188
56 76
66 134
19 141
24 82
147 185
77 131
39 157
34 116
13 22
53 139
23 181
16 36
43 120
41 140
53 166
53 76
95 104
