206
10
1478
60
98 2
99 2
104 2
100 4
101 2
97 3
90 3
106 1
98 4
101 2
93 1
97 1
99 4
99 1
92 2
100 1
94 3
95 4
98 5
102 3
107 2
95 1
100 3
97 5
99 2
102 1
94 5
94 1
97 3
103 4
97 4
98 1
105 1
93 2
98 1
99 2
104 5
102 1
97 2
98 4
92 4
104 2
96 4
102 2
93 5
102 2
102 2
106 5
93 4
101 4
94 3
98 5
95 2
91 2
107 4
91 2
95 2
90 5
105 3
105 1
100 4
90 2
107 3
105 1
90 2
104 3
107 4
97 2
96 5
106 3
90 2
106 4
96 1
92 1
97 3
107 4
102 3
90 2
98 1
95 3
98 5
104 3
105 4
94 2
93 1
105 5
104 4
105 1
94 1
98 3
103 4
93 2
99 5
104 3
105 3
99 2
100 2
106 4
97 5
96 4
103 2
96 4
91 1
102 4
97 4
90 3
101 5
99 5
94 1
106 2
107 5
97 3
100 3
92 4
97 3
96 3
100 5
104 1
98 4
99 4
97 2
102 1
90 2
94 3
93 4
97 3
92 2
91 3
94 2
90 4
91 4
95 1
106 5
105 5
102 3
107 3
93 5
102 2
105 3
90 5
91 4
106 1
91 4
97 5
90 5
94 4
99 4
100 2
107 4
105 2
93 3
101 4
97 3
90 1
90 1
100 2
104 1
97 2
104 3
103 3
107 1
94 2
91 2
96 2
107 1
105 5
94 1
99 4
95 3
101 2
98 3
106 2
102 3
106 4
93 2
101 5
102 4
103 1
102 2
103 2
106 5
96 4
107 2
103 2
100 2
90 3
107 4
91 3
101 4
95 5
106 3
97 2
96 5
99 4
99 4
107 4
96 1
99 4
101 2
100 2
94 1
96 4
96 3
97 2
99 4
91 1
3 119
27 64
37 71
102 151
125 175
27 83
5 130
3 37
77 157
131 191
24 202
113 152
129 193
6 27
18 25
49 148
51 157
111 203
138 194
0 64
5 74
93 199
47 175
25 166
85 90
92 151
116 145
66 92
55 88
108 164
85 173
96 161
61 117
111 147
25 154
26 122
5 61
124 138
7 174
61 127
20 83
154 168
83 176
13 121
24 157
33 167
69 174
142 158
61 170
59 127
171 184
99 134
39 115
35 138
132 189
76 87
132 197
97 172
26 56
39 96
11 56
139 173
41 171
18 46
130 198
77 165
62 151
0 196
154 157
45 86
16 204
120 190
57 142
47 172
71 121
24 85
141 151
7 201
123 125
58 83
58 200
6 130
116 156
113 122
161 188
24 78
160 196
6 92
66 112
96 106
33 81
59 145
104 178
67 163
122 165
192 205
23 115
39 148
47 197
10 178
100 172
30 51
185 204
61 84
72 144
26 205
18 91
3 190
172 193
63 159
95 157
68 143
81 121
141 198
114 179
79 116
29 126
49 77
26 188
28 83
46 86
57 102
128 182
120 167
135 168
128 185
54 59
6 88
161 180
4 105
81 175
19 202
69 195
14 191
50 121
160 173
60 101
9 171
15 163
71 91
105 138
27 86
53 75
47 200
63 160
127 128
2 167
59 193
74 91
121 188
176 194
6 195
73 170
68 69
5 113
107 196
77 125
57 152
71 79
117 172
120 147
58 202
7 67
87 133
40 79
97 199
34 184
17 19
4 162
134 203
15 100
14 98
33 154
6 122
16 193
14 15
93 132
69 77
195 203
21 88
37 173
2 128
21 87
133 177
13 123
81 170
34 202
5 71
13 116
98 190
52 121
16 159
22 28
54 81
24 195
21 112
42 72
131 162
3 122
92 191
34 204
87 203
19 67
44 47
187 198
69 161
104 158
27 191
175 198
6 44
126 161
123 134
68 157
44 123
61 160
15 29
154 184
58 115
14 192
132 147
28 63
135 144
83 184
157 159
64 65
93 102
18 132
111 197
84 192
66 67
58 106
11 98
36 178
63 166
67 133
51 194
1 172
17 192
7 116
144 190
125 203
9 46
36 171
28 155
64 129
46 70
147 154
18 159
67 203
72 101
57 143
55 198
99 101
140 169
126 169
36 156
34 55
0 17
37 64
71 179
97 140
161 202
22 184
62 172
52 183
137 163
0 21
1 106
38 59
73 187
30 67
102 196
65 90
33 159
51 168
159 197
17 142
15 76
7 17
1 9
58 103
72 180
1 128
111 164
42 129
123 151
71 167
117 168
75 90
30 174
67 148
37 122
126 135
126 174
13 29
4 158
135 161
22 90
26 51
10 166
136 174
142 153
86 176
51 110
152 172
20 187
0 30
81 93
116 159
68 117
60 195
8 199
141 168
99 172
42 52
37 98
69 101
43 77
3 104
52 182
128 155
6 182
99 111
74 167
46 53
57 156
113 190
36 163
122 202
143 161
128 203
7 122
83 138
56 158
143 150
97 136
25 59
40 136
55 177
112 121
29 123
11 37
135 197
0 14
86 108
147 156
183 205
28 149
41 90
15 81
98 130
39 98
133 144
103 189
20 87
26 175
29 181
71 117
46 106
87 153
27 101
47 164
6 46
113 156
42 92
132 175
27 147
97 145
22 88
55 105
74 98
13 159
60 111
159 163
7 111
182 199
1 90
102 179
40 47
14 174
16 137
0 161
90 159
82 137
100 174
58 174
4 74
73 139
45 51
28 188
18 147
111 124
107 131
84 198
6 17
59 74
40 120
33 169
111 161
185 186
82 179
94 125
55 117
34 91
36 81
33 115
76 82
6 199
101 193
44 159
122 180
43 132
149 178
51 66
3 195
42 164
12 13
46 152
77 105
84 182
13 104
39 204
37 84
106 190
13 114
41 77
97 135
93 172
78 107
23 148
113 172
35 179
158 168
92 171
196 199
41 89
143 189
36 100
40 137
142 201
10 138
88 139
76 141
57 117
107 114
116 175
27 63
102 122
2 153
176 188
135 187
128 190
2 83
1 2
82 194
18 88
68 158
20 80
109 183
166 178
40 164
65 80
17 188
59 131
122 192
16 76
5 172
123 199
41 191
134 154
104 154
47 181
68 99
163 186
72 132
51 91
65 182
85 147
83 186
4 107
111 185
6 109
84 143
140 156
152 174
27 85
25 64
50 141
37 65
1 125
7 127
19 34
33 61
54 74
12 29
50 203
150 168
71 147
28 132
6 174
7 98
138 181
131 159
74 171
39 203
34 164
133 151
65 166
18 75
167 187
81 142
96 127
107 191
29 98
22 196
20 59
85 104
73 96
79 180
0 191
3 150
43 166
133 191
6 154
48 80
5 49
140 170
153 169
132 134
75 141
40 203
41 67
6 16
56 58
5 24
87 171
50 183
127 141
55 116
45 204
22 164
128 192
40 94
38 107
64 121
51 55
45 105
99 195
75 190
118 140
73 98
23 176
38 118
70 143
84 176
58 178
7 185
107 203
71 178
108 142
38 64
83 142
145 190
8 94
99 184
6 74
15 130
49 58
130 143
81 199
116 201
138 142
27 204
170 204
54 95
150 152
34 162
34 149
13 80
49 177
21 131
12 77
191 197
8 106
126 152
131 171
7 31
23 203
8 58
42 123
26 135
0 160
74 87
78 121
114 199
51 149
75 139
0 194
39 112
29 157
45 92
63 103
25 48
106 133
81 140
55 102
16 192
54 158
92 162
34 139
40 162
69 130
71 77
94 139
18 150
31 95
43 159
109 138
54 90
10 195
117 161
32 43
112 193
62 166
108 113
8 50
42 76
31 190
143 183
54 160
112 148
97 174
60 155
72 150
79 108
126 187
49 53
117 199
17 108
7 148
27 28
33 160
68 121
84 181
102 142
15 195
63 81
3 32
66 110
7 115
39 50
2 77
64 111
7 16
4 22
80 131
108 160
11 110
8 13
84 154
48 50
8 112
71 137
9 154
24 111
107 180
76 132
56 57
93 188
103 134
47 54
87 159
12 63
41 74
159 201
170 188
33 176
37 118
60 127
23 68
132 145
77 163
29 170
155 164
19 79
190 191
29 49
115 159
34 123
53 93
51 54
118 170
173 189
3 47
100 180
162 163
58 148
100 158
142 145
25 203
32 38
28 170
8 53
58 182
42 127
101 128
7 150
40 139
77 86
15 137
107 120
48 121
5 195
6 201
78 127
27 164
22 122
101 115
34 143
102 166
1 56
58 181
29 130
51 119
96 132
61 103
34 73
64 67
115 157
91 101
130 201
164 188
13 92
19 102
78 177
10 35
122 160
99 197
74 111
73 109
143 195
73 163
55 173
70 165
53 110
84 183
16 119
131 165
25 75
75 114
71 102
1 36
72 133
62 159
84 197
45 168
43 180
6 90
16 178
50 94
3 21
90 151
119 173
76 160
37 154
48 115
124 200
14 128
38 78
54 145
179 204
4 32
34 81
68 193
3 96
106 126
39 121
83 121
14 146
76 134
111 166
13 59
2 41
139 179
43 199
116 165
68 134
55 103
19 157
18 69
21 53
41 51
181 194
143 146
15 147
123 144
57 185
21 58
6 192
32 34
128 202
25 87
0 198
33 36
101 153
130 140
151 183
77 109
130 138
68 144
95 155
13 34
116 149
101 114
116 154
92 181
77 129
81 87
32 203
22 26
22 44
72 86
31 172
21 103
152 170
139 171
30 154
26 191
115 178
113 132
7 82
37 145
66 125
108 167
1 127
5 143
14 187
18 185
10 97
75 108
78 172
129 199
28 140
9 205
82 134
42 90
38 159
37 147
93 131
14 69
15 129
11 167
2 9
5 105
41 125
23 84
49 192
24 138
63 146
17 34
107 158
2 179
101 150
76 147
70 76
57 78
15 181
104 203
160 174
40 55
3 120
1 28
38 71
13 45
23 95
132 191
109 134
2 68
2 161
2 139
99 202
107 204
106 121
76 93
60 158
3 8
144 162
37 47
41 139
120 189
70 195
44 90
188 205
50 84
15 110
0 189
68 82
5 8
3 92
5 18
39 131
50 168
14 183
182 204
51 103
48 99
125 146
50 173
49 163
52 72
60 124
39 153
105 192
28 30
6 194
52 144
110 198
125 152
52 112
68 89
7 107
109 120
77 136
25 145
69 157
124 150
139 180
160 204
160 164
20 142
87 89
67 128
5 48
46 84
129 144
164 198
36 189
189 190
35 182
138 154
3 9
34 131
50 139
25 104
54 86
73 193
168 188
161 196
163 167
2 57
111 199
12 167
21 182
27 51
39 133
27 189
38 52
83 187
152 191
47 59
157 194
16 114
8 153
81 203
128 201
29 96
45 48
62 205
52 68
15 101
36 182
6 28
23 85
88 166
40 122
48 200
37 155
37 159
74 122
87 165
0 80
34 94
14 31
3 106
120 180
86 194
41 81
127 183
61 76
26 142
32 128
39 156
78 82
21 128
70 138
115 162
37 101
68 119
42 156
51 99
26 132
16 64
64 146
160 190
29 190
41 61
78 80
26 34
47 121
76 177
109 184
148 204
145 187
53 143
56 98
98 124
187 202
124 132
126 153
4 48
5 134
91 152
45 102
28 64
108 123
117 183
28 51
74 183
147 152
48 87
80 165
30 183
31 161
44 165
63 77
125 128
63 168
77 203
202 203
10 196
129 165
183 186
0 186
114 164
14 131
39 104
4 183
40 109
35 124
112 120
15 143
154 164
79 92
203 205
30 170
19 29
182 188
20 197
188 190
10 148
55 110
30 124
51 86
8 30
2 64
156 167
37 113
22 83
47 72
58 164
167 185
43 113
145 183
22 76
81 194
6 94
11 135
92 128
62 72
0 183
40 86
130 192
34 119
119 178
5 53
81 83
106 198
37 72
133 173
59 67
138 201
75 149
104 199
10 34
132 135
132 178
3 24
154 180
130 175
99 174
120 202
44 139
54 150
178 193
40 161
2 22
36 47
34 88
38 106
45 202
79 178
54 202
31 36
13 177
37 58
150 157
10 32
21 42
2 127
113 134
9 191
75 199
67 178
125 187
32 204
7 132
148 178
98 191
34 111
45 150
114 134
35 122
115 119
14 50
62 102
36 120
12 196
115 167
55 60
120 154
40 124
55 119
127 144
90 189
117 157
54 142
128 195
8 25
33 89
55 163
48 131
57 71
69 106
48 76
53 179
52 175
57 80
43 60
100 135
17 77
103 143
74 90
12 115
46 104
99 154
70 169
134 142
70 102
65 116
12 184
121 147
125 172
141 142
34 152
86 196
119 187
77 137
19 183
11 57
72 76
27 194
112 166
42 96
64 160
75 164
104 152
8 132
38 55
139 195
111 152
143 174
80 96
26 32
8 96
22 137
33 135
109 188
64 126
6 203
69 177
50 179
99 109
151 172
150 189
20 84
33 37
26 182
10 182
117 153
99 132
23 35
45 135
104 181
8 113
43 83
58 86
59 166
94 144
108 135
9 143
18 114
52 165
116 131
55 176
6 202
0 18
104 155
173 197
5 95
28 102
149 150
1 91
72 159
51 165
8 84
83 172
59 93
58 101
125 157
138 196
46 93
157 162
69 83
92 174
98 200
131 178
5 34
95 146
35 171
45 83
52 128
79 173
69 84
23 150
110 199
96 147
92 126
68 174
60 89
5 94
150 192
11 173
60 186
39 58
26 155
71 190
74 184
45 76
8 22
92 202
15 138
88 101
92 149
53 196
71 99
124 170
139 187
130 169
51 95
140 196
102 165
67 146
14 51
137 179
12 42
64 185
138 203
48 141
173 193
87 94
47 101
78 103
25 150
14 120
68 151
1 67
42 151
74 135
19 129
74 157
57 161
44 117
100 113
125 145
109 148
49 197
93 201
100 178
136 199
17 52
77 134
150 201
126 183
127 186
79 167
71 165
42 68
37 80
59 121
120 150
31 129
13 119
130 139
11 148
18 141
131 143
134 187
28 44
27 138
27 190
22 92
20 171
21 99
59 81
27 153
145 175
87 138
31 138
62 191
41 155
37 50
165 170
125 153
188 198
182 203
55 86
69 155
32 39
129 157
126 162
79 120
18 93
3 5
99 204
58 69
28 171
81 107
58 133
167 191
56 79
128 187
52 55
49 61
54 92
51 141
113 148
22 80
10 72
88 203
68 120
114 121
86 110
85 123
88 109
197 204
151 204
83 157
63 197
83 141
83 114
9 170
52 88
105 114
156 201
85 107
64 104
37 127
186 196
110 181
45 126
1 184
97 195
86 87
48 169
63 107
32 93
53 130
92 94
2 17
41 56
41 142
52 101
166 194
23 136
82 157
56 181
4 174
113 162
74 112
5 141
32 142
21 177
17 18
127 173
4 61
53 178
80 189
98 174
23 116
13 42
4 116
44 180
51 179
56 177
71 74
27 67
19 168
55 199
21 93
77 120
15 67
178 184
5 152
39 101
6 146
33 196
68 146
117 128
0 82
49 141
19 159
17 121
104 201
27 120
94 200
106 152
62 110
147 189
44 49
62 164
97 143
53 83
60 102
127 197
4 163
191 205
69 199
0 113
148 150
98 116
6 60
6 80
35 191
78 146
20 48
117 147
52 73
18 32
49 135
32 178
6 205
63 176
18 110
26 59
4 127
70 95
18 200
38 137
