211
10
5981
60
159 2
838 2
759 2
713 4
546 2
758 3
169 3
785 1
771 4
396 2
178 1
806 1
100 4
394 1
537 2
377 1
845 3
114 4
21 5
763 3
576 2
558 1
371 3
566 5
496 2
589 1
281 5
161 1
812 3
584 4
548 4
675 1
328 1
94 2
105 1
130 2
171 5
913 1
194 2
147 4
741 4
195 2
541 4
553 2
880 5
331 2
385 2
731 5
40 4
438 4
161 3
411 5
792 2
668 2
336 4
182 2
792 2
199 5
304 3
664 1
257 4
673 2
714 3
586 1
853 2
759 3
30 4
554 2
781 5
503 3
31 2
365 4
823 1
477 1
224 3
678 4
385 3
355 2
615 1
816 3
831 5
669 3
574 4
323 2
736 1
184 5
87 4
184 1
443 1
921 3
530 4
730 2
184 5
231 3
382 3
340 2
101 2
593 4
122 5
769 4
530 2
949 4
296 1
265 4
356 4
247 3
516 5
304 5
209 1
257 2
420 5
926 3
203 3
123 4
590 3
193 3
239 5
777 1
321 4
496 4
758 2
883 1
889 2
305 3
34 4
308 3
345 2
752 3
335 2
163 4
176 4
468 1
251 5
454 5
475 3
450 3
778 5
733 2
58 3
211 5
98 4
461 1
572 4
662 5
763 5
581 4
616 4
95 2
336 4
214 2
376 3
132 4
32 3
277 1
703 1
767 2
879 1
620 2
171 3
86 3
726 1
551 2
50 2
769 2
384 1
406 5
887 1
532 4
228 3
270 2
237 3
815 2
367 3
299 4
784 2
432 5
463 4
122 1
295 2
92 2
863 5
655 4
792 2
296 2
857 2
805 3
936 4
470 3
852 4
612 5
857 3
152 2
511 5
634 4
22 4
642 4
37 1
490 4
684 2
785 2
959 1
211 4
295 3
668 2
298 4
854 1
645 5
752 1
912 5
71 1
718 3
3 84
0 52
186 190
97 191
118 166
173 196
74 100
187 191
45 142
123 196
24 60
107 184
178 180
34 118
17 107
47 206
49 203
106 153
129 188
3 195
24 167
89 208
46 83
24 204
81 171
88 169
110 144
38 187
41 162
103 144
82 126
92 143
8 85
105 201
50 120
10 200
62 98
117 141
5 64
8 198
26 142
141 204
80 145
14 87
17 33
18 112
67 104
132 173
59 152
57 115
153 184
94 204
38 67
50 54
124 181
22 89
124 189
93 145
10 195
21 110
167 203
130 153
47 139
52 164
123 129
64 186
3 104
19 40
141 193
43 170
31 133
114 145
30 103
3 81
68 182
177 208
131 181
11 190
116 140
166 189
39 152
0 103
110 155
107 154
147 160
50 198
146 187
173 191
67 205
91 206
23 117
57 135
99 198
64 194
115 192
163 173
41 46
24 83
73 156
7 80
96 118
29 59
160 204
59 62
69 195
29 88
21 116
3 171
154 170
34 81
91 148
53 58
179 206
132 150
108 200
76 117
28 140
38 98
26 174
65 76
72 131
55 98
121 137
114 122
126 204
121 140
171 175
165 185
147 152
10 137
78 160
48 55
14 101
22 177
48 174
146 164
11 47
15 66
11 182
68 152
100 148
40 135
11 124
37 151
38 61
119 185
75 107
71 120
28 151
115 132
156 184
24 193
71 72
3 68
44 187
102 186
67 192
55 148
68 140
111 160
113 198
2 161
21 206
83 196
12 111
93 172
0 51
6 125
46 123
126 169
9 88
74 130
184 185
56 153
49 192
28 173
89 141
59 138
163 204
13 86
30 190
51 105
16 201
125 156
70 122
78 155
43 141
13 202
51 199
94 154
48 49
52 65
52 98
3 177
20 176
27 153
67 159
123 167
17 93
88 209
23 109
84 140
3 156
31 171
161 186
4 104
99 178
72 167
156 159
26 36
119 140
116 149
6 115
4 84
59 140
52 90
142 152
3 62
4 52
124 139
165 205
126 180
80 153
143 207
20 187
89 111
34 90
106 147
81 153
63 168
21 68
39 119
28 116
65 77
60 197
54 150
6 69
33 76
61 184
134 175
183 186
16 189
10 191
40 175
23 137
21 83
136 167
53 163
65 147
64 109
14 182
61 162
94 171
131 135
119 148
35 128
75 179
35 204
39 61
69 99
93 113
147 174
40 162
50 118
29 136
128 171
0 73
9 164
36 190
29 75
13 42
98 124
35 209
29 177
6 165
145 207
1 120
40 127
7 109
56 94
70 89
27 125
26 186
106 114
59 119
116 166
69 87
175 185
70 109
11 123
49 86
4 155
118 205
119 153
6 26
19 80
126 197
25 83
167 170
6 127
127 196
132 168
83 121
38 141
140 174
31 154
2 25
77 210
110 158
52 166
54 178
47 95
131 198
95 127
169 205
46 127
70 186
32 65
51 56
40 183
120 199
45 202
94 181
71 196
32 75
55 152
108 120
23 180
116 135
133 161
121 158
34 135
80 107
31 48
187 203
93 109
10 20
53 185
10 161
165 184
17 127
44 148
127 150
54 56
82 180
136 169
160 164
39 200
28 159
0 94
93 210
16 169
192 193
99 108
13 143
16 45
22 128
68 178
0 27
84 90
62 192
14 132
167 175
107 188
33 155
124 167
7 150
93 118
53 111
7 56
7 133
22 169
35 129
145 173
54 107
159 186
40 174
98 107
49 88
27 97
21 148
28 42
86 195
79 114
187 195
59 87
54 210
27 208
51 195
6 57
67 137
105 178
102 121
81 159
1 174
39 66
9 19
8 74
106 111
160 186
79 156
90 125
35 201
176 204
26 41
73 97
16 159
26 71
97 130
65 156
115 207
28 175
138 159
54 74
2 174
173 207
31 88
27 103
35 81
81 143
58 186
54 158
45 125
166 205
24 182
31 109
93 108
89 181
58 74
34 157
107 204
72 119
191 204
88 189
163 209
15 23
133 189
47 113
68 147
133 139
16 183
84 193
48 132
18 56
102 104
110 174
14 72
97 162
74 172
156 178
127 140
121 145
1 38
61 186
196 208
19 150
66 97
51 96
104 153
150 172
27 171
62 179
57 119
60 182
116 125
11 95
10 186
117 121
13 105
125 204
181 185
7 199
71 207
148 181
49 137
13 70
70 178
82 100
80 155
8 189
106 135
22 138
81 104
173 199
140 176
169 187
48 194
177 186
12 129
70 158
12 135
12 130
31 206
21 100
49 95
26 55
138 204
68 208
10 56
40 132
13 155
129 175
123 164
71 200
53 63
50 74
125 130
63 128
25 174
151 160
78 127
92 109
102 181
18 80
13 79
44 87
81 185
70 137
76 181
15 59
62 178
38 120
125 170
46 145
32 167
34 108
131 136
141 154
124 126
11 43
33 136
54 59
48 180
36 67
39 182
84 108
193 194
119 198
44 122
26 144
39 40
121 147
37 65
57 95
49 101
19 166
23 174
95 150
36 147
112 117
70 139
19 183
3 46
68 70
81 137
34 141
43 193
102 193
21 197
103 122
15 72
80 111
135 160
14 44
95 139
13 183
47 116
4 197
122 161
78 184
110 200
129 136
52 112
153 170
65 131
138 188
20 35
23 159
6 179
17 143
55 127
7 200
162 199
56 87
119 131
123 176
43 97
60 93
5 78
54 132
36 115
8 171
75 124
27 181
109 119
47 173
72 160
0 152
13 27
43 176
61 65
189 198
21 177
101 133
192 201
22 95
10 69
33 123
88 180
27 43
11 58
68 199
68 138
90 139
177 207
69 102
7 198
104 108
18 185
28 192
111 149
4 24
107 133
22 170
102 200
26 45
26 90
35 87
133 183
9 73
106 191
93 147
72 201
23 88
16 196
119 166
74 140
111 187
178 192
32 150
30 86
53 197
173 198
171 196
97 182
60 192
7 77
57 73
10 108
4 149
29 195
19 53
1 13
11 36
19 143
77 124
103 140
36 107
46 115
81 115
8 121
57 196
68 198
6 100
18 116
102 170
73 149
27 42
89 197
98 164
25 38
84 96
17 118
57 63
146 147
153 154
47 198
48 122
3 22
28 184
124 137
48 77
12 89
142 182
5 182
162 179
178 202
109 169
13 170
28 37
72 132
112 147
154 198
60 157
96 126
147 178
44 202
96 104
132 160
19 188
70 142
43 180
25 170
10 100
22 72
96 178
15 152
74 93
166 167
54 110
102 110
32 111
31 162
75 130
10 146
17 70
200 202
96 165
13 39
97 206
0 154
49 165
20 119
33 57
92 114
23 186
64 199
19 93
109 167
87 128
123 132
149 163
13 203
8 90
75 180
31 108
115 187
95 152
15 58
53 70
133 195
26 65
51 138
192 203
61 180
81 144
26 209
123 170
14 16
41 42
45 137
52 190
60 132
44 86
81 158
18 50
27 194
44 76
20 175
20 118
10 159
86 187
113 139
73 177
11 181
22 184
117 203
52 160
60 81
60 162
158 170
18 81
26 104
72 123
56 60
101 126
31 184
80 90
1 25
73 151
106 116
67 103
59 199
130 159
54 75
110 164
66 73
6 105
181 206
4 91
9 210
40 59
158 209
133 146
187 209
116 159
30 209
19 28
67 199
26 176
121 157
5 109
55 121
41 175
96 203
122 158
139 202
23 51
122 156
182 191
91 146
49 114
110 148
96 164
110 153
88 199
70 83
77 204
13 190
73 188
36 69
69 141
0 63
27 193
140 172
130 151
30 164
181 208
109 188
107 164
22 100
64 76
12 55
103 147
11 204
1 170
3 105
3 107
64 81
4 198
48 157
122 142
27 53
37 117
79 111
18 208
15 173
3 180
89 140
26 190
22 45
6 95
7 44
23 182
73 166
32 145
3 185
9 91
63 141
33 200
102 148
26 88
96 200
55 72
75 97
23 83
5 145
100 113
146 165
36 202
22 145
14 28
40 125
65 194
59 66
124 183
103 210
0 110
53 132
43 85
95 157
102 194
101 121
58 145
178 188
60 117
134 147
13 43
42 175
114 144
68 122
43 67
161 210
3 136
46 94
53 54
65 165
67 189
23 101
30 194
12 28
37 162
49 149
159 191
14 120
49 65
118 137
50 109
38 105
58 111
55 115
19 85
100 202
38 180
44 190
34 110
105 158
118 143
28 65
165 166
16 82
103 196
176 202
12 63
18 104
117 153
130 160
146 195
146 155
53 76
83 152
23 171
37 203
168 196
121 175
149 173
46 210
162 163
33 115
129 148
48 192
23 70
46 118
48 75
57 80
60 91
151 198
147 168
148 162
54 84
106 149
59 83
13 148
12 132
35 141
24 129
59 105
80 156
140 193
24 54
144 176
28 110
14 199
78 188
121 156
60 174
57 180
35 154
167 185
30 175
45 80
188 205
0 44
85 95
34 92
36 64
12 164
62 118
35 199
84 102
12 134
48 181
42 132
74 80
114 135
83 139
31 124
120 150
183 188
20 192
59 133
74 169
28 102
53 148
42 67
109 172
13 54
49 145
33 120
39 164
28 204
62 103
69 142
146 181
2 186
29 105
45 193
5 154
17 29
67 96
104 154
137 201
135 157
43 187
62 79
93 204
161 190
117 135
119 132
27 84
43 186
87 179
183 202
27 83
102 210
111 171
72 74
53 126
136 165
45 158
77 158
11 192
60 188
39 95
16 147
118 119
180 186
14 41
164 200
12 137
121 196
159 195
4 48
108 185
14 43
6 198
4 39
20 188
26 162
106 163
40 43
141 200
40 187
164 204
34 74
20 55
159 175
178 206
161 195
29 194
172 210
32 127
41 138
66 204
0 127
143 167
7 179
21 31
41 207
13 36
151 158
27 119
135 153
24 117
78 179
10 78
65 200
88 146
6 48
33 103
41 196
122 210
39 84
113 144
57 92
77 200
101 198
56 208
125 152
55 57
129 195
1 110
100 109
66 133
124 127
124 170
64 96
142 148
122 193
95 129
114 157
68 109
45 176
157 185
6 203
33 109
44 120
65 114
52 68
175 196
197 205
35 198
9 204
166 194
0 36
138 193
5 144
24 187
172 186
107 166
73 85
1 7
38 164
118 178
1 9
201 203
137 175
94 155
20 199
18 127
108 155
73 93
109 129
5 156
52 144
15 75
39 70
109 177
53 125
113 205
2 12
2 47
119 201
87 102
111 145
62 198
121 150
9 78
36 53
11 112
46 141
66 179
54 202
55 74
8 144
36 85
36 61
1 208
95 195
69 94
98 173
20 31
18 161
33 69
95 109
64 153
125 192
63 70
58 187
33 99
114 186
118 163
131 172
18 144
83 141
113 153
8 195
28 141
75 119
69 164
8 165
106 209
62 117
36 186
57 76
99 172
42 206
55 151
130 175
105 206
133 174
77 89
2 107
8 32
24 173
56 144
104 158
49 71
19 154
29 65
59 60
94 179
139 191
139 154
178 181
29 207
61 113
3 114
111 141
94 202
41 177
2 167
99 201
50 111
33 202
34 188
17 181
90 144
103 115
13 22
25 96
22 68
110 130
18 142
27 122
24 151
99 175
154 206
54 142
43 89
137 203
66 172
8 174
57 81
56 92
80 141
46 101
44 170
118 148
129 190
47 107
143 210
18 25
88 192
165 200
123 183
50 161
91 137
67 151
60 141
73 176
76 174
0 54
45 97
105 159
92 129
88 144
56 191
25 187
28 179
139 157
12 177
40 46
38 70
43 160
8 115
22 147
13 123
172 190
89 99
52 62
84 155
88 167
40 168
68 160
117 173
130 167
122 187
192 194
131 162
97 205
47 138
58 138
128 187
44 134
30 79
129 197
58 195
154 202
83 157
59 104
75 106
191 195
6 160
0 194
71 164
7 194
49 153
71 186
21 70
19 75
54 111
95 173
118 136
104 118
65 185
89 210
165 176
128 139
74 143
55 112
139 166
119 162
120 153
76 168
69 85
57 109
35 79
38 94
113 201
2 206
42 88
122 157
53 178
10 41
123 148
126 153
177 197
26 179
35 72
57 69
55 63
36 184
18 67
15 70
135 145
83 201
20 83
27 137
6 89
56 90
149 185
118 144
161 203
159 190
2 153
22 90
44 106
121 188
119 141
76 121
56 58
42 142
95 159
56 124
70 110
78 92
9 182
151 164
8 113
121 142
49 187
174 176
25 119
58 206
107 180
29 94
37 130
85 132
44 48
108 142
82 182
81 204
84 163
164 176
140 153
80 126
173 193
80 110
80 83
51 178
17 81
100 124
143 201
81 188
1 197
48 189
161 166
105 141
25 185
70 123
93 168
82 159
51 158
58 142
40 80
4 74
88 112
55 153
47 109
184 192
3 146
150 188
54 95
79 134
31 138
22 113
107 194
54 160
17 130
27 81
66 80
15 47
120 140
3 78
57 154
77 182
94 138
39 130
50 63
5 25
21 136
31 66
53 207
33 87
34 48
35 68
4 164
38 53
74 129
32 184
157 176
1 140
19 44
10 85
47 70
66 85
111 116
2 66
4 29
67 133
23 150
100 111
50 143
90 200
101 152
7 78
136 202
19 108
1 98
93 116
171 172
12 157
120 164
67 141
162 207
53 128
34 169
137 147
188 197
1 15
62 134
56 70
16 166
63 116
111 135
195 202
53 154
42 197
14 140
0 158
46 162
37 95
71 147
67 162
165 210
58 121
52 155
2 124
44 129
83 200
43 198
46 59
34 50
18 171
17 191
8 98
101 209
18 183
34 66
89 202
25 49
143 146
122 153
74 149
15 109
21 159
94 191
41 137
76 147
46 78
83 96
40 199
118 158
40 159
87 145
61 196
0 77
66 82
50 189
7 121
68 104
51 95
18 61
144 193
85 135
31 195
83 117
85 128
59 174
61 160
138 154
112 180
82 176
41 114
127 188
108 157
34 112
90 101
1 202
91 203
56 210
99 149
9 172
113 147
1 11
135 174
29 189
44 205
8 176
68 157
25 156
24 107
56 137
129 138
122 134
115 158
43 164
43 125
59 210
199 208
78 168
110 183
4 101
31 207
77 165
61 125
92 166
21 33
82 189
15 127
60 161
9 29
85 114
55 136
29 39
147 209
16 41
21 32
34 36
128 186
36 74
69 197
60 70
100 206
61 118
37 179
157 209
3 57
28 99
35 159
153 159
93 131
78 124
38 194
45 185
72 158
88 105
72 153
115 184
107 134
59 101
156 189
44 160
63 68
38 97
23 123
72 88
90 203
5 37
8 162
114 180
118 165
124 204
71 105
79 86
13 182
39 128
62 163
49 205
113 142
100 193
129 132
162 189
22 167
75 86
32 142
2 128
1 60
86 200
62 173
11 166
97 173
43 106
106 119
44 109
31 135
68 69
180 204
51 132
3 102
32 82
15 143
33 53
155 176
54 165
56 61
130 145
47 162
112 161
132 182
22 103
19 178
54 184
146 206
57 165
46 119
20 155
41 101
160 192
91 95
42 58
133 135
6 208
10 64
46 201
144 150
110 141
37 119
1 90
90 201
75 167
30 56
79 84
177 183
76 208
7 193
129 194
63 73
8 49
12 44
9 144
16 83
135 143
23 175
27 61
99 138
110 154
32 189
7 122
158 175
76 195
105 165
107 160
6 148
57 201
69 79
4 22
68 165
6 88
27 33
20 202
27 188
121 166
26 40
0 140
0 166
5 148
1 106
81 105
27 139
18 187
135 149
140 185
118 141
34 129
88 140
53 188
82 101
67 167
14 37
9 119
167 194
162 166
4 208
83 176
110 169
19 113
96 199
24 94
182 193
114 127
120 123
3 153
31 33
36 143
28 199
32 40
116 188
63 195
162 208
127 198
15 64
59 187
103 121
76 77
36 116
4 209
64 86
22 133
87 202
70 148
87 148
93 209
21 99
126 184
66 195
9 11
52 173
134 157
58 102
133 190
23 154
25 143
71 134
56 125
113 203
3 76
20 173
19 79
75 96
114 146
160 195
16 55
49 199
53 56
39 188
7 75
59 132
112 144
45 159
158 193
100 194
38 159
150 168
117 138
22 190
108 121
17 78
48 130
98 199
35 130
49 118
82 205
47 202
10 81
19 142
173 209
126 163
117 156
170 189
39 197
40 202
57 156
15 187
59 100
52 73
155 156
150 176
0 33
139 205
23 187
8 64
36 156
68 161
12 120
165 197
0 90
11 138
138 142
3 148
27 147
78 193
87 193
51 205
176 190
79 194
139 152
119 145
55 61
116 201
100 203
20 64
58 133
1 165
107 128
4 133
8 36
63 173
56 113
36 133
0 53
74 207
56 135
155 183
107 205
26 195
20 77
32 119
63 97
69 115
45 75
85 117
109 138
2 101
125 147
10 169
72 98
28 180
81 83
2 209
72 189
146 150
13 187
30 92
146 163
67 84
72 109
113 155
9 27
15 107
60 86
61 73
9 135
10 37
75 83
111 113
74 89
18 194
11 78
137 186
60 79
116 197
11 35
9 21
72 114
14 107
41 149
78 204
116 141
105 185
11 40
95 122
29 86
53 147
1 128
39 96
142 195
77 187
28 96
15 68
72 127
101 169
104 146
91 159
70 76
54 182
9 31
134 205
94 113
67 201
107 169
76 166
56 134
6 34
18 189
64 155
197 208
10 77
15 200
76 141
14 31
28 123
28 163
179 195
68 133
157 179
37 128
10 172
26 64
172 203
12 174
148 157
51 183
140 156
38 189
31 94
44 208
70 174
27 182
8 68
99 146
33 204
0 16
25 164
160 191
10 175
98 110
42 82
85 202
76 116
126 200
80 208
28 94
15 158
64 184
48 119
42 185
72 171
139 167
67 196
26 128
69 101
196 204
42 189
29 90
44 78
52 97
0 50
15 22
184 205
79 120
70 84
6 135
24 48
22 168
116 153
77 183
84 165
111 196
45 209
3 151
2 43
141 184
8 175
83 91
19 74
116 133
9 208
27 178
146 188
73 80
22 202
113 174
67 82
91 114
59 93
97 172
32 140
47 165
146 193
6 10
71 167
44 107
164 207
6 106
129 185
17 105
54 62
131 169
102 180
55 185
90 161
3 191
57 78
153 169
36 55
29 162
7 33
4 73
48 154
76 123
21 163
169 186
9 199
8 125
67 175
194 207
32 68
106 138
31 42
27 86
93 205
188 200
2 176
31 76
23 47
43 123
67 99
54 66
99 111
72 148
35 173
4 64
106 203
42 205
25 89
110 150
40 119
140 196
118 190
140 199
120 205
150 193
47 183
17 154
68 158
71 183
145 166
21 209
12 185
28 83
83 130
30 38
79 151
44 84
90 205
31 47
141 160
4 38
96 173
167 207
160 198
95 120
42 145
56 149
36 185
63 204
37 181
71 135
179 185
35 200
192 205
11 85
120 180
169 175
3 95
76 128
104 183
32 175
157 171
51 100
107 195
45 174
61 95
106 170
6 116
113 191
53 117
24 164
17 120
20 70
60 201
72 113
155 166
127 186
3 11
56 72
23 82
89 95
18 130
84 95
13 80
24 103
65 138
57 187
76 85
22 210
88 92
58 107
25 198
24 166
16 131
114 128
56 190
117 163
59 124
43 144
125 200
105 146
75 80
45 90
117 184
179 197
32 104
98 200
60 76
42 65
0 60
124 203
126 170
112 131
48 113
57 134
15 199
99 158
12 207
24 110
142 156
29 72
14 197
148 197
167 202
90 162
77 135
73 200
39 88
105 142
119 138
67 132
47 195
46 174
9 43
66 194
27 132
19 62
86 154
7 173
114 165
88 137
80 170
96 160
71 82
96 105
120 129
16 46
30 72
45 166
112 128
70 208
160 209
162 194
44 70
38 133
22 44
88 90
83 90
145 180
23 73
1 20
42 194
205 209
26 67
49 189
131 146
22 198
37 69
104 129
85 200
15 130
175 204
56 206
9 109
0 200
135 158
87 126
18 83
83 108
147 183
150 173
176 203
108 190
104 168
65 119
35 59
127 192
47 58
20 150
11 15
193 201
87 174
4 160
25 41
182 204
147 181
131 183
135 187
131 138
44 200
58 141
115 174
148 152
18 119
3 143
138 182
153 199
71 172
67 71
49 84
85 158
17 63
12 66
130 144
33 60
185 201
135 141
27 128
141 186
77 190
73 124
90 132
1 21
65 113
133 192
106 183
108 210
26 73
137 143
100 117
116 205
152 202
80 109
45 59
69 136
25 46
44 74
3 6
18 66
105 181
18 55
43 100
140 148
22 206
179 199
145 167
31 37
43 195
9 83
22 64
50 151
59 108
120 171
138 173
101 160
68 202
69 73
5 81
175 208
71 126
8 52
43 150
61 195
96 122
76 152
60 104
54 149
96 202
144 165
117 200
91 134
41 108
160 202
144 206
185 198
93 156
132 138
6 109
167 199
17 23
44 124
51 67
23 198
12 180
124 174
63 152
113 158
94 115
79 206
51 128
58 137
136 200
94 198
128 185
112 165
35 167
119 180
6 154
40 188
3 10
15 208
18 27
14 32
104 162
105 169
55 163
200 204
177 202
7 155
24 120
84 120
139 164
17 209
153 200
9 186
125 190
89 154
7 15
109 206
87 206
57 205
59 67
53 93
120 204
4 35
47 86
132 135
132 192
39 133
25 181
118 162
88 110
11 208
34 121
18 176
30 154
134 149
13 16
2 198
85 102
6 52
94 174
128 157
82 199
12 172
35 170
50 206
121 195
74 210
93 117
163 200
52 174
145 204
45 145
121 135
29 192
121 144
5 125
4 76
111 147
58 149
123 194
100 157
3 137
108 186
43 142
15 49
57 94
20 107
67 77
91 110
14 184
101 137
75 183
66 119
18 210
133 181
45 194
42 157
73 189
25 186
118 184
158 184
37 83
5 72
151 189
2 93
163 180
17 117
183 205
175 186
108 110
122 139
60 98
48 105
5 174
15 78
18 135
38 174
13 112
128 198
47 137
50 65
34 88
84 180
37 105
112 198
29 67
45 77
71 166
78 88
29 173
21 122
144 188
62 162
71 175
24 154
32 201
41 165
136 146
1 184
125 136
73 191
37 178
37 79
140 149
38 169
170 209
58 118
56 192
55 88
64 124
63 196
104 180
137 199
166 193
30 139
153 173
4 70
53 210
98 192
57 60
38 93
31 68
21 121
13 32
6 159
65 160
45 71
40 203
5 92
110 180
85 88
2 180
100 196
85 159
153 188
54 175
0 66
14 147
80 94
154 185
7 189
96 174
105 124
35 121
6 202
20 170
67 170
66 117
65 166
93 115
32 205
101 181
38 129
6 43
139 189
16 160
59 168
133 172
23 124
123 161
98 169
138 206
63 189
72 181
50 128
44 46
160 208
113 135
82 196
158 196
0 76
43 138
87 129
28 43
132 141
37 123
75 129
73 109
130 171
137 146
149 207
78 146
26 138
84 200
20 49
78 176
0 19
98 150
23 63
11 56
11 46
68 87
124 172
69 95
33 141
47 178
159 166
79 121
74 111
28 169
33 150
128 176
17 95
48 96
75 142
106 139
34 172
0 1
18 43
167 198
124 209
90 142
31 103
95 106
11 96
124 168
122 154
88 182
46 144
137 174
59 85
49 139
61 116
60 207
118 204
93 203
157 167
178 179
161 189
13 189
93 123
45 128
66 92
14 76
10 168
118 188
10 163
158 180
61 139
54 81
137 144
170 200
45 48
46 198
19 87
116 179
69 133
7 117
42 47
27 39
72 144
79 136
10 52
117 177
70 196
194 195
42 180
193 196
69 175
76 86
130 199
41 106
67 146
147 150
126 209
17 53
74 78
105 109
22 41
152 178
22 173
22 126
58 158
71 171
51 159
147 192
160 193
123 210
39 172
131 189
111 167
200 210
49 102
81 172
7 14
73 160
147 159
57 65
24 162
84 192
158 176
51 88
164 167
54 104
126 166
87 155
43 163
95 108
117 193
2 31
92 186
108 128
198 205
84 98
71 184
182 206
7 118
96 196
14 84
18 131
5 46
167 179
31 203
10 111
94 148
168 184
66 124
70 201
14 108
56 121
0 13
88 123
25 142
164 184
41 176
10 44
16 66
161 178
28 105
78 151
24 29
101 183
133 191
172 176
45 155
94 195
23 93
43 117
86 98
15 81
82 92
32 57
87 95
4 18
113 192
22 151
90 170
33 192
115 199
71 102
93 127
49 99
86 113
87 176
107 147
34 52
169 207
73 182
107 150
68 71
120 156
12 141
78 142
86 87
4 77
60 87
63 167
43 79
71 90
127 173
3 19
24 56
118 145
3 144
122 141
19 155
94 137
98 136
25 153
82 157
22 152
21 146
149 169
70 125
12 163
27 173
43 44
60 71
59 73
76 151
119 186
118 161
152 197
38 107
20 82
36 183
182 194
75 166
162 198
75 139
48 92
90 153
74 116
28 78
11 177
2 95
118 120
114 167
53 172
143 180
30 178
3 161
126 143
164 173
168 179
36 124
65 81
7 116
70 171
26 119
5 138
1 190
104 127
52 66
63 64
129 178
61 197
35 208
28 201
91 193
20 168
92 203
49 113
84 199
50 108
88 124
33 59
19 126
205 206
195 210
91 128
103 107
4 103
84 107
137 141
116 123
185 187
160 163
49 174
33 111
84 168
90 174
6 31
22 73
189 201
123 206
64 142
4 75
32 192
149 174
159 164
69 130
40 145
130 208
168 180
155 200
110 165
14 89
13 71
121 177
86 161
29 139
21 63
140 169
62 181
69 169
97 100
67 195
79 91
67 202
90 112
5 100
35 101
55 103
46 178
119 144
20 56
20 121
104 201
36 110
36 77
88 94
132 152
60 63
32 90
97 163
131 179
65 183
45 70
11 169
3 193
29 79
104 173
72 100
41 131
128 138
74 198
62 86
7 13
38 111
97 133
1 112
19 123
166 185
82 204
67 78
106 156
105 150
40 160
80 102
39 111
63 112
65 164
22 67
43 157
102 171
152 188
194 208
75 201
90 137
71 138
180 205
74 180
60 208
90 106
27 30
43 62
52 149
73 195
100 153
88 151
10 34
111 125
90 95
13 133
135 167
138 149
60 198
53 144
45 110
61 91
108 167
1 76
91 161
50 203
137 168
104 105
19 114
2 188
7 92
101 136
105 125
58 144
0 114
60 150
10 184
134 164
91 175
43 76
38 114
7 11
104 138
119 205
71 185
182 192
129 133
64 120
66 112
34 37
72 136
108 151
24 34
164 170
145 210
19 177
95 199
90 158
101 112
92 206
16 179
60 102
13 206
19 31
25 194
79 179
12 187
203 210
65 142
2 151
31 180
98 127
78 131
95 176
88 163
162 183
37 210
5 147
145 149
13 200
112 170
88 172
22 107
189 199
36 111
40 129
54 129
93 146
62 140
0 156
12 209
118 142
19 205
113 156
17 71
137 164
74 88
48 68
10 114
136 210
3 131
73 186
59 147
40 184
41 190
113 118
60 177
28 143
90 113
123 141
78 189
5 164
24 168
47 114
182 208
23 100
53 136
93 151
96 143
57 59
32 135
83 89
72 124
99 153
14 70
79 81
84 97
167 208
45 62
51 101
141 195
6 184
55 154
166 202
22 79
81 108
47 101
14 65
54 199
40 62
102 156
54 148
6 171
121 210
18 74
81 205
111 122
50 60
114 118
93 189
99 100
109 152
112 123
63 87
12 182
0 62
16 158
112 153
65 110
115 204
56 183
0 147
34 100
27 176
112 197
91 102
32 37
9 188
154 195
39 78
59 192
105 193
42 190
109 137
110 175
20 162
14 178
76 172
48 66
125 160
33 144
175 179
67 81
69 71
40 131
74 181
149 178
3 150
5 84
141 145
140 143
70 75
180 196
41 187
20 205
36 138
62 149
68 195
149 172
66 207
3 67
154 197
136 159
3 26
40 99
165 174
56 84
40 154
114 155
126 148
75 157
209 210
124 176
100 136
96 150
140 145
99 203
123 137
140 150
43 112
109 179
164 188
66 102
55 146
150 160
77 155
41 105
48 177
33 209
179 187
58 136
59 153
89 117
129 207
64 196
86 126
15 97
140 194
84 92
76 184
45 76
11 154
9 151
30 201
74 112
82 109
88 121
161 208
112 139
161 164
37 154
116 192
200 205
6 91
56 123
89 102
68 144
2 177
45 88
18 72
138 195
55 101
96 135
10 87
71 146
47 104
75 210
113 161
117 145
126 159
119 137
98 159
28 81
6 59
67 165
46 71
173 184
3 53
196 202
63 186
28 67
83 109
110 140
82 186
17 91
0 130
10 193
19 91
81 203
157 162
74 83
50 122
31 87
72 84
36 68
74 151
95 162
14 85
82 167
4 206
13 184
54 208
41 202
20 66
31 152
7 135
20 161
93 132
120 173
29 196
35 66
97 115
50 107
158 198
58 125
71 87
10 113
63 158
170 192
9 93
135 138
17 66
84 87
10 203
26 108
1 54
85 190
100 189
157 184
49 198
31 81
2 141
103 112
130 204
132 133
79 123
24 131
184 196
127 167
108 201
145 174
42 93
26 49
99 184
98 141
16 35
10 74
111 127
1 116
71 74
206 210
24 80
81 178
103 155
13 207
87 97
120 133
27 199
12 98
87 123
67 115
3 86
51 129
49 196
78 96
19 172
38 206
57 102
129 130
2 14
59 123
38 56
122 162
205 208
70 151
38 145
36 142
12 165
19 102
132 209
95 172
65 172
120 197
183 196
12 84
75 145
132 155
126 178
105 122
13 130
39 123
16 125
70 94
105 179
42 114
87 98
130 203
85 184
202 208
11 17
71 149
38 168
34 57
74 187
149 202
20 178
46 136
25 63
27 150
26 175
12 59
69 98
18 157
151 175
6 62
158 199
68 77
108 112
11 210
19 125
13 167
52 182
10 151
66 153
18 89
8 205
13 40
83 120
34 67
57 112
163 187
93 162
67 113
20 185
16 168
62 72
103 195
66 118
18 133
17 106
12 208
90 118
17 104
13 81
67 110
74 98
41 168
56 77
52 180
30 101
17 79
36 113
68 73
91 92
50 201
23 114
37 148
119 179
25 60
95 164
5 124
65 188
43 93
26 207
63 105
54 126
110 195
94 121
47 175
42 140
51 111
21 140
171 203
22 115
21 199
3 154
64 204
68 197
23 34
45 104
102 183
97 109
53 116
15 50
28 88
139 197
63 208
7 177
135 205
155 173
65 86
18 167
46 96
0 137
33 94
27 151
174 188
158 178
27 126
9 139
57 106
57 163
66 104
3 45
66 130
11 68
32 81
102 168
85 133
175 190
110 201
18 23
38 68
8 112
143 183
104 159
13 73
48 162
129 200
44 179
130 177
30 148
92 135
7 159
114 141
147 187
187 193
136 147
124 162
137 162
32 116
199 201
24 87
114 138
95 197
7 55
167 197
155 178
85 93
40 130
8 34
82 135
40 108
113 171
5 86
8 82
122 144
148 154
21 190
34 136
54 98
177 187
148 179
69 208
103 134
56 150
161 209
0 153
19 137
19 204
200 203
2 173
69 107
113 173
124 191
24 27
51 113
118 146
3 190
83 147
91 118
152 153
120 202
130 180
0 185
188 207
21 127
137 207
97 125
5 158
181 205
21 65
44 104
17 203
61 156
87 137
22 187
31 186
17 25
88 93
8 84
102 112
69 187
17 31
35 56
56 132
35 177
85 188
76 125
14 33
68 108
19 132
90 184
3 40
39 77
6 23
120 122
8 14
96 103
37 49
140 192
13 82
157 203
100 164
99 127
157 188
36 98
6 193
72 193
109 136
22 80
35 162
6 181
1 200
50 72
13 125
111 133
40 92
16 121
134 199
16 208
77 110
36 99
166 175
113 168
100 131
11 199
49 162
62 101
184 193
37 44
29 206
178 191
63 65
61 152
96 208
3 69
68 156
6 114
53 184
20 68
15 144
26 125
71 93
33 98
18 146
15 202
18 122
24 172
1 45
32 79
107 138
13 110
0 10
111 161
67 86
153 204
26 97
1 72
59 75
62 132
85 126
6 130
49 94
66 122
22 110
142 176
109 155
92 201
20 88
52 60
82 162
100 197
144 203
10 153
19 209
129 169
35 70
143 165
38 101
189 191
52 161
31 181
6 49
122 204
71 199
77 115
7 63
55 210
11 57
52 208
5 140
61 165
10 36
37 139
101 171
78 136
79 99
58 128
115 152
0 41
42 84
37 93
32 134
137 184
87 183
51 173
27 110
66 138
1 16
26 83
89 163
14 46
18 137
109 170
50 142
50 115
27 63
87 192
137 139
64 99
22 62
187 199
144 210
46 167
103 152
34 143
140 184
21 28
128 150
78 147
64 185
74 192
72 166
80 120
100 176
142 201
113 131
5 28
85 99
41 103
30 188
120 126
45 73
59 175
95 158
48 172
115 206
158 205
80 125
44 182
97 202
48 156
145 175
16 154
97 136
107 115
132 208
27 135
49 178
0 196
29 148
7 24
33 70
94 98
10 119
93 208
134 200
16 109
48 74
41 206
141 197
95 146
161 181
132 190
6 80
51 137
59 71
45 207
175 207
73 161
128 136
15 94
94 142
45 169
13 161
48 148
71 75
165 194
42 182
72 138
119 143
125 126
82 168
35 99
79 177
97 124
45 49
18 111
132 185
53 203
138 174
121 141
96 186
135 170
109 110
2 21
49 112
79 119
149 204
132 174
123 124
34 59
44 110
82 181
54 90
16 20
10 88
93 199
64 168
23 78
62 108
23 74
168 206
117 191
0 204
11 209
5 115
17 37
26 47
22 39
103 119
46 69
93 138
105 126
38 96
132 186
118 153
131 180
25 161
161 197
75 197
70 154
39 173
9 52
37 134
19 189
129 140
116 180
156 167
4 175
94 188
36 119
11 45
52 58
49 207
168 201
29 108
39 156
32 38
0 189
123 131
88 91
145 197
8 87
104 131
62 109
62 157
58 159
23 76
62 67
43 92
101 105
34 70
121 164
87 189
23 140
97 99
116 131
43 178
57 171
119 204
26 60
86 157
91 157
69 177
63 150
29 154
172 177
101 164
79 162
85 201
76 161
12 17
150 204
146 154
19 106
55 106
61 210
55 79
97 155
79 169
95 185
59 176
23 30
10 132
54 203
49 182
109 166
146 199
83 114
55 76
126 152
51 65
40 134
47 92
46 90
51 81
90 164
140 210
161 180
99 147
28 36
75 87
75 198
16 193
7 204
134 169
23 181
27 45
80 180
1 99
194 209
134 161
146 180
30 106
80 143
0 126
106 171
14 185
36 173
15 166
22 53
30 117
128 156
31 92
69 180
30 129
143 156
9 104
103 172
16 120
39 116
192 196
166 173
46 187
53 146
80 199
150 183
98 151
27 68
46 109
100 166
109 153
81 99
15 62
93 144
123 154
68 207
16 29
86 103
24 104
99 188
36 128
99 117
28 47
97 103
59 206
114 160
190 205
186 200
35 97
40 104
53 191
22 51
125 167
113 193
21 138
41 67
27 28
86 147
73 84
72 112
138 169
62 186
208 210
11 70
31 74
39 194
12 31
43 184
174 205
99 156
140 160
116 128
190 197
135 201
108 162
73 203
8 25
67 87
3 173
90 166
55 178
42 138
89 150
25 64
7 186
2 51
65 118
108 163
33 52
31 52
169 194
1 185
172 175
93 202
72 140
175 205
174 184
141 177
92 141
61 171
11 179
18 141
58 190
8 72
175 192
31 168
105 134
118 169
1 210
79 125
177 190
61 85
126 202
26 100
94 106
148 209
5 191
57 170
19 89
61 202
60 203
28 125
56 179
36 162
49 167
40 87
30 141
111 151
66 96
142 210
50 195
0 6
119 125
28 196
27 204
46 179
23 192
1 209
110 111
92 180
71 94
60 101
20 57
35 153
128 192
188 189
8 181
72 134
83 153
63 111
47 61
127 185
113 181
166 204
111 144
66 108
167 204
102 153
21 204
36 37
23 46
64 166
176 187
120 158
23 146
43 87
118 159
137 187
2 189
201 202
157 166
73 133
93 152
12 100
24 45
109 158
14 187
50 66
66 88
156 205
37 135
34 196
80 93
70 77
108 188
41 95
106 122
11 30
69 194
2 76
69 173
64 114
15 91
109 141
55 80
43 70
57 177
180 182
19 192
100 183
31 107
75 147
14 114
113 175
91 188
143 152
136 180
26 155
14 52
89 192
73 144
62 130
138 153
15 137
89 147
71 106
47 142
68 187
66 99
132 202
81 181
20 53
65 96
37 60
67 97
136 157
72 178
104 200
90 145
1 27
20 46
52 93
54 108
62 142
134 170
16 75
155 202
89 183
37 73
15 192
46 56
8 180
29 33
116 160
60 142
108 202
129 203
100 105
70 87
50 99
80 189
32 139
52 136
24 195
90 94
113 197
75 153
11 200
67 102
48 145
11 44
17 180
4 130
162 170
92 117
23 156
80 152
76 157
83 122
110 192
76 198
53 160
60 139
49 89
21 62
61 181
88 126
17 196
107 139
12 193
17 26
58 169
197 209
80 184
14 100
126 130
27 47
130 136
29 126
42 169
29 35
1 123
46 81
34 190
167 210
55 196
45 68
102 139
57 118
181 210
26 132
180 206
85 156
111 139
58 77
22 55
53 143
112 203
81 84
57 182
60 65
12 43
27 148
80 116
47 48
116 209
81 173
127 157
98 176
22 31
34 183
41 148
56 82
168 205
45 130
31 169
65 204
156 191
146 172
152 177
6 17
34 159
25 151
82 147
82 145
18 145
11 66
29 54
135 154
79 165
110 194
59 200
31 170
21 77
14 105
85 191
46 97
78 108
11 113
15 193
77 111
37 74
38 72
171 201
155 191
97 143
46 121
120 163
71 201
86 91
184 209
39 186
12 190
33 131
17 60
16 67
63 205
18 203
15 108
82 124
127 180
75 82
115 122
21 119
147 151
12 116
81 128
86 166
23 119
70 156
161 177
130 174
78 198
44 82
22 149
19 22
111 153
124 201
32 160
21 172
4 153
154 155
96 113
10 86
2 6
17 102
31 194
95 201
62 99
80 192
108 180
148 166
91 156
135 203
35 160
4 115
42 178
20 51
24 108
30 41
10 103
47 91
20 58
71 159
124 207
21 189
71 203
99 169
1 105
85 170
11 122
97 110
4 11
60 108
143 163
19 160
18 173
2 140
164 169
51 121
1 51
36 154
8 40
106 128
8 172
62 91
21 87
102 129
23 33
69 189
108 176
112 162
63 182
159 189
136 178
80 147
53 89
43 181
78 132
11 206
15 73
84 164
23 98
58 91
46 93
106 189
133 198
26 184
24 95
107 137
134 142
124 145
78 178
54 128
52 192
3 168
6 166
149 167
132 203
58 110
92 106
70 129
79 142
78 182
16 135
164 194
105 168
121 176
140 191
103 108
58 81
97 189
41 173
13 83
55 149
59 76
92 169
105 198
33 63
99 194
63 86
57 203
26 74
39 180
75 98
135 207
33 154
52 72
15 60
76 129
19 107
98 148
91 174
102 116
78 117
171 174
35 37
22 75
10 207
40 85
41 135
13 78
37 159
149 203
18 188
107 162
13 75
101 151
13 99
81 162
3 139
26 48
11 139
32 76
7 99
37 177
111 166
89 172
120 154
36 73
101 102
2 69
3 5
130 135
55 91
7 160
25 31
5 112
107 156
27 106
130 146
145 189
77 197
100 122
66 91
2 137
22 200
45 182
90 136
62 135
109 197
44 89
2 125
48 52
148 167
145 208
0 134
167 200
24 61
54 64
37 58
38 87
13 191
38 166
52 134
3 21
95 156
6 21
11 125
66 150
21 150
28 126
3 192
78 199
35 75
27 59
8 91
194 201
11 52
32 100
77 203
117 150
105 202
126 191
178 195
175 188
141 172
87 139
63 134
39 42
98 167
29 52
109 126
28 30
1 68
23 29
3 186
83 187
49 163
44 59
38 128
45 93
25 29
141 203
6 84
7 69
64 108
137 176
50 176
45 55
57 67
114 174
75 152
170 178
31 89
52 70
3 94
4 138
147 197
47 161
122 169
27 29
104 208
34 161
107 146
50 104
149 170
147 207
65 117
88 138
138 158
11 146
145 196
56 63
41 156
191 210
170 199
49 180
135 193
40 77
19 149
162 171
8 101
121 198
148 176
95 149
3 60
64 192
14 73
38 81
93 129
11 53
74 147
80 175
26 157
87 166
48 97
49 70
70 116
89 113
82 191
1 94
131 159
45 165
4 10
134 206
55 58
10 80
116 200
97 184
101 180
46 182
22 174
44 156
128 144
140 181
44 155
61 87
5 60
30 66
49 76
139 199
146 175
13 177
28 138
20 132
90 134
81 136
16 115
58 99
140 209
151 169
59 94
134 185
28 190
20 129
73 141
147 172
3 112
62 124
26 115
56 202
86 114
32 202
17 72
62 153
14 189
160 187
100 179
115 144
96 197
70 159
87 167
7 16
67 98
56 59
134 140
65 198
94 168
125 194
163 197
71 130
35 50
13 168
3 12
77 83
103 193
163 191
82 127
82 140
37 54
89 205
81 140
6 195
43 91
54 73
18 197
20 169
118 139
74 76
69 158
29 62
55 201
25 108
52 202
36 149
12 151
112 136
98 204
10 63
19 135
23 53
88 135
103 205
16 51
85 166
10 24
2 172
107 152
89 179
23 106
81 183
42 99
145 161
102 176
96 142
64 78
17 187
169 208
3 169
171 186
121 203
82 98
100 133
31 160
86 136
134 197
58 86
63 198
24 40
9 171
177 180
160 173
44 163
45 46
85 152
140 166
108 143
138 176
53 130
38 75
0 173
113 117
3 188
156 186
81 150
56 119
22 74
164 195
10 129
122 163
58 126
35 132
116 155
50 129
94 172
24 185
38 138
119 193
57 146
105 203
127 201
10 138
10 187
80 82
22 78
56 110
70 166
28 155
12 124
81 122
65 201
115 169
56 172
47 118
108 132
58 174
106 204
50 204
90 208
21 115
46 111
60 185
142 174
48 98
87 207
177 200
12 37
18 21
95 126
39 163
90 199
75 123
154 184
4 144
11 27
17 148
199 200
88 179
41 80
69 206
100 119
179 186
111 191
26 85
61 172
65 189
81 161
59 173
7 20
175 181
168 198
73 187
0 101
14 62
8 96
80 96
67 174
12 77
43 116
177 206
6 155
123 126
82 119
2 205
85 179
50 77
80 197
114 181
117 139
14 118
3 132
110 113
129 180
20 131
43 48
86 93
28 187
65 139
95 196
160 206
0 197
55 192
4 119
39 98
8 22
3 54
36 112
61 158
8 46
128 135
12 171
35 110
21 97
125 148
89 123
174 197
60 73
36 181
139 142
54 190
25 140
115 177
82 144
1 57
87 142
8 33
34 164
74 96
176 189
13 84
117 133
9 26
45 74
122 176
70 131
156 164
16 199
19 61
19 191
2 149
95 189
115 173
14 198
0 71
177 204
29 157
64 112
161 202
51 58
106 148
50 202
21 124
38 202
41 85
125 154
109 201
22 159
72 203
74 121
79 128
7 74
140 182
113 163
113 206
51 90
66 168
55 89
89 155
101 115
117 165
38 76
17 94
23 209
44 201
149 208
99 160
54 174
49 188
63 176
90 183
25 73
33 97
114 193
104 176
25 62
73 152
111 178
29 149
138 181
144 179
16 149
58 161
57 110
196 209
3 13
87 190
102 115
169 206
23 104
22 71
14 109
59 116
93 98
77 202
10 158
105 182
58 117
33 38
11 116
38 207
64 72
7 94
137 177
47 168
22 209
41 186
70 195
16 38
67 183
123 204
4 182
19 30
5 51
109 144
114 173
58 62
87 106
71 110
112 143
53 170
33 106
35 157
107 203
79 140
81 82
28 168
23 85
108 172
58 78
50 186
61 84
146 161
86 141
41 48
13 139
68 117
109 180
28 71
22 179
45 108
107 144
0 95
181 204
9 94
20 93
72 87
45 149
117 186
32 171
8 27
123 136
16 63
69 165
24 65
15 206
12 186
31 59
64 95
128 132
53 162
91 199
47 49
24 130
108 208
10 72
57 91
31 201
8 51
113 172
142 207
196 210
24 55
70 146
24 36
50 69
89 105
43 46
159 206
49 158
144 182
85 106
7 157
93 126
102 162
90 196
123 207
3 118
199 207
133 157
97 150
71 107
153 202
26 180
141 182
89 90
65 74
10 83
89 138
50 61
125 172
25 27
174 199
27 78
35 182
105 145
178 201
29 179
17 168
15 177
72 161
42 207
168 188
18 34
162 174
137 156
58 148
170 198
20 135
1 134
130 197
88 154
80 194
84 186
32 157
170 201
29 130
3 111
1 62
108 174
0 145
41 198
160 167
70 197
100 208
102 191
51 168
77 186
85 97
21 42
12 192
75 94
34 174
25 79
14 190
40 50
10 205
87 120
44 185
159 179
58 112
49 151
48 190
26 182
72 179
44 172
30 150
151 174
16 195
34 97
88 101
52 114
133 204
84 121
141 171
21 196
131 199
18 169
92 179
173 195
34 68
77 139
46 48
114 200
6 119
3 147
69 132
8 122
7 210
75 159
197 202
122 198
17 89
101 116
74 195
7 52
34 184
169 204
176 196
101 173
121 139
111 120
29 183
27 141
40 83
117 168
15 101
173 206
161 206
36 91
11 50
8 56
46 147
90 102
43 114
182 205
31 73
11 152
25 184
154 173
45 98
81 127
137 167
127 168
11 80
73 205
117 171
156 183
118 196
136 164
93 195
39 124
82 110
37 145
81 184
137 154
20 92
120 208
35 119
1 113
9 167
88 127
25 163
100 152
2 27
22 203
41 161
69 170
157 174
26 81
153 177
168 181
5 99
100 144
0 25
170 176
49 159
95 140
35 107
87 93
43 133
61 81
143 168
2 117
83 131
195 208
109 131
74 179
79 122
40 53
6 173
95 193
12 40
22 171
3 85
104 202
99 134
22 136
144 148
171 199
9 18
80 112
92 159
38 122
101 107
50 135
151 199
106 136
3 135
18 57
44 100
33 181
162 164
79 146
52 143
121 179
4 26
29 89
24 70
53 198
61 151
69 135
8 183
1 168
5 183
81 101
86 205
101 199
73 175
16 142
53 167
116 173
130 158
62 161
7 21
125 177
24 191
46 77
151 184
21 61
79 82
3 63
72 182
30 47
17 188
145 155
135 196
44 112
108 195
37 68
1 41
172 174
15 118
39 104
21 43
27 94
48 121
37 199
56 207
121 129
89 182
150 153
13 204
15 204
104 190
31 188
11 13
118 140
94 210
16 205
128 147
70 203
49 133
38 95
13 162
42 43
9 113
80 118
126 167
75 140
151 183
184 189
97 131
20 191
24 121
39 203
0 79
94 201
167 196
7 202
157 207
95 175
57 145
64 137
43 115
53 79
114 133
106 157
76 149
34 176
34 155
16 178
87 151
10 32
85 104
2 64
179 184
48 202
38 185
27 146
87 188
58 188
74 164
124 196
148 206
133 145
110 178
24 145
37 71
19 73
100 159
110 115
88 165
109 112
105 155
54 192
57 140
103 104
16 86
30 146
117 188
90 141
85 125
76 84
33 179
27 157
11 172
40 156
121 161
45 134
27 73
176 207
12 78
63 80
123 200
82 151
34 77
79 103
192 210
54 88
130 200
61 135
144 195
120 206
21 160
26 52
143 160
5 89
28 53
44 143
57 151
115 156
49 173
60 143
128 183
21 131
98 177
5 94
173 205
7 140
67 190
22 119
6 206
141 185
7 205
170 203
77 94
66 132
21 129
11 118
50 131
87 114
59 204
143 195
143 202
2 113
18 172
152 170
25 122
22 139
79 107
85 169
91 208
117 175
159 177
23 173
2 139
36 120
101 202
41 64
109 176
65 135
158 202
48 110
142 150
191 198
83 138
94 104
49 60
42 198
90 107
111 193
27 131
109 145
131 153
2 179
37 129
1 28
147 203
9 136
37 114
26 28
61 185
1 122
79 133
26 149
44 149
143 170
35 203
29 87
115 137
57 86
32 126
148 204
146 196
113 121
91 171
19 194
29 124
43 72
123 208
144 186
35 133
17 194
40 192
27 105
37 107
126 128
27 134
53 101
48 69
63 201
28 82
59 161
148 156
90 119
78 138
25 192
16 73
144 146
18 195
17 141
10 75
93 130
51 171
169 202
26 156
9 191
92 98
14 150
135 148
6 65
108 114
55 59
60 210
101 123
63 203
96 185
21 117
31 141
16 114
178 187
55 126
27 71
57 190
93 97
33 165
8 71
100 195
113 115
66 149
31 128
97 203
139 147
108 156
46 209
136 176
41 195
22 194
52 74
160 194
86 108
128 159
6 63
42 112
65 112
64 205
136 183
37 143
2 201
51 63
44 191
69 145
58 203
72 190
171 180
49 143
92 95
9 168
166 181
39 125
110 131
69 97
79 89
135 182
9 205
97 188
10 43
158 192
1 71
52 123
0 184
82 146
156 180
94 163
22 91
11 76
2 59
154 208
64 190
141 199
8 106
120 161
117 181
76 142
17 96
63 140
91 204
24 38
83 173
19 179
46 65
84 202
100 130
89 110
45 141
70 111
50 167
8 76
4 176
18 170
47 82
39 150
78 143
98 196
6 113
147 202
96 146
105 132
20 111
64 77
136 174
36 203
153 172
40 76
15 41
23 89
61 154
150 154
56 180
199 210
6 152
36 158
108 119
137 165
31 111
60 163
83 189
82 136
80 124
19 196
106 123
90 92
146 194
172 189
23 67
148 173
16 197
159 192
29 96
27 108
140 155
133 134
132 171
44 69
8 160
77 148
40 143
40 121
84 207
33 207
128 148
196 200
46 193
96 155
45 143
44 92
84 116
14 209
21 55
109 204
9 128
56 88
131 175
154 187
175 184
60 92
58 192
86 139
117 167
1 138
1 146
41 127
2 92
20 142
90 171
126 193
138 200
105 171
33 180
25 146
51 55
96 134
25 182
39 57
138 143
43 55
10 181
82 169
43 207
74 75
93 137
68 129
62 78
16 103
5 119
79 127
31 50
40 112
86 155
21 128
61 170
93 163
103 154
23 77
56 175
124 202
158 188
160 200
47 163
2 118
46 152
126 192
87 147
51 83
4 143
30 40
44 121
26 72
131 157
85 130
88 197
129 173
170 205
46 67
83 132
83 87
89 184
23 170
87 161
141 192
126 186
8 30
100 178
121 130
47 187
26 101
117 136
55 130
52 106
8 203
161 184
59 185
6 132
30 54
175 202
128 169
42 146
131 161
42 192
20 195
48 131
2 44
117 199
123 152
45 147
101 201
91 136
47 75
69 182
113 199
8 199
65 128
78 181
41 185
60 158
186 207
92 188
87 119
87 205
51 206
48 143
0 163
8 184
64 182
26 133
125 166
88 132
16 128
31 159
85 149
58 208
73 117
83 134
75 102
9 100
36 165
36 197
21 39
76 103
15 183
153 167
111 197
52 197
41 53
149 209
76 109
102 190
60 189
89 122
9 148
57 89
30 99
156 197
174 191
22 65
142 200
16 136
16 118
25 99
164 208
58 92
52 132
56 136
20 156
137 188
56 196
135 186
2 196
176 193
92 192
68 105
44 94
72 173
118 209
82 201
58 130
103 129
105 160
0 18
34 79
89 96
21 171
71 91
25 45
55 100
24 88
101 172
64 119
113 196
4 170
120 159
58 60
8 170
158 182
73 202
128 149
182 209
1 149
18 106
14 36
113 119
76 197
119 191
139 193
82 178
181 192
23 94
59 65
96 149
36 135
83 94
1 163
183 208
145 170
96 169
115 165
184 199
15 210
70 153
181 203
91 173
153 187
3 201
162 190
26 68
49 105
33 80
124 164
55 209
102 114
0 174
86 121
85 208
39 58
190 200
126 198
14 64
31 155
160 169
107 110
134 159
18 124
48 165
7 131
43 101
1 92
68 203
119 173
75 148
38 186
7 188
117 154
67 88
50 100
104 195
27 172
42 165
95 210
59 146
123 188
114 120
63 166
9 72
48 193
166 168
26 82
118 187
14 86
79 129
36 208
84 172
131 202
65 90
126 201
27 99
89 198
45 99
76 87
70 93
133 205
38 154
147 167
108 144
45 83
150 161
10 118
66 199
42 195
85 136
187 188
15 201
60 181
58 120
189 206
48 107
68 179
192 204
54 122
48 149
16 23
54 77
27 123
98 149
91 167
13 144
121 187
1 91
19 169
103 159
18 180
10 53
191 209
36 40
71 182
30 36
85 176
102 160
99 186
90 100
66 144
21 164
16 47
78 165
121 184
21 105
29 170
164 178
36 101
123 149
14 172
22 69
116 134
0 22
117 192
40 147
55 159
71 109
3 199
83 133
24 160
22 195
17 193
68 196
42 170
4 54
6 15
73 113
56 126
143 157
17 170
9 23
87 180
58 168
5 20
53 196
51 135
87 203
113 133
0 58
70 81
55 96
120 134
38 112
17 75
9 138
7 72
71 132
147 148
67 152
16 54
12 110
28 150
172 182
49 124
127 141
6 147
51 119
43 56
161 169
142 147
112 182
14 194
17 129
170 181
84 185
87 162
55 175
145 162
101 145
54 76
59 180
2 100
44 133
65 82
43 149
167 180
87 144
56 169
36 45
23 128
3 98
12 204
88 143
110 184
0 80
17 113
1 177
41 191
111 126
97 209
2 187
8 153
44 138
156 168
120 198
71 144
163 175
95 123
49 61
78 145
102 201
51 107
88 98
17 103
133 209
73 134
69 80
107 153
31 115
99 182
96 161
21 114
46 114
61 203
98 147
110 161
7 142
105 183
94 206
118 157
122 194
49 111
64 200
76 160
7 79
44 146
37 75
13 61
69 174
111 140
22 29
73 74
64 84
37 196
139 155
120 174
112 127
84 167
72 150
36 180
12 198
83 119
62 77
24 189
88 210
54 167
15 191
76 207
14 42
51 64
52 205
3 205
163 207
39 176
2 115
31 150
122 197
36 100
24 190
18 65
71 99
159 176
70 73
68 204
172 209
32 132
121 148
