213
6
2257
60
107 2
99 2
86 2
79 4
83 2
103 3
108 3
85 1
101 4
116 2
108 1
106 1
105 4
108 1
86 2
88 1
115 3
107 4
92 5
105 3
95 2
95 1
115 3
106 5
84 2
105 1
82 5
97 1
79 3
103 4
103 4
113 1
108 1
111 2
83 1
105 2
83 5
90 1
109 2
104 4
83 4
92 2
105 4
87 2
87 5
96 2
96 2
109 5
78 4
83 4
109 3
83 5
101 2
88 2
116 4
109 2
83 2
81 5
111 3
93 1
85 4
108 2
101 3
78 1
78 2
107 3
113 4
112 2
114 5
91 3
114 2
94 4
96 1
80 1
100 3
95 4
90 3
78 2
86 1
113 3
104 5
80 3
111 4
88 2
78 1
93 5
98 4
93 1
85 1
92 3
88 4
99 2
102 5
101 3
111 3
96 2
112 2
103 4
94 5
81 4
91 2
111 4
112 1
114 4
103 4
102 3
89 5
93 5
94 1
85 2
101 5
103 3
85 3
80 4
112 3
102 3
85 5
83 1
113 4
84 4
91 2
108 1
90 2
109 3
105 4
112 3
113 2
91 3
79 2
108 4
91 4
116 1
85 5
102 5
99 3
107 3
114 5
78 2
93 3
102 5
109 4
88 1
91 4
88 5
111 5
115 4
84 4
85 2
116 4
108 2
108 3
104 4
106 3
87 1
87 1
85 2
83 1
91 2
86 3
94 3
104 1
112 2
94 2
111 2
107 1
105 5
91 1
111 4
107 3
83 2
83 3
82 2
105 3
94 4
78 2
104 5
96 4
82 1
96 2
103 2
91 5
90 4
116 2
94 2
91 2
87 3
98 4
79 3
80 4
113 5
115 3
106 2
114 5
93 4
87 4
113 4
102 1
105 4
86 2
79 2
97 1
105 4
111 3
106 2
102 4
85 1
83 5
85 1
98 5
85 1
102 3
82 2
105 3
16 182
0 94
110 119
95 209
4 160
26 42
28 132
0 106
0 83
121 130
35 68
105 168
15 82
73 147
19 140
47 93
49 88
104 141
147 200
105 125
80 158
92 154
45 138
104 106
80 127
79 109
64 95
143 212
107 166
101 140
10 161
81 184
148 212
103 193
26 49
115 196
75 100
114 210
28 54
9 91
107 140
25 198
18 171
14 48
16 185
123 124
66 96
29 137
60 200
56 135
48 173
15 20
37 144
126 189
68 88
113 129
28 127
91 181
20 94
71 112
79 182
127 137
175 211
90 127
76 114
63 185
38 187
85 201
137 184
38 71
118 131
112 113
29 208
5 167
67 171
60 202
172 202
11 159
113 212
159 181
39 53
1 177
108 139
156 206
142 176
23 65
86 135
165 174
38 160
90 126
10 27
56 155
202 208
0 43
113 168
132 200
0 210
45 160
6 151
158 205
94 142
28 167
154 178
41 125
68 183
31 184
7 16
42 87
60 127
68 142
89 190
62 207
169 208
128 205
106 192
40 202
58 157
162 205
128 179
74 95
54 128
77 185
154 175
111 129
57 136
27 121
96 138
158 180
142 168
124 166
1 36
83 182
51 58
62 133
35 119
121 211
132 154
54 71
49 73
67 141
98 156
19 193
12 76
37 56
37 138
100 185
56 203
185 207
47 152
112 203
150 190
3 53
69 196
31 62
3 46
44 99
66 184
54 178
106 135
109 144
41 108
82 119
38 65
82 148
170 195
15 22
6 104
2 50
139 140
123 171
74 157
144 212
14 207
100 112
81 97
35 115
87 193
58 154
157 162
3 179
3 169
56 102
115 156
3 104
106 211
77 120
35 184
13 140
113 153
87 182
8 103
24 160
156 160
20 125
60 208
4 85
58 105
101 189
32 66
138 151
18 98
83 89
56 132
43 128
47 76
97 196
165 193
167 182
40 192
29 55
116 193
100 208
25 119
86 155
60 136
51 131
117 148
66 79
204 211
85 102
158 202
76 112
50 186
40 122
4 19
92 202
16 118
104 135
80 109
106 131
7 183
35 59
8 100
64 71
29 177
37 209
2 170
47 90
25 176
130 208
172 179
93 113
1 70
126 145
114 129
42 98
25 69
64 143
175 196
51 150
23 77
47 162
92 203
126 159
116 201
123 180
128 168
55 182
99 114
4 23
91 147
40 63
17 55
4 12
50 151
103 212
56 120
36 99
136 196
13 95
41 83
61 190
148 182
13 75
141 170
4 69
10 124
23 202
38 120
55 121
69 76
150 177
29 72
40 131
79 193
114 144
68 73
109 140
72 184
16 132
69 171
59 73
156 170
63 208
97 133
64 155
123 201
48 50
159 209
64 67
124 195
129 140
38 44
115 164
136 171
61 185
29 40
48 55
79 112
49 140
33 80
2 43
161 163
35 147
162 182
41 70
1 85
50 102
76 182
26 201
30 151
93 94
42 70
70 182
54 182
105 206
90 163
23 123
92 204
129 204
34 44
53 194
90 109
115 212
10 87
91 143
10 132
87 128
163 200
62 79
43 209
74 128
124 149
51 167
66 142
153 190
39 101
100 138
47 108
21 83
24 136
45 116
25 142
97 120
20 166
66 147
67 167
13 173
26 60
100 132
1 76
29 52
84 203
105 172
64 97
98 108
87 198
52 153
41 55
112 200
22 116
6 39
141 142
53 144
153 164
155 166
1 65
96 121
47 166
98 109
118 151
3 19
85 136
94 144
145 201
15 137
49 135
17 186
66 195
59 79
68 179
100 119
111 196
80 115
40 174
9 99
56 202
29 175
154 158
78 114
88 175
15 71
4 52
167 197
0 132
72 77
148 178
34 61
123 126
7 147
165 173
70 156
134 166
1 2
4 146
189 190
76 124
17 29
80 99
35 133
18 141
44 183
159 199
21 37
30 34
102 177
88 109
74 80
98 155
105 188
83 146
61 103
177 182
28 140
62 183
130 152
28 57
35 140
44 176
129 182
79 160
20 182
47 181
53 89
48 152
0 38
5 142
75 121
150 184
75 103
31 38
119 212
101 159
179 203
32 56
192 203
113 115
50 144
112 194
11 171
61 180
108 203
59 195
0 130
9 139
71 130
67 184
44 79
114 190
97 192
170 204
89 129
6 108
68 171
3 149
62 142
9 134
41 46
6 81
104 123
147 178
54 162
185 209
165 182
49 77
162 166
15 110
14 88
31 176
9 86
31 121
45 85
133 203
74 101
92 98
104 198
67 197
28 34
39 205
26 194
161 195
126 162
120 187
122 147
52 103
71 132
62 126
188 198
26 177
145 212
77 88
100 179
160 202
21 45
48 56
80 141
69 124
6 147
47 128
62 115
161 183
165 205
97 169
17 139
16 130
116 176
153 161
7 26
121 144
29 61
15 210
53 96
21 133
148 198
48 123
189 203
7 117
117 150
26 70
85 107
90 137
177 183
56 117
94 199
8 125
23 117
30 165
93 180
31 135
69 126
39 164
113 143
66 204
164 188
80 93
69 131
107 174
76 183
5 163
120 128
22 160
3 45
131 185
13 146
28 49
46 168
121 145
69 151
119 191
28 163
34 103
37 207
96 150
138 191
76 202
44 150
6 178
17 100
7 177
21 137
96 142
25 124
156 159
45 157
10 13
120 201
160 192
25 76
57 59
2 180
90 169
70 102
74 94
49 80
107 109
71 143
4 173
54 157
157 171
60 73
65 81
54 149
99 137
187 208
6 11
126 183
38 182
87 111
11 27
131 196
65 198
67 127
153 187
168 187
27 118
10 66
6 105
101 208
93 119
7 131
19 122
33 69
6 45
118 147
75 78
10 36
65 196
43 144
130 144
106 117
108 166
91 183
68 189
20 50
109 143
1 172
124 192
32 63
32 148
39 45
53 80
33 41
59 190
163 201
59 205
9 16
86 177
57 167
29 120
54 69
8 27
10 206
173 211
85 205
72 125
72 123
101 136
45 170
101 107
44 161
83 168
67 187
167 178
9 54
26 156
72 127
6 69
88 127
69 119
39 85
144 196
56 85
132 148
141 174
137 145
105 179
191 206
28 111
92 118
163 170
1 209
19 91
33 63
97 181
155 191
198 206
166 206
107 163
121 193
71 115
51 212
105 210
10 134
31 159
142 194
185 202
94 130
5 183
129 132
43 75
40 129
43 120
53 97
32 185
94 202
52 172
154 157
158 210
194 200
31 77
9 15
22 95
73 191
74 100
33 40
181 188
73 152
35 85
86 103
52 108
49 50
50 87
67 80
90 154
57 63
168 212
137 211
78 144
164 210
76 146
120 157
144 165
148 206
167 208
74 205
120 141
93 182
75 164
20 153
160 164
130 158
79 192
110 171
70 199
50 196
40 177
82 113
120 195
44 195
3 160
92 148
59 143
21 73
9 191
27 123
71 72
43 137
20 67
2 152
161 207
51 122
85 130
110 212
19 138
26 59
77 151
51 203
115 171
59 173
18 36
7 28
37 150
89 203
39 143
16 187
10 167
78 176
28 80
208 209
73 166
73 107
163 212
127 143
53 112
77 192
78 191
16 89
13 171
106 174
30 125
68 190
152 195
158 207
95 182
114 131
18 174
161 199
60 184
79 144
50 203
118 198
76 88
117 145
41 210
41 182
135 207
60 68
65 74
171 197
89 188
43 146
11 196
94 188
188 193
116 148
69 70
9 25
41 147
83 92
68 127
10 193
25 158
66 191
7 144
35 136
140 165
118 195
14 58
70 181
105 148
8 211
37 97
112 148
27 62
76 208
56 144
96 180
35 172
40 90
143 204
17 98
195 208
15 60
41 153
86 111
197 206
9 35
11 74
93 110
24 82
90 145
60 62
47 137
58 189
1 20
26 35
169 211
15 45
45 141
74 181
5 126
95 107
54 102
128 140
17 157
25 185
8 48
141 190
41 209
1 72
93 191
14 74
62 205
29 99
4 161
177 203
25 109
40 166
82 209
57 130
113 163
99 125
82 85
38 161
34 189
15 186
130 186
25 138
94 195
151 208
1 113
6 9
110 166
185 192
64 161
152 204
5 41
116 190
11 169
19 182
173 205
48 197
51 178
48 113
7 60
49 154
85 92
132 144
79 84
1 28
54 75
98 210
44 83
116 166
86 175
49 194
4 72
115 205
22 81
40 159
190 212
167 195
74 191
69 111
64 149
88 101
142 150
141 180
33 155
82 104
37 108
149 205
13 56
161 184
119 123
155 175
28 32
62 75
71 86
24 173
3 118
46 52
85 139
99 130
157 175
123 172
142 186
143 169
37 162
83 117
104 137
8 36
42 161
6 32
44 189
57 182
79 115
58 171
52 196
140 151
14 60
92 184
136 190
16 18
59 189
22 82
67 138
45 143
48 66
105 153
0 56
81 85
32 72
87 200
57 83
4 25
47 130
115 200
82 180
36 159
37 116
56 143
17 178
31 41
111 203
58 70
26 91
172 181
108 206
36 200
103 148
105 157
34 208
6 114
46 102
48 193
39 65
74 111
28 131
61 104
85 123
74 165
141 204
1 50
129 139
14 23
33 167
66 86
12 144
147 194
134 138
119 120
173 175
83 190
85 129
16 94
26 198
124 146
116 185
139 156
67 94
172 195
11 36
100 149
29 116
81 209
78 161
42 153
69 197
5 111
59 201
96 100
34 202
22 184
27 192
115 179
170 176
157 206
7 54
194 198
75 134
117 167
106 163
119 154
30 201
64 66
14 172
111 132
104 151
8 123
29 91
30 181
157 210
56 188
13 163
54 81
155 157
144 166
8 29
21 88
164 201
101 163
11 29
6 79
130 199
46 143
126 209
13 143
14 16
145 210
25 195
83 156
60 190
198 210
49 54
38 189
86 202
30 123
81 87
44 136
77 184
8 139
9 171
3 152
123 208
162 209
88 198
88 97
2 190
113 209
126 182
65 124
21 189
4 93
63 93
121 186
66 109
35 55
120 133
2 183
112 125
27 109
173 183
45 63
111 128
112 131
3 125
51 113
166 204
180 181
6 206
8 98
14 181
25 65
190 204
7 194
31 115
6 60
164 177
71 205
47 146
130 165
22 143
32 211
181 198
133 188
92 187
90 161
34 178
22 99
72 73
70 85
51 187
107 121
134 159
18 35
59 168
21 99
107 173
111 177
74 117
43 152
146 147
80 201
11 95
52 211
31 57
103 180
45 196
76 194
21 165
59 210
30 185
50 195
10 117
155 182
44 143
3 54
28 182
96 189
30 63
49 205
10 116
85 180
126 207
62 68
78 107
138 157
93 149
1 69
25 59
8 199
116 129
79 157
34 112
111 125
75 156
68 115
51 95
61 118
54 154
104 197
18 201
29 48
109 209
105 193
52 62
127 157
17 43
62 143
78 209
113 121
85 181
61 84
102 148
48 119
102 121
57 103
58 76
134 151
92 211
91 152
135 159
168 193
70 115
10 123
34 190
41 76
32 64
6 34
36 178
211 212
29 151
52 70
10 79
103 128
38 131
89 197
43 176
16 197
27 51
8 69
12 148
144 162
98 111
137 205
138 156
71 134
77 101
147 164
28 194
56 103
55 119
10 171
183 202
166 171
72 179
3 114
26 77
113 194
139 189
60 168
87 123
79 212
24 122
99 160
81 181
41 100
205 211
65 150
119 136
29 32
1 147
103 147
47 202
86 200
46 93
57 190
10 186
153 185
14 81
43 55
3 17
26 185
38 193
24 65
101 125
19 156
164 181
15 200
43 182
24 74
67 149
117 125
88 194
127 151
177 188
72 199
120 127
128 143
35 92
43 195
6 109
24 125
57 212
62 147
126 184
58 120
40 153
74 76
8 66
175 185
193 211
14 157
70 150
48 201
101 175
70 172
20 29
92 106
13 70
3 116
84 99
102 108
36 192
68 105
94 148
101 144
73 118
51 78
135 171
51 100
68 71
117 120
17 180
95 134
8 197
30 108
26 178
111 173
44 198
15 96
119 187
74 127
29 111
120 173
123 157
13 115
56 91
81 129
22 104
19 166
35 99
75 107
59 175
41 179
58 163
8 188
55 117
92 94
144 187
155 167
135 137
39 48
71 210
52 92
22 52
78 193
72 200
55 85
0 98
55 151
11 101
33 124
4 197
148 190
146 150
9 140
11 18
49 72
22 129
42 129
80 150
64 176
115 186
64 197
43 109
52 130
40 97
167 168
15 150
60 165
157 178
23 45
57 96
79 85
78 204
165 176
51 61
11 188
98 134
10 125
86 171
152 202
28 156
25 120
103 129
4 164
19 76
69 110
2 59
81 114
39 153
34 142
56 90
147 148
146 187
58 159
83 134
172 211
31 53
53 132
78 92
29 63
38 127
91 174
105 178
9 184
110 131
51 89
68 132
6 189
41 85
117 184
88 124
85 145
64 158
49 110
30 166
35 84
54 73
53 90
159 204
4 171
37 130
32 99
23 153
73 104
10 56
97 187
112 186
59 134
46 122
65 76
5 85
18 31
123 146
108 199
1 47
10 26
53 146
49 192
23 140
49 129
129 191
13 35
155 194
57 104
96 144
11 46
104 196
163 179
156 167
92 126
117 208
6 143
133 162
35 127
7 72
55 97
43 168
92 170
18 120
25 26
9 79
179 183
1 203
42 130
137 203
121 153
42 89
45 73
66 154
89 189
195 196
19 133
58 69
57 168
82 152
11 183
18 126
25 189
2 53
4 20
8 108
96 211
176 192
12 114
64 122
117 157
138 194
100 108
102 169
119 183
40 207
93 104
47 78
96 186
12 146
40 65
81 178
35 148
84 130
65 127
132 150
111 158
11 202
50 76
130 159
114 141
59 158
10 38
108 132
9 154
100 154
27 134
98 189
2 101
22 180
132 142
68 155
33 182
110 156
90 192
124 187
10 81
88 151
37 156
56 79
25 97
192 193
162 191
52 133
97 109
111 119
131 201
126 129
65 89
24 90
23 112
32 81
112 172
2 199
101 134
43 59
14 41
120 182
113 136
28 76
181 184
10 145
3 209
108 167
76 127
73 119
66 179
90 206
81 144
18 63
185 190
36 127
185 193
24 210
17 155
29 105
58 141
40 94
54 63
21 115
125 180
68 185
51 99
12 94
99 101
55 160
151 207
34 209
154 167
108 158
147 191
91 167
14 182
45 76
47 75
94 149
32 158
78 156
23 50
105 116
90 202
113 160
92 96
49 65
2 4
23 74
13 208
89 130
25 128
52 64
119 190
108 142
118 181
24 58
122 130
9 165
61 164
49 90
154 211
1 43
107 122
155 201
105 121
95 156
73 194
45 55
11 135
36 68
61 174
30 55
85 167
95 191
40 198
14 21
104 107
1 14
57 122
67 186
170 194
39 200
95 100
9 10
149 188
9 201
135 180
61 201
156 158
126 210
74 126
61 101
9 136
129 152
56 185
81 177
168 174
40 171
61 171
154 164
9 11
177 199
97 131
26 163
129 178
16 105
81 201
41 93
139 195
124 134
135 194
15 202
103 134
189 195
77 178
204 207
167 209
51 126
40 130
11 24
31 136
35 207
16 27
177 187
37 51
32 62
44 119
40 112
102 130
13 184
4 6
83 144
151 156
103 153
35 48
105 144
67 209
8 43
10 22
17 149
48 182
70 77
24 131
112 114
2 148
49 201
39 92
86 181
98 125
18 142
28 64
87 98
147 160
41 204
7 112
62 107
13 196
29 78
190 211
19 78
163 198
16 55
116 184
99 167
160 187
93 211
15 53
82 201
69 105
108 153
28 47
171 199
90 199
67 181
111 195
28 100
128 175
40 184
42 95
40 91
15 25
59 130
44 125
124 197
17 125
77 165
42 65
115 158
209 211
94 121
28 79
86 140
61 76
121 147
92 125
65 188
33 103
102 201
153 189
68 152
25 78
130 194
28 83
116 189
42 58
70 120
54 66
59 194
32 152
111 175
73 204
82 191
4 122
11 154
73 117
35 51
41 198
58 148
47 83
45 50
63 182
70 169
151 152
134 201
40 147
53 162
69 92
123 183
47 179
117 205
159 188
97 100
92 196
196 207
98 99
81 160
20 45
47 61
21 212
36 101
178 193
102 208
162 206
5 20
58 116
73 169
43 89
149 170
50 204
134 163
104 136
73 212
47 188
27 195
14 102
113 141
109 125
158 192
102 211
95 120
192 204
119 206
66 81
77 158
49 203
149 206
148 174
167 185
42 207
142 157
19 205
6 29
88 118
22 93
10 72
117 153
32 166
105 110
32 38
2 26
85 93
68 174
16 46
73 182
65 182
100 105
42 125
89 121
22 83
61 91
74 115
10 140
8 97
149 165
83 189
28 107
1 197
122 154
94 151
58 90
79 173
33 199
20 185
50 111
71 120
141 188
66 74
12 134
30 129
47 94
59 97
202 206
60 81
30 105
30 116
73 75
47 86
13 105
72 203
104 120
39 161
28 42
14 68
61 198
10 19
41 48
71 97
123 132
31 181
15 101
6 46
7 198
103 175
93 148
52 189
117 191
27 207
203 209
138 178
88 148
36 174
53 147
35 137
99 171
102 136
18 195
75 184
51 184
70 201
131 155
138 141
86 161
102 113
75 133
16 144
5 31
54 180
15 161
74 151
104 162
135 172
53 95
22 137
9 107
10 157
80 138
151 179
3 178
23 168
97 125
23 151
115 163
48 126
81 211
25 173
44 101
136 155
19 147
53 69
203 206
42 59
161 171
97 162
117 211
84 140
77 167
154 189
5 73
62 80
22 75
75 83
15 119
49 143
33 141
79 169
102 187
42 84
20 89
48 90
84 98
69 152
115 120
175 184
53 67
179 199
43 139
141 163
31 54
44 90
80 132
57 112
155 168
55 79
18 121
103 204
125 135
57 205
6 78
76 145
107 111
180 196
62 121
54 210
40 204
31 134
19 187
31 160
52 104
100 147
60 105
34 186
14 192
46 80
17 140
66 72
91 182
89 160
160 178
24 116
73 135
142 146
29 192
50 92
129 173
25 121
61 99
20 77
55 86
126 172
94 157
59 188
47 122
188 194
88 211
147 201
14 94
37 67
85 177
39 91
47 203
60 76
16 195
6 96
125 127
36 115
13 32
30 142
32 106
178 206
12 52
29 156
30 174
125 151
92 121
175 191
13 139
80 94
10 138
99 100
168 170
87 120
11 19
3 113
71 133
1 27
104 191
24 204
43 69
105 194
65 199
136 193
81 88
76 98
28 185
145 188
46 172
67 147
47 64
22 23
38 40
84 208
39 111
56 114
149 211
50 137
8 190
31 113
89 132
29 103
39 144
28 113
17 150
154 172
132 175
139 196
62 202
60 118
35 124
2 124
5 176
14 44
76 168
18 45
42 46
57 192
44 60
158 208
161 204
118 130
8 111
151 171
50 148
157 204
60 103
32 202
39 68
9 121
61 147
52 159
24 38
111 163
105 165
32 100
149 180
31 92
136 200
23 25
55 99
149 198
87 145
145 173
104 112
23 189
21 206
111 172
8 134
11 35
24 103
57 124
86 152
103 176
17 123
68 172
56 59
15 146
91 184
132 164
51 174
26 100
32 133
1 178
73 190
104 178
85 175
59 87
41 132
56 84
16 30
41 95
24 158
23 132
119 188
53 201
135 202
65 206
93 125
97 176
23 69
76 120
128 192
31 46
11 98
17 47
129 169
160 197
38 46
1 30
91 135
66 124
30 59
54 199
90 203
116 191
27 138
145 159
7 135
16 201
26 120
54 96
0 183
74 201
118 125
112 135
119 128
26 97
24 30
75 102
76 134
9 78
71 118
88 170
10 208
109 208
6 176
27 108
13 125
196 211
81 172
25 186
38 91
9 146
2 151
49 74
182 202
0 37
111 130
39 151
127 209
67 76
14 173
56 75
28 199
166 212
18 38
40 196
131 183
85 190
34 147
118 133
145 168
20 23
6 204
64 115
102 158
106 182
46 110
2 162
39 160
124 191
70 195
178 182
86 112
1 128
4 191
55 200
82 158
44 93
101 156
119 174
18 74
127 203
143 159
36 98
81 125
148 165
113 152
70 158
47 129
54 101
1 124
27 204
6 132
120 194
18 43
55 154
92 132
173 204
5 14
102 112
82 133
0 191
64 109
8 9
25 192
5 18
104 171
49 63
15 205
133 158
7 23
147 177
65 209
15 142
43 135
16 165
45 103
113 131
13 135
42 164
103 171
