214
11
9116
60
114 2
129 2
162 2
148 4
133 2
149 3
124 3
104 1
134 4
171 2
105 1
173 1
131 4
109 1
156 2
160 1
112 3
173 4
132 5
134 3
131 2
129 1
98 3
129 5
151 2
120 1
120 5
168 1
171 3
127 4
163 4
102 1
107 1
137 2
152 1
149 2
162 5
152 1
113 2
106 4
104 4
110 2
168 4
164 2
147 5
110 2
104 2
142 5
111 4
101 4
108 3
154 5
131 2
135 2
103 4
129 2
155 2
170 5
131 3
131 1
116 4
172 2
173 3
173 1
100 2
122 3
165 4
109 2
156 5
138 3
154 2
140 4
130 1
160 1
119 3
101 4
172 3
170 2
138 1
155 3
170 5
108 3
157 4
110 2
167 1
143 5
118 4
155 1
142 1
144 3
105 4
133 2
135 5
102 3
149 3
115 2
124 2
156 4
157 5
112 4
173 2
100 4
159 1
152 4
119 4
154 3
111 5
159 5
132 1
120 2
131 5
133 3
146 3
134 4
149 3
128 3
138 5
144 1
168 4
127 4
145 2
162 1
100 2
112 3
105 4
115 3
168 2
147 3
114 2
154 4
111 4
127 1
130 5
125 5
146 3
121 3
145 5
140 2
105 3
170 5
101 4
172 1
115 4
153 5
166 5
168 4
135 4
154 2
167 4
169 2
111 3
155 4
143 3
128 1
138 1
118 2
158 1
111 2
138 3
121 3
173 1
114 2
169 2
156 2
111 1
149 5
126 1
147 4
163 3
105 2
132 3
110 2
162 3
122 4
135 2
123 5
98 4
173 1
150 2
119 2
106 5
110 4
103 2
147 2
108 2
160 3
111 4
101 3
127 4
131 5
132 3
139 2
106 5
161 4
117 4
173 4
116 1
133 4
163 2
160 2
126 1
138 4
102 3
115 2
121 4
101 1
132 5
99 1
99 5
166 1
157 3
157 2
130 3
145 1
3 63
2 108
51 112
127 178
16 203
43 210
32 199
0 163
0 80
119 153
89 183
114 178
2 4
82 198
23 170
48 69
54 60
102 203
3 148
5 55
54 174
1 92
45 78
99 202
79 127
78 111
102 168
150 168
88 155
155 158
89 113
80 182
109 145
102 143
123 196
30 206
107 156
113 124
43 192
135 166
70 163
25 174
7 164
14 31
25 53
52 112
65 140
7 208
58 73
55 205
48 100
42 114
37 108
38 102
33 185
21 200
90 161
89 172
107 148
16 202
196 207
125 134
170 201
51 129
58 95
63 89
120 173
91 181
147 174
35 133
110 137
67 103
66 172
43 196
93 133
24 193
130 196
112 130
121 201
155 189
131 194
106 181
73 130
103 195
139 201
139 163
5 171
160 206
89 108
46 170
66 208
56 68
188 210
56 100
139 210
30 159
51 80
45 100
9 61
11 170
93 114
28 142
151 161
46 211
172 177
95 206
4 85
30 76
59 189
33 140
88 174
44 86
165 170
126 205
38 72
28 42
134 178
4 50
128 161
114 182
89 119
179 190
116 194
128 177
5 164
50 203
159 164
18 33
139 195
14 142
2 43
88 127
5 23
47 155
37 39
7 200
1 15
90 132
66 177
13 154
109 131
24 65
37 213
36 198
132 195
35 146
56 116
69 134
2 61
111 125
147 173
133 191
4 67
25 71
24 203
120 213
54 91
82 194
107 177
68 198
46 206
36 83
81 142
41 163
134 176
11 64
49 115
129 184
121 184
212 213
17 34
31 211
50 110
80 125
58 112
38 42
86 181
2 127
153 180
33 167
14 128
10 139
91 100
70 132
76 124
96 175
60 73
93 145
24 147
172 209
3 172
51 63
25 95
20 102
4 76
12 191
209 213
12 213
21 135
3 135
81 212
188 195
101 179
36 151
9 211
96 162
26 125
12 93
124 193
114 211
11 130
112 147
2 131
102 208
182 196
158 190
115 167
189 204
84 92
154 213
34 79
39 195
98 198
4 10
86 151
11 80
102 197
79 109
80 109
76 131
69 149
34 207
63 125
13 145
30 44
111 118
19 46
29 135
25 152
76 188
167 173
66 200
71 162
87 88
97 205
155 206
128 175
135 140
7 140
136 183
40 179
165 171
61 194
115 121
34 185
97 169
133 207
67 119
115 132
90 129
140 142
187 199
134 146
76 115
71 130
7 148
132 141
57 81
28 158
14 98
61 98
6 133
105 129
21 91
138 197
104 203
119 120
111 132
79 94
68 108
68 159
48 51
40 80
171 174
125 157
67 107
107 173
36 74
37 153
26 82
58 135
114 187
179 194
137 169
63 209
121 212
80 131
156 160
2 7
122 203
86 110
24 153
37 180
133 212
6 199
32 91
120 149
51 131
49 62
1 60
1 146
126 173
34 145
158 175
45 122
47 194
143 156
71 180
17 193
14 90
138 172
74 170
69 206
54 95
104 154
10 164
23 99
39 206
127 201
0 128
53 108
15 165
100 192
32 61
191 200
38 100
108 173
2 177
17 64
53 167
73 144
122 157
51 89
65 186
75 170
150 173
159 192
171 210
39 56
18 32
91 192
120 154
95 205
64 119
158 206
66 203
1 116
30 54
81 162
25 62
68 209
104 120
81 92
163 186
26 81
110 182
73 129
29 65
79 191
37 125
87 188
138 163
53 58
6 110
95 207
94 209
15 70
115 170
157 197
98 150
80 211
84 126
93 116
33 44
15 119
50 68
27 113
17 166
58 141
68 70
98 199
79 115
73 193
12 184
46 142
98 158
144 153
150 201
132 161
87 157
105 201
17 57
163 169
71 97
31 172
76 122
25 166
55 193
8 129
99 150
92 163
132 138
22 76
50 154
180 208
48 149
46 52
79 99
24 47
25 34
44 124
155 207
30 93
152 161
29 188
87 95
152 169
30 49
104 136
26 163
75 143
171 207
44 194
4 22
128 146
39 158
40 155
39 180
127 179
30 174
31 213
47 113
105 169
6 118
30 64
74 133
64 168
74 115
25 135
122 147
116 202
68 105
19 63
173 210
183 189
176 195
28 84
82 88
61 88
194 200
59 150
114 136
3 193
50 166
31 198
27 194
112 204
43 189
96 158
165 210
1 150
67 207
48 112
61 200
7 190
82 114
40 164
30 198
102 183
11 125
120 147
36 104
169 177
157 212
191 204
8 55
9 65
23 124
65 213
192 209
31 97
112 123
48 70
75 208
185 207
8 108
51 92
117 139
39 157
124 160
108 159
140 185
51 185
69 151
6 40
61 184
88 111
143 147
20 163
144 203
99 145
65 115
124 165
79 141
94 108
18 162
58 118
38 66
8 181
100 121
16 95
45 140
12 177
13 147
3 88
21 89
119 169
35 178
12 118
111 182
6 89
0 23
81 180
48 50
60 204
171 196
115 169
4 133
2 56
116 204
70 196
48 76
48 177
19 95
122 136
92 154
7 57
1 118
68 158
62 90
86 212
1 19
135 198
28 52
110 162
64 147
21 120
99 191
26 156
11 208
129 174
95 174
74 196
53 213
46 130
52 121
118 121
48 117
80 133
37 203
51 75
47 187
63 181
32 196
6 167
20 151
130 156
17 80
77 93
12 189
152 186
25 100
19 68
126 186
119 133
40 74
25 80
138 170
25 54
73 110
50 98
31 136
105 154
81 105
4 61
67 188
109 191
59 133
23 191
11 131
156 201
122 164
193 210
39 210
9 15
86 99
38 139
7 79
65 98
66 167
153 211
136 165
163 205
79 196
10 51
100 174
18 119
45 95
169 187
12 78
11 163
4 23
10 14
25 140
168 193
65 96
128 138
121 183
178 208
90 163
113 159
177 197
27 138
115 139
74 207
34 62
32 49
88 189
52 154
129 213
31 166
159 187
59 113
181 191
96 211
167 192
11 142
80 207
204 208
142 210
8 68
9 48
71 147
71 145
99 211
92 205
78 205
12 57
67 77
62 201
34 46
146 172
15 38
71 149
20 129
87 113
31 64
198 204
87 150
55 153
1 55
161 183
202 209
111 197
47 103
128 187
159 170
0 167
28 86
18 89
97 213
35 128
152 162
97 126
186 209
114 138
13 59
70 135
104 158
35 179
129 147
93 122
4 68
140 146
178 193
30 107
27 95
127 129
87 178
40 78
46 148
14 181
93 174
32 156
153 195
155 163
1 65
184 194
36 47
4 33
73 116
89 187
47 48
72 170
175 179
99 198
64 69
35 55
85 185
15 209
147 150
89 134
11 205
61 153
77 144
84 182
105 204
17 31
118 181
141 180
73 164
9 63
99 126
118 163
92 156
27 82
29 165
52 138
128 152
53 117
74 150
143 198
50 117
21 210
40 124
119 127
127 153
44 136
79 100
43 89
21 146
76 127
45 141
9 190
51 58
10 115
33 51
2 160
84 120
109 138
53 107
92 99
57 75
137 183
113 186
123 166
129 183
32 128
111 152
10 148
54 157
37 114
39 95
77 176
72 159
145 187
190 201
13 37
160 175
19 25
175 204
52 188
67 86
85 127
15 204
105 120
8 183
79 118
19 94
171 190
20 48
126 170
38 58
89 147
30 103
16 185
148 153
117 120
88 163
40 190
19 213
23 81
142 174
133 172
41 213
88 149
166 197
1 107
5 65
93 160
34 140
180 188
68 102
97 157
56 109
12 32
67 161
12 107
6 130
2 29
1 77
133 210
25 134
137 190
9 186
182 210
103 205
62 131
41 111
57 165
29 199
41 143
11 32
31 46
186 198
11 92
121 137
169 203
102 162
33 47
14 173
36 164
6 63
2 31
186 195
91 205
139 162
114 116
106 136
42 144
49 129
47 71
27 78
32 185
98 188
1 48
11 182
34 58
93 194
53 176
23 196
40 147
35 187
7 97
45 193
139 141
18 108
164 187
34 178
57 146
30 137
9 157
100 170
36 73
21 127
66 88
108 113
35 192
57 72
97 210
107 198
57 201
34 93
28 134
128 178
69 157
66 151
25 114
12 137
108 194
112 171
178 181
72 189
10 78
5 188
82 86
96 121
54 122
135 194
3 85
7 17
7 94
83 211
113 212
56 194
30 182
40 107
13 107
97 182
8 59
157 187
39 119
49 114
115 204
114 123
5 124
139 166
133 183
182 189
163 167
7 42
69 159
113 136
139 175
118 204
138 205
81 100
143 160
17 198
11 61
157 180
141 190
18 126
151 211
110 208
32 178
49 57
100 203
99 176
22 179
45 156
164 195
143 179
3 15
139 209
140 188
148 198
102 199
37 126
24 28
23 150
15 149
57 92
78 119
17 111
40 143
39 84
137 178
170 204
60 103
6 43
137 171
141 155
190 206
34 72
34 211
77 91
30 69
38 99
124 127
26 204
39 54
37 207
181 213
40 119
81 174
43 198
78 84
55 213
36 124
124 177
141 153
57 134
12 25
116 118
167 175
108 163
49 189
27 147
41 78
88 143
8 12
48 120
0 19
20 143
72 117
159 210
135 192
86 96
139 157
105 205
0 73
44 192
28 188
65 130
53 165
101 106
131 189
33 125
66 122
25 63
32 71
18 73
15 105
113 118
114 203
11 57
26 175
10 76
167 189
99 117
37 151
5 49
79 128
66 190
158 204
30 57
59 109
24 160
73 147
131 148
113 194
140 169
165 180
154 163
197 198
133 185
184 190
63 120
110 192
4 140
30 43
2 184
41 153
102 213
41 145
52 133
65 93
170 172
174 184
65 125
8 143
66 168
5 89
151 197
20 115
25 191
160 186
90 184
7 136
11 13
110 194
1 84
63 86
9 202
11 132
143 145
122 130
76 142
77 155
186 213
107 184
85 196
38 63
82 120
198 200
72 213
33 150
38 115
184 209
0 3
55 145
2 64
148 185
28 181
190 194
86 98
124 180
95 156
77 99
95 202
129 153
66 182
119 211
13 24
118 155
110 149
12 211
81 106
148 164
77 85
110 155
43 123
5 32
50 195
52 205
162 179
174 179
80 157
9 11
86 103
132 172
181 210
69 203
100 199
160 162
36 195
128 165
5 87
42 66
136 179
159 196
175 187
22 172
32 182
116 177
109 177
47 182
186 208
51 109
122 148
25 68
42 136
126 168
109 204
19 191
10 135
84 154
79 201
3 52
50 126
52 128
14 74
30 179
167 206
52 189
156 185
74 152
45 152
27 59
16 93
24 159
132 213
27 63
65 147
95 159
98 212
44 171
84 168
66 125
81 139
61 126
98 122
58 80
20 122
22 137
50 158
18 191
114 145
131 204
109 152
3 179
47 110
67 149
127 144
159 190
60 178
103 145
63 154
49 89
180 185
107 202
29 187
55 66
10 189
170 210
49 113
23 197
81 169
101 135
146 184
145 165
47 211
121 195
57 140
39 50
109 209
10 136
132 204
16 88
163 211
143 206
145 197
30 70
57 183
142 170
11 150
49 76
16 137
118 174
117 155
81 95
63 91
72 141
14 170
80 147
74 172
60 201
26 126
26 45
57 116
78 133
126 132
135 197
3 56
131 191
42 133
55 171
54 189
17 163
27 122
113 173
104 149
64 164
111 213
125 207
2 114
137 146
76 133
10 46
92 151
49 130
93 209
21 66
36 39
74 153
48 179
30 75
101 208
63 67
85 194
130 166
151 172
149 171
57 100
25 98
24 200
53 141
42 167
12 76
13 70
163 176
3 210
86 137
50 189
160 166
174 206
66 185
30 60
95 122
48 116
113 156
125 148
4 153
130 174
172 174
126 139
22 189
34 84
43 137
125 145
73 106
124 182
57 184
73 92
42 192
40 102
12 99
77 193
170 171
16 99
48 126
69 196
4 21
10 44
131 164
19 146
83 85
163 172
100 182
11 165
93 120
1 2
100 106
54 55
24 54
133 136
3 123
115 135
55 199
109 211
79 160
29 208
127 130
109 200
81 137
46 123
60 133
117 212
86 142
45 209
115 194
118 195
163 195
55 159
34 142
34 127
9 195
74 119
77 189
59 83
23 168
9 151
35 69
54 187
73 209
167 184
40 84
150 151
132 182
22 162
67 122
7 47
13 175
85 171
22 27
16 180
80 213
115 142
47 84
144 147
64 75
40 85
71 134
116 121
27 104
101 123
53 129
34 174
104 112
156 195
16 87
64 102
43 51
20 185
104 180
140 153
29 142
153 196
169 173
56 164
77 204
48 111
160 208
50 143
88 164
97 104
15 168
93 159
116 211
43 47
101 190
20 108
76 201
68 142
59 137
80 112
14 185
17 29
83 150
39 105
85 160
0 83
9 57
73 121
50 128
167 205
77 92
16 46
36 63
91 162
104 126
170 194
22 80
66 148
50 171
12 193
46 199
23 88
115 205
33 179
42 111
83 182
154 190
7 193
25 188
52 164
5 18
1 3
30 139
32 150
47 166
90 186
34 123
37 94
21 192
37 55
110 172
18 167
64 128
46 59
107 131
21 191
3 39
14 84
54 116
38 112
49 112
32 161
65 97
55 140
11 88
130 201
56 172
82 126
166 200
182 200
159 165
7 125
152 194
24 129
42 132
131 135
34 49
27 120
54 167
1 151
61 172
117 141
167 198
31 65
185 211
41 208
173 192
42 73
181 211
29 197
198 203
117 199
36 142
99 195
119 176
19 167
179 210
41 122
98 204
45 54
1 163
34 147
189 193
95 181
163 178
14 190
2 134
87 176
9 73
72 144
136 158
93 109
117 208
91 199
36 71
78 156
8 96
80 176
12 116
19 23
106 178
39 131
3 164
39 162
14 148
144 161
69 73
66 133
127 192
15 63
27 28
145 147
8 187
132 189
93 147
31 174
2 118
29 73
67 191
136 151
77 84
89 174
11 211
4 65
122 195
33 154
44 151
148 193
1 88
3 23
182 209
109 146
89 111
97 181
182 187
24 69
146 198
27 86
70 152
0 67
11 70
99 209
126 152
62 112
70 204
58 133
54 168
6 204
15 49
126 194
174 213
92 199
59 193
89 188
21 148
80 142
20 148
38 110
75 148
178 179
4 149
187 192
100 123
123 148
90 102
54 106
46 194
194 212
123 183
141 163
51 68
130 150
8 203
148 190
13 152
37 50
18 175
176 197
92 169
147 178
67 166
3 13
70 165
77 156
132 147
88 119
103 173
111 177
73 203
151 160
43 163
22 85
70 91
69 136
88 110
2 171
68 89
18 106
10 111
76 180
140 211
25 104
120 150
61 72
70 136
120 199
159 198
113 171
50 121
152 172
72 212
47 109
28 137
22 89
86 106
61 82
70 125
91 124
94 163
141 173
42 113
102 167
42 98
94 170
12 87
83 108
165 198
112 207
1 91
166 170
146 177
0 61
32 116
73 142
57 117
124 210
11 147
25 30
98 176
191 198
56 98
44 157
151 188
118 154
141 147
150 207
18 30
15 37
131 184
92 135
143 180
127 175
18 176
137 150
31 118
106 171
23 112
76 178
73 83
43 132
32 151
5 194
163 181
34 200
46 132
0 142
0 34
10 35
111 116
95 208
36 161
68 211
114 184
100 204
48 207
17 83
149 150
17 147
102 103
103 201
67 99
143 178
5 196
132 183
47 78
159 168
15 150
79 150
19 138
20 128
124 181
30 186
5 134
41 207
78 197
59 128
6 83
0 105
29 110
41 146
7 187
85 190
114 121
79 185
86 120
27 60
0 63
176 211
161 187
102 104
156 192
81 124
18 103
106 195
46 141
148 175
145 181
110 119
166 199
76 213
13 191
126 171
4 25
130 172
90 126
112 178
39 213
33 133
78 108
122 205
157 209
8 103
64 115
86 164
26 116
85 128
35 171
84 202
91 101
82 130
65 88
75 104
96 145
7 62
12 180
183 186
111 154
128 186
8 113
156 171
41 170
53 140
109 202
28 58
73 82
50 139
4 70
38 98
97 127
3 201
2 9
53 163
57 210
41 140
46 183
108 150
198 206
115 168
149 170
185 205
75 168
49 167
121 196
11 108
93 143
95 185
10 37
30 130
80 158
30 92
185 210
31 150
70 147
168 177
18 52
161 172
101 168
63 112
158 199
57 180
187 206
57 98
146 157
56 83
137 199
16 103
128 185
20 179
30 47
14 113
81 132
41 95
154 205
7 183
80 149
76 156
7 161
95 146
17 162
77 150
146 195
59 145
162 205
138 208
132 202
13 177
71 92
35 90
0 180
168 197
102 172
103 167
93 183
131 182
6 41
15 93
72 200
78 136
91 175
98 185
34 138
4 158
34 89
67 135
30 97
1 177
82 177
57 188
45 161
118 180
0 189
70 101
168 199
120 176
100 195
0 72
32 43
68 141
28 105
13 72
138 213
42 115
19 44
109 154
58 159
14 38
59 141
188 208
20 75
192 213
8 64
168 187
95 166
28 113
68 111
30 89
20 26
122 138
64 171
70 117
28 59
101 143
61 193
14 24
27 38
102 125
31 96
92 126
15 83
52 106
31 157
75 155
7 69
67 180
189 196
119 168
22 193
27 183
98 145
100 210
18 138
72 105
115 144
91 121
129 144
134 202
55 71
136 163
17 82
22 24
54 93
12 69
57 79
122 154
69 153
15 143
79 108
7 27
19 96
59 74
97 171
148 158
40 128
113 178
52 99
201 208
19 186
2 39
83 94
31 130
133 194
113 123
108 171
3 90
30 167
21 207
96 128
42 142
0 185
87 189
140 149
106 188
74 95
61 138
142 175
26 134
78 171
32 180
18 115
105 113
40 125
51 70
41 196
68 184
170 184
77 139
20 66
6 188
149 156
41 200
26 100
173 206
68 119
77 78
70 181
166 192
54 149
4 148
128 135
12 112
64 192
110 136
105 156
120 127
107 211
160 167
54 123
83 138
144 157
6 33
8 13
18 129
99 115
106 158
1 114
20 28
197 209
27 83
191 209
88 140
56 144
172 173
117 203
63 106
48 125
139 171
98 128
6 148
26 72
7 203
73 167
31 78
95 190
124 170
116 171
88 185
25 103
128 181
15 56
144 196
8 207
8 191
8 195
47 60
47 133
0 41
39 47
30 152
21 86
16 176
32 133
2 208
21 136
113 119
17 69
173 182
105 167
30 115
6 62
26 186
90 152
170 179
72 103
178 204
24 167
70 155
110 158
83 106
103 139
42 45
0 78
1 203
104 142
87 142
203 205
16 117
62 197
22 45
142 195
130 132
46 107
38 48
13 144
21 168
54 56
21 132
80 210
44 94
2 204
88 112
43 87
10 69
20 80
14 204
8 14
126 148
9 162
151 153
130 157
85 187
62 109
102 144
29 173
62 202
58 134
41 63
37 52
57 102
182 184
125 129
155 161
116 148
157 200
83 178
148 150
39 208
154 161
59 163
31 58
17 201
9 91
52 125
109 190
128 141
22 63
98 190
12 160
146 167
113 135
138 142
127 176
79 136
146 187
31 40
17 19
150 172
46 190
14 103
69 181
128 151
142 180
85 140
23 39
96 201
23 169
13 101
55 127
18 107
47 119
57 202
114 208
113 146
72 206
11 126
30 85
87 190
53 82
43 207
192 195
26 77
39 68
41 76
31 173
60 123
14 35
52 163
20 194
109 137
65 106
96 142
8 106
22 44
6 166
37 56
24 26
78 106
75 107
108 133
156 202
32 200
90 117
93 112
67 198
103 196
122 134
114 209
13 210
2 109
1 191
26 206
68 133
24 107
53 170
77 198
110 161
69 96
32 68
33 35
134 166
76 83
15 183
26 88
92 201
108 134
59 118
53 123
43 73
10 193
85 138
80 170
37 172
135 154
186 187
4 74
56 213
48 160
47 132
88 98
175 213
44 209
25 111
125 208
13 165
55 143
8 178
104 115
162 187
92 153
128 155
110 174
129 172
21 155
51 205
142 177
11 202
17 137
100 131
105 126
66 96
39 172
46 47
3 173
122 199
85 100
70 138
40 185
131 150
172 200
3 61
66 130
57 68
112 161
47 99
18 143
125 200
111 167
140 182
28 136
145 158
4 125
3 108
49 56
47 63
32 35
54 104
30 189
109 149
172 213
193 209
9 169
59 213
168 192
92 179
42 118
14 36
63 163
3 25
103 119
14 32
93 191
105 146
130 213
81 161
144 172
61 213
85 183
107 176
12 35
39 194
43 77
35 127
102 121
128 183
64 139
42 107
133 188
66 134
33 189
56 87
138 157
27 49
49 120
151 162
23 74
6 18
88 195
114 154
132 156
86 192
57 162
111 202
69 140
67 168
162 189
144 171
157 191
58 177
92 123
159 182
42 94
187 191
153 181
100 142
52 97
110 150
78 141
151 159
137 208
20 29
0 129
2 57
14 133
126 191
140 205
73 104
90 197
75 134
71 123
77 162
91 123
57 64
120 122
11 200
84 163
130 199
161 185
6 181
19 53
36 144
37 63
15 82
135 174
91 170
40 197
90 187
87 90
102 107
10 185
4 166
9 212
12 105
81 192
62 213
175 181
35 68
157 183
197 205
32 74
78 168
173 211
85 132
56 138
122 196
0 54
191 211
52 54
21 45
162 180
116 172
83 116
20 158
71 207
127 155
27 155
24 29
54 178
155 180
201 212
197 206
33 180
36 65
192 205
128 180
68 125
80 152
28 97
79 126
104 133
11 65
127 146
90 133
60 181
14 171
153 176
111 158
150 190
87 134
27 110
73 207
3 32
116 192
49 93
35 152
29 183
63 184
40 177
76 179
42 149
119 151
55 160
50 84
88 136
1 47
82 102
41 102
98 111
10 82
16 122
10 84
9 12
71 189
128 136
79 162
1 184
52 131
91 180
95 144
37 98
81 131
36 130
153 158
33 163
109 183
104 144
95 125
162 169
26 198
13 81
117 192
14 104
38 182
148 169
48 196
8 192
82 117
47 115
123 195
98 116
108 202
69 176
44 76
95 112
0 59
175 202
177 192
120 197
51 174
137 192
23 160
8 115
40 180
6 15
71 191
148 157
174 199
153 203
43 74
58 173
68 115
55 129
53 192
37 208
159 163
147 172
41 53
101 130
14 83
131 187
155 195
107 172
17 194
96 167
63 88
31 86
18 80
16 17
23 30
37 134
33 77
37 107
148 199
44 155
11 48
11 66
175 207
83 91
97 176
53 124
77 180
130 152
22 47
50 72
145 198
5 67
93 170
5 143
25 45
193 194
100 155
82 182
27 139
20 96
90 131
37 186
41 43
111 186
151 186
58 91
98 120
131 169
16 100
179 191
177 196
188 207
95 155
102 138
60 203
60 193
95 102
20 103
151 165
109 132
28 189
47 150
42 145
34 201
183 188
28 163
96 148
71 109
14 99
38 184
40 149
24 179
142 153
125 152
14 21
47 54
16 160
13 94
130 148
7 198
62 160
70 194
67 115
72 86
79 194
33 87
106 112
55 212
149 194
110 191
37 166
2 84
77 205
62 176
73 128
178 198
150 186
102 189
26 118
110 116
54 127
41 82
17 172
156 196
17 150
10 198
9 128
108 146
44 112
66 117
20 34
119 209
9 66
47 212
124 173
125 205
126 176
147 211
118 196
118 176
151 191
163 209
30 204
25 81
57 108
68 175
2 128
87 202
59 207
70 134
63 75
40 189
1 147
100 185
62 110
67 153
54 103
76 77
57 189
77 94
117 183
42 95
51 119
6 64
97 151
3 197
44 106
113 160
15 33
59 63
2 42
39 167
172 212
41 144
90 174
139 193
33 184
23 77
43 121
122 133
144 148
7 13
49 94
2 110
73 170
117 127
90 148
32 188
140 160
92 157
55 184
131 166
98 151
167 178
119 167
17 205
55 155
175 185
82 129
3 203
50 51
94 128
77 175
32 51
72 204
104 199
51 154
92 112
70 99
58 187
89 206
49 169
113 176
104 166
62 99
36 125
22 212
174 191
180 193
120 143
52 105
89 151
40 172
77 111
58 131
5 85
81 147
88 121
16 138
157 170
48 119
18 140
41 127
24 43
25 43
153 204
34 107
76 118
42 43
15 203
51 168
3 104
19 59
106 208
22 39
104 143
159 205
116 187
2 123
45 138
37 91
51 208
89 105
67 194
53 93
38 88
73 173
75 146
69 116
51 53
90 143
83 171
85 102
77 105
27 130
38 87
38 148
63 73
36 51
103 189
158 177
98 112
83 145
69 135
14 64
116 124
54 150
78 100
25 128
81 98
3 45
26 105
34 128
26 51
10 134
94 178
174 198
123 124
80 110
117 196
139 142
115 190
68 144
25 66
141 186
6 162
38 43
42 51
36 184
140 181
2 78
5 10
106 118
63 204
115 157
114 143
99 204
37 148
20 106
13 128
87 185
12 200
36 90
4 200
76 91
64 81
1 199
37 144
108 110
110 163
70 89
104 210
136 194
15 76
55 131
63 129
80 123
121 162
68 190
191 202
116 159
62 156
71 82
5 59
60 112
30 74
15 103
43 155
7 192
54 129
12 18
48 88
156 163
3 170
90 194
85 172
19 51
16 61
46 145
19 55
88 154
54 65
169 181
27 44
173 198
166 186
130 211
0 120
84 157
82 105
168 178
192 201
38 54
32 174
33 169
32 191
30 145
20 73
32 77
170 205
98 208
163 206
183 190
93 140
112 169
146 203
14 33
38 151
157 166
109 175
108 153
54 210
61 90
152 171
117 144
52 79
29 36
66 89
52 176
11 52
180 211
12 82
77 157
61 185
8 79
16 150
61 139
4 173
115 117
80 197
85 142
78 162
172 195
8 75
94 153
35 165
64 84
126 207
89 197
31 159
70 103
12 151
30 79
74 79
62 192
65 117
28 162
75 138
205 209
123 137
94 125
12 73
30 193
29 168
65 114
155 185
77 190
144 167
119 160
61 168
72 211
33 42
65 91
17 149
76 157
144 158
99 137
42 169
87 169
69 152
65 155
187 207
71 78
1 69
112 122
9 177
71 195
39 132
104 188
64 146
17 60
52 156
87 129
12 207
6 117
96 169
59 119
167 208
59 159
21 165
13 77
48 153
49 170
21 174
61 84
54 126
187 202
166 180
1 28
34 71
101 176
194 209
49 107
53 57
53 68
26 41
129 165
1 201
42 83
146 200
67 150
20 87
100 202
80 135
48 99
62 177
37 200
98 104
14 152
43 146
32 146
19 85
56 167
153 190
36 138
9 117
23 139
90 105
19 33
13 51
1 153
13 41
93 115
80 193
4 27
85 121
41 128
76 96
84 101
95 113
116 208
175 205
53 92
50 119
152 166
153 191
18 55
24 210
22 153
138 141
19 136
45 119
53 78
11 36
16 188
44 169
87 210
203 208
62 162
45 55
7 184
11 79
68 117
163 192
30 109
16 204
47 51
15 36
31 104
5 192
130 209
12 50
110 114
39 207
76 152
87 145
82 192
152 175
33 79
8 77
42 126
46 101
132 209
96 177
90 167
55 149
27 41
136 159
70 127
6 12
76 107
116 169
4 56
2 66
19 134
1 79
19 211
46 156
54 97
178 183
135 147
1 76
78 98
20 136
53 148
7 171
56 119
16 149
9 36
113 203
0 178
29 61
145 195
148 165
139 180
1 63
107 139
41 68
128 179
5 31
19 77
73 161
60 147
5 174
40 139
97 125
16 197
15 199
138 168
35 210
111 199
103 208
88 128
8 111
106 207
145 208
58 115
103 116
121 125
102 133
89 93
10 28
7 110
160 181
47 90
102 200
95 120
22 43
18 211
67 91
198 211
72 174
139 148
49 145
126 141
37 202
36 40
73 76
56 124
134 173
75 162
60 210
61 175
2 124
165 190
65 100
101 173
48 210
145 210
35 191
8 69
151 158
72 133
14 140
13 186
69 184
147 212
110 147
79 164
3 149
133 165
8 193
97 116
28 176
26 90
75 106
120 124
130 154
133 190
93 137
191 212
106 111
11 16
26 85
61 167
122 170
3 98
115 120
55 58
120 189
63 99
33 92
4 40
111 142
81 164
124 192
47 131
134 153
42 199
3 26
13 205
8 63
79 195
84 109
4 52
135 158
100 201
63 178
121 165
54 212
24 64
142 211
112 182
70 198
13 213
20 209
59 196
6 197
8 211
38 74
132 174
39 122
80 117
21 33
62 69
39 163
111 128
16 84
87 138
124 175
18 139
133 135
121 176
36 191
45 66
62 91
36 133
77 185
10 74
18 187
162 212
173 204
69 201
1 209
106 116
21 193
72 78
75 132
80 180
23 48
58 156
81 89
9 173
0 195
80 120
15 181
93 111
150 204
140 155
9 29
30 138
121 211
94 172
58 137
5 110
65 211
71 200
31 43
43 126
94 107
8 152
1 90
62 63
137 191
6 51
130 162
53 196
69 170
1 96
24 209
12 194
129 152
9 204
40 45
82 176
129 141
39 128
14 71
39 148
35 199
144 213
19 38
103 144
15 120
16 76
21 169
88 139
86 188
48 55
167 207
42 176
95 127
96 170
39 139
92 107
139 146
57 167
10 29
3 60
144 189
55 82
4 63
20 212
8 204
88 125
4 196
116 117
37 78
69 169
37 143
47 69
52 213
23 97
75 84
154 174
2 178
58 190
34 108
25 107
31 155
68 170
11 186
32 59
184 202
28 213
14 62
155 200
85 206
67 156
168 191
51 74
58 168
2 145
136 204
13 76
167 183
30 90
0 204
63 70
14 51
102 119
84 152
21 121
206 208
11 193
22 114
100 116
60 149
160 211
39 110
10 27
56 69
145 151
28 206
33 116
33 63
7 46
9 134
9 148
44 211
68 171
146 160
88 186
149 174
7 134
104 146
150 164
9 16
51 147
64 198
61 97
37 57
7 88
80 202
23 162
12 48
102 134
16 72
152 157
101 103
59 191
26 107
5 125
16 108
27 71
79 98
34 158
46 81
31 39
109 197
65 146
41 74
6 34
6 156
125 181
51 145
53 73
55 169
70 176
88 118
34 134
106 170
38 140
24 177
34 130
25 193
92 168
71 80
23 33
97 141
10 162
60 163
74 120
91 129
140 179
71 114
120 153
95 104
5 72
43 202
144 155
63 107
99 104
12 65
99 206
38 83
44 141
99 147
83 140
27 106
62 113
22 143
24 73
71 192
23 148
6 75
35 113
46 172
46 158
103 193
31 204
128 176
71 157
69 89
122 178
56 96
156 187
20 56
44 51
44 182
27 31
51 102
5 138
82 195
102 166
12 135
5 107
59 152
107 117
0 196
162 173
91 98
102 124
47 143
72 104
7 174
3 120
51 105
49 194
14 144
20 140
38 91
125 160
24 94
106 212
64 105
33 103
72 147
123 188
16 77
23 109
67 201
2 202
146 179
8 100
5 83
80 88
78 101
125 178
35 44
123 138
58 212
143 200
11 133
91 210
27 30
65 189
28 135
50 118
130 134
37 135
43 128
175 206
151 209
14 63
81 163
67 127
122 155
19 133
75 194
109 172
76 186
73 137
16 18
177 194
94 204
9 106
13 71
33 129
25 72
202 203
123 204
53 118
33 95
116 170
131 195
43 176
102 142
98 211
43 107
166 183
20 180
17 140
16 173
7 175
21 32
67 209
107 114
26 120
55 69
58 164
8 29
76 105
50 194
159 174
21 130
34 111
87 124
134 180
85 107
0 187
43 150
2 96
22 126
13 90
90 139
21 115
134 151
131 173
148 184
97 142
170 206
46 80
20 204
50 120
179 182
8 186
80 129
59 194
75 101
56 95
134 182
24 57
44 185
35 41
76 100
0 145
87 170
129 138
35 76
32 78
123 186
155 173
62 180
28 157
22 192
77 123
39 170
112 115
142 172
93 202
119 164
164 172
13 58
23 126
119 190
29 101
125 135
16 104
19 187
24 212
135 196
6 46
146 150
11 181
25 212
65 196
103 177
9 181
65 120
71 164
161 205
55 80
182 202
62 136
45 135
185 197
119 207
25 192
77 174
191 203
33 176
25 131
15 130
58 196
119 132
105 192
47 64
84 203
163 210
7 20
7 107
106 119
70 180
60 77
95 109
14 95
124 156
87 165
32 103
37 142
170 191
80 201
42 128
27 66
60 80
12 125
51 173
45 165
9 103
89 193
65 77
6 140
7 85
112 153
33 60
36 186
5 155
111 145
160 193
49 188
51 90
3 151
1 173
36 140
137 155
86 203
0 158
48 134
49 80
9 132
44 190
85 118
28 185
75 182
44 79
49 159
3 143
160 183
24 143
45 160
137 212
21 140
76 114
134 143
47 106
70 173
78 79
75 129
155 171
123 149
33 206
82 161
97 156
109 128
136 148
120 179
124 137
71 103
16 175
92 164
47 153
71 174
115 189
120 207
149 180
111 201
48 113
27 208
36 180
23 195
138 165
54 108
24 87
25 207
203 211
8 201
127 171
36 42
35 154
28 67
2 148
51 104
74 156
188 192
22 129
70 94
110 156
31 94
135 149
39 149
151 185
71 166
63 194
176 196
81 110
5 62
88 92
21 143
68 165
59 164
115 116
123 135
72 137
68 136
55 75
54 182
36 55
11 146
0 138
52 200
126 208
76 111
88 99
50 182
63 77
164 167
45 134
207 210
10 187
6 174
67 179
116 198
129 186
37 141
6 183
54 124
16 131
80 134
98 202
127 139
22 167
90 213
63 71
121 177
59 184
24 134
52 180
19 208
21 105
73 165
111 190
141 175
113 174
157 190
55 126
6 159
19 91
45 64
46 50
25 142
16 190
14 54
7 176
68 99
84 108
127 147
151 199
126 153
112 177
131 212
25 74
80 85
26 137
5 173
84 137
23 79
48 176
112 170
73 181
50 185
96 99
87 110
109 187
81 185
66 73
38 187
14 26
92 125
61 66
117 137
138 187
107 194
60 130
138 150
54 173
42 99
180 191
97 192
31 103
135 145
77 179
56 104
92 145
42 185
132 181
9 86
84 88
61 206
35 183
77 118
115 177
104 117
87 91
167 174
19 80
62 153
12 21
107 204
7 104
0 6
23 182
32 202
86 113
28 207
48 91
58 99
54 110
45 46
53 152
156 213
34 115
58 114
11 206
67 104
80 196
169 189
139 179
70 96
32 111
83 200
77 213
1 16
36 160
74 210
142 144
134 169
160 165
133 175
49 69
1 89
41 181
38 205
135 188
78 145
62 93
17 38
139 160
33 114
14 52
108 122
9 89
146 202
128 190
173 184
55 70
70 107
54 158
89 157
62 148
39 59
32 65
2 30
22 130
123 155
136 168
100 132
21 76
30 94
5 168
85 89
155 169
11 213
95 137
142 185
172 176
33 115
89 149
97 144
81 148
18 195
121 131
83 161
0 114
114 122
13 169
3 169
24 141
45 77
118 201
93 212
64 101
117 201
83 148
57 65
35 181
8 157
52 148
33 204
75 94
73 153
171 191
109 192
167 196
14 67
45 213
135 172
120 196
129 205
19 102
155 198
132 152
8 198
21 128
93 98
42 191
176 186
96 140
23 80
89 173
133 198
161 204
57 175
169 205
163 202
70 118
70 139
171 181
30 135
57 177
18 38
112 144
19 32
67 84
52 139
101 147
47 141
93 124
134 184
70 145
32 129
45 52
21 39
30 125
201 205
136 185
68 155
143 162
45 143
96 119
2 147
20 37
145 177
65 145
164 189
28 201
193 205
123 165
105 133
76 185
114 151
85 178
136 143
65 141
9 68
12 187
33 165
33 196
62 196
48 140
16 114
8 9
103 108
46 164
49 132
49 162
7 33
197 199
36 38
4 16
34 60
4 78
147 190
110 130
74 88
100 115
69 108
99 130
33 85
106 143
140 147
93 178
56 85
100 101
41 189
6 37
155 174
123 189
72 183
183 194
62 74
109 180
113 130
107 161
163 164
68 205
99 119
63 69
83 141
5 92
33 121
18 128
25 195
56 128
56 154
82 156
116 126
172 183
35 94
114 141
14 172
102 206
140 191
191 207
2 169
165 199
43 83
40 127
192 194
40 213
30 127
68 204
36 77
40 112
105 124
128 199
51 128
62 171
64 73
42 117
77 127
56 110
42 77
105 176
63 84
41 73
8 60
23 202
27 72
165 176
22 174
41 160
112 163
8 92
29 125
136 164
3 180
59 186
24 169
4 48
86 187
131 213
52 137
64 142
42 57
79 137
54 161
30 180
93 205
29 181
20 189
127 165
113 132
43 136
101 150
44 191
34 91
33 170
54 109
165 195
28 68
127 150
146 205
21 205
10 94
14 212
74 135
22 169
59 61
20 43
72 181
26 101
84 121
68 106
31 161
112 152
28 116
139 154
124 188
51 101
42 170
21 65
65 138
109 196
4 126
25 67
48 75
12 152
12 23
91 110
78 113
34 163
56 105
74 177
112 137
48 197
43 59
28 48
144 209
60 96
58 111
164 191
9 23
90 138
73 99
129 173
34 51
57 182
25 117
78 149
27 45
33 192
31 212
19 109
23 32
1 57
174 183
40 209
60 87
70 200
67 108
4 32
28 127
24 140
28 118
99 105
156 210
109 185
56 162
60 83
105 131
22 115
165 200
52 178
53 61
76 163
77 210
15 207
101 199
14 28
79 129
45 204
12 64
84 124
1 6
49 97
130 210
22 138
10 161
45 189
21 142
59 75
37 163
38 176
7 100
114 158
118 140
24 211
80 100
88 207
54 208
40 98
108 109
20 33
34 39
58 123
172 199
31 83
129 168
83 125
4 155
14 15
166 168
45 92
110 200
31 61
183 206
55 164
138 188
59 200
79 84
149 182
100 200
1 100
83 149
102 114
4 35
105 134
77 133
85 173
202 204
39 43
6 160
72 208
27 75
43 164
34 126
6 26
32 176
81 129
11 173
23 132
122 187
51 96
47 192
130 155
39 90
13 121
151 181
66 184
43 85
26 212
0 111
95 167
136 167
83 86
145 168
62 76
94 184
9 60
74 142
60 160
32 48
82 206
145 213
170 197
99 212
47 137
140 192
105 112
51 193
82 189
93 199
3 183
119 174
178 213
34 78
32 177
35 39
44 167
56 108
96 129
29 118
33 148
43 91
0 194
58 181
40 212
5 73
56 139
32 83
97 112
1 125
1 8
116 139
126 128
6 165
29 179
60 154
36 69
47 167
28 64
91 191
67 213
98 209
100 207
20 202
81 91
108 166
105 108
21 78
47 87
115 124
51 211
130 181
70 170
56 176
44 105
140 157
8 93
73 175
148 203
92 171
2 201
50 92
40 178
112 117
25 156
11 197
142 194
51 157
155 210
77 100
58 210
89 126
187 196
11 184
28 166
61 169
80 163
141 181
36 106
154 155
56 166
33 104
99 177
119 122
1 130
58 186
82 145
10 23
165 203
124 169
51 82
56 136
138 200
96 180
63 208
1 21
41 193
4 60
27 48
15 171
121 181
4 6
76 82
88 200
57 152
42 48
196 204
1 52
38 39
107 144
11 27
20 165
117 153
159 167
174 196
125 133
20 198
142 149
10 157
103 203
34 50
98 125
9 194
116 197
43 156
43 86
72 191
15 67
18 144
56 93
34 175
107 183
144 193
31 145
108 169
48 110
20 210
195 211
56 181
75 165
134 208
180 195
46 121
41 169
33 71
64 134
72 115
138 179
60 196
177 184
13 69
3 174
63 148
53 119
158 172
68 132
12 109
106 129
99 107
42 102
5 128
39 44
28 117
15 140
13 112
156 198
20 201
92 160
59 62
96 173
76 162
127 164
13 178
21 212
173 175
3 121
98 148
196 197
37 86
29 87
6 94
38 46
39 151
48 71
77 207
8 149
61 68
185 200
173 176
31 169
84 85
137 149
164 176
162 171
20 51
109 159
49 58
33 75
48 136
22 102
40 160
3 128
66 85
27 117
85 150
44 165
32 37
178 184
8 34
168 207
73 138
28 112
44 54
19 195
8 44
36 203
34 95
11 39
50 197
7 157
33 198
1 128
38 124
44 62
18 145
101 158
103 185
32 124
82 181
63 167
118 129
40 153
34 41
34 159
46 166
83 103
59 127
51 120
115 138
20 138
28 75
34 53
35 132
158 207
152 154
171 213
32 140
63 95
20 146
140 206
8 158
90 145
72 142
101 175
59 147
162 186
85 92
74 86
58 60
7 147
86 153
80 144
45 168
26 65
24 165
36 68
53 162
46 198
31 196
25 112
148 204
15 115
106 141
180 190
112 190
27 36
59 155
103 151
94 160
6 39
67 70
13 40
41 116
123 143
30 122
29 141
139 151
32 109
56 184
46 192
74 112
57 174
152 179
88 211
28 40
71 141
18 77
138 140
52 198
128 208
55 139
91 128
139 213
102 164
61 62
28 111
2 81
58 109
41 175
184 213
4 45
68 178
113 115
129 142
42 206
111 137
13 29
9 112
93 165
147 152
35 197
69 144
74 193
11 21
28 119
30 86
6 136
149 197
79 213
22 166
72 139
34 105
87 121
1 119
44 67
53 203
66 138
58 83
33 97
136 205
177 182
83 113
10 30
4 53
83 104
114 115
16 154
51 167
45 147
71 122
147 194
75 166
24 198
5 111
79 192
9 140
82 196
83 156
65 156
87 93
103 191
10 99
88 167
56 212
41 110
93 138
100 107
138 151
48 58
29 35
40 109
140 151
7 45
55 79
93 102
2 52
81 117
50 85
53 139
66 136
76 149
117 170
129 136
31 51
83 186
108 213
35 96
20 176
178 194
165 177
154 196
72 96
173 191
1 197
109 114
147 175
41 178
82 167
156 174
37 116
27 128
0 103
142 184
114 177
62 191
91 103
90 98
72 157
161 171
87 155
118 123
111 195
102 145
68 181
9 176
138 198
83 136
77 135
53 157
38 81
76 95
133 197
46 74
26 150
128 211
46 105
59 172
9 43
104 170
93 167
6 157
7 28
78 102
23 177
47 79
108 111
46 136
28 146
3 185
92 130
88 106
48 102
28 95
102 117
35 45
0 28
71 88
78 185
10 146
30 199
0 60
140 164
93 201
163 201
56 207
64 88
112 199
174 203
164 198
41 101
71 187
77 182
10 70
62 120
72 101
11 196
65 210
28 66
1 206
157 182
79 80
10 130
86 207
100 166
121 169
112 139
63 172
104 125
112 155
12 140
124 157
21 57
160 203
118 175
30 102
83 151
113 122
42 55
106 145
92 198
188 212
194 195
20 119
36 150
151 163
194 196
115 192
80 151
19 20
186 196
153 183
59 96
139 200
8 28
64 133
86 163
4 62
21 54
173 209
57 181
13 88
66 160
52 196
161 196
106 161
106 202
121 179
25 170
173 187
33 135
5 97
140 189
9 127
41 125
68 150
25 58
22 160
147 155
26 207
30 156
43 206
166 208
55 85
26 139
19 64
117 169
8 155
49 184
62 169
102 139
99 188
29 139
163 190
32 121
29 54
77 86
40 104
24 175
72 118
75 89
5 11
120 169
75 196
50 53
28 132
134 141
109 162
86 195
66 71
68 162
85 155
44 156
170 208
147 156
53 104
29 105
113 148
13 108
96 144
155 202
144 197
0 153
3 147
9 56
26 142
101 126
110 189
155 204
57 88
75 163
193 202
107 195
132 162
5 68
25 186
99 140
85 116
99 112
98 193
10 45
2 75
42 138
40 51
56 200
117 211
57 133
81 197
14 161
73 155
62 125
25 185
119 204
34 171
50 152
65 159
69 70
21 63
131 165
177 209
36 139
92 197
36 98
20 173
15 77
59 68
70 151
84 158
69 124
201 211
131 174
11 160
119 161
18 28
5 21
18 76
6 194
37 162
7 38
31 106
16 113
48 193
104 212
95 131
57 105
138 211
56 151
132 133
30 163
9 135
190 211
26 122
47 148
103 183
19 177
8 86
10 183
8 84
94 98
19 78
63 96
67 185
31 68
41 174
59 154
49 68
32 209
98 108
162 196
114 169
190 193
118 183
177 212
55 181
85 87
92 115
78 120
123 131
6 10
42 172
16 132
17 89
38 167
48 200
10 31
136 152
20 135
109 143
6 153
42 53
119 208
1 20
104 141
8 166
20 112
137 184
192 196
55 65
62 144
5 96
108 210
4 15
59 139
37 139
10 98
0 109
53 86
48 192
105 139
42 80
31 73
25 91
16 125
14 141
51 54
101 194
52 89
36 210
43 84
152 210
161 198
24 128
164 180
26 169
35 61
28 147
46 181
108 118
48 141
23 184
157 174
85 204
62 106
157 199
117 166
68 177
107 182
3 205
59 126
145 185
120 138
39 72
198 209
105 106
39 184
177 203
92 137
99 155
206 207
12 181
77 149
32 50
46 151
18 190
63 152
40 41
84 172
21 94
39 73
20 35
48 124
26 174
0 150
64 167
25 47
27 40
53 143
143 157
26 91
182 207
37 93
65 160
18 113
80 206
55 174
67 113
75 109
48 189
134 201
110 211
158 180
4 177
29 148
9 131
6 74
40 44
160 210
20 172
103 184
64 180
102 129
2 87
79 199
9 79
40 81
119 162
122 192
119 212
46 112
10 126
109 111
184 208
98 147
113 209
155 194
162 211
0 179
100 161
116 196
37 64
29 80
60 187
186 188
26 96
6 95
42 121
3 10
84 197
29 177
145 186
49 158
37 60
166 211
71 205
127 204
131 155
48 199
3 7
125 177
114 202
52 120
189 199
113 154
46 122
130 169
24 195
38 155
22 68
39 93
57 173
26 113
107 189
29 175
36 192
74 161
97 132
116 176
3 48
48 169
121 129
144 204
125 174
81 200
2 162
79 197
79 177
97 124
108 188
35 82
59 149
48 129
72 176
77 80
172 210
118 178
4 134
9 97
136 182
118 158
85 117
161 199
117 191
151 192
127 143
72 177
69 188
101 152
30 108
77 206
18 85
2 50
56 185
185 196
57 119
105 127
22 101
97 194
42 46
77 104
73 91
17 181
61 67
62 119
169 179
12 176
18 34
48 164
67 155
26 173
50 52
17 87
21 70
61 211
78 193
182 211
117 146
195 204
119 206
40 162
98 171
130 182
133 199
37 69
97 99
112 157
3 181
36 208
143 165
40 182
103 169
70 189
190 209
118 186
73 156
120 204
70 142
10 17
82 124
43 115
138 147
23 187
129 210
42 97
14 109
39 165
14 179
45 85
159 203
39 178
59 94
82 174
54 143
26 172
142 157
26 185
101 140
40 43
116 186
34 162
69 78
1 80
48 133
90 116
69 147
77 212
73 126
22 32
15 182
10 21
138 204
30 66
37 136
94 123
75 103
72 203
33 147
121 182
115 191
56 78
25 202
180 181
35 62
97 140
15 129
71 155
156 194
51 203
106 140
110 125
102 207
43 134
34 133
29 91
36 183
37 47
113 129
52 153
48 173
85 114
172 203
20 188
19 202
164 196
7 152
17 74
67 68
85 210
141 164
42 188
170 198
52 71
127 185
3 191
120 144
138 146
94 148
106 147
52 127
99 173
17 99
55 128
77 120
78 116
21 102
131 140
17 45
16 26
44 197
181 197
61 136
83 90
84 107
55 116
131 198
45 117
31 99
40 110
122 160
20 39
28 173
25 125
36 49
2 154
74 136
33 136
119 157
57 128
172 192
123 160
73 160
136 172
116 174
6 120
149 179
63 139
111 149
95 163
66 79
66 112
177 195
68 176
137 167
46 180
79 182
161 168
135 137
49 98
27 52
153 193
84 166
26 144
158 211
46 159
195 206
0 181
39 78
143 209
136 212
4 135
34 97
89 110
78 138
49 109
92 209
128 184
127 212
110 165
5 180
83 88
113 158
61 131
49 118
75 136
72 152
81 86
30 56
50 169
87 139
81 186
39 80
7 177
14 199
44 147
3 137
171 203
37 115
4 101
105 182
85 109
37 45
17 52
18 205
135 142
30 40
187 205
25 121
29 151
165 193
3 113
24 185
154 198
136 184
50 88
93 200
104 213
10 180
173 203
1 22
48 123
42 79
125 128
95 209
22 204
1 49
137 188
98 174
142 202
185 198
35 190
108 127
117 178
119 165
87 151
11 192
85 91
95 136
140 184
25 105
33 113
22 132
48 205
138 192
115 130
137 148
58 104
1 159
91 188
7 138
129 199
97 147
113 189
66 149
21 171
104 148
129 162
78 104
149 155
97 212
3 165
92 118
68 153
125 167
63 82
90 113
150 189
77 143
164 168
64 149
84 211
97 118
109 112
36 93
11 56
52 192
2 116
45 202
104 196
22 197
57 164
65 143
130 179
150 209
73 105
20 199
153 205
61 171
51 179
67 165
65 175
57 132
67 76
70 197
6 145
80 102
87 200
129 137
67 117
36 190
75 195
34 36
81 203
159 173
155 181
69 204
80 194
106 163
26 92
108 189
17 25
129 198
80 187
147 169
6 54
56 192
176 199
11 175
63 93
161 179
74 121
18 204
20 100
61 196
135 151
87 92
89 106
38 134
63 187
82 139
113 164
13 106
60 92
76 139
102 160
12 70
97 110
82 90
23 143
76 110
45 195
83 99
31 126
46 71
31 182
24 90
28 184
93 142
55 100
188 204
140 170
25 60
181 199
121 171
9 52
187 203
130 177
16 143
207 211
54 96
0 144
4 49
123 154
58 105
54 192
26 114
78 83
131 153
58 79
98 210
69 107
44 120
175 177
102 171
47 199
21 197
32 119
74 157
185 213
41 77
150 153
156 189
25 206
17 189
19 137
17 58
102 196
88 147
53 109
43 106
118 212
30 120
77 83
18 169
84 181
203 207
109 129
44 142
86 176
54 185
123 147
103 158
58 165
173 202
145 200
61 81
10 75
83 199
46 63
33 65
3 35
122 207
162 167
87 203
40 144
167 210
55 188
12 123
102 109
83 202
74 127
93 130
59 206
40 175
16 60
121 208
14 44
80 122
53 69
131 203
90 153
16 136
35 158
73 135
12 185
25 145
37 185
21 159
84 86
129 171
72 201
90 179
175 186
8 173
100 112
54 117
30 123
56 177
21 187
125 173
68 187
31 34
151 157
17 131
34 54
71 184
0 124
84 95
75 91
11 120
129 195
143 182
35 202
120 155
80 212
108 180
118 136
48 105
117 135
124 158
158 213
77 88
121 136
112 195
57 178
97 158
128 129
50 109
28 145
68 195
54 180
5 112
15 99
34 65
38 191
20 89
140 201
65 177
114 126
91 212
125 195
7 54
18 146
162 185
86 89
117 188
203 212
61 209
12 138
113 182
46 92
59 77
166 210
37 75
75 140
177 181
15 42
16 24
14 50
46 150
50 175
124 167
104 139
83 166
169 180
92 143
85 180
110 124
33 102
152 177
73 88
81 82
27 152
27 157
48 81
98 170
5 100
196 201
1 134
57 93
144 194
7 64
21 23
35 38
4 123
172 211
32 44
55 179
142 155
27 156
31 152
60 136
2 213
17 186
87 128
63 80
112 175
7 124
55 73
6 139
52 104
161 190
154 169
15 179
40 203
35 208
52 91
92 181
89 212
70 108
72 121
152 188
129 202
120 209
15 135
146 154
34 177
188 200
65 193
120 162
132 157
183 203
114 191
9 208
32 184
36 46
27 109
62 95
45 51
33 138
133 137
55 175
24 127
44 135
132 175
51 135
135 169
45 171
28 183
59 100
48 146
21 36
109 116
122 186
167 169
43 120
17 68
50 163
15 85
80 174
99 190
67 200
155 168
86 123
48 62
31 67
68 172
54 72
12 198
3 160
53 130
167 195
204 209
92 93
48 80
116 129
114 134
166 181
10 152
89 186
4 36
84 153
62 178
23 89
22 51
24 36
8 66
103 213
27 118
119 203
103 149
17 63
61 76
118 203
76 161
11 53
96 97
52 209
128 188
88 107
100 137
20 23
18 166
89 138
0 174
114 146
92 212
62 71
1 35
130 140
23 175
11 45
17 212
2 91
35 56
22 104
23 123
82 109
139 197
35 57
51 163
147 162
119 145
18 71
116 201
54 125
77 87
126 162
119 146
33 109
157 203
126 179
86 144
74 75
138 180
104 182
76 138
142 165
128 162
36 179
46 176
23 164
47 163
4 19
27 103
18 148
26 109
169 184
172 185
68 149
186 207
89 156
95 135
84 189
112 181
21 30
90 104
172 186
14 149
69 192
15 21
65 187
65 205
27 159
41 183
53 112
117 154
76 132
11 77
43 160
96 172
0 213
90 140
5 142
72 114
145 178
191 210
8 174
153 198
8 94
20 155
107 162
25 52
66 76
84 185
37 106
94 202
112 124
182 193
188 189
126 158
59 210
7 48
71 113
71 84
22 121
28 125
21 208
126 138
55 72
110 207
97 129
23 73
19 198
110 132
9 138
68 100
65 165
24 162
109 130
33 132
29 145
24 77
109 150
69 146
15 163
65 188
23 102
22 208
115 197
32 149
139 191
6 202
5 9
64 151
55 165
21 198
42 63
62 137
172 181
23 121
151 173
135 167
34 106
102 184
25 76
58 103
71 202
101 124
96 182
23 213
158 191
36 89
50 122
84 198
0 89
31 193
179 207
29 75
35 193
17 76
156 172
68 92
95 115
165 208
5 209
161 203
181 190
94 199
117 163
74 124
107 143
147 159
77 141
50 91
28 99
37 41
47 203
172 201
69 129
99 163
51 81
116 166
87 122
83 175
41 199
75 184
29 85
23 37
60 118
101 182
96 166
128 166
95 133
61 132
68 131
90 123
102 123
44 89
106 187
115 178
49 51
21 161
118 148
33 56
140 171
102 120
114 139
110 122
9 99
99 136
107 157
75 96
21 151
0 33
70 157
46 69
12 104
60 140
89 121
79 120
116 127
53 116
6 101
116 142
102 112
83 92
17 33
103 192
78 177
80 179
17 204
3 192
71 186
85 96
11 23
53 89
38 207
159 178
90 206
79 102
54 120
149 202
85 181
79 119
66 147
42 156
118 159
163 174
105 213
167 204
197 204
132 164
65 179
2 144
147 184
67 79
72 171
7 137
1 193
111 176
93 186
78 130
60 209
57 198
28 61
32 159
132 201
68 107
208 212
65 109
70 159
30 106
95 201
61 117
9 46
129 148
45 190
61 65
40 195
50 111
122 202
125 155
67 144
146 190
44 127
81 115
8 210
41 86
22 84
23 119
3 125
164 165
14 73
43 65
90 109
67 177
90 175
69 143
26 61
4 18
18 193
16 83
92 133
110 184
113 140
39 58
16 206
177 210
29 206
59 65
38 170
56 122
94 196
16 90
9 31
116 193
174 212
44 52
22 60
37 158
80 181
21 103
42 174
66 81
8 179
96 209
149 213
63 76
12 74
6 128
176 180
147 148
24 49
99 120
44 201
91 151
80 188
49 154
52 66
36 211
99 171
30 176
103 131
15 100
58 183
132 168
113 131
85 162
130 135
181 185
63 177
111 133
53 207
42 148
138 195
15 60
82 170
6 49
34 170
24 201
133 139
123 133
44 196
10 123
32 66
179 197
42 163
198 207
24 188
72 143
135 141
163 168
114 195
120 142
54 146
204 210
16 58
38 131
20 182
69 173
92 129
45 124
26 138
55 74
126 150
53 56
6 213
12 199
121 127
12 83
53 160
160 161
18 135
44 64
78 92
17 188
23 198
18 21
15 128
45 93
146 186
107 122
99 106
90 136
136 137
98 144
0 48
16 64
57 109
161 167
51 79
54 147
179 187
20 63
158 196
104 200
3 68
40 142
76 209
11 145
30 168
134 213
8 90
39 62
33 68
82 144
120 186
16 92
44 109
67 128
57 74
52 64
41 134
39 94
22 142
100 180
49 199
57 104
18 194
130 193
27 201
33 144
98 177
36 52
7 149
81 155
10 194
53 128
82 179
60 95
127 195
183 192
13 125
123 193
29 53
7 112
13 160
59 174
19 88
64 89
114 189
78 129
15 74
5 106
24 85
78 94
36 41
2 44
103 168
57 200
133 153
77 119
15 35
130 141
42 213
9 161
129 179
27 179
114 185
91 168
100 143
149 168
1 38
11 26
126 201
164 197
109 184
165 184
22 144
70 75
29 163
149 158
74 203
76 197
101 105
26 184
155 201
65 80
46 57
30 129
82 164
55 78
42 127
6 32
27 54
102 190
85 165
123 150
115 161
139 145
38 53
170 213
132 167
131 162
115 171
25 161
70 86
56 97
144 184
180 204
33 212
66 139
150 199
12 212
5 91
63 111
123 167
48 167
62 168
124 164
80 140
15 94
70 105
82 154
58 77
160 178
43 53
39 191
122 144
75 144
14 139
156 168
50 211
65 71
71 90
145 203
95 179
123 129
121 124
52 109
154 199
119 181
193 196
103 124
115 152
106 124
79 82
17 21
46 137
81 102
2 94
4 82
31 37
156 204
87 114
83 203
136 176
107 167
49 183
103 157
138 154
11 105
168 185
120 135
24 89
98 132
5 27
62 158
56 169
43 191
89 115
81 130
133 187
126 145
46 117
88 191
44 204
130 212
141 205
40 103
21 123
31 50
99 131
125 131
171 211
0 25
58 89
37 76
110 187
37 156
16 71
20 30
76 129
66 132
84 104
152 204
96 195
203 209
28 78
50 153
79 110
51 122
101 138
70 116
87 197
51 62
90 189
87 141
74 204
36 111
28 82
15 169
114 166
92 189
154 202
46 143
39 91
132 203
107 118
184 192
2 190
148 155
20 133
90 130
66 174
113 211
29 33
64 104
72 129
100 153
61 78
13 33
76 141
15 178
113 198
6 135
28 152
111 191
15 61
113 149
99 159
33 112
114 165
16 66
146 207
139 169
41 148
15 58
8 182
33 157
32 127
51 209
18 147
6 208
87 183
118 151
184 186
84 210
32 154
158 194
58 102
36 59
61 99
161 163
205 210
60 192
54 57
2 212
104 173
80 92
113 169
146 212
39 212
66 77
92 128
127 162
80 130
66 107
42 165
87 118
9 171
16 212
1 68
30 160
49 148
10 22
38 132
88 129
15 95
28 90
103 118
123 164
6 111
94 137
85 112
47 85
77 89
154 203
39 150
64 136
6 30
75 192
79 145
109 210
55 194
77 79
66 111
136 149
126 133
56 160
90 180
3 126
51 130
52 183
6 113
40 196
89 104
161 195
55 84
81 136
151 203
64 197
27 154
69 161
133 147
124 130
131 199
84 174
93 161
206 211
25 46
13 168
39 171
128 173
64 208
158 198
114 128
34 99
83 139
27 85
123 211
163 180
14 134
102 198
23 125
1 132
2 140
31 84
195 212
150 175
114 205
23 57
67 133
151 187
106 169
50 70
106 138
85 176
156 166
128 160
81 210
55 156
65 174
6 147
101 170
106 206
7 212
86 134
128 137
6 13
79 91
75 92
7 25
74 143
100 164
9 178
14 183
85 90
126 163
175 176
147 187
68 86
96 98
66 119
38 116
32 79
64 185
33 49
10 55
131 160
50 69
30 170
119 142
79 123
69 111
136 146
52 59
147 195
72 136
12 108
3 118
42 87
133 169
91 174
35 201
72 100
33 164
32 96
149 187
17 116
175 193
0 154
152 182
31 74
52 155
22 91
121 206
161 176
182 198
30 118
0 131
22 87
154 171
40 56
100 118
4 28
8 81
21 108
11 54
168 179
55 130
84 199
76 101
13 48
182 203
16 23
145 211
56 60
113 202
29 127
38 55
66 196
128 206
47 88
43 119
25 88
6 7
35 59
25 132
8 70
79 143
93 162
16 68
194 210
88 175
66 109
21 50
81 182
14 193
0 209
133 158
47 56
92 183
18 25
184 212
105 173
136 192
102 195
18 161
192 198
96 127
19 148
125 127
66 100
76 128
75 119
9 185
144 146
53 132
103 115
15 157
42 137
138 171
80 137
29 121
12 172
199 213
118 172
165 209
149 210
105 208
161 202
101 157
74 188
14 91
10 73
92 162
115 184
3 158
0 31
126 134
133 213
4 147
4 66
31 66
139 211
18 160
72 190
50 173
128 197
158 176
175 194
77 109
86 140
106 108
53 142
75 142
48 101
106 185
68 180
53 209
69 81
104 129
76 102
36 172
63 158
165 172
40 146
32 175
14 169
16 63
184 205
50 142
32 152
76 191
20 25
93 103
18 127
57 191
29 157
123 175
64 78
50 132
88 142
45 87
157 163
69 90
29 108
161 165
79 209
167 199
38 69
84 186
13 153
15 190
76 94
144 198
6 190
48 182
18 155
46 162
77 200
93 125
127 137
51 67
85 139
55 192
10 191
32 80
101 192
157 184
69 98
39 175
0 97
159 201
159 184
71 181
98 163
58 161
33 34
86 119
90 127
25 32
33 83
73 166
9 107
42 197
100 104
59 110
58 132
106 210
26 211
109 113
159 171
102 158
44 160
53 59
50 164
22 57
2 106
15 208
121 134
49 84
64 129
8 56
21 126
20 91
72 116
112 121
189 203
135 160
97 201
16 53
123 125
42 131
46 97
207 209
19 103
34 165
9 153
21 62
35 164
28 131
47 208
62 83
41 56
17 46
57 70
56 94
59 90
19 159
68 151
15 176
82 121
101 144
22 198
127 213
64 148
54 77
20 71
25 89
156 183
26 203
14 81
11 185
189 197
27 212
15 134
54 130
22 70
60 197
141 146
9 45
1 195
60 148
68 109
40 156
22 72
102 187
66 194
75 209
56 165
4 159
5 42
21 119
84 116
52 110
92 94
86 108
30 146
139 156
137 180
53 83
132 159
0 170
23 208
39 154
29 154
127 167
114 118
89 181
12 58
167 190
202 211
104 176
66 189
129 163
120 208
69 131
172 180
29 213
111 147
42 147
156 190
137 159
84 170
6 27
106 154
0 69
106 120
11 14
52 162
51 71
18 182
6 154
1 108
108 152
96 181
22 173
34 190
72 132
32 102
157 167
28 35
8 72
126 195
10 77
110 115
169 202
149 159
85 110
123 128
52 73
62 183
29 99
118 119
2 103
84 140
85 193
59 160
6 65
204 212
111 164
22 108
19 76
68 160
27 176
46 209
135 209
27 145
28 69
46 213
46 186
110 118
164 173
2 111
84 161
23 204
81 84
179 189
5 198
33 162
162 200
23 163
45 101
101 122
68 82
13 190
10 116
115 210
42 168
48 159
70 191
38 40
9 71
35 189
28 43
200 210
135 180
167 203
52 135
82 141
71 85
35 58
7 129
111 140
87 106
141 151
86 121
89 175
57 143
65 154
46 196
71 107
47 178
174 195
21 29
104 179
130 204
47 202
65 209
46 163
53 166
36 163
16 195
8 95
9 84
3 162
43 213
62 184
157 207
100 157
176 188
1 204
149 198
169 175
55 83
123 176
119 150
55 104
43 184
101 197
48 209
105 114
45 83
15 201
56 168
27 175
20 41
37 44
60 125
22 113
52 166
1 53
26 67
31 35
180 207
146 189
4 213
36 212
107 199
117 186
41 119
37 104
44 207
60 99
135 204
16 44
83 129
42 81
39 182
133 141
45 192
71 99
15 152
76 200
16 156
93 107
86 94
112 162
5 158
5 109
125 137
94 161
37 161
11 25
19 127
67 210
190 196
93 144
72 91
77 137
78 213
73 174
117 175
138 206
17 114
66 199
93 211
42 155
45 179
123 134
134 150
65 81
10 121
36 72
179 195
89 91
177 189
96 154
19 56
61 77
46 82
153 173
100 109
80 156
17 91
118 210
87 147
95 188
170 181
6 138
97 106
121 139
104 111
22 86
17 109
40 191
49 116
49 122
19 73
4 12
51 162
27 205
6 205
57 77
18 101
60 141
78 199
3 31
8 51
75 207
172 207
71 89
53 94
119 196
95 99
38 84
48 98
37 164
134 157
153 200
32 197
8 164
133 168
81 114
1 115
74 200
54 132
66 178
46 115
99 146
16 45
168 176
62 123
59 79
84 87
192 203
73 120
23 108
136 202
29 130
70 168
113 167
5 33
44 174
89 155
66 193
82 183
110 157
148 195
120 163
64 174
96 194
54 148
72 179
33 146
80 159
7 22
158 185
34 157
75 77
114 129
30 205
17 144
97 152
50 55
18 124
23 49
193 197
89 102
136 193
101 174
82 143
30 112
60 97
160 194
69 213
101 111
162 198
94 155
108 211
52 141
19 178
6 22
115 155
19 155
51 197
14 30
42 49
93 117
61 179
3 152
58 116
112 192
83 93
7 131
153 202
64 166
36 202
63 66
176 204
23 29
12 188
34 173
7 167
1 24
178 192
17 159
5 98
115 128
120 133
123 209
28 91
38 61
20 59
29 147
51 106
25 201
105 183
15 59
31 201
36 100
189 192
13 200
105 198
136 181
108 137
78 181
165 207
190 210
125 190
71 73
56 64
151 183
102 110
8 47
177 206
32 153
181 195
113 125
149 189
11 198
5 113
104 168
174 205
124 189
67 208
73 148
135 150
65 102
31 55
50 83
137 181
43 135
58 128
60 188
24 34
130 194
69 87
0 27
116 200
53 102
64 184
17 53
67 109
40 117
22 23
86 185
69 191
0 188
56 62
22 65
44 150
35 111
119 182
91 104
18 64
55 141
58 166
96 132
98 109
41 150
4 198
17 105
122 146
150 176
5 130
12 127
108 185
11 31
74 191
29 42
156 178
91 120
2 58
35 89
79 95
11 161
69 163
23 200
147 166
35 135
46 66
41 190
126 206
77 183
59 158
69 106
7 210
64 144
77 184
148 174
57 212
36 189
143 187
143 146
105 175
84 132
88 141
28 73
131 141
61 105
91 152
145 182
3 211
68 202
158 200
88 178
77 126
126 160
180 187
141 149
0 90
52 96
76 97
116 175
36 145
76 145
15 111
132 139
17 132
157 161
139 183
13 97
50 99
22 94
172 198
2 158
89 170
101 131
124 212
43 161
74 165
79 180
50 180
15 104
70 124
104 175
27 202
90 122
173 213
17 94
86 158
30 141
93 131
46 102
45 50
0 168
33 108
45 79
20 47
120 134
6 93
77 172
81 193
70 92
8 138
9 77
1 12
126 142
11 179
80 127
26 123
154 197
61 148
175 183
140 209
4 57
141 166
40 187
28 39
41 65
0 207
56 150
13 137
31 123
108 116
75 117
10 33
0 49
3 54
49 209
32 39
29 140
59 114
39 111
94 198
5 136
9 168
65 166
71 183
9 154
73 212
7 34
41 138
166 177
59 204
95 199
114 124
96 189
85 199
12 100
8 132
16 29
137 174
13 180
121 210
72 134
45 173
93 163
19 162
179 181
87 195
22 199
12 56
18 156
1 185
60 180
37 73
30 132
87 105
20 141
155 159
113 137
69 128
58 130
84 134
20 181
20 208
25 143
46 200
3 80
67 146
27 32
24 116
19 27
45 139
108 135
63 90
145 201
105 171
126 156
41 51
40 62
62 79
131 142
33 131
29 95
42 105
1 94
116 195
23 172
111 127
83 114
171 185
84 147
28 175
27 213
1 208
42 58
23 131
20 147
74 110
139 182
56 113
124 146
34 101
14 108
141 174
72 150
80 191
158 183
84 96
2 172
136 150
25 33
84 146
18 206
41 173
49 137
140 178
10 40
114 197
27 204
87 161
15 197
82 165
184 198
96 196
137 185
12 171
207 208
38 143
8 202
22 37
26 52
22 107
5 114
71 93
17 79
15 69
132 153
28 141
62 203
76 98
13 87
41 118
75 177
22 131
2 129
47 102
39 75
55 166
78 172
13 133
40 105
96 131
3 188
1 180
119 188
18 134
152 184
191 196
33 151
8 189
43 171
104 174
121 180
125 165
30 166
3 200
152 213
56 79
103 132
28 96
155 184
10 89
151 193
10 102
134 198
109 181
187 211
20 21
103 211
194 197
20 200
45 212
57 87
19 120
63 68
32 186
142 168
55 105
90 201
87 130
89 191
91 135
129 176
124 178
13 55
112 142
9 129
66 140
116 160
126 157
104 177
19 210
1 83
82 133
87 206
62 105
22 34
168 208
61 103
142 146
34 66
1 102
65 113
145 159
29 59
39 71
174 194
18 164
68 83
3 198
66 176
149 204
111 126
27 62
65 104
84 191
55 93
142 179
2 34
38 150
53 182
163 183
138 210
3 157
5 190
147 149
78 93
23 147
18 56
64 157
55 152
28 47
21 96
3 206
119 175
71 152
114 159
100 197
151 190
3 24
125 162
101 132
101 137
178 182
75 145
158 171
51 103
44 80
90 146
98 182
14 18
10 52
16 74
151 189
52 181
34 136
35 156
2 179
75 97
153 210
79 167
143 207
47 185
35 149
183 184
98 201
97 138
1 26
71 158
6 102
80 128
95 164
152 206
37 176
138 161
72 197
0 119
59 195
176 187
200 201
150 188
90 195
10 88
41 97
19 24
149 169
94 126
201 203
62 145
70 109
68 120
8 159
39 145
13 143
21 180
132 179
140 183
91 109
14 19
83 205
45 61
142 159
90 172
119 166
26 170
11 188
104 119
49 117
36 43
7 199
48 63
0 76
85 202
36 116
112 176
110 120
15 55
157 211
170 183
27 182
184 203
116 188
8 73
17 143
10 210
134 194
60 127
144 152
15 96
72 198
96 112
99 156
42 194
46 48
73 187
7 81
125 163
194 202
68 138
125 183
107 142
176 213
81 103
201 209
81 195
114 199
17 182
84 105
52 159
31 183
75 123
73 163
65 74
48 79
49 101
96 134
42 104
77 167
19 87
103 106
110 140
14 156
117 180
152 167
67 124
75 159
159 204
104 127
170 202
61 144
136 166
126 180
0 172
46 167
41 49
132 198
79 187
17 197
40 161
26 157
74 91
71 173
135 199
13 100
41 46
64 170
143 191
59 140
136 154
40 49
176 200
16 38
40 159
73 100
26 152
69 165
70 80
62 199
112 158
13 30
132 169
92 113
139 196
26 208
133 156
68 114
34 161
7 73
199 211
118 208
3 141
117 202
34 74
146 197
81 83
75 110
72 122
15 121
61 212
43 64
59 78
82 138
82 93
71 206
32 134
62 85
27 170
30 114
172 184
7 172
55 101
5 45
2 80
44 198
61 203
149 157
95 196
34 43
111 130
47 55
165 167
69 123
86 177
40 169
58 122
41 91
4 64
7 130
50 209
27 143
21 138
54 164
85 153
139 177
101 155
147 200
67 141
109 201
35 88
28 164
88 166
6 196
31 120
44 87
138 184
27 89
126 174
170 182
164 166
97 178
71 153
132 212
116 182
125 179
99 179
137 141
64 191
26 162
75 178
37 198
74 108
0 15
102 204
192 197
40 59
134 148
127 169
185 209
173 196
55 177
50 71
12 139
16 182
26 153
66 204
25 119
71 86
19 122
145 162
111 169
35 54
50 137
66 213
35 159
46 119
34 204
128 193
70 119
207 212
52 62
66 80
82 205
69 113
46 205
181 194
93 141
9 21
9 119
91 169
85 207
124 140
74 164
118 211
22 30
91 130
84 90
165 173
10 26
77 195
128 154
108 208
75 161
36 170
99 207
127 142
1 9
183 205
50 60
59 72
91 184
153 154
160 180
34 98
82 173
64 190
20 124
90 110
23 90
42 141
21 194
150 198
43 114
49 53
49 179
24 97
200 211
67 143
8 208
7 160
171 180
56 63
22 207
56 199
92 138
19 92
95 96
91 159
152 176
0 116
84 151
52 149
38 120
112 187
84 144
126 144
47 117
42 74
178 195
61 109
55 121
1 46
61 186
57 197
89 199
127 196
96 109
74 90
10 167
141 143
92 190
81 104
106 130
18 74
118 134
57 144
149 191
40 137
22 81
25 126
149 152
89 148
27 184
32 195
73 124
29 90
46 178
23 158
132 142
125 201
103 182
73 162
14 196
58 93
77 186
149 172
22 176
24 79
72 123
43 145
94 150
9 25
67 112
63 109
65 208
104 150
54 78
2 97
159 181
107 149
39 188
87 89
64 99
37 157
94 97
94 115
124 196
125 161
142 160
113 201
75 206
0 171
141 160
54 204
53 210
140 161
69 121
91 172
161 213
94 164
14 88
139 159
68 71
13 60
22 141
40 67
51 93
61 192
143 153
85 203
20 83
46 51
92 177
44 170
127 197
61 188
38 179
9 35
160 163
47 67
168 182
19 135
158 178
75 183
109 135
141 212
155 191
51 158
116 181
47 205
152 183
7 95
38 95
33 160
83 169
113 127
0 50
103 154
18 51
131 139
36 101
136 196
100 168
22 202
21 31
38 59
177 213
16 73
3 50
143 174
35 126
24 148
20 197
161 193
26 160
123 136
43 157
7 21
7 74
52 56
83 180
16 118
162 207
171 192
90 165
34 191
8 107
22 127
111 198
82 147
41 135
125 185
28 41
93 168
39 186
132 185
113 208
18 40
166 212
42 65
81 149
8 31
58 107
68 166
61 112
110 126
67 78
32 208
93 128
19 39
40 91
108 161
69 118
158 205
21 111
72 92
10 173
120 130
7 71
117 161
24 109
3 44
161 200
146 178
178 205
29 64
73 101
16 209
128 153
60 167
76 103
100 103
156 200
26 102
172 175
137 138
13 170
162 191
64 195
44 110
36 132
2 150
90 107
55 115
19 124
3 111
120 132
75 111
60 134
205 208
117 190
56 174
2 137
92 188
150 181
87 149
115 146
20 42
60 81
107 115
30 65
96 185
114 168
70 129
77 173
86 200
3 100
106 197
95 117
56 125
147 208
25 165
78 163
173 183
96 118
58 139
164 178
54 59
53 197
63 199
181 203
4 118
166 172
91 131
115 160
34 44
16 59
210 212
10 142
112 206
3 29
54 145
62 75
116 209
112 129
125 211
103 150
14 211
132 176
54 115
153 188
49 83
55 135
162 166
17 184
9 187
172 191
0 212
134 183
91 105
87 198
5 147
20 162
52 69
89 112
72 79
107 201
3 16
96 150
35 151
76 84
11 103
64 159
18 131
73 179
3 70
2 185
5 189
156 181
153 189
71 96
18 63
13 31
71 182
107 165
209 211
127 166
115 179
19 86
27 87
40 205
81 191
8 16
23 85
140 212
14 92
155 190
51 72
134 149
87 160
14 112
44 117
119 187
36 167
75 118
19 107
2 151
40 188
12 149
176 210
49 123
38 161
150 166
92 192
5 199
29 167
92 102
111 135
92 200
27 101
69 212
24 173
36 50
96 179
122 131
48 171
63 98
134 210
7 111
30 52
4 105
27 134
28 168
71 74
60 115
12 20
97 198
176 209
68 188
7 159
64 154
121 161
47 157
55 195
36 188
136 173
69 160
121 141
46 76
12 146
45 130
34 67
14 150
109 207
84 110
23 113
39 202
35 188
79 85
110 121
26 43
39 85
99 192
15 107
4 202
29 93
84 150
61 73
21 40
169 171
105 211
31 209
183 197
177 202
42 67
88 93
88 135
37 121
94 124
79 140
19 97
94 158
25 183
29 186
4 188
192 207
37 173
50 77
78 207
1 167
26 50
6 151
160 176
43 71
46 75
27 125
27 99
26 210
35 185
63 118
12 130
22 111
39 144
64 71
17 187
85 212
50 212
162 190
6 182
22 182
108 176
138 176
148 152
30 201
27 149
32 92
71 208
114 196
95 119
77 201
14 177
127 205
7 16
111 139
26 78
3 156
93 198
126 190
48 137
133 200
148 211
25 50
140 141
91 202
25 153
85 159
156 209
53 193
16 186
52 182
86 161
10 132
133 151
171 193
91 197
39 203
26 111
24 207
4 11
78 103
144 205
78 97
6 61
66 67
39 97
25 196
130 145
50 149
11 138
50 192
43 130
23 178
77 148
53 155
144 150
148 173
71 76
24 208
5 212
57 138
121 164
39 48
7 29
24 194
73 199
131 180
41 211
76 151
132 178
91 136
111 162
32 194
118 206
71 194
68 200
34 81
0 146
29 78
149 164
35 150
88 158
81 112
100 198
53 66
79 124
57 97
114 212
2 93
98 101
6 121
99 141
19 126
2 77
78 99
124 172
43 76
110 209
35 42
119 139
91 115
20 168
66 86
38 157
208 210
48 157
58 120
35 142
82 119
12 98
141 183
14 131
51 136
15 97
104 157
28 200
103 206
52 98
173 188
16 128
27 35
23 65
186 211
114 149
43 174
45 198
21 80
80 155
21 137
73 140
11 85
178 190
122 150
76 143
157 204
53 131
75 185
35 177
140 143
19 157
106 152
128 210
41 212
13 202
112 210
83 197
86 178
129 131
146 194
30 34
83 102
126 184
153 206
29 196
62 84
98 161
29 123
49 65
97 175
100 149
95 186
90 92
49 66
53 84
73 145
126 212
121 158
51 86
16 85
18 154
23 62
150 180
4 130
114 153
9 170
175 212
26 205
62 157
31 92
39 108
74 87
86 169
139 185
137 162
19 183
62 135
155 177
125 193
140 198
124 152
90 149
21 98
106 176
25 56
168 204
126 192
46 153
169 201
81 157
61 202
0 22
35 103
3 134
64 213
155 157
44 91
66 68
111 183
126 203
142 176
16 75
13 197
28 109
98 126
35 98
14 184
33 105
130 186
104 147
43 95
152 195
63 138
166 190
26 131
112 168
46 49
33 178
54 87
124 129
126 211
88 89
13 111
5 116
7 180
3 72
63 186
77 82
33 205
36 182
13 104
33 110
43 48
35 147
20 94
35 92
194 208
98 173
18 149
27 70
42 72
28 190
131 177
50 190
15 34
58 163
76 170
4 14
40 150
7 41
17 77
41 107
22 52
44 125
13 92
59 117
95 142
46 99
74 101
182 188
110 193
74 89
11 58
199 207
37 140
21 41
72 158
50 141
12 62
149 176
24 80
108 175
101 145
145 212
12 154
70 190
38 165
107 153
112 146
171 176
62 209
85 126
135 211
127 134
31 115
108 206
132 184
155 211
28 212
37 113
79 116
51 166
20 79
101 119
1 86
101 136
62 65
19 200
111 165
119 125
96 176
58 125
62 182
118 138
168 175
53 54
98 123
81 176
130 173
154 167
9 53
38 202
49 73
142 147
15 172
181 182
55 168
99 185
44 83
41 147
4 29
60 84
33 152
92 104
41 192
32 125
33 84
11 68
98 142
8 46
83 206
134 139
66 127
95 152
38 141
92 170
145 152
132 165
153 182
91 186
60 206
5 86
113 185
60 72
68 95
8 89
20 145
106 149
74 212
22 109
71 159
102 170
188 205
36 173
2 196
14 29
85 184
74 186
40 186
41 168
200 213
13 47
38 180
35 117
111 194
28 205
65 195
46 111
38 45
45 116
40 95
123 190
25 51
47 189
33 82
13 179
47 213
38 168
92 186
140 172
37 137
42 205
40 170
95 97
16 109
103 174
107 174
87 127
29 79
104 118
59 134
188 213
55 76
16 102
56 195
39 96
93 164
136 195
60 113
18 179
2 132
28 56
43 154
99 128
98 127
47 176
35 118
87 168
48 161
33 159
117 193
168 181
22 117
48 95
7 132
63 128
62 189
73 115
200 204
118 192
48 60
26 188
186 205
61 107
18 36
22 152
1 141
122 169
136 187
84 148
165 186
131 197
47 126
107 113
51 210
162 209
109 124
47 209
105 162
44 102
63 78
120 157
93 148
54 83
3 82
45 53
56 59
14 123
36 86
117 204
122 128
126 154
186 203
105 209
100 156
0 155
5 71
12 41
101 171
124 126
31 167
62 82
73 118
91 164
97 135
137 156
45 94
111 143
51 183
179 185
65 172
137 209
184 200
114 204
29 113
52 204
28 187
1 155
71 119
104 132
51 199
129 192
29 72
52 165
110 185
166 182
6 123
28 44
102 153
103 175
80 119
65 89
22 98
25 92
12 103
0 98
82 97
50 162
29 56
34 213
64 86
20 98
63 143
113 141
94 144
3 114
27 209
48 115
78 91
52 63
27 151
77 97
36 62
111 192
69 102
32 105
171 182
8 57
174 186
80 139
74 195
127 211
86 126
180 213
3 116
29 114
78 122
23 66
98 206
60 126
59 64
7 154
30 50
46 103
86 205
60 159
176 198
47 206
53 77
2 13
0 70
169 186
46 174
25 149
140 174
38 97
6 81
18 142
20 205
20 117
51 180
63 79
28 87
156 193
74 93
56 130
21 164
32 70
108 191
2 105
54 133
147 204
44 53
92 149
120 192
45 163
115 154
52 207
4 186
123 145
89 128
130 170
30 84
2 183
94 143
41 72
143 164
76 171
44 184
16 51
18 153
152 200
9 172
195 209
62 96
27 162
181 200
89 107
143 177
110 111
187 204
159 172
66 175
12 164
47 59
132 154
53 96
172 187
53 144
55 61
58 182
2 32
74 103
12 44
165 205
145 167
8 101
82 132
152 159
41 52
97 134
76 146
160 171
94 113
83 142
49 176
147 176
53 134
20 88
13 96
144 163
106 198
46 203
89 117
34 180
110 180
176 193
67 132
14 100
94 131
38 106
85 198
36 156
36 175
9 121
46 173
65 204
84 123
16 56
107 134
121 213
38 101
129 132
88 150
30 83
57 145
55 118
188 197
45 106
92 146
26 141
11 81
1 196
101 193
21 158
0 121
208 211
56 127
5 179
70 154
125 187
59 125
77 131
1 93
98 130
50 160
54 209
44 139
43 203
145 160
39 192
83 122
35 137
66 187
21 179
116 210
111 124
28 77
15 44
7 101
101 160
55 202
11 139
57 209
151 180
93 105
160 172
107 210
24 82
81 167
5 80
74 140
24 183
119 183
81 122
7 166
75 127
70 85
117 131
36 185
77 101
82 110
160 190
49 124
43 185
93 150
1 61
41 99
22 75
4 44
114 133
33 118
57 204
184 195
24 121
178 200
2 90
33 46
84 89
70 213
62 179
23 61
157 177
77 197
64 113
72 149
24 156
26 31
128 200
57 118
142 208
133 163
39 99
100 183
18 157
57 61
63 123
49 64
85 113
96 204
45 200
130 206
24 58
28 92
58 211
91 154
13 14
96 105
82 85
167 212
104 184
10 190
142 151
64 150
88 122
32 95
166 173
127 148
45 207
23 122
103 165
93 126
4 206
26 55
116 155
71 127
132 208
23 64
36 197
12 113
0 126
74 129
89 150
108 112
135 161
97 166
144 191
11 187
189 200
99 157
64 85
11 210
124 136
18 177
15 200
11 166
45 146
41 100
14 163
81 156
61 201
60 168
186 204
41 202
110 153
121 190
75 115
62 154
64 123
26 140
136 161
67 88
128 163
