217
6
11718
60
218 2
548 2
539 2
465 4
519 2
282 3
311 3
151 1
276 4
319 2
214 1
83 1
295 4
99 1
485 2
506 1
575 3
454 4
566 5
240 3
366 2
300 1
242 3
309 5
147 2
392 1
571 5
143 1
419 3
438 4
437 4
443 1
94 1
454 2
521 1
144 2
451 5
224 1
198 2
232 4
151 4
55 2
571 4
344 2
59 5
267 2
478 2
228 5
86 4
477 4
298 3
341 5
101 2
156 2
548 4
347 2
356 2
378 5
57 3
483 1
359 4
237 2
297 3
277 1
219 2
141 3
121 4
301 2
227 5
461 3
465 2
181 4
382 1
435 1
313 3
504 4
195 3
451 2
455 1
467 3
236 5
174 3
341 4
585 2
289 1
352 5
310 4
414 1
523 1
134 3
240 4
410 2
564 5
473 3
193 3
144 2
97 2
243 4
310 5
123 4
501 2
494 4
457 1
130 4
400 4
584 3
345 5
193 5
289 1
350 2
544 5
107 3
445 3
429 4
437 3
578 3
182 5
575 1
525 4
430 4
429 2
240 1
513 2
294 3
262 4
451 3
106 2
366 3
472 2
582 4
185 4
316 1
153 5
77 5
470 3
407 3
471 5
224 2
488 3
484 5
556 4
314 1
172 4
302 5
387 5
147 4
194 4
75 2
178 4
582 2
433 3
146 4
65 3
360 1
84 1
525 2
480 1
295 2
554 3
313 3
325 1
171 2
270 2
567 2
550 1
327 5
208 1
165 4
537 3
51 2
559 3
49 2
303 3
68 4
77 2
571 5
559 4
59 1
469 2
156 2
272 5
44 4
276 2
527 2
371 2
277 3
395 4
119 3
280 4
368 5
64 3
365 2
103 5
173 4
406 4
185 4
331 1
77 4
307 2
117 2
133 1
316 4
147 3
450 2
418 4
285 1
123 5
51 1
369 5
139 1
237 3
586 2
459 3
530 1
580 1
52 2
268 3
3 41
10 61
24 74
92 181
73 107
25 118
88 214
198 209
1 80
116 129
23 85
101 182
27 42
5 126
88 92
46 56
105 189
100 163
139 192
86 179
4 171
4 88
44 113
80 208
77 190
76 183
187 188
136 172
71 109
97 182
83 166
79 101
140 192
100 105
0 125
48 194
98 147
110 142
22 65
51 214
106 141
43 106
82 211
49 101
16 107
117 205
64 109
84 126
57 78
57 69
47 129
3 21
36 169
121 145
84 102
21 128
107 208
88 171
40 154
61 195
22 185
121 178
161 176
50 152
57 100
102 205
16 148
89 188
130 210
53 177
37 111
107 173
29 82
59 192
65 176
74 195
159 164
11 99
109 154
149 160
38 66
14 148
104 125
147 158
135 147
21 125
1 60
153 192
100 150
30 39
86 139
55 77
173 212
114 183
193 200
126 191
98 153
44 135
46 165
148 198
91 115
58 215
145 156
46 72
66 178
57 203
4 216
9 100
58 188
32 211
86 196
90 165
157 162
123 143
102 194
60 174
69 137
151 206
122 210
192 206
83 104
23 131
145 153
92 183
55 213
107 174
6 130
148 173
135 139
119 140
76 186
13 194
7 95
46 186
34 152
116 212
126 145
199 208
65 146
16 193
13 195
19 105
65 89
36 81
36 163
97 116
55 125
167 178
61 63
108 149
142 146
67 185
53 81
184 203
76 136
43 83
64 197
8 148
65 134
105 118
40 107
17 82
79 195
93 197
157 191
12 96
50 207
5 174
132 144
118 154
16 171
137 161
13 18
51 154
11 115
76 96
84 213
57 64
147 169
38 199
44 62
1 114
4 215
32 164
43 192
74 200
81 105
26 95
11 16
1 53
105 119
104 106
146 181
77 83
4 11
3 116
49 174
16 167
7 30
131 166
115 192
80 127
23 201
0 216
60 92
109 181
153 211
155 168
16 151
112 115
5 139
6 37
71 98
57 66
50 78
33 34
112 169
49 199
174 190
82 130
148 195
39 79
49 132
23 42
0 10
84 187
100 157
77 172
60 213
43 182
34 92
44 176
25 169
62 102
49 171
1 183
14 140
112 204
86 93
125 128
158 198
11 179
2 5
120 196
64 194
41 94
51 143
62 172
160 216
30 37
24 126
89 186
60 183
120 210
112 123
118 163
122 199
4 7
66 82
88 137
7 160
74 95
37 173
14 129
17 33
21 165
35 127
79 84
130 147
10 205
4 37
74 175
140 162
184 206
134 152
16 122
38 151
11 90
111 192
66 214
11 126
141 207
46 99
31 98
40 90
109 180
35 137
105 114
1 48
67 68
55 112
57 140
146 191
179 194
6 66
48 92
118 184
19 39
149 188
192 215
119 169
123 161
37 64
88 143
129 208
28 103
46 180
5 149
50 154
48 91
32 123
2 163
150 179
22 38
151 183
40 71
11 45
48 215
53 203
104 200
29 38
89 196
68 161
63 162
53 112
102 106
39 92
38 83
33 147
124 133
13 144
52 129
29 204
98 156
88 133
3 156
57 181
95 188
152 186
16 174
42 200
72 87
119 123
64 155
14 72
144 181
38 114
6 211
8 146
43 146
111 118
44 91
93 200
91 160
27 144
28 198
65 172
25 136
24 167
12 13
28 115
10 207
101 186
62 128
94 174
28 184
14 75
51 93
78 116
90 123
4 20
81 211
133 206
52 79
144 155
145 201
92 209
92 174
13 177
28 138
38 73
82 166
75 147
91 117
138 139
26 210
99 186
83 156
184 216
57 146
66 174
96 171
78 127
46 173
64 198
12 199
11 166
85 148
144 207
76 104
85 186
25 89
42 181
155 183
69 190
191 215
140 158
16 58
117 207
21 104
153 191
1 187
128 137
12 119
65 167
168 211
19 192
89 185
24 139
85 107
43 165
88 192
149 178
29 90
34 98
17 130
85 120
114 169
28 122
101 202
44 162
74 82
162 164
6 67
74 181
124 163
3 74
74 81
65 151
123 203
18 25
46 142
115 136
44 58
69 169
9 118
83 94
63 139
141 214
10 13
16 152
113 198
66 127
163 199
63 111
170 194
49 90
44 133
39 168
60 79
104 185
55 61
58 104
37 99
51 188
5 208
8 141
110 122
44 119
110 127
157 200
0 36
66 166
6 110
65 197
47 114
83 88
38 107
17 181
100 143
139 170
82 153
167 180
153 200
97 189
151 167
8 20
13 106
2 74
85 187
16 43
92 140
127 184
52 76
113 115
65 202
41 207
0 93
39 41
21 27
150 211
120 213
115 195
117 139
7 91
32 158
106 137
168 196
175 200
138 150
45 155
97 110
150 167
35 119
77 204
67 111
21 193
10 81
14 141
14 188
150 199
154 161
111 176
2 66
14 17
23 192
144 152
69 122
116 145
46 192
56 216
7 36
75 120
140 178
1 156
169 177
42 174
112 171
37 132
8 77
35 175
162 165
47 105
109 119
29 181
0 175
90 160
30 190
67 113
3 56
32 36
65 66
33 88
153 159
3 53
97 122
28 214
34 83
97 158
187 204
92 136
96 104
125 186
88 176
45 136
35 142
116 146
114 202
28 43
47 112
6 138
50 100
62 156
131 206
4 71
34 91
0 133
0 203
89 105
13 117
52 84
62 163
146 180
54 119
27 102
115 209
150 157
1 19
71 122
22 180
84 148
47 199
111 142
102 214
95 102
111 194
42 62
45 210
147 178
69 123
13 166
87 112
95 197
168 182
176 201
121 139
84 135
22 193
64 65
125 197
88 172
14 113
144 178
156 157
192 211
26 63
98 136
17 79
5 154
37 117
40 196
79 212
25 56
9 98
18 91
63 215
79 129
207 213
124 155
100 201
88 173
25 143
10 186
65 135
29 89
112 141
119 166
12 157
10 59
51 177
75 82
82 213
104 172
152 187
7 187
54 176
22 155
59 212
9 10
180 209
6 195
20 212
159 212
70 92
47 194
97 178
44 145
77 134
43 143
65 192
61 186
19 22
155 164
70 96
53 199
73 185
85 138
8 28
69 167
80 83
137 145
99 180
126 139
134 156
180 191
109 120
170 177
18 24
5 155
152 156
15 42
12 188
58 125
52 92
146 156
172 207
154 208
91 168
116 194
177 199
102 110
73 189
60 170
91 123
135 165
167 173
4 164
103 202
123 153
42 66
19 184
15 39
32 49
91 173
13 174
70 176
144 206
148 203
171 183
50 149
90 107
73 93
102 209
32 83
71 115
190 206
34 118
56 208
56 170
49 117
64 84
59 124
87 147
200 210
87 106
156 182
131 152
103 149
153 181
10 88
115 161
136 193
140 186
155 194
68 105
90 162
20 61
10 50
51 161
149 195
124 169
65 88
26 28
69 209
39 183
5 140
11 172
115 203
52 62
50 178
191 198
43 88
26 196
78 203
41 117
42 128
3 159
47 154
99 166
151 158
94 209
106 180
90 93
13 111
39 112
86 101
110 204
58 80
31 72
8 79
36 175
53 174
57 81
2 52
13 167
76 113
70 98
71 129
174 210
18 102
66 89
152 198
121 184
63 87
10 134
1 130
22 167
102 176
104 184
90 119
42 195
143 199
148 200
29 186
110 193
11 27
150 215
12 49
29 175
113 212
67 82
71 102
41 45
40 181
34 117
129 168
61 179
86 194
158 176
50 97
102 195
91 161
47 106
168 191
102 165
1 65
53 173
66 124
187 195
108 184
79 150
2 6
85 133
87 134
2 36
133 158
11 113
53 113
101 162
1 127
6 111
2 84
49 89
3 109
37 119
13 72
18 27
184 190
35 102
136 164
36 47
171 208
19 156
35 174
31 86
172 193
9 12
89 212
95 168
5 61
61 173
46 98
25 107
46 77
14 172
190 198
157 165
65 101
24 162
19 165
91 195
35 71
17 81
122 171
4 114
6 47
90 205
134 172
30 34
76 172
51 68
56 153
25 55
48 146
98 132
162 185
25 176
55 207
18 67
103 124
210 216
95 187
51 122
20 170
52 122
41 68
124 197
65 118
51 72
143 152
16 156
67 132
62 188
166 212
36 185
143 208
3 54
8 200
28 186
47 153
159 206
71 136
58 141
59 78
82 120
66 141
55 205
181 209
20 99
48 177
95 159
43 67
51 94
48 145
15 163
82 125
111 131
20 184
77 166
98 118
169 208
155 181
55 161
85 112
110 156
24 153
134 202
134 162
69 195
36 133
2 89
141 173
2 28
150 200
39 42
145 210
100 200
24 69
20 171
11 54
44 193
30 31
74 135
6 144
147 182
118 155
135 157
135 209
15 93
100 159
195 198
17 193
49 93
202 214
56 99
76 191
11 187
27 105
19 188
133 144
41 192
22 181
130 141
90 147
54 83
29 154
13 34
181 199
11 184
45 122
12 37
80 207
106 167
9 106
75 140
44 110
80 89
12 52
35 187
55 65
101 127
72 180
52 162
107 163
82 197
2 68
27 55
158 200
27 97
9 167
40 133
34 64
17 125
60 104
15 169
38 78
27 199
22 213
59 161
3 133
64 152
28 93
134 186
18 110
123 160
64 99
33 215
59 116
98 180
139 186
127 197
59 137
159 176
65 165
10 211
31 112
186 204
119 120
15 112
132 160
110 187
158 214
68 177
2 113
29 142
54 157
15 122
1 198
177 197
31 56
3 6
34 58
1 147
35 194
115 212
15 133
157 172
178 190
3 123
171 181
10 141
20 45
15 148
27 202
11 156
78 139
45 71
100 173
57 83
0 50
92 94
27 34
148 149
32 142
15 204
33 173
145 192
136 194
190 211
26 145
153 172
20 77
188 196
21 119
124 210
6 107
121 165
12 98
3 96
138 148
75 83
84 158
47 173
172 211
74 75
84 101
1 13
75 123
107 154
76 130
29 193
8 48
3 8
54 158
118 191
151 210
81 101
46 147
52 131
63 147
121 138
11 92
16 72
61 134
102 151
204 215
54 97
109 139
115 135
18 185
79 157
14 205
159 184
0 83
55 116
50 56
106 201
113 201
154 206
163 209
7 58
46 207
5 146
84 198
169 200
74 105
69 178
101 164
152 211
6 114
32 51
124 176
70 184
56 200
164 205
127 169
113 153
69 186
15 172
24 173
50 132
103 113
40 56
3 181
128 130
84 212
103 159
107 137
8 71
10 12
82 196
78 126
138 151
51 149
16 71
30 112
44 171
63 193
20 52
105 137
28 96
39 50
178 183
61 103
10 60
146 147
3 163
40 80
93 154
103 112
65 92
191 195
13 216
60 117
121 163
28 121
29 72
131 172
71 128
27 36
18 95
111 153
33 150
106 194
92 188
74 201
49 204
46 58
59 175
101 102
19 80
28 111
21 46
94 142
23 117
61 159
19 58
121 198
64 164
88 146
185 215
54 94
59 141
98 184
75 88
38 65
92 202
10 27
89 194
127 210
4 197
7 159
128 207
156 163
0 53
46 135
57 205
111 210
113 185
48 172
34 147
175 178
11 136
180 204
33 123
15 58
25 146
3 187
26 124
7 22
176 194
63 138
56 123
136 190
10 64
131 146
131 171
76 178
52 148
139 156
91 176
89 155
29 113
70 146
166 167
154 173
50 71
26 57
109 136
107 132
132 193
84 147
48 161
91 150
29 160
40 99
43 156
73 92
174 197
72 144
47 183
99 175
8 60
84 99
4 104
31 182
68 86
38 130
43 110
144 176
21 188
42 55
62 179
86 171
3 206
53 187
84 173
3 66
152 215
114 207
47 145
27 30
49 68
70 166
0 65
121 192
162 170
115 129
18 86
122 174
113 131
188 205
76 196
79 142
71 144
56 189
180 188
16 34
44 56
12 62
88 140
160 205
171 176
73 147
53 71
7 172
29 159
189 209
9 196
81 132
3 83
62 208
98 146
0 74
91 121
97 186
53 72
65 120
3 104
73 86
129 132
112 137
54 212
31 94
110 155
45 177
46 91
107 133
45 65
19 49
19 20
114 198
40 172
33 194
115 177
14 158
118 140
40 118
41 147
8 54
72 201
34 132
58 82
26 77
17 50
7 193
53 202
39 141
113 205
19 62
136 215
145 202
128 185
104 134
95 122
108 158
23 122
53 172
43 154
54 74
65 177
94 143
53 127
85 89
17 27
140 170
138 154
42 155
42 107
16 183
1 33
20 163
101 178
63 73
42 205
5 27
85 205
15 189
102 132
154 215
104 188
37 101
147 185
50 117
76 141
5 110
49 170
153 194
86 186
94 206
83 120
96 102
14 132
143 206
8 62
99 157
183 213
58 138
78 168
177 189
63 84
94 181
23 186
83 197
14 145
139 140
138 191
3 12
30 108
159 173
59 164
32 84
5 86
36 83
101 192
5 106
57 79
49 198
26 193
17 85
29 140
1 72
112 207
25 104
49 83
1 166
30 36
32 43
27 108
51 187
83 206
17 139
149 183
70 212
108 182
57 68
11 149
15 162
40 200
45 90
63 99
15 116
49 81
36 162
22 182
104 181
118 129
52 81
184 197
45 135
2 21
80 180
8 192
86 89
123 212
78 93
146 159
15 155
75 98
27 116
33 116
152 165
146 188
113 128
27 98
76 144
127 143
30 144
1 104
72 138
31 216
5 96
53 159
41 90
6 116
163 179
7 156
40 152
131 144
116 154
178 210
109 211
44 90
97 162
171 196
79 199
44 89
1 92
65 119
18 52
70 101
53 83
94 121
85 166
93 176
27 186
161 193
19 202
71 87
59 200
193 194
67 199
114 194
115 196
91 94
24 187
25 59
79 95
38 192
43 124
45 115
32 196
24 113
40 87
126 141
43 50
65 100
23 208
124 170
6 198
73 137
81 114
11 167
20 152
57 102
22 82
66 150
21 197
38 208
126 133
106 126
206 207
68 196
13 62
119 161
28 149
60 100
101 213
7 89
24 79
191 210
151 192
106 188
114 201
10 30
125 202
120 180
5 187
0 102
31 131
14 194
97 176
42 50
27 132
50 163
108 181
58 161
12 203
21 76
164 191
104 151
62 194
13 204
87 201
78 198
17 59
5 39
22 119
80 128
166 210
59 98
166 213
28 179
34 59
7 73
34 192
66 180
5 81
57 148
120 145
59 100
95 163
31 144
23 138
14 112
143 151
44 118
144 216
184 207
139 183
27 104
69 118
5 55
76 93
20 147
67 108
87 197
101 130
108 207
60 115
15 48
99 204
191 192
23 176
86 132
66 100
46 47
34 35
48 168
66 94
75 119
111 155
5 63
117 122
11 75
68 180
68 114
145 189
46 138
71 159
146 166
41 71
43 122
4 8
9 144
60 73
69 78
41 166
105 139
103 186
41 199
100 127
9 93
192 208
72 150
68 194
56 166
157 190
191 194
101 109
52 135
141 156
198 205
129 141
21 144
146 179
121 166
46 179
14 182
55 107
123 173
13 75
64 146
155 204
89 151
16 27
144 213
47 72
162 181
0 101
53 192
123 199
36 49
33 148
39 120
132 199
118 205
129 155
10 184
189 194
168 216
7 137
174 186
155 195
79 112
8 194
35 59
87 104
13 118
35 208
162 169
43 103
39 110
98 168
41 143
54 61
91 196
5 92
16 52
142 173
101 158
12 140
32 62
19 166
73 101
42 113
24 68
19 200
15 82
12 206
75 116
28 199
15 130
60 204
77 124
19 128
68 206
40 203
33 76
139 152
28 192
15 177
84 95
111 129
18 38
169 207
23 77
152 184
34 69
96 111
79 175
150 152
53 75
103 140
104 139
82 122
65 186
86 206
158 178
30 188
77 85
97 133
5 151
122 206
39 99
10 15
9 89
109 202
59 111
12 38
119 171
21 174
64 192
61 124
31 172
174 215
83 165
83 111
89 108
63 207
116 148
43 194
26 116
13 26
50 213
144 180
27 151
68 101
124 205
43 157
69 207
92 106
21 200
71 169
109 189
40 97
25 43
70 119
205 212
41 193
94 147
40 197
57 58
43 199
24 33
102 213
79 110
105 200
95 151
142 169
128 172
62 199
8 21
29 59
118 166
198 213
93 180
149 167
78 214
1 157
172 179
29 116
74 163
49 209
35 129
5 165
99 125
162 209
12 23
151 207
83 152
94 179
49 152
81 109
140 213
8 173
128 134
8 92
59 104
17 100
79 183
14 26
7 69
38 149
148 185
99 124
75 97
170 195
65 173
76 87
61 163
58 146
141 174
140 154
155 171
16 40
134 209
66 71
9 155
39 48
58 95
1 74
101 124
57 111
39 156
195 210
19 74
69 161
57 215
89 182
96 157
52 138
35 211
66 98
49 153
86 133
47 82
114 155
46 199
16 192
140 208
2 50
41 87
56 161
117 146
31 124
12 30
25 108
9 142
64 87
11 58
57 211
134 170
4 31
6 122
106 196
55 127
61 129
173 210
49 107
70 170
24 46
71 114
24 124
199 204
38 174
43 60
11 93
69 70
67 126
40 49
60 182
97 167
31 51
117 213
25 99
14 156
99 203
51 129
76 176
25 110
74 96
50 131
7 132
174 180
131 193
67 110
63 123
96 113
17 20
9 178
4 140
183 197
42 74
89 128
73 84
125 156
131 156
1 123
16 75
53 110
73 109
44 52
20 64
14 211
17 162
25 193
129 133
107 164
42 49
9 127
10 167
20 137
142 196
23 51
110 196
179 213
94 167
37 110
43 85
26 184
0 55
94 115
129 192
55 148
78 197
174 177
94 118
150 187
85 216
31 54
60 145
114 161
145 167
6 184
27 89
79 192
77 102
62 64
19 193
41 78
67 139
175 190
64 201
66 84
92 108
13 189
41 82
24 128
160 204
19 38
176 190
91 104
134 145
75 153
37 71
58 162
48 176
145 203
64 186
74 92
69 140
119 196
102 216
18 134
47 214
201 209
164 172
19 155
18 151
26 180
74 89
113 133
96 201
58 166
45 50
71 74
76 90
5 147
175 199
86 162
40 119
15 31
51 74
149 209
48 205
4 51
134 198
4 83
91 132
123 194
1 174
183 208
14 24
11 42
121 128
86 90
13 107
36 193
187 198
6 135
139 193
46 164
38 104
5 101
21 64
25 139
19 180
30 216
35 143
119 188
59 62
26 88
31 58
29 30
163 169
35 66
89 104
40 92
119 212
40 78
160 211
78 149
90 169
69 108
94 109
155 200
41 98
47 148
9 43
100 211
42 60
55 192
101 208
78 144
180 197
61 180
130 144
67 198
65 152
1 3
137 204
19 32
190 192
48 62
37 60
79 131
15 161
42 136
6 172
141 179
76 126
22 145
109 137
63 164
112 156
40 211
100 186
90 126
145 150
126 166
132 200
34 142
17 23
18 19
0 32
10 146
40 215
56 109
72 191
196 198
109 141
53 102
148 201
151 155
1 184
29 211
142 188
58 164
147 211
92 190
1 42
51 99
49 145
107 123
5 133
49 157
30 180
22 116
14 149
141 148
5 118
130 151
87 138
25 131
141 166
23 89
137 189
55 129
20 107
24 52
23 191
116 140
193 210
34 209
79 118
54 140
55 140
6 14
56 209
41 204
49 207
71 153
126 155
111 130
43 81
194 199
52 103
0 184
57 154
19 69
71 162
2 126
57 139
71 84
185 186
106 173
64 73
1 38
81 135
129 163
3 39
46 183
4 189
4 69
13 160
123 130
37 180
31 33
2 78
123 190
150 162
53 163
97 149
26 134
1 88
14 57
112 113
0 186
31 145
25 198
137 175
68 155
75 200
67 195
107 191
91 157
43 202
64 134
7 122
59 168
12 26
15 151
43 121
42 122
37 56
105 184
38 161
17 43
83 175
76 106
3 155
25 135
172 183
47 56
47 193
39 62
35 179
86 120
13 185
165 188
38 164
17 150
61 111
122 156
30 87
112 148
92 148
182 183
154 214
83 87
79 109
125 184
22 45
27 192
54 79
137 184
98 194
8 16
102 184
92 212
102 117
38 59
44 96
92 134
119 165
15 36
162 198
24 208
46 128
43 77
97 200
10 190
1 97
16 124
175 196
36 39
122 150
135 199
88 102
48 85
140 145
5 56
83 164
9 205
199 210
26 130
4 50
15 129
4 87
19 104
58 212
98 150
159 205
204 216
3 67
65 111
12 72
35 50
14 85
100 193
1 124
102 206
5 115
93 135
127 139
62 89
139 169
94 141
27 72
70 183
88 174
103 216
99 199
81 113
5 211
51 175
97 125
3 138
129 184
108 194
126 162
7 124
133 202
187 212
129 157
65 196
103 174
3 95
59 146
128 155
56 138
76 189
59 105
35 163
72 213
155 157
91 119
44 183
40 53
94 211
172 215
44 212
98 106
81 127
70 91
40 55
145 154
71 112
10 66
43 114
133 178
187 199
11 24
123 131
66 99
60 197
88 209
43 98
76 99
89 130
56 71
35 207
116 191
48 116
62 114
86 131
154 187
166 173
82 194
11 55
19 164
16 136
112 153
35 76
88 197
135 172
105 153
49 131
99 185
53 155
117 173
80 107
164 197
47 168
46 196
11 102
51 124
129 130
16 132
66 139
105 209
83 169
30 81
50 95
175 201
33 35
55 144
2 124
89 203
113 168
101 151
28 136
10 75
83 195
163 164
36 101
35 182
105 157
180 181
178 198
176 202
28 196
87 175
140 200
83 108
162 179
110 159
2 170
32 154
55 150
88 141
121 141
50 162
114 146
48 86
147 165
39 100
58 177
34 82
37 211
56 83
113 188
42 110
1 77
36 214
41 202
188 199
7 118
15 57
116 127
1 201
136 210
65 112
63 133
0 204
124 206
28 187
41 48
141 199
6 32
58 133
36 159
124 153
21 159
9 50
20 208
49 191
148 210
23 98
207 212
28 129
72 114
146 214
3 167
16 24
101 210
12 159
154 196
11 83
114 178
29 194
52 174
15 29
55 60
35 215
80 167
124 182
173 192
120 157
143 154
97 163
106 142
43 53
59 195
163 212
166 188
46 65
49 165
9 79
29 177
133 160
18 96
20 114
35 189
41 155
126 160
24 121
57 176
155 162
54 142
66 93
61 164
73 161
29 118
152 163
74 205
98 206
30 117
55 180
58 119
127 195
149 166
139 197
5 97
124 144
2 97
7 81
80 84
179 196
11 158
25 150
60 119
21 166
4 214
34 61
165 182
99 114
95 153
85 97
81 99
76 117
27 47
9 109
7 84
44 54
140 187
95 202
64 175
176 185
95 175
85 121
50 173
88 139
37 52
84 160
96 125
30 67
69 193
57 96
29 85
97 153
155 202
167 209
10 86
33 107
93 150
142 201
128 158
34 89
83 118
103 164
17 147
96 156
43 200
106 174
36 53
16 101
0 15
69 202
94 134
127 170
9 156
3 88
114 163
16 188
12 149
203 215
137 158
121 196
118 131
107 136
92 120
32 97
70 172
45 198
17 61
122 185
16 170
70 194
25 53
11 85
46 123
143 209
46 80
46 66
71 215
15 124
76 110
14 153
66 205
166 205
171 206
91 110
11 119
84 188
34 189
90 112
142 157
150 156
181 207
65 84
84 137
105 196
25 48
116 185
20 131
99 110
87 190
89 102
55 168
68 145
113 159
142 184
145 186
156 161
37 168
15 140
56 115
31 133
69 191
58 206
36 38
52 53
24 134
153 199
29 31
101 119
61 168
53 120
18 103
41 148
69 102
75 169
50 142
71 214
192 199
5 170
82 119
33 72
122 151
72 149
55 95
140 210
162 212
97 170
60 78
21 49
42 170
45 54
135 137
151 184
99 121
70 79
118 198
8 164
0 135
50 120
72 115
110 149
34 143
2 207
10 28
135 179
89 165
95 184
96 123
68 76
116 143
102 198
164 203
33 110
80 179
49 80
11 163
135 176
21 202
99 112
14 86
0 118
61 71
90 114
34 172
57 190
88 93
68 149
80 85
11 127
110 194
65 145
9 181
164 169
6 200
40 57
102 157
33 48
13 140
11 145
167 212
20 86
33 174
34 116
176 206
73 191
40 106
150 188
6 108
86 173
44 158
41 96
95 154
204 208
212 213
140 194
109 197
43 195
96 127
104 216
44 173
176 184
41 107
124 165
152 203
17 175
67 88
29 86
40 208
28 61
45 205
73 203
68 69
62 193
62 201
86 109
184 202
81 214
9 208
83 139
78 89
60 112
61 206
12 176
25 44
3 57
171 194
102 147
151 185
92 110
23 88
67 203
113 120
18 53
2 214
207 209
86 137
50 197
35 58
23 190
104 198
89 152
137 159
111 133
78 166
43 69
114 182
77 149
23 149
37 121
41 104
136 199
52 128
62 142
70 201
25 57
36 209
4 24
98 104
186 211
72 95
112 159
111 151
27 73
50 105
48 76
105 183
10 94
25 71
103 166
128 160
128 210
43 116
2 44
19 150
68 189
107 193
45 137
52 160
62 106
132 165
67 145
9 207
123 134
10 152
131 168
28 86
23 101
144 154
82 105
139 196
52 114
5 202
67 204
36 62
74 161
27 183
31 201
41 151
113 117
87 166
83 209
128 190
125 215
44 154
185 201
86 176
53 82
21 65
163 187
56 175
87 91
46 139
46 75
137 215
127 137
38 123
159 193
37 129
31 157
25 111
61 182
36 56
30 73
161 180
18 177
15 132
68 118
116 139
143 207
91 141
61 109
62 149
56 118
141 182
36 166
150 184
76 118
60 81
72 155
120 150
114 132
64 207
174 201
112 134
5 191
40 186
105 175
105 129
49 67
198 216
41 145
6 43
16 144
31 53
15 97
112 119
83 179
29 164
62 206
98 209
28 67
92 153
28 45
123 145
68 203
141 159
124 158
72 163
97 137
3 106
48 64
36 213
33 112
66 75
6 52
190 199
119 193
111 208
64 95
80 111
39 69
3 20
76 127
149 158
79 88
8 22
67 158
187 205
8 107
72 161
97 100
156 196
164 168
165 205
143 158
13 159
193 216
172 212
41 122
70 140
55 198
109 146
49 62
67 138
14 165
102 140
19 91
21 102
85 156
46 209
11 116
58 118
38 168
60 84
58 160
127 215
59 190
44 180
187 196
60 75
23 206
15 32
39 173
35 107
13 125
139 150
177 180
172 189
13 147
52 89
160 202
96 130
195 203
45 168
37 84
50 135
7 170
142 207
180 202
125 195
65 67
69 94
13 123
28 174
0 29
108 125
120 171
35 51
148 174
106 111
131 190
147 181
88 115
147 206
113 151
0 64
30 111
149 185
40 183
72 84
21 95
124 148
69 158
74 174
32 132
16 129
165 178
113 204
24 154
49 156
33 134
146 160
65 215
33 177
31 60
84 127
38 49
133 186
108 114
47 80
17 40
161 178
29 203
54 107
12 194
93 175
3 205
77 131
9 177
15 184
74 149
47 50
35 120
12 50
75 148
10 39
88 120
138 153
127 133
136 182
161 201
85 174
45 134
11 23
2 134
17 176
129 161
15 23
14 207
19 145
88 177
51 212
69 80
19 116
27 160
8 214
73 81
2 179
7 216
73 179
123 174
60 96
15 52
53 114
166 214
12 83
0 24
150 168
19 64
130 214
67 156
76 150
6 203
73 133
9 212
109 165
16 39
78 86
77 197
111 158
2 8
93 178
88 215
35 112
104 191
93 192
69 145
29 143
51 206
49 58
152 212
26 178
25 177
8 36
10 203
35 114
131 202
51 111
109 122
50 159
1 93
206 211
59 90
13 164
140 197
28 158
99 211
73 90
22 98
95 100
103 119
109 185
63 106
65 206
52 213
85 123
165 193
178 214
73 205
20 130
66 200
103 192
71 163
55 133
177 187
34 79
69 163
54 203
130 162
30 99
48 77
157 182
3 160
16 209
49 53
13 128
53 196
140 199
55 142
68 176
18 167
81 190
109 127
30 97
84 104
157 213
10 69
111 182
95 97
94 185
2 75
124 216
56 108
116 193
188 204
70 83
129 186
103 161
147 197
72 103
16 104
125 187
67 211
55 92
62 76
84 191
67 79
46 162
78 107
109 121
117 197
153 157
73 79
121 150
12 202
0 54
130 142
78 120
48 210
9 117
37 193
89 215
44 147
43 155
78 163
65 138
15 191
23 36
61 175
138 144
109 206
15 62
64 76
68 111
49 205
72 139
77 183
73 130
14 151
128 177
23 54
80 116
113 121
27 112
106 202
30 131
93 140
110 146
18 21
118 146
26 195
52 80
34 156
107 142
83 196
18 97
163 193
144 212
81 155
78 84
28 182
45 116
68 187
79 99
71 89
38 214
92 206
55 128
1 202
78 176
90 172
48 60
91 180
2 27
25 195
1 26
39 208
85 117
128 168
90 211
65 82
74 165
41 111
15 190
56 59
0 87
92 105
71 166
126 179
23 178
63 195
68 125
27 216
1 57
70 139
14 142
125 163
30 83
125 164
74 101
15 201
132 186
25 211
20 24
24 39
148 186
97 148
29 162
10 77
25 60
75 188
85 129
79 167
77 127
38 200
38 93
159 177
110 195
94 154
93 122
49 72
128 132
39 192
29 83
128 147
28 114
21 161
114 181
10 208
40 194
46 96
19 60
2 135
31 49
28 194
63 192
56 96
39 94
164 170
69 185
71 172
2 109
49 181
67 125
69 73
72 134
17 120
181 201
51 60
171 189
36 157
136 214
64 166
90 182
63 110
15 34
87 164
7 201
35 140
19 42
36 136
33 128
158 208
47 144
157 173
21 55
26 200
99 197
55 151
93 107
41 91
97 196
71 125
24 81
26 152
4 183
122 136
10 187
97 169
2 110
5 111
60 94
173 209
63 76
11 97
130 183
34 119
11 63
22 207
86 208
143 191
26 119
63 169
101 212
25 208
32 199
72 188
7 163
112 202
34 138
27 28
123 126
31 159
34 57
12 195
6 115
58 190
46 115
127 140
59 216
61 201
31 99
40 129
64 115
91 106
31 193
32 140
1 103
134 201
158 187
12 120
44 74
54 182
48 201
73 131
86 140
173 179
9 22
25 216
9 122
2 7
7 41
29 81
90 174
195 212
56 128
16 118
68 84
21 156
89 136
114 143
58 153
104 161
89 103
65 75
62 84
99 105
15 20
7 147
115 202
66 199
43 82
18 36
97 112
93 214
92 99
50 51
8 52
40 127
68 98
84 90
22 135
152 194
26 128
8 9
88 151
70 102
101 150
124 195
48 204
17 90
55 105
21 85
9 58
29 157
132 176
23 34
55 136
35 133
42 150
81 112
12 117
30 141
156 186
46 174
23 203
104 167
70 190
154 200
37 152
42 142
130 215
23 29
57 77
185 191
37 75
128 170
182 208
19 151
10 109
121 200
107 169
14 105
4 81
66 160
73 129
3 80
13 24
116 177
80 205
38 182
100 142
78 146
141 158
99 104
3 97
122 126
196 212
192 205
137 177
55 62
177 212
4 14
80 124
135 201
54 100
145 159
29 137
122 209
46 133
167 203
145 208
25 147
17 123
128 198
35 72
119 121
186 190
75 125
171 200
166 190
124 184
86 166
57 171
99 158
45 187
1 91
180 183
52 139
101 131
2 71
113 166
138 211
15 216
96 183
127 203
85 209
82 133
158 162
66 168
12 155
132 135
31 139
50 210
55 212
106 145
11 132
1 59
67 120
52 124
2 117
11 48
97 145
30 110
18 32
28 143
35 159
0 176
172 192
14 62
183 193
88 149
44 53
36 102
112 187
120 160
5 134
127 179
143 145
134 160
169 187
2 63
24 132
41 97
83 200
73 180
115 190
44 186
12 99
1 176
16 140
100 120
104 108
53 210
151 154
131 186
125 150
6 12
59 159
3 118
40 130
148 213
92 152
36 216
17 164
65 150
25 134
12 153
91 203
111 156
156 173
7 10
41 187
22 36
10 181
190 204
80 184
61 153
41 159
8 139
64 165
25 106
64 89
8 29
33 64
101 134
55 84
22 42
17 28
5 16
19 182
6 97
163 186
32 131
116 183
30 208
175 193
118 213
119 136
20 191
49 214
136 150
68 178
15 65
103 137
201 208
67 94
44 126
0 130
103 169
58 191
65 81
2 153
93 104
73 166
85 194
120 207
161 166
25 180
57 95
31 175
59 75
36 69
39 72
35 48
38 87
55 63
126 189
96 115
35 203
37 191
145 151
140 168
0 126
33 157
49 54
21 72
108 173
0 215
17 196
47 165
44 57
85 102
192 195
20 202
22 195
6 83
29 152
11 154
64 160
83 155
92 98
56 202
39 88
33 94
13 115
25 36
127 135
97 190
74 192
38 176
92 194
133 182
98 109
130 132
76 151
12 137
9 133
61 135
148 211
51 204
43 115
46 184
131 197
36 63
33 74
32 45
72 96
43 59
39 86
99 118
112 191
62 97
143 195
137 199
109 124
112 216
11 157
123 186
16 142
22 50
133 208
16 176
193 213
46 84
123 195
36 87
23 30
17 60
119 156
38 112
173 196
190 210
15 144
90 156
21 213
16 78
70 106
145 178
161 163
1 141
110 179
98 201
123 179
86 114
39 202
189 197
67 91
69 96
10 158
56 80
156 184
53 116
39 166
47 164
52 59
44 169
22 196
96 180
66 170
51 183
9 146
4 45
55 132
82 173
91 181
33 206
108 138
57 188
12 48
18 125
113 194
125 198
84 134
78 190
168 210
18 187
22 108
61 204
123 165
69 87
115 153
49 78
51 203
25 58
34 39
10 162
44 99
108 142
68 78
63 204
60 70
36 206
110 192
150 210
26 48
45 84
98 200
22 192
39 117
30 40
82 146
9 126
129 207
34 51
147 156
111 143
122 188
194 200
73 213
47 152
47 211
24 149
30 186
49 212
161 199
33 208
109 194
42 213
121 210
40 124
63 140
105 213
156 210
67 136
59 213
59 167
58 63
22 172
59 125
53 188
134 144
6 21
104 206
14 42
95 171
42 64
22 138
91 207
60 68
120 166
130 212
31 40
9 45
82 126
52 168
5 121
17 66
75 195
112 179
175 192
61 136
81 159
33 182
87 193
7 207
54 145
5 200
173 211
5 29
0 173
3 119
84 151
92 145
37 93
44 130
113 147
49 97
47 195
52 199
48 182
79 115
95 206
14 23
25 209
91 184
134 206
42 201
11 180
9 185
20 124
72 127
80 186
33 113
42 187
22 131
27 94
130 158
73 149
82 195
104 110
39 199
76 215
21 92
37 155
125 126
153 195
142 205
28 132
163 171
105 170
68 207
124 209
5 73
20 112
90 171
73 215
11 193
37 208
19 85
26 202
45 46
60 105
97 212
119 211
132 137
192 216
63 74
9 75
162 172
22 23
22 106
148 209
61 205
137 194
95 121
79 201
2 187
5 196
103 135
81 85
73 171
54 189
105 115
80 176
41 43
94 158
115 183
91 213
61 183
34 105
172 178
67 123
51 171
49 133
154 169
161 202
17 211
68 215
187 201
82 116
123 176
107 125
127 138
22 88
117 166
86 209
42 70
40 132
30 32
63 177
128 151
97 142
91 99
165 198
97 205
94 128
77 164
5 32
165 187
154 180
129 196
161 194
109 140
110 126
83 138
7 16
28 133
46 172
30 196
116 210
109 166
119 154
167 216
69 98
91 125
6 197
8 90
86 167
5 44
63 134
59 81
6 48
17 163
43 166
123 152
29 69
48 113
68 174
117 187
63 196
133 213
6 162
107 200
16 31
69 188
154 202
120 127
192 212
111 159
50 107
32 149
47 171
9 23
76 114
3 112
26 106
77 175
48 163
25 39
48 195
36 180
20 28
105 205
127 214
45 81
2 24
27 52
68 198
67 207
23 96
33 66
87 215
162 199
33 56
65 95
69 90
103 193
73 183
91 177
14 155
48 69
29 39
21 30
12 79
84 199
22 80
120 151
34 106
92 102
90 199
120 214
110 150
104 213
48 160
81 184
86 183
6 113
5 89
150 164
70 80
95 190
29 210
82 129
32 114
117 121
80 102
127 181
111 149
103 122
35 43
175 197
27 114
66 202
67 159
175 205
55 70
175 198
135 202
22 204
33 201
41 170
37 187
102 182
63 178
111 196
25 170
60 62
25 67
165 177
56 176
209 211
30 155
103 123
41 42
28 80
87 103
5 156
157 168
134 161
12 63
149 175
106 216
178 207
131 215
11 123
189 213
126 192
95 160
33 158
28 83
50 146
128 131
53 178
36 117
158 189
133 179
71 152
30 49
22 94
123 191
9 103
99 109
110 152
37 195
72 90
31 55
35 183
27 209
59 145
85 122
14 55
73 74
141 184
13 61
58 60
19 81
66 212
0 157
2 158
97 195
78 141
27 170
50 124
115 124
109 176
4 86
65 77
30 189
121 146
21 149
14 48
9 140
107 129
41 197
0 38
6 157
35 45
42 108
76 185
47 93
79 123
26 142
33 80
27 171
42 91
81 199
164 166
89 93
21 83
83 211
17 44
56 103
56 187
46 100
28 60
30 45
77 80
29 124
44 111
64 216
31 42
163 213
50 121
12 53
53 156
89 211
189 206
121 189
6 112
3 113
23 86
178 187
142 153
55 171
188 210
82 137
150 172
51 125
113 129
137 162
107 188
157 192
71 106
22 171
76 147
48 179
77 192
8 83
16 54
19 114
136 160
64 108
18 145
2 122
2 41
33 106
40 41
58 74
17 213
21 42
169 191
80 108
4 10
206 212
78 156
30 140
27 203
121 213
31 52
25 129
61 81
17 52
57 128
58 213
108 208
19 213
112 200
138 169
185 196
31 102
104 170
63 112
90 209
44 151
68 112
177 195
4 192
32 87
38 100
143 197
99 164
79 144
8 151
20 165
28 173
102 192
20 204
148 184
194 202
68 214
3 122
42 154
58 185
12 77
178 185
106 151
64 180
59 158
75 184
24 198
108 139
13 134
119 153
134 195
209 213
145 174
91 118
7 189
12 148
30 164
6 143
66 171
93 162
126 213
7 153
40 116
23 45
46 168
140 157
90 203
161 172
77 86
20 90
86 204
89 197
16 177
102 168
34 129
135 213
102 133
57 97
1 149
167 193
6 191
97 173
55 117
2 171
31 117
40 95
19 59
36 131
8 72
27 157
156 172
1 139
46 171
69 101
54 173
91 120
130 197
39 174
156 212
155 158
41 128
72 166
7 11
66 172
10 172
96 208
38 122
112 196
61 72
6 7
134 187
45 143
22 132
62 133
118 185
51 71
122 153
76 125
80 151
55 185
41 74
126 190
106 115
69 95
195 211
48 133
6 167
3 174
100 199
19 65
91 158
73 119
192 209
32 177
19 129
67 103
12 33
87 137
9 77
20 185
115 162
57 212
136 197
147 194
14 94
38 77
55 175
40 73
87 144
97 144
147 205
47 116
92 179
4 194
80 195
8 122
60 133
208 215
169 172
71 171
94 164
129 209
27 140
35 190
87 94
11 192
213 214
172 204
86 151
87 89
56 159
3 148
3 68
9 120
39 211
178 180
36 89
11 60
50 75
26 40
7 157
34 60
9 194
159 174
42 167
4 156
25 83
137 154
101 160
36 107
126 201
14 78
141 147
59 176
1 177
140 184
47 139
2 22
96 164
59 204
105 124
107 140
45 154
77 185
1 170
177 206
119 132
65 166
81 107
56 94
101 154
121 158
7 185
22 202
63 208
94 204
166 180
134 136
132 203
0 196
36 188
16 134
50 183
92 178
189 193
103 179
25 109
17 38
12 106
23 184
31 202
93 127
38 193
36 147
3 105
203 208
154 191
112 172
75 103
31 63
1 173
38 212
17 70
74 112
10 161
9 152
101 201
33 144
12 166
89 191
108 118
59 93
142 211
96 216
171 215
73 199
49 137
13 119
39 162
28 150
133 195
156 177
74 87
154 198
99 174
166 178
113 141
64 203
125 199
45 120
133 161
64 138
122 123
43 97
84 194
54 170
72 81
1 120
30 206
131 137
32 197
11 105
96 146
56 212
197 211
62 69
74 169
141 193
66 179
7 110
53 63
20 126
99 115
62 144
43 162
101 142
81 98
32 33
114 210
124 198
10 128
9 147
61 185
81 150
16 85
23 104
190 208
174 187
5 198
107 118
35 165
62 72
36 160
36 183
152 153
46 67
71 85
15 91
88 155
168 174
84 116
50 84
58 148
83 129
53 123
179 210
43 205
78 200
29 136
4 115
2 215
81 157
114 175
62 167
5 66
174 211
4 173
32 85
42 208
32 86
143 161
168 193
12 17
52 205
130 159
109 214
0 60
101 108
44 78
48 158
71 180
24 29
90 146
119 199
80 210
20 188
190 213
134 182
138 161
25 124
84 142
74 187
148 180
98 125
117 135
42 125
97 103
58 195
5 107
125 138
85 167
44 201
135 161
32 194
67 133
57 114
85 158
64 103
132 180
32 48
23 33
28 58
33 172
125 154
108 163
168 194
24 141
116 120
16 81
73 134
18 90
37 215
1 105
2 13
46 187
63 142
100 136
42 165
52 64
85 146
1 41
56 120
26 211
122 157
62 136
130 207
40 104
75 180
21 40
81 160
104 152
50 190
129 183
75 192
111 123
83 168
36 212
79 128
8 137
60 146
10 103
105 192
64 125
16 108
40 165
54 63
113 195
85 118
37 203
101 148
56 63
103 208
30 130
20 30
91 139
163 170
52 214
103 168
70 216
162 201
133 198
61 86
13 52
91 103
45 163
10 160
40 170
146 173
15 59
152 179
3 182
125 148
2 182
36 177
107 128
70 182
30 195
55 96
100 198
23 199
103 110
20 22
144 148
129 202
24 158
106 156
98 99
142 148
51 159
149 202
27 110
6 105
111 185
89 110
2 174
3 142
46 160
79 158
114 204
38 54
76 92
54 60
109 118
52 175
63 71
45 138
18 144
148 162
76 108
12 145
75 150
48 84
182 203
10 99
46 108
44 148
42 151
58 93
102 122
68 91
24 175
58 87
47 131
43 136
21 179
19 110
52 186
137 181
86 128
13 93
0 201
11 61
64 208
99 195
42 211
152 188
11 110
94 125
62 212
151 168
12 42
135 183
155 211
164 179
70 132
30 129
19 149
8 102
156 201
83 92
76 119
90 173
41 176
35 216
37 126
39 46
21 23
5 54
12 60
78 130
150 202
6 208
100 178
52 193
185 216
5 22
35 213
10 24
6 145
41 108
15 210
115 155
81 194
11 62
73 145
20 169
110 140
173 214
90 204
176 205
85 105
86 163
34 52
145 158
10 113
111 168
65 129
124 193
11 29
116 136
70 131
33 98
72 198
84 195
44 174
16 96
4 28
26 118
52 55
15 203
13 168
58 158
162 163
132 188
154 172
128 195
129 145
114 120
101 181
110 129
17 180
53 89
20 50
31 70
156 190
176 208
28 145
150 191
110 134
141 200
166 195
15 85
38 145
61 152
40 192
99 191
194 210
191 216
196 214
182 184
0 191
18 146
70 204
100 160
0 139
9 74
73 168
6 182
9 24
51 156
103 183
166 175
67 117
35 192
3 5
71 150
21 50
165 199
129 216
49 173
95 183
70 193
71 164
125 183
18 137
26 120
94 130
110 168
35 44
28 153
56 92
17 62
124 156
98 202
12 70
108 109
56 95
74 104
58 79
176 193
123 198
20 138
105 136
9 138
83 153
128 163
96 165
19 199
21 78
82 141
120 128
55 211
36 178
103 212
45 188
99 132
6 149
67 72
172 182
22 25
166 207
9 161
49 113
37 135
146 213
192 214
74 120
8 121
28 82
127 171
69 104
68 77
106 179
6 33
82 200
27 163
30 173
107 197
26 188
23 99
116 137
185 194
114 137
187 215
66 81
161 191
31 100
97 177
112 132
82 110
102 160
127 162
41 115
93 126
124 160
5 47
134 168
0 153
175 180
43 189
24 70
81 165
134 155
69 189
41 56
20 161
31 90
63 206
150 173
48 99
117 167
39 119
55 206
107 172
104 132
6 155
110 215
174 202
113 211
166 208
9 186
20 43
55 85
18 161
26 104
8 152
92 164
108 188
119 187
102 204
41 106
42 53
10 56
12 214
84 179
131 203
163 201
30 152
37 161
144 173
27 212
68 148
55 204
175 207
27 45
109 133
7 176
133 152
96 140
36 93
58 140
72 82
11 70
67 122
143 166
110 111
124 129
71 77
17 117
11 68
202 213
112 124
33 154
74 111
99 161
2 151
94 95
7 88
17 209
146 206
154 174
39 214
156 183
9 202
61 112
6 164
65 155
56 127
105 166
84 109
38 181
150 192
114 150
152 216
102 141
1 197
8 45
74 80
10 119
122 130
93 134
106 149
76 102
97 120
152 155
76 168
181 188
2 188
12 18
32 145
119 152
47 155
46 202
185 195
82 214
17 172
48 68
44 68
41 44
22 104
18 69
29 50
18 74
73 151
74 109
13 21
50 102
170 180
95 198
79 125
138 164
49 175
13 104
73 190
42 123
150 207
8 61
17 25
144 170
1 6
130 190
103 106
72 123
3 194
15 198
82 165
153 196
17 134
12 131
78 124
99 207
87 90
92 138
95 118
6 15
58 170
23 179
1 106
96 117
171 195
0 127
44 177
119 214
57 149
142 145
104 187
41 174
113 192
13 28
109 203
9 53
72 108
28 203
164 190
13 56
77 144
128 166
8 47
25 214
9 125
41 77
158 190
89 147
72 204
189 214
88 179
134 167
127 161
85 163
28 126
10 31
131 184
119 141
198 200
110 174
126 178
44 104
72 130
97 107
200 207
73 100
105 130
95 109
94 153
169 189
113 172
47 163
90 213
80 115
4 141
7 50
130 143
139 201
95 103
18 63
90 150
71 121
3 11
191 209
170 182
75 155
32 150
150 161
18 206
55 114
46 175
8 142
45 206
132 153
68 143
40 182
163 185
123 169
6 58
86 213
85 211
94 104
199 212
9 166
32 137
171 211
58 61
42 152
52 90
132 197
74 157
75 179
61 102
140 156
47 197
105 177
66 118
2 120
37 175
59 61
53 189
82 83
4 186
70 120
156 198
77 122
65 69
82 176
170 186
75 194
51 147
96 143
27 126
90 215
40 67
35 68
39 81
6 185
115 118
44 47
69 142
193 202
133 191
72 99
175 177
42 88
138 174
34 163
71 204
119 186
16 19
8 66
21 195
36 129
139 188
6 24
56 112
133 192
82 187
10 210
19 79
87 96
53 160
152 201
22 73
67 96
47 137
98 216
87 180
137 164
57 157
113 182
3 93
21 33
2 169
168 206
71 213
153 209
76 149
12 76
39 140
174 189
23 195
78 153
73 182
18 113
193 198
99 212
51 197
90 92
55 87
118 152
36 86
9 162
31 162
66 155
130 193
143 149
60 136
142 195
150 154
46 214
15 183
109 159
107 161
67 112
72 154
169 183
1 85
56 102
0 205
168 176
83 151
40 68
102 155
9 70
71 157
156 199
7 57
84 115
98 133
4 102
42 58
136 177
69 157
123 207
75 154
116 213
99 171
72 147
103 197
81 102
85 202
125 171
39 65
75 197
34 36
36 119
5 84
15 214
79 202
60 127
85 171
76 192
78 160
84 202
31 126
36 171
26 163
58 202
16 179
189 216
3 91
37 143
7 175
71 116
47 177
162 190
26 161
179 216
72 105
20 48
165 181
62 116
30 107
50 201
132 141
19 66
111 139
8 208
42 137
108 177
96 168
82 151
28 189
48 129
45 192
122 169
14 130
85 125
153 206
57 132
174 179
130 202
27 51
53 97
19 136
5 34
152 157
20 79
50 81
87 123
53 154
26 197
147 216
139 141
10 97
107 214
4 117
124 203
83 136
2 119
71 95
178 189
29 135
110 176
79 139
130 195
14 121
81 91
80 101
85 168
35 70
13 85
161 214
1 153
7 83
19 43
22 177
28 72
59 95
37 39
103 129
74 191
4 209
74 145
173 182
52 152
23 75
84 196
134 197
15 53
65 213
54 161
30 212
41 132
3 17
92 128
132 155
26 136
125 179
36 37
136 175
56 178
19 187
47 174
121 172
28 69
37 157
40 190
51 83
171 213
133 156
23 91
114 162
116 141
85 180
26 173
66 165
101 211
121 197
135 203
3 132
85 185
24 123
188 209
43 100
99 108
4 57
21 181
132 195
65 116
36 80
58 130
186 208
20 140
6 72
32 121
101 214
125 174
40 136
30 179
90 120
31 68
43 45
88 123
134 139
78 83
144 195
47 208
33 203
156 169
59 174
15 160
72 156
26 133
92 193
106 154
50 62
60 128
60 192
102 146
1 34
176 188
183 191
50 202
144 215
126 188
63 212
67 141
69 148
99 140
56 139
78 151
107 178
120 194
66 80
22 41
109 167
24 156
2 208
74 136
49 57
68 159
54 209
7 140
101 153
32 108
164 176
103 213
149 154
58 189
53 85
20 51
125 210
62 70
55 203
36 148
11 216
141 216
85 95
77 115
60 185
53 167
126 193
62 162
87 119
33 43
55 72
43 181
131 133
80 189
69 115
105 185
91 92
110 182
195 200
122 141
94 212
60 74
128 150
10 107
86 177
81 146
23 108
26 74
62 112
41 157
14 102
91 143
173 206
30 33
37 102
3 46
135 189
149 181
173 180
37 194
22 113
108 146
27 180
181 198
45 79
197 206
65 203
57 110
123 210
47 61
76 155
57 84
82 215
88 142
164 193
127 159
11 196
26 49
139 160
1 83
62 147
44 160
13 188
111 127
15 141
74 151
11 211
126 132
95 158
40 148
47 190
85 191
176 198
42 144
141 181
57 187
14 104
80 103
27 150
180 199
45 94
75 208
12 208
16 68
163 191
22 209
119 203
38 125
48 90
82 108
91 114
5 183
16 18
140 189
146 149
19 28
48 178
86 100
119 173
154 194
68 170
72 209
46 190
110 170
99 187
49 179
91 131
29 206
114 125
78 178
8 49
52 70
140 160
88 163
18 172
5 40
100 108
127 209
6 168
67 190
34 171
82 124
21 216
52 118
88 189
191 203
50 134
97 192
11 106
14 88
36 51
3 179
6 190
7 59
18 210
51 77
58 59
31 57
43 150
55 216
73 170
38 45
117 120
113 187
98 181
33 132
79 133
74 212
31 73
86 107
17 80
39 122
3 45
106 122
88 216
97 151
75 182
120 211
152 159
50 94
40 188
49 63
21 137
35 168
2 152
41 212
103 116
12 69
50 187
30 127
48 198
93 167
16 98
39 151
73 141
11 202
34 137
54 112
192 197
154 212
114 174
96 145
94 191
3 192
58 76
1 71
110 200
46 129
88 95
114 135
115 181
158 169
28 144
125 159
126 161
68 166
61 119
35 212
160 177
69 210
84 85
81 128
12 198
108 174
79 135
6 161
19 198
10 63
12 142
182 210
39 129
13 69
54 153
29 78
1 193
22 24
62 171
2 48
153 179
54 192
139 191
18 209
119 164
59 131
41 161
28 74
137 160
28 167
34 62
145 179
98 122
51 127
170 215
86 97
53 67
170 185
24 80
46 189
154 166
42 146
35 109
148 153
41 61
60 196
9 92
106 125
58 67
12 207
146 182
125 214
76 193
173 202
79 116
53 60
117 132
64 210
150 201
170 210
61 78
55 83
169 213
23 73
48 162
54 188
64 88
75 206
30 146
19 55
15 104
119 176
53 137
6 30
123 138
39 44
0 132
131 149
14 139
90 189
43 90
136 140
158 194
79 93
91 140
16 62
67 127
3 98
53 176
30 205
43 126
8 150
84 161
121 137
19 176
52 151
31 48
214 216
15 33
159 163
51 100
37 150
139 211
87 199
82 88
158 160
27 74
89 109
149 187
6 152
37 67
11 185
13 68
160 194
51 166
101 170
116 179
72 77
101 106
21 133
115 185
112 214
44 200
34 120
20 23
61 181
124 207
87 151
8 18
59 108
93 147
60 211
30 102
37 55
91 93
24 34
9 63
35 145
4 161
55 164
23 49
50 186
71 72
80 159
112 114
15 64
67 98
135 143
35 84
116 121
51 193
120 185
43 125
56 215
63 211
24 215
149 211
72 159
38 160
46 194
122 214
118 188
14 89
102 191
61 77
40 64
124 179
137 172
2 51
30 199
112 142
23 35
1 171
55 111
160 179
87 169
174 185
114 134
6 59
34 158
162 184
68 147
71 130
98 129
6 213
88 156
54 164
50 175
32 144
109 147
101 117
96 166
114 140
29 55
36 167
70 200
94 156
51 96
195 207
46 89
23 147
30 109
21 180
57 161
9 110
108 121
17 105
140 167
165 167
72 146
65 190
3 7
128 144
54 200
9 169
169 212
35 204
109 148
121 207
70 209
136 202
109 191
117 133
71 208
84 214
125 173
83 143
108 129
66 206
60 212
93 105
85 155
29 150
168 198
119 194
68 99
17 187
75 108
11 73
106 172
86 125
65 161
109 215
106 192
39 157
156 174
75 136
4 129
112 199
42 175
134 216
35 162
61 87
99 116
35 77
109 143
10 148
45 149
145 166
6 57
83 125
134 200
57 108
124 174
98 198
95 209
94 166
86 153
12 68
34 187
22 126
151 199
5 158
211 214
168 177
10 20
133 197
64 98
142 203
99 210
38 167
149 200
157 198
79 164
169 180
197 216
49 118
188 212
27 76
74 190
104 195
92 142
31 163
141 204
127 134
117 127
97 130
163 208
28 73
82 84
39 178
113 162
1 195
21 66
67 146
15 92
71 127
87 182
99 147
114 171
106 177
124 183
93 128
35 185
42 198
37 133
99 201
69 81
104 131
17 72
45 100
79 140
144 186
61 122
6 11
161 169
111 147
89 113
102 121
161 183
2 80
104 209
27 39
81 139
4 34
53 139
16 182
125 181
49 56
18 170
84 165
14 171
113 138
106 211
35 37
49 87
77 108
31 95
56 66
25 144
66 196
83 133
141 171
88 90
23 204
88 182
26 199
65 114
53 87
40 185
77 182
144 147
9 96
104 158
176 216
65 79
53 135
6 101
59 109
178 196
142 158
26 194
48 188
13 181
157 163
20 214
13 90
117 185
91 187
13 86
65 80
138 181
16 100
79 104
69 112
79 180
51 153
181 204
5 94
10 79
75 215
33 40
93 196
74 125
65 121
125 160
20 186
2 77
33 211
99 188
165 210
6 180
42 114
21 163
32 34
31 65
53 209
23 80
66 138
0 108
3 117
88 119
16 44
88 185
93 123
18 72
27 54
128 204
6 171
72 110
6 84
84 121
87 158
75 199
107 167
166 206
110 160
55 131
129 191
149 156
24 177
89 129
29 115
13 145
64 182
7 155
74 137
64 199
43 131
58 131
1 70
30 210
8 169
54 180
66 87
61 211
78 215
210 215
85 91
165 192
158 181
70 159
89 158
51 89
103 120
27 211
5 52
97 138
23 166
48 190
31 143
57 186
100 203
5 77
77 194
83 199
21 206
127 158
166 199
128 171
170 211
125 191
84 152
35 166
85 165
105 201
4 211
26 111
5 144
23 189
1 9
54 214
119 189
5 19
167 215
65 143
113 123
143 196
40 128
107 181
69 97
111 201
116 211
130 206
180 211
47 198
119 157
28 79
16 139
17 198
157 195
52 77
8 127
2 203
15 73
9 13
5 205
54 193
89 181
18 84
46 104
29 42
57 121
61 149
13 91
16 125
12 151
158 161
13 17
74 129
141 201
53 195
49 99
14 56
50 104
110 177
85 183
53 164
2 43
99 113
167 205
0 33
159 215
2 18
73 85
102 150
53 99
30 93
7 134
40 169
135 141
64 100
78 143
17 151
130 200
117 156
78 95
114 115
6 163
141 189
9 136
41 214
98 142
10 191
150 181
127 200
6 13
26 43
132 212
1 131
96 151
126 204
19 123
72 148
6 44
25 164
32 66
81 96
32 166
124 125
27 87
159 201
70 75
136 181
9 149
120 155
52 150
7 80
100 190
18 204
133 203
26 31
13 146
90 131
29 102
5 204
56 207
74 184
20 210
125 185
199 206
31 61
45 190
31 190
157 211
59 169
130 163
53 182
165 195
111 193
20 81
143 185
46 79
77 169
123 139
205 206
28 99
75 214
157 176
0 138
73 91
143 175
41 180
37 114
34 191
150 197
33 73
118 159
149 172
140 143
39 106
188 190
55 120
17 201
2 145
75 151
14 131
161 188
112 163
88 164
42 57
200 205
186 195
75 209
112 173
78 82
31 141
91 116
168 207
40 140
45 142
121 171
139 181
153 165
34 81
121 147
99 215
78 196
120 129
66 85
95 174
121 122
47 71
57 82
154 205
140 152
89 213
153 164
180 184
68 188
11 146
108 169
66 164
197 213
97 216
92 171
22 157
122 147
117 190
119 185
176 187
25 181
4 64
148 179
14 152
79 153
41 162
2 111
146 177
44 79
9 137
22 183
117 141
15 96
14 50
22 170
150 166
155 186
2 168
132 147
12 122
109 117
22 133
170 203
101 167
25 203
155 172
79 181
1 214
94 129
65 127
13 35
137 149
48 52
150 163
122 180
3 33
96 213
109 125
162 168
67 114
51 69
157 181
5 102
26 42
70 169
114 123
135 188
1 99
10 155
1 163
82 142
184 209
75 177
32 181
33 205
1 98
180 201
112 146
52 198
98 214
33 49
102 149
88 199
18 192
13 162
85 170
87 206
24 91
53 59
10 34
5 136
9 69
24 51
106 206
73 150
18 94
32 185
52 209
63 75
173 203
119 151
99 127
0 100
0 103
40 187
199 202
60 69
81 209
14 201
6 109
6 17
180 194
71 91
130 189
131 150
110 216
64 112
97 126
109 114
19 52
40 146
119 170
182 212
1 18
130 157
26 81
134 196
141 186
69 91
203 211
64 68
19 204
115 131
4 93
51 158
171 177
6 209
76 120
60 167
130 196
21 48
88 121
59 189
181 184
9 179
151 209
78 150
57 165
17 31
55 200
65 74
90 130
68 100
0 18
104 138
42 59
14 136
19 196
178 193
103 198
24 109
46 114
59 86
97 99
0 95
173 207
136 168
68 103
31 116
80 87
63 107
14 35
105 206
92 135
109 183
36 144
9 83
61 139
116 156
148 183
31 207
159 202
25 61
18 128
107 143
16 205
48 94
86 168
76 188
122 168
37 153
113 181
121 149
26 182
79 187
84 138
23 160
22 27
145 198
23 167
98 123
70 158
11 169
26 51
57 155
89 161
43 96
120 181
181 192
48 185
25 34
2 121
66 136
21 97
81 182
25 93
17 55
33 83
11 44
108 140
70 99
37 90
120 173
30 194
41 182
66 96
66 216
79 182
144 183
67 193
145 180
58 145
26 52
104 109
83 213
33 85
80 125
58 84
124 177
100 197
149 194
99 129
72 104
29 68
45 166
37 94
77 154
4 210
73 82
65 175
106 119
42 185
28 178
66 192
116 180
83 127
133 205
208 213
33 52
123 168
122 198
93 208
89 183
85 150
142 160
65 140
121 179
51 172
4 17
0 162
77 186
40 126
42 177
29 104
133 215
64 144
131 195
13 82
62 119
13 138
53 57
142 168
109 151
119 129
104 208
35 64
164 213
100 177
5 72
67 213
3 99
39 115
4 36
146 176
132 208
22 130
27 169
63 70
153 214
69 141
36 179
97 198
18 33
66 173
65 90
150 169
13 108
62 169
117 119
182 202
72 142
62 185
42 127
170 176
11 21
14 180
178 215
40 164
111 113
31 137
209 212
60 208
22 127
125 136
117 215
31 203
120 130
77 206
88 168
83 132
51 103
35 180
62 141
81 203
59 103
88 154
135 146
18 88
68 80
50 194
60 216
171 197
34 100
20 115
62 176
129 154
100 155
175 209
132 163
4 48
41 190
74 206
80 168
51 137
52 153
103 176
17 197
16 210
50 205
205 216
32 90
139 145
26 140
79 189
77 110
179 193
183 190
58 73
128 136
144 153
118 171
29 51
154 178
111 122
82 193
90 168
99 144
40 84
10 22
133 153
28 47
95 205
105 168
74 213
39 76
79 83
44 46
135 159
94 213
93 165
67 135
74 155
0 28
49 167
39 205
15 105
15 37
137 167
29 58
104 129
56 162
74 180
23 68
61 167
23 205
19 27
9 114
157 164
145 157
20 132
20 200
62 200
57 122
119 145
148 205
15 195
155 212
104 113
179 214
138 141
86 164
126 181
120 137
15 121
86 207
87 213
95 130
36 41
19 186
196 203
159 167
48 49
194 201
168 186
132 158
47 110
50 90
82 205
39 59
27 85
132 156
139 195
67 197
99 155
38 57
65 160
44 164
6 142
70 126
0 68
99 159
1 216
6 177
150 204
111 214
42 76
162 214
112 192
63 200
72 111
112 120
84 157
139 214
169 175
97 184
41 76
41 125
10 84
65 174
33 58
34 50
189 210
88 114
23 150
117 206
48 115
152 171
20 59
70 202
196 216
21 171
178 205
117 200
105 187
62 123
11 108
133 194
51 114
202 205
146 155
15 77
70 197
78 207
90 115
22 166
181 196
19 134
14 193
37 112
61 68
67 192
3 162
120 216
48 150
56 77
95 162
84 162
2 25
63 119
32 193
80 171
65 115
99 103
54 143
27 128
53 94
124 145
190 205
119 137
2 14
8 100
56 182
19 153
42 183
39 215
15 44
82 89
99 138
66 157
54 111
59 143
185 208
138 193
136 159
15 174
10 25
201 210
21 196
100 147
109 111
117 123
56 172
165 213
78 175
2 213
90 96
118 165
75 196
84 154
90 149
43 80
34 208
98 177
21 209
44 132
133 146
78 189
14 65
38 53
89 205
50 169
41 200
162 176
180 193
126 207
153 173
118 179
117 180
81 93
118 141
9 40
19 108
148 178
108 175
82 212
118 123
149 216
50 96
191 204
89 157
16 153
87 160
71 73
145 209
82 149
39 96
87 92
47 100
193 211
140 172
49 188
27 53
30 60
182 215
136 167
29 40
160 197
82 143
83 147
107 151
76 161
14 80
109 213
33 50
114 200
82 180
67 115
30 101
0 91
43 129
63 114
180 213
64 128
2 172
141 155
26 175
101 145
7 158
42 189
37 74
131 183
109 212
10 26
98 131
35 198
79 137
70 85
167 207
66 188
84 100
52 154
65 171
115 191
0 39
39 127
8 206
9 116
100 112
70 123
47 130
36 99
71 94
33 118
56 122
121 177
2 100
179 203
8 160
5 167
159 171
119 206
6 28
9 154
64 123
119 148
137 203
100 144
69 200
61 212
21 89
84 159
165 211
58 66
49 66
127 142
78 81
47 146
23 83
186 214
27 83
28 139
101 137
26 141
62 85
196 207
10 117
84 117
87 200
15 209
89 131
13 139
165 200
51 101
54 96
33 100
143 215
118 193
47 78
187 194
144 210
128 180
36 165
102 170
71 202
9 153
105 199
45 179
51 189
106 175
9 30
22 174
51 138
8 115
4 160
187 200
22 129
22 121
85 215
92 167
51 65
114 172
141 168
154 199
105 140
122 139
96 108
106 124
81 174
28 137
24 144
23 60
18 111
7 213
15 207
75 139
72 100
35 157
61 144
11 176
63 80
30 172
179 200
84 193
80 156
92 161
72 121
22 139
13 155
91 145
77 140
3 36
65 168
46 73
10 95
53 118
99 136
15 115
17 103
58 208
14 15
125 157
7 85
33 210
8 70
54 58
167 213
70 180
16 17
108 112
94 140
5 11
78 212
34 169
16 206
108 134
12 35
88 130
160 213
85 176
0 4
86 121
19 157
94 208
69 143
4 38
151 186
90 139
174 203
37 46
46 93
177 185
75 78
3 114
117 175
7 21
77 126
30 125
50 188
82 139
74 148
70 185
170 207
7 133
18 93
18 66
115 172
117 201
7 54
93 94
15 21
13 152
79 165
26 103
32 159
147 189
23 107
130 146
14 206
61 106
129 164
9 49
14 82
150 193
72 117
159 191
93 111
22 153
10 82
43 58
21 82
3 40
180 192
65 162
68 95
95 214
132 175
157 205
23 38
134 213
37 45
7 173
43 173
94 178
20 135
59 92
30 133
14 160
11 188
73 156
101 163
31 93
85 143
151 193
163 176
19 163
16 204
32 37
87 115
2 37
32 161
93 155
99 135
40 59
7 23
30 150
36 85
78 164
107 124
116 208
197 202
138 149
14 67
93 205
41 99
43 72
3 128
112 157
79 171
10 83
40 110
82 93
13 51
59 179
1 161
81 140
20 74
37 122
109 216
6 153
33 51
147 191
165 216
158 210
117 181
49 182
8 19
50 153
36 96
55 152
31 208
123 148
65 109
58 111
60 116
16 172
120 169
33 130
5 45
81 183
19 56
26 201
174 176
30 136
38 85
185 205
69 164
103 143
112 190
99 128
13 135
55 73
173 181
23 171
145 176
122 138
24 190
33 99
27 33
11 89
84 144
164 181
49 114
64 69
42 184
72 91
131 170
102 120
200 215
29 100
17 169
19 142
11 84
44 144
2 115
197 208
125 208
6 78
0 96
43 55
157 161
66 74
187 206
113 196
101 215
3 213
28 76
78 133
85 86
55 71
181 191
62 196
82 185
40 207
157 179
51 106
54 154
32 58
27 139
124 130
190 207
17 109
206 213
94 122
6 45
125 155
23 67
45 183
9 67
73 132
11 28
24 210
47 185
105 159
110 161
75 132
93 190
35 128
149 206
116 160
67 205
17 214
4 177
72 170
7 55
2 34
6 40
20 180
40 153
9 145
34 134
72 164
76 121
24 99
25 205
21 157
17 96
209 214
82 172
133 165
185 204
45 62
49 147
138 196
144 168
6 158
18 48
127 149
86 200
1 172
75 203
140 171
44 114
157 171
23 74
27 206
46 113
7 62
11 162
50 89
49 126
5 145
162 196
2 101
14 159
31 154
37 98
134 210
85 177
73 104
16 109
15 185
44 85
27 32
34 122
171 188
121 168
61 83
121 203
79 124
53 198
9 68
23 137
29 130
69 175
53 213
159 198
33 53
7 77
24 73
84 86
52 210
89 107
116 203
131 182
143 210
183 215
70 191
61 199
67 128
205 210
31 114
43 112
60 139
164 199
2 167
35 104
66 159
4 77
148 177
29 213
26 191
166 183
136 179
12 172
36 94
21 131
73 198
77 199
27 215
13 142
5 82
129 189
105 164
70 128
52 83
24 53
4 169
28 175
27 92
72 157
132 190
18 168
23 92
60 107
189 199
36 54
39 57
94 99
157 214
51 90
93 194
48 166
27 141
20 207
64 80
6 136
18 28
60 142
63 203
63 186
167 195
45 86
21 140
86 92
11 195
8 176
53 205
59 177
68 81
85 130
7 18
24 212
118 203
104 168
6 73
82 174
18 51
5 206
148 199
64 70
52 78
2 46
80 139
49 210
39 118
102 189
29 108
81 172
167 176
62 105
81 206
61 64
7 92
20 110
115 180
131 196
89 115
117 179
52 157
110 117
40 204
161 198
45 164
67 152
108 151
33 77
29 173
20 134
177 191
105 163
16 20
94 159
6 179
117 199
71 93
65 170
48 183
46 212
171 212
20 183
120 197
200 206
136 187
58 86
58 175
63 93
82 186
151 191
97 213
67 101
154 175
13 178
44 188
135 195
111 203
12 111
85 190
81 82
171 185
94 180
6 94
174 198
69 184
23 154
26 55
97 104
15 72
97 105
96 194
164 200
32 179
6 31
61 190
22 55
74 176
14 212
40 52
74 118
35 146
79 170
12 212
74 141
68 183
9 47
129 188
43 47
88 180
60 157
8 204
178 211
23 216
26 147
33 131
2 141
34 40
44 116
146 178
76 190
17 30
102 126
107 212
45 76
29 131
58 169
16 131
1 43
51 210
99 173
124 180
145 188
43 140
173 188
25 182
10 71
124 173
176 207
163 206
10 130
80 200
7 44
65 72
54 118
128 208
74 156
88 213
33 171
89 142
21 130
107 150
27 201
16 145
125 188
8 170
142 181
41 213
121 136
113 156
38 132
122 192
80 183
44 215
1 51
25 142
11 100
2 162
160 165
118 127
104 160
15 178
28 130
52 85
67 208
64 71
0 6
56 179
23 125
86 146
16 165
81 185
144 149
54 106
11 34
65 191
49 70
134 207
14 208
96 189
137 186
167 190
12 14
155 197
89 202
15 78
76 165
120 168
8 168
141 194
2 216
104 136
60 80
10 124
116 151
15 17
91 102
9 95
111 167
50 126
98 208
83 142
121 202
35 122
21 111
82 107
78 108
1 128
151 179
72 102
73 153
70 196
145 184
149 193
73 176
197 214
71 132
51 192
78 92
53 131
66 92
52 188
96 173
147 201
2 155
95 117
78 184
22 46
39 190
138 216
17 158
29 132
39 130
79 98
58 194
146 202
2 105
38 206
36 43
4 213
131 148
31 187
67 77
68 209
71 76
79 136
54 150
198 214
77 139
144 214
122 201
8 165
73 187
47 159
5 201
89 116
82 114
10 78
59 114
87 152
45 91
13 212
18 174
33 192
21 45
137 166
18 183
43 62
41 173
16 190
35 41
160 206
50 176
201 205
56 144
160 215
57 158
109 200
10 44
8 69
68 107
25 96
12 66
113 184
31 96
129 140
55 134
23 159
23 215
67 93
51 70
94 102
0 161
139 149
22 77
120 182
28 135
72 120
193 212
112 212
55 108
74 203
63 191
99 189
34 185
3 52
111 205
34 126
93 173
214 215
8 184
170 197
26 82
101 161
19 172
12 21
77 89
7 138
45 200
42 131
37 196
114 164
71 111
32 94
94 112
99 167
60 135
145 182
77 168
71 176
142 187
44 64
124 159
132 133
112 144
61 176
63 141
153 205
38 72
127 178
21 106
128 201
92 116
28 35
113 148
131 173
63 170
63 184
149 207
97 115
68 126
124 192
131 205
138 200
98 159
22 51
92 114
67 71
26 67
30 165
27 134
97 180
109 182
22 212
60 82
5 173
36 71
48 157
179 191
54 113
129 152
59 170
105 134
60 201
47 107
45 89
49 189
44 65
141 176
40 98
80 141
112 178
162 182
102 119
10 38
20 46
44 199
64 78
127 204
1 86
90 193
14 179
52 164
41 154
50 161
87 196
69 74
35 38
117 129
14 210
2 30
84 209
95 208
45 97
28 209
163 210
14 128
46 127
159 160
66 104
24 169
63 85
28 204
45 189
138 163
72 128
134 204
19 102
8 156
86 188
23 57
3 186
39 84
74 119
95 207
26 47
14 64
95 155
17 114
156 167
179 206
202 212
97 146
116 126
207 214
7 188
92 156
128 215
0 8
69 105
53 61
78 114
27 142
163 183
2 164
54 190
75 95
102 177
123 193
148 190
47 124
48 169
32 165
93 109
152 176
106 187
45 59
65 182
23 140
63 124
82 209
25 192
69 72
108 199
5 128
140 151
132 210
173 189
15 146
184 185
120 192
169 211
38 61
70 163
169 184
105 143
89 176
104 169
30 90
74 76
18 47
87 153
115 193
93 188
79 168
120 191
73 164
38 67
3 49
96 178
124 171
97 174
91 186
145 216
152 172
38 140
106 148
170 212
20 54
29 169
79 204
91 154
50 91
81 90
199 211
128 178
129 185
21 203
16 65
50 79
66 106
33 195
19 214
86 123
190 201
44 163
15 27
15 164
0 81
175 210
94 200
56 137
12 184
90 144
24 183
89 166
47 196
40 168
22 148
32 39
146 170
140 174
84 120
19 139
17 128
75 152
167 175
120 126
52 177
29 97
30 193
109 128
32 128
81 207
0 207
37 141
79 155
23 209
38 91
116 170
103 158
84 204
56 151
35 195
5 78
157 215
50 200
87 161
6 26
71 211
42 115
143 169
55 56
61 105
18 158
67 173
108 170
72 107
8 186
23 180
68 202
25 45
57 98
128 141
76 123
62 86
143 189
64 191
63 116
41 146
24 178
33 45
108 168
94 162
34 63
42 199
101 216
20 164
95 108
84 174
67 167
30 158
104 201
152 183
92 93
57 183
92 113
52 207
51 174
68 140
53 68
180 186
112 152
45 82
52 180
136 173
106 159
43 211
50 116
113 161
188 216
46 94
77 109
119 122
134 188
63 72
124 204
9 157
4 54
77 215
60 177
76 94
57 192
90 117
124 127
138 160
94 171
14 32
40 96
13 65
10 80
89 121
159 197
16 30
30 62
8 95
16 25
135 194
146 157
61 141
149 162
81 212
99 163
108 178
91 212
34 86
160 210
39 80
2 38
98 130
22 101
35 196
79 138
3 176
127 147
29 84
204 213
170 187
73 177
18 124
5 207
52 158
45 110
5 169
76 148
142 189
24 27
40 209
11 205
127 182
5 26
30 191
88 175
10 197
120 170
155 173
126 156
126 187
79 82
65 211
41 189
61 94
91 167
67 121
5 152
99 106
114 215
88 150
111 119
15 101
57 112
60 103
42 81
106 207
21 108
4 198
70 178
59 64
91 129
16 199
38 188
39 216
32 130
33 67
40 91
10 51
58 196
151 215
86 136
66 134
4 84
71 206
96 196
167 187
49 104
154 176
1 133
83 99
13 215
171 202
24 107
34 121
31 142
149 165
64 202
150 160
107 179
10 168
21 191
67 129
132 185
78 199
19 37
159 216
73 192
59 129
116 201
153 163
29 209
181 182
17 127
40 75
37 92
90 194
85 178
144 189
49 69
158 205
8 25
212 216
206 214
148 150
104 165
9 25
50 140
145 195
122 211
8 37
92 95
104 141
93 112
77 94
7 123
58 114
57 144
156 189
94 108
75 81
14 122
156 181
41 167
6 193
101 121
14 81
4 58
142 161
0 26
169 179
53 162
28 156
125 216
183 184
155 156
3 171
36 57
53 132
79 105
13 112
44 103
69 152
68 146
100 176
117 165
145 183
165 175
147 179
101 169
20 174
89 112
12 89
87 125
27 46
49 141
126 216
130 172
14 16
5 13
40 65
94 136
105 142
10 126
135 152
104 150
25 199
12 51
127 188
52 192
104 148
2 112
62 177
26 149
23 177
77 207
21 175
56 101
140 141
8 43
98 137
112 181
15 84
59 130
22 173
0 206
2 86
105 216
63 166
10 93
5 203
136 153
0 43
124 188
182 196
22 115
43 70
10 70
130 138
10 108
37 79
1 111
45 204
162 211
13 54
103 148
68 167
90 198
146 193
156 179
196 206
108 154
108 161
158 209
53 161
39 135
129 193
105 215
60 150
95 196
39 114
158 183
142 183
96 150
7 78
44 165
16 41
12 216
132 182
30 207
90 201
120 122
54 208
103 210
51 167
6 10
12 134
39 206
20 103
68 182
8 76
34 99
170 202
4 153
82 148
70 207
23 173
102 215
81 141
63 154
37 72
19 158
36 173
7 151
18 106
41 120
107 157
82 190
71 96
51 190
135 160
152 178
65 102
27 44
24 38
166 198
182 209
1 129
104 202
32 75
80 135
72 152
71 131
41 55
10 11
78 87
69 93
186 215
3 164
36 153
15 103
43 152
7 128
9 115
59 184
152 206
94 135
66 149
14 66
153 162
47 118
55 86
185 199
93 187
34 73
30 63
24 114
0 181
17 99
84 119
28 101
57 196
3 136
96 172
138 173
116 192
132 196
16 121
9 84
85 98
106 118
142 190
32 35
93 114
67 164
64 106
124 137
107 170
108 165
91 199
15 76
85 181
18 199
160 176
31 87
53 136
18 57
59 74
55 172
183 198
161 204
33 209
93 99
129 203
155 208
71 198
89 204
24 93
64 183
22 152
25 155
38 150
73 167
194 213
76 169
3 153
37 185
198 207
66 113
124 214
6 104
11 86
68 169
128 162
126 154
44 112
76 85
141 209
35 150
68 144
49 187
81 103
77 205
169 197
139 147
118 132
11 133
16 213
67 155
13 49
64 213
124 201
164 194
7 145
40 184
1 11
143 186
24 186
128 181
193 207
65 159
79 163
86 180
143 181
65 105
204 214
25 42
92 154
95 191
53 185
97 106
36 67
0 58
17 97
22 91
74 93
67 118
76 206
189 208
56 73
33 62
108 131
121 130
85 203
38 95
13 64
46 141
181 202
56 97
80 169
55 138
45 64
62 127
15 51
107 182
163 175
20 187
16 141
13 179
29 101
28 84
7 152
199 207
17 122
172 209
105 148
41 168
81 177
111 157
109 196
2 200
13 37
62 181
81 154
71 189
48 117
93 184
74 126
12 24
8 155
50 198
28 159
151 159
45 195
105 111
120 206
125 140
197 205
48 102
39 172
26 167
110 128
3 175
58 139
56 74
96 133
158 167
123 175
22 215
147 195
8 199
4 90
52 105
81 119
30 215
67 165
16 185
119 216
37 53
129 201
67 166
118 126
54 73
105 194
6 159
64 130
93 146
111 161
72 171
3 165
123 180
61 118
45 186
84 201
3 151
89 123
202 211
46 145
134 212
5 176
88 159
40 138
132 211
46 193
149 150
136 139
120 203
60 191
160 161
32 76
48 213
142 179
6 65
3 61
1 165
89 164
136 206
9 71
30 175
59 123
110 123
40 142
148 197
87 120
108 213
14 107
79 100
98 192
196 205
54 215
78 132
44 100
60 199
8 116
13 183
121 167
98 193
0 190
18 201
134 173
109 192
15 24
165 203
123 149
26 205
72 194
35 69
1 67
174 191
44 161
61 95
72 80
77 161
8 104
69 205
4 66
103 144
164 202
29 67
10 68
20 136
21 153
82 159
7 126
38 42
57 168
10 98
112 150
140 148
75 111
5 58
127 185
43 49
16 51
58 116
32 210
72 185
143 204
32 56
72 173
71 101
49 168
108 113
22 85
36 174
179 187
23 87
54 59
1 32
41 47
34 162
3 86
96 206
45 119
37 49
13 40
46 136
77 137
61 196
32 38
27 198
140 201
114 159
109 170
30 139
91 170
12 136
171 178
131 185
61 147
24 35
35 210
106 146
60 205
149 182
128 187
65 210
108 198
40 83
40 212
94 160
172 184
115 201
31 35
188 206
80 91
22 208
54 135
185 193
115 130
58 211
24 120
58 113
49 52
126 184
3 23
169 170
167 172
66 121
140 216
59 79
66 146
6 199
3 110
90 106
3 177
47 132
86 127
59 183
62 107
48 78
4 147
1 55
88 186
97 165
9 91
103 134
108 128
94 113
0 197
166 179
99 134
66 133
70 104
139 215
147 173
51 128
35 181
17 216
103 199
76 140
42 169
45 144
71 195
30 134
26 156
52 82
84 89
38 209
13 197
47 51
98 152
69 113
20 84
58 75
117 159
9 111
81 189
93 152
30 52
68 152
52 178
80 213
45 125
5 188
76 194
39 132
62 168
9 143
176 204
18 82
90 192
12 209
126 147
193 196
56 131
73 143
128 156
85 154
7 143
1 94
75 211
98 185
101 184
60 88
78 213
55 178
91 163
31 50
110 167
6 214
100 212
96 97
73 123
3 216
27 176
65 93
17 104
5 161
54 131
19 46
38 60
154 203
149 189
84 145
34 75
21 186
12 118
36 197
5 104
179 197
96 170
38 195
67 162
172 203
47 73
151 160
21 59
12 44
82 188
38 70
35 202
86 96
119 135
75 156
157 178
51 168
27 68
107 207
127 205
128 142
155 175
57 113
106 166
103 111
91 149
109 177
36 184
2 59
113 135
42 73
114 190
70 143
172 201
98 120
11 87
13 109
25 37
99 139
101 199
81 191
155 192
75 210
14 170
64 141
120 177
22 40
53 197
4 78
167 199
60 91
167 188
69 212
132 205
171 187
103 157
36 211
91 194
78 169
9 184
6 53
16 155
135 136
101 198
90 141
125 204
130 191
107 213
100 121
34 167
37 58
7 214
104 178
101 132
119 130
80 145
62 120
31 206
60 153
27 75
19 206
39 158
88 111
17 57
65 103
44 71
67 201
33 54
20 199
20 123
12 179
76 163
45 130
22 114
64 145
58 72
78 121
126 199
73 136
26 162
43 52
24 118
12 183
90 179
38 118
124 143
168 170
20 94
155 174
93 209
188 211
70 125
134 143
69 177
85 104
27 131
59 150
152 180
11 39
165 214
12 147
47 166
160 181
35 161
48 119
61 210
38 98
19 75
210 211
47 121
20 108
29 156
72 177
6 119
55 139
57 160
184 198
79 103
187 208
53 150
73 155
8 205
38 213
44 51
88 97
36 104
146 201
117 162
87 139
109 195
78 113
153 189
112 140
164 183
66 91
186 197
95 134
46 86
92 141
107 203
68 115
98 178
72 113
78 96
80 150
107 108
177 204
146 194
4 181
169 190
32 74
59 214
12 187
8 175
42 63
101 204
107 147
52 165
28 213
138 186
17 146
72 187
2 127
128 153
98 186
77 129
26 158
114 128
67 119
24 155
111 138
95 113
73 95
31 161
105 167
142 147
65 180
104 130
194 206
97 183
33 156
31 34
22 62
66 73
54 129
24 57
143 200
22 123
33 101
80 82
132 171
17 110
106 121
92 129
79 172
16 123
95 200
80 147
14 202
61 115
38 171
19 190
43 117
89 132
71 88
95 176
15 119
125 144
155 176
79 213
15 88
125 203
145 173
38 116
19 71
18 41
16 207
159 166
0 182
58 97
202 216
81 163
9 72
103 156
7 196
25 165
8 15
199 213
7 64
72 151
155 216
142 151
28 188
4 152
25 86
10 206
17 159
170 213
29 95
140 149
100 110
27 118
107 121
43 209
70 161
37 142
98 211
41 83
100 123
82 189
162 189
18 197
93 124
180 196
66 158
125 189
116 159
48 155
199 200
51 53
200 204
161 189
35 61
6 151
116 138
126 127
7 139
53 157
153 176
162 187
127 165
52 170
56 211
69 162
135 184
111 141
103 190
122 178
14 192
26 169
76 213
23 103
35 82
19 88
13 22
44 207
37 91
124 146
89 175
56 125
62 100
48 124
176 182
51 95
125 130
188 215
0 37
1 2
121 155
61 121
12 177
94 188
49 109
182 205
57 214
27 111
80 131
40 162
73 158
9 64
8 158
118 181
49 75
102 109
38 79
102 136
3 87
22 143
22 97
137 156
70 74
157 210
84 149
27 167
91 127
101 122
38 146
39 189
72 211
7 37
33 46
120 208
94 175
101 141
41 137
95 143
148 196
55 187
69 181
174 184
105 160
16 38
35 160
21 214
12 45
131 143
54 91
88 162
4 55
120 187
20 172
171 174
64 176
130 175
87 145
69 170
73 196
1 100
0 5
79 206
76 156
118 160
76 122
76 115
25 78
101 166
37 205
64 113
1 178
52 167
65 68
51 182
162 195
213 216
82 147
168 183
18 131
179 201
49 140
107 119
117 169
107 184
111 132
9 203
99 151
201 216
62 180
0 77
14 203
11 203
50 136
61 157
16 95
24 49
66 129
9 82
129 179
38 163
44 181
169 201
43 87
8 202
105 169
165 204
94 190
85 188
155 177
119 168
95 204
133 204
84 146
1 121
27 159
113 203
170 201
44 187
46 161
85 173
62 186
30 79
21 132
76 167
28 215
11 161
31 214
35 99
196 199
64 111
32 170
137 148
12 165
36 66
29 53
6 202
34 155
64 119
80 113
99 133
101 194
2 10
125 206
10 106
18 76
87 205
196 215
140 147
7 174
93 153
32 204
41 92
145 205
77 78
91 97
51 113
10 170
31 80
90 94
122 182
6 176
78 101
47 192
122 203
59 73
50 182
110 213
33 139
103 130
99 126
44 128
82 135
168 208
32 107
2 76
70 167
129 175
33 186
110 113
51 64
36 201
2 98
60 159
72 133
72 162
77 100
43 135
46 144
45 47
180 190
14 169
10 144
33 44
138 210
67 196
0 63
141 198
25 166
44 146
0 67
91 133
11 65
168 214
52 204
89 195
1 73
10 164
42 157
68 153
162 208
2 45
92 147
18 40
11 183
115 142
131 188
91 164
110 181
114 126
22 26
34 74
19 207
31 211
78 194
130 148
21 176
31 92
87 111
86 143
44 206
68 186
110 202
74 215
94 124
88 161
6 102
90 136
13 121
21 135
107 190
86 202
55 166
172 191
111 189
189 205
34 194
13 81
130 181
135 212
27 172
54 204
28 171
51 98
49 183
82 118
21 167
41 163
55 94
59 203
52 147
20 149
2 85
31 32
68 104
49 185
79 117
20 128
8 179
98 148
112 117
64 154
50 66
12 143
80 198
134 138
48 109
168 209
29 120
186 212
57 207
23 94
17 192
136 176
17 208
209 210
9 85
54 89
53 64
173 187
25 64
54 205
45 102
8 118
28 154
14 103
83 124
107 141
84 87
158 195
66 88
15 28
178 182
75 114
69 127
148 212
81 142
120 161
91 148
122 197
134 189
186 199
118 153
3 22
7 113
11 107
6 8
132 214
154 216
27 164
27 191
34 201
111 186
23 202
13 161
27 194
45 123
59 181
13 44
111 134
72 129
142 185
136 184
4 53
4 142
131 154
201 211
64 102
118 148
64 77
8 105
90 207
57 80
7 65
82 138
74 98
25 94
104 137
121 156
37 97
0 212
118 122
65 147
94 139
137 141
0 120
90 118
11 139
7 96
62 87
104 119
59 154
85 90
141 212
113 139
4 176
10 166
101 173
94 106
51 176
50 214
62 75
22 144
47 102
88 109
85 139
30 148
79 132
122 200
18 148
42 141
83 117
91 134
31 74
63 171
44 92
12 113
91 135
116 122
116 125
64 104
30 68
90 170
28 202
131 157
50 204
38 144
104 197
0 141
29 174
170 183
174 214
34 54
73 160
33 187
22 111
45 160
91 144
39 170
47 169
85 147
85 109
12 164
126 157
133 169
117 196
55 100
3 188
81 118
85 135
25 145
117 153
183 205
67 106
83 100
10 192
169 188
42 173
53 145
11 194
0 119
50 215
113 174
85 182
115 154
86 178
65 128
98 138
54 102
11 189
70 154
37 186
125 165
117 155
131 147
46 117
10 52
15 120
21 148
12 47
59 115
134 214
60 65
130 169
122 128
97 199
98 127
83 202
81 202
127 207
28 165
57 133
55 135
53 115
59 122
39 61
114 212
34 111
28 200
18 116
125 158
30 65
25 63
93 137
12 193
137 168
82 181
26 187
75 174
156 192
100 204
17 102
12 185
25 80
83 134
57 195
24 82
104 120
86 117
105 156
46 62
51 58
160 183
22 206
58 103
68 164
6 39
14 127
101 188
171 204
42 118
11 143
51 108
56 78
96 106
42 196
37 80
169 181
148 202
34 125
156 213
38 124
185 188
60 151
168 188
183 202
33 108
14 184
27 96
127 154
107 153
56 61
96 129
17 51
163 173
99 154
115 152
17 88
73 114
137 209
74 90
37 158
113 193
86 115
47 103
7 125
4 63
63 128
13 101
39 138
160 170
50 54
64 124
23 200
6 89
33 213
66 161
159 214
120 125
174 178
20 146
23 207
104 189
134 179
153 197
28 87
3 100
181 190
47 49
50 203
28 128
0 122
98 141
60 158
125 133
73 146
19 26
125 142
34 107
4 73
88 145
24 172
29 60
5 87
38 56
48 121
26 159
54 169
73 175
57 91
133 138
139 159
34 48
140 204
67 215
112 145
140 191
99 101
6 147
18 169
48 134
13 87
85 189
97 187
33 115
56 60
27 62
21 204
28 52
90 122
6 60
15 79
16 90
102 111
90 101
62 129
21 86
115 198
16 146
106 157
54 167
13 193
133 143
40 54
128 197
136 198
60 143
19 215
4 199
103 187
141 206
18 117
81 116
99 153
8 46
32 44
10 115
74 121
116 171
133 173
161 192
126 196
66 101
81 173
46 71
158 203
143 198
66 194
26 68
20 150
177 184
50 103
8 110
18 115
38 142
67 163
47 127
76 200
179 188
17 132
67 161
162 192
53 107
110 183
8 85
20 63
121 188
109 210
29 122
132 148
59 211
26 100
14 39
82 117
27 101
0 47
70 174
87 101
58 92
174 205
118 206
204 211
91 105
24 214
33 36
37 51
156 194
25 137
21 68
55 118
121 215
4 118
114 168
145 190
100 137
18 109
19 127
25 121
14 100
33 96
166 204
134 180
70 160
32 201
61 113
117 194
157 175
76 83
78 152
89 192
51 152
64 133
19 45
42 51
9 54
60 154
56 84
164 215
146 209
48 132
114 116
52 93
70 142
64 147
194 211
5 91
8 210
5 193
31 189
62 131
23 152
56 114
6 174
85 115
191 200
18 89
104 149
152 177
127 191
86 197
55 149
42 83
7 14
84 183
70 76
8 10
100 116
32 101
1 125
13 30
22 31
78 201
80 121
128 148
19 212
17 133
20 109
100 140
161 209
99 206
75 104
91 174
179 181
89 140
59 188
131 162
114 199
72 122
47 213
86 91
74 208
188 214
109 205
156 178
28 48
170 200
1 132
27 188
38 108
49 121
19 48
20 70
23 66
0 31
67 147
15 67
0 149
187 213
83 181
49 82
80 105
87 102
29 64
21 94
25 76
72 76
117 198
19 154
151 212
43 54
29 47
27 173
91 193
9 105
60 152
35 132
19 92
96 161
37 139
176 191
38 58
28 91
33 55
32 183
169 182
18 186
87 167
60 149
5 209
165 207
48 154
12 205
129 194
21 77
145 165
151 162
161 177
67 109
141 190
3 207
102 174
18 99
74 199
179 212
3 16
119 149
170 181
131 153
65 185
164 167
170 171
2 150
194 197
104 144
19 50
62 121
16 47
38 63
11 129
141 165
66 122
59 144
78 162
145 168
143 188
143 201
145 170
10 110
45 85
47 108
22 178
123 155
56 160
59 112
0 79
101 144
17 165
0 98
9 42
84 88
95 137
76 210
41 138
26 154
43 107
124 189
140 180
189 200
55 122
74 91
45 209
24 207
112 128
66 153
19 178
22 56
93 163
19 61
86 88
65 83
39 109
74 78
155 182
107 109
4 179
123 127
109 204
96 199
5 93
78 104
16 60
76 112
140 207
6 169
96 131
103 128
8 183
18 107
8 98
135 196
93 98
139 177
23 27
98 139
98 205
25 191
75 137
39 131
56 168
89 190
85 145
33 119
120 199
132 154
29 176
73 184
36 204
92 176
12 15
81 178
7 205
31 188
0 189
19 147
165 172
4 67
149 198
85 124
54 202
100 128
9 16
107 211
17 182
163 184
90 195
56 90
175 214
0 20
1 115
103 178
28 89
106 176
45 156
165 166
20 40
26 64
128 146
36 70
58 186
14 196
40 114
124 202
118 197
73 152
127 168
84 215
3 134
27 168
45 196
36 64
88 128
63 102
3 141
61 90
24 108
35 49
89 95
90 129
51 109
90 111
87 114
66 181
26 148
6 118
177 203
86 142
121 190
90 161
2 183
88 98
116 119
73 115
69 114
40 173
61 156
109 129
21 178
9 130
5 108
44 63
25 27
43 74
103 209
71 192
33 105
44 202
84 128
140 209
13 23
138 156
52 95
7 178
19 21
117 131
24 213
7 9
197 204
10 188
41 109
203 207
89 172
38 43
52 61
128 173
7 43
12 196
148 176
2 210
6 124
14 59
48 159
19 133
80 174
129 206
130 185
143 165
61 188
138 152
116 167
7 68
138 142
148 171
116 128
92 107
83 96
2 17
4 5
128 202
57 109
55 101
14 176
160 190
72 75
66 191
96 124
80 90
43 44
22 146
146 171
14 73
139 212
71 142
101 125
74 159
134 165
1 175
42 101
31 111
61 98
80 166
17 73
173 200
118 156
119 125
92 200
16 161
142 178
81 161
36 122
104 193
79 91
11 124
142 171
114 206
13 201
93 157
17 86
100 162
30 187
103 184
151 203
34 168
2 138
87 131
48 196
94 97
95 142
25 114
1 209
24 112
108 120
34 71
112 133
164 177
19 161
192 203
161 203
73 209
14 178
150 165
116 209
5 131
102 159
30 184
69 187
31 151
75 145
2 4
74 139
69 155
82 150
73 105
114 166
115 141
51 59
96 137
37 109
89 174
40 125
92 125
128 188
185 212
34 193
59 171
51 198
74 114
80 192
65 200
35 86
58 129
47 184
54 187
187 209
7 144
143 153
38 180
32 52
64 127
7 127
31 184
21 177
35 54
43 167
71 100
48 66
8 96
17 203
20 216
3 85
120 215
27 95
80 203
93 193
13 129
69 194
135 193
37 138
44 102
103 182
112 174
163 192
175 195
27 37
10 214
190 197
107 148
13 31
91 175
0 110
21 147
38 101
87 116
110 189
79 178
0 209
2 67
21 36
73 127
17 167
128 169
95 170
10 182
113 197
55 170
168 215
34 202
51 155
56 146
74 146
156 214
15 212
64 156
56 143
137 153
77 214
70 93
10 73
87 149
7 98
150 214
172 190
80 206
149 155
50 177
118 133
67 184
32 195
41 165
139 203
141 177
104 128
13 206
3 72
117 134
147 163
2 161
33 163
22 165
183 210
17 24
133 159
0 134
149 170
200 208
84 170
102 154
50 74
5 65
27 84
38 201
14 22
43 212
184 191
181 212
135 208
32 71
154 171
26 73
61 117
178 206
135 145
47 48
177 179
47 89
34 205
84 184
10 143
31 138
103 155
3 13
130 182
24 58
117 147
106 215
109 158
8 133
66 77
118 169
178 213
23 130
52 126
100 145
142 206
81 198
21 136
14 146
12 28
0 57
177 216
83 216
103 147
106 138
83 205
88 129
19 84
7 215
94 215
100 122
69 147
12 87
58 135
5 137
136 162
149 176
83 98
203 206
14 52
106 203
2 72
87 136
31 176
10 14
45 87
63 98
166 200
178 216
64 169
92 198
143 180
109 144
152 166
85 113
49 100
9 113
8 132
114 195
125 192
89 173
181 186
37 47
135 198
0 210
7 198
48 142
124 139
13 187
110 153
82 94
50 138
11 128
94 152
124 178
5 119
96 167
55 208
50 93
37 192
92 130
43 187
62 79
33 125
97 121
35 124
1 23
154 204
162 194
11 30
178 184
91 172
31 173
0 178
45 118
60 93
4 204
10 185
43 92
2 189
80 94
36 42
135 190
35 199
26 115
49 149
97 136
66 215
34 77
12 71
151 181
21 129
75 170
18 150
85 152
44 159
20 211
165 174
35 113
37 41
136 212
11 40
146 215
31 118
44 120
12 94
109 160
27 120
57 216
30 48
87 208
68 156
35 63
106 136
39 85
118 161
172 185
7 116
2 194
158 170
129 190
0 214
177 183
160 182
74 185
108 141
26 129
113 209
68 120
94 216
88 203
83 141
196 209
20 159
84 125
74 140
51 205
189 211
71 118
98 213
77 148
98 215
98 161
35 116
120 159
20 100
85 160
29 74
85 175
131 163
55 74
38 94
20 49
112 197
61 209
12 215
68 74
28 113
61 178
41 114
36 116
1 76
36 192
58 132
57 92
110 119
118 170
45 73
123 209
50 69
30 209
22 117
39 116
126 152
31 171
40 81
181 185
68 102
55 130
45 126
115 127
147 212
35 147
12 201
16 80
130 186
87 216
136 195
25 115
24 88
111 136
2 104
31 69
44 191
149 159
45 197
26 122
37 136
186 216
90 212
152 185
67 116
193 206
146 163
39 60
132 169
53 149
111 207
35 200
44 143
28 56
114 136
1 208
59 106
206 208
90 113
141 187
37 128
24 125
24 206
21 120
42 197
81 166
62 158
153 201
78 165
108 117
98 154
70 198
87 204
191 196
53 141
2 55
5 76
6 178
6 103
24 171
23 118
118 144
56 89
13 79
51 52
30 126
55 103
64 93
147 180
137 140
158 212
29 36
80 110
143 213
134 205
7 70
81 126
112 165
62 170
122 177
173 205
3 71
2 64
62 189
47 172
74 147
108 206
53 200
102 190
116 130
16 63
29 179
189 202
76 182
11 36
89 180
153 202
86 152
208 212
14 215
18 34
40 144
166 197
21 52
32 88
43 104
105 198
76 89
124 190
108 152
137 143
68 128
102 148
1 112
163 167
50 167
22 107
47 160
50 80
6 154
89 171
13 29
118 210
93 181
178 194
153 203
18 140
6 93
4 136
81 153
10 136
38 105
112 195
144 197
67 206
59 117
6 82
25 112
1 15
112 170
36 200
43 145
147 203
63 210
133 183
54 90
59 207
122 146
62 204
144 174
139 209
6 62
77 216
147 161
45 201
31 195
172 180
26 160
79 119
55 64
12 163
100 207
31 108
20 82
108 200
99 205
71 99
160 185
81 120
131 204
23 78
68 85
76 80
35 205
140 166
89 179
16 173
38 191
6 61
161 174
115 128
6 166
3 208
56 110
105 162
167 201
92 189
8 26
84 203
5 100
11 59
92 137
87 150
53 158
75 191
33 86
70 165
54 124
159 170
7 33
1 27
34 44
57 93
133 181
24 36
51 195
71 146
39 179
27 147
109 201
124 168
103 114
67 160
129 172
53 201
10 122
70 214
55 57
74 77
154 192
48 106
92 112
181 208
145 187
137 180
49 60
75 190
105 144
150 182
48 174
34 80
86 138
62 213
79 191
53 76
0 193
78 129
45 169
83 135
62 113
64 120
52 141
90 142
32 133
27 57
8 94
103 185
105 214
61 189
0 19
142 192
8 182
170 192
100 104
4 47
112 189
140 179
26 198
179 207
8 167
163 190
120 123
8 80
125 134
151 173
59 85
155 190
7 53
78 85
124 147
68 163
103 206
16 64
30 82
41 79
142 213
90 95
54 156
147 159
125 200
10 58
141 170
32 124
54 81
84 122
104 145
29 87
181 195
107 185
3 183
31 75
33 111
43 86
116 188
108 179
78 148
164 210
59 65
61 62
103 177
138 206
126 129
63 185
89 162
170 206
45 103
18 160
83 109
110 121
5 105
20 193
27 214
23 170
88 103
55 210
103 154
165 170
62 108
69 174
36 44
111 187
61 110
66 176
16 77
96 139
55 156
99 179
96 215
96 190
108 153
27 137
46 178
60 66
135 144
42 121
62 202
32 127
9 174
102 156
30 113
76 158
83 114
140 177
86 212
24 94
14 41
65 124
109 161
51 135
23 153
9 210
209 215
186 188
40 77
44 86
163 168
121 135
6 25
136 142
194 198
104 105
83 106
172 177
69 124
193 208
27 162
57 147
41 191
40 201
57 131
18 87
92 151
156 200
84 200
103 150
159 188
19 126
167 174
98 189
20 113
30 162
7 75
4 76
43 159
77 114
130 135
2 23
110 188
9 94
47 67
59 110
80 202
119 158
2 137
4 27
41 50
46 156
70 144
4 106
146 161
2 93
63 129
78 202
0 97
182 198
33 170
13 205
10 138
79 159
56 157
34 195
91 188
147 160
23 47
155 169
2 190
57 159
11 198
2 16
71 139
110 148
2 99
31 180
183 206
170 175
117 212
60 109
126 205
53 74
63 167
57 202
109 178
82 177
6 216
103 196
162 183
4 133
25 123
123 146
102 163
63 205
78 171
201 203
58 193
107 206
9 57
85 99
12 104
84 167
72 136
112 167
49 206
7 199
31 122
55 126
77 151
47 187
32 157
59 120
115 156
11 186
44 76
102 114
53 70
93 159
82 111
75 107
78 103
79 108
204 209
95 146
2 173
202 215
126 130
52 60
42 82
1 145
33 69
119 127
69 214
121 126
93 160
48 200
32 125
6 90
94 169
149 163
18 65
76 103
131 160
181 203
62 166
3 75
47 191
73 207
52 127
135 200
0 168
20 122
9 19
59 186
14 68
30 64
43 170
91 178
109 112
15 138
1 4
56 87
24 140
47 162
25 87
1 17
57 151
68 72
107 158
87 100
36 203
102 123
27 88
24 44
89 216
106 190
27 65
94 192
3 48
211 212
73 214
121 132
96 99
25 156
146 199
15 110
95 193
22 136
42 65
36 124
34 161
50 196
130 188
64 90
114 139
112 154
160 198
89 201
67 73
47 86
11 38
27 113
61 170
8 213
41 65
46 158
57 120
152 209
95 186
70 108
212 214
137 185
171 192
104 116
72 210
40 206
97 102
128 189
16 187
72 167
106 191
140 146
79 211
42 204
57 72
46 111
35 171
35 141
20 190
33 81
210 213
14 63
36 208
43 102
58 205
22 81
68 175
54 127
32 77
60 147
23 25
41 152
4 159
86 214
40 112
59 132
34 135
70 95
81 162
4 131
93 172
69 136
134 178
11 13
119 198
183 203
91 192
99 142
102 167
206 215
19 24
96 136
38 215
53 215
98 124
50 115
3 137
156 159
55 153
43 185
138 182
20 71
66 193
7 102
21 190
76 145
8 181
40 72
15 107
146 190
134 185
47 98
91 165
118 195
17 195
18 194
185 192
147 164
94 203
67 179
16 45
66 120
60 169
51 184
121 195
105 193
83 176
63 175
149 174
41 93
41 64
160 195
17 131
84 143
79 141
171 180
48 203
46 64
93 136
14 31
4 60
24 106
24 42
132 209
22 53
6 23
26 123
17 36
125 137
126 131
147 154
84 106
127 141
11 182
21 44
86 201
6 35
25 47
150 209
53 151
36 45
46 155
34 87
66 115
55 119
47 209
51 61
57 194
58 100
130 208
49 65
52 73
45 67
8 112
73 193
105 211
48 122
30 115
4 75
10 54
63 181
104 199
115 216
129 200
112 166
59 197
81 216
72 145
31 123
158 213
182 186
173 178
119 142
24 138
35 96
42 168
133 139
33 161
54 207
29 109
0 52
45 133
90 102
78 80
139 175
52 208
66 125
79 143
83 210
30 41
7 100
62 137
71 82
51 216
77 160
33 160
96 179
36 199
74 173
182 192
80 132
8 24
107 195
147 207
125 212
96 148
156 158
7 17
98 160
86 148
90 200
48 137
158 216
153 155
83 86
62 207
62 82
79 87
96 98
19 90
110 214
158 175
56 156
29 147
35 73
115 117
100 184
120 172
207 210
45 80
36 125
152 181
120 139
88 91
6 131
4 85
58 70
1 22
128 199
99 208
5 95
10 118
35 197
57 127
91 179
93 101
5 215
119 192
141 152
183 209
38 46
25 175
44 80
88 170
17 156
10 32
27 135
137 151
2 156
37 147
15 187
59 215
178 212
11 103
70 162
84 169
75 138
123 187
100 117
58 173
6 9
3 58
80 162
152 164
108 122
54 165
86 159
53 179
10 189
51 84
178 181
44 170
26 153
64 163
24 101
61 132
34 175
33 124
56 191
39 160
60 180
110 206
79 200
8 136
7 34
170 214
46 131
105 179
48 130
112 213
0 166
61 198
0 200
4 112
29 197
12 84
100 210
9 172
184 193
177 190
39 67
104 207
51 140
87 105
8 212
151 201
23 193
69 150
42 71
16 88
134 154
161 196
32 206
49 112
80 181
26 143
57 141
99 143
42 85
78 170
8 130
159 208
4 105
34 165
25 126
0 160
77 159
75 204
24 161
90 164
183 188
45 66
42 109
70 138
75 171
178 208
114 191
19 33
147 162
17 153
5 125
104 133
51 102
134 146
120 212
21 35
79 114
54 178
150 170
98 116
11 111
34 178
87 155
61 146
5 35
58 69
58 142
15 175
24 25
9 135
136 149
44 67
89 167
5 20
65 91
115 167
100 171
53 171
74 214
4 97
100 126
82 109
122 205
40 189
59 128
80 96
5 157
178 191
25 172
81 143
95 152
80 129
165 171
81 92
6 210
22 66
51 150
50 52
81 110
42 100
3 77
61 125
79 162
75 100
166 170
66 137
42 79
49 192
89 214
141 169
11 57
48 114
7 192
54 115
110 180
56 213
4 178
144 150
41 58
107 144
38 190
42 178
58 126
46 143
41 121
176 209
68 211
1 200
16 135
178 209
38 172
63 148
40 216
97 209
36 48
59 88
118 158
28 100
11 170
6 123
34 109
67 137
29 172
165 191
0 90
10 131
71 199
29 212
41 135
119 124
107 130
27 122
132 216
47 57
24 32
30 128
21 101
185 207
106 171
7 129
18 55
85 132
139 206
32 42
36 202
78 123
167 197
74 171
15 75
129 176
32 129
47 204
80 204
120 189
197 210
16 28
141 202
39 148
166 201
81 210
189 203
4 113
56 136
7 149
12 162
71 80
63 69
140 198
7 119
87 109
79 154
141 143
56 113
1 28
21 79
46 151
41 158
75 80
51 194
7 32
35 184
105 116
148 166
36 190
64 185
102 104
195 215
105 172
13 207
173 208
171 191
34 140
38 175
0 59
92 182
129 151
75 122
47 170
7 181
30 211
159 161
58 192
55 154
1 39
95 178
62 74
9 102
55 79
81 121
29 187
79 207
96 175
8 67
20 37
144 166
93 156
111 163
77 132
117 174
13 176
124 186
46 49
48 100
136 141
92 173
170 174
12 102
32 89
37 156
117 151
145 162
6 95
32 112
66 67
34 113
36 110
84 155
111 164
70 129
32 176
9 73
159 180
11 151
84 153
103 170
92 210
137 188
59 155
42 133
72 140
148 193
32 50
13 202
13 38
205 211
53 143
32 162
43 91
18 114
11 109
36 58
43 138
71 120
15 179
50 76
63 92
93 161
41 175
62 157
140 182
46 140
8 38
21 141
0 11
17 145
163 215
25 187
118 120
10 16
32 126
9 190
174 193
52 87
50 164
45 212
5 195
7 42
36 215
22 93
63 81
74 138
143 168
80 86
183 186
22 164
115 157
16 160
131 155
44 139
15 106
31 132
1 68
93 97
55 209
89 169
152 202
23 126
193 195
38 166
99 176
63 189
51 91
146 198
133 175
83 157
175 212
62 130
119 128
19 96
133 189
167 210
187 203
12 112
52 206
19 23
58 127
153 207
103 121
158 202
0 165
134 193
140 193
28 39
82 99
120 164
155 206
55 186
110 173
75 91
83 123
20 125
100 216
178 197
32 153
14 51
110 197
34 146
34 170
53 181
62 67
145 191
