224
6
5994
60
14 2
19 2
19 2
12 4
16 2
23 3
15 3
18 1
21 4
23 2
15 1
13 1
12 4
15 1
19 2
21 1
22 3
14 4
12 5
12 3
15 2
15 1
22 3
13 5
17 2
12 1
15 5
17 1
12 3
23 4
23 4
20 1
15 1
18 2
16 1
12 2
16 5
23 1
16 2
11 4
16 4
12 2
12 4
20 2
20 5
16 2
16 2
16 5
11 4
16 4
16 3
16 5
21 2
21 2
23 4
16 2
16 2
14 5
18 3
13 1
18 4
15 2
21 3
11 1
11 2
14 3
20 4
19 2
21 5
11 3
21 2
14 4
16 1
13 1
20 3
15 4
23 3
11 2
19 1
20 3
11 5
13 3
18 4
21 2
11 1
13 5
18 4
13 1
18 1
12 3
21 4
19 2
22 5
21 3
18 3
16 2
19 2
23 4
14 5
14 4
11 2
18 4
19 1
21 4
23 4
22 3
22 5
13 5
14 1
18 2
21 5
23 3
18 3
13 4
19 3
22 3
18 5
16 1
20 4
17 4
11 2
15 1
23 2
16 3
12 4
19 3
20 2
11 3
12 2
15 4
11 4
23 1
18 5
22 5
19 3
14 3
21 5
11 2
13 3
22 5
16 4
21 1
11 4
21 5
18 5
22 4
17 4
18 2
23 4
15 2
15 3
11 4
13 3
20 1
20 1
18 2
16 1
11 2
19 3
14 3
11 1
19 2
14 2
18 2
14 1
12 5
11 1
18 4
14 3
16 2
16 3
15 2
12 3
14 4
11 2
11 5
16 4
15 1
16 2
23 2
11 5
23 4
23 2
14 2
11 2
20 3
18 4
12 3
13 4
20 5
22 3
13 2
21 5
13 4
20 4
20 4
22 1
12 4
19 2
12 2
17 1
12 4
18 3
13 2
22 4
18 1
16 5
18 1
18 5
18 1
22 3
15 2
12 3
16 1
18 1
15 2
19 3
16 2
19 2
16 2
17 1
18 3
13 4
16 1
38 223
111 219
128 194
87 162
0 114
24 109
194 198
38 193
143 171
108 157
173 197
95 182
57 190
1 146
29 91
44 49
65 98
94 182
99 183
135 171
180 182
2 201
107 165
127 131
73 211
72 211
97 186
35 188
69 192
93 124
69 214
181 189
65 174
22 222
19 127
33 38
195 215
154 189
85 186
6 189
66 68
142 167
16 60
15 172
52 126
49 81
61 123
54 140
65 118
59 147
45 115
144 188
114 121
25 106
53 162
86 175
84 128
83 84
31 205
8 149
24 206
178 209
144 219
114 159
47 146
59 92
27 59
84 201
121 135
0 195
100 223
62 214
48 84
62 172
61 80
116 158
88 94
46 207
51 118
135 216
32 98
175 180
188 198
95 154
124 191
106 181
105 158
139 158
82 158
72 220
34 108
52 159
188 216
185 190
162 214
4 192
19 214
42 146
23 143
31 65
86 108
171 189
186 206
88 180
101 200
6 216
8 221
69 168
57 206
28 76
82 100
41 145
141 207
114 166
47 53
23 80
10 148
107 115
114 134
38 141
91 95
25 146
106 152
87 164
87 153
47 198
135 166
164 174
124 183
87 193
123 203
143 155
103 205
33 69
39 49
60 88
167 215
15 58
172 219
0 89
89 191
139 151
127 183
35 62
55 165
176 184
2 82
101 144
54 138
73 125
130 150
117 146
68 206
159 162
41 99
147 199
69 202
62 134
98 204
76 132
26 67
112 188
75 192
135 203
5 111
122 153
4 27
116 197
110 144
49 172
30 46
128 134
10 220
86 149
76 200
56 186
145 194
34 53
134 176
36 106
14 137
53 152
0 162
65 84
71 98
42 205
5 137
40 80
8 190
12 18
117 170
84 140
5 135
83 141
100 200
47 142
150 209
19 203
19 219
9 11
76 113
91 131
40 180
79 91
24 217
89 111
15 216
4 7
5 70
104 215
59 155
96 120
54 128
47 212
144 212
51 150
105 151
7 9
153 187
160 198
135 188
47 100
11 209
24 124
80 115
16 170
94 176
73 195
58 86
32 199
53 118
22 145
59 128
13 221
35 95
21 191
111 157
87 147
116 131
71 168
142 222
19 162
47 133
37 122
43 155
79 103
65 132
79 169
39 77
37 104
84 199
57 221
171 179
104 223
182 204
153 212
36 188
63 70
202 210
83 166
109 188
152 201
134 153
55 113
118 183
34 36
37 170
2 202
100 114
131 145
107 135
213 223
45 96
15 97
123 212
35 91
54 133
89 128
126 179
63 202
27 96
37 199
45 156
73 147
102 202
62 218
98 200
11 71
33 121
10 203
140 192
104 189
101 186
23 98
59 212
110 174
22 109
4 32
162 206
111 144
168 214
63 65
29 73
120 147
35 71
44 175
48 113
72 96
47 57
168 182
53 114
139 183
42 166
165 202
169 183
46 192
92 216
69 126
69 138
10 178
134 191
117 186
50 214
22 26
95 220
9 213
55 79
98 161
115 148
50 70
47 171
12 56
10 35
92 215
113 134
88 218
20 194
122 193
106 215
4 113
68 161
110 212
13 162
61 167
36 183
132 161
46 97
85 184
11 61
42 102
39 57
88 169
103 141
16 206
82 147
80 176
146 215
0 8
163 217
46 169
31 44
95 186
31 95
206 218
15 181
48 213
21 33
8 180
115 197
157 176
128 198
49 191
123 180
29 186
132 135
87 190
73 190
119 141
29 118
9 147
78 122
71 188
86 110
25 191
50 135
7 132
136 158
171 213
53 54
63 162
91 122
73 201
36 51
132 138
83 97
212 221
80 207
94 140
132 189
24 41
212 219
118 163
177 201
140 191
162 182
144 172
52 127
96 156
11 216
65 101
0 174
155 169
56 76
195 221
139 174
150 154
73 185
33 83
49 126
28 133
71 185
25 223
136 147
67 171
80 181
72 146
25 57
102 119
95 202
56 69
42 72
145 187
32 123
154 185
115 178
88 114
83 133
30 48
115 124
44 137
110 113
0 130
31 117
33 56
74 155
69 137
60 159
69 119
130 144
29 107
106 160
17 93
186 215
60 131
152 216
55 87
2 7
8 172
57 119
148 170
98 160
7 109
7 146
5 124
53 192
36 160
103 130
68 124
89 107
0 132
142 166
168 189
5 66
87 217
43 189
24 94
12 96
29 97
94 164
77 154
21 134
11 130
139 166
120 149
137 175
2 34
15 108
29 123
2 160
19 71
45 85
36 162
47 117
53 80
141 220
37 101
141 188
16 89
203 223
112 169
65 129
53 208
10 153
7 77
68 168
10 142
26 80
70 218
127 134
28 180
91 184
177 210
20 60
74 76
64 91
57 160
158 171
21 46
65 158
55 77
213 222
71 105
42 83
3 203
113 181
139 211
108 173
44 187
49 143
36 165
27 210
72 82
82 205
60 72
24 139
54 109
105 153
34 84
31 94
151 211
48 156
5 190
48 118
88 172
184 188
85 161
49 140
179 209
15 158
143 217
62 68
73 179
5 58
66 111
70 178
91 196
3 197
92 101
123 211
140 208
116 187
89 156
11 192
69 220
8 178
44 146
107 152
28 166
48 59
36 82
16 75
59 184
0 142
174 198
173 208
5 96
23 204
21 136
21 117
8 202
33 134
133 209
32 170
37 193
108 137
103 209
47 107
31 85
9 167
141 156
9 97
17 139
96 207
34 223
40 91
43 212
148 174
30 221
93 198
79 147
70 216
90 156
22 100
154 206
71 206
79 208
66 181
6 149
62 132
104 164
81 115
184 197
141 145
162 202
1 164
92 197
4 60
5 14
24 45
6 131
168 204
180 196
14 154
98 197
61 77
130 215
166 218
94 218
83 202
63 172
14 58
129 176
32 52
7 110
105 123
29 65
198 205
49 125
10 50
51 181
157 218
176 181
138 172
93 104
7 198
16 196
179 181
8 123
157 167
150 193
37 44
82 215
73 178
174 177
92 121
41 161
73 157
0 50
179 193
62 131
138 157
49 144
66 196
30 193
80 197
36 167
99 127
75 218
52 87
70 147
43 220
175 182
123 214
156 215
37 82
2 24
29 86
9 191
30 157
30 188
113 188
7 67
89 189
133 187
117 136
152 185
65 199
8 31
153 196
35 211
129 134
86 116
42 65
171 196
148 219
62 99
114 176
37 120
30 174
106 175
52 106
96 116
87 139
67 120
29 81
33 178
135 196
68 116
151 188
168 223
18 61
54 93
67 204
46 87
161 209
19 63
45 155
9 56
127 195
9 201
82 186
105 218
157 180
97 216
72 109
78 176
97 133
34 187
107 214
125 215
157 166
115 131
196 201
107 194
128 172
49 109
20 163
47 98
115 182
62 90
47 112
89 160
28 40
20 146
41 195
14 140
146 211
201 218
117 142
152 186
33 130
40 157
10 190
13 151
73 198
11 161
60 64
78 114
67 68
29 68
100 123
190 202
54 57
0 84
55 134
103 212
69 218
128 142
51 104
25 172
59 143
17 205
101 166
72 141
193 200
135 169
15 76
153 207
2 146
49 159
113 125
197 201
94 137
149 200
3 23
96 167
17 137
24 192
103 155
141 212
131 198
118 175
18 188
19 119
200 212
51 157
76 198
22 153
106 174
39 76
39 48
85 202
11 82
77 144
119 208
168 180
18 201
142 200
80 218
86 154
0 203
97 219
149 209
75 123
67 85
24 39
71 155
160 181
126 181
26 85
119 187
16 199
120 145
21 102
26 69
175 220
95 164
13 123
24 72
25 143
82 155
93 150
56 144
44 202
33 106
12 176
34 136
9 68
10 21
20 109
49 194
18 27
14 147
22 28
152 173
39 69
126 207
45 208
1 4
138 151
9 133
19 201
178 215
18 206
161 216
14 79
37 216
168 197
25 98
5 138
46 157
11 195
34 48
176 193
37 84
124 131
2 170
185 215
65 108
111 201
32 147
24 167
28 173
92 193
53 119
84 206
32 87
190 201
28 176
167 186
193 217
10 214
144 178
54 55
115 210
62 116
57 68
122 183
56 188
99 198
17 18
59 218
148 207
0 148
1 12
45 139
78 201
45 55
25 68
25 35
46 84
77 221
105 178
53 117
104 117
22 167
75 213
169 187
90 114
60 136
9 186
26 53
18 116
18 96
104 125
1 64
67 172
106 107
92 179
150 198
140 189
86 177
103 162
98 217
124 163
75 148
123 222
1 70
123 125
77 140
0 100
137 143
125 223
42 107
133 173
42 202
19 136
9 33
24 77
20 41
7 134
24 215
35 86
127 172
124 201
125 153
131 146
94 178
41 189
137 178
166 199
26 78
165 217
72 219
24 123
40 47
20 201
122 216
32 203
129 208
37 150
7 88
0 81
36 53
43 124
115 127
116 134
44 50
76 189
16 42
16 153
64 172
20 168
96 104
76 77
52 147
30 191
15 191
47 83
8 142
53 211
100 213
26 70
3 42
146 199
105 195
143 144
16 184
55 219
45 135
83 165
4 42
139 179
67 179
27 54
173 174
7 211
108 178
27 191
124 208
124 147
41 136
13 179
61 113
49 183
76 136
2 6
93 109
118 166
29 32
4 115
40 101
55 211
25 128
103 142
160 161
204 217
119 125
111 171
65 141
179 185
11 81
88 194
80 94
88 132
44 70
130 205
144 218
72 156
78 91
7 112
13 183
135 215
6 58
150 159
189 223
198 211
72 162
151 186
0 45
213 217
23 199
143 203
9 71
149 206
94 192
58 63
15 209
107 125
19 220
135 138
132 160
13 27
20 100
5 121
196 223
29 112
5 26
138 222
99 109
46 67
4 157
27 100
35 157
35 169
33 105
23 175
127 132
71 122
47 197
24 145
152 189
26 45
36 69
71 164
25 162
6 97
12 63
3 59
52 79
59 221
22 174
80 169
31 159
66 84
10 14
112 189
60 167
42 78
187 209
58 164
83 121
11 213
108 217
166 190
107 186
101 113
185 222
108 112
9 63
130 204
101 119
24 68
11 116
103 181
6 126
140 149
60 126
146 198
79 212
13 29
37 96
119 128
154 201
122 151
95 166
138 198
144 192
44 74
77 194
67 128
105 196
118 140
147 168
49 56
66 140
48 91
53 182
110 161
96 219
49 53
5 13
86 93
181 199
97 145
104 136
78 148
107 111
158 189
130 209
51 173
15 132
149 216
42 198
8 25
173 209
17 79
2 28
131 187
6 59
13 95
6 129
85 198
29 220
44 60
88 123
144 148
192 194
91 121
161 223
57 157
20 198
101 208
64 194
36 68
106 155
9 139
50 193
113 215
155 179
14 53
100 137
63 100
58 125
93 194
76 90
148 166
95 106
5 110
76 120
130 199
149 154
70 201
37 140
113 141
31 128
51 188
45 61
56 189
8 57
38 81
65 72
93 113
69 74
157 216
84 207
58 121
54 113
75 103
119 160
38 128
141 151
90 223
25 78
171 178
126 147
77 170
52 104
185 195
142 209
141 142
25 107
17 90
71 103
6 69
60 140
36 99
53 193
24 168
91 157
73 83
45 201
21 76
64 220
24 63
52 105
118 168
30 109
50 149
38 44
32 142
71 187
60 155
145 190
28 209
102 158
27 186
79 218
122 182
1 200
41 72
76 128
41 155
36 107
69 157
99 197
7 34
60 198
99 215
93 213
16 96
53 177
91 127
172 181
94 193
114 135
57 156
28 52
103 137
60 130
62 121
47 184
80 101
139 197
45 136
99 165
138 202
46 212
86 115
43 160
21 167
67 112
113 133
40 211
113 154
113 207
145 193
68 176
27 92
160 219
68 127
54 92
112 191
68 113
88 112
0 198
7 194
45 143
65 95
2 21
144 191
65 117
49 195
56 140
15 187
160 188
77 101
42 137
60 75
94 97
92 205
86 114
67 170
13 158
92 129
62 120
69 151
119 172
72 112
105 119
162 173
39 129
155 165
17 86
26 149
100 183
147 149
153 186
107 148
43 193
33 219
52 93
110 128
52 168
140 217
76 92
15 87
69 123
55 136
57 144
110 151
98 171
4 72
52 60
20 171
40 185
22 219
126 138
87 194
133 165
119 138
51 102
30 201
49 103
51 168
31 100
12 39
118 129
23 134
93 114
45 177
19 196
9 104
127 138
25 55
39 209
71 139
66 107
20 212
98 175
60 93
4 95
21 153
110 123
141 174
96 119
80 108
53 85
46 100
72 185
134 194
23 212
65 172
82 90
139 160
147 163
89 167
38 53
38 71
103 125
7 100
152 166
64 77
93 197
62 187
158 204
49 160
186 202
48 186
79 138
20 179
54 71
33 60
56 126
144 222
112 148
83 189
147 175
9 47
1 5
0 60
95 192
6 139
3 168
24 93
53 136
36 115
9 83
45 215
115 201
107 189
11 100
17 195
144 156
42 159
66 169
35 54
123 177
111 159
70 211
187 192
85 138
17 218
54 159
21 197
1 217
6 209
60 84
73 164
56 210
6 170
4 219
60 70
98 156
120 174
70 111
170 220
63 153
8 128
58 195
84 194
77 126
129 138
117 199
60 144
17 83
47 81
34 203
93 202
138 150
133 217
51 114
1 169
117 217
89 166
80 120
111 147
8 182
39 164
56 220
34 114
75 139
49 100
17 89
11 88
53 127
159 181
44 192
156 157
52 152
78 199
92 105
75 196
17 157
76 222
125 126
99 181
39 193
193 201
26 79
114 139
51 137
174 196
66 184
55 100
152 184
85 215
6 115
162 208
107 144
85 162
58 83
53 102
66 91
87 187
14 27
94 201
38 140
46 166
118 181
70 125
21 63
15 67
62 98
0 22
22 127
59 118
146 217
88 174
166 191
96 174
147 171
31 160
41 194
63 138
81 148
97 165
174 213
35 80
80 219
111 136
55 157
56 192
68 217
9 67
80 202
31 101
54 171
150 218
100 131
30 70
19 95
150 196
145 146
182 208
185 221
13 83
47 95
52 172
211 212
128 178
40 174
101 219
7 215
49 212
155 207
70 124
147 154
60 61
83 100
11 106
74 208
63 179
50 198
30 116
23 183
199 214
70 165
148 205
138 177
83 173
47 176
54 210
63 168
82 175
171 192
2 215
29 60
90 118
28 223
123 219
114 143
131 138
83 186
21 27
12 49
159 166
66 70
25 122
72 121
41 55
121 182
100 136
95 134
23 208
102 122
21 218
92 190
65 155
81 179
107 201
86 89
63 88
27 201
37 110
108 184
71 160
141 202
57 103
109 133
72 200
47 116
60 83
92 186
143 181
68 93
60 163
17 190
133 197
22 182
57 113
108 136
65 189
6 49
43 145
136 156
186 218
66 113
121 150
10 41
23 132
8 98
14 54
31 75
142 154
104 174
6 208
9 142
129 179
68 159
57 161
158 217
35 44
52 189
8 78
114 196
180 216
124 222
1 88
36 215
62 185
7 126
41 185
95 131
132 193
66 109
19 43
115 120
7 17
1 174
12 207
156 166
98 157
71 158
36 126
58 131
69 191
161 173
41 106
45 54
153 183
140 203
41 192
189 218
21 160
87 119
33 206
59 141
34 61
88 203
62 207
93 97
56 118
177 215
131 162
23 24
95 160
17 105
189 217
2 192
5 206
191 216
8 35
42 53
74 211
16 52
169 204
135 173
191 222
31 194
89 194
27 102
5 199
12 220
105 116
22 84
17 54
79 168
108 218
74 118
52 179
136 180
23 192
207 210
56 80
37 142
90 190
26 199
136 181
29 135
77 223
98 110
62 182
28 74
57 110
181 201
142 202
114 130
95 109
34 50
18 198
78 177
19 178
103 104
67 113
6 84
125 158
65 162
58 154
43 135
79 106
17 120
78 196
84 123
147 185
17 62
61 69
25 90
22 89
15 183
41 175
32 60
7 22
64 223
115 220
110 143
112 126
62 71
130 169
211 218
100 185
133 142
50 163
39 64
43 218
63 181
70 161
166 198
35 160
107 157
6 7
37 215
18 46
99 152
44 135
90 106
131 182
127 175
79 217
170 206
28 71
200 206
88 149
29 76
77 200
34 38
98 213
70 223
152 161
93 192
1 150
184 207
110 138
11 89
139 176
144 146
137 213
33 191
3 91
106 141
68 111
129 159
116 172
8 81
65 124
206 222
155 159
54 79
14 110
39 73
53 103
123 141
135 178
25 96
174 199
72 115
120 194
34 199
13 160
129 197
53 139
140 177
119 158
45 83
71 77
69 124
32 83
28 70
95 128
110 171
135 183
68 79
174 192
127 193
84 195
169 174
4 189
174 180
38 155
117 196
54 98
37 94
95 219
38 91
167 214
71 81
65 165
1 42
66 207
109 155
73 127
13 79
91 197
30 189
2 46
18 194
61 101
28 129
55 58
182 214
14 100
55 198
100 139
115 155
86 213
37 132
153 167
4 71
14 28
129 212
10 96
42 211
29 183
141 206
65 181
13 112
1 33
132 190
76 188
26 64
49 75
36 81
85 129
146 149
5 28
111 125
70 144
142 149
93 110
1 166
178 182
48 86
153 177
151 190
68 112
90 194
0 124
93 101
80 136
84 143
158 188
171 176
116 159
52 54
24 170
3 61
51 205
11 33
134 163
17 22
69 196
46 48
172 210
1 78
18 100
6 204
37 164
95 103
25 165
41 101
130 198
26 185
103 204
58 59
156 201
29 194
31 111
86 199
41 211
120 129
34 149
30 198
26 111
88 211
151 177
57 185
94 95
12 157
69 99
11 53
151 197
37 71
126 184
126 215
59 90
7 54
33 167
39 120
67 91
55 69
186 203
5 221
109 120
66 183
18 103
150 169
131 168
67 127
51 96
159 189
55 218
24 212
62 151
108 124
25 37
70 140
66 92
0 186
51 70
96 209
51 79
0 191
25 40
173 179
31 119
61 136
136 214
38 68
55 222
2 14
91 152
143 185
24 135
53 65
128 144
5 62
154 164
46 182
185 206
16 136
27 153
88 160
186 209
41 220
124 159
11 182
173 186
20 39
35 92
112 179
162 201
161 204
133 208
164 200
6 112
25 168
8 107
111 183
128 161
44 158
37 198
44 98
70 195
58 161
44 116
26 163
62 109
11 58
134 219
13 154
152 196
84 119
44 162
146 166
49 87
3 160
26 133
39 136
8 34
144 199
65 219
88 188
52 64
26 222
56 60
14 61
95 100
177 184
43 142
140 190
74 152
95 217
92 131
156 221
41 153
156 214
66 85
126 206
11 39
47 55
6 78
161 197
83 181
9 77
151 199
121 194
0 32
39 78
26 72
100 216
34 200
14 115
85 127
34 49
206 209
4 70
132 201
39 82
200 221
32 49
53 179
57 70
52 188
50 204
69 111
22 194
80 99
44 212
97 108
105 223
6 202
159 193
34 65
130 190
90 123
177 185
134 220
81 152
65 168
18 163
100 173
36 216
191 217
51 116
85 134
5 105
129 169
80 97
11 190
111 134
52 211
129 189
38 75
181 208
204 213
70 153
79 118
27 68
52 61
82 85
163 166
49 114
54 112
13 171
41 97
33 168
192 218
40 172
68 87
49 217
103 172
80 150
50 81
13 39
19 145
21 175
3 56
128 168
34 165
192 212
49 88
62 189
159 176
115 211
109 158
18 141
89 91
36 73
52 107
20 48
35 144
205 210
25 117
5 216
158 195
83 154
97 118
136 191
15 22
158 193
0 172
45 220
19 37
137 170
81 88
11 117
135 179
100 218
65 121
72 198
86 150
125 164
101 125
80 168
40 151
35 134
72 130
18 33
24 67
20 192
49 218
99 136
150 171
79 116
75 86
9 217
68 130
96 148
0 75
42 179
37 47
152 165
14 99
198 208
12 209
75 121
54 135
147 202
130 155
24 164
46 47
1 124
48 183
78 172
106 213
140 157
45 214
43 80
17 129
8 181
17 37
96 162
126 186
168 176
125 146
106 179
63 145
89 120
111 140
10 161
99 167
11 105
86 131
53 147
47 123
156 218
160 202
14 202
24 202
92 143
116 212
138 197
36 100
83 195
125 143
14 145
24 150
128 189
1 140
97 214
7 138
130 145
24 73
95 155
56 103
185 208
168 213
111 154
105 142
89 102
143 208
47 75
41 117
72 160
5 187
94 210
140 222
100 194
105 160
25 127
117 213
39 198
128 137
12 64
4 167
27 83
8 75
71 148
126 211
94 106
109 196
75 95
61 94
70 171
120 121
143 191
117 147
117 164
123 174
5 69
19 35
66 79
62 204
15 162
34 72
120 188
72 217
46 217
38 104
112 118
45 67
86 112
140 161
80 113
86 190
82 86
99 139
39 135
152 193
63 81
35 154
92 167
26 113
26 105
194 204
168 211
123 148
58 167
114 152
160 185
91 143
127 189
66 170
7 190
72 127
157 206
5 80
16 141
134 183
24 163
59 140
33 216
79 209
117 197
137 154
104 108
3 89
43 219
98 153
105 135
91 201
56 222
8 94
66 151
93 117
126 149
59 66
82 119
12 62
67 185
147 160
26 36
23 196
119 170
65 156
79 110
3 85
17 32
76 220
58 179
198 204
169 223
154 166
29 38
30 197
116 190
106 130
93 120
119 165
114 208
47 113
33 91
196 198
10 74
10 141
20 23
18 102
156 205
155 212
8 27
74 216
41 203
27 174
55 56
13 80
83 170
25 115
1 143
77 206
14 69
106 216
40 139
53 155
134 172
84 170
3 167
4 182
134 185
1 188
8 205
23 102
170 171
137 184
1 49
160 213
96 171
47 163
100 154
56 208
79 219
35 58
84 180
141 208
0 119
67 80
64 176
79 163
17 36
115 168
106 197
173 198
40 115
72 75
126 197
69 170
36 48
83 171
7 167
177 198
26 212
134 154
33 70
45 217
94 185
139 222
26 92
50 203
22 184
74 143
13 111
129 144
49 215
112 115
150 163
65 97
19 141
152 219
99 206
112 162
115 221
23 118
6 180
34 98
14 212
185 210
123 130
67 82
4 129
115 145
55 72
103 133
117 145
146 218
19 200
13 121
58 114
58 194
73 80
70 105
32 214
35 94
138 148
88 176
93 133
27 63
201 207
118 164
14 199
135 222
83 167
10 145
24 160
38 85
182 213
22 59
150 153
15 106
25 217
74 187
50 86
77 107
18 205
20 37
147 196
5 182
116 204
54 81
40 138
1 122
4 56
165 195
46 223
129 137
21 91
61 187
90 130
154 190
13 49
18 69
144 216
73 138
7 38
11 83
201 205
79 202
57 112
149 168
75 191
118 146
53 214
88 119
149 181
51 140
28 148
34 142
8 148
20 42
84 86
4 183
218 222
132 213
200 214
6 39
99 115
195 207
89 97
41 114
38 188
115 173
47 109
76 169
113 137
185 217
126 160
43 200
166 178
73 87
5 8
23 125
67 116
111 217
78 185
44 101
182 216
80 164
70 143
8 99
108 219
33 84
150 189
68 145
21 181
33 62
51 74
111 204
41 171
67 135
94 170
27 147
4 55
92 130
89 130
42 220
24 51
136 185
93 140
89 176
62 86
99 148
31 201
108 215
6 66
84 117
207 213
36 61
185 214
175 223
83 176
130 186
33 122
10 62
133 149
141 149
57 90
5 51
39 103
59 78
15 192
38 166
151 195
58 198
59 219
63 104
19 210
48 101
1 68
65 213
71 210
50 52
78 187
30 101
6 38
52 177
162 190
68 223
57 96
17 146
43 54
167 189
61 163
200 222
5 114
146 154
113 169
46 104
64 144
124 181
110 188
193 196
93 167
28 44
73 108
127 210
9 135
10 105
40 78
51 73
95 177
32 37
124 221
40 184
1 69
108 171
96 189
24 56
76 161
8 105
212 220
13 19
110 119
37 174
68 85
186 190
107 167
55 86
65 163
20 140
83 120
7 212
120 154
102 141
75 220
130 131
103 202
86 184
11 187
2 124
53 134
194 212
11 80
20 183
178 198
121 178
64 153
21 83
47 99
39 134
18 122
10 206
76 184
163 191
136 217
79 123
61 186
71 92
53 158
20 217
134 202
157 202
51 127
138 217
84 223
90 208
29 190
23 31
115 180
136 194
16 217
138 188
104 116
47 210
37 60
180 186
14 185
24 33
102 157
13 174
83 182
77 183
79 80
24 143
22 88
104 192
95 149
51 162
10 40
34 179
77 203
89 108
98 131
9 103
137 191
3 132
64 181
105 201
133 158
75 146
95 157
22 156
213 215
166 214
35 184
84 165
1 52
39 142
139 213
149 160
95 145
107 132
64 79
123 223
59 71
11 157
113 114
34 62
59 168
123 181
53 64
49 129
14 120
57 150
68 169
28 43
92 165
60 216
105 141
87 113
55 83
14 95
11 90
148 164
105 164
46 111
154 187
79 127
48 88
65 153
71 109
108 110
8 114
208 222
155 205
122 154
41 47
64 123
110 118
31 209
103 203
57 151
16 93
56 155
162 171
53 168
1 82
199 207
43 180
6 83
19 109
16 203
3 162
20 137
79 150
0 200
84 208
152 204
1 37
15 40
139 207
35 151
162 199
89 184
82 128
34 118
97 120
3 152
64 214
76 139
117 211
19 142
5 34
15 156
143 194
82 189
36 105
58 160
6 21
49 69
3 26
23 53
108 167
144 223
185 194
33 160
131 204
63 119
83 221
176 221
32 174
57 121
98 106
136 213
107 119
13 108
91 173
106 198
61 219
89 98
0 17
45 60
28 119
134 197
27 28
70 101
5 60
193 220
164 217
79 120
76 178
23 205
104 219
27 220
77 184
60 73
87 134
114 168
21 190
35 112
179 191
27 218
69 83
31 48
6 50
107 131
83 177
10 213
30 183
77 78
111 168
87 104
4 8
16 48
61 95
76 99
112 114
72 155
155 167
67 125
85 132
135 212
74 131
11 193
108 162
160 191
81 113
65 69
6 133
91 174
127 218
159 207
23 55
46 206
57 130
163 174
4 92
102 168
60 137
41 54
96 127
80 215
45 158
58 165
126 127
76 166
168 198
129 186
66 219
0 146
55 183
138 173
57 115
89 218
5 56
18 60
63 93
66 117
55 122
38 73
120 176
106 109
43 170
12 201
170 178
155 156
23 171
32 222
3 119
47 186
84 154
171 218
163 212
58 190
21 68
135 151
65 205
14 192
29 55
14 72
112 131
15 194
6 120
101 167
55 74
21 95
83 142
40 52
134 188
20 54
40 204
15 37
20 173
5 12
130 151
14 85
13 223
70 222
66 112
55 63
21 212
87 212
106 166
28 149
147 190
82 195
6 25
113 164
79 200
219 221
17 115
67 213
49 196
123 156
50 211
99 145
12 106
32 112
54 65
34 213
22 198
144 221
104 118
215 218
74 109
49 136
7 52
6 158
34 85
34 193
43 136
6 10
115 147
129 168
81 89
142 163
46 147
51 141
4 31
35 93
52 83
48 166
109 140
4 90
83 206
57 192
10 223
65 191
21 204
127 173
47 91
16 216
18 52
16 208
50 216
76 204
2 133
160 182
174 207
1 222
50 110
121 184
3 169
8 201
148 209
153 156
0 72
38 176
31 191
4 147
20 87
13 170
34 191
74 96
25 159
138 211
88 147
30 209
0 20
127 171
88 161
142 147
16 137
22 53
90 215
155 203
169 209
115 133
6 176
37 88
81 197
22 78
84 196
54 182
102 144
44 71
17 34
46 218
121 218
33 199
129 145
79 97
94 118
149 152
50 154
49 209
97 101
29 222
98 116
22 101
7 210
67 208
69 212
200 218
113 209
79 89
156 165
68 97
118 221
27 42
77 210
5 31
167 185
179 198
120 187
68 214
79 105
51 128
42 216
192 199
44 195
23 73
96 150
129 147
81 155
77 159
84 108
78 207
28 184
65 106
35 150
101 111
86 140
50 208
89 179
28 78
43 93
78 217
70 114
124 150
113 120
13 120
161 184
68 177
97 147
100 182
134 206
101 164
102 123
59 102
47 185
15 90
63 216
209 213
69 167
75 214
112 201
30 129
126 169
41 173
42 158
120 167
105 188
9 12
27 149
15 51
26 180
10 155
68 102
171 202
43 126
62 136
197 206
37 107
27 145
126 222
103 108
14 198
83 191
202 203
154 199
42 112
69 195
87 95
119 130
32 126
148 154
126 165
42 219
107 137
150 207
176 196
110 134
21 93
149 164
1 170
2 108
3 156
43 118
33 103
31 35
35 167
38 83
69 130
86 99
146 186
22 133
163 177
188 203
88 150
125 138
12 118
90 199
155 215
11 175
74 186
130 163
31 197
18 62
54 204
46 82
7 172
11 186
19 53
53 131
26 86
68 192
99 205
37 192
165 206
86 222
102 201
7 83
5 180
75 221
80 216
65 91
41 146
158 219
76 124
34 119
29 44
20 120
123 149
28 214
19 176
14 189
3 99
183 195
153 200
145 204
104 132
38 103
13 31
113 146
18 76
27 193
78 129
156 200
118 191
35 38
12 119
71 161
160 176
143 178
57 80
29 181
54 185
44 91
131 173
3 120
71 199
201 204
3 7
39 65
9 137
12 222
91 165
212 214
12 125
35 146
33 177
170 180
32 92
2 102
30 31
35 56
3 90
0 170
64 105
11 148
2 101
23 119
186 216
22 79
84 156
80 184
85 185
151 196
42 190
28 86
9 79
91 167
23 78
55 89
64 162
25 133
122 164
78 211
143 152
16 213
9 187
39 213
12 179
94 104
15 114
176 215
67 214
44 170
3 178
92 139
6 32
94 133
108 192
131 139
50 201
69 210
18 180
15 44
36 138
82 112
93 210
2 78
85 207
4 130
33 55
10 143
141 196
131 188
132 208
12 46
143 165
75 116
9 161
30 38
43 116
64 152
28 35
184 193
30 132
75 111
21 163
111 213
3 206
64 156
1 167
14 23
0 127
48 127
5 140
61 129
45 192
52 103
134 169
24 104
8 60
197 208
81 187
20 181
3 20
29 151
88 206
84 90
0 113
21 85
153 188
85 177
17 85
114 123
13 184
14 156
36 37
84 149
6 28
110 157
33 93
122 185
67 163
19 99
136 142
84 198
14 216
16 209
81 180
93 149
174 189
38 180
58 126
210 213
120 196
123 193
91 186
175 222
39 157
33 128
194 202
5 59
3 149
5 36
83 180
52 187
95 152
115 208
195 210
40 177
16 138
93 148
25 84
41 68
93 142
20 126
22 36
178 192
77 81
69 204
18 192
157 158
208 219
29 211
137 166
200 203
158 205
172 208
98 142
15 47
140 143
61 168
21 170
202 223
82 139
86 163
25 200
118 179
113 145
37 99
158 166
107 211
41 124
31 139
12 102
63 148
221 223
108 207
79 81
0 138
2 123
4 50
97 170
129 181
113 163
63 221
23 174
3 46
73 208
51 194
162 196
165 198
133 220
64 68
197 204
125 145
34 151
66 123
29 217
7 87
63 78
92 115
140 207
125 218
149 175
78 125
115 135
71 166
81 213
100 155
159 210
184 222
69 132
12 69
207 216
27 33
25 211
106 119
19 169
137 146
156 207
106 128
93 126
6 154
118 172
155 211
91 134
8 186
21 30
63 156
142 186
122 126
6 17
125 162
29 40
96 222
53 104
176 209
207 215
38 151
67 99
3 84
21 114
42 64
33 133
49 62
3 92
89 146
29 138
83 178
28 158
126 161
194 201
158 184
55 119
192 196
37 61
120 165
131 132
123 220
0 51
61 115
34 211
70 90
179 197
39 201
10 17
51 142
13 142
71 74
10 138
40 42
61 183
67 187
8 174
56 207
145 198
21 88
63 199
189 219
104 150
3 105
122 157
21 192
135 204
62 148
86 196
14 160
8 169
19 22
79 85
65 82
141 161
8 44
31 182
66 215
25 152
161 207
142 173
133 204
2 63
61 177
52 88
60 182
61 103
133 196
5 175
5 54
102 131
39 203
75 107
51 145
169 219
108 213
133 182
9 54
117 188
46 93
5 220
154 158
52 170
126 151
81 196
24 171
98 181
97 121
188 222
182 192
76 174
14 122
97 155
87 208
112 163
70 76
30 36
7 177
50 219
56 123
8 177
52 145
119 189
144 209
7 174
25 136
69 184
9 72
13 122
187 214
48 50
138 147
90 196
96 144
71 129
45 151
126 153
13 138
46 90
101 211
78 143
81 210
42 206
2 9
25 206
1 40
31 212
105 176
162 186
0 44
25 212
4 131
37 59
53 150
74 127
24 144
184 199
87 186
117 209
71 88
96 106
112 202
66 78
123 152
70 118
72 179
120 157
31 192
111 180
76 193
5 109
89 221
19 51
21 71
135 202
121 207
117 212
121 148
130 191
7 90
9 215
10 24
58 85
105 173
14 18
71 131
3 137
131 194
34 176
156 210
15 197
58 217
36 181
70 87
26 116
115 116
42 84
110 173
157 161
190 206
92 184
10 180
44 152
85 157
28 140
44 153
161 213
57 203
148 186
66 208
6 61
121 141
114 204
133 141
119 209
147 222
24 178
53 74
42 178
214 216
111 166
7 25
206 214
53 91
49 131
30 76
51 213
32 133
59 211
24 110
105 162
63 158
21 125
15 223
127 197
86 174
72 158
43 51
28 110
14 218
210 217
11 16
106 156
145 216
23 210
74 200
46 222
49 151
84 113
61 124
3 83
26 37
103 191
107 206
34 159
85 104
0 12
18 193
43 86
7 39
99 217
37 177
60 188
26 83
103 200
87 223
63 203
137 153
45 190
24 64
78 147
93 127
0 128
134 223
114 200
113 223
45 218
32 135
104 135
85 120
133 157
105 152
169 216
163 182
65 68
37 127
1 15
54 193
113 155
195 198
11 65
52 223
88 138
178 223
57 97
51 120
16 123
56 173
22 93
13 90
79 113
204 216
29 141
123 202
168 171
30 220
24 129
90 126
86 200
95 183
11 128
0 129
78 82
121 137
42 94
32 109
6 16
20 90
80 177
77 147
58 166
11 111
105 161
83 92
17 142
4 104
153 214
71 191
54 166
39 130
88 200
25 201
69 162
87 126
91 179
50 142
32 103
15 131
38 209
145 218
191 203
75 110
120 160
36 168
28 68
115 119
23 109
85 218
124 167
25 205
72 114
68 201
205 206
38 74
2 179
187 216
25 209
28 63
120 183
45 50
92 94
66 209
177 192
29 215
85 128
116 125
25 183
5 104
16 156
25 53
36 101
99 122
131 137
18 112
94 200
187 222
117 118
22 136
42 150
174 208
135 189
17 221
111 186
102 171
63 75
59 121
122 128
146 161
116 156
50 181
104 110
88 102
94 207
170 191
96 200
145 195
126 196
12 164
77 173
18 111
66 101
54 196
97 119
9 136
54 63
75 175
16 17
89 123
64 100
108 119
195 219
95 181
92 210
2 195
108 196
58 60
193 205
90 179
144 206
168 196
10 137
23 217
145 169
76 109
160 187
85 180
105 180
143 209
27 80
87 167
135 145
188 206
125 136
3 28
11 167
91 139
88 223
91 216
147 212
132 188
44 167
218 219
120 133
139 208
102 162
108 222
5 18
1 83
145 161
23 113
50 101
3 191
103 173
5 143
86 118
139 215
43 59
171 210
56 129
175 206
50 197
46 92
154 175
89 112
75 165
89 174
4 66
136 162
152 220
120 221
55 210
44 149
33 197
46 105
9 65
171 195
79 156
85 100
190 193
15 101
104 151
37 98
76 126
46 172
35 217
19 146
61 194
14 208
21 208
37 188
38 203
31 184
66 145
12 23
32 34
93 108
114 193
31 123
13 89
56 106
199 201
15 164
9 200
66 141
89 188
132 206
65 201
68 202
86 170
97 177
26 77
48 72
171 190
80 131
79 178
111 220
109 138
71 219
82 177
31 46
6 150
59 72
100 163
103 156
77 153
32 164
98 188
152 206
40 161
124 204
155 163
66 180
136 193
10 84
121 214
16 220
105 203
160 164
118 152
104 141
40 98
39 208
27 185
19 74
63 190
154 162
84 150
56 138
63 140
154 170
78 189
72 78
45 120
53 66
182 186
65 112
41 148
1 114
81 154
44 194
152 176
4 141
30 185
82 140
97 105
32 82
39 148
29 146
141 176
43 185
8 103
141 213
97 212
100 157
48 105
158 183
64 199
117 177
19 125
60 133
18 155
44 46
118 188
73 221
6 147
2 44
66 90
125 170
81 121
114 218
41 130
170 221
58 79
46 197
103 158
93 153
14 35
80 183
63 143
179 214
55 114
53 70
105 140
32 157
26 114
129 207
54 181
48 83
63 200
152 218
59 158
97 104
22 70
27 79
96 187
60 202
112 197
49 72
131 179
68 188
65 214
26 165
131 217
84 100
100 179
23 54
35 125
201 203
65 130
105 208
187 194
54 178
28 79
136 148
29 126
51 198
156 190
54 90
20 119
148 198
42 122
15 77
90 135
77 172
7 28
71 153
47 167
73 99
51 86
74 163
25 131
0 76
5 75
119 127
30 37
2 27
146 202
47 110
53 83
62 217
52 70
161 185
96 158
177 182
7 107
32 57
91 142
188 210
135 153
136 201
20 67
126 164
5 22
29 109
72 175
195 211
51 126
156 206
176 206
37 100
30 175
26 176
29 89
55 128
143 211
187 196
6 9
148 208
35 81
26 127
129 162
12 76
37 138
74 157
171 214
74 166
74 181
122 181
52 136
166 208
63 205
74 165
169 208
170 205
51 99
73 168
95 167
213 220
116 183
65 104
23 154
12 116
7 24
159 186
27 112
62 213
175 221
1 41
7 159
87 114
40 181
32 53
22 119
92 223
188 215
122 135
96 183
192 205
31 69
68 89
30 64
40 163
13 96
25 74
163 184
29 111
160 174
29 119
105 134
31 91
111 128
21 36
131 143
101 181
27 190
117 149
6 47
27 170
80 82
44 163
133 137
15 42
88 131
140 144
6 116
56 205
73 94
169 188
38 95
13 199
128 201
48 174
73 107
30 56
138 213
181 198
51 201
144 215
76 221
113 174
48 110
125 157
123 145
132 210
62 117
50 189
169 222
123 137
149 165
53 164
130 139
16 25
6 186
44 193
7 95
9 156
111 177
4 194
21 149
71 189
89 175
56 197
84 220
44 111
8 9
63 127
84 211
20 62
63 160
48 191
42 134
76 118
39 112
13 64
102 129
91 132
105 184
53 90
96 155
72 153
99 170
76 135
21 142
19 218
121 156
82 196
1 138
5 176
11 87
38 191
39 53
94 216
112 156
163 220
2 112
69 96
97 182
15 168
159 161
55 108
162 200
93 206
53 87
44 208
49 222
49 158
30 139
175 210
92 156
47 59
36 163
178 220
26 214
130 211
87 160
10 99
76 177
134 214
53 138
17 196
110 217
76 180
136 146
22 143
35 115
89 129
167 172
150 162
10 71
106 111
70 208
29 171
61 172
35 177
32 169
167 196
0 222
99 185
127 191
23 46
8 70
34 196
155 192
29 172
32 36
20 200
25 91
21 112
47 175
138 152
60 118
98 149
126 156
90 174
23 179
43 156
61 142
33 123
18 214
20 55
79 186
13 205
215 217
65 114
70 141
10 65
98 208
70 154
44 57
87 99
105 199
112 207
155 180
60 125
95 156
101 174
33 47
75 161
74 215
89 165
202 206
0 140
123 194
64 67
81 182
148 175
29 195
48 81
88 148
22 147
137 142
33 152
91 144
38 171
114 133
34 100
88 198
36 66
129 184
191 213
173 217
136 187
33 45
61 212
116 200
90 221
20 46
38 47
26 178
15 62
56 141
12 214
19 75
117 198
38 94
41 151
124 206
2 73
204 215
78 169
4 111
47 69
110 166
168 185
88 92
29 153
36 174
0 212
141 165
165 196
48 104
52 91
82 169
58 178
148 173
141 210
32 153
74 79
83 159
107 161
7 152
14 173
31 40
45 178
121 147
57 152
38 69
56 92
11 179
12 113
125 208
209 221
0 137
191 210
131 159
14 213
59 170
76 213
79 166
95 146
149 202
55 182
34 74
107 160
77 119
10 104
11 196
13 67
12 21
12 197
139 185
118 215
40 88
161 211
59 98
57 218
2 92
47 218
116 135
145 191
137 223
143 159
133 181
78 214
125 171
44 104
125 140
41 51
80 117
3 102
41 176
123 133
8 125
23 26
25 219
13 218
109 154
5 191
3 113
45 132
50 148
72 212
55 212
58 207
24 115
97 175
131 152
190 207
21 89
149 211
95 112
48 217
85 147
54 82
111 174
19 87
114 203
36 204
3 174
63 101
31 112
19 168
124 141
66 188
16 56
24 32
26 151
67 105
109 150
126 187
76 210
54 176
52 132
116 141
20 128
157 188
8 115
28 138
124 205
12 187
2 220
5 131
32 80
61 117
46 57
48 182
55 144
137 188
82 181
101 201
173 195
69 199
43 175
22 33
64 114
73 152
49 157
35 140
80 205
52 161
109 216
54 150
6 92
144 180
12 85
174 222
67 71
59 162
89 170
53 220
77 129
11 125
12 219
167 182
3 47
1 183
148 171
118 119
179 183
104 119
29 79
18 90
1 7
112 152
15 199
99 144
80 179
61 137
102 165
142 181
73 223
179 205
95 150
165 192
68 204
86 132
47 80
0 27
47 54
7 188
22 204
67 160
30 69
161 218
86 96
3 100
79 101
41 163
99 119
42 153
39 100
37 212
108 212
19 23
138 164
116 151
16 120
38 99
67 126
15 46
86 201
51 191
171 199
22 104
7 15
84 181
120 139
76 199
35 222
112 184
99 222
152 154
3 33
84 125
61 140
164 208
175 181
51 154
27 62
72 133
18 119
9 62
107 154
129 140
42 152
94 126
102 140
81 150
60 91
3 82
43 83
29 108
38 65
101 190
9 29
95 125
45 117
81 140
54 105
90 143
96 109
13 35
64 213
103 165
19 98
39 176
69 100
85 133
21 66
16 162
84 94
153 162
183 222
48 123
22 171
6 74
49 98
138 203
94 102
68 218
193 219
1 97
39 214
60 79
50 179
35 206
125 127
73 203
88 108
33 180
16 146
72 147
18 145
156 198
37 108
141 187
34 122
62 199
39 146
80 167
128 130
35 41
171 212
39 221
51 89
6 151
186 211
65 212
92 191
33 147
42 196
66 193
159 206
159 221
0 4
107 208
53 112
101 141
160 166
51 219
103 146
97 179
25 101
34 209
30 41
0 95
154 210
29 173
6 19
115 206
132 211
14 98
80 127
93 128
17 155
2 171
2 15
55 107
27 106
155 157
187 198
56 174
78 190
29 154
16 35
27 91
4 204
148 206
165 176
168 212
74 87
106 186
64 85
10 164
54 77
14 128
46 194
8 183
37 223
15 107
45 46
57 82
103 140
129 223
21 48
33 194
177 180
7 179
10 121
139 153
41 215
19 123
44 128
164 214
163 194
73 86
120 198
157 209
41 172
27 98
37 121
27 114
23 145
184 205
80 155
97 167
102 111
164 170
6 53
30 73
151 155
120 155
87 149
16 67
90 138
148 222
47 65
72 142
19 36
89 93
3 103
114 141
77 162
200 209
36 44
77 94
18 177
70 152
178 189
18 179
93 129
101 153
61 100
79 94
78 116
79 144
165 210
178 205
118 220
21 99
63 165
18 200
91 116
43 167
58 138
35 120
101 130
124 160
26 136
27 154
199 203
56 212
143 179
100 172
42 165
1 203
70 168
35 221
58 205
78 119
78 113
30 71
118 142
78 152
64 201
96 140
1 90
70 193
73 156
71 214
41 162
108 165
25 193
101 133
3 184
10 198
43 179
11 145
159 184
15 28
64 146
178 213
138 207
97 132
88 95
10 205
54 219
106 133
57 182
80 118
124 127
104 144
70 181
46 78
6 200
153 215
7 79
63 134
56 108
37 154
4 19
97 130
101 220
52 115
22 42
40 112
49 176
53 82
7 145
91 171
45 221
104 171
7 127
107 218
118 153
153 199
173 223
148 203
8 30
182 191
7 105
96 195
80 107
14 203
25 63
110 211
176 186
172 174
51 172
121 213
170 189
33 210
200 219
146 190
54 221
133 210
132 155
55 196
2 185
54 147
154 172
18 83
101 146
14 125
20 108
99 214
21 107
11 120
115 144
67 166
21 100
5 203
10 22
14 207
17 185
30 66
7 71
13 110
7 85
43 75
93 201
30 152
4 79
5 20
58 142
139 202
134 146
141 169
0 145
76 157
29 74
99 118
47 128
4 163
147 187
14 126
136 221
142 195
113 167
5 186
156 196
43 66
12 213
76 191
96 153
52 174
68 101
8 51
156 163
158 167
58 197
159 179
81 142
26 153
157 181
166 213
7 144
30 77
7 106
48 184
11 122
21 28
27 205
1 112
4 82
45 116
1 50
87 188
100 210
156 188
159 191
108 182
3 198
127 148
150 214
70 170
7 168
1 190
13 26
42 75
34 212
102 139
19 221
120 215
14 215
61 110
13 81
55 111
76 168
33 66
82 129
139 162
56 59
20 207
94 114
39 212
27 81
13 94
28 84
123 143
14 161
24 205
22 23
48 100
90 198
97 218
151 202
190 216
101 210
85 148
140 183
0 68
36 109
15 95
34 164
20 22
36 223
49 89
90 139
73 169
79 177
93 156
94 221
74 81
16 30
178 217
11 151
142 214
8 52
118 132
8 153
161 193
111 118
41 177
24 60
14 64
117 161
121 200
139 173
91 161
8 55
69 165
164 205
106 161
38 170
89 195
98 212
165 183
76 148
18 53
85 170
113 161
16 113
150 181
85 151
103 215
128 169
43 208
67 210
48 214
67 206
74 190
99 192
4 43
178 194
31 70
150 216
14 201
15 27
61 214
122 142
88 220
114 192
6 161
96 221
26 117
5 132
88 197
20 187
146 180
93 155
127 133
18 138
14 90
114 183
58 132
122 186
90 128
38 96
26 189
177 204
56 109
163 203
110 149
116 182
42 118
1 96
49 95
114 209
38 118
37 141
123 185
82 204
77 92
126 191
97 122
186 208
38 84
128 202
78 165
150 220
39 188
91 92
71 156
29 105
21 176
85 183
18 208
68 173
159 215
31 141
155 191
162 216
109 185
127 158
192 220
153 213
49 110
43 195
69 94
51 90
98 165
68 172
117 119
123 162
113 128
38 162
19 85
113 136
105 182
134 217
52 110
55 151
81 188
7 120
97 146
2 175
194 205
106 144
93 143
213 218
68 143
50 141
164 192
31 220
49 145
103 185
15 91
177 196
70 92
87 127
106 127
85 93
28 69
82 201
110 142
20 66
162 212
44 209
22 209
66 202
46 167
89 205
31 42
48 94
29 33
131 136
17 112
82 183
197 217
136 183
176 182
100 211
24 146
89 150
40 87
45 137
160 168
48 68
16 29
159 201
79 188
27 206
68 91
8 120
6 102
105 133
141 185
37 125
31 142
34 208
125 197
183 216
81 117
68 221
76 217
76 96
114 195
93 209
97 181
72 87
12 54
91 214
141 194
57 167
22 215
63 177
100 124
73 175
27 116
173 191
74 170
68 76
14 209
127 217
52 175
53 205
23 160
107 175
106 180
32 156
204 223
33 222
161 195
35 200
178 190
177 189
2 48
0 64
2 86
59 142
145 211
52 204
106 132
145 174
61 207
104 131
52 150
65 190
101 215
54 194
23 87
17 198
70 85
178 216
5 47
130 187
42 99
49 96
51 84
139 172
121 127
79 171
124 142
133 148
196 211
12 82
138 142
46 128
93 208
70 159
23 75
122 174
127 202
59 188
115 218
47 155
68 166
17 160
67 184
57 126
101 129
81 83
103 184
0 215
30 67
32 102
131 149
5 201
171 183
10 27
55 103
86 207
66 125
164 182
81 184
49 205
39 170
145 181
59 193
150 187
16 51
6 122
63 198
101 106
3 63
0 88
24 111
46 171
152 209
75 177
86 194
34 177
27 172
62 143
178 204
27 53
10 219
172 195
125 195
123 171
201 219
38 49
37 195
120 208
1 14
30 203
81 95
151 153
123 128
199 222
32 180
107 116
151 222
50 111
25 189
27 108
42 171
31 54
62 95
125 147
129 150
72 178
55 186
48 74
19 114
160 223
122 184
62 114
11 79
135 157
42 128
20 142
95 214
19 204
85 121
160 165
2 99
90 146
83 150
55 106
1 39
10 172
82 217
60 185
47 196
34 162
54 72
21 201
133 202
87 174
48 159
141 157
201 221
40 166
99 220
7 20
96 135
53 209
15 83
173 177
148 202
46 220
117 173
20 175
4 140
158 182
132 195
98 147
1 27
65 140
74 168
16 164
63 68
80 138
38 161
103 175
180 204
77 88
66 197
65 125
156 184
34 83
100 222
25 154
21 108
9 209
138 158
134 145
112 120
41 199
135 210
90 95
7 21
139 157
69 125
76 102
130 146
89 192
74 169
87 135
59 190
86 87
24 55
56 135
155 187
35 121
55 221
121 143
2 180
100 140
11 112
38 123
103 190
89 173
167 191
29 184
77 115
33 193
24 181
204 221
51 197
59 138
86 136
85 106
13 45
10 102
170 174
12 130
12 40
32 182
129 218
153 163
31 71
12 204
59 161
11 163
117 171
201 208
10 169
84 136
106 171
157 189
124 140
1 67
132 172
7 125
164 195
43 107
2 74
118 130
13 119
69 161
147 156
174 185
1 163
6 153
17 154
11 86
9 19
104 123
116 223
12 147
56 104
203 221
132 141
51 132
84 210
22 25
38 78
5 129
25 178
76 91
29 176
6 203
14 68
102 179
116 142
61 182
1 47
156 223
77 211
28 163
21 207
146 184
112 220
81 147
13 198
9 100
159 203
60 148
26 109
6 60
108 201
131 197
139 220
37 81
86 124
103 176
2 200
18 28
94 96
202 214
110 170
179 200
70 97
165 186
62 67
169 221
97 176
48 93
118 178
134 201
137 216
10 68
83 218
19 153
48 197
9 127
42 108
154 163
22 86
29 205
25 214
162 170
44 83
4 200
92 135
36 75
31 195
41 178
32 201
70 80
42 183
109 131
65 198
132 205
6 174
2 141
75 128
66 195
54 86
17 132
48 53
79 215
76 116
74 135
112 167
109 207
41 205
11 64
5 193
12 123
13 74
89 223
138 144
129 136
9 42
22 97
70 131
20 206
38 136
15 53
51 206
76 206
72 102
82 88
1 108
79 196
16 76
133 186
1 218
4 39
155 177
88 113
35 185
140 155
178 197
36 172
91 94
42 215
194 223
189 193
56 128
59 88
108 117
15 119
13 43
11 32
79 158
56 110
147 189
77 97
113 172
2 90
68 109
75 130
27 73
144 161
97 204
126 213
24 43
78 167
52 113
22 135
175 200
34 221
32 171
208 209
199 218
60 160
1 76
56 179
106 211
13 135
169 198
51 180
40 173
52 67
67 111
126 162
14 158
3 161
16 41
68 198
163 207
54 103
37 146
10 179
12 108
92 183
83 126
66 131
71 205
99 151
139 194
32 84
79 111
185 197
47 189
135 142
29 95
116 215
52 165
61 128
42 136
133 211
52 109
58 108
172 176
77 150
153 159
22 120
159 199
5 68
105 190
151 172
40 158
26 123
75 97
47 158
35 85
20 193
45 77
22 149
21 206
197 202
105 172
11 142
51 106
121 161
30 182
9 98
45 95
75 90
100 101
33 203
80 87
142 218
179 196
64 107
202 205
107 141
37 38
65 220
8 72
29 202
28 212
123 139
22 81
179 221
83 98
151 179
77 191
2 134
143 164
81 218
71 107
12 109
71 111
3 175
142 184
48 109
90 197
119 173
73 132
95 172
108 209
136 140
14 136
95 110
65 152
108 121
78 193
130 173
82 190
17 75
115 222
58 84
41 157
18 174
48 143
70 179
85 223
2 32
10 64
41 141
81 164
37 74
28 218
59 171
187 195
39 126
128 188
108 204
81 144
52 144
30 89
182 209
108 149
51 169
124 187
56 95
11 110
17 87
132 214
36 132
114 138
49 142
110 178
192 198
163 168
94 129
81 106
96 121
183 188
115 192
22 181
73 200
126 172
140 186
57 166
14 38
152 214
89 96
85 216
131 205
52 85
38 111
86 97
106 202
158 215
144 165
164 189
2 57
13 176
37 178
112 198
98 221
145 205
9 221
68 158
71 108
34 197
158 209
109 114
106 208
81 96
89 121
31 138
73 78
62 197
22 117
0 135
52 121
136 190
9 94
33 78
163 216
77 192
128 211
101 165
62 186
19 32
7 62
134 196
109 130
6 11
11 154
200 208
102 170
58 172
55 141
136 172
17 208
20 222
114 223
46 121
25 73
32 44
63 194
50 145
101 171
22 45
8 86
15 214
64 221
25 64
17 95
5 43
79 187
61 169
100 115
128 162
30 136
28 215
51 121
100 135
58 150
147 195
99 131
105 179
49 99
15 115
124 179
100 176
8 49
78 210
49 170
4 139
29 188
14 149
38 142
138 194
124 161
132 219
115 183
121 159
89 131
21 172
93 125
1 204
38 139
89 152
3 125
137 205
59 185
141 148
38 127
171 203
46 161
87 214
161 222
149 197
65 75
48 65
94 179
152 188
142 164
30 179
15 71
13 126
150 170
79 124
164 203
14 92
130 134
40 223
203 215
34 94
56 161
26 152
106 124
107 173
22 34
44 107
171 188
67 216
83 139
89 115
22 163
115 196
112 192
93 189
43 215
49 94
46 65
100 160
29 69
94 108
130 147
98 102
83 183
31 173
23 214
28 168
36 159
66 71
104 139
56 183
179 212
57 158
182 183
40 58
80 91
95 203
143 175
73 120
2 18
34 137
4 54
157 210
9 58
43 65
105 217
40 218
44 56
163 200
1 208
30 205
21 37
73 174
63 184
14 78
186 220
80 200
56 200
96 108
29 31
71 121
86 159
29 196
81 162
23 184
76 134
67 117
107 190
209 216
43 56
10 114
83 137
62 190
130 160
20 145
112 178
118 222
155 210
175 203
151 175
35 101
22 212
39 83
73 104
38 194
65 221
52 158
25 104
183 214
16 97
6 219
88 165
44 174
147 219
17 40
157 195
33 102
80 203
116 163
43 67
191 204
52 76
6 62
130 185
55 97
