226
9
8644
60
99 2
102 2
103 2
157 4
146 2
130 3
105 3
101 1
123 4
104 2
114 1
94 1
120 4
98 1
113 2
77 1
73 3
110 4
129 5
79 3
152 2
98 1
123 3
78 5
136 2
77 1
137 5
97 1
80 3
88 4
72 4
75 1
132 1
74 2
109 1
78 2
119 5
109 1
118 2
155 4
73 4
87 2
85 4
117 2
108 5
155 2
137 2
115 5
116 4
150 4
93 3
79 5
112 2
156 2
80 4
86 2
156 2
159 5
120 3
96 1
85 4
133 2
90 3
94 1
105 2
151 3
146 4
118 2
129 5
155 3
99 2
73 4
139 1
77 1
80 3
162 4
157 3
135 2
87 1
96 3
95 5
145 3
122 4
143 2
136 1
80 5
99 4
140 1
147 1
145 3
130 4
162 2
76 5
87 3
94 3
132 2
113 2
81 4
122 5
109 4
158 2
81 4
120 1
157 4
112 4
151 3
92 5
96 5
101 1
121 2
100 5
150 3
79 3
127 4
86 3
85 3
91 5
109 1
145 4
96 4
146 2
79 1
101 2
97 3
86 4
156 3
133 2
100 3
95 2
159 4
132 4
152 1
83 5
118 5
135 3
86 3
146 5
81 2
154 3
75 5
94 4
77 1
112 4
78 5
115 5
133 4
116 4
111 2
144 4
142 2
84 3
140 4
116 3
81 1
83 1
155 2
91 1
120 2
95 3
90 3
130 1
123 2
154 2
77 2
112 1
130 5
159 1
104 4
84 3
122 2
109 3
75 2
99 3
135 4
92 2
156 5
79 4
134 1
159 2
80 2
123 5
159 4
76 2
116 2
101 2
157 3
100 4
78 3
136 4
76 5
137 3
152 2
159 5
134 4
122 4
122 4
73 1
138 4
80 2
157 2
103 1
143 4
127 3
140 2
154 4
146 1
89 5
92 1
156 5
151 1
114 3
110 2
87 3
158 1
74 1
107 2
155 3
155 2
136 2
145 2
134 1
141 3
91 4
80 1
73 2
151 5
9 175
22 68
22 160
113 117
6 76
24 56
184 198
14 58
19 166
106 181
167 171
102 208
5 46
76 87
29 30
67 208
45 106
179 220
30 40
48 153
158 204
6 132
42 45
90 184
72 222
71 225
92 219
156 187
80 223
132 161
81 161
173 216
98 168
92 194
110 124
155 204
96 225
101 178
4 33
118 212
65 102
31 192
17 211
15 137
1 73
48 166
160 221
53 212
41 104
51 215
44 208
57 83
36 225
12 21
20 104
164 209
82 189
81 220
96 217
8 128
150 224
111 125
141 162
47 195
54 63
62 118
107 176
83 189
127 160
156 161
99 137
62 87
27 177
61 208
85 101
10 179
115 166
100 208
108 179
132 192
116 137
168 196
68 192
93 224
122 131
121 196
9 169
135 211
81 156
59 176
34 35
52 215
148 214
67 132
157 190
56 101
35 164
44 185
2 217
42 72
84 222
17 99
129 208
178 205
141 221
87 134
20 171
5 44
55 139
11 20
81 98
41 68
138 161
112 170
26 53
23 29
153 225
29 195
113 185
102 212
81 167
145 167
104 176
191 192
28 215
47 107
163 216
26 44
122 125
21 166
24 101
80 195
15 129
44 98
31 122
13 204
19 118
82 160
166 199
33 47
98 154
3 132
34 97
34 179
116 219
52 110
1 68
64 86
53 210
100 102
127 159
117 187
4 91
154 161
40 206
107 216
50 117
76 83
97 118
63 165
6 212
23 204
74 199
29 65
118 144
4 110
41 209
114 181
108 162
152 219
34 174
12 113
10 195
73 201
62 64
18 126
79 143
49 151
131 159
4 31
22 58
60 131
83 108
188 211
193 194
87 220
42 162
85 113
10 206
155 164
16 169
65 67
20 79
28 177
54 104
47 51
152 213
3 13
17 22
38 86
75 119
148 199
92 119
5 184
24 164
87 207
58 116
2 26
110 210
103 119
171 176
100 225
2 102
93 127
146 190
134 178
103 173
149 156
77 92
132 158
37 62
64 183
89 201
68 131
79 113
22 24
93 116
72 204
73 185
35 160
26 29
61 69
58 175
65 81
12 158
99 220
23 205
36 100
11 45
70 185
139 171
31 204
16 136
79 176
89 93
132 209
113 199
118 186
28 59
119 200
8 122
138 162
32 110
103 127
41 131
88 193
117 203
62 103
189 214
82 157
122 145
148 178
117 221
39 168
68 147
33 154
116 165
3 40
33 203
22 103
56 182
3 219
194 217
55 106
121 156
94 210
106 148
100 109
72 189
63 77
27 43
49 191
7 172
141 177
111 148
62 91
97 114
26 124
37 95
38 44
63 204
102 217
145 171
120 157
59 93
184 197
73 207
132 220
157 182
109 156
78 218
167 210
52 163
117 208
0 58
63 166
107 152
47 197
30 183
0 71
32 70
112 138
24 94
134 163
163 187
46 103
124 169
59 90
27 135
1 217
121 131
64 162
36 97
59 124
94 161
33 45
53 95
42 90
113 140
32 165
49 150
4 180
170 180
169 209
149 197
48 198
97 219
17 69
184 189
39 128
67 183
109 110
2 147
60 204
36 108
129 158
135 144
141 213
11 58
41 206
83 200
107 157
87 133
13 31
134 194
61 204
0 86
53 101
74 219
6 37
30 171
94 127
74 149
137 167
191 221
99 182
20 186
168 221
73 134
29 201
80 131
121 122
49 100
7 49
87 135
86 157
162 166
103 176
133 221
89 153
74 136
77 126
84 224
32 155
22 46
47 184
12 217
16 158
54 107
168 211
89 202
72 210
35 163
5 155
21 164
194 205
125 135
129 186
116 185
80 100
194 203
3 100
170 209
65 178
157 158
20 80
51 203
41 113
47 186
90 132
84 151
116 162
63 224
24 221
204 209
53 217
8 152
72 194
63 128
28 76
30 110
132 210
66 90
130 174
28 32
79 183
130 182
31 73
94 143
16 167
69 150
141 210
54 138
26 43
113 170
50 74
29 182
8 218
113 118
69 191
32 205
15 218
95 154
29 153
6 56
68 156
59 201
68 138
35 174
108 216
104 184
15 187
26 95
169 201
146 213
144 147
17 65
75 126
64 209
207 219
54 223
204 205
13 217
28 117
8 182
40 186
101 158
4 60
87 203
161 193
44 220
162 201
13 159
57 116
46 128
75 152
51 88
29 36
93 102
169 182
107 150
15 178
140 179
134 145
149 201
45 203
52 83
29 64
53 143
150 152
44 178
100 201
39 140
28 213
147 210
36 212
28 101
104 217
62 76
110 177
97 205
122 188
14 88
12 36
69 105
43 54
80 179
124 160
153 191
125 185
90 127
1 175
110 182
73 84
85 195
33 181
5 97
26 86
46 58
90 216
12 213
4 75
37 63
60 67
57 79
5 125
106 197
0 10
49 52
183 190
155 176
44 158
75 87
56 136
40 122
141 199
103 175
33 202
5 123
104 186
51 195
7 150
3 139
54 64
108 205
84 142
21 161
63 125
26 63
66 166
79 174
4 57
119 138
156 203
99 162
33 185
8 219
90 173
24 98
68 185
114 171
87 102
43 57
4 8
15 18
39 220
105 174
28 37
73 209
62 100
24 91
59 65
167 221
55 62
2 4
24 87
115 126
21 81
71 72
6 95
130 199
51 214
37 112
112 151
106 161
33 165
4 165
121 129
38 70
67 151
17 100
28 105
95 139
74 162
11 130
43 131
98 214
55 85
18 32
12 139
133 169
109 117
150 173
59 74
49 147
78 207
27 171
60 116
61 164
65 169
131 190
119 182
176 212
73 139
64 201
91 135
47 126
23 193
140 189
3 182
0 6
178 206
39 214
25 42
140 151
4 134
161 166
108 161
168 201
82 191
101 213
144 185
61 99
103 145
1 201
66 94
10 25
81 113
4 198
114 210
206 209
169 192
11 210
146 154
88 119
139 190
10 84
74 132
152 178
124 153
208 222
65 224
65 222
164 178
90 193
84 193
72 166
3 195
61 224
24 172
6 24
126 190
66 67
64 125
62 92
79 201
68 171
151 178
80 93
40 209
17 34
168 200
152 160
100 174
44 91
113 211
134 212
168 177
30 123
25 188
89 101
3 26
130 175
88 150
148 162
102 168
65 74
33 77
94 165
28 187
114 144
85 90
19 138
165 188
144 216
39 199
212 218
112 180
80 121
11 122
21 107
17 190
85 142
66 147
131 174
132 166
60 171
147 169
43 202
163 175
11 177
82 92
67 71
156 192
143 175
90 180
165 205
12 160
78 166
217 225
127 136
190 222
12 98
12 188
201 214
77 182
95 189
28 162
157 197
123 153
53 83
35 120
90 108
185 216
84 144
20 114
48 194
46 185
113 176
61 122
46 199
124 211
20 50
34 214
41 118
106 155
112 204
25 124
72 195
21 163
10 165
64 225
13 120
29 93
33 82
10 212
35 90
19 190
77 120
98 161
202 215
84 87
181 204
120 171
102 117
109 209
114 180
193 209
100 129
50 181
17 166
40 55
24 217
155 224
207 223
181 193
149 176
38 82
135 180
49 68
143 200
59 149
186 203
78 108
56 133
95 105
15 143
72 213
35 130
141 193
65 216
112 135
38 88
81 195
5 129
53 201
127 204
104 198
81 87
38 151
67 68
0 4
123 218
117 168
59 159
80 217
139 149
8 56
1 182
85 128
4 39
145 198
35 150
88 181
23 187
14 30
62 145
23 72
0 177
2 22
16 162
117 206
50 62
215 221
14 128
169 184
94 103
26 84
16 36
25 90
26 146
8 112
6 104
0 15
148 151
155 190
189 221
140 205
92 213
15 33
66 214
33 145
51 114
0 194
147 225
83 213
121 195
154 202
96 99
15 160
1 196
19 37
18 165
156 184
89 191
16 223
162 209
6 19
85 162
1 101
19 224
33 166
49 219
169 204
5 54
121 174
30 46
137 217
177 220
53 181
39 218
4 204
91 131
11 51
2 104
52 192
97 159
52 224
161 196
89 98
97 139
6 127
184 188
9 221
113 202
21 173
30 52
35 114
14 124
98 113
101 125
144 204
66 104
22 108
5 89
75 124
87 166
6 119
119 134
24 209
45 174
68 125
77 82
102 143
31 152
11 108
163 191
40 190
158 216
45 214
133 211
22 152
18 55
103 210
102 153
56 225
121 199
117 179
146 183
137 148
6 55
59 87
101 190
121 208
106 138
121 164
74 157
124 173
30 131
21 70
133 204
123 163
6 93
130 163
99 208
32 45
42 125
91 164
90 158
22 93
24 162
137 225
124 192
11 53
122 139
122 191
128 152
93 118
4 174
41 112
25 222
160 178
6 45
72 80
22 178
39 151
178 214
204 221
141 165
171 192
11 182
120 159
123 128
155 184
14 106
42 225
70 224
2 24
21 121
110 144
14 113
49 103
33 214
146 176
56 61
75 81
51 223
71 198
175 208
58 108
110 194
123 126
20 83
0 180
103 221
139 173
97 209
67 170
26 130
45 48
173 199
59 98
29 154
22 204
41 183
56 96
135 162
119 132
78 204
155 162
95 190
19 100
11 160
60 150
57 91
49 92
91 179
116 132
24 214
69 79
19 30
190 200
11 185
3 60
154 223
103 111
162 184
22 225
42 192
139 187
90 99
20 187
22 28
72 223
45 219
134 192
55 59
6 176
8 180
41 179
115 200
102 125
122 172
138 171
131 201
151 157
117 181
181 192
31 100
99 192
9 48
194 211
60 101
43 148
93 132
12 87
54 220
52 151
140 217
142 224
12 208
5 34
19 67
4 16
130 149
26 218
186 199
135 191
82 212
16 87
3 24
99 194
3 146
34 182
33 34
12 163
124 158
108 199
70 139
71 134
148 166
97 125
78 177
32 192
75 158
151 174
196 215
2 223
38 225
147 184
51 155
9 203
57 147
128 139
65 118
149 169
78 206
110 197
86 222
71 78
87 130
114 150
160 204
107 121
30 125
105 208
99 149
40 120
74 163
127 215
70 218
99 155
1 40
6 26
13 187
69 163
136 198
142 219
74 82
2 71
78 211
116 196
146 173
30 113
91 160
135 167
62 124
113 189
18 156
68 182
119 196
135 148
143 183
33 175
3 170
104 159
98 200
6 179
148 161
34 146
108 217
19 146
15 101
112 133
174 177
36 122
47 215
77 154
73 144
48 182
0 14
55 164
24 193
25 88
139 204
167 181
133 153
7 217
13 64
41 66
49 211
30 87
117 129
21 28
17 138
86 225
89 215
27 29
156 206
43 66
204 217
53 94
89 125
4 66
9 116
13 91
31 201
25 119
102 175
116 147
98 175
52 119
70 124
156 181
161 163
135 142
54 172
93 174
69 91
4 173
145 195
97 143
4 142
15 59
68 222
141 171
42 176
51 91
75 76
91 208
126 202
125 215
27 103
108 173
12 161
3 47
99 106
54 74
117 120
55 131
224 225
124 219
126 148
165 170
45 176
123 214
6 217
20 97
24 84
106 108
177 200
74 152
24 155
0 53
25 50
73 223
27 105
21 24
53 96
64 87
24 50
72 94
111 210
119 137
35 134
161 165
50 213
40 170
37 146
36 115
10 178
102 104
94 156
179 180
100 190
111 198
27 133
120 134
47 208
38 69
84 139
30 99
85 177
41 78
68 176
45 82
3 109
16 197
92 148
191 222
78 175
115 136
129 219
165 222
43 200
9 177
30 156
15 34
24 163
68 109
60 211
137 157
15 94
79 99
4 18
135 171
156 221
164 179
21 109
86 188
43 79
101 210
111 139
36 152
115 144
141 218
111 217
47 123
155 207
37 138
111 136
29 211
110 199
67 133
26 223
191 214
9 46
45 56
71 172
140 216
6 89
64 152
22 119
49 104
193 218
115 216
16 118
76 104
137 153
91 143
62 123
85 88
66 197
90 201
15 200
11 76
117 132
68 170
103 141
15 66
99 108
73 103
16 154
112 181
98 223
74 194
32 52
24 67
105 170
79 104
155 216
103 200
106 129
137 176
8 126
45 199
2 172
164 191
55 166
71 168
35 54
50 211
3 17
221 224
55 214
40 106
139 182
12 24
129 136
116 206
21 94
54 162
62 144
40 64
78 152
51 71
23 83
74 138
103 148
19 153
125 129
52 107
24 200
28 167
103 224
34 190
91 196
40 48
21 100
154 192
133 163
24 223
22 214
48 97
36 179
94 187
122 156
18 143
131 175
140 175
46 225
71 183
23 149
135 213
55 223
81 88
88 128
8 221
85 127
104 193
0 123
92 130
63 109
153 210
32 38
54 116
73 188
20 130
178 201
166 192
28 192
78 141
13 108
168 173
49 88
53 131
139 203
70 225
5 188
6 147
83 170
94 133
141 155
9 60
7 90
39 123
22 81
28 120
45 128
103 211
20 96
21 212
76 201
132 135
48 220
59 88
7 154
40 135
41 205
211 224
53 202
66 183
179 181
14 182
42 193
6 94
17 178
99 172
26 126
35 100
14 104
96 200
69 89
49 102
40 173
164 222
8 97
60 65
21 159
35 40
63 138
52 167
115 171
39 166
75 164
139 152
146 194
218 224
10 203
130 207
32 41
7 14
115 187
0 11
38 184
57 88
18 101
25 68
104 219
139 196
46 196
147 214
23 178
205 221
0 44
146 174
169 199
151 177
105 157
39 217
90 177
106 204
22 215
145 187
51 86
89 207
21 55
5 113
9 79
148 221
183 213
167 219
29 39
65 214
80 119
66 203
157 184
119 175
84 217
105 166
83 207
25 173
72 117
1 206
74 101
50 130
47 118
96 141
41 159
176 219
50 140
7 122
125 143
32 179
37 91
113 131
62 192
16 139
125 197
20 71
116 213
85 115
43 106
20 203
62 175
5 156
119 168
70 217
81 222
7 103
31 136
109 148
45 109
68 82
128 147
10 129
9 136
146 203
98 169
158 222
88 205
214 215
37 195
126 216
39 183
175 183
178 181
19 69
165 193
112 117
193 214
12 110
0 24
17 81
69 195
3 178
193 221
143 171
84 187
5 114
82 93
36 167
73 218
27 89
51 100
56 145
144 202
29 143
188 190
90 218
109 191
82 130
50 58
62 205
150 194
110 111
123 136
39 210
115 120
20 167
128 144
20 180
47 142
68 120
144 149
154 165
127 164
2 186
161 201
35 37
71 135
116 171
80 187
93 202
100 154
13 195
129 207
9 28
9 12
64 192
6 13
80 178
62 121
53 165
48 181
157 215
70 177
122 214
56 156
107 153
29 178
59 125
107 202
135 150
101 225
67 113
130 185
22 133
8 67
39 125
56 166
78 214
12 209
64 224
83 132
86 111
123 146
54 148
202 204
20 120
86 118
16 90
76 127
138 189
101 161
49 156
138 208
170 198
17 135
67 181
56 214
36 221
111 113
37 156
52 92
89 179
170 218
2 99
36 140
130 140
105 207
122 222
129 192
57 225
31 199
116 127
84 123
124 193
113 114
5 190
120 138
3 157
96 134
8 38
70 175
68 208
177 201
56 205
58 122
137 162
52 209
4 7
62 176
41 42
0 19
99 218
87 136
53 65
19 49
102 214
91 165
46 88
15 86
128 168
170 223
92 154
94 99
34 110
124 191
59 100
181 186
50 92
134 210
182 207
73 93
18 30
14 19
110 198
31 127
38 173
182 213
72 158
22 33
44 167
59 158
32 123
8 118
45 131
78 171
102 151
73 128
79 82
52 82
31 37
144 163
136 155
92 155
133 160
74 181
35 58
96 158
11 203
128 129
126 132
99 119
161 167
174 179
164 165
112 136
41 48
115 142
82 154
101 132
55 215
48 127
71 222
195 208
134 142
57 208
56 129
79 126
167 218
78 109
65 208
77 202
83 109
75 168
205 210
0 215
87 190
16 58
59 190
146 210
100 131
113 210
49 182
133 139
42 74
46 221
98 225
178 180
193 224
38 167
15 177
28 161
160 210
14 82
53 192
23 143
37 132
5 157
51 150
97 196
151 180
103 174
128 188
147 208
1 208
13 110
164 206
43 143
85 111
87 113
43 115
68 127
74 83
37 90
147 213
55 104
65 86
139 220
28 30
136 140
176 222
53 160
134 187
53 78
166 202
12 157
126 175
67 131
120 187
8 63
113 209
17 87
32 60
52 63
191 225
35 141
132 150
14 143
73 225
70 153
42 202
164 213
58 170
71 129
126 213
48 135
136 224
164 181
117 118
1 28
3 86
49 153
31 207
140 155
92 223
93 196
85 151
116 125
167 215
42 164
8 11
72 97
83 183
89 188
167 205
26 93
62 119
46 83
10 29
53 170
162 169
33 177
60 133
106 114
64 202
48 115
140 157
107 179
91 156
37 65
18 153
40 63
60 138
8 58
121 172
191 224
54 125
98 177
175 191
56 59
162 182
148 212
37 51
150 156
66 141
140 145
87 94
51 184
19 65
29 124
56 190
108 207
64 216
25 149
24 48
91 216
41 61
16 40
12 184
92 176
201 212
84 114
24 113
190 212
69 164
6 116
15 105
171 181
148 224
160 193
66 160
40 131
89 148
91 171
42 62
153 194
103 150
83 129
165 168
118 170
15 99
119 180
2 149
59 160
10 43
24 173
37 166
108 223
45 138
7 161
72 203
0 162
28 148
8 18
88 195
127 209
42 138
102 109
188 189
151 221
13 138
30 126
76 113
53 171
117 190
101 177
97 217
5 222
13 160
25 206
87 173
5 83
57 70
80 132
122 152
96 151
14 202
38 223
123 219
7 185
72 132
50 124
5 16
95 98
39 41
67 200
61 84
62 105
141 145
71 118
6 39
22 69
128 174
17 144
26 155
142 207
50 173
70 211
36 201
139 144
16 78
59 223
113 159
69 160
65 126
99 136
95 141
107 130
97 152
166 209
38 174
76 157
125 139
2 81
10 218
55 115
90 97
96 121
38 89
19 183
151 168
52 138
149 206
80 208
37 49
141 217
105 161
11 123
38 66
172 219
89 131
2 194
195 222
20 123
34 209
1 10
87 118
110 187
104 153
81 109
22 220
156 185
7 94
125 178
40 163
33 170
56 65
59 102
33 37
70 118
28 130
24 179
17 113
62 138
12 76
0 120
63 200
101 173
23 53
142 183
95 152
7 151
48 172
62 204
82 180
140 224
25 176
145 147
66 140
0 33
99 158
171 172
93 168
4 101
30 218
1 26
94 149
80 85
152 166
23 224
47 194
61 184
124 138
114 212
24 63
40 84
156 178
23 188
26 99
38 176
74 135
24 39
25 29
80 180
25 216
39 148
34 127
157 181
194 212
112 113
44 79
129 200
115 127
78 168
31 173
92 195
20 158
188 220
43 67
53 82
16 64
16 77
146 178
111 120
132 164
104 130
133 224
76 197
127 201
55 113
131 199
14 177
170 191
21 118
8 102
17 52
98 213
113 165
185 209
89 193
172 198
126 185
101 189
120 205
113 115
73 79
126 205
6 192
2 32
129 157
25 98
28 68
17 59
113 175
190 219
157 202
39 163
88 109
30 59
36 47
53 184
44 207
40 204
5 172
103 116
101 200
22 91
58 126
21 124
80 133
54 115
13 79
149 213
39 124
5 180
1 150
30 153
154 175
5 109
60 124
17 132
98 160
29 106
87 187
14 167
35 69
49 164
51 183
69 112
215 222
16 133
97 179
133 170
60 186
82 145
84 220
28 67
93 225
108 203
103 117
23 202
39 204
49 212
4 81
7 146
18 50
64 156
71 177
99 161
1 181
41 60
2 201
118 134
23 215
214 219
5 63
84 189
97 180
161 213
41 67
52 153
30 108
215 216
74 95
20 151
118 200
147 217
36 158
64 83
18 127
4 184
80 166
143 209
187 197
51 153
111 199
17 58
12 143
3 71
94 122
136 206
84 141
113 179
99 174
114 169
10 148
42 183
123 221
58 219
2 197
91 92
95 111
26 147
198 218
36 110
4 74
109 152
78 81
43 221
10 74
115 202
142 161
12 185
22 206
4 49
101 115
1 12
43 183
111 191
100 144
122 185
64 138
125 208
17 160
23 214
43 138
23 221
15 39
10 133
3 143
98 172
142 174
163 165
20 42
159 188
140 150
84 167
65 185
7 203
24 207
7 83
93 148
20 73
85 159
95 131
115 183
74 218
125 154
39 119
78 164
97 117
38 210
25 169
13 88
29 83
92 172
113 207
51 90
30 68
117 184
45 220
16 193
17 85
120 220
19 24
31 160
129 209
62 65
62 106
81 119
102 184
116 180
79 154
64 92
100 179
46 99
42 115
136 208
125 153
133 215
37 210
84 111
134 224
18 197
148 170
131 160
91 103
44 117
99 150
72 102
129 206
162 225
24 213
12 115
184 204
27 50
112 156
122 208
46 175
82 225
65 202
52 216
71 141
83 131
24 110
107 125
58 187
77 163
115 169
136 153
56 221
14 145
23 183
35 142
22 59
118 220
83 178
27 125
82 215
79 178
92 158
49 90
29 71
48 161
58 115
203 211
167 172
143 177
12 57
133 207
151 164
55 128
72 129
142 212
78 113
31 119
109 149
164 166
149 208
11 64
187 193
136 199
104 154
76 135
5 41
8 186
112 206
166 220
20 143
10 168
132 183
151 225
151 165
18 58
33 159
149 223
113 204
1 36
74 77
15 93
72 221
94 140
54 123
112 197
156 201
0 183
2 44
131 155
100 135
129 175
79 222
53 56
3 180
52 125
104 174
29 173
38 127
13 216
6 220
41 79
70 176
46 222
106 179
38 193
24 205
80 204
161 185
75 140
13 45
89 114
16 181
66 105
57 105
168 209
20 155
113 160
73 105
4 86
46 217
83 188
86 210
13 150
74 188
16 115
131 137
54 137
98 206
94 151
86 191
136 188
53 59
61 219
105 150
45 195
41 58
127 220
9 225
33 35
75 155
56 107
110 123
89 119
98 121
16 152
156 183
86 178
18 163
143 198
194 202
107 200
156 195
120 180
12 165
66 107
210 211
32 125
11 200
127 208
143 157
131 182
50 59
3 22
9 33
59 96
51 138
21 68
134 205
127 158
20 142
91 203
33 41
116 130
132 198
97 113
45 153
189 192
13 167
168 189
45 217
24 83
70 100
56 212
50 56
25 164
128 153
23 179
0 93
49 166
143 203
76 110
88 200
22 201
71 159
115 122
159 219
62 220
126 149
35 55
85 138
179 208
60 224
150 157
91 116
75 220
3 44
44 159
82 159
1 47
15 131
100 163
130 138
173 221
89 123
189 190
10 22
145 168
144 184
148 211
86 221
92 189
50 217
5 13
86 168
9 69
129 212
98 155
160 169
3 87
52 193
199 205
146 212
65 190
87 193
0 212
2 47
30 157
48 155
37 99
123 197
111 143
160 192
27 84
177 224
2 139
115 118
11 101
62 99
66 143
34 61
8 220
73 137
43 199
175 193
32 47
128 212
99 191
5 133
197 207
71 184
10 24
57 123
144 221
165 191
93 108
41 94
99 116
1 212
42 48
167 202
133 164
1 94
30 47
42 143
97 192
155 180
53 151
14 17
107 119
12 186
67 186
110 190
111 196
112 141
127 197
106 130
159 214
130 143
137 190
17 115
42 190
37 70
55 157
25 217
80 145
5 42
60 147
38 80
30 122
156 179
182 196
57 179
41 88
47 185
57 65
65 88
71 73
105 141
157 166
34 121
28 46
88 175
68 88
58 132
101 214
8 189
64 111
42 157
174 195
142 173
57 89
82 202
122 123
50 70
22 143
30 36
108 202
125 130
39 180
67 211
4 105
20 178
104 205
82 176
3 201
122 163
84 145
16 218
115 218
89 154
139 176
106 195
4 73
5 53
143 181
75 167
1 195
8 202
161 211
71 154
5 208
59 206
94 206
178 187
84 100
64 200
37 212
82 111
64 150
102 107
94 173
7 163
49 93
31 225
143 149
145 203
107 146
33 222
81 199
0 78
184 212
201 219
62 84
74 204
80 189
199 202
133 194
36 198
20 168
63 64
7 215
53 64
131 183
70 109
6 87
161 202
27 181
63 216
59 217
9 216
96 171
16 180
94 150
135 157
104 169
23 200
20 225
35 153
41 217
81 153
23 181
67 136
23 206
64 66
0 88
63 154
24 90
82 171
76 190
78 83
71 84
52 169
62 110
51 65
23 117
66 196
93 218
134 165
89 115
76 164
51 74
10 115
104 106
22 105
71 214
12 183
161 162
49 171
26 80
194 209
29 45
5 192
86 126
143 156
109 167
73 186
105 154
121 175
103 196
2 80
0 196
123 159
29 193
58 215
3 179
15 74
122 184
64 115
207 225
95 210
64 189
103 163
102 173
90 186
200 221
2 199
24 66
80 128
33 88
176 179
34 106
45 59
17 192
0 84
10 180
97 156
99 163
155 214
94 217
119 211
6 178
36 71
63 157
73 199
108 140
0 216
149 199
104 141
2 18
53 157
47 50
15 16
64 139
34 54
43 99
7 204
33 39
60 111
66 142
132 223
28 126
82 222
78 153
15 54
180 213
25 157
7 141
80 222
34 45
140 183
19 68
165 180
138 224
115 181
58 194
77 157
75 143
139 221
149 219
58 97
27 35
21 47
57 214
22 184
6 105
173 211
141 166
89 211
137 187
146 214
85 108
101 123
126 221
13 15
8 30
170 179
98 198
97 199
68 94
1 184
130 184
104 222
69 151
29 126
6 166
9 128
54 80
145 221
14 161
71 136
26 151
159 185
49 85
31 178
171 184
103 123
74 122
78 123
175 182
155 198
11 156
86 101
20 82
35 39
157 217
82 102
64 204
68 102
34 150
6 46
16 18
3 111
44 88
40 207
0 108
152 187
109 180
85 212
60 132
18 88
60 146
39 181
132 188
71 169
125 149
106 188
22 82
155 181
24 177
68 100
9 130
70 154
125 140
90 119
1 104
80 112
13 119
157 210
148 186
20 213
66 111
100 200
59 179
11 193
157 221
94 195
15 154
0 85
3 92
79 217
55 69
9 153
87 214
46 93
139 206
46 96
18 19
56 168
21 128
2 101
7 111
26 116
39 95
148 181
138 218
54 189
2 120
92 116
164 176
53 71
26 136
66 154
69 101
114 162
158 181
165 210
126 218
16 208
63 146
91 163
73 211
11 98
28 190
65 80
89 107
23 73
31 69
59 196
12 18
69 196
194 200
54 141
62 88
176 199
161 217
8 174
13 192
10 82
18 47
84 223
74 118
31 185
78 102
70 87
65 144
77 101
86 179
104 190
143 201
8 79
13 42
130 179
131 170
164 175
25 133
186 210
120 204
32 129
157 201
200 210
30 138
43 171
22 149
80 153
152 169
44 157
34 56
27 88
4 191
0 158
137 173
33 71
22 72
10 182
167 180
42 224
23 79
115 179
38 195
99 114
20 94
70 149
80 88
76 81
130 188
21 83
1 126
51 159
47 222
117 125
87 222
82 195
15 69
17 218
119 176
10 219
46 162
27 46
104 151
40 195
12 202
51 58
42 84
25 73
12 195
29 167
144 206
118 193
34 202
71 212
11 215
12 28
2 125
66 138
2 180
50 166
102 134
25 106
67 175
126 146
127 216
121 213
1 19
96 208
14 134
113 203
59 118
51 217
48 221
36 39
58 110
163 215
88 149
48 142
45 65
201 220
7 208
100 176
94 106
80 196
56 203
96 170
181 195
46 127
93 145
107 220
92 184
81 141
22 66
17 103
178 200
162 220
93 119
86 186
38 55
50 210
3 101
151 185
68 107
121 181
33 89
111 219
67 117
35 62
56 142
26 187
118 141
16 39
172 186
60 118
70 88
138 181
24 124
92 113
8 139
126 161
44 110
9 23
182 221
6 201
4 107
64 140
26 211
127 198
99 147
73 107
6 47
117 161
1 62
88 140
50 115
4 51
36 57
107 127
115 124
117 186
85 105
149 209
95 203
67 199
36 197
40 67
168 183
58 149
103 126
46 89
107 192
63 89
23 176
68 186
100 119
74 221
110 209
44 215
118 121
11 195
42 79
2 224
173 182
73 138
77 109
26 108
118 204
165 196
37 97
108 143
25 167
43 45
124 154
101 136
59 172
27 28
3 79
38 148
32 69
68 78
68 212
116 198
41 216
73 193
1 16
32 194
61 163
100 105
26 96
80 81
110 192
3 104
117 131
108 154
23 174
41 110
32 224
19 88
71 164
42 219
36 208
137 143
142 205
51 98
68 143
95 208
25 153
3 174
64 188
74 105
45 101
180 182
74 146
36 216
38 194
73 196
13 122
84 219
129 189
122 158
45 172
54 103
108 189
162 214
61 116
52 204
19 54
26 132
33 110
57 130
85 194
20 41
55 78
52 121
120 179
62 72
115 132
64 126
177 199
22 144
19 133
9 98
114 149
42 70
38 129
75 214
114 138
12 212
36 194
21 176
18 35
125 195
17 187
93 173
0 219
12 204
11 54
80 207
79 150
19 143
139 205
31 156
86 193
87 215
29 122
156 215
121 179
0 50
26 186
69 109
125 171
55 152
0 134
26 106
55 198
80 193
19 21
103 220
19 112
20 87
65 95
164 180
27 140
1 121
34 173
131 212
6 155
40 113
63 137
16 69
25 202
158 170
36 109
17 36
147 177
66 84
178 215
132 203
78 187
28 127
140 149
42 113
31 208
25 80
119 221
25 79
139 181
16 63
42 44
52 136
189 197
92 170
77 152
9 212
152 193
186 198
67 79
90 211
38 100
135 216
64 127
13 146
24 146
125 201
13 24
43 56
31 65
15 183
23 114
19 222
32 193
47 213
126 178
81 110
128 192
5 20
94 153
129 149
49 183
65 165
7 48
2 182
11 208
29 172
74 127
27 175
42 217
92 185
55 141
130 170
91 176
176 208
0 51
52 181
1 70
8 81
72 193
40 169
60 166
20 26
98 220
37 215
3 127
51 179
57 81
111 172
22 90
24 81
54 208
29 92
80 186
69 209
96 133
33 191
35 74
4 13
197 203
84 156
35 149
70 110
198 213
31 124
32 214
169 185
83 137
122 182
195 218
107 156
86 170
16 110
31 36
125 137
38 97
89 221
7 23
90 188
48 169
57 180
90 129
76 159
169 186
42 68
4 114
43 204
25 87
38 72
41 164
30 61
184 202
28 51
174 205
52 90
113 200
44 192
4 159
109 131
185 198
133 155
6 216
10 98
18 151
35 46
24 69
44 86
76 84
92 217
48 157
34 207
220 222
96 186
60 143
136 192
83 106
92 175
188 202
33 59
10 104
14 221
9 127
15 140
153 172
9 90
63 195
111 151
36 176
202 205
11 136
1 25
153 195
110 116
162 170
62 148
180 201
196 204
126 197
37 68
61 87
73 164
192 225
111 169
157 172
109 181
36 87
124 213
201 209
83 218
19 101
15 135
12 129
21 171
114 214
29 158
161 187
143 202
157 187
12 123
74 220
9 43
108 224
40 223
17 152
154 209
70 183
61 95
9 87
144 182
86 152
49 160
25 158
5 111
38 224
152 154
110 132
29 212
13 145
104 152
116 138
3 37
92 193
89 214
1 24
157 195
48 76
28 194
62 193
27 94
38 90
31 98
96 183
19 116
9 142
169 220
5 95
3 172
39 222
166 178
8 225
14 70
79 212
118 148
78 88
20 109
2 206
25 146
153 190
48 179
82 167
10 134
118 119
172 189
128 138
88 166
141 167
45 210
60 152
192 194
159 162
69 106
73 205
21 191
20 59
5 110
156 217
59 114
70 91
60 220
3 82
50 54
80 113
114 135
2 30
32 223
110 114
132 176
53 85
0 170
5 171
71 102
181 188
100 193
123 216
85 170
106 192
137 202
177 185
31 115
106 218
156 190
111 126
11 48
42 112
9 224
163 224
60 214
126 168
29 96
50 188
60 140
93 206
26 220
8 215
42 145
136 173
32 50
146 196
163 223
166 190
147 200
107 117
34 219
71 153
149 200
19 132
11 88
49 97
14 66
198 217
95 177
0 77
159 223
137 191
26 141
25 129
95 211
174 219
15 92
86 175
69 92
110 173
80 108
12 168
55 179
141 152
74 126
44 187
51 221
46 170
195 212
12 79
5 197
186 212
82 98
46 109
187 194
18 27
101 107
179 205
41 172
45 64
100 122
135 198
45 180
14 210
56 155
29 191
31 145
157 162
79 165
160 223
50 112
203 208
33 68
200 206
78 99
3 208
5 72
14 170
9 66
15 91
135 188
33 49
35 212
176 214
10 166
32 221
117 218
65 112
69 136
153 217
13 33
132 174
109 192
40 182
75 199
88 180
98 151
119 165
107 182
110 154
36 51
6 58
84 152
6 92
40 179
103 195
107 210
128 198
100 178
34 103
51 108
13 84
43 177
199 209
36 204
67 101
220 224
152 172
19 95
112 222
24 57
46 61
7 165
4 61
4 194
156 196
181 208
41 150
1 161
99 156
44 70
118 195
66 77
130 137
3 216
21 58
144 148
74 167
54 217
80 160
22 42
48 197
63 103
103 122
109 178
194 219
34 113
32 64
52 164
191 217
48 216
20 54
15 96
112 173
62 195
80 167
40 110
34 36
137 197
62 163
152 201
20 192
17 154
33 199
104 180
114 183
23 125
205 207
31 200
46 131
73 210
89 205
112 190
49 60
83 99
65 77
108 155
8 36
1 4
28 124
50 65
66 192
53 79
100 167
170 184
102 105
133 214
8 109
5 138
60 213
55 176
36 144
60 167
40 140
23 65
58 74
38 96
77 108
112 198
130 151
112 118
101 131
157 218
45 147
73 161
13 57
36 66
77 137
17 131
5 144
101 124
27 34
39 111
87 144
79 198
98 210
75 92
185 186
13 173
3 68
84 113
13 182
104 215
160 211
214 216
192 196
162 181
63 116
52 98
145 201
88 216
200 223
118 191
71 158
28 96
187 206
57 122
116 205
20 154
77 88
11 150
63 220
71 97
103 183
94 124
79 179
139 172
41 219
27 92
34 59
97 145
194 197
26 166
36 223
54 67
78 221
189 209
42 215
68 169
35 148
49 222
31 53
133 181
36 82
20 165
3 57
62 114
74 121
140 191
121 212
59 142
3 145
76 219
71 192
67 223
55 208
28 146
123 188
118 137
135 170
197 199
8 135
57 160
36 114
179 207
119 128
72 106
25 130
24 198
121 193
35 213
185 213
97 168
33 143
126 220
113 214
171 185
10 28
42 149
24 95
81 205
168 172
32 171
179 213
42 71
182 190
109 198
119 185
91 93
33 92
22 172
31 143
77 217
132 172
4 125
86 203
124 128
141 220
24 181
81 197
88 168
74 205
69 131
108 109
76 180
40 59
102 152
62 126
28 128
20 136
8 93
106 135
165 216
10 56
105 159
76 167
8 149
63 135
10 222
174 222
39 203
17 180
155 177
194 198
183 217
139 194
34 90
23 90
181 215
107 199
161 177
45 167
172 223
116 176
34 204
51 105
84 206
29 84
143 219
160 177
50 147
81 221
117 194
136 172
5 203
140 207
137 183
0 188
16 211
141 184
4 20
0 185
27 218
100 222
179 204
12 159
25 147
91 220
21 75
85 92
215 225
16 98
168 224
16 153
3 54
45 182
151 218
119 202
167 188
124 175
30 209
87 164
46 212
17 213
126 128
25 134
137 219
44 66
150 168
109 208
95 118
70 182
102 181
78 159
119 160
38 98
6 30
154 160
46 85
42 141
23 45
45 87
2 171
13 58
93 137
2 37
7 153
21 106
28 113
151 158
11 148
1 120
5 140
9 159
127 176
99 130
12 91
90 210
55 57
90 112
18 64
96 106
122 150
85 146
12 135
165 184
21 187
163 172
132 177
110 117
8 211
146 218
13 51
98 203
101 184
97 102
137 145
46 218
90 101
52 122
76 160
160 173
44 161
58 120
65 210
37 150
33 223
208 212
104 108
142 144
1 71
102 171
17 145
93 125
122 194
149 204
24 102
138 190
2 117
63 171
149 212
31 188
62 177
8 184
58 71
49 127
95 109
113 223
9 141
2 159
174 213
25 205
183 188
25 102
3 85
95 161
190 213
43 144
56 153
48 209
20 202
138 167
19 201
39 206
101 117
35 204
39 42
119 181
64 70
17 212
8 66
59 175
79 149
116 156
29 128
20 196
2 174
73 80
68 177
37 219
85 173
65 124
0 211
112 216
101 186
14 118
91 223
21 154
56 80
29 163
46 172
138 186
23 160
172 204
126 223
68 158
20 93
66 120
13 141
21 222
185 219
50 118
63 75
56 149
194 208
21 169
33 72
101 106
62 208
121 187
171 190
60 158
36 157
62 210
38 204
98 219
169 215
44 172
7 171
20 210
1 198
83 118
72 74
20 70
27 219
188 224
100 215
54 77
179 183
27 221
125 191
53 76
43 154
137 221
2 5
82 166
70 72
114 170
171 222
196 207
58 220
72 110
30 58
50 163
42 127
22 167
30 121
44 55
142 223
191 204
198 216
46 197
60 217
52 156
31 181
67 163
48 156
89 222
133 178
98 208
48 151
35 186
95 116
46 69
173 220
31 157
37 196
192 197
71 189
27 162
92 139
163 210
72 224
28 224
22 165
77 124
49 65
20 205
115 180
54 195
9 52
20 169
16 192
179 185
7 137
38 125
165 206
102 188
160 220
25 100
73 176
81 131
54 89
16 113
97 155
34 78
6 187
36 217
142 160
42 83
114 165
76 144
154 185
18 160
138 206
0 168
99 200
23 198
147 152
17 110
121 147
31 177
72 179
128 200
91 161
36 120
76 168
92 165
39 202
95 119
71 112
78 154
180 194
157 220
40 82
63 160
183 187
29 52
27 194
168 180
51 174
74 186
29 37
52 69
109 140
2 84
21 185
115 125
32 140
13 106
130 133
30 200
162 180
31 87
46 114
87 95
119 184
76 105
125 218
41 195
86 132
49 149
168 197
24 143
35 184
76 95
126 164
141 158
90 194
38 65
122 195
95 97
60 129
76 78
85 167
52 102
163 214
175 210
16 27
28 225
3 83
21 96
43 96
87 174
54 147
41 43
8 77
44 108
39 176
23 209
36 116
21 167
58 88
88 136
56 84
68 159
104 121
111 206
69 95
18 148
32 99
68 77
57 154
26 177
83 199
48 102
89 212
91 168
65 139
74 148
97 212
94 223
52 170
15 58
103 130
42 148
159 186
3 64
14 126
1 99
122 160
158 187
47 223
128 157
84 159
33 171
38 78
13 59
157 176
57 157
15 90
124 137
60 199
132 213
71 79
54 175
81 174
148 175
52 160
5 50
169 174
74 88
123 154
18 95
131 193
171 217
40 85
90 159
106 150
57 58
21 123
75 183
1 221
138 194
154 156
161 178
47 86
121 159
174 178
34 105
6 209
10 176
61 142
53 132
36 123
161 208
8 54
33 125
81 124
34 200
26 40
150 221
40 45
24 78
96 213
66 98
23 134
105 111
134 209
143 154
175 188
24 29
123 193
21 168
94 101
44 218
89 128
33 52
104 179
16 76
43 75
20 116
25 210
29 223
31 190
18 191
97 124
125 175
207 213
97 215
45 177
26 38
182 184
51 128
66 198
204 213
145 205
42 210
56 128
47 98
40 125
19 44
165 220
28 115
144 172
63 99
34 163
12 96
46 198
189 212
37 113
187 190
95 221
89 224
12 171
36 206
187 208
17 205
37 102
63 158
133 166
9 53
167 191
15 165
87 218
70 159
112 215
61 155
9 193
142 176
62 130
89 151
150 214
56 69
65 89
29 61
56 152
57 106
31 213
71 186
45 156
20 172
147 203
142 177
162 197
213 218
190 223
137 206
136 190
30 79
203 216
8 179
13 163
61 86
31 159
32 84
60 169
58 65
0 39
78 131
7 35
67 177
144 207
61 193
140 165
18 31
27 131
47 134
30 95
38 102
49 59
17 198
39 138
29 164
59 70
20 195
36 135
65 125
193 200
58 217
92 98
93 214
182 201
75 219
61 174
105 182
55 77
15 217
64 67
5 15
76 122
24 197
156 194
203 223
18 116
20 105
30 104
58 145
188 193
130 167
141 216
47 127
41 146
46 106
122 209
55 97
82 173
64 124
92 115
51 107
167 182
77 220
40 156
153 197
58 210
79 115
73 220
12 55
203 213
4 24
59 72
28 56
21 38
24 62
8 172
128 158
15 122
96 104
145 200
101 144
4 85
10 123
93 180
86 108
35 140
0 27
209 211
48 128
109 186
21 192
53 154
121 184
42 142
70 78
159 166
49 78
23 87
130 192
81 135
42 133
158 172
7 126
120 203
57 63
114 121
8 171
83 136
122 143
92 215
32 35
26 72
12 144
68 129
49 99
147 188
68 219
18 109
101 169
114 139
42 94
100 114
54 209
167 169
85 133
127 138
21 104
54 214
9 67
22 80
43 94
65 141
33 43
128 215
169 193
25 189
200 219
154 194
168 188
53 222
10 188
58 209
48 56
161 190
26 180
119 222
144 170
76 132
38 135
52 137
76 123
206 219
28 214
36 213
8 71
9 132
127 180
45 73
13 92
60 174
73 135
37 142
76 85
76 175
175 213
79 181
93 220
57 200
81 91
22 155
6 174
85 106
90 202
120 214
30 134
53 225
66 187
122 154
7 214
3 167
84 210
205 217
74 174
25 92
41 86
32 114
70 146
105 128
114 133
218 222
76 205
98 132
41 189
66 153
144 217
138 168
132 141
45 196
142 192
61 171
98 137
127 161
41 165
75 205
133 142
42 78
46 178
43 44
124 127
102 207
26 104
83 111
82 126
51 57
136 139
80 98
105 176
100 172
92 196
200 202
7 212
121 157
76 155
71 114
66 156
24 32
18 63
117 193
61 207
19 60
114 124
10 126
44 210
26 77
94 177
85 135
3 62
2 191
71 216
200 218
70 86
97 157
33 163
13 37
19 131
84 118
80 174
23 140
27 52
92 168
52 175
47 84
176 198
72 146
17 57
201 223
39 135
122 167
85 169
137 182
184 190
55 82
101 153
143 161
138 141
54 194
61 62
71 161
45 142
16 225
5 210
24 187
39 67
46 220
3 181
165 204
72 175
21 142
79 169
91 127
108 147
154 205
17 140
94 132
198 207
30 65
110 174
42 119
135 208
106 109
35 132
76 170
101 176
25 51
96 108
84 186
148 216
150 177
23 186
52 113
129 210
150 178
103 198
74 76
6 188
148 149
131 162
50 184
122 130
49 113
31 193
79 125
39 200
41 99
142 210
24 135
43 114
60 61
18 211
136 164
179 187
96 165
108 157
12 118
142 188
63 117
14 95
122 192
25 160
153 169
54 122
14 71
47 104
127 141
11 129
45 95
13 77
139 160
58 69
23 37
1 93
164 207
59 136
158 163
48 217
92 190
152 222
46 135
137 171
66 175
30 115
70 219
69 94
36 141
27 45
20 221
165 185
107 172
61 70
32 67
63 129
117 216
98 185
176 220
0 96
30 41
78 136
3 16
141 169
127 142
31 142
12 141
101 202
32 96
87 189
132 205
125 179
13 14
195 214
11 161
14 32
91 199
99 189
132 207
188 208
33 188
150 165
169 223
116 186
62 186
22 212
90 122
78 97
90 94
89 196
51 60
35 45
53 167
47 203
18 111
105 169
67 196
75 104
59 188
27 101
11 115
20 146
107 114
54 221
7 76
30 179
17 104
69 188
115 217
144 197
10 124
84 185
1 44
65 90
43 215
51 152
8 177
77 158
25 140
151 224
116 117
23 88
154 183
9 15
155 191
16 127
55 216
11 71
33 119
8 134
41 130
38 201
94 219
86 197
181 225
121 170
197 200
116 157
13 35
171 216
149 186
28 29
40 216
93 212
43 78
20 55
62 169
18 69
85 185
21 203
15 81
34 216
56 121
26 60
29 90
14 63
51 191
89 111
136 215
102 199
149 168
106 117
144 200
167 197
77 215
84 103
72 81
109 174
4 77
24 208
28 99
27 160
33 53
56 215
13 139
119 169
37 117
98 166
4 38
51 75
181 187
21 156
94 148
56 217
45 126
120 172
178 204
221 222
49 128
70 126
98 129
7 92
11 181
26 78
179 210
18 78
66 200
43 135
95 124
66 193
34 172
56 135
17 133
16 104
29 200
92 134
6 118
21 25
163 186
179 206
136 166
14 125
137 210
40 77
189 217
26 165
3 154
97 164
14 146
180 191
133 198
78 185
54 190
133 223
105 124
24 206
97 123
69 148
37 191
126 136
107 141
53 177
151 183
94 221
67 121
166 168
84 125
90 137
152 192
170 183
71 128
8 43
34 184
18 161
164 167
2 27
77 172
49 123
37 153
37 82
47 145
33 219
19 211
54 156
183 212
32 109
66 180
124 170
15 221
146 201
62 97
27 79
44 213
74 131
22 116
12 17
69 190
34 141
118 169
99 211
134 168
22 106
67 219
23 175
62 68
33 205
135 215
67 87
93 213
28 88
92 180
3 36
73 142
158 202
27 113
106 190
109 145
107 122
29 155
11 219
98 134
147 183
89 150
102 140
132 197
137 142
37 177
91 122
104 178
46 81
24 28
2 222
147 218
181 218
156 219
2 176
32 164
77 197
66 121
126 137
69 159
7 45
139 163
30 152
156 174
115 207
2 218
12 145
111 168
103 110
6 109
149 151
101 208
18 133
115 139
44 203
159 169
28 97
16 129
45 62
2 153
159 207
21 31
24 167
56 191
88 156
104 158
11 221
182 225
107 224
125 186
111 165
75 107
55 99
73 140
73 120
88 148
98 107
156 220
43 127
67 73
70 108
70 213
142 171
171 193
48 171
195 210
119 199
105 211
78 98
136 167
105 149
130 144
112 194
29 67
16 109
91 225
7 218
71 185
8 123
15 109
4 188
147 199
6 69
95 112
20 102
198 201
19 78
71 83
1 189
7 197
31 70
62 139
140 181
41 111
28 114
3 138
41 222
24 224
3 88
66 91
37 188
207 212
72 154
146 205
104 224
209 225
107 116
5 116
89 174
115 152
178 207
188 195
88 123
101 111
0 187
157 192
154 190
67 195
93 198
54 100
149 184
106 120
56 103
107 207
27 217
9 103
75 162
3 114
120 210
22 151
114 207
50 167
21 200
211 218
16 206
153 219
135 155
43 46
43 164
75 212
31 218
37 124
123 201
63 189
91 213
14 148
104 168
65 93
19 20
197 216
69 175
82 144
186 220
71 191
27 36
16 75
49 54
3 98
121 163
52 72
157 188
85 210
35 111
48 92
3 198
108 160
103 197
44 124
23 139
145 191
156 163
88 164
16 89
68 183
133 162
1 87
96 103
99 125
93 126
15 182
10 99
30 195
39 191
11 126
186 219
1 170
45 50
78 95
142 164
7 50
64 155
138 139
27 138
59 213
60 175
78 191
123 137
3 124
141 159
18 181
113 124
69 155
107 147
120 209
86 96
176 190
23 135
90 155
44 120
8 124
71 99
72 77
56 220
115 192
22 222
12 170
166 221
146 160
27 63
76 109
208 215
16 168
116 141
33 75
10 39
156 176
109 113
63 84
35 125
53 108
14 127
0 20
22 45
57 131
170 195
191 195
142 153
109 203
29 55
119 189
104 156
59 109
128 197
45 198
100 126
87 91
9 223
39 154
144 183
33 84
120 155
54 93
171 213
135 225
118 183
16 122
30 74
131 172
77 166
50 218
134 199
32 79
150 206
35 52
18 129
124 222
120 124
67 222
45 218
81 158
186 187
40 101
84 197
113 208
182 208
99 165
41 77
76 107
101 212
55 190
12 193
14 224
28 43
74 143
17 47
1 20
80 82
75 93
162 192
55 199
21 210
180 223
20 181
141 206
18 91
56 161
95 167
78 90
49 114
47 170
180 193
118 188
15 87
148 184
30 78
11 153
138 184
1 8
24 222
132 143
119 201
43 93
85 168
94 220
171 203
166 179
46 204
48 114
18 42
111 119
87 137
26 62
19 188
120 176
89 177
124 145
189 204
11 25
97 173
105 136
106 193
80 94
62 196
77 219
86 202
188 198
19 167
14 138
155 211
174 198
121 151
103 136
120 136
43 145
61 148
83 196
2 39
162 167
155 157
102 120
16 60
0 12
94 155
114 159
71 218
128 173
89 100
13 109
163 176
28 139
111 158
54 173
82 141
129 174
71 122
137 198
37 225
77 211
88 142
98 135
53 144
21 197
63 198
2 92
44 113
94 203
166 207
2 184
189 206
115 149
161 205
53 112
46 49
131 184
177 222
63 153
29 187
65 136
1 137
2 198
62 154
201 203
73 178
80 143
157 211
18 134
22 134
15 43
61 179
75 110
134 215
132 184
2 192
172 211
96 126
52 188
98 108
21 59
114 195
74 112
127 155
41 122
1 72
144 151
36 58
8 72
136 147
42 205
3 27
59 71
46 57
118 197
79 180
81 154
20 75
49 75
209 220
101 218
36 156
45 197
70 136
92 211
33 122
88 134
75 128
47 173
29 59
168 171
76 118
25 38
58 185
1 160
32 199
164 170
194 218
41 102
148 208
122 173
45 71
146 162
187 216
16 72
148 182
115 147
54 71
152 202
7 65
167 174
49 210
158 225
53 218
23 39
164 187
71 197
115 205
158 192
89 213
0 143
1 163
143 173
92 222
41 124
4 146
53 123
7 67
147 216
17 93
129 138
133 157
70 106
56 81
55 84
58 184
93 115
80 215
21 174
27 202
106 146
10 16
155 170
29 54
196 212
152 168
98 152
32 172
79 138
48 75
109 190
93 187
28 106
142 203
126 151
47 164
9 161
154 210
12 192
44 102
6 72
109 160
170 172
80 146
42 52
139 208
68 150
5 104
92 160
76 221
30 84
85 98
66 127
14 38
52 185
108 186
172 188
192 195
25 218
116 146
189 218
29 130
54 140
47 177
59 208
49 135
68 161
156 199
77 86
156 214
46 90
82 207
143 182
49 115
90 207
70 90
1 39
42 86
19 141
155 160
4 215
5 175
129 204
66 74
69 96
53 87
29 151
77 95
33 107
18 85
114 192
202 212
70 127
107 158
74 137
182 204
105 189
53 158
104 213
110 175
134 201
70 221
207 211
101 149
63 172
88 182
113 153
38 53
52 127
10 155
4 223
51 213
23 216
53 57
52 177
61 169
122 204
41 141
102 156
207 210
111 186
40 108
157 164
136 204
78 197
105 146
157 159
44 136
53 221
197 205
17 38
55 178
139 162
42 198
29 119
144 169
47 96
2 73
37 110
19 104
180 206
110 184
94 146
76 185
140 182
84 131
78 161
99 124
7 60
130 190
27 77
74 139
13 26
39 216
153 174
168 218
11 86
150 218
51 189
42 170
125 176
11 128
13 104
56 66
63 124
192 210
33 136
10 60
188 194
51 83
12 97
55 182
51 143
60 159
79 216
40 75
101 129
20 51
3 28
11 132
30 217
136 158
131 207
40 197
26 46
4 118
24 171
84 169
82 117
68 97
48 112
130 201
114 199
107 212
7 220
126 172
177 202
148 204
52 68
107 165
116 181
147 149
102 221
13 213
45 78
43 174
22 100
10 193
7 191
43 112
117 133
20 84
16 47
63 92
116 199
25 148
118 215
2 200
30 117
45 192
43 84
16 219
153 161
109 139
139 167
44 188
40 53
34 177
64 76
74 99
172 184
49 172
132 171
79 85
46 168
11 70
26 128
6 199
0 191
9 92
0 198
139 193
152 179
161 214
5 18
104 111
199 214
194 224
16 84
82 91
3 51
77 153
205 212
28 186
43 128
56 160
54 90
94 111
21 208
107 113
93 178
33 172
24 116
106 137
70 158
27 170
87 142
37 213
113 212
80 175
91 98
69 147
44 183
81 186
7 135
102 176
84 200
12 197
5 181
114 220
31 116
41 64
39 47
159 224
4 6
53 99
50 151
75 147
122 127
162 168
63 79
127 148
106 173
3 67
104 183
55 155
157 204
112 127
106 174
68 98
134 136
112 144
79 106
14 196
121 139
94 189
70 135
123 209
113 186
52 96
24 45
175 205
29 57
55 167
158 220
8 137
22 135
140 186
142 146
158 221
148 160
81 204
214 223
77 189
101 135
49 154
82 132
142 147
52 93
34 152
10 111
15 206
198 210
58 100
3 120
70 125
105 112
40 175
66 171
26 182
87 217
19 28
158 185
4 168
27 188
126 129
149 207
4 225
131 177
51 197
52 55
97 103
11 186
13 171
77 185
47 125
86 150
100 202
146 187
148 193
112 123
6 159
9 39
51 66
58 59
16 26
9 112
48 146
111 216
29 145
99 207
88 153
63 69
20 23
99 132
2 187
11 30
33 104
35 172
98 153
60 206
12 48
153 183
98 173
16 170
52 159
51 175
25 54
5 49
103 203
57 204
121 224
9 11
166 173
26 164
1 106
1 145
48 184
38 59
141 225
23 113
129 220
118 213
8 208
93 103
35 169
6 73
8 57
91 197
88 90
35 151
134 179
39 178
5 48
77 198
10 177
44 144
145 184
30 189
46 173
159 216
133 140
31 105
86 181
172 174
3 158
136 171
146 153
86 147
105 121
188 203
96 212
127 145
71 120
28 220
9 220
33 212
30 144
142 162
44 194
90 145
55 217
104 148
79 210
76 194
1 105
165 182
67 81
18 176
33 144
92 122
87 211
113 190
86 199
41 73
37 224
82 151
92 174
44 83
96 150
103 184
36 55
28 82
105 201
36 84
122 174
92 171
102 169
99 122
1 107
168 193
97 98
172 202
12 37
22 200
4 175
64 141
30 159
4 97
81 169
72 215
104 109
158 169
38 155
104 124
92 163
76 111
5 80
207 216
72 138
74 104
51 172
62 67
62 221
77 224
23 164
28 166
6 190
134 220
83 92
72 197
0 151
128 220
196 217
72 214
55 213
4 28
105 212
137 155
95 198
139 202
151 163
116 188
163 204
42 159
127 170
35 182
12 71
173 215
42 174
100 153
85 154
72 91
3 15
46 193
31 42
45 53
116 225
65 98
152 208
10 184
15 190
21 177
87 129
176 188
8 146
114 145
9 97
45 143
21 60
24 41
109 155
111 146
55 120
126 208
63 126
74 172
36 134
182 195
14 213
62 161
70 98
137 195
70 79
164 188
162 216
15 26
82 203
49 143
28 198
61 154
6 122
7 148
84 121
99 184
174 223
41 72
15 197
168 202
24 125
177 203
23 27
22 111
86 144
11 31
28 61
165 173
143 170
61 82
168 185
27 115
74 106
192 201
29 31
42 47
169 190
88 117
129 135
30 207
25 47
16 46
143 213
179 195
67 134
90 102
18 154
83 159
74 113
41 178
68 207
39 175
90 153
166 177
93 160
35 197
13 134
116 192
101 185
78 143
114 215
146 148
50 144
100 110
20 209
12 126
121 154
23 91
75 208
0 193
166 214
23 42
117 135
109 176
21 132
20 27
2 208
145 174
5 108
151 181
25 71
179 189
118 187
137 149
191 196
107 145
23 196
152 180
11 224
30 201
32 68
48 140
84 117
49 202
33 149
3 131
112 115
49 77
35 194
0 159
107 222
41 109
18 24
135 166
66 102
25 221
71 206
31 83
47 147
0 40
25 122
48 90
126 204
169 216
89 223
82 164
119 154
89 147
66 186
23 52
15 223
135 224
50 91
23 55
145 164
50 52
134 184
94 207
58 168
22 218
70 206
1 9
5 92
118 181
8 216
17 202
8 61
75 182
107 189
209 215
6 20
53 84
69 143
10 11
5 84
57 219
9 20
91 141
14 219
49 170
46 132
115 163
56 77
39 186
89 180
19 76
5 94
74 212
42 214
39 225
75 217
200 225
113 134
157 199
190 218
110 121
13 201
8 84
29 88
19 140
35 70
1 149
102 219
72 90
53 182
7 193
61 79
71 208
27 69
70 97
93 197
33 93
117 149
182 185
24 185
114 221
31 151
51 63
114 176
188 209
102 215
83 176
91 104
180 210
52 76
5 205
112 166
138 140
98 207
138 175
1 169
60 94
33 152
181 219
6 86
175 186
91 178
14 64
132 204
169 225
57 156
59 94
75 202
1 148
23 101
29 73
38 146
93 109
78 146
109 193
103 167
121 178
20 31
141 174
116 191
159 205
103 177
61 140
63 114
166 203
125 166
145 214
37 173
15 104
129 184
177 191
27 66
40 96
109 210
64 143
41 147
110 181
73 216
36 205
61 195
75 192
43 91
135 183
34 73
19 145
108 213
5 102
51 82
133 136
55 161
15 61
62 189
126 154
87 107
109 172
184 187
25 40
132 144
106 209
150 159
93 153
103 158
95 216
72 177
34 153
36 101
74 159
43 71
193 219
2 98
133 172
79 202
76 222
119 193
97 108
166 175
93 186
120 217
6 126
140 143
107 138
39 137
89 135
25 212
14 153
11 63
23 43
81 163
74 187
117 183
218 225
28 202
81 115
15 167
115 182
123 178
18 25
22 138
54 57
90 113
111 122
141 214
36 146
11 194
21 193
99 187
19 185
8 150
43 97
154 167
31 51
202 220
130 217
88 103
152 170
25 48
15 42
72 205
16 86
91 211
179 193
164 204
52 225
82 217
80 84
67 176
22 87
7 39
179 201
102 196
84 177
132 147
18 182
3 53
117 119
96 187
147 167
49 94
127 206
56 162
82 158
17 136
102 142
3 153
22 83
13 93
91 114
1 183
11 121
70 138
14 130
102 129
56 147
48 98
100 168
45 47
101 203
90 141
15 45
102 195
153 176
126 225
174 225
10 19
9 197
55 180
5 9
39 177
1 155
160 188
12 224
80 126
105 204
188 192
77 210
55 73
134 182
164 195
9 80
41 93
135 220
152 188
61 76
3 73
13 221
94 180
73 168
101 223
204 211
43 207
47 69
84 116
112 213
73 206
33 58
15 158
79 206
1 22
0 5
39 134
27 174
44 212
4 144
14 172
80 197
43 141
36 104
93 147
176 221
24 154
201 211
78 93
31 182
70 222
132 148
21 87
61 112
40 51
16 67
73 88
99 107
11 41
182 206
22 101
119 166
178 191
14 147
82 208
44 141
178 199
33 197
5 103
55 203
81 152
136 163
55 76
74 193
130 155
15 128
60 195
66 129
117 143
110 147
116 142
77 174
85 129
152 196
163 195
161 225
58 140
113 197
62 159
134 186
102 158
54 164
76 158
33 209
110 139
209 212
47 83
93 117
35 97
30 214
62 117
34 188
150 212
129 160
103 113
29 210
63 205
130 139
96 132
60 192
96 101
78 157
133 134
113 184
75 117
31 110
12 210
157 207
159 206
162 202
34 116
79 96
193 216
175 195
72 186
25 116
39 99
62 172
91 125
0 223
62 217
213 223
112 128
143 172
161 176
23 130
87 143
23 191
61 172
57 67
64 153
23 80
28 84
115 212
37 94
31 146
106 170
72 218
10 143
119 163
25 31
127 181
8 104
66 157
62 164
51 130
117 165
83 182
53 223
174 218
23 165
19 196
128 205
23 89
143 189
203 207
130 195
1 205
40 149
46 161
108 184
136 144
146 192
52 103
10 44
6 106
131 209
25 96
90 213
166 181
32 127
65 203
27 123
153 166
36 86
77 199
29 175
17 219
146 197
68 119
126 162
52 191
102 133
18 196
36 195
51 171
114 119
161 184
14 15
69 183
37 223
24 92
61 110
10 144
73 86
85 130
39 149
150 192
81 99
44 46
66 134
196 199
192 206
62 135
117 154
24 52
173 197
4 19
177 225
95 158
119 209
93 114
2 9
149 216
87 172
69 126
111 118
32 202
25 105
172 217
182 216
125 128
46 140
93 144
160 214
155 188
121 130
73 213
38 200
17 48
151 201
164 199
138 200
199 223
196 213
136 170
92 97
69 73
46 82
41 75
84 150
103 190
28 53
24 175
111 212
117 209
13 69
183 184
70 128
122 141
55 87
25 46
9 172
113 221
134 164
143 190
200 207
79 102
95 200
167 193
8 55
0 153
96 148
1 5
70 93
38 126
94 136
3 55
14 183
21 45
138 163
10 185
9 201
23 41
45 89
147 180
44 127
59 111
70 188
40 57
175 179
3 96
33 60
164 197
109 218
34 87
18 175
80 210
12 219
133 187
23 98
47 133
135 222
73 152
139 197
8 99
77 186
158 203
0 152
153 207
125 180
43 196
17 177
22 210
6 189
180 203
85 93
112 188
63 209
78 120
58 118
49 206
56 130
92 132
133 208
162 211
15 121
27 99
135 153
135 136
47 214
89 166
11 60
67 207
79 81
82 155
9 145
20 134
40 150
10 59
67 104
90 199
60 137
43 51
194 216
158 206
98 136
134 213
92 209
6 74
22 168
35 117
21 130
14 163
66 173
108 112
3 103
28 143
11 93
10 175
17 169
186 223
159 182
149 155
174 212
88 225
13 83
109 168
42 151
31 57
152 200
52 88
52 222
17 185
54 84
20 208
37 194
155 202
29 186
0 104
31 212
211 221
51 218
59 181
65 179
40 52
31 223
75 159
91 217
30 213
113 152
48 207
163 220
43 68
21 150
133 151
66 220
41 103
56 78
148 225
12 137
5 35
172 220
64 129
10 54
154 197
48 164
39 170
170 224
53 195
4 143
69 218
159 225
205 220
37 181
30 57
192 216
20 92
34 222
77 116
4 52
83 223
78 216
55 181
121 189
120 168
32 118
116 183
42 135
190 192
188 223
23 82
112 218
102 148
82 86
66 100
139 188
152 162
94 183
44 145
170 189
107 211
48 218
141 224
50 154
163 169
3 41
133 158
174 224
77 170
5 216
96 117
174 211
95 212
47 65
37 187
161 219
69 202
11 21
43 188
97 198
186 204
183 186
21 134
37 139
43 163
133 191
27 75
43 167
112 160
38 73
99 115
140 204
128 177
78 91
109 171
65 71
19 50
0 66
105 172
36 203
77 140
78 174
63 127
69 177
152 182
100 141
13 118
22 74
23 146
186 188
34 115
119 149
20 77
169 207
67 118
184 205
99 118
137 203
21 42
77 161
14 65
74 141
145 166
62 213
173 206
136 219
47 94
14 98
91 195
5 202
180 198
22 174
103 216
16 128
215 223
8 69
10 120
43 117
45 200
29 87
151 211
119 120
139 201
1 224
75 179
18 162
42 64
38 47
100 117
79 194
123 124
79 83
81 223
69 104
49 208
30 216
34 111
24 88
143 153
64 203
94 186
155 163
34 181
18 105
2 133
41 50
48 132
189 225
58 148
33 207
158 207
59 209
35 66
134 140
91 118
143 221
166 195
128 216
140 177
52 162
109 219
106 178
48 222
13 105
208 224
40 185
198 225
45 211
42 161
18 185
25 144
21 216
48 96
1 204
4 169
26 67
33 184
10 110
33 116
145 217
126 207
54 169
12 68
97 140
105 144
11 50
26 45
26 47
8 62
119 144
25 215
166 198
39 167
65 180
117 137
3 29
11 190
58 61
70 197
177 205
84 215
173 208
101 116
8 50
0 70
111 128
184 225
67 217
52 179
50 127
67 215
149 171
85 112
61 200
71 116
72 174
55 159
105 133
121 165
18 150
51 176
85 179
21 117
2 116
109 177
117 225
35 49
19 39
42 54
145 172
81 139
144 177
87 199
160 161
153 175
45 216
131 152
90 204
74 81
26 76
106 144
80 90
87 116
180 195
0 156
88 130
108 117
94 118
44 206
57 101
48 54
16 51
25 183
3 159
27 186
7 11
49 136
34 70
174 183
190 196
69 216
72 160
65 168
6 137
41 133
168 178
28 98
20 223
106 224
86 165
4 90
49 130
10 113
198 202
131 179
16 222
25 190
117 164
74 171
180 219
54 199
14 62
13 132
10 69
90 128
67 161
139 219
28 65
41 114
77 87
149 221
69 149
31 43
119 219
44 180
66 114
101 221
11 90
64 94
178 224
5 86
190 197
181 194
128 149
107 166
34 101
88 102
187 224
0 29
69 82
74 84
58 190
134 173
18 202
10 30
102 159
56 98
39 194
88 176
40 47
30 163
59 218
150 160
81 150
119 210
92 114
75 181
57 129
208 210
181 220
5 141
91 184
136 217
86 103
98 130
1 218
11 192
9 63
103 161
2 128
8 26
66 92
59 199
84 225
2 160
13 165
47 59
166 216
76 112
27 78
131 181
31 130
9 56
57 195
144 156
51 190
4 208
3 113
2 209
18 59
144 215
27 64
2 185
103 134
107 136
110 137
31 125
2 210
156 177
19 186
19 27
50 137
95 168
27 56
193 202
52 58
148 220
15 57
95 183
119 198
97 183
72 142
138 198
149 185
111 181
33 102
9 24
206 207
92 161
212 214
144 194
217 221
146 158
101 179
128 207
174 206
60 120
94 175
143 163
110 206
56 120
159 213
118 196
165 224
5 165
33 132
120 169
6 8
27 210
6 148
159 161
172 194
206 217
52 56
104 182
41 135
32 174
46 138
3 209
12 101
59 180
79 147
17 116
4 221
59 107
40 136
69 189
5 11
106 210
83 112
37 74
45 84
29 46
87 177
89 112
21 112
34 58
38 123
108 215
129 161
63 132
18 224
98 104
50 88
61 88
161 221
133 146
83 128
62 184
36 46
72 190
27 127
57 189
17 200
127 152
59 177
22 29
24 166
112 171
206 212
38 51
29 180
23 217
173 189
71 163
127 225
8 222
11 187
124 200
124 159
95 160
171 196
80 209
40 158
115 193
52 202
83 160
189 219
44 162
31 203
195 202
81 102
71 105
173 225
145 197
122 224
7 182
4 203
19 164
104 157
41 200
70 142
50 73
116 163
39 72
133 185
121 216
7 110
6 224
11 201
142 159
11 68
81 218
91 204
111 115
9 54
40 72
73 123
34 140
45 149
19 89
94 182
3 225
82 150
155 208
49 173
79 120
24 153
85 99
173 191
171 204
62 66
8 119
36 166
164 172
107 137
17 128
153 212
75 100
57 64
42 166
4 183
160 208
111 220
50 212
73 203
52 144
132 142
54 176
143 179
122 212
22 23
123 139
63 66
13 181
183 199
64 134
69 124
33 106
49 106
97 162
33 65
48 58
2 46
33 100
60 184
44 97
163 218
16 52
36 63
86 146
28 173
67 96
38 91
30 101
36 53
10 101
20 175
6 211
178 210
42 189
87 127
102 154
88 97
78 180
4 37
17 53
16 179
120 162
37 100
108 188
60 102
52 139
85 131
43 120
167 206
80 138
35 123
178 197
24 119
170 181
64 78
25 112
58 154
79 193
6 91
132 162
101 191
37 161
30 188
77 134
66 68
51 225
38 131
15 32
5 91
30 119
28 86
5 150
57 146
63 176
97 181
49 178
126 152
206 225
112 121
40 71
16 144
60 165
115 194
39 80
57 125
165 203
45 120
104 177
15 38
178 223
76 133
141 188
77 147
67 77
35 57
7 109
41 185
49 71
61 202
28 171
121 215
66 209
110 163
54 207
3 163
123 147
56 165
74 116
134 171
77 96
59 155
119 167
17 91
77 146
17 220
190 191
63 113
122 181
5 219
103 105
9 51
80 104
14 67
75 203
147 173
88 104
120 173
66 78
152 199
15 40
65 172
181 213
58 105
60 209
28 136
23 223
32 186
12 43
116 177
25 137
63 206
69 186
15 85
38 149
44 147
59 220
50 108
57 82
6 143
39 192
72 133
64 184
30 102
87 176
42 181
47 60
106 216
9 178
204 216
149 193
14 123
186 215
6 167
94 181
108 158
111 156
166 193
17 173
131 132
38 94
93 161
174 215
132 187
177 188
130 145
63 188
118 166
98 204
148 190
7 21
94 109
150 179
45 158
0 133
61 106
0 138
69 224
37 89
123 212
1 85
83 87
79 218
82 96
83 143
114 173
110 195
190 209
100 220
57 172
60 201
104 142
112 122
94 184
16 33
48 203
75 171
80 149
161 216
49 108
140 166
17 139
123 190
53 152
21 49
46 123
125 209
23 108
51 103
143 152
60 122
49 224
28 89
3 84
128 222
100 103
61 149
6 51
77 191
47 80
123 223
7 102
10 26
59 153
137 164
121 169
44 164
9 213
127 135
71 207
59 157
54 112
163 184
28 142
15 180
53 141
4 195
106 203
61 132
102 189
91 158
130 142
69 152
111 153
91 205
91 210
144 205
40 93
134 159
175 192
15 220
165 179
89 185
210 224
29 123
69 102
130 141
11 92
162 205
23 166
61 131
159 167
173 179
73 110
124 220
70 117
23 210
146 208
89 204
88 162
55 66
55 145
3 152
73 204
87 92
130 219
28 188
173 218
59 212
58 172
51 147
143 220
151 202
129 173
175 176
182 194
69 165
45 205
128 187
173 185
173 219
33 70
159 183
20 35
26 206
15 181
181 205
14 99
116 203
122 186
83 117
13 156
76 224
50 214
123 203
82 200
106 194
40 194
5 166
94 126
31 67
64 101
59 184
2 97
166 174
78 183
31 77
101 130
99 120
35 109
134 144
141 144
52 165
200 213
104 170
40 221
64 108
69 83
118 162
29 218
125 134
25 49
36 159
87 157
90 138
3 112
18 21
42 111
14 165
111 154
157 206
34 161
111 174
96 211
144 165
158 196
151 222
75 102
103 107
204 219
77 105
11 179
60 121
7 145
2 142
192 218
32 76
31 150
87 179
45 104
71 146
30 130
93 135
99 140
36 186
105 138
167 201
24 188
183 201
135 156
94 134
141 163
175 184
191 206
112 145
37 197
46 72
68 114
116 222
73 130
16 196
19 200
2 181
196 223
53 111
119 139
7 121
171 223
8 23
164 220
67 141
119 171
13 43
144 152
190 220
6 145
55 118
16 132
174 217
46 47
63 81
205 218
17 176
116 193
84 101
122 126
177 193
117 152
47 120
179 194
31 195
151 199
106 142
64 73
105 160
8 40
126 215
74 140
47 117
57 152
65 121
51 111
37 205
25 171
75 176
75 131
44 221
159 170
12 81
18 100
180 212
142 145
19 197
14 217
50 134
12 19
24 106
27 86
128 175
87 124
61 93
100 107
28 138
138 158
8 140
79 139
24 183
21 215
59 138
156 225
41 220
62 125
2 110
59 147
69 117
78 134
121 210
92 95
127 186
34 82
98 224
25 141
4 25
81 90
17 92
60 63
44 125
121 143
13 87
112 139
141 143
137 196
88 202
163 182
155 206
160 176
111 170
90 161
120 129
32 120
51 187
10 156
29 148
46 59
46 219
93 123
149 215
205 215
117 223
112 220
147 212
142 197
165 225
20 115
27 165
38 130
48 116
61 214
4 35
44 179
14 47
125 212
100 146
42 69
11 100
48 78
65 163
14 53
34 107
113 217
5 161
153 214
5 204
20 220
205 208
21 179
39 153
146 157
85 109
45 88
69 144
83 177
159 178
186 208
170 219
206 211
43 220
153 203
77 90
138 164
69 170
71 174
113 178
98 127
168 222
187 204
90 189
112 193
31 56
147 151
20 43
52 199
83 192
131 133
135 185
20 163
75 211
15 202
185 189
216 218
44 58
62 127
64 207
129 183
0 220
53 110
7 156
23 116
151 212
10 42
171 199
26 178
141 183
3 107
21 85
2 52
84 126
24 47
86 162
83 167
192 220
49 198
77 151
7 107
22 208
101 141
77 144
111 222
4 58
18 37
144 218
30 180
195 225
2 8
50 131
18 146
82 104
113 135
87 154
29 221
60 83
122 218
84 178
74 161
95 222
42 201
105 187
1 88
128 209
24 27
67 165
40 159
128 170
81 196
19 62
27 70
167 208
163 205
54 61
63 185
116 166
111 192
93 211
29 91
23 123
25 66
71 165
128 190
61 74
20 76
60 156
24 186
86 98
23 49
195 196
49 165
201 207
94 157
19 144
15 116
134 223
96 218
50 55
79 177
1 41
169 191
85 184
85 202
110 213
111 152
123 204
102 132
23 86
15 172
123 133
21 140
34 194
122 164
26 98
83 180
189 201
86 112
19 137
121 192
15 224
197 206
15 41
60 203
54 155
21 61
124 166
78 184
12 191
51 162
84 165
185 218
113 136
54 86
43 192
32 82
135 168
69 192
139 225
5 88
134 166
58 94
98 158
123 185
132 194
18 177
104 163
15 115
130 196
4 160
27 147
60 112
76 188
101 181
15 222
93 183
170 225
115 191
4 202
165 192
91 129
205 225
17 86
39 201
144 201
160 202
166 171
124 187
5 79
47 54
0 169
174 182
54 154
109 179
48 177
2 151
182 193
22 164
76 199
24 38
137 138
141 195
82 193
42 108
189 222
19 111
100 175
176 177
38 61
111 176
35 115
85 136
56 196
116 209
102 139
6 83
139 164
1 222
74 206
163 171
3 141
165 194
64 68
99 126
17 41
15 20
85 96
14 204
55 147
97 207
6 149
205 219
185 224
61 167
45 215
107 133
62 155
105 119
9 163
29 152
136 168
126 196
145 148
16 61
8 160
27 30
113 177
155 210
51 125
90 198
133 168
48 206
141 219
120 126
7 176
136 210
54 180
215 218
2 170
63 141
82 135
0 109
165 202
62 160
107 135
0 113
41 85
152 186
105 148
44 47
47 183
84 176
129 166
80 92
206 224
2 65
36 220
177 198
61 81
160 222
102 198
37 204
71 152
79 162
54 105
181 214
86 183
64 172
127 194
16 81
72 124
142 184
87 163
10 32
137 208
50 169
46 70
43 48
146 166
13 40
138 210
83 139
103 166
27 149
176 223
152 215
35 119
101 160
66 132
4 192
21 158
104 191
100 207
111 202
93 179
12 73
116 200
27 225
131 167
65 138
25 53
136 185
1 118
164 201
142 152
201 210
118 151
83 113
80 141
10 12
26 49
37 216
81 160
17 44
97 142
70 75
87 195
17 183
67 190
50 76
55 150
168 186
17 78
162 222
17 84
36 149
133 149
131 168
10 130
0 59
20 52
16 217
97 106
152 211
112 217
103 185
60 134
7 206
29 66
75 98
6 136
192 212
122 215
180 199
132 193
52 97
117 224
80 103
42 199
163 166
106 215
51 164
44 189
28 209
63 136
39 115
37 88
144 162
8 199
22 77
129 151
84 180
56 82
44 100
84 90
100 112
84 188
32 93
62 168
10 89
16 190
87 224
108 200
7 124
11 62
118 178
28 45
9 64
63 155
48 200
27 38
204 222
24 76
49 91
88 222
144 161
8 138
9 25
162 206
108 139
165 223
43 126
17 216
119 190
64 165
108 119
23 136
158 174
67 126
39 211
3 220
99 104
77 110
197 209
33 79
197 217
72 180
99 121
51 122
24 130
90 174
35 95
44 225
28 181
77 150
16 140
61 136
140 173
95 196
9 140
146 221
144 190
5 213
80 161
80 203
67 85
85 211
191 211
8 105
86 106
28 189
9 189
3 169
149 225
20 207
17 37
72 168
64 215
65 147
9 218
157 189
28 58
30 114
38 39
164 168
43 217
2 74
69 185
15 152
54 159
69 133
5 179
20 159
78 193
195 217
136 209
40 196
16 216
97 222
121 135
127 203
18 46
4 126
37 81
24 225
103 104
86 185
71 180
61 168
199 201
58 152
100 116
60 126
49 83
85 166
112 155
26 222
186 192
128 165
48 175
122 144
83 210
39 143
78 140
133 177
10 73
35 161
29 70
79 123
24 108
117 147
141 196
199 224
2 43
0 95
0 3
180 224
71 217
125 187
71 211
6 129
23 104
22 47
12 103
114 225
53 118
27 141
12 23
45 85
19 152
71 127
1 7
125 132
127 224
27 82
53 149
200 216
65 167
108 142
38 75
0 182
157 161
31 134
116 123
67 110
70 148
116 202
83 144
100 139
49 110
106 140
6 15
11 196
48 53
28 90
44 123
128 182
15 97
81 82
74 169
91 159
53 93
72 219
21 26
103 120
52 218
89 104
153 187
90 123
156 168
27 41
71 213
110 189
11 134
99 209
28 195
106 167
83 123
48 167
39 87
37 41
152 206
8 197
20 194
51 68
75 157
43 110
123 156
1 122
50 221
63 190
94 164
174 190
163 183
53 174
142 189
40 70
45 186
159 193
148 164
102 179
33 148
48 64
15 53
74 80
7 178
21 190
67 143
144 213
108 219
70 140
134 137
57 223
11 47
57 71
122 146
7 81
96 115
114 123
196 219
48 117
101 164
76 216
79 140
114 128
126 212
49 126
76 121
112 149
131 185
19 46
45 91
89 164
27 195
216 219
88 199
184 200
201 206
82 120
6 97
43 107
63 177
112 177
108 136
57 224
42 120
14 92
55 68
171 198
6 111
102 183
57 202
143 208
42 156
52 203
8 13
6 80
55 210
79 131
184 195
120 150
4 207
27 121
132 180
111 184
122 201
110 169
82 177
10 221
96 139
69 199
140 162
112 157
23 219
140 203
74 214
41 116
52 65
7 136
27 100
45 169
132 160
39 48
13 44
100 160
112 168
123 220
43 168
38 99
57 175
89 129
47 61
40 60
52 211
115 156
158 205
42 93
130 208
61 130
139 142
19 61
101 122
36 119
19 94
54 114
110 146
112 176
80 157
38 144
56 62
43 53
13 38
9 125
70 215
183 215
17 137
199 225
10 97
16 137
17 120
29 68
68 81
150 190
89 176
11 24
35 80
183 208
19 82
116 120
204 220
10 108
55 67
70 167
1 92
15 120
170 208
14 31
2 214
68 124
7 132
60 191
68 112
86 208
2 106
13 219
146 182
99 193
5 64
17 186
151 195
23 132
35 92
55 124
20 25
68 199
128 194
173 178
97 221
170 193
126 163
41 203
19 86
1 83
96 222
100 224
141 179
57 99
78 107
119 151
112 185
17 203
98 125
116 208
132 214
62 128
65 170
72 211
60 148
62 79
91 192
21 137
91 209
1 43
46 107
100 142
106 153
87 221
67 162
26 50
105 191
139 218
27 95
89 126
75 83
115 143
131 205
46 87
10 13
41 96
123 191
20 21
145 224
23 103
90 167
162 193
16 121
45 161
62 171
40 111
180 209
183 185
40 191
26 224
18 120
89 145
56 138
76 225
