231
11
4781
60
111 2
142 2
103 2
109 4
126 2
146 3
125 3
141 1
131 4
120 2
138 1
110 1
96 4
138 1
129 2
105 1
145 3
98 4
109 5
135 3
112 2
138 1
119 3
110 5
140 2
109 1
125 5
101 1
96 3
120 4
120 4
143 1
112 1
102 2
113 1
122 2
139 5
133 1
126 2
95 4
113 4
135 2
109 4
117 2
104 5
139 2
113 2
139 5
108 4
126 4
113 3
139 5
144 2
144 2
120 4
126 2
100 2
111 5
128 3
136 1
141 4
125 2
118 3
134 1
121 2
111 3
130 4
142 2
105 5
95 3
131 2
137 4
139 1
97 1
104 3
138 4
133 3
95 2
103 1
104 3
95 5
97 3
102 4
131 2
108 1
136 5
115 4
136 1
115 1
109 3
118 4
142 2
132 5
131 3
102 3
100 2
129 2
133 4
98 5
137 4
134 2
141 4
116 1
105 4
120 4
119 3
132 5
136 5
137 1
141 2
144 5
146 3
115 3
123 4
142 3
145 3
115 5
113 1
117 4
140 4
134 2
99 1
133 2
113 3
122 4
116 3
117 2
108 3
135 2
99 4
108 4
120 1
115 5
106 5
103 3
98 3
118 5
121 2
110 3
119 5
126 4
105 1
108 4
118 5
115 5
145 4
140 4
115 2
120 4
138 2
112 3
108 4
136 3
117 1
143 1
115 2
139 1
108 2
103 3
98 3
134 1
103 2
98 2
141 2
124 1
122 5
95 1
128 4
124 3
126 2
113 3
99 2
135 3
111 4
108 2
108 5
139 4
138 1
139 2
120 2
95 5
107 4
120 2
124 2
121 2
117 3
128 4
122 3
136 4
104 5
145 3
136 2
131 5
110 4
130 4
130 4
145 1
122 4
116 2
109 2
127 1
135 4
115 3
136 2
106 4
102 1
113 5
128 1
128 5
115 1
106 3
138 2
135 3
126 1
102 1
99 2
103 3
139 2
116 2
113 2
114 1
141 3
123 4
100 1
129 2
143 5
128 3
140 4
137 2
140 5
139 4
2 171
4 135
50 140
108 147
1 118
23 124
167 196
59 223
28 95
102 153
190 215
98 216
32 109
73 172
228 229
42 103
44 52
164 195
31 193
52 71
148 179
9 70
40 198
87 157
70 179
69 189
89 176
146 192
78 124
204 224
78 206
191 194
94 212
89 151
105 184
145 224
93 150
97 195
204 229
113 192
63 92
51 115
12 160
22 140
55 169
47 92
150 166
52 108
40 78
50 125
43 160
42 118
16 195
4 124
19 196
153 170
79 226
79 114
193 208
51 213
141 230
106 175
133 197
62 128
45 171
56 180
103 139
80 218
121 158
146 166
95 172
60 102
30 128
50 192
82 114
10 109
110 176
97 101
104 133
126 135
111 137
156 166
66 175
90 173
116 184
116 146
6 146
128 222
78 201
17 92
49 116
50 145
140 158
50 177
211 224
19 56
9 204
51 149
4 16
26 145
82 95
16 43
123 184
163 200
134 160
84 131
45 140
0 104
53 199
14 19
78 143
57 122
131 136
193 213
28 149
57 164
144 189
24 219
108 215
98 220
78 212
137 150
100 166
171 207
24 184
45 223
152 193
6 165
116 178
39 221
5 121
78 96
43 48
31 220
29 144
14 44
14 143
79 197
154 203
17 207
94 198
3 39
33 111
33 193
111 219
50 193
62 87
47 211
52 106
96 128
121 157
112 177
184 222
144 196
39 186
103 179
48 214
73 168
93 171
37 73
14 82
18 180
72 142
51 153
113 124
51 139
0 195
109 201
104 116
143 197
197 205
29 162
12 207
71 151
31 216
30 160
76 204
6 104
124 218
16 205
212 220
18 204
80 137
170 180
172 216
84 217
32 131
82 126
6 124
145 184
18 119
46 61
9 203
8 45
15 102
209 224
143 191
16 130
7 65
61 186
72 212
140 143
191 206
39 217
15 86
84 204
3 102
1 63
106 146
99 118
158 166
97 118
52 96
89 216
138 160
127 201
99 172
140 176
74 169
125 205
6 209
45 125
86 182
35 143
76 174
56 117
89 205
70 161
71 135
31 160
19 121
15 201
56 216
19 137
41 228
96 121
26 158
35 102
13 52
68 156
132 134
0 112
38 74
77 84
85 218
126 152
108 229
113 166
8 62
114 170
13 39
131 137
31 138
99 126
31 214
85 182
112 193
60 118
187 214
79 194
116 198
139 212
112 211
27 111
5 178
32 176
111 165
9 106
36 153
55 60
32 199
10 69
173 213
3 27
115 220
91 151
102 120
96 135
70 146
26 93
36 118
20 115
5 151
133 212
106 198
3 127
93 167
37 210
7 185
58 88
52 168
98 225
137 154
115 117
60 91
167 195
71 157
126 163
147 172
104 226
76 133
155 197
21 87
112 198
42 229
5 46
103 115
44 106
187 203
20 90
32 50
107 178
41 53
127 186
152 164
44 224
118 200
26 185
16 77
37 203
115 195
62 157
48 218
20 127
91 102
9 101
36 89
65 166
108 170
48 70
12 189
12 215
157 188
157 162
140 217
16 32
94 136
14 68
167 187
36 71
65 173
209 212
59 60
198 216
47 217
123 134
128 155
134 152
23 38
60 215
80 229
103 120
84 130
23 142
127 217
12 210
23 216
26 73
72 162
29 211
8 105
90 207
72 92
130 154
172 178
95 217
14 112
183 194
71 84
3 119
77 184
115 186
36 62
35 67
84 132
83 162
151 159
99 175
127 153
86 134
72 79
74 203
82 97
54 58
41 100
16 58
18 84
52 174
60 210
156 181
86 183
213 215
20 172
28 105
9 157
173 201
119 155
123 162
111 185
77 153
173 199
23 86
157 217
63 170
147 148
25 180
50 113
25 168
33 178
87 105
81 172
111 162
8 92
33 230
191 212
39 65
32 36
70 151
194 205
27 34
25 27
126 153
9 198
124 139
30 189
77 91
124 147
38 196
90 223
53 189
67 128
134 149
20 45
44 133
108 200
57 130
19 147
23 104
108 148
67 169
62 214
2 51
91 225
15 37
66 139
58 61
17 144
66 121
46 94
104 170
100 174
25 151
188 229
156 227
138 183
136 143
27 50
72 219
19 87
179 206
53 111
178 186
28 109
4 162
51 159
40 204
97 175
50 110
84 200
150 202
43 172
151 194
55 160
36 204
4 82
73 88
33 142
32 214
89 191
156 208
103 113
43 68
132 227
127 168
140 221
28 106
12 32
10 211
66 126
141 158
43 130
96 227
8 56
60 86
139 167
18 104
19 223
100 207
56 104
106 113
94 122
117 128
57 200
55 144
67 83
45 198
78 80
118 191
144 155
119 205
87 100
48 191
106 118
70 193
82 208
4 182
195 218
56 87
0 166
87 189
0 129
30 172
7 132
3 9
0 109
63 98
213 214
47 154
35 92
191 208
145 196
58 82
72 180
39 102
30 196
134 138
99 174
36 57
4 194
100 176
18 167
53 226
22 174
28 120
104 159
81 163
61 131
25 119
26 157
59 122
77 82
48 153
113 224
146 208
95 197
184 224
23 166
87 146
37 182
204 228
109 191
84 99
16 61
25 205
7 33
35 137
101 155
53 152
71 159
194 217
57 99
39 155
155 208
41 198
5 17
20 152
110 136
1 43
68 197
8 175
124 164
36 112
32 221
107 191
102 133
28 35
33 100
115 193
62 83
65 139
21 149
49 192
91 210
72 105
42 89
13 224
95 123
6 79
4 115
21 131
126 204
104 187
205 219
11 26
6 103
76 122
13 170
59 190
37 117
38 138
125 144
114 152
162 179
71 89
3 174
88 100
25 176
192 193
133 140
3 96
14 227
163 201
50 222
58 141
132 199
13 151
150 175
104 115
156 171
189 196
97 230
136 181
56 133
99 144
43 55
0 121
47 136
78 158
27 169
109 230
178 229
156 218
50 83
137 216
85 108
132 153
32 83
72 75
143 156
118 184
179 226
63 220
63 218
152 216
87 166
81 214
70 123
60 76
14 34
10 134
65 210
120 199
63 222
19 50
62 150
77 109
57 84
142 170
77 146
17 105
48 165
156 170
142 225
186 220
49 184
195 205
128 133
155 221
21 134
13 207
85 226
22 151
124 140
85 139
139 196
98 176
219 225
4 37
91 106
39 182
109 164
82 103
57 192
153 209
136 212
18 170
180 230
107 220
77 174
21 184
9 154
0 107
82 155
64 138
125 128
125 213
34 86
138 217
63 195
151 230
205 216
79 129
64 222
146 197
135 184
87 153
153 226
51 65
76 81
182 190
121 134
171 203
29 46
0 58
177 181
75 104
92 122
9 140
147 187
117 195
18 22
5 80
185 206
191 217
81 165
23 224
45 123
31 115
108 206
45 137
46 86
119 131
64 209
40 92
18 61
102 127
108 122
38 168
70 152
1 177
44 213
46 188
5 27
47 163
16 68
50 60
39 185
4 93
74 197
94 205
177 205
81 108
165 203
115 131
98 125
105 154
109 200
173 174
96 155
7 13
14 161
1 71
1 147
146 160
185 197
165 192
140 196
10 37
128 191
29 160
135 209
15 48
208 210
75 177
46 180
91 176
27 132
70 170
16 139
133 228
63 212
107 175
32 59
79 89
28 157
37 39
187 220
100 188
78 132
3 43
42 104
26 45
118 148
112 158
14 124
78 118
131 210
16 216
43 133
82 141
61 75
137 181
34 228
85 170
10 212
60 158
1 188
34 212
3 44
12 52
12 224
112 196
13 85
181 217
16 223
156 210
90 183
37 56
6 92
0 201
13 32
218 229
19 225
1 158
223 224
145 210
170 226
133 156
89 170
21 59
56 79
7 82
14 42
37 148
139 182
81 93
116 145
145 152
92 161
42 130
12 186
11 219
5 100
146 189
86 172
32 120
151 202
35 109
82 175
6 55
47 193
33 198
28 173
156 230
9 111
223 228
29 140
204 210
163 168
27 162
4 211
22 128
88 96
221 222
51 96
20 65
93 212
6 156
150 205
85 223
93 192
11 106
167 186
38 58
109 111
14 187
0 164
33 215
32 223
94 157
97 142
136 200
25 141
46 194
43 184
72 217
84 163
47 225
113 220
44 120
20 179
50 220
74 159
98 151
44 188
184 210
152 168
23 137
148 191
2 98
127 143
16 56
36 146
99 209
188 208
64 190
116 149
112 169
138 153
130 135
57 121
12 19
97 207
116 158
102 110
115 228
72 100
118 204
47 227
11 168
127 136
117 205
18 205
124 128
96 109
41 172
21 175
88 129
87 131
11 46
33 217
130 212
118 223
23 37
116 192
117 131
122 139
89 207
55 119
23 138
51 148
149 203
40 177
69 197
38 139
22 204
163 209
178 202
133 200
158 182
9 161
115 119
117 170
145 204
15 230
32 52
68 195
56 71
62 90
105 204
18 135
33 37
33 171
138 146
14 128
72 174
59 153
69 162
161 194
63 221
106 130
117 168
1 39
16 137
99 220
132 136
94 126
43 180
35 74
27 36
159 223
26 51
13 215
54 153
16 126
10 60
128 173
113 218
76 119
145 182
92 123
188 206
58 177
47 194
24 76
5 65
88 144
111 132
21 178
66 220
48 217
206 211
203 215
60 79
145 173
99 110
151 177
6 193
20 138
132 150
86 215
17 208
13 67
70 180
53 117
194 211
45 166
16 92
40 178
27 72
110 210
98 133
202 208
131 146
125 155
142 149
112 171
165 191
8 224
95 227
29 38
173 207
9 196
19 62
89 221
29 96
22 172
18 163
133 168
135 151
3 209
29 158
2 48
22 170
123 220
10 146
168 214
128 202
80 99
26 97
9 136
95 229
27 213
43 125
10 229
42 88
118 189
104 153
68 110
69 98
139 200
93 178
76 92
30 90
73 94
142 166
174 214
62 100
50 65
139 141
14 214
33 86
36 187
122 126
25 186
140 189
76 121
106 133
83 227
68 203
195 196
109 170
149 229
102 211
1 106
222 223
95 184
46 60
72 106
121 213
68 189
95 190
17 62
11 39
44 149
67 141
129 197
135 146
71 183
53 74
76 126
111 196
138 143
63 158
88 125
128 178
22 193
108 219
26 168
66 165
114 166
128 159
135 192
23 225
63 166
100 149
95 109
9 180
139 195
47 64
104 171
39 213
58 108
107 173
160 182
35 145
38 148
75 76
71 94
41 67
12 196
16 141
41 83
58 117
132 167
195 229
126 188
39 230
40 81
32 179
51 113
0 116
112 119
26 79
25 142
83 230
86 196
14 94
146 211
51 168
178 198
11 85
86 106
24 135
31 36
4 110
55 208
26 179
98 183
111 147
94 219
42 105
68 95
146 186
150 172
217 230
14 179
90 123
67 69
185 219
137 178
93 196
30 95
19 194
66 207
133 206
49 183
54 133
72 169
88 173
120 211
212 223
20 198
104 127
35 123
15 54
95 141
204 215
111 228
2 160
182 218
119 139
120 157
153 191
47 207
118 144
25 128
43 163
11 45
101 208
162 215
72 95
26 155
34 219
24 155
71 173
51 170
2 7
10 222
44 60
38 133
69 211
107 137
113 223
50 91
150 174
11 24
36 148
0 117
202 221
64 108
98 112
91 97
163 221
96 216
107 125
202 222
206 217
37 65
29 137
203 221
40 52
82 190
43 214
66 159
53 54
56 158
57 221
89 105
172 179
76 90
110 146
123 195
154 167
12 167
38 108
54 70
19 73
29 74
45 209
34 60
130 144
13 110
76 160
44 93
128 182
146 226
152 217
41 225
83 193
183 209
97 227
106 189
7 45
110 154
134 157
107 144
5 161
145 227
13 150
106 186
12 23
189 204
65 121
25 26
171 229
45 64
18 27
69 136
133 167
39 187
47 206
203 216
42 92
173 183
110 226
57 149
73 189
130 140
88 108
48 178
82 101
24 56
87 174
46 168
60 104
112 122
19 163
99 140
41 223
95 143
70 212
40 97
107 221
95 132
72 137
59 99
32 170
101 151
76 165
146 152
99 199
101 229
130 163
33 112
2 6
53 89
152 229
36 122
69 132
49 129
36 229
2 203
182 211
39 86
35 47
195 215
1 224
122 219
111 206
49 97
39 44
47 114
49 163
75 221
35 105
52 201
72 81
99 147
5 39
119 149
19 229
26 191
25 92
99 223
39 154
88 161
36 84
57 167
144 227
126 198
28 203
25 212
41 108
54 63
91 128
116 209
31 195
125 129
132 223
49 144
196 205
38 215
128 224
16 201
78 133
85 117
187 194
82 140
100 183
199 220
88 228
31 66
144 174
28 103
200 208
71 138
39 173
163 196
154 196
16 149
75 210
61 174
155 217
10 159
42 184
132 166
68 196
7 95
207 212
80 199
90 213
133 190
38 111
54 200
3 56
61 160
29 143
42 196
99 210
31 76
36 183
74 130
125 182
9 124
16 101
61 148
21 27
52 98
180 223
208 219
41 157
163 222
14 105
0 62
57 193
51 203
95 207
183 197
61 152
47 204
93 125
66 230
59 77
14 48
153 183
64 227
7 116
4 13
54 152
30 201
8 40
110 181
11 69
73 100
131 213
138 164
182 196
4 149
124 172
49 109
16 161
110 197
16 158
37 229
1 113
33 55
38 73
100 209
132 159
62 152
139 171
65 78
178 222
59 72
138 144
156 225
142 169
101 138
51 134
87 150
102 176
48 143
137 170
13 173
86 188
42 106
26 48
22 207
140 165
167 170
155 206
63 210
52 230
77 172
22 135
147 174
114 145
82 90
101 147
81 87
4 166
70 74
36 101
71 202
27 93
220 222
92 203
10 135
162 186
20 122
59 156
119 163
12 226
56 206
108 161
11 230
4 205
119 217
56 57
203 222
82 128
60 188
13 159
9 210
54 156
114 138
68 188
79 116
50 67
57 214
104 218
46 213
65 229
188 228
9 98
66 160
138 173
94 213
148 197
85 194
181 201
43 141
120 225
201 219
161 169
163 176
184 208
153 214
107 157
173 179
46 62
31 223
25 189
67 173
53 203
173 186
135 180
81 208
46 230
79 130
29 91
71 168
4 29
43 91
202 217
136 198
12 122
169 219
87 191
105 136
79 167
12 225
53 101
141 200
105 171
117 178
10 85
217 229
15 75
122 131
51 151
13 101
66 103
136 145
144 200
121 162
37 193
150 210
12 136
69 99
111 171
78 88
90 151
96 180
0 73
123 183
16 180
62 89
17 222
60 134
78 79
12 67
18 224
44 54
185 224
68 148
117 154
45 141
103 116
42 60
24 91
103 165
128 161
98 110
65 101
124 150
5 40
54 219
28 161
35 187
76 129
54 112
29 109
80 161
83 116
117 188
13 219
177 194
6 39
83 123
192 228
73 212
131 164
97 178
36 145
131 183
157 206
43 137
65 171
41 45
4 212
106 163
53 160
45 186
86 160
157 226
37 176
11 193
123 211
101 188
117 162
123 168
51 119
5 71
111 127
81 144
118 224
108 144
0 57
114 213
2 80
92 196
46 82
68 146
66 193
162 216
17 38
3 77
130 149
18 145
39 206
12 110
66 68
7 120
96 119
84 133
56 105
22 49
98 222
88 130
7 194
50 211
122 155
158 159
89 111
90 179
3 142
118 222
16 156
165 185
4 193
128 131
166 185
70 202
46 132
30 161
106 134
10 228
189 200
166 191
70 115
58 148
21 133
22 215
32 71
15 134
11 128
76 86
98 159
71 78
76 143
31 89
26 156
136 159
129 154
89 112
220 227
72 124
47 87
92 220
9 44
121 224
120 141
95 154
197 229
160 184
152 203
107 176
40 63
110 152
79 191
97 149
38 156
34 223
69 186
174 178
127 165
26 36
25 125
76 187
155 205
75 178
58 133
75 124
80 138
73 104
178 211
9 226
84 187
51 183
2 173
138 180
96 157
109 119
45 159
126 174
47 51
44 48
95 134
163 175
173 189
42 95
40 112
52 88
150 155
13 25
36 134
8 157
12 214
57 180
47 222
94 113
142 172
99 173
122 175
139 165
42 99
18 208
153 167
62 160
82 124
84 110
32 197
36 90
71 184
63 76
139 170
35 223
183 218
132 183
52 56
129 139
162 189
32 142
127 210
26 28
154 206
14 53
120 184
61 102
115 147
57 220
109 118
3 95
52 185
28 39
172 182
8 182
125 197
3 128
71 175
68 124
61 218
153 174
9 217
69 93
120 222
23 210
129 223
152 219
111 226
31 42
51 59
197 216
35 133
132 203
89 180
90 145
82 164
111 125
155 202
25 182
9 40
69 214
80 212
86 169
155 192
23 114
52 66
12 143
41 156
19 34
151 162
62 197
65 140
101 214
4 97
38 115
132 205
103 142
88 121
27 118
58 165
18 91
5 70
48 215
116 122
172 181
53 151
94 221
161 177
35 170
151 175
140 156
5 185
141 162
25 206
132 193
84 91
55 66
38 208
25 65
62 213
104 161
11 143
34 201
22 95
88 181
47 86
7 20
6 17
89 133
177 179
81 135
17 41
171 193
67 142
21 58
34 101
158 171
140 168
149 218
5 8
64 175
86 129
88 136
18 223
144 158
99 149
80 158
153 189
113 150
38 162
114 150
0 5
13 211
41 56
54 124
8 60
104 177
24 174
5 177
70 160
30 154
37 223
43 115
85 184
195 204
36 63
98 117
169 218
142 213
18 83
27 153
73 198
64 187
112 180
97 194
94 134
61 168
14 21
55 114
84 170
55 98
9 90
77 185
116 205
192 227
216 226
1 22
118 149
64 95
70 89
16 182
37 221
91 169
59 106
60 120
17 209
12 97
133 180
69 82
63 89
17 84
122 161
9 191
53 171
134 229
8 36
68 182
54 164
131 205
28 155
9 78
108 189
67 138
49 65
95 171
91 212
102 220
93 205
223 227
28 218
74 86
119 159
11 80
26 213
38 61
86 213
92 183
58 163
50 221
142 160
54 180
140 226
201 214
6 186
134 156
101 142
31 191
15 148
159 191
86 112
33 223
174 192
53 80
21 200
6 64
84 115
106 123
100 143
78 154
27 144
146 190
32 192
119 198
11 20
58 70
33 214
6 88
2 129
68 89
58 154
20 22
22 129
7 207
27 77
17 184
16 190
97 190
24 79
134 205
91 223
60 229
38 45
43 213
79 217
133 175
59 97
136 223
5 184
7 138
95 193
158 162
90 117
41 207
17 168
60 159
90 229
77 138
143 144
59 208
40 50
28 98
118 169
110 112
21 105
13 24
146 183
47 117
20 80
20 161
72 78
187 217
184 207
78 81
23 183
40 229
6 97
147 171
173 208
107 153
7 87
123 176
110 137
76 83
61 216
89 152
61 222
170 189
14 87
48 208
34 109
66 113
138 148
106 170
125 211
192 199
127 156
74 126
121 199
40 156
125 153
7 210
157 199
0 226
21 229
3 14
95 122
108 195
168 185
86 174
159 170
120 194
97 206
115 165
108 145
70 188
193 202
23 184
26 65
123 133
51 90
42 197
7 197
108 205
171 200
147 192
27 187
85 98
207 208
21 173
39 184
216 229
10 20
37 97
99 115
97 217
52 182
25 194
17 27
77 186
14 77
15 147
141 144
29 193
22 93
1 207
0 25
144 210
28 148
14 107
34 193
94 204
34 184
84 184
50 93
23 204
51 87
32 227
67 90
181 218
36 221
94 96
126 205
14 116
79 182
82 93
45 100
90 174
104 157
99 116
24 41
33 202
61 166
62 151
35 195
61 213
16 70
69 141
95 196
22 74
4 160
36 137
113 114
39 193
181 205
0 37
81 210
94 97
150 222
32 226
43 224
32 115
181 212
71 196
16 166
113 180
139 174
3 58
8 145
43 81
30 104
77 219
135 218
196 215
22 81
107 126
45 138
187 219
15 205
90 202
129 205
184 194
108 209
95 209
109 189
57 87
59 173
118 151
3 36
14 35
87 199
91 182
26 132
175 217
42 177
27 218
104 222
75 150
51 124
35 153
110 212
134 183
45 172
42 139
27 55
97 132
44 100
6 188
107 118
96 170
117 125
7 39
194 206
17 116
31 199
36 95
15 189
9 112
53 223
12 41
94 216
134 196
151 220
57 81
148 229
132 198
81 188
24 136
39 204
20 229
39 54
90 97
10 209
82 172
91 202
110 193
196 220
119 174
24 50
76 79
93 170
13 216
47 134
15 32
33 116
89 129
109 116
44 124
5 129
112 174
60 195
37 84
4 192
115 180
52 156
60 80
123 185
34 126
1 77
78 164
98 192
111 180
213 223
17 89
96 205
4 117
66 137
129 207
119 173
127 147
10 142
81 132
128 145
53 212
139 204
124 219
87 210
33 42
95 185
69 219
123 182
151 218
47 95
16 212
167 202
65 133
107 196
117 148
63 196
80 112
19 204
38 114
196 213
80 160
56 228
102 215
63 163
75 85
110 179
129 152
26 175
9 144
42 72
20 178
12 22
113 200
80 207
6 130
80 102
77 86
89 115
2 196
191 209
15 196
26 124
177 223
155 159
135 186
50 215
127 139
142 156
0 29
70 86
135 139
75 182
30 170
104 219
152 204
140 228
19 68
169 185
129 198
100 144
73 220
32 44
21 198
108 124
154 224
39 51
19 218
125 230
142 217
142 157
24 122
4 164
141 154
109 113
46 137
71 178
31 150
70 178
90 220
13 38
108 115
146 206
38 229
18 190
124 214
96 161
123 151
77 130
204 207
26 147
16 122
100 164
37 123
13 81
1 48
23 84
53 108
199 201
37 187
102 151
182 228
22 70
78 105
150 194
73 76
0 133
86 95
198 220
24 90
58 212
156 179
45 155
108 190
70 214
66 124
52 61
80 217
83 215
52 204
72 131
26 119
124 196
182 222
95 115
91 92
83 196
129 187
48 111
39 222
101 131
57 80
18 53
121 218
214 222
227 230
73 91
184 199
105 183
86 100
94 165
13 64
146 188
83 183
34 105
135 207
173 198
204 223
146 200
115 140
64 98
7 141
180 196
59 171
49 229
121 206
135 166
125 136
65 168
33 225
201 216
0 91
37 60
44 67
127 228
121 156
17 164
88 168
7 94
111 130
126 141
93 166
24 226
170 197
23 46
156 159
19 191
16 26
214 230
16 107
28 211
48 86
205 213
8 72
40 171
9 228
135 212
73 195
85 189
40 163
69 123
110 132
149 179
52 62
120 158
59 80
82 151
164 183
36 195
141 163
87 223
73 156
4 90
52 126
79 196
31 154
38 217
96 189
123 209
190 224
86 104
170 195
5 124
137 151
136 180
140 155
83 226
89 146
9 27
46 200
83 173
45 52
123 188
94 199
149 194
8 75
189 195
175 230
138 182
29 197
84 190
14 186
0 172
45 124
44 157
12 187
118 127
106 193
149 217
45 188
163 172
60 114
110 128
64 134
42 155
42 98
42 129
18 217
71 87
16 79
161 179
37 103
122 199
95 226
4 75
175 179
69 148
58 92
58 130
136 217
153 212
89 197
10 98
95 151
58 102
42 190
155 189
126 199
59 140
1 100
63 145
94 109
145 200
34 181
7 72
102 209
216 219
3 82
106 126
107 123
107 181
121 195
101 230
149 174
123 214
195 210
36 70
13 149
56 166
37 79
6 86
77 198
56 122
21 22
60 150
56 211
146 184
166 174
37 88
63 78
48 54
22 104
37 165
68 198
101 122
147 156
62 121
39 98
85 164
66 71
66 182
98 99
21 73
21 225
3 16
160 200
134 195
11 221
80 89
116 176
49 138
6 100
4 152
104 156
191 230
49 208
65 201
202 212
189 191
100 195
79 213
12 177
116 216
81 166
7 131
110 228
86 135
132 139
102 167
32 42
61 170
135 190
73 103
9 145
16 183
150 220
69 118
39 147
62 195
91 147
163 182
81 121
62 145
20 118
79 148
23 55
98 115
91 114
8 89
27 89
33 45
135 158
137 186
103 109
2 59
79 93
23 83
167 210
198 199
33 153
72 147
78 90
175 227
126 229
51 140
40 108
36 193
27 28
41 86
125 137
68 80
6 201
150 211
8 67
7 31
39 73
22 166
93 96
7 70
90 230
128 168
100 159
53 142
23 158
18 149
61 112
78 198
62 67
50 223
10 118
12 109
197 224
37 100
3 136
79 208
74 119
75 152
68 209
35 211
54 75
50 118
21 187
58 164
90 167
197 215
86 96
74 93
31 217
4 54
99 226
13 174
69 178
193 195
150 171
21 24
35 203
173 205
45 178
33 91
83 131
135 165
105 112
71 136
101 135
116 125
99 195
29 208
57 83
117 201
42 151
1 18
47 140
9 72
117 124
29 122
179 212
92 143
27 185
99 162
98 181
87 159
176 217
38 172
13 33
77 181
1 180
161 214
1 67
48 203
62 185
50 51
6 175
93 209
95 198
146 150
91 158
114 181
52 157
55 80
22 38
71 149
103 220
43 148
140 219
100 131
49 71
201 202
42 57
29 210
16 215
53 202
62 224
44 183
17 191
46 64
38 153
126 166
213 225
80 109
75 222
51 222
183 210
6 116
4 21
78 123
2 143
133 134
23 215
153 201
131 199
110 191
34 225
75 79
73 79
132 184
141 150
3 145
14 56
47 80
11 62
14 155
8 27
160 165
133 201
86 192
130 174
138 184
82 121
97 140
120 230
58 188
60 186
208 221
95 107
94 116
66 77
59 112
124 149
100 212
67 129
1 62
15 60
49 196
19 166
137 204
23 67
69 100
30 43
148 226
49 76
39 87
158 174
99 122
71 223
75 192
161 168
198 230
41 106
83 106
62 199
8 19
147 207
79 139
61 68
66 85
36 48
15 179
27 145
23 228
14 134
26 116
210 228
143 165
105 125
82 225
55 128
51 161
15 87
194 210
126 131
69 133
119 169
102 160
18 202
145 201
38 69
66 83
20 38
68 125
119 160
87 92
7 200
77 165
62 94
147 200
139 220
4 23
35 164
96 226
12 169
10 143
147 211
91 136
45 160
44 212
53 169
77 125
32 156
36 154
84 211
54 221
132 169
1 215
28 177
35 229
61 164
38 83
53 75
37 185
47 214
139 215
131 193
53 144
56 175
88 214
152 214
2 199
46 83
1 45
67 79
109 182
148 156
154 155
120 227
13 107
29 87
88 128
71 161
55 117
30 103
186 195
86 88
11 23
184 216
59 175
0 216
67 174
173 196
10 115
6 174
162 166
150 226
27 130
30 219
60 197
45 139
82 96
71 219
63 136
75 171
67 220
19 185
74 178
83 184
100 180
135 210
19 29
194 224
124 144
124 229
152 213
3 196
168 225
115 164
24 128
147 191
176 206
25 108
36 72
204 221
77 206
143 147
53 186
2 198
18 155
19 186
56 167
130 160
203 220
41 201
14 93
155 167
37 189
8 158
110 189
53 170
95 149
4 137
68 120
77 141
73 166
210 219
31 77
16 197
33 194
38 78
112 115
84 219
80 82
19 141
56 91
114 146
2 121
41 114
48 220
100 141
29 126
1 53
8 52
48 110
14 183
57 216
17 53
136 202
113 173
200 211
69 176
3 141
44 225
32 39
42 176
65 112
13 100
98 142
8 168
65 165
120 155
121 214
116 163
40 105
93 133
61 114
109 112
8 201
28 179
47 68
4 36
52 136
152 192
85 138
35 199
54 170
177 187
52 150
96 202
90 186
78 97
0 142
93 95
165 194
44 79
90 94
103 183
89 141
78 186
50 94
32 124
163 195
151 213
89 208
83 191
2 218
64 226
8 200
142 177
61 67
116 131
54 195
107 146
23 192
2 186
36 42
58 145
113 121
7 88
158 229
10 116
67 221
131 156
26 64
88 211
33 130
120 170
12 213
62 137
166 199
34 85
8 49
187 204
25 110
190 204
95 182
70 216
54 56
112 151
32 162
85 129
27 124
59 188
52 101
201 203
205 212
112 176
82 118
140 229
92 136
11 35
61 229
3 51
155 227
61 95
99 125
18 107
103 155
13 102
66 169
22 53
96 145
72 164
106 145
30 230
112 218
15 227
33 212
46 66
159 206
71 88
74 186
25 83
113 184
153 217
3 182
103 223
46 120
62 176
118 185
97 153
35 72
62 111
55 180
60 122
65 230
7 55
66 197
111 198
31 224
197 204
9 35
21 219
33 128
96 131
6 107
77 134
106 128
40 84
112 121
104 108
41 183
192 216
7 26
48 133
69 128
63 115
13 167
129 230
134 227
62 183
39 129
92 141
58 208
64 196
53 188
71 206
9 195
164 202
72 89
8 65
16 69
71 146
52 170
214 228
123 165
116 211
22 61
59 138
104 143
151 207
55 174
21 182
0 150
48 158
9 181
192 222
82 207
28 192
194 213
62 125
115 139
41 50
110 142
4 78
162 214
6 183
5 60
58 202
109 169
35 196
32 189
73 150
109 158
189 193
33 96
42 174
7 166
119 215
33 169
90 122
12 137
48 179
32 121
78 108
210 216
61 205
132 168
52 73
83 198
84 212
9 166
146 220
116 129
2 213
9 88
67 87
119 191
24 116
52 189
34 81
39 209
78 94
18 121
99 219
33 187
18 94
48 95
152 218
9 159
14 163
185 204
125 166
1 8
16 76
26 71
30 213
14 199
214 229
61 204
46 52
138 225
215 226
163 210
126 146
76 102
187 222
132 197
16 120
14 129
15 95
114 191
50 219
132 144
22 30
23 151
0 162
170 202
89 127
74 229
19 123
143 171
168 213
34 40
87 184
63 87
128 227
66 88
30 99
2 181
119 221
3 33
28 48
46 145
31 206
8 97
11 127
12 101
57 203
120 187
78 155
122 179
28 152
91 94
123 125
22 206
40 77
41 181
43 171
4 130
53 201
71 228
29 100
15 195
89 142
16 146
124 135
88 141
162 175
31 107
46 143
58 193
49 118
70 150
4 103
50 89
7 153
95 129
28 134
20 71
8 15
20 199
106 222
183 188
25 57
16 72
11 199
78 87
67 187
217 228
36 47
1 57
54 214
174 230
81 177
32 46
68 81
175 212
18 56
11 105
156 211
80 166
117 122
174 188
103 119
83 175
37 93
42 148
119 157
55 224
86 202
31 131
87 161
37 225
3 20
87 102
74 88
156 212
40 136
9 117
5 58
21 67
12 120
50 173
28 93
199 229
39 78
160 210
15 177
108 230
17 65
41 116
104 201
168 174
126 190
21 102
193 220
39 70
23 163
33 221
11 119
73 169
89 174
41 122
49 224
182 205
93 111
42 68
129 191
80 135
89 132
170 171
51 163
35 212
6 73
61 201
35 190
143 222
58 150
12 128
106 201
25 162
177 195
26 55
14 41
144 159
105 176
151 163
36 68
164 221
194 197
120 206
19 30
66 100
71 114
172 215
106 219
147 162
105 126
17 47
119 133
195 223
81 98
7 220
4 175
56 213
17 174
110 114
18 172
150 196
135 211
147 177
28 191
72 163
24 220
104 178
21 132
8 154
145 159
68 154
21 100
58 126
136 178
83 157
16 37
19 101
2 230
11 36
142 219
188 203
10 93
26 101
100 142
111 138
34 154
89 150
86 195
56 217
147 185
50 106
49 202
2 159
5 105
18 21
63 67
93 108
4 208
11 47
157 173
53 194
16 84
66 104
154 182
15 130
29 69
77 120
113 128
75 157
53 128
21 62
35 174
144 154
21 124
79 204
46 58
112 216
159 161
122 125
85 155
133 202
22 118
22 27
172 184
148 203
67 84
71 155
49 137
49 156
59 76
146 222
186 228
67 224
54 151
22 132
55 71
77 166
109 155
39 103
13 103
105 174
125 223
59 206
34 62
54 110
68 227
165 187
96 219
183 184
82 183
199 202
130 189
162 200
33 102
102 190
146 195
204 230
59 70
27 71
11 203
152 201
14 102
120 177
41 107
34 93
23 102
90 155
52 139
16 124
61 184
186 208
45 207
138 166
152 200
154 194
139 157
214 215
25 197
69 117
140 220
20 47
29 89
30 33
25 224
175 216
92 110
34 58
149 183
130 178
191 218
49 95
92 144
160 224
33 53
83 180
67 70
106 109
77 161
200 207
22 76
133 187
71 227
40 129
44 230
38 92
174 182
5 94
3 94
168 227
79 135
43 196
169 186
30 147
97 124
164 180
25 226
14 190
96 148
128 209
21 153
201 204
14 60
24 157
16 75
147 152
76 226
150 168
13 50
177 220
7 92
176 202
75 168
20 106
62 118
36 160
49 124
5 62
128 199
33 93
63 102
162 181
5 111
43 46
112 208
51 221
67 114
144 181
57 112
125 221
105 137
16 98
73 135
85 169
94 195
114 135
103 145
105 214
14 165
18 191
81 173
33 117
25 117
99 194
103 173
122 185
96 204
35 206
28 117
0 184
42 112
176 180
65 89
1 87
182 207
143 150
2 14
108 140
35 163
24 156
45 156
42 207
0 115
146 201
165 207
32 55
10 191
95 191
64 68
113 175
53 105
123 208
61 116
39 194
136 144
72 110
196 210
77 213
33 127
56 59
50 162
99 121
105 123
173 215
66 168
30 150
56 168
172 174
23 26
39 90
10 214
107 213
30 114
77 220
21 37
25 49
130 184
18 203
143 179
11 76
10 87
45 69
100 170
109 203
56 162
178 208
40 184
54 72
71 160
86 186
107 230
25 156
80 128
12 61
104 109
36 96
41 151
11 17
3 49
5 21
22 141
96 193
157 192
98 113
127 146
23 169
65 174
1 142
11 179
197 210
35 66
44 56
58 124
13 146
45 205
74 185
108 116
187 199
107 158
97 148
147 208
15 88
71 111
12 45
9 151
74 214
45 70
65 130
97 141
54 203
65 148
84 141
77 106
95 119
72 185
167 224
13 87
29 195
81 134
22 26
100 205
150 156
181 202
172 186
151 174
26 142
41 139
137 184
85 205
176 219
113 171
69 122
21 125
169 198
52 151
111 205
56 90
74 165
48 85
48 172
68 222
99 182
90 204
77 87
132 135
38 39
52 134
48 114
205 226
173 193
10 123
195 197
48 142
76 136
170 214
35 84
24 214
29 61
34 198
35 79
126 216
39 119
43 47
57 136
52 177
71 222
133 142
116 162
16 143
57 66
74 148
69 156
65 213
47 191
55 204
117 230
113 117
128 181
174 226
26 122
186 224
40 161
164 182
113 214
69 223
7 149
24 47
116 143
38 176
168 189
93 221
13 183
120 229
109 123
218 230
55 74
53 198
19 126
79 99
155 216
51 197
164 188
23 226
166 168
202 227
114 155
87 200
0 173
34 61
9 119
75 139
125 219
19 228
83 208
118 159
134 159
15 171
79 91
186 189
72 148
67 109
103 189
74 109
10 136
98 160
17 35
8 31
209 221
43 151
193 218
154 161
61 141
101 140
74 96
44 73
3 178
62 211
160 227
26 77
55 189
145 197
225 227
167 174
132 157
201 209
49 120
165 214
103 162
150 186
61 214
159 195
111 176
10 44
55 69
81 227
47 177
135 228
188 205
40 172
79 115
112 184
129 171
2 40
133 158
130 170
27 179
17 217
133 219
48 135
17 104
48 175
97 115
164 179
49 209
54 73
88 185
30 180
82 105
181 221
0 39
156 194
51 93
44 197
18 199
142 210
114 172
155 175
118 206
42 203
84 161
17 50
52 155
120 137
19 100
130 206
22 121
141 174
105 153
91 189
68 153
98 189
75 228
114 130
30 151
9 118
144 195
30 141
2 114
35 221
22 136
14 88
13 182
89 226
5 106
38 166
50 170
24 69
142 150
6 51
41 200
209 226
31 174
121 174
95 165
63 66
87 183
29 204
86 228
27 156
92 168
116 203
82 159
193 227
153 205
6 101
151 227
125 224
205 229
59 201
138 188
59 107
95 112
97 201
93 155
130 132
8 149
86 217
20 121
206 230
149 198
185 196
24 121
17 139
57 138
52 141
179 216
99 228
134 166
25 172
98 179
61 69
89 214
117 134
140 224
3 146
131 165
56 108
32 37
141 143
50 187
37 181
189 202
35 205
25 135
196 197
109 132
13 43
5 83
160 218
63 71
166 208
57 72
13 40
92 94
171 194
33 147
42 212
5 15
3 175
203 219
58 86
28 183
97 134
57 207
49 103
114 151
24 145
15 108
40 201
4 140
76 210
111 156
6 138
3 80
63 114
70 189
49 51
40 119
82 186
25 115
187 209
108 134
97 203
191 223
88 188
31 116
53 67
44 110
64 97
131 161
44 151
159 176
121 123
33 104
66 80
44 127
65 114
48 91
168 195
32 96
34 116
20 92
173 204
38 227
62 144
185 218
37 218
116 137
158 180
43 124
40 219
27 68
9 12
95 128
157 168
10 152
27 70
5 101
9 116
80 147
69 191
42 149
13 90
170 193
97 108
52 58
163 224
0 123
119 211
22 41
22 78
130 208
49 106
79 203
67 205
109 190
158 212
174 206
29 161
69 227
41 224
47 103
45 135
34 46
23 199
47 173
135 150
171 219
175 215
47 160
49 108
25 56
195 213
44 190
28 92
86 203
126 213
95 117
22 39
2 66
91 187
62 206
160 174
43 111
51 133
172 187
69 153
32 63
89 96
152 187
213 218
19 40
12 115
74 201
4 217
16 136
110 190
6 56
28 184
40 212
37 121
163 226
22 177
55 191
153 227
98 196
150 165
30 52
71 126
78 176
41 47
35 96
93 208
26 109
7 205
8 30
134 182
24 61
109 185
73 229
144 220
8 212
193 203
41 134
96 101
47 61
138 200
35 122
115 211
21 83
70 136
122 187
88 126
14 37
74 97
89 122
65 126
91 190
69 76
75 223
164 214
147 210
43 159
26 187
166 207
21 96
64 65
155 224
9 22
72 129
15 176
0 200
104 210
11 126
66 158
110 135
5 25
19 76
123 204
11 147
151 173
54 149
25 131
84 92
114 154
73 190
201 211
56 115
83 137
15 52
156 167
33 161
9 81
73 180
203 213
217 219
87 167
50 185
208 229
91 168
29 48
73 163
82 180
40 73
152 191
161 196
3 37
4 58
24 119
43 60
8 22
84 171
63 91
43 75
18 143
14 178
29 60
54 141
22 145
42 165
26 172
85 125
46 186
192 219
100 111
107 133
67 73
60 139
37 213
18 74
60 63
36 220
80 228
11 66
86 193
88 133
3 67
72 91
94 129
91 164
1 175
22 152
99 129
46 155
148 227
51 75
30 58
26 166
116 213
148 162
8 209
122 144
81 180
27 105
36 230
53 61
147 166
25 38
59 95
118 168
66 78
126 156
68 204
12 90
78 219
139 209
217 227
16 171
156 200
204 205
117 196
50 213
125 147
158 207
48 89
199 224
102 122
41 214
27 119
73 119
33 119
131 169
144 191
150 187
14 127
115 223
160 183
4 38
17 124
24 98
20 117
29 214
37 230
150 217
211 212
63 95
78 169
21 47
4 215
141 227
46 112
19 208
93 138
5 186
8 91
100 221
128 130
135 163
161 174
14 95
118 123
17 22
90 181
183 201
203 204
43 209
100 169
182 225
24 159
3 48
37 144
3 109
199 205
55 187
93 177
119 195
179 200
94 132
3 75
33 219
165 226
42 128
22 66
178 194
137 188
0 138
28 122
33 177
61 105
52 117
154 165
16 170
136 168
24 204
19 107
61 150
35 208
170 217
17 158
169 182
92 154
86 205
36 102
25 179
169 200
31 196
23 81
14 101
193 225
1 183
155 178
28 65
84 215
68 130
108 133
0 212
59 65
134 198
55 150
86 132
141 220
44 102
6 123
40 48
30 171
12 127
28 136
69 150
6 202
41 187
139 160
134 199
151 190
181 193
171 204
130 193
129 189
31 112
177 228
50 77
26 181
15 99
45 217
29 207
8 47
30 205
14 15
75 200
36 207
65 167
187 215
28 206
132 213
20 89
23 32
190 199
184 219
0 134
14 159
0 168
37 168
57 85
48 187
51 95
65 102
53 132
172 222
13 208
88 196
90 163
166 179
73 155
42 102
101 163
4 142
61 154
5 68
13 27
73 207
56 186
146 199
178 183
49 122
45 74
40 118
22 51
169 222
124 132
134 155
64 192
62 123
24 123
117 149
9 34
79 210
49 52
88 213
27 102
155 169
75 142
37 137
225 226
45 168
76 176
71 170
16 97
177 225
58 178
53 165
6 96
31 59
18 188
39 157
122 145
187 224
92 166
137 183
97 161
57 118
214 224
200 202
83 113
12 35
33 138
180 181
32 130
105 131
1 108
12 155
116 134
50 59
67 211
148 207
53 214
31 58
124 157
78 180
188 213
147 229
58 118
115 163
15 64
109 141
53 184
80 165
116 196
89 172
58 181
52 165
35 189
34 146
15 34
139 145
66 204
20 225
97 186
109 159
34 199
96 140
47 137
155 156
82 146
121 136
56 129
12 199
3 64
26 186
50 147
36 163
52 118
122 202
156 219
57 77
176 215
144 229
156 158
6 230
18 32
28 60
27 163
150 199
37 131
114 192
136 166
73 217
38 98
33 181
73 208
179 188
43 118
55 203
61 100
5 148
121 178
51 112
36 144
59 155
71 85
23 143
73 170
74 104
161 199
77 89
90 169
12 49
78 136
55 214
46 106
82 119
87 175
115 174
6 48
197 203
66 70
116 207
40 60
20 74
82 83
178 218
72 117
23 202
65 66
3 144
68 117
101 109
109 153
182 194
74 134
94 176
51 129
17 71
136 213
131 143
125 188
56 128
134 214
0 38
94 181
201 212
1 33
73 141
126 177
16 155
41 205
49 149
118 158
98 215
31 176
80 140
79 163
40 226
129 138
77 151
101 157
96 198
89 153
176 198
2 190
115 221
74 84
69 78
29 174
43 162
20 166
112 183
9 173
57 108
109 144
10 96
5 86
62 91
91 118
82 148
10 102
13 88
69 180
176 214
67 219
93 210
15 100
13 180
17 206
81 139
77 227
64 145
27 159
89 125
34 141
65 98
162 165
197 222
5 171
194 202
64 83
116 220
82 182
130 169
167 188
44 88
97 170
135 170
130 215
9 16
3 15
69 125
48 136
43 225
2 175
34 203
47 221
23 209
32 100
153 225
70 132
31 120
76 230
88 92
103 227
145 155
54 220
90 212
175 206
183 207
106 110
43 70
128 219
101 209
47 128
74 99
97 193
43 135
191 193
81 207
140 160
141 183
26 103
9 87
123 186
141 184
99 197
71 177
20 183
139 183
124 221
53 167
116 183
62 136
5 63
76 186
24 222
31 158
135 137
2 38
189 213
3 200
65 182
129 163
163 228
92 227
104 111
44 226
134 210
49 187
11 224
117 132
46 204
143 219
56 106
16 157
29 202
121 139
54 228
1 31
29 105
131 221
7 84
62 180
40 110
153 168
28 193
147 220
36 40
89 147
143 200
9 66
130 158
13 169
28 131
68 190
67 72
59 92
22 40
61 135
153 206
103 135
0 34
55 192
35 180
112 206
94 229
162 187
65 92
59 91
75 205
7 155
133 204
121 140
65 154
51 225
97 219
25 98
84 186
126 148
200 216
32 208
174 184
11 171
18 179
88 164
95 224
126 150
170 177
46 220
141 171
212 222
111 186
34 55
64 161
87 95
75 166
86 210
86 177
