232
5
12862
60
101 2
95 2
100 2
22 4
70 2
66 3
26 3
106 1
69 4
25 2
119 1
90 1
75 4
98 1
93 2
79 1
111 3
87 4
80 5
99 3
109 2
49 1
20 3
51 5
23 2
100 1
95 5
103 1
90 3
87 4
106 4
45 1
116 1
100 2
63 1
34 2
40 5
51 1
90 2
68 4
119 4
104 2
110 4
28 2
96 5
110 2
107 2
95 5
54 4
44 4
72 3
96 5
102 2
110 2
22 4
119 2
101 2
42 5
69 3
108 1
74 4
33 2
109 3
65 1
112 2
109 3
32 4
78 2
36 5
111 3
71 2
79 4
19 1
59 1
54 3
47 4
95 3
57 2
33 1
37 3
77 5
29 3
67 4
39 2
73 1
43 5
113 4
66 1
70 1
30 3
119 4
108 2
116 5
35 3
101 3
70 2
83 2
84 4
114 5
83 4
109 2
113 4
82 1
110 4
64 4
24 3
71 5
48 5
93 1
50 2
20 5
59 3
46 3
26 4
95 3
28 3
63 5
76 1
50 4
109 4
83 2
82 1
70 2
54 3
99 4
99 3
79 2
57 3
40 2
35 4
56 4
86 1
37 5
56 5
19 3
24 3
58 5
25 2
62 3
24 5
78 4
56 1
49 4
89 5
21 5
21 4
88 4
104 2
45 4
110 2
87 3
105 4
65 3
51 1
99 1
62 2
53 1
61 2
94 3
35 3
25 1
114 2
61 2
117 2
101 1
62 5
30 1
113 4
28 3
103 2
97 3
112 2
36 3
117 4
22 2
28 5
24 4
43 1
103 2
113 2
21 5
61 4
70 2
99 2
39 2
70 3
87 4
115 3
80 4
59 5
42 3
85 2
44 5
44 4
30 4
108 4
53 1
65 4
41 2
34 2
66 1
79 4
44 3
118 2
48 4
76 1
21 5
86 1
119 5
56 1
34 3
52 2
36 3
110 1
56 1
77 2
62 3
39 2
80 2
56 2
102 1
73 3
46 4
89 1
72 2
39 5
103 3
87 4
112 2
80 5
45 4
90 2
45 96
116 158
18 165
82 162
23 223
61 104
164 191
1 217
34 109
101 147
185 215
122 157
4 217
20 200
99 115
42 50
63 157
89 97
25 188
0 104
11 21
2 165
123 211
22 30
70 84
69 91
85 112
46 203
64 133
196 229
104 188
186 190
3 216
88 181
58 59
29 180
165 170
96 211
11 39
11 97
62 184
132 198
108 184
15 22
0 51
138 205
58 124
59 89
59 121
179 211
4 152
41 84
212 228
4 115
55 149
75 93
79 108
78 146
39 213
56 192
88 172
105 161
132 133
96 170
185 206
56 119
30 161
80 101
112 169
0 31
118 197
131 167
9 139
59 170
2 212
15 91
48 138
96 117
49 55
124 215
13 95
153 217
194 211
89 201
53 102
127 169
0 27
127 178
78 82
33 198
64 204
11 47
161 224
159 231
201 229
29 122
12 50
40 167
15 215
129 220
76 86
183 227
160 213
42 68
73 110
35 129
8 80
53 135
64 196
13 217
77 177
129 181
53 62
188 197
25 77
68 180
44 138
106 162
37 113
48 109
21 141
48 146
99 180
50 220
45 126
45 171
124 159
6 154
115 168
56 170
3 52
104 176
42 182
54 227
84 120
14 124
77 108
15 108
152 183
18 27
84 163
33 65
8 149
33 147
86 130
56 110
61 183
155 225
51 218
120 145
86 87
61 133
180 195
142 204
92 224
94 127
48 159
59 130
127 209
36 215
2 199
60 116
71 200
89 146
112 118
44 48
123 205
108 191
103 104
125 146
191 200
75 171
1 83
3 150
31 170
76 91
51 206
102 181
123 198
6 69
202 216
17 38
12 37
175 199
67 150
5 104
16 222
46 205
78 171
175 201
27 39
45 193
0 113
86 225
66 95
143 203
35 47
8 198
70 231
83 201
72 107
23 83
186 204
27 87
83 226
49 70
47 209
65 128
96 106
34 75
56 96
44 148
91 143
61 154
49 87
98 188
30 101
138 202
73 211
124 181
94 155
45 73
54 117
55 143
142 221
35 97
89 91
89 202
31 114
8 91
35 87
13 87
199 217
9 117
185 190
23 42
3 98
69 212
108 121
130 172
25 96
18 69
1 121
37 183
211 224
65 216
56 227
15 55
58 131
13 96
80 99
87 205
6 8
98 140
158 200
20 24
59 113
182 226
167 204
35 196
115 190
138 144
189 206
39 191
32 129
25 193
40 74
23 105
214 222
54 174
39 59
170 196
40 87
70 107
114 212
34 104
35 39
98 117
60 189
26 56
36 69
14 85
3 149
96 143
59 214
189 220
92 199
31 226
131 217
52 101
61 150
98 108
60 108
10 165
103 134
135 185
4 87
125 135
145 171
33 225
106 212
27 218
79 82
148 210
42 176
67 169
108 116
101 206
51 125
130 131
106 160
23 132
40 189
126 146
64 188
138 197
139 229
55 165
5 114
80 109
50 217
62 84
48 163
128 132
141 146
100 104
43 219
154 157
107 156
127 225
105 108
34 140
87 142
78 224
58 107
15 226
3 30
39 72
95 173
65 87
45 221
103 166
58 170
35 62
15 48
121 229
19 219
22 216
40 123
100 218
102 106
83 150
113 184
24 140
59 166
7 27
106 143
71 220
20 175
136 154
73 187
90 94
84 107
168 223
56 116
66 169
2 99
179 182
66 113
7 85
9 221
114 178
14 143
83 152
121 201
86 187
13 211
15 30
29 175
63 70
74 90
81 129
125 182
31 203
126 153
27 145
188 224
95 227
60 151
85 207
202 226
150 227
92 222
13 198
0 19
170 184
156 168
122 146
76 191
102 119
170 182
52 100
155 186
145 147
11 98
51 73
50 54
114 209
125 132
61 229
35 225
110 158
24 190
165 176
186 212
85 224
190 223
188 219
26 200
118 169
71 99
193 226
30 141
67 135
76 127
135 147
7 33
90 110
77 126
79 105
132 185
25 67
0 23
2 46
107 184
47 123
52 228
107 132
42 138
46 89
146 157
22 71
78 123
158 161
65 213
57 173
151 231
120 139
103 158
209 220
25 119
22 54
160 222
136 213
11 184
26 216
7 203
54 164
101 176
175 204
0 209
37 130
5 176
39 110
65 158
100 122
83 222
81 223
50 79
129 219
149 171
65 220
55 100
8 19
25 110
189 198
114 147
88 219
48 143
154 182
42 202
127 184
111 200
126 132
32 140
28 67
46 151
23 40
46 127
43 76
44 218
14 214
9 38
66 103
8 65
8 212
57 104
55 218
168 174
62 88
101 113
57 160
30 203
80 82
88 136
10 60
67 118
117 181
32 121
120 184
6 132
2 7
134 197
60 229
17 24
20 82
189 227
88 174
7 10
6 122
173 216
103 165
53 210
4 202
105 227
101 163
85 214
47 102
186 208
43 56
68 112
72 79
187 231
17 109
88 124
136 138
93 132
21 160
142 201
131 221
107 183
55 93
28 81
14 224
185 186
40 50
137 202
130 141
57 68
59 60
14 175
69 211
14 23
86 136
32 120
53 126
86 172
25 59
197 199
90 121
108 181
27 151
25 173
103 113
4 126
15 132
31 85
45 207
0 227
189 191
147 179
183 223
153 185
22 198
20 125
103 185
110 131
22 176
80 214
22 152
36 63
20 207
105 164
101 127
14 221
18 111
16 187
198 205
92 198
21 121
20 202
178 221
194 221
41 223
38 135
53 79
69 118
99 207
77 170
85 113
149 208
197 217
139 196
179 229
75 164
16 151
58 82
59 128
16 168
76 205
182 213
159 200
145 167
9 208
87 124
20 220
40 172
136 142
9 230
78 101
24 73
101 150
38 53
157 194
71 136
148 161
89 133
79 110
90 133
9 161
43 53
0 180
69 228
98 158
5 210
40 98
166 173
121 150
3 152
175 180
154 190
49 205
57 62
17 226
41 86
83 229
17 178
141 169
143 147
24 36
175 228
63 140
150 190
39 192
4 24
139 191
23 210
59 186
91 195
134 143
96 156
63 144
39 227
35 46
83 169
18 74
71 226
87 177
17 83
106 221
153 219
114 216
103 123
12 95
113 176
42 173
29 123
154 215
13 189
1 82
17 144
84 161
122 230
139 149
128 149
74 173
0 35
40 162
90 132
12 137
81 135
21 214
151 182
95 209
36 116
176 231
48 90
9 154
9 131
1 62
132 192
27 226
63 224
177 196
14 84
124 189
137 153
95 221
149 205
79 213
36 140
64 139
225 229
133 217
96 204
9 150
12 91
9 61
22 37
78 110
46 51
1 202
39 177
87 171
173 195
91 150
13 216
128 196
116 185
18 217
149 196
61 199
165 183
53 190
47 68
45 71
121 196
144 228
59 82
17 218
2 117
15 120
172 204
20 40
101 121
106 230
147 197
167 191
105 202
211 231
64 230
32 59
143 171
50 121
19 128
12 74
74 82
63 172
93 231
58 99
173 223
162 208
52 201
97 141
42 69
105 174
209 212
48 223
87 213
36 66
52 98
68 183
37 105
180 211
163 231
10 22
138 222
26 151
47 118
105 167
72 200
199 212
131 225
149 216
90 202
210 227
120 178
26 212
71 157
121 175
26 147
47 63
10 184
36 181
166 227
183 186
121 140
99 202
0 22
2 177
136 218
143 217
89 92
111 156
77 175
130 152
16 195
81 169
4 122
209 225
135 220
19 147
20 42
52 148
84 224
143 196
84 196
29 192
0 132
30 123
80 164
111 196
177 213
43 153
114 187
89 211
3 205
2 134
121 202
22 125
216 227
87 89
33 110
207 214
0 64
23 161
99 143
23 189
106 111
91 93
32 40
14 37
14 181
137 209
129 166
42 94
83 151
5 40
109 148
111 115
4 74
137 190
144 193
32 75
4 83
149 177
81 203
70 103
32 141
34 87
126 159
1 29
60 174
154 204
207 218
10 180
196 215
160 185
53 212
12 149
54 125
87 120
38 105
50 214
65 82
51 62
43 103
162 207
37 157
79 199
199 209
11 213
127 177
39 75
78 189
7 187
33 169
130 227
139 161
57 71
50 55
135 154
74 93
43 128
23 218
43 46
146 155
44 63
1 147
82 133
73 203
50 212
97 165
44 135
180 183
149 219
84 219
44 103
27 155
16 79
36 95
16 26
1 151
183 216
83 159
69 221
122 155
72 76
136 183
222 231
3 145
96 225
81 106
100 152
71 158
114 224
22 62
34 79
16 106
18 164
125 205
116 195
23 47
122 216
13 139
51 141
55 201
34 97
0 134
35 43
19 150
50 113
117 219
115 184
181 202
89 93
206 227
54 109
51 82
25 34
147 194
69 99
38 86
117 222
156 160
27 60
114 116
52 217
2 18
34 126
4 201
175 183
41 135
31 204
12 118
93 196
12 224
126 135
43 111
32 189
40 138
91 99
28 148
72 73
50 74
75 213
225 230
73 160
51 122
94 182
139 219
107 169
37 47
99 104
130 174
25 141
153 216
73 150
209 219
12 158
25 221
118 177
54 88
98 215
40 91
13 210
40 186
11 144
47 53
178 203
183 214
146 161
115 227
24 45
87 166
133 164
76 78
110 128
38 138
178 185
198 200
26 100
96 205
143 178
98 126
54 207
168 187
153 176
213 229
61 230
35 37
48 152
26 57
52 231
188 225
10 176
40 125
32 208
4 205
41 74
97 149
29 100
129 191
122 169
140 167
162 196
166 179
0 137
30 51
130 169
170 190
12 111
6 212
89 107
40 142
189 214
136 156
30 157
19 203
124 137
5 60
173 224
24 82
174 203
122 198
165 205
127 158
71 91
174 205
67 155
31 210
82 159
10 214
34 90
85 200
43 148
117 179
70 91
120 142
201 208
9 125
142 161
67 216
39 141
1 101
113 200
106 211
57 98
8 161
89 124
76 115
6 46
62 200
8 183
52 214
105 119
31 110
24 141
55 202
189 205
101 199
69 158
22 87
39 44
207 210
87 93
71 164
160 192
45 163
120 201
70 197
55 229
29 98
136 184
191 205
111 135
133 177
75 168
51 115
29 111
34 99
136 173
115 151
89 213
127 134
122 171
67 141
66 74
64 65
80 83
70 208
144 154
34 128
63 90
84 94
19 81
64 208
100 176
48 94
27 170
14 198
54 143
91 162
157 219
134 187
1 66
70 158
24 119
66 87
214 219
40 221
7 32
55 189
57 229
152 221
39 174
76 106
96 230
64 88
60 118
64 212
39 149
83 104
70 223
7 127
74 132
59 86
163 195
60 182
172 176
102 117
9 124
30 192
5 112
31 197
26 142
97 197
106 134
38 117
95 195
60 85
4 110
54 102
17 97
14 160
89 151
51 107
181 183
42 139
0 154
72 116
39 199
105 183
80 154
125 134
131 213
54 68
1 222
189 193
87 170
27 215
22 174
67 171
80 107
31 68
188 212
53 127
76 154
110 228
128 229
115 211
140 166
151 166
4 229
116 150
9 223
67 115
2 71
160 165
117 140
34 197
96 140
23 183
90 115
110 155
6 115
9 141
38 80
69 113
128 138
52 142
32 154
112 221
49 213
49 73
156 214
24 134
140 226
63 194
25 40
115 193
75 165
76 138
96 214
44 119
198 206
113 205
29 97
34 180
39 186
5 88
66 68
57 207
5 128
20 88
39 163
67 145
88 135
51 90
155 195
146 171
151 218
42 105
105 134
144 208
4 90
66 125
48 68
81 214
59 151
75 204
20 177
72 168
127 138
59 148
26 168
57 210
53 152
63 214
35 106
105 175
82 176
40 71
132 193
147 155
74 217
123 151
144 147
64 215
6 74
105 121
3 110
150 153
77 88
47 49
70 175
61 223
131 202
62 76
28 210
195 230
17 87
48 218
25 134
94 165
199 231
57 91
111 213
81 133
180 192
86 198
27 72
19 155
154 195
68 170
111 120
54 91
98 154
8 88
10 97
2 53
31 34
15 164
94 154
0 53
62 207
82 175
102 201
15 36
49 201
102 218
8 230
128 213
39 151
208 226
52 203
36 73
33 118
49 71
106 139
11 132
38 224
178 204
3 171
34 229
82 192
41 198
122 208
121 205
48 221
22 130
60 160
49 105
102 193
5 29
3 163
43 166
43 207
36 170
26 154
3 206
45 178
117 185
38 166
41 212
35 230
55 225
89 227
212 217
18 100
42 43
56 124
41 180
90 154
44 79
50 180
68 227
45 111
123 214
70 211
38 162
77 167
127 180
84 139
200 225
96 108
182 206
16 40
72 94
193 203
88 119
1 183
142 182
70 202
193 219
27 127
59 147
160 209
9 146
7 225
33 67
87 231
8 48
68 97
130 204
27 46
32 202
103 167
198 224
90 100
34 188
38 60
19 162
128 176
91 189
21 63
49 82
30 230
98 226
29 66
121 160
47 94
48 74
7 68
12 159
20 209
51 210
17 51
64 93
221 231
161 165
27 89
6 129
3 8
15 221
57 133
33 219
14 178
27 229
47 150
92 159
2 133
154 155
142 198
151 156
135 207
182 197
50 188
51 213
97 212
65 132
109 175
148 202
28 35
18 42
73 174
157 168
17 181
99 118
123 150
146 209
109 193
55 72
6 157
37 215
125 164
16 149
83 153
11 162
5 230
48 56
133 149
31 54
114 159
58 182
140 187
31 215
51 68
0 86
4 209
71 204
24 40
145 154
3 209
20 180
10 162
83 126
124 140
164 165
27 164
153 183
52 167
64 111
22 106
105 162
145 173
113 141
100 157
11 123
1 216
30 43
36 195
71 104
0 58
206 216
44 147
68 200
12 134
34 191
127 221
179 187
12 209
38 129
73 74
72 227
109 198
30 84
74 157
196 201
72 128
121 126
30 31
60 127
68 89
93 173
13 196
78 147
76 167
103 204
31 59
65 139
46 162
184 185
156 196
71 149
136 201
41 50
94 102
130 207
177 199
136 181
0 123
37 198
194 220
158 204
180 181
52 99
7 93
27 65
169 225
4 76
54 173
12 121
122 163
54 73
133 213
183 231
3 192
29 51
70 230
16 53
48 147
21 66
195 206
39 171
38 184
166 206
136 186
172 178
57 194
52 92
184 186
104 155
151 180
10 70
87 163
205 219
40 83
41 221
152 174
120 227
92 194
28 180
142 208
118 178
39 84
68 163
12 119
110 187
78 158
5 53
89 179
0 173
9 83
56 106
28 89
77 115
32 36
43 59
65 110
60 73
33 197
43 184
144 206
60 67
97 199
101 231
45 89
84 158
58 179
21 187
149 192
144 204
57 177
7 17
59 145
123 130
55 117
22 96
62 146
22 183
82 146
26 135
129 160
66 199
88 203
160 225
10 77
38 55
7 20
187 222
129 209
44 227
17 114
36 188
22 193
65 85
119 192
7 230
105 149
50 116
43 223
76 210
106 224
6 109
75 105
3 60
41 73
39 216
85 88
18 183
49 61
122 150
57 170
50 215
107 128
3 67
24 46
77 113
20 92
91 226
52 204
66 98
1 195
144 163
117 198
15 97
138 198
128 199
40 130
5 75
2 103
71 229
175 205
88 164
83 184
67 139
87 152
21 40
22 35
33 184
50 152
155 200
121 141
89 207
36 172
65 186
16 135
162 190
20 66
103 173
163 186
38 123
116 124
37 117
33 38
14 32
31 43
163 192
21 129
35 121
113 188
28 50
104 116
15 114
33 50
59 169
97 173
187 207
41 187
180 186
157 230
85 147
168 231
76 88
62 149
125 165
104 230
34 85
92 113
59 180
111 223
94 174
39 156
58 157
157 221
0 182
31 200
6 164
53 215
96 165
93 98
103 212
40 187
193 220
114 137
4 176
25 93
62 179
74 166
79 172
17 21
197 201
187 205
50 205
39 206
185 202
60 88
118 207
45 168
15 62
107 226
98 130
156 224
123 199
43 178
64 191
94 156
17 85
169 231
175 197
34 46
59 117
147 226
221 227
35 173
12 197
67 209
4 186
116 198
42 136
93 141
97 106
57 120
121 161
42 46
150 220
83 130
41 207
124 146
15 214
166 221
73 180
80 106
136 182
147 149
38 146
179 206
51 168
91 231
155 197
159 210
18 187
126 168
104 152
189 210
64 199
143 199
103 125
119 172
1 162
32 113
61 122
71 188
26 133
168 227
17 56
135 231
182 187
12 184
120 150
53 91
186 219
33 78
7 8
194 217
51 52
119 210
128 175
43 74
199 215
9 165
9 231
215 225
7 31
89 173
75 229
49 116
64 169
112 226
153 179
80 95
85 193
67 125
0 107
153 167
122 149
11 95
19 117
88 168
74 83
148 227
173 202
62 122
152 222
95 167
102 130
69 157
20 208
186 221
35 171
102 169
7 41
179 219
52 125
66 117
50 136
115 116
94 108
158 210
6 80
6 138
65 214
138 182
101 174
38 111
32 70
15 134
23 86
54 182
42 169
62 138
91 153
34 154
155 187
14 206
56 64
14 101
61 134
80 165
88 163
173 191
110 157
66 210
92 94
34 52
9 179
90 197
38 140
138 192
137 155
3 191
130 203
42 71
152 224
16 165
142 168
131 197
5 158
151 164
56 80
155 165
81 194
13 193
36 117
95 137
176 210
27 158
79 205
23 77
8 218
34 76
74 127
120 202
117 180
13 57
189 213
6 87
120 195
18 58
140 229
214 225
37 78
40 51
56 152
5 21
111 180
23 45
83 192
118 119
1 144
76 223
14 127
54 214
65 175
37 167
13 73
204 229
54 93
69 153
56 117
36 199
95 205
16 231
117 202
116 174
137 164
59 228
25 179
76 122
160 210
90 217
115 121
50 196
34 192
121 147
133 165
40 107
24 139
2 114
23 187
66 206
47 225
62 208
104 180
20 198
48 191
91 102
71 145
7 229
152 191
51 63
11 64
82 209
107 203
86 92
36 227
13 18
74 105
50 160
58 102
77 143
44 163
139 154
2 120
36 38
89 138
128 172
160 176
129 222
33 177
16 100
160 216
23 73
16 17
151 209
105 109
76 227
42 160
27 106
0 15
133 140
69 186
10 224
71 181
118 186
37 64
28 74
2 34
59 183
52 162
12 229
135 179
48 192
67 213
3 47
99 179
71 159
79 168
133 141
96 220
74 113
42 147
6 22
23 25
131 210
102 115
29 162
9 25
67 179
90 107
3 156
59 191
89 145
8 122
3 72
90 116
86 200
138 163
141 157
28 59
111 220
59 146
9 191
117 155
40 198
155 181
144 187
32 149
11 22
77 178
77 117
224 226
31 164
50 129
0 198
53 88
65 130
17 203
80 163
55 160
84 96
47 153
109 125
168 214
41 159
79 95
106 137
167 172
34 60
80 228
104 128
13 16
75 202
19 152
101 114
112 196
124 187
125 225
87 121
59 219
120 187
31 167
155 168
21 201
0 30
101 102
103 205
5 43
49 53
49 154
13 37
163 187
24 129
190 205
152 212
36 152
68 118
17 149
119 202
49 136
123 221
207 213
38 98
168 183
84 152
145 191
54 163
198 222
21 145
134 183
54 99
37 45
58 145
66 165
47 172
163 219
52 115
197 230
16 219
94 101
11 17
184 222
90 171
52 80
173 207
129 214
35 81
142 218
163 213
24 93
83 206
14 82
156 230
47 212
49 215
66 158
14 79
28 221
13 130
46 219
168 198
78 216
81 125
27 135
36 118
21 98
19 169
114 213
76 208
98 132
113 178
117 118
15 136
62 80
68 205
81 165
38 188
94 216
14 196
116 218
26 123
112 166
157 228
35 63
177 203
125 160
13 25
93 127
74 228
43 168
25 207
139 213
0 149
125 158
102 127
4 195
137 199
79 203
9 171
46 59
11 61
173 196
166 176
134 164
106 110
3 81
31 33
15 99
78 219
7 156
179 222
71 116
32 230
108 179
64 66
200 220
56 199
15 169
87 180
117 139
90 210
7 74
39 124
74 192
103 208
32 221
27 59
1 194
71 210
56 82
132 219
99 151
86 212
54 121
43 230
1 126
105 229
94 223
87 109
95 192
52 230
13 90
25 216
203 207
6 25
24 218
80 120
52 160
91 155
51 81
21 28
149 195
103 220
98 99
160 178
49 74
52 190
92 124
153 170
10 194
89 125
29 62
45 60
43 191
91 92
190 220
109 189
38 115
40 180
118 164
19 135
60 196
68 166
47 82
88 159
44 109
44 67
32 182
17 133
51 176
111 172
79 87
109 121
82 101
114 172
51 150
8 200
88 126
59 200
48 150
113 160
116 132
203 206
52 143
65 211
83 207
171 227
128 159
81 205
75 216
8 57
77 163
39 48
137 229
87 92
157 226
77 176
28 62
76 198
46 191
149 193
122 160
114 150
164 197
185 194
45 61
113 154
63 120
24 209
147 169
46 57
32 116
101 203
22 228
35 103
75 155
28 227
74 116
109 173
73 172
41 188
152 198
30 57
26 47
79 209
98 172
22 231
130 147
97 178
88 145
55 123
154 171
72 89
145 168
174 192
9 196
133 219
90 167
50 154
60 100
111 118
100 102
6 93
183 189
33 85
150 178
75 187
139 156
148 226
166 172
63 200
31 196
99 158
22 184
107 108
52 146
21 180
19 192
52 154
4 187
26 134
165 180
140 175
42 127
107 220
61 90
71 80
52 123
46 86
18 65
79 80
48 136
11 138
38 176
9 30
47 129
114 225
100 113
129 136
123 194
32 102
181 230
37 71
13 55
99 178
216 231
23 54
8 213
143 228
37 137
101 145
90 206
6 31
26 50
76 168
85 117
151 157
26 101
8 214
63 184
216 221
2 224
38 152
113 186
45 103
85 168
98 123
68 115
25 185
25 155
52 137
57 100
21 189
82 218
58 61
128 164
117 174
5 228
220 221
128 137
95 171
146 159
100 143
44 192
137 156
208 215
65 104
104 167
61 225
9 194
51 146
138 162
93 191
45 62
115 229
48 174
37 209
171 185
15 69
134 224
0 229
63 186
114 132
176 199
215 228
4 19
109 119
133 197
86 127
59 227
92 172
23 126
3 40
20 77
18 88
126 186
87 192
147 199
39 160
31 229
142 185
19 54
110 126
85 134
167 180
22 224
12 211
210 228
54 204
33 60
18 126
11 226
158 209
197 211
47 214
112 200
73 93
84 213
112 162
139 189
33 213
4 77
15 16
23 219
147 168
2 86
4 108
44 168
123 183
105 172
67 95
139 180
28 122
31 108
0 109
18 55
180 204
64 156
76 214
84 126
55 168
153 218
167 178
109 227
66 173
79 157
135 196
134 228
35 213
11 75
15 224
45 94
62 101
100 114
39 215
93 225
184 193
141 182
172 199
29 157
166 229
1 31
0 76
164 228
201 230
9 175
72 165
105 179
71 147
147 210
50 199
160 187
32 227
33 170
63 220
42 102
42 76
16 178
8 162
64 75
65 162
101 201
158 212
17 148
103 133
65 71
121 185
60 102
15 31
222 226
88 184
88 225
26 203
15 209
65 72
80 149
41 53
38 165
0 223
75 166
125 169
59 78
21 82
93 137
101 197
87 119
104 154
79 166
21 48
74 85
62 70
113 162
169 172
31 41
160 184
120 183
128 227
189 219
47 124
8 170
157 182
58 125
109 130
13 58
48 171
56 61
88 92
60 89
46 66
85 162
62 170
69 204
47 180
14 157
62 69
23 99
145 155
61 215
65 145
60 131
52 136
6 54
97 115
58 166
86 182
109 202
132 227
158 164
117 220
167 173
16 97
52 216
115 166
7 217
4 100
65 113
187 188
163 227
118 142
184 189
32 132
127 207
61 64
36 180
49 197
140 146
4 132
101 161
9 14
90 224
119 221
155 175
133 225
109 216
6 120
64 175
170 183
52 153
80 151
62 120
36 163
160 197
145 198
55 150
66 223
136 174
125 198
97 131
81 199
32 197
40 102
42 101
133 189
72 210
2 42
129 154
67 111
164 205
155 228
191 226
156 188
149 194
50 85
22 214
51 74
79 189
125 195
25 191
120 168
174 191
25 212
79 215
123 222
148 197
5 11
85 163
80 123
12 34
71 127
34 114
107 186
1 45
135 167
62 157
45 183
94 119
76 142
58 105
9 229
61 165
22 131
22 162
61 106
74 194
59 159
41 105
26 93
25 230
56 103
126 219
53 187
73 185
9 64
89 195
17 96
191 210
126 148
5 51
123 129
61 116
99 110
103 209
71 156
148 157
187 226
196 200
37 193
79 216
170 188
55 133
72 218
101 126
70 200
4 8
100 147
29 102
39 47
33 187
26 198
56 195
42 98
116 191
3 130
132 142
27 225
175 212
6 128
8 204
21 111
126 203
99 167
76 219
17 88
5 10
41 92
20 116
29 118
74 123
9 57
9 76
31 172
208 219
119 219
93 101
94 218
90 184
44 156
210 224
61 93
169 196
102 210
117 162
151 227
53 211
53 162
11 87
5 50
90 113
61 190
13 178
29 127
6 37
141 206
166 199
17 169
75 106
82 221
12 56
203 208
48 133
77 157
37 188
179 198
1 74
77 202
19 210
77 205
8 44
17 189
133 157
34 178
72 135
109 187
21 65
130 224
121 216
217 224
2 57
58 197
20 230
14 223
46 212
27 55
132 137
101 157
7 108
31 45
14 52
74 185
135 177
160 164
54 166
33 98
155 156
125 191
47 106
15 161
145 220
199 225
99 224
8 123
15 40
56 92
19 140
174 199
96 164
10 136
34 132
146 218
32 136
90 151
203 215
9 140
164 184
41 68
30 154
82 136
122 179
44 72
17 136
106 196
42 107
65 159
7 150
81 92
42 172
8 146
49 160
101 210
12 218
44 188
104 107
21 151
52 130
38 114
58 98
72 182
72 93
68 197
9 84
7 195
19 101
0 112
124 211
92 174
143 206
217 230
58 229
86 114
53 73
66 91
47 51
44 187
118 150
65 134
145 199
63 190
138 154
96 109
74 95
28 80
16 132
144 184
55 101
139 169
44 161
80 180
31 111
124 222
23 197
58 187
128 174
78 179
110 148
26 162
14 50
99 203
59 71
52 189
65 102
10 167
47 160
32 203
88 99
55 95
150 188
139 212
137 205
21 176
105 182
79 211
81 196
146 152
151 206
87 150
138 155
28 41
62 162
36 120
15 154
181 203
104 183
2 132
180 189
95 203
138 223
58 193
91 97
78 204
3 104
113 114
123 210
30 176
22 211
144 218
123 191
45 87
67 122
47 182
62 228
186 205
21 194
20 55
80 225
0 138
134 149
134 152
4 194
58 183
75 156
3 167
151 224
123 126
82 173
175 229
171 173
114 158
172 227
67 87
51 61
79 167
132 135
22 149
22 126
19 160
48 168
156 194
57 102
196 199
170 208
35 191
37 139
4 212
174 215
28 200
109 183
15 191
25 60
107 155
5 28
39 231
33 74
201 205
2 135
67 91
79 114
11 65
34 69
62 148
9 81
98 173
50 155
74 201
120 174
19 225
48 165
7 91
42 45
88 96
41 52
212 220
94 171
36 231
15 194
24 137
125 177
25 120
112 173
61 132
8 159
18 127
82 109
123 171
36 134
83 128
66 71
10 177
112 156
124 212
110 161
51 135
56 74
9 204
92 169
140 152
111 145
53 148
150 164
4 197
16 181
1 207
30 45
77 133
173 201
2 31
95 220
105 218
136 176
9 128
78 194
92 129
156 220
65 231
119 156
114 175
126 181
127 157
24 200
91 120
47 163
132 136
64 143
69 86
51 149
31 195
64 180
140 195
38 191
66 133
167 169
55 191
44 82
3 49
65 116
118 193
32 104
112 119
156 201
129 201
89 176
74 137
50 181
11 52
65 100
48 176
163 200
77 91
14 122
182 216
17 153
21 71
94 202
81 155
84 151
13 103
51 187
93 210
57 106
101 205
27 153
194 204
73 122
179 195
38 144
111 174
91 164
152 206
83 89
123 226
61 159
178 223
16 221
95 151
101 192
60 203
107 185
71 222
105 131
40 179
169 201
48 134
18 221
7 142
39 127
116 148
27 49
28 224
157 173
56 186
72 114
151 190
0 88
91 103
125 174
67 195
34 220
9 132
96 169
165 214
113 180
65 135
66 102
55 120
59 230
2 163
167 197
110 198
7 208
139 173
30 129
49 196
94 114
93 194
102 222
17 92
27 146
67 157
35 162
86 95
27 187
17 101
13 143
106 117
70 83
13 89
85 196
133 163
62 110
53 86
36 125
71 108
17 123
53 178
10 24
161 211
53 116
72 188
103 155
116 152
32 52
62 83
78 205
86 171
19 145
132 140
218 220
7 157
107 201
113 146
145 202
55 114
36 224
118 127
187 216
21 115
188 227
32 160
61 219
13 181
32 166
43 149
217 227
44 172
37 73
25 50
108 159
38 219
11 12
17 45
1 79
184 191
62 215
198 213
38 47
158 231
22 163
27 131
44 197
71 174
28 125
11 148
178 197
84 87
130 208
61 135
81 136
184 192
9 52
97 158
22 144
23 41
110 168
36 230
113 134
198 227
6 85
37 60
12 81
167 177
75 97
21 146
18 78
5 141
150 192
170 177
73 82
10 124
37 96
0 129
61 73
30 170
8 76
23 209
13 163
203 230
24 111
75 140
126 139
204 215
160 223
10 157
112 230
66 93
183 188
16 99
14 110
62 205
21 178
130 182
40 132
113 187
6 188
52 196
88 157
82 115
37 222
44 220
86 208
33 90
154 226
105 215
42 153
30 56
11 165
4 182
79 177
59 199
31 160
29 33
150 191
9 82
46 94
77 189
88 120
81 93
16 84
70 79
101 158
57 203
90 120
38 223
121 167
41 127
138 211
71 128
133 184
53 137
23 192
19 198
9 216
143 213
0 17
7 38
46 231
159 196
22 205
16 133
85 94
46 92
60 128
116 210
9 98
30 39
49 211
98 187
54 225
94 199
18 48
77 123
178 228
24 231
13 72
165 216
35 101
7 147
6 51
18 149
192 222
31 198
19 229
97 194
4 161
23 171
172 181
3 96
48 194
50 59
1 98
175 227
0 191
92 139
104 132
2 182
6 81
2 140
30 226
139 211
81 231
55 164
86 126
1 96
21 213
40 81
147 173
169 214
20 186
74 171
4 218
8 71
79 90
43 90
164 195
89 199
107 216
158 174
14 140
122 167
8 118
68 224
164 231
42 170
38 208
36 136
87 169
72 225
139 231
155 222
17 147
189 228
62 201
3 56
85 218
178 196
169 193
128 141
2 96
166 218
4 188
55 77
1 176
35 130
89 172
73 80
61 131
167 217
19 20
100 192
69 120
173 209
14 22
117 168
21 96
60 137
72 183
18 214
16 22
126 143
188 211
70 178
9 69
105 205
119 194
114 171
104 114
145 161
94 124
22 107
17 75
8 49
140 153
13 24
9 88
123 133
127 153
69 90
165 212
128 203
134 227
41 117
103 164
135 190
122 214
154 229
5 125
143 164
94 126
186 211
142 149
7 65
5 131
1 35
134 226
159 225
13 28
144 148
169 175
27 204
2 128
99 156
1 95
46 117
110 134
1 140
42 187
130 138
109 188
65 106
2 102
111 211
113 151
76 126
80 136
19 142
74 159
59 98
154 218
21 206
213 223
125 214
169 174
11 34
16 78
66 85
0 79
79 88
14 17
20 94
142 164
14 162
2 127
84 179
98 206
67 151
164 194
178 201
58 116
163 197
114 222
15 93
28 76
0 11
108 182
28 104
67 126
92 170
2 84
20 67
106 195
54 86
49 108
211 218
183 229
108 145
13 85
27 62
37 172
36 128
90 91
2 205
124 199
162 192
79 217
41 176
10 62
178 224
65 92
192 223
29 189
31 39
147 187
4 151
197 203
9 43
38 157
149 188
99 153
34 44
41 55
134 191
58 106
89 183
106 215
14 16
134 185
182 231
2 118
6 186
150 174
65 190
68 181
8 85
13 153
213 221
17 68
139 150
18 143
37 154
13 142
33 53
172 185
121 166
16 146
147 172
63 231
82 206
38 65
186 220
161 230
158 188
65 154
2 225
53 179
48 66
45 212
50 72
131 222
51 79
30 185
6 152
46 77
44 179
63 83
85 151
43 139
92 146
22 83
30 132
8 9
161 187
78 115
202 207
2 168
41 78
95 170
76 109
48 164
40 46
4 207
35 124
145 151
198 201
74 210
7 40
2 37
35 151
172 223
53 204
106 123
56 188
138 209
139 175
67 140
109 185
19 77
105 200
159 202
133 154
42 180
114 154
44 132
104 119
111 208
84 193
34 91
16 77
26 155
124 197
63 100
107 182
2 131
80 207
113 129
33 71
128 160
78 195
133 212
13 35
98 210
61 222
95 222
12 178
8 63
100 150
5 142
24 135
64 171
172 203
114 180
223 228
141 163
15 177
83 215
118 195
14 229
10 92
42 154
80 193
127 205
162 212
138 166
55 76
26 35
92 130
177 214
134 145
145 172
112 175
122 184
40 201
49 117
190 210
62 164
104 105
93 176
37 204
16 30
102 195
154 211
170 198
18 43
38 228
168 219
48 108
56 107
22 170
138 157
81 189
20 219
27 113
178 202
23 214
60 115
9 199
10 43
119 147
74 175
90 139
108 193
37 192
169 218
56 101
79 162
32 164
111 221
105 126
54 169
100 207
53 182
48 105
46 65
5 33
19 231
4 142
175 179
38 133
35 98
50 127
97 129
153 214
125 215
48 100
87 186
101 152
156 176
136 162
15 180
34 107
68 143
34 177
45 153
106 142
97 187
130 135
61 206
145 207
70 129
44 144
77 148
38 48
15 141
4 95
106 113
119 217
51 76
58 204
54 142
37 48
22 73
164 219
29 155
57 110
10 203
20 73
176 224
1 75
1 58
50 122
149 157
30 224
81 215
168 186
10 18
154 201
40 115
73 207
36 166
122 127
112 171
5 137
46 199
76 123
24 179
55 204
1 220
73 137
114 133
78 154
53 142
52 65
101 228
54 193
50 231
75 180
187 197
82 128
6 171
115 215
48 87
36 184
49 142
17 165
0 94
59 203
85 182
26 206
71 122
39 95
27 156
36 129
163 173
13 59
26 143
93 214
115 152
17 151
24 161
58 87
142 153
187 195
65 168
66 231
168 194
112 115
61 70
161 189
29 32
25 26
19 132
34 47
108 115
83 171
27 78
41 59
62 128
85 120
107 230
89 113
25 92
155 214
55 57
16 134
54 190
33 174
54 145
161 195
81 202
16 186
195 214
51 133
88 106
190 225
82 230
22 141
11 160
104 158
121 172
64 168
84 181
132 195
71 206
181 197
7 182
52 95
41 76
87 95
91 136
16 55
84 91
151 229
42 189
200 215
101 103
24 117
151 210
38 136
101 230
61 71
58 185
55 98
165 174
97 174
73 199
79 145
39 137
207 228
164 169
94 146
102 148
194 212
17 94
24 56
50 137
68 74
68 178
81 113
83 204
110 172
63 196
48 189
113 192
176 194
134 174
80 198
62 160
39 91
127 224
111 184
96 195
109 210
17 195
170 227
123 145
30 126
14 132
96 129
122 213
81 137
49 149
53 185
78 225
151 198
1 190
177 217
24 165
154 166
25 133
203 227
55 175
196 206
63 137
87 99
42 150
109 170
112 153
43 146
8 175
31 123
123 193
75 112
58 101
128 143
103 201
126 163
44 153
97 203
87 151
36 124
162 199
6 199
199 205
5 59
15 165
2 136
220 227
11 133
11 56
55 173
90 155
55 177
94 117
11 137
31 128
63 179
78 176
81 188
15 211
77 136
50 51
62 158
166 193
33 144
29 171
14 47
91 196
20 203
47 134
188 207
104 161
28 60
3 22
197 227
18 102
94 131
111 157
85 100
94 134
96 219
44 226
92 187
6 98
120 124
21 80
210 230
63 130
207 211
125 173
6 30
4 12
146 221
185 208
99 112
110 112
45 156
97 193
44 78
84 127
12 25
139 152
61 107
44 70
24 220
79 197
139 160
135 141
50 128
19 62
25 103
90 208
1 181
5 189
24 118
54 179
113 222
158 182
79 113
55 211
77 217
211 213
127 223
6 97
16 180
7 71
129 187
10 189
149 206
94 128
196 212
61 169
76 97
48 227
137 194
113 147
3 168
80 134
135 149
13 164
110 152
4 140
62 206
17 40
11 33
76 211
107 118
43 72
31 70
87 212
96 221
4 167
7 178
107 113
52 181
19 197
93 144
109 230
129 172
3 223
66 209
25 113
46 48
32 49
119 220
54 141
60 187
20 65
38 174
103 159
19 136
96 137
90 222
105 127
58 122
61 202
76 152
14 49
84 112
18 83
94 150
27 32
66 88
69 93
24 30
52 77
78 155
78 137
71 130
37 151
167 176
51 170
75 108
161 167
94 103
40 226
57 208
207 217
39 217
17 31
5 105
40 227
100 226
64 102
55 137
23 101
56 226
64 90
17 42
85 98
30 172
215 222
23 57
133 181
125 212
149 202
144 175
64 231
85 227
47 108
181 207
30 148
56 178
3 75
201 206
50 84
42 83
4 225
18 45
83 135
161 218
113 174
96 98
24 160
74 88
10 42
6 102
121 200
165 166
65 202
191 212
28 75
188 222
181 198
37 69
70 187
37 92
24 202
161 169
46 67
52 89
157 196
15 18
148 151
58 151
48 142
66 229
26 72
27 167
12 13
46 131
41 100
66 134
119 165
72 222
108 175
8 25
30 168
142 228
201 202
170 193
38 220
62 147
105 190
82 116
87 148
43 117
125 206
16 128
106 223
47 133
38 200
130 205
121 173
144 196
64 179
11 217
161 223
145 209
110 197
163 206
6 167
16 72
11 176
31 124
42 209
103 196
9 39
32 92
95 138
53 106
109 128
109 123
1 90
83 112
67 193
63 203
49 60
57 92
54 84
33 88
48 229
19 71
194 214
40 178
103 169
89 150
77 185
118 228
1 213
29 170
131 228
12 49
205 209
23 131
90 194
50 126
37 72
78 215
116 123
3 161
78 117
52 147
80 196
37 217
135 180
42 194
91 151
64 190
27 177
19 21
40 134
104 148
84 147
25 201
67 85
10 107
136 224
16 18
8 78
6 15
8 103
54 165
80 111
55 138
97 144
60 149
85 217
2 77
72 214
150 231
50 192
34 183
44 91
58 139
90 190
3 7
72 131
50 123
10 34
88 180
109 151
78 120
46 104
49 172
18 229
7 55
89 131
146 160
100 144
24 130
11 79
51 148
52 175
145 165
78 100
60 225
101 146
50 182
33 192
54 57
7 35
51 144
205 217
23 206
14 131
154 172
101 108
150 157
86 158
54 218
156 177
72 173
193 207
124 127
36 141
28 115
84 97
31 82
135 161
148 173
51 140
47 187
40 206
29 150
67 108
113 212
59 102
16 129
46 49
148 203
7 16
201 217
1 198
75 167
17 215
132 152
43 221
140 159
141 172
117 208
37 136
10 130
43 183
126 190
84 102
85 131
41 167
89 209
32 142
195 218
116 223
1 102
21 169
178 218
141 218
3 87
13 215
18 218
25 63
6 45
42 58
175 198
33 173
14 69
170 207
21 171
200 224
140 147
54 120
89 203
33 131
84 137
4 114
93 216
102 133
199 227
107 191
202 219
60 211
114 194
35 160
45 231
167 200
85 229
120 148
36 53
91 182
131 151
76 200
34 100
42 63
116 134
80 203
152 210
67 194
20 27
27 147
152 231
0 121
66 226
36 149
163 183
30 204
100 172
80 226
39 182
54 144
55 90
10 93
28 97
116 216
7 228
29 77
125 218
83 98
4 211
137 185
149 167
43 185
177 189
168 185
129 141
128 139
60 132
65 90
57 172
75 84
55 216
21 215
17 187
134 214
80 90
38 89
65 81
77 220
155 227
56 220
94 181
9 120
22 210
112 181
122 229
185 199
98 109
62 219
85 130
44 154
23 29
0 185
33 167
56 197
87 220
75 122
169 209
154 205
163 180
8 59
118 149
100 167
59 138
94 141
20 196
5 209
70 105
16 117
41 47
18 82
144 203
174 198
74 215
185 204
29 145
14 83
126 176
132 191
99 193
70 181
71 169
122 222
25 127
27 64
116 137
57 204
205 212
12 150
171 187
71 72
88 94
46 177
24 212
8 36
76 144
174 184
82 197
65 170
53 101
21 43
54 223
24 178
116 142
183 190
91 194
118 189
96 177
135 222
143 209
51 162
80 183
200 212
162 213
92 212
48 112
183 213
30 119
41 43
95 101
30 214
49 181
63 138
115 128
115 205
35 175
17 194
54 138
206 211
56 182
0 197
31 143
108 131
10 193
76 163
20 165
91 129
4 54
115 188
44 210
58 118
27 129
111 199
148 168
34 152
11 28
108 149
72 154
135 205
6 124
69 100
152 209
24 226
3 59
141 202
37 148
47 116
76 151
70 170
64 160
111 179
17 71
49 216
16 116
46 114
71 179
153 211
12 202
37 79
0 135
148 185
83 109
86 155
134 159
29 163
0 65
21 58
186 187
176 222
7 58
93 94
48 86
179 183
32 196
93 133
76 125
26 179
19 114
9 79
3 139
70 96
30 207
153 177
49 121
33 64
40 122
7 87
26 174
64 95
70 141
78 153
39 194
191 198
114 166
68 220
37 62
150 163
54 159
23 172
38 57
16 202
47 205
126 202
111 147
108 143
100 121
63 230
1 57
53 64
2 76
66 191
92 158
112 194
25 229
42 193
113 166
72 197
111 190
93 207
1 153
137 206
41 151
104 160
120 147
125 147
76 189
97 231
68 175
111 151
13 23
29 56
49 151
100 161
95 216
114 215
25 101
172 219
51 57
8 158
192 198
110 117
81 148
30 111
29 72
2 179
4 46
18 97
50 223
5 206
37 227
90 144
61 187
10 113
19 164
2 20
173 175
107 223
74 165
42 99
201 218
46 157
46 88
34 92
26 183
39 85
88 155
69 167
23 79
159 186
46 133
20 145
57 95
29 172
34 227
100 126
128 217
186 227
115 210
23 60
133 201
16 103
129 163
89 102
51 153
173 212
49 106
32 53
76 113
193 196
63 113
29 63
151 200
87 116
85 160
128 214
40 219
62 165
52 178
143 160
37 90
130 201
58 199
160 218
125 196
73 153
95 96
29 176
81 95
96 209
47 76
91 198
26 66
49 174
79 127
139 200
7 194
34 215
4 92
107 214
151 193
122 164
47 126
12 21
184 188
53 103
31 112
143 189
15 167
24 191
18 139
74 160
17 115
189 200
184 215
25 140
6 52
161 171
91 214
110 216
29 74
4 30
44 175
49 127
5 66
97 210
23 76
131 205
4 36
54 97
122 223
96 203
125 222
39 79
12 72
120 125
72 180
88 151
44 207
119 195
172 230
88 177
145 219
68 91
141 211
213 230
130 163
152 182
17 164
51 89
12 173
207 219
84 106
77 154
76 103
91 186
37 132
68 116
31 78
1 69
159 208
42 178
123 127
76 172
84 190
77 95
61 198
1 199
185 230
198 225
97 103
32 163
11 197
32 128
193 225
87 188
18 174
33 48
51 184
95 108
166 224
46 197
74 208
75 100
69 171
202 218
83 101
85 201
21 68
110 184
11 125
116 190
220 224
55 176
189 217
124 150
6 191
105 196
63 153
99 209
9 228
61 117
7 204
135 189
24 171
82 207
60 130
166 195
42 118
15 115
63 171
6 127
180 229
61 173
46 87
73 106
35 223
68 103
192 194
126 185
126 149
101 155
40 47
183 198
73 154
142 226
29 220
37 145
143 216
15 199
12 138
210 221
198 221
90 186
98 165
39 140
132 146
44 57
5 47
171 202
25 160
113 138
118 121
44 222
138 230
192 218
22 38
23 145
104 200
51 219
23 97
8 114
197 216
49 223
43 210
16 71
50 94
3 153
151 215
67 211
108 208
97 223
100 219
0 156
138 214
146 201
33 77
153 159
33 68
135 150
186 210
88 134
90 230
1 231
15 143
20 115
158 187
184 201
43 202
30 196
71 195
153 226
26 33
143 173
10 104
201 210
17 193
107 135
216 218
167 170
178 200
114 124
28 203
93 199
26 217
14 63
12 83
129 212
29 87
7 184
20 85
19 69
64 80
120 208
12 123
54 149
2 123
88 123
4 34
4 44
52 84
114 127
128 188
50 119
199 204
140 200
150 175
101 214
45 101
72 153
183 209
124 130
42 93
60 194
66 194
125 197
194 223
41 79
105 209
42 198
23 213
197 210
9 42
72 187
90 188
86 134
140 193
146 207
61 98
17 119
30 95
141 183
155 160
56 210
35 228
106 127
45 209
64 216
110 127
22 145
87 117
6 21
1 81
82 186
1 85
52 209
42 215
58 144
33 109
6 225
184 220
26 41
136 199
67 72
46 109
117 195
182 207
26 126
59 83
23 190
135 227
95 132
100 118
57 185
112 147
45 84
64 157
104 108
53 115
62 167
40 124
202 210
88 167
72 204
23 66
85 136
56 228
92 200
85 153
34 182
33 59
1 197
1 159
44 149
137 165
113 190
18 212
93 106
128 181
92 165
63 99
188 194
64 126
29 89
162 222
10 174
36 167
69 199
187 219
17 216
30 209
45 186
49 110
139 207
43 107
79 158
119 134
58 205
144 183
109 213
103 184
41 94
92 208
36 225
4 149
154 183
109 137
26 210
146 202
154 209
42 64
84 167
59 185
147 156
7 223
6 110
89 120
5 193
72 97
99 162
2 98
105 203
41 219
80 187
70 134
64 145
183 197
118 194
68 85
11 45
93 177
144 227
38 218
83 197
171 225
65 182
173 186
189 230
155 224
14 150
62 68
83 178
33 75
113 165
106 147
87 214
50 227
133 155
30 181
3 50
32 192
65 164
84 231
55 170
68 109
137 183
157 174
53 165
36 173
113 209
153 160
38 61
8 35
60 91
15 107
17 177
36 139
47 54
74 98
197 223
118 153
78 128
17 199
33 113
38 46
23 92
85 179
136 203
79 191
19 205
27 28
90 219
151 205
160 215
62 210
80 219
83 177
123 225
88 212
145 181
89 175
25 76
102 158
26 87
187 230
95 169
117 205
43 112
87 221
86 149
61 218
7 176
163 221
151 207
186 231
114 162
41 158
36 77
91 137
179 197
126 226
52 117
28 158
182 191
149 200
26 224
72 142
5 211
29 110
117 119
99 172
68 219
32 118
171 220
164 198
66 154
8 43
170 191
101 224
78 149
85 230
80 129
64 174
133 178
145 177
5 103
31 166
13 121
192 228
49 68
98 212
195 201
56 114
105 152
86 185
26 166
38 124
24 103
120 225
151 165
125 167
0 40
74 206
11 32
31 58
145 186
165 225
177 224
22 191
93 198
64 181
18 124
9 114
36 99
129 161
98 170
33 155
90 175
93 224
73 204
101 225
107 138
42 206
116 182
218 228
204 205
86 154
68 127
91 200
159 180
54 212
14 36
26 112
51 70
64 72
26 185
69 205
53 149
4 21
39 219
152 203
70 194
218 230
4 170
50 102
85 164
200 207
20 29
9 96
144 185
99 208
98 151
12 179
124 154
101 151
128 154
44 87
157 190
168 193
132 211
83 108
84 178
58 210
61 79
99 160
139 141
115 147
5 182
95 174
12 122
86 113
6 14
117 200
6 179
52 176
47 181
27 63
156 173
108 132
73 210
21 69
77 86
112 161
78 84
73 103
126 180
71 153
1 155
97 122
28 102
7 66
87 183
165 193
33 106
118 134
68 136
64 119
70 127
94 220
15 112
22 58
97 113
13 104
6 198
81 166
108 194
42 114
53 199
32 219
0 54
51 95
199 200
147 177
19 105
7 226
47 162
132 179
17 174
80 138
21 57
91 130
30 159
147 207
78 175
41 185
7 18
59 127
138 152
81 209
184 196
40 228
36 65
82 121
38 49
83 154
24 167
2 11
113 167
156 161
37 122
10 147
116 165
29 179
17 98
34 57
63 77
76 185
16 48
167 192
118 133
114 128
28 198
209 223
100 129
79 99
71 79
39 90
166 214
15 159
78 92
20 106
154 165
144 151
4 81
40 149
195 197
48 137
80 128
70 147
113 207
148 225
10 65
143 182
90 122
80 157
125 190
213 219
78 212
44 102
29 101
47 122
57 199
58 67
186 213
84 153
79 169
82 174
102 175
129 133
43 131
46 126
122 134
12 203
93 205
51 120
44 117
63 181
90 170
134 229
14 231
167 194
128 184
142 162
60 101
62 218
173 194
183 225
7 73
89 108
11 41
15 110
70 192
148 152
40 175
50 185
47 196
37 200
91 203
0 74
8 139
40 127
86 153
39 159
39 230
126 196
102 215
114 165
131 207
19 100
124 207
108 205
70 183
125 208
76 110
7 46
86 201
29 88
78 80
42 217
120 141
34 68
180 219
76 150
32 99
72 167
95 157
0 147
60 209
112 177
176 191
67 136
97 119
46 54
81 104
23 81
140 170
187 200
39 210
52 158
135 219
56 165
105 198
6 228
39 146
150 182
71 167
42 226
168 191
32 168
36 196
201 203
138 178
14 65
126 165
48 75
1 160
138 150
115 197
45 124
104 146
68 225
172 226
146 192
41 156
49 144
167 181
194 197
110 185
66 72
109 211
88 207
86 143
133 215
25 97
41 107
69 74
34 71
97 171
33 102
19 178
108 217
26 225
69 210
121 174
35 217
49 69
121 207
11 83
15 231
72 85
19 119
168 172
22 154
127 151
104 117
171 188
141 159
139 155
23 158
73 193
6 140
53 82
133 161
9 104
77 83
87 111
103 214
7 14
5 65
119 148
76 80
65 207
128 135
5 169
81 141
40 64
97 105
63 204
37 112
25 219
42 211
103 130
79 100
70 212
118 231
150 176
101 222
46 58
156 203
188 199
12 126
110 142
40 129
79 126
30 73
31 116
46 166
15 175
42 84
144 221
34 218
6 101
79 147
34 223
28 114
22 124
28 108
62 89
66 142
92 164
21 75
107 187
54 85
69 188
38 104
67 162
122 158
78 91
77 212
25 184
48 141
89 224
40 45
8 98
68 93
104 223
15 42
102 184
116 144
105 128
175 196
126 182
31 75
17 230
58 73
96 154
136 206
49 170
25 58
7 200
49 141
2 186
8 223
8 157
145 178
77 165
83 94
60 104
4 137
143 211
68 126
62 209
85 181
145 153
15 72
84 182
43 226
78 184
78 99
97 137
43 143
6 113
100 231
16 31
2 151
86 103
75 114
8 202
164 216
162 166
63 114
98 225
131 168
9 80
100 174
71 140
15 79
23 149
79 125
15 172
114 191
8 145
132 230
0 127
10 225
142 148
154 160
54 58
15 230
145 166
66 187
193 227
46 216
106 197
54 191
181 195
166 210
33 140
17 207
17 176
8 112
137 150
116 229
2 143
23 227
30 92
31 132
89 148
32 206
19 130
78 217
4 131
127 212
46 170
64 226
36 218
48 111
44 164
176 188
69 101
17 185
50 92
108 209
5 122
102 116
160 167
206 231
46 95
120 128
138 174
6 231
115 187
98 112
136 229
152 190
45 131
43 68
153 156
3 55
179 215
23 67
21 126
12 68
93 134
40 120
11 220
131 175
48 225
46 93
4 226
55 217
112 195
27 211
165 210
71 102
14 18
75 190
16 164
157 200
3 222
3 169
13 191
156 199
17 79
10 52
27 196
70 117
0 140
167 199
130 194
214 224
23 154
188 217
148 209
13 93
118 204
130 136
211 228
46 74
54 152
64 142
174 224
18 86
101 191
51 77
89 219
13 84
51 214
89 155
27 50
13 177
190 206
1 123
119 205
78 114
107 228
31 159
19 137
39 172
46 110
134 189
45 164
13 188
181 204
6 156
1 59
76 178
36 68
196 202
104 170
51 198
72 139
42 190
11 60
33 120
31 98
6 61
104 197
161 168
60 193
20 75
16 101
115 172
65 155
97 221
158 205
145 193
103 138
197 206
119 137
20 129
40 218
52 140
198 212
53 163
107 200
5 215
171 189
154 223
67 75
56 95
117 127
158 224
190 211
38 87
49 193
131 172
59 64
146 188
58 213
137 219
30 62
177 207
211 223
47 177
71 81
54 107
132 207
22 65
24 81
188 214
84 89
190 229
79 153
32 220
36 92
100 103
89 180
131 187
46 81
22 166
34 51
67 113
146 156
25 166
75 193
33 82
95 120
49 107
27 105
119 126
59 184
100 162
123 216
63 110
12 201
96 111
128 190
88 112
136 185
100 128
48 107
204 217
104 134
32 81
144 188
166 223
29 71
4 133
95 128
60 181
66 145
19 80
45 46
79 115
143 167
59 93
22 158
67 123
93 223
16 157
53 72
63 147
94 104
11 157
55 188
22 85
1 3
48 210
157 222
98 218
38 101
151 228
7 54
74 180
115 164
113 182
32 96
215 218
11 23
127 130
4 98
93 175
85 125
74 162
122 174
43 216
190 192
4 68
187 212
112 130
45 104
157 178
111 203
82 210
60 173
27 230
25 126
31 125
45 213
17 145
135 210
124 178
118 135
27 121
132 134
211 225
39 70
136 153
146 200
126 173
49 52
11 187
10 88
92 173
86 144
76 196
120 129
42 108
116 146
7 186
83 230
31 213
105 140
151 176
167 229
143 185
88 109
56 133
107 204
4 128
35 38
132 156
125 204
139 167
90 129
173 219
55 190
14 111
123 177
135 151
44 181
128 158
54 62
47 206
62 178
97 191
8 32
34 150
11 26
95 225
22 179
75 194
156 204
156 217
89 154
85 188
27 176
29 168
158 179
11 89
17 103
145 225
130 185
99 128
86 111
23 205
24 25
15 64
6 180
73 94
60 171
101 218
155 179
108 158
15 153
20 143
59 108
53 213
70 76
9 152
160 227
91 121
34 55
100 193
49 225
51 188
28 141
25 118
121 195
59 188
109 196
139 225
175 217
205 208
110 186
45 79
66 205
30 41
19 220
62 180
3 177
179 227
32 76
7 52
11 92
68 145
23 37
70 193
141 197
40 72
58 209
6 133
76 149
159 178
108 155
97 176
213 218
17 28
39 142
10 125
28 101
2 137
42 159
18 200
134 186
163 174
72 82
79 122
60 113
147 153
128 182
150 200
99 219
207 212
33 92
50 140
6 181
122 187
1 25
59 118
34 141
56 218
186 218
12 30
96 229
158 192
27 220
153 221
111 177
204 225
40 147
124 209
135 148
103 105
136 194
94 105
58 214
13 14
99 173
53 118
5 144
10 45
21 44
72 90
154 188
198 226
79 222
38 108
2 202
161 179
71 114
43 65
134 168
0 145
98 201
86 152
84 170
99 191
56 207
202 203
89 137
165 194
70 88
187 221
1 106
11 131
125 220
108 225
110 192
103 145
1 48
98 135
23 96
81 182
103 230
13 83
20 104
114 210
16 124
17 90
126 199
184 223
211 220
13 219
7 110
19 108
101 223
161 173
140 191
135 200
40 158
177 204
98 116
48 67
112 165
36 131
141 171
52 82
34 129
30 74
10 156
81 82
30 97
52 113
133 208
60 136
4 89
140 228
40 217
91 171
15 96
126 155
46 148
58 223
81 103
193 195
21 210
20 43
13 213
13 169
0 66
35 77
154 214
13 226
82 105
28 220
87 218
82 177
60 180
56 122
131 146
51 64
55 194
90 174
21 149
59 115
135 192
34 39
51 94
102 138
6 202
5 58
5 197
143 223
12 15
112 159
69 230
152 216
20 179
107 211
28 137
48 198
2 92
81 142
49 145
82 191
85 187
28 91
102 179
109 165
139 179
31 201
72 209
181 193
2 158
45 112
200 223
104 165
41 203
161 194
51 190
88 146
4 42
34 213
116 171
33 97
50 147
34 219
63 101
67 132
98 110
41 103
17 131
54 96
100 220
21 105
183 212
102 173
49 97
163 164
27 45
108 229
2 144
15 176
51 181
90 231
189 216
24 38
98 106
162 170
66 116
21 106
4 29
52 224
12 87
94 138
147 220
205 230
17 172
0 136
46 73
55 140
35 200
17 93
25 142
3 120
151 213
121 149
68 81
7 48
124 227
16 119
185 200
33 126
11 16
102 231
151 163
54 210
98 182
159 169
64 92
83 172
147 154
115 122
98 192
53 146
51 224
152 185
64 170
104 139
114 129
136 139
0 95
88 175
158 219
10 30
72 162
2 41
122 144
19 141
47 127
25 177
53 157
70 95
186 228
83 124
127 150
39 112
134 181
59 163
103 226
81 120
102 172
47 221
101 171
125 141
58 175
61 84
32 150
80 218
25 99
139 182
71 160
121 188
124 165
73 197
178 225
119 135
21 55
32 172
18 141
79 179
174 181
204 212
34 179
29 188
125 175
151 230
74 117
92 193
18 220
113 161
33 157
71 186
69 78
46 158
137 142
125 202
52 57
23 100
35 100
69 194
178 188
54 213
86 108
11 113
148 166
199 208
19 143
23 91
133 196
42 227
73 223
132 189
0 3
27 190
95 106
16 139
41 140
64 98
172 184
138 179
142 210
76 231
91 205
10 50
116 196
141 161
1 60
46 69
168 173
161 177
63 108
22 172
48 97
111 127
70 111
37 119
1 119
46 55
7 15
94 118
103 194
26 117
181 228
70 191
4 20
200 210
159 181
88 89
34 120
65 210
72 221
76 104
111 129
185 201
72 100
64 115
74 186
29 67
121 154
25 81
3 154
108 202
86 140
95 212
91 209
38 110
90 215
16 209
97 217
36 52
57 223
221 228
76 217
20 156
158 194
53 67
199 201
119 222
54 116
198 218
173 192
189 229
175 207
4 105
5 73
137 147
44 139
92 192
112 155
16 27
75 89
58 208
141 179
153 154
91 197
68 156
149 182
37 118
5 109
43 108
24 219
36 187
35 58
42 44
36 57
62 97
4 5
25 49
108 126
81 156
25 192
142 205
82 118
35 180
71 230
103 175
7 169
11 135
93 147
7 161
5 138
27 227
44 60
9 17
87 123
70 102
77 149
58 155
46 135
124 169
106 120
2 4
77 231
5 39
160 199
7 210
53 203
160 207
71 192
85 204
3 182
164 196
103 111
18 131
74 138
63 206
18 99
104 193
63 149
180 215
119 145
10 69
122 204
13 107
149 223
25 45
110 138
141 187
84 90
73 141
60 111
18 29
104 185
122 161
14 151
128 186
45 86
66 73
176 183
52 205
107 213
60 69
75 110
60 191
184 228
144 190
37 77
58 164
98 128
193 211
70 177
91 224
107 198
121 231
122 186
27 171
21 148
88 91
28 94
125 139
86 125
26 175
69 209
100 112
80 122
101 120
87 114
109 140
158 214
172 212
166 175
106 152
76 155
63 225
95 117
22 100
148 171
64 104
9 153
31 144
5 92
74 101
59 136
64 103
120 159
70 80
9 54
37 57
147 227
1 107
182 218
20 71
123 153
103 172
46 189
110 147
113 127
29 196
86 112
39 40
151 167
120 167
89 111
113 168
159 179
160 188
25 79
174 178
34 228
103 128
129 178
136 178
55 129
196 210
10 59
157 218
5 31
50 78
28 187
78 169
59 84
31 122
23 225
152 163
14 45
14 153
109 166
141 229
203 209
3 68
71 89
29 54
136 195
158 221
64 68
97 157
6 192
68 122
108 129
161 178
46 118
45 202
70 100
115 169
59 70
39 119
133 158
42 165
72 81
19 96
12 210
30 131
44 160
104 172
174 175
169 179
54 59
112 148
113 202
86 163
15 65
137 167
91 95
14 44
29 105
65 200
181 188
139 164
113 175
59 103
78 211
44 84
19 149
89 119
13 182
17 143
82 123
147 230
105 146
68 176
118 140
95 103
18 147
169 192
140 211
172 215
70 131
124 170
127 222
203 211
27 208
62 211
67 229
185 209
159 217
34 96
91 181
23 43
196 224
34 111
71 92
115 191
43 161
67 199
61 83
25 132
32 223
115 186
40 126
79 119
29 152
52 83
69 200
153 155
20 168
77 96
40 174
92 105
141 200
153 190
71 151
35 184
129 183
11 57
15 126
91 215
57 83
114 229
77 145
133 210
15 178
104 147
157 180
27 58
124 191
158 198
94 190
65 98
74 150
0 71
88 90
70 166
135 187
204 224
180 227
130 198
11 84
2 27
62 225
40 59
146 176
84 166
55 85
34 105
52 156
52 127
106 214
67 93
88 117
118 188
160 182
59 154
63 176
76 182
17 102
149 179
129 210
104 208
78 226
38 78
125 209
140 164
186 230
47 139
0 81
89 152
67 119
132 229
86 196
57 196
47 201
15 52
206 207
29 177
150 162
76 230
197 200
28 99
144 179
8 28
39 107
126 194
53 200
102 182
63 91
65 120
28 156
177 228
29 199
89 230
39 173
1 184
165 229
103 222
51 60
11 231
55 134
50 112
36 145
175 191
53 186
65 180
68 194
141 191
93 184
38 170
130 137
28 124
181 225
12 145
30 100
9 137
57 153
167 223
185 191
87 206
55 155
103 180
13 49
70 71
107 168
195 203
199 206
176 180
85 102
0 196
15 104
98 169
77 188
165 228
89 182
22 49
46 222
18 188
65 176
67 98
18 168
157 159
143 152
13 74
74 78
22 137
116 149
1 8
147 174
113 124
105 150
65 122
25 196
169 189
126 221
116 154
55 107
61 210
19 174
18 39
180 193
6 100
180 199
57 99
5 219
114 118
3 213
46 61
59 152
156 195
76 120
102 162
47 92
101 117
212 230
141 153
85 144
84 98
155 166
192 204
17 161
15 185
55 125
95 172
29 53
13 65
87 105
64 97
43 96
125 163
158 180
8 31
42 70
73 158
4 223
178 187
49 130
165 182
93 143
74 202
27 140
106 184
17 140
181 186
195 210
63 132
138 201
116 157
16 96
8 14
178 230
72 226
36 59
21 188
61 63
25 66
54 113
50 95
66 139
1 228
13 111
90 195
11 207
141 173
42 146
43 205
31 129
104 222
96 175
29 43
3 24
154 169
71 142
112 231
29 50
144 156
25 98
19 115
101 109
87 182
60 165
113 208
28 177
195 223
157 197
7 133
161 227
33 87
8 137
153 180
137 160
177 215
126 189
36 185
82 211
43 157
89 136
50 130
140 219
161 202
75 188
14 51
66 150
63 104
58 81
10 76
15 203
7 51
151 189
14 39
128 180
18 44
19 195
62 91
133 193
17 213
102 191
82 205
49 125
38 143
118 143
50 163
148 216
3 224
26 220
159 227
140 168
65 138
37 223
146 180
2 198
41 71
47 96
14 128
13 119
152 179
32 159
52 102
6 219
50 111
32 137
176 177
121 191
172 191
189 215
54 183
86 167
76 201
25 69
189 196
95 163
30 149
19 159
35 219
26 43
38 100
19 228
63 81
8 172
162 173
95 154
30 59
180 214
100 139
119 204
14 152
164 212
68 69
55 212
139 181
17 124
1 211
9 72
182 185
115 163
188 210
40 202
118 229
96 149
81 153
48 169
157 199
122 181
206 222
124 148
85 192
92 116
33 207
142 211
13 54
115 201
27 115
144 180
19 46
35 150
62 119
41 224
53 174
61 182
155 177
27 52
109 220
181 220
1 117
65 206
23 169
26 34
70 123
91 141
71 84
82 143
135 198
55 205
84 141
9 87
131 173
97 112
4 184
32 93
131 212
46 112
203 205
8 126
189 218
77 204
47 184
65 166
35 45
60 188
67 96
25 41
165 178
63 84
31 182
48 64
21 101
186 191
82 196
157 225
75 141
20 103
43 217
48 230
5 19
153 201
94 177
4 124
5 190
71 172
137 228
172 186
23 34
70 157
22 160
84 218
59 101
111 222
64 229
123 218
111 152
97 100
27 99
130 222
35 109
44 186
50 207
7 21
62 103
123 195
44 209
133 188
23 27
72 213
84 111
62 81
59 141
113 185
37 191
167 226
66 128
144 230
87 227
19 49
71 135
11 161
27 221
41 154
84 189
34 88
77 229
29 64
182 214
133 200
46 185
18 154
72 171
163 191
76 84
88 97
30 70
178 205
96 172
216 229
18 85
175 216
162 224
107 161
86 195
127 166
8 176
111 195
114 192
146 190
132 170
71 178
200 202
213 226
99 127
101 186
33 156
22 230
47 210
71 221
96 179
1 43
59 189
30 116
47 109
144 194
109 205
130 184
13 156
24 71
72 192
123 220
9 206
134 196
135 211
39 56
58 74
179 205
170 221
23 221
26 94
50 82
18 57
70 109
28 92
15 133
12 186
93 146
26 130
69 163
169 211
45 51
138 188
20 72
199 219
40 49
4 43
35 203
59 99
4 136
179 210
77 120
16 50
176 227
65 91
165 220
159 205
54 112
58 86
135 142
90 142
133 203
108 122
86 115
147 162
33 134
151 220
41 62
57 189
84 162
108 203
148 188
99 142
202 221
175 186
76 95
49 183
19 95
156 209
99 186
5 98
35 211
105 180
106 157
171 191
52 85
15 44
189 199
72 144
85 115
37 67
109 218
13 148
1 64
65 86
66 104
56 204
34 196
83 140
2 185
14 133
32 199
80 108
16 161
34 163
28 225
30 40
58 220
24 211
69 213
147 219
93 120
51 203
162 185
119 229
125 151
153 228
6 75
47 73
130 223
213 228
223 225
49 58
74 94
27 212
51 212
28 86
40 223
68 102
221 226
50 224
61 105
158 167
77 181
148 181
143 148
134 207
4 32
68 133
109 172
117 225
15 205
10 57
0 98
22 229
121 122
98 213
48 113
119 130
63 107
178 193
114 197
17 82
167 179
16 144
100 170
44 64
117 160
92 182
51 97
192 221
26 178
11 99
132 217
105 151
155 183
20 56
11 13
170 219
142 155
23 74
35 120
117 204
191 211
33 151
82 135
193 231
5 149
38 169
24 205
0 39
101 215
218 222
85 108
68 179
17 61
150 184
101 122
53 208
107 173
50 166
52 202
142 184
112 150
77 173
35 182
147 224
36 96
8 132
28 48
61 92
71 101
61 227
133 221
96 133
67 105
196 205
119 197
163 218
63 127
19 153
116 169
22 90
5 213
52 88
22 133
93 107
65 153
116 230
7 99
176 182
41 101
15 28
83 144
128 156
18 142
1 37
127 203
22 226
40 109
64 99
98 147
130 132
35 159
86 145
16 95
217 220
36 194
54 104
103 132
8 23
46 71
11 81
58 68
13 17
1 84
173 200
27 133
18 204
58 159
61 177
160 205
50 189
135 182
38 213
155 158
77 110
160 202
50 76
78 227
41 177
9 110
9 187
72 119
35 105
64 158
124 185
47 226
73 129
70 139
3 38
73 163
5 227
43 196
73 112
175 192
30 183
7 209
42 208
73 198
114 121
204 214
42 67
49 119
9 94
0 152
45 222
130 211
160 231
186 193
132 159
165 226
9 90
78 199
102 147
50 65
187 201
104 209
47 77
59 164
26 99
74 108
137 180
97 114
110 143
158 195
25 176
57 127
93 110
4 103
116 177
101 208
162 205
4 145
133 146
167 218
113 131
86 107
21 53
28 229
98 118
209 210
184 202
51 161
181 218
42 225
127 202
137 157
86 118
37 182
67 124
215 220
138 210
124 128
18 35
98 231
37 214
29 104
157 224
20 213
203 217
20 69
88 206
22 110
185 213
36 105
201 204
33 51
54 135
111 176
157 160
13 146
122 183
190 194
20 95
17 120
89 90
48 226
47 191
174 212
165 221
0 47
90 148
44 202
35 80
76 212
123 142
54 87
152 177
126 151
153 209
45 49
6 214
3 27
159 224
107 194
42 113
41 57
89 217
9 144
34 70
138 158
28 196
139 202
79 206
11 126
83 158
57 174
100 214
12 152
32 215
105 117
156 159
20 169
43 45
108 183
86 189
168 175
88 216
72 163
0 34
132 222
99 146
26 170
23 75
78 106
77 199
148 211
131 152
49 135
0 174
141 154
77 129
109 146
214 221
10 186
36 198
58 88
99 217
14 154
44 116
65 189
25 116
43 62
21 117
5 186
85 225
33 220
80 115
57 125
9 197
69 73
46 50
28 184
128 201
99 131
142 167
21 163
2 187
42 75
101 167
79 188
57 146
210 223
119 230
87 179
71 125
59 92
105 189
97 211
47 98
54 175
159 173
192 200
46 75
9 227
182 223
66 148
64 77
44 58
126 142
5 30
54 186
17 39
47 229
67 152
113 210
70 124
1 28
85 209
84 175
122 190
89 223
30 222
45 226
104 204
32 194
70 218
43 134
123 230
138 161
49 179
118 132
20 30
79 144
2 109
105 192
8 136
84 216
157 209
32 144
124 200
123 164
1 148
62 135
7 60
18 113
190 216
44 110
96 226
176 178
164 188
8 124
30 58
110 135
76 176
21 204
2 121
63 187
89 130
81 222
33 107
163 171
35 210
31 32
98 141
11 183
14 183
51 157
120 188
224 229
20 212
26 108
53 78
124 168
24 41
96 163
29 161
131 214
64 167
0 9
83 176
40 194
91 173
24 62
99 174
111 128
192 201
0 207
58 111
146 213
61 180
74 79
121 194
18 109
40 94
133 148
70 168
83 143
38 52
145 195
88 149
65 93
106 151
35 115
43 180
83 198
19 64
98 120
124 126
24 216
194 210
45 100
83 186
63 71
64 106
66 214
107 231
64 135
105 122
5 12
21 199
1 172
107 205
107 227
20 217
163 220
69 223
49 54
107 180
65 171
155 157
27 107
123 185
57 175
122 188
49 86
26 92
113 149
16 115
4 17
110 124
146 169
83 203
133 206
56 77
99 138
151 154
175 221
156 185
112 223
6 146
12 221
14 218
101 180
6 118
117 229
113 137
40 231
86 192
174 230
38 50
104 212
55 112
132 208
64 89
115 125
57 200
19 127
73 108
14 142
111 140
92 215
140 209
196 213
24 133
72 121
150 172
185 212
202 230
200 218
45 177
119 212
1 205
58 163
16 23
38 40
194 200
162 172
117 190
91 169
132 205
118 151
21 190
160 220
142 229
67 207
78 93
9 226
194 216
9 183
86 207
6 215
68 144
10 133
17 106
76 216
127 199
23 152
60 77
77 169
9 158
95 161
120 204
18 64
22 91
88 108
48 207
43 176
62 161
85 123
115 150
84 215
60 62
45 68
78 159
55 79
74 111
44 127
199 202
129 131
11 211
112 120
45 105
6 60
28 164
114 139
45 154
111 116
36 156
126 197
171 177
18 198
40 222
107 122
19 167
56 126
124 216
46 174
191 209
76 194
21 219
76 132
130 193
2 190
9 99
62 140
59 176
96 122
3 90
1 67
31 40
38 88
95 194
43 164
43 200
73 77
72 124
118 222
31 72
83 138
142 186
38 83
4 219
73 209
78 116
69 142
104 203
136 157
101 111
92 147
66 216
11 15
175 182
9 58
196 227
94 217
107 192
28 223
86 186
153 158
39 198
37 38
57 195
93 197
154 164
0 126
80 200
72 203
25 139
122 220
136 231
28 145
8 147
14 114
127 152
146 228
25 220
177 219
124 188
123 172
196 223
27 162
51 199
97 124
15 117
80 181
205 222
79 230
29 156
155 230
130 231
83 117
71 137
82 149
47 59
57 80
55 86
7 47
39 66
145 206
169 195
81 226
105 112
10 131
18 80
152 226
123 134
57 122
130 159
11 230
108 146
132 202
197 202
98 219
135 164
107 195
1 206
15 116
81 122
78 124
52 59
12 174
88 156
39 147
92 132
45 205
66 203
12 188
37 201
65 105
27 143
10 175
150 154
5 180
11 124
168 204
86 135
44 165
42 174
121 143
56 139
14 230
110 162
40 69
84 95
58 206
67 201
5 86
76 121
176 206
0 214
48 95
102 103
90 124
28 209
121 165
14 42
157 210
64 130
12 142
126 206
67 153
105 135
220 226
55 59
13 209
13 30
57 72
43 44
31 191
158 229
42 49
52 155
81 150
181 200
83 113
36 209
116 163
3 31
9 70
27 44
45 162
11 50
26 188
209 216
92 138
88 186
31 173
98 129
22 25
107 150
165 185
83 157
4 107
72 198
6 71
117 191
17 220
28 66
130 228
56 194
23 44
41 123
17 25
10 223
73 167
90 119
0 111
2 39
81 180
165 190
116 215
132 180
124 217
81 192
18 90
181 223
154 217
9 109
155 202
3 51
53 214
109 197
51 189
104 206
148 150
32 225
113 177
188 195
50 81
64 86
52 94
91 96
134 211
43 150
48 129
2 146
163 172
122 193
19 38
81 175
48 180
184 206
128 177
2 106
207 229
152 161
45 88
39 200
61 69
54 153
14 99
205 213
69 166
27 29
97 161
95 121
31 86
149 201
61 167
106 207
133 156
151 188
0 93
8 50
23 69
0 50
77 119
11 119
107 157
15 32
17 27
165 191
105 138
126 174
74 154
26 228
128 204
60 107
76 166
68 190
49 157
32 207
132 183
5 155
47 80
192 211
3 109
50 190
54 56
135 174
34 125
94 198
0 59
66 164
61 77
125 171
37 229
128 161
26 192
187 189
149 154
151 196
107 193
19 173
40 200
81 85
4 22
98 124
127 213
141 177
100 141
134 201
51 228
2 160
53 59
72 91
81 227
107 149
160 163
148 153
145 222
83 182
92 143
12 107
162 218
67 172
11 156
3 74
92 115
39 203
42 122
36 84
79 202
55 126
23 39
19 42
129 145
58 189
9 23
49 177
92 148
33 76
14 194
5 26
15 179
124 186
198 208
96 193
75 109
17 112
35 229
74 181
8 225
13 77
16 92
49 167
55 105
28 143
79 176
138 159
34 130
120 196
200 231
64 206
173 189
83 214
97 146
150 225
123 208
127 135
28 127
93 204
121 146
112 129
65 224
148 162
92 223
193 228
15 124
28 179
16 85
49 64
30 118
0 215
153 207
154 221
41 217
0 29
6 223
11 91
32 195
154 231
146 185
98 143
58 100
118 212
92 191
190 217
15 204
93 157
15 17
63 129
65 146
101 175
47 97
175 214
19 214
40 164
42 184
116 143
141 223
9 101
4 37
111 214
175 231
81 89
80 160
96 208
51 211
81 97
0 55
77 134
46 201
134 204
129 143
28 120
95 158
186 189
103 144
7 221
50 56
47 74
22 92
61 91
23 116
85 89
2 22
25 115
38 178
31 169
16 199
61 207
22 52
174 218
27 183
183 219
8 196
12 181
73 229
139 209
127 217
98 101
65 126
125 138
105 222
41 121
126 193
51 129
27 108
176 212
2 43
74 112
29 212
24 155
173 218
120 158
50 165
94 176
31 64
27 217
110 137
31 153
158 183
49 104
37 41
146 189
42 203
15 158
16 166
55 187
75 159
64 155
2 25
23 134
136 223
69 172
1 179
150 213
135 138
168 213
69 189
28 132
137 158
119 131
30 107
2 150
69 214
45 122
42 54
146 205
107 129
150 177
51 193
150 180
11 215
35 55
53 70
140 156
61 186
4 127
30 155
168 188
22 29
82 212
76 107
30 223
67 165
170 226
2 81
54 95
27 197
93 167
37 61
81 207
47 112
158 223
42 219
107 160
111 201
172 193
108 188
12 194
95 162
20 221
71 223
33 183
38 79
14 171
81 186
75 228
98 131
44 176
80 117
50 89
111 186
41 142
181 212
3 107
33 221
69 83
54 105
193 204
34 189
18 20
18 26
162 182
9 174
200 213
14 25
9 65
62 92
180 203
76 228
18 152
109 113
134 135
81 116
31 53
171 209
81 228
171 231
16 167
139 205
128 206
115 135
125 184
6 35
22 199
106 231
134 165
47 158
107 222
123 228
58 228
31 127
167 205
41 89
14 185
44 146
26 124
53 222
10 151
110 202
87 146
51 58
196 197
7 36
85 107
14 176
24 105
116 160
86 120
70 205
69 79
8 229
18 196
121 155
105 111
46 210
101 128
180 218
101 133
144 177
28 138
116 126
95 130
36 42
72 149
29 78
76 162
128 210
3 83
141 195
82 217
77 104
15 19
100 222
28 195
6 193
34 38
149 213
30 112
13 161
27 109
133 145
35 72
86 117
146 224
92 229
131 155
97 201
137 223
101 130
0 72
44 55
39 207
7 166
105 226
192 220
58 79
84 168
73 191
16 216
23 36
139 163
122 205
174 189
37 141
108 133
10 47
33 94
96 197
29 129
33 111
85 169
27 84
56 174
35 95
88 102
31 208
11 227
25 47
216 219
29 61
7 64
164 193
173 185
102 206
123 224
76 114
9 102
20 119
45 148
65 167
81 154
107 139
69 180
159 211
44 171
83 195
97 205
90 166
21 51
41 95
9 224
79 96
20 216
108 192
55 102
71 103
104 215
132 162
118 167
34 194
11 106
115 158
113 219
56 90
61 212
24 125
131 148
124 203
25 210
123 227
62 115
92 204
2 122
63 95
29 169
40 193
106 192
66 127
152 156
99 129
34 48
190 226
30 66
87 178
124 183
41 210
60 112
70 164
14 46
100 110
118 181
10 90
151 211
146 178
31 185
72 106
6 197
106 200
53 231
68 87
53 120
12 73
136 228
52 129
2 74
10 126
111 165
11 105
164 167
21 36
119 157
85 183
172 217
31 61
46 125
53 61
11 29
105 168
88 176
108 150
100 124
124 220
3 175
18 106
4 125
107 207
174 216
42 132
64 84
135 153
9 190
4 75
48 120
91 133
133 160
114 183
57 88
79 195
18 112
22 36
47 190
95 112
80 104
2 141
42 148
69 196
14 177
56 89
140 205
15 171
74 218
19 207
23 24
111 215
201 214
207 209
155 170
114 227
96 131
70 126
105 195
121 169
25 181
119 160
24 61
4 7
44 177
161 208
107 225
93 195
113 115
87 198
65 230
59 202
110 208
155 213
140 210
44 155
85 129
9 48
16 148
90 191
95 190
117 184
22 47
138 183
19 70
36 177
184 187
13 101
109 143
54 110
175 189
86 166
6 92
124 158
81 220
67 83
18 79
41 157
136 147
124 139
60 123
54 130
163 204
155 223
57 118
83 167
152 184
25 51
42 216
1 229
20 64
9 47
14 170
19 139
43 54
22 169
138 169
63 154
111 204
145 182
16 105
191 193
21 221
69 108
118 210
21 125
209 214
123 202
91 202
19 47
83 102
18 231
1 138
17 212
193 194
31 207
95 199
30 108
214 229
51 112
4 222
35 155
188 193
72 191
79 123
12 77
77 130
38 81
97 170
55 179
56 223
82 194
67 177
76 159
43 167
11 120
91 149
21 216
91 219
173 221
138 215
145 175
6 63
44 162
81 173
115 218
14 193
90 92
142 145
16 123
33 153
112 228
9 180
80 146
89 110
25 187
148 221
117 178
56 65
75 174
11 179
121 142
45 195
176 202
208 214
28 178
148 178
55 141
16 203
181 192
182 219
10 64
25 71
185 207
74 110
156 212
65 133
11 128
77 79
103 178
140 213
71 139
38 203
43 91
137 217
189 192
110 209
96 100
50 71
72 196
129 197
20 98
172 190
181 231
73 89
110 136
18 50
128 179
38 85
39 144
183 201
15 210
70 179
123 165
55 81
11 36
9 55
87 106
109 132
154 219
100 153
92 210
169 187
157 162
137 215
3 199
84 86
99 103
187 218
119 125
34 164
38 168
41 65
2 176
106 173
63 116
105 194
47 207
38 150
95 168
37 40
113 213
1 227
91 160
64 124
161 210
7 111
90 106
7 154
30 85
108 199
88 197
7 114
182 209
95 104
80 162
88 191
112 114
44 106
20 135
78 200
60 220
155 199
16 98
70 219
136 166
39 113
183 194
81 200
95 185
61 149
1 133
14 120
184 190
15 98
152 229
135 173
73 144
58 160
167 185
72 164
8 56
13 53
44 77
20 47
58 221
67 103
107 166
140 192
76 111
38 95
15 146
18 180
17 58
32 71
0 73
28 134
144 153
60 170
141 220
63 151
15 39
50 148
53 158
6 229
39 224
56 109
25 121
48 201
131 174
71 107
104 156
134 192
42 82
33 159
0 231
34 202
23 153
37 160
18 205
115 220
31 227
78 186
31 152
144 174
108 166
164 178
30 150
68 182
49 166
0 200
166 230
38 103
82 124
37 104
32 77
27 199
92 184
77 230
65 111
149 224
58 65
61 209
87 164
4 99
133 205
8 167
70 128
177 220
79 97
106 213
44 167
3 188
26 89
1 20
157 179
140 145
65 183
136 163
123 156
91 193
177 185
55 167
5 90
26 78
50 133
87 172
56 209
117 217
220 230
61 67
67 178
82 94
27 214
99 220
78 119
49 228
78 151
14 119
0 38
67 163
59 174
38 227
83 211
29 91
11 178
75 132
145 215
89 210
27 180
173 228
20 81
12 132
41 231
117 126
172 198
147 217
207 230
113 181
77 153
94 219
79 196
12 182
3 93
34 61
52 165
118 147
215 219
178 215
220 223
223 230
108 139
80 96
99 161
52 135
186 217
30 115
18 81
12 67
11 72
20 159
216 217
137 196
11 154
11 139
171 224
22 181
0 201
54 161
53 140
172 188
28 216
114 115
40 119
25 33
146 230
18 19
35 194
89 158
40 104
69 102
30 139
118 157
87 222
136 192
94 142
99 196
31 174
139 147
40 197
88 199
149 209
32 161
62 108
7 206
160 174
196 226
153 220
127 144
41 174
117 152
135 201
70 104
81 159
56 131
14 24
148 184
41 66
145 200
0 160
107 175
55 230
12 54
93 186
127 162
109 217
45 70
46 184
12 127
97 185
12 84
8 130
55 172
83 181
154 176
4 192
41 169
43 105
52 177
185 224
56 153
130 219
19 194
59 225
6 19
26 194
84 121
108 123
138 217
5 6
26 53
144 157
71 213
66 130
60 204
36 202
72 111
168 222
79 161
5 48
106 181
5 82
34 186
45 215
27 57
75 178
58 219
0 57
90 158
21 120
126 217
3 45
70 217
50 194
0 218
129 229
87 165
148 214
156 172
140 224
24 230
74 139
49 98
40 208
84 203
177 209
19 66
42 81
7 164
168 208
90 101
111 112
86 138
158 168
11 218
180 226
25 182
0 8
12 55
42 66
71 214
138 196
112 187
50 73
48 53
3 144
125 140
63 74
103 110
45 81
68 185
19 28
62 109
94 208
17 52
54 231
98 193
89 215
15 128
199 223
58 128
29 45
24 60
46 60
167 212
154 228
36 153
118 161
20 76
65 99
68 188
76 112
94 140
148 205
96 184
62 231
140 217
161 188
57 61
9 46
28 219
143 225
50 124
147 180
23 165
61 226
26 221
104 177
76 193
84 123
111 197
204 211
26 181
11 149
95 187
28 70
123 131
27 35
12 47
117 164
26 59
180 220
128 183
182 230
134 180
17 155
7 122
49 164
79 229
24 31
23 107
57 69
23 207
32 112
29 147
109 122
79 85
144 146
4 69
159 212
58 126
134 195
178 214
3 173
42 123
98 223
43 114
72 95
146 172
185 205
90 102
90 93
21 192
177 202
108 201
28 176
70 149
34 58
93 125
125 154
69 127
41 69
158 218
157 208
32 198
121 144
151 223
29 103
24 57
75 82
8 181
84 165
73 134
39 175
66 224
213 224
113 224
7 116
14 209
145 192
34 181
67 173
55 70
16 54
5 87
134 167
65 129
10 116
69 192
9 147
212 227
36 110
6 170
87 223
37 66
43 142
33 146
170 215
61 144
29 181
26 148
17 64
12 223
199 213
111 139
3 14
90 105
105 204
118 126
13 52
5 135
2 226
82 130
120 123
38 190
20 126
70 155
173 183
17 167
57 67
14 34
42 218
8 160
19 196
160 229
20 190
126 195
199 216
106 121
80 114
77 225
57 128
3 179
99 218
81 130
34 108
182 228
190 207
111 224
80 173
71 217
118 136
111 117
5 222
68 79
150 212
103 221
15 130
34 214
84 150
84 140
44 96
99 111
82 137
9 163
54 132
98 102
87 196
47 64
137 207
42 213
1 70
154 213
28 155
197 214
168 176
20 151
40 65
34 162
12 17
18 94
134 171
42 130
21 156
152 202
16 147
49 180
87 134
56 144
40 105
66 230
155 167
98 134
22 115
149 151
167 193
0 211
21 226
122 217
114 196
59 139
33 145
143 186
143 191
33 224
136 141
92 206
10 120
1 40
148 175
139 195
190 215
62 173
62 152
123 141
94 162
68 142
128 228
72 113
60 81
60 61
73 97
26 81
19 56
74 227
204 227
140 161
55 206
57 135
170 209
1 154
213 231
99 216
31 77
140 186
21 100
22 64
2 52
128 157
1 188
111 202
65 125
172 180
37 94
158 215
0 199
53 216
23 118
0 165
25 112
102 224
36 192
92 106
21 223
83 156
98 157
66 212
89 220
171 200
105 137
58 94
210 222
27 128
7 185
102 202
73 88
74 199
80 155
7 28
182 204
4 64
49 62
188 226
39 74
6 48
83 180
13 79
53 173
78 139
19 221
44 140
41 60
10 155
92 95
26 46
9 115
78 198
48 126
27 189
142 169
74 172
106 154
4 93
81 114
89 106
1 18
81 143
176 228
16 210
84 155
3 200
79 224
58 169
31 42
21 23
101 143
0 217
23 148
45 199
63 197
31 97
104 178
12 157
66 132
37 82
6 99
50 172
14 90
61 100
112 205
33 176
92 175
141 226
2 167
79 151
173 217
88 226
0 168
138 226
65 165
47 167
98 127
23 175
72 231
152 207
42 134
49 161
148 231
41 51
78 203
59 229
76 187
14 135
149 220
142 174
29 205
28 213
150 224
164 218
47 179
66 77
155 203
58 226
97 216
148 186
87 126
63 202
86 98
54 150
24 66
29 44
47 211
118 221
19 111
159 199
43 188
36 85
112 191
65 149
88 204
20 192
34 153
86 213
8 101
34 211
73 161
1 22
29 117
115 162
151 192
110 140
80 156
172 202
162 188
46 165
104 151
17 229
100 169
5 8
108 153
51 138
87 135
44 151
87 129
134 156
11 142
179 200
73 102
45 74
65 88
117 123
8 107
191 215
35 202
43 88
176 223
1 132
19 154
93 99
153 186
134 202
63 215
33 43
33 73
131 176
43 109
127 189
217 226
16 185
148 170
153 169
51 154
40 99
102 167
170 200
24 138
59 95
151 158
54 226
23 128
129 175
42 181
175 195
42 171
150 156
142 220
66 163
85 165
66 86
9 189
66 204
53 164
27 85
71 83
129 156
34 56
93 192
24 123
185 217
24 177
25 147
133 143
59 69
52 58
149 161
82 119
3 77
104 135
110 227
20 178
132 184
1 163
73 225
25 158
38 163
47 193
11 96
4 162
109 138
81 84
45 169
14 26
98 153
15 77
66 118
14 210
138 190
28 100
135 145
48 190
141 185
55 103
79 84
44 185
33 161
24 166
133 150
184 195
26 169
12 133
197 231
62 175
168 182
73 206
162 174
15 103
64 176
82 167
1 131
31 103
73 175
113 227
67 204
36 158
87 204
118 154
210 226
133 139
171 215
119 150
67 77
37 155
67 223
146 181
55 215
149 168
49 118
7 174
115 145
55 207
10 74
60 152
9 34
71 207
33 61
20 142
7 83
79 212
45 75
17 60
32 162
8 53
83 221
38 204
110 218
9 20
83 91
126 223
199 230
22 175
60 202
101 185
144 168
41 161
120 131
5 9
79 129
14 158
9 91
109 157
7 191
17 107
161 203
130 154
118 125
102 161
132 153
169 202
60 169
187 229
48 79
76 116
61 111
1 135
54 140
139 218
127 227
169 226
28 111
53 193
25 35
2 209
126 137
96 173
6 72
33 164
24 210
93 160
77 215
103 152
24 112
132 213
81 117
3 114
82 172
9 217
10 231
69 164
141 214
75 157
85 156
158 165
37 126
20 195
23 106
147 216
9 181
77 90
44 61
86 109
41 48
88 213
37 187
52 191
104 164
33 81
21 56
102 176
68 153
38 173
83 125
80 105
34 208
122 196
14 174
65 184
115 126
93 202
46 113
58 148
16 107
36 79
135 146
203 220
9 164
23 26
108 219
45 190
63 192
137 168
40 113
58 162
104 123
134 138
34 74
11 102
162 211
90 211
3 112
10 149
7 212
75 214
60 83
140 184
38 195
126 200
27 91
110 122
202 211
198 209
142 223
134 209
10 103
65 179
62 230
202 213
78 79
18 119
205 226
58 95
11 25
149 159
12 163
12 82
79 204
155 161
192 219
22 209
127 191
67 158
16 43
136 226
117 186
0 62
61 130
3 208
66 69
140 199
88 222
45 173
86 123
162 216
159 161
67 167
222 227
51 171
28 170
151 161
25 43
136 219
73 162
32 86
50 101
35 56
1 174
72 87
105 188
176 225
143 214
32 78
81 201
149 183
115 209
18 225
50 117
190 204
22 150
94 153
91 161
1 19
53 66
85 197
28 160
14 81
160 212
4 47
48 175
35 44
113 150
34 193
18 73
27 70
25 123
139 186
21 109
112 202
187 192
35 90
136 155
33 103
81 158
33 210
111 182
109 127
103 192
26 63
27 51
45 224
74 220
165 198
21 110
57 198
119 226
120 160
22 98
8 40
103 143
160 206
28 55
125 228
180 210
121 220
24 221
10 144
133 187
65 188
45 223
62 117
117 196
34 168
78 231
70 196
35 172
35 208
50 216
106 206
215 230
9 123
54 123
147 165
15 125
185 192
84 197
186 226
206 219
104 196
121 177
131 147
36 88
126 179
107 210
104 182
65 76
21 203
161 198
76 225
58 133
144 169
14 78
66 192
51 180
124 176
6 210
5 18
133 186
102 126
106 174
194 196
12 16
17 34
94 130
86 90
96 167
43 58
52 104
131 137
70 136
3 58
165 177
35 209
34 59
64 218
5 145
57 202
9 45
119 166
122 137
206 209
73 228
80 103
88 140
104 211
66 156
30 220
118 172
53 205
17 122
94 227
45 135
108 231
42 188
28 217
44 113
166 202
76 131
21 181
65 97
46 228
96 216
35 227
48 166
152 195
144 160
73 217
198 219
47 155
167 209
30 228
78 150
134 146
94 215
95 102
78 142
22 182
82 201
118 182
21 174
75 221
93 227
0 164
139 201
66 124
25 165
119 133
47 145
32 175
155 205
28 192
134 140
2 184
55 158
127 133
64 128
0 179
4 203
137 174
73 118
1 164
172 189
88 144
6 20
123 197
50 125
77 125
36 93
35 36
105 173
39 170
189 202
37 131
53 132
28 182
55 224
168 205
73 152
131 206
87 159
191 199
111 229
135 169
15 212
14 35
39 229
22 61
99 117
169 197
31 119
31 187
172 214
26 111
50 61
30 219
120 138
91 212
137 144
35 92
38 107
42 90
81 216
119 168
80 85
117 187
33 228
19 125
16 179
47 228
188 198
92 216
137 204
38 106
54 215
167 174
110 194
147 204
76 190
34 138
43 129
100 107
50 110
101 105
17 59
191 203
111 194
75 103
59 218
175 187
96 113
144 216
78 136
117 183
31 80
117 171
140 196
65 75
124 157
23 191
13 204
8 194
16 66
22 67
93 114
3 85
30 102
180 223
94 107
30 48
99 183
92 150
9 133
98 185
39 139
103 168
161 181
39 123
142 225
24 76
173 181
14 100
25 161
112 186
40 137
8 82
0 2
73 216
18 140
13 19
205 206
138 170
107 199
170 206
120 177
100 163
92 171
194 208
57 226
56 164
143 179
97 230
208 231
131 161
95 139
11 63
64 210
45 166
113 230
39 133
188 218
132 138
36 197
68 134
149 180
98 150
170 179
13 179
145 159
68 75
73 231
45 48
2 129
133 199
85 148
38 181
61 82
54 98
30 211
67 142
82 108
2 65
85 173
100 195
3 123
8 154
66 228
9 56
81 140
48 65
100 133
156 175
39 82
24 199
18 23
143 156
61 166
44 196
59 194
26 145
125 176
24 156
35 139
33 119
49 83
59 111
143 210
105 224
58 142
11 88
104 227
9 13
27 126
120 229
3 231
12 105
122 130
102 155
47 135
70 130
63 131
59 119
63 98
56 196
192 196
23 70
81 183
133 222
79 156
39 45
21 85
71 175
3 115
18 169
115 222
166 197
5 52
35 60
97 184
97 192
34 156
161 222
0 12
167 183
28 140
50 219
14 136
195 217
71 73
53 65
66 83
110 190
33 104
33 142
60 103
147 175
2 193
45 228
23 220
10 95
11 73
78 112
136 145
33 202
154 200
61 184
78 140
12 139
25 149
92 144
65 197
62 107
125 219
101 207
44 121
112 170
24 183
66 195
102 118
152 230
57 212
44 47
23 93
118 196
51 217
157 176
11 130
29 73
63 119
60 119
28 142
164 225
0 189
123 192
205 214
90 178
17 154
28 36
83 164
12 155
128 224
5 101
28 96
58 83
99 119
56 175
142 192
146 165
141 205
129 174
108 110
38 149
75 205
23 63
140 183
102 107
9 156
10 197
115 174
38 121
70 99
194 219
91 158
112 139
25 38
117 182
98 115
212 215
112 146
75 102
88 221
74 86
22 75
69 94
1 12
31 154
78 220
35 61
11 166
0 144
163 182
11 186
41 204
97 208
140 157
57 166
51 105
208 230
91 191
163 215
129 230
110 203
5 172
42 62
71 176
32 111
14 147
37 195
49 91
34 37
60 219
124 231
35 231
151 181
62 141
118 123
125 180
58 184
111 125
3 62
47 219
182 210
140 197
43 175
16 214
15 100
7 171
108 187
166 192
109 156
84 85
3 41
107 162
91 174
141 181
24 208
100 171
135 215
50 90
164 217
109 134
12 143
159 174
42 97
96 119
157 213
41 130
54 178
47 192
36 147
7 220
112 188
165 201
111 163
128 145
24 193
73 138
111 144
13 38
105 185
7 132
15 168
106 108
39 154
176 214
140 194
132 215
3 116
3 129
146 162
16 51
86 150
106 229
77 128
34 149
138 173
19 230
97 121
0 24
126 144
140 214
121 156
30 72
36 81
166 181
54 187
16 47
62 185
76 169
110 113
74 187
18 206
134 148
187 224
15 213
33 79
18 130
18 70
200 227
74 125
62 65
43 229
84 206
26 30
4 10
92 209
84 149
130 146
178 220
179 225
67 88
176 185
14 137
45 219
95 140
38 130
13 162
185 228
82 95
173 187
149 207
76 165
57 101
70 225
59 144
24 35
143 195
91 183
146 182
66 207
1 105
33 127
74 119
151 175
80 102
50 146
12 147
52 86
18 219
30 156
7 170
18 93
92 152
112 211
146 173
103 120
4 180
134 215
129 140
12 112
36 74
83 219
107 140
130 155
52 172
76 117
51 225
97 226
115 203
27 30
58 136
36 82
18 181
107 181
20 62
89 168
34 63
23 90
100 185
12 65
181 210
70 229
75 197
42 144
42 104
112 143
45 95
77 160
81 101
30 202
2 63
116 187
168 206
93 138
86 216
63 217
126 208
143 188
134 194
43 60
18 184
145 187
134 157
157 198
25 183
74 197
99 187
113 179
28 133
71 190
170 213
177 218
99 230
7 98
73 121
17 205
3 140
56 213
68 177
46 176
21 37
87 140
17 23
72 208
185 189
157 204
54 198
192 230
46 62
187 194
183 200
97 140
21 62
13 126
48 181
66 126
88 220
23 108
216 224
133 192
40 146
58 108
55 226
130 186
73 81
204 226
7 167
4 179
9 21
116 209
37 221
16 25
114 203
33 96
98 184
175 218
28 228
6 218
137 162
23 88
80 93
121 189
29 166
94 159
17 186
24 194
108 226
32 214
144 171
8 38
127 186
180 200
68 159
34 165
115 117
18 134
34 200
76 143
16 153
93 139
20 63
117 218
108 135
71 231
12 89
103 156
92 108
135 137
33 209
31 60
53 221
66 175
99 145
21 191
93 108
0 84
133 137
196 222
92 112
13 224
13 206
73 85
90 199
140 173
54 136
96 120
197 205
3 108
107 221
98 214
63 115
6 24
17 188
127 131
1 149
208 224
22 69
196 219
32 88
195 224
165 195
122 136
32 62
183 220
147 209
116 128
75 143
163 185
118 202
208 227
121 218
0 216
89 141
4 49
64 123
123 190
88 165
18 223
35 67
173 180
221 222
70 93
61 181
131 178
41 230
192 193
82 170
173 188
194 218
70 143
66 111
157 215
43 140
86 139
2 78
1 100
0 83
63 69
93 105
131 230
17 168
2 174
30 151
12 46
32 158
135 162
11 121
28 45
57 73
59 157
210 231
135 188
80 230
7 30
32 226
0 167
27 193
66 97
92 228
24 29
183 206
25 37
48 55
13 109
88 205
50 88
22 82
23 211
111 160
94 229
47 176
3 82
128 133
77 121
9 219
54 66
115 173
47 189
47 154
141 201
8 72
92 225
71 196
117 135
38 132
148 212
80 179
69 104
0 225
85 220
36 90
162 221
97 110
18 192
26 71
32 103
12 110
10 78
173 208
93 155
68 192
40 114
40 116
104 133
135 175
17 19
50 179
34 66
50 169
36 75
120 191
136 211
64 100
6 17
119 138
108 127
30 182
140 223
62 86
126 136
78 127
90 168
55 89
16 227
122 201
18 148
170 201
177 210
93 200
15 38
3 69
171 208
108 195
54 118
198 216
120 165
45 93
131 177
34 135
201 221
119 206
31 145
92 121
173 204
194 207
5 99
43 63
84 148
144 158
13 227
41 67
6 105
68 160
73 164
34 65
57 221
91 180
118 122
19 185
54 181
159 160
14 173
55 178
184 230
207 220
112 168
33 154
46 213
76 180
161 164
52 227
26 218
85 175
156 158
14 57
98 100
88 139
134 144
86 110
169 182
40 141
22 68
2 231
77 193
95 152
34 81
9 116
100 183
7 112
59 105
139 143
86 209
58 113
29 226
50 228
29 84
20 162
50 153
16 33
39 180
119 136
106 216
17 137
29 227
39 148
38 185
45 91
20 44
143 162
62 192
121 132
115 141
82 134
10 100
27 102
57 140
145 205
47 85
99 130
56 143
145 189
133 176
137 193
7 219
19 146
37 106
7 12
113 218
161 221
27 174
45 229
26 159
69 165
87 181
109 160
113 125
5 70
29 224
60 64
141 216
50 53
49 59
57 218
16 91
68 210
96 196
120 205
25 200
209 228
26 104
91 207
57 163
34 172
71 74
72 96
11 35
154 177
25 56
116 141
174 226
31 225
141 225
54 194
103 161
62 116
5 20
64 163
125 162
128 173
67 217
183 199
16 150
46 208
53 117
50 105
102 211
128 165
21 137
94 213
57 201
167 171
178 231
1 56
38 71
37 87
159 198
197 207
75 196
181 219
39 46
11 145
28 191
35 185
222 224
145 204
30 47
57 78
36 103
0 46
83 174
4 215
28 71
47 120
26 176
98 148
18 84
98 186
74 87
67 198
3 89
157 214
41 195
62 213
110 219
38 134
30 179
22 94
174 186
89 214
223 227
103 170
29 202
93 170
105 107
177 227
108 215
209 230
59 167
63 118
61 158
39 54
58 224
170 181
68 186
37 181
91 118
99 175
24 227
10 159
200 221
137 218
71 209
134 203
69 70
37 142
37 228
202 231
57 75
16 73
58 195
0 75
218 229
142 143
91 227
68 168
140 206
82 131
182 195
20 183
35 137
152 214
62 191
58 62
39 189
80 127
29 82
84 125
63 112
66 186
29 173
184 227
150 229
8 93
1 73
36 47
165 227
37 207
85 135
14 129
22 34
85 109
17 158
76 204
104 111
52 194
2 101
161 209
180 184
29 86
19 78
193 210
191 192
25 100
75 179
112 145
30 103
167 213
197 204
22 221
93 168
60 197
93 182
27 37
212 219
27 124
71 133
4 55
85 195
127 132
67 168
86 131
87 97
115 179
92 226
19 109
138 145
23 166
110 210
22 186
63 105
16 208
49 57
172 173
22 101
9 78
5 140
9 136
38 212
47 222
62 98
77 197
47 83
83 122
34 151
50 174
46 76
70 165
26 116
115 127
3 219
53 191
73 117
59 73
62 204
38 201
137 210
173 177
76 82
185 187
43 89
12 19
68 82
59 161
62 104
79 120
90 193
21 32
13 45
182 192
31 165
87 110
12 52
116 138
182 221
60 198
110 111
82 92
57 124
128 225
2 213
52 180
62 174
64 161
27 33
117 213
109 110
55 80
0 178
172 220
110 153
44 108
17 200
5 188
96 218
24 215
104 143
86 137
123 152
225 231
132 200
83 86
60 93
161 215
50 108
57 209
32 58
62 154
39 81
168 169
71 146
43 125
124 149
131 188
183 204
124 229
4 146
49 171
52 75
6 224
89 190
59 65
90 221
104 126
44 45
32 69
213 227
0 162
22 28
26 214
8 168
176 192
119 203
90 145
24 108
37 205
0 105
96 104
28 121
111 205
18 161
154 156
106 199
51 192
6 64
40 155
53 161
59 223
142 159
55 227
10 150
66 96
12 20
112 167
163 177
35 154
104 194
197 219
63 201
140 218
73 171
38 221
42 205
71 121
111 188
23 143
97 128
177 212
90 165
20 158
68 164
173 222
43 57
39 181
164 203
20 99
150 199
63 159
35 70
75 83
138 148
70 112
129 192
71 148
15 220
55 64
215 229
13 81
27 90
118 170
85 215
137 146
168 229
45 121
11 20
194 202
123 149
77 131
126 171
48 140
18 72
29 153
112 136
141 219
108 207
26 231
54 219
67 127
8 155
4 39
56 135
130 190
30 44
81 145
162 231
71 96
8 138
65 185
97 151
62 118
104 149
1 141
165 175
48 151
162 201
158 201
100 175
7 95
37 179
29 47
126 204
87 115
90 157
35 164
48 125
178 206
138 177
59 196
58 115
110 220
25 136
125 210
41 132
6 67
68 154
101 212
8 208
21 130
44 74
62 82
155 193
142 178
14 27
44 134
29 132
164 221
36 204
193 221
86 206
82 161
51 87
107 114
26 204
32 100
118 211
158 207
140 189
67 90
1 113
19 208
148 229
50 132
114 161
172 177
32 82
46 47
101 178
37 88
11 185
1 21
16 44
45 129
58 178
41 200
58 127
35 40
96 222
63 195
27 203
66 157
97 143
42 120
4 143
29 182
10 188
115 199
26 153
84 227
4 173
12 198
137 139
99 100
77 219
9 60
14 55
31 141
20 91
97 138
195 222
0 87
108 222
142 194
101 189
150 228
128 194
202 224
30 164
24 223
72 161
47 114
160 172
111 148
52 161
101 166
9 66
114 214
113 156
113 144
155 169
165 168
39 131
60 148
102 109
117 210
68 101
57 180
29 203
91 177
24 121
128 220
212 231
0 44
41 218
155 188
84 100
115 131
17 191
37 168
42 57
140 185
55 214
3 26
184 216
78 118
92 109
87 102
175 177
114 204
68 206
149 187
118 203
16 158
125 179
123 155
10 80
49 227
67 164
161 217
6 107
117 172
21 143
19 148
190 208
174 231
54 203
162 220
116 194
3 227
19 189
135 183
46 196
99 199
123 163
66 137
55 73
72 205
58 196
148 207
55 152
92 104
72 223
52 212
39 196
78 229
10 179
52 110
138 207
77 221
8 102
96 190
46 63
1 224
37 110
8 73
93 152
50 68
59 153
154 161
15 219
40 159
2 97
48 161
97 117
24 89
134 200
32 101
45 117
62 132
36 150
44 223
119 149
84 205
101 156
170 225
5 181
55 221
162 210
147 221
163 212
11 77
85 174
139 204
62 189
35 207
12 168
49 128
39 99
64 221
5 201
31 194
205 224
69 138
61 196
146 227
5 165
36 115
45 106
76 139
26 32
30 184
182 215
33 214
46 220
3 43
126 127
191 219
193 199
40 169
97 154
14 88
51 55
104 201
4 189
81 134
86 227
59 104
44 95
35 79
72 143
203 210
9 33
180 231
10 118
76 184
121 197
77 195
51 201
35 112
99 121
146 196
175 209
44 225
131 193
25 222
113 203
16 88
159 222
184 209
98 119
30 79
132 225
17 228
68 72
123 167
34 95
97 166
0 203
17 180
114 135
5 91
17 72
50 187
90 126
92 201
26 73
101 134
182 217
133 226
72 123
59 85
49 212
62 111
10 71
146 166
26 102
137 161
107 145
56 208
138 180
114 157
27 224
38 45
80 172
13 122
4 147
85 211
10 19
60 167
110 141
46 188
141 210
82 127
37 165
197 225
184 224
97 207
125 152
24 98
206 226
154 187
191 214
69 146
6 207
16 127
166 196
107 215
14 180
75 182
161 204
34 123
136 193
164 209
52 67
41 64
85 139
4 102
16 93
25 84
164 229
10 198
88 215
28 38
1 34
81 96
47 125
211 214
33 137
103 187
30 121
117 141
13 190
46 193
22 138
12 43
72 202
124 179
116 214
20 136
46 155
83 103
8 61
157 183
56 183
0 91
14 179
175 230
121 190
15 201
102 200
39 184
13 56
195 225
23 61
33 125
10 211
146 203
31 184
28 193
41 139
57 87
83 227
36 41
133 183
173 213
57 115
49 202
19 59
50 107
29 30
34 42
2 67
71 224
100 211
85 126
54 154
58 129
6 41
133 138
74 212
7 123
44 80
142 217
195 204
183 184
16 57
116 200
47 195
78 172
110 181
16 34
157 181
3 95
29 165
102 221
161 205
63 180
3 17
21 152
84 202
129 227
123 160
143 204
109 208
74 178
153 212
130 176
57 126
91 122
36 70
110 171
57 217
5 64
5 93
14 61
119 152
69 162
66 183
55 109
19 72
111 137
103 206
111 175
79 139
69 169
43 49
14 121
35 78
22 135
187 223
102 132
155 182
47 143
32 190
52 211
68 167
3 121
97 200
27 194
28 136
105 208
27 152
49 221
31 149
95 142
18 110
80 145
45 176
125 128
97 102
55 147
13 88
4 104
89 164
21 144
41 222
33 72
139 228
21 29
116 203
52 109
42 129
36 219
24 32
25 167
124 204
130 177
142 180
17 30
2 32
48 69
118 146
132 154
43 158
110 163
18 21
118 219
7 162
29 174
31 49
142 212
13 186
11 37
110 193
33 204
42 61
33 56
4 155
49 156
125 203
85 206
132 210
21 90
33 42
27 95
48 85
106 203
11 212
186 222
50 183
0 224
157 217
13 78
118 192
83 133
65 89
203 218
81 167
141 193
150 186
2 70
29 42
124 177
165 186
156 231
87 98
53 94
53 122
30 208
188 231
16 121
110 160
118 120
83 155
121 206
50 83
112 215
30 215
4 160
64 122
177 191
26 58
148 177
31 193
118 137
210 216
174 197
159 193
29 81
69 216
67 191
70 203
82 182
26 197
24 150
111 130
56 162
14 87
80 186
17 57
115 182
205 220
110 191
147 182
24 204
77 214
114 122
143 183
203 219
120 217
173 210
59 149
22 45
39 104
128 207
129 189
84 109
4 6
17 138
193 222
157 205
67 154
204 222
79 170
205 225
83 190
33 194
15 94
22 177
96 151
46 226
177 188
44 81
165 196
1 230
115 231
87 168
91 134
173 176
54 192
39 211
85 186
54 83
205 221
112 192
117 201
32 57
113 223
45 151
97 145
120 181
102 136
45 208
25 90
68 216
90 114
93 228
137 173
78 170
170 175
152 194
178 195
57 66
62 226
144 195
160 170
100 134
24 77
57 97
208 221
6 66
41 162
31 219
70 115
4 109
192 213
198 215
130 144
153 181
102 135
118 201
58 120
23 193
37 197
26 190
56 157
55 198
51 126
48 203
18 185
4 91
47 194
32 204
54 94
39 208
162 167
139 177
27 36
104 110
74 155
107 111
105 177
28 174
163 211
2 3
198 214
63 216
133 214
47 141
66 159
38 217
39 57
87 224
97 188
38 226
22 217
127 181
140 154
19 222
60 227
182 198
42 47
165 231
223 226
94 214
118 200
82 158
139 208
86 230
23 130
24 124
55 151
37 135
0 228
58 77
19 193
47 110
40 210
156 184
72 199
46 204
30 210
111 158
45 85
106 222
5 72
114 146
120 133
60 90
217 222
51 220
59 204
27 68
0 143
153 175
129 155
108 177
203 228
53 108
43 193
16 94
56 141
78 168
49 184
11 71
148 164
131 199
96 115
83 199
30 82
107 159
3 63
68 201
90 214
181 224
110 221
146 220
20 144
101 131
85 149
171 217
16 90
204 219
67 112
95 115
202 215
83 202
103 136
29 230
81 193
120 203
91 221
3 225
58 92
4 41
27 191
26 96
60 176
20 105
45 114
131 218
59 209
89 142
34 167
57 211
144 164
95 188
121 168
208 218
44 193
25 153
47 217
88 227
94 167
149 150
159 195
95 229
168 216
79 163
28 63
87 112
150 189
205 228
49 89
7 42
17 163
172 197
128 163
99 116
44 92
25 57
72 145
110 214
31 89
9 41
82 110
61 211
46 136
147 160
128 167
95 127
35 224
75 211
40 199
133 216
32 68
43 162
109 229
141 230
92 205
132 190
8 143
13 225
177 181
142 196
31 218
22 122
17 206
109 182
96 162
79 109
94 189
20 35
154 203
19 74
112 137
21 122
144 207
61 214
190 196
149 178
48 149
180 225
35 53
13 151
108 114
128 168
41 190
14 33
122 151
47 111
94 228
153 161
169 205
195 202
61 139
24 52
5 179
149 185
100 137
60 70
127 215
86 181
14 156
179 230
29 124
114 119
88 196
127 204
163 170
7 140
8 89
93 162
51 178
29 215
182 194
65 137
73 107
148 180
57 119
155 192
67 134
29 214
159 170
76 145
62 102
52 163
135 193
132 201
74 214
130 220
13 91
60 179
145 162
15 54
152 168
160 193
102 112
132 188
51 195
23 195
112 132
74 124
2 17
78 85
74 152
80 97
196 218
86 203
31 47
53 124
46 223
30 162
129 216
84 222
30 89
45 210
1 50
6 201
34 159
19 31
175 222
169 219
115 123
165 217
67 203
114 136
19 172
151 177
33 165
106 202
25 211
129 144
199 228
42 145
86 141
108 168
148 220
69 106
98 144
102 174
18 209
94 147
55 111
52 144
16 220
71 215
98 167
86 231
89 216
138 206
125 188
29 211
91 230
113 121
149 215
11 59
216 223
93 164
72 99
80 140
15 46
59 217
12 172
8 140
30 197
126 128
13 32
54 122
67 92
189 207
24 113
52 121
15 73
90 182
96 178
27 173
48 206
102 110
137 163
62 169
120 206
125 137
19 181
113 148
40 154
32 110
19 60
3 28
56 185
82 86
89 184
200 206
136 208
73 126
55 195
88 150
21 147
1 146
172 194
172 221
48 217
41 98
3 170
114 206
16 170
151 203
86 220
139 220
42 89
13 144
34 73
3 21
24 173
50 139
63 160
50 162
104 175
29 106
141 156
154 189
8 119
150 196
144 229
27 48
67 215
62 181
39 43
115 133
49 63
104 220
181 229
62 93
26 120
123 212
33 100
22 215
16 41
64 129
3 84
200 203
61 96
30 137
117 131
84 225
206 221
150 165
126 201
23 150
136 159
0 221
141 228
108 112
39 67
69 206
150 201
41 163
74 231
135 170
38 196
82 107
91 213
35 117
163 198
0 63
45 161
26 199
180 209
171 176
50 143
89 170
146 214
26 95
177 201
11 222
46 119
67 149
102 219
103 154
169 217
93 159
113 199
86 128
107 125
130 178
10 139
40 90
170 222
102 216
180 217
32 179
8 68
24 54
106 153
167 188
11 58
25 44
0 43
2 148
105 144
20 181
62 198
73 92
126 152
2 218
5 229
46 218
1 193
27 219
91 166
61 168
84 228
175 176
66 114
52 169
71 173
70 89
48 71
41 87
85 143
128 230
56 94
137 192
60 138
14 123
14 130
49 192
43 212
93 181
16 188
36 94
117 211
125 170
146 191
56 75
132 171
95 159
84 122
5 100
53 143
195 213
75 77
157 191
71 154
69 193
113 142
47 202
47 220
94 197
108 120
126 205
180 222
60 217
58 161
46 161
4 199
98 197
123 125
138 220
144 231
144 214
53 209
114 173
59 156
43 66
15 43
150 210
66 221
48 73
152 187
106 169
19 180
77 162
32 145
108 142
135 223
33 152
40 133
10 161
48 70
22 180
11 216
23 31
61 170
34 93
124 142
75 90
52 183
50 222
20 97
27 83
120 161
101 193
170 204
188 229
21 173
139 153
41 148
158 176
10 173
85 223
5 120
197 229
120 134
97 214
56 104
2 16
203 204
40 216
70 90
13 33
178 189
46 123
12 90
140 222
11 147
211 219
102 154
80 98
8 178
68 138
68 203
88 200
22 95
64 78
66 144
51 110
35 156
69 119
16 32
31 135
54 74
67 89
8 206
141 222
109 117
117 212
14 159
28 90
65 96
28 161
63 164
80 161
171 174
36 165
82 142
80 116
206 220
186 225
20 138
7 89
20 164
68 230
100 198
191 217
142 230
69 183
24 217
190 209
79 143
3 193
139 192
176 197
63 102
216 228
58 215
99 109
163 184
151 160
40 68
48 182
11 146
20 53
194 206
80 137
34 203
60 201
86 177
51 96
29 108
15 63
136 151
122 145
24 84
36 97
21 197
128 146
151 214
35 74
24 192
51 183
27 136
201 213
45 92
72 184
43 98
45 107
117 177
43 80
4 67
58 190
12 162
29 193
168 211
37 164
87 195
163 222
83 93
85 231
10 199
6 227
25 204
124 175
19 124
36 108
48 135
90 177
147 188
209 226
1 180
137 148
59 74
153 204
33 84
46 160
23 64
146 223
37 143
54 75
110 132
116 199
153 230
22 185
128 144
77 227
66 101
69 134
106 201
33 95
8 110
126 209
133 172
46 52
116 173
60 157
70 73
7 126
25 152
32 123
175 208
17 76
10 36
14 207
82 198
60 117
190 197
90 125
29 194
158 166
61 89
25 178
156 229
124 151
152 167
114 145
84 169
104 142
78 105
130 212
67 101
24 228
6 145
12 45
45 80
166 188
77 101
192 212
110 169
41 75
15 218
97 168
28 57
90 205
2 228
64 184
77 211
7 183
42 175
94 178
155 162
49 230
17 89
28 58
10 75
22 173
89 109
91 147
31 158
96 114
86 205
18 41
62 163
5 56
5 76
188 221
72 138
100 154
84 103
1 186
13 208
30 142
131 231
131 170
56 111
51 53
37 49
22 202
170 180
180 213
81 88
25 89
22 206
148 199
160 189
97 186
6 159
48 88
31 214
7 49
64 137
111 114
6 136
145 221
37 208
53 198
136 177
36 56
24 164
4 84
141 165
15 80
66 184
23 65
90 187
21 231
77 194
107 131
7 128
78 152
172 205
154 192
90 109
49 140
89 94
24 74
11 174
100 203
7 231
70 120
105 147
14 190
50 114
52 223
72 140
1 168
12 170
90 189
60 212
137 231
71 193
82 91
30 128
63 72
88 192
74 76
83 225
71 185
85 104
64 187
91 157
104 174
15 24
139 142
97 142
30 134
21 38
7 153
74 104
125 231
99 195
44 201
95 136
191 216
73 125
56 88
69 95
52 119
130 195
61 75
35 116
27 101
66 155
45 204
88 217
17 126
21 112
15 20
47 48
185 227
151 221
41 173
34 173
120 219
62 131
129 188
91 211
170 228
70 106
69 202
133 144
53 75
28 151
148 224
8 86
112 151
33 99
34 225
133 166
170 192
109 215
15 123
56 191
112 179
75 126
131 165
91 146
39 68
201 227
10 164
104 130
172 174
152 225
94 121
106 186
80 223
115 192
16 200
79 124
88 178
81 163
32 205
16 24
42 195
31 101
14 89
66 200
90 163
8 45
0 122
125 230
130 145
43 69
102 142
102 120
1 157
23 229
75 131
146 174
161 219
40 88
112 128
4 230
119 162
93 123
21 60
76 83
62 221
121 211
116 183
107 121
97 132
119 179
152 193
128 208
207 225
164 174
56 200
40 204
31 92
153 168
183 215
2 180
3 4
112 217
47 132
114 181
96 121
121 227
161 200
181 215
8 189
184 197
2 19
129 171
0 68
64 223
112 144
120 171
94 207
173 226
51 196
35 132
1 88
212 218
36 201
1 137
1 142
16 136
74 92
157 170
32 148
25 172
18 77
26 51
6 28
182 202
18 117
19 58
13 44
85 180
13 200
112 208
102 163
40 209
76 135
