237
5
11466
60
59 2
36 2
50 2
55 4
59 2
37 3
69 3
49 1
41 4
59 2
69 1
61 1
57 4
54 1
44 2
67 1
76 3
80 4
77 5
60 3
38 2
74 1
43 3
55 5
39 2
27 1
46 5
37 1
40 3
34 4
70 4
47 1
33 1
63 2
59 1
75 2
50 5
78 1
58 2
32 4
68 4
74 2
75 4
33 2
54 5
36 2
30 2
49 5
75 4
65 4
34 3
80 5
38 2
61 2
29 4
55 2
62 2
39 5
57 3
57 1
61 4
60 2
80 3
42 1
45 2
29 3
53 4
73 2
63 5
64 3
42 2
28 4
75 1
29 1
64 3
65 4
60 3
39 2
26 1
62 3
77 5
53 3
45 4
55 2
36 1
69 5
44 4
24 1
49 1
32 3
31 4
78 2
42 5
47 3
75 3
60 2
31 2
25 4
64 5
57 4
61 2
45 4
28 1
78 4
64 4
42 3
56 5
66 5
58 1
46 2
38 5
40 3
34 3
41 4
37 3
54 3
64 5
32 1
56 4
72 4
52 2
69 1
45 2
76 3
69 4
79 3
56 2
73 3
40 2
42 4
37 4
53 1
37 5
51 5
72 3
47 3
33 5
66 2
69 3
39 5
46 4
79 1
79 4
79 5
54 5
37 4
42 4
61 2
74 4
57 2
75 3
62 4
31 3
54 1
45 1
25 2
65 1
37 2
26 3
28 3
80 1
40 2
76 2
63 2
56 1
75 5
52 1
54 4
32 3
50 2
77 3
55 2
69 3
67 4
42 2
68 5
24 4
61 1
57 2
64 2
70 5
36 4
29 2
73 2
34 2
48 3
56 4
46 3
53 4
38 5
58 3
46 2
51 5
30 4
24 4
80 4
42 1
78 4
32 2
67 2
52 1
45 4
66 3
79 2
66 4
46 1
77 5
25 1
44 5
73 1
45 3
64 2
75 3
71 1
46 1
44 2
58 3
56 2
57 2
62 2
52 1
64 3
28 4
67 1
66 2
56 5
62 3
77 4
71 2
39 5
33 4
29 2
36 3
37 1
57 1
70 4
70 2
8 152
111 188
18 93
79 207
85 173
78 179
153 218
79 206
52 220
97 188
169 226
117 127
10 157
1 77
34 177
40 209
42 140
85 220
18 81
3 196
61 67
30 197
118 171
72 164
46 219
66 222
54 226
24 54
62 136
177 180
100 202
170 180
29 121
85 164
193 234
3 101
154 181
93 142
0 102
53 109
60 197
126 177
104 162
42 125
4 17
131 222
93 161
50 126
201 213
165 205
42 62
32 177
184 218
198 219
22 29
24 205
76 171
75 219
58 197
10 156
30 138
101 166
125 222
50 148
169 217
54 172
2 176
77 152
108 111
6 62
113 207
125 157
2 182
57 196
47 230
31 152
59 104
92 189
78 125
119 165
71 216
144 235
175 210
66 100
8 228
121 203
28 213
121 212
75 155
12 119
31 235
11 165
151 214
150 165
179 225
14 93
39 141
55 70
79 218
123 232
1 167
168 212
150 218
92 142
27 78
24 108
40 90
51 213
32 132
37 105
75 97
123 193
23 75
171 209
49 93
27 170
4 111
102 158
26 104
46 228
60 224
215 218
95 219
49 130
44 117
7 50
118 226
12 77
110 208
5 103
26 35
100 190
50 51
57 113
47 198
14 34
14 234
57 166
143 215
211 216
8 89
94 99
32 171
30 165
83 131
63 108
59 199
146 215
50 124
115 135
59 147
11 171
166 170
135 173
22 27
57 66
80 92
57 154
122 129
79 82
16 74
37 215
69 152
4 28
107 188
8 57
118 165
201 223
99 127
119 202
173 208
96 116
23 180
46 81
17 178
73 180
64 120
98 213
118 158
11 35
180 185
87 120
17 149
162 195
11 100
0 172
33 235
2 85
16 26
162 197
44 139
77 167
26 223
58 193
44 61
202 213
51 112
9 139
21 86
69 218
27 194
94 155
170 194
84 184
81 110
2 107
13 135
64 236
75 100
94 188
19 84
50 114
5 42
44 131
47 193
95 101
7 163
131 219
34 210
119 131
43 211
10 188
220 221
87 150
217 227
85 214
67 189
53 184
30 152
74 167
39 104
54 204
178 209
20 81
169 201
12 152
34 64
10 89
103 231
124 173
30 67
64 130
36 175
35 64
184 195
226 230
3 109
213 216
12 159
43 118
77 150
30 130
28 100
94 194
148 235
37 146
58 74
167 231
156 183
30 71
110 230
131 161
172 196
35 226
31 163
8 200
25 155
6 60
205 222
53 60
6 191
158 204
92 234
5 41
110 136
90 169
83 122
2 77
74 95
35 67
39 110
189 194
22 107
92 217
2 38
172 210
31 59
16 135
125 207
50 188
36 92
94 162
13 53
55 105
99 157
129 131
14 99
205 220
137 202
38 71
102 208
25 90
76 143
140 202
15 118
77 123
103 226
98 109
70 227
124 132
102 156
39 163
9 224
120 191
43 125
131 214
132 234
54 189
36 145
92 170
216 219
220 236
72 214
122 155
133 229
68 236
29 168
145 161
103 143
122 145
101 113
40 210
76 133
45 194
12 157
2 47
38 56
96 142
3 54
95 208
44 167
99 189
34 70
83 208
33 229
116 209
34 53
61 109
21 207
81 191
98 138
0 216
109 117
57 192
4 167
82 165
102 139
23 142
60 214
129 195
86 206
54 228
81 136
157 186
45 122
2 22
68 103
165 176
10 146
14 129
52 146
191 193
80 193
31 160
116 181
14 156
85 129
15 121
61 76
81 105
24 31
78 176
120 122
9 87
120 198
213 223
171 236
58 166
28 112
82 218
180 195
142 193
3 29
56 188
76 84
158 192
146 233
116 235
8 74
98 151
158 190
61 100
146 176
137 178
44 193
57 139
10 233
110 133
119 188
26 212
56 76
106 118
4 220
154 187
170 202
67 179
173 191
171 231
48 172
113 179
57 65
175 188
26 59
73 220
22 71
128 200
44 122
86 220
64 183
53 185
126 164
0 87
11 22
5 54
103 171
36 154
6 93
103 119
81 113
54 235
138 175
80 110
51 148
148 196
55 213
63 189
143 184
115 129
99 181
183 202
11 109
55 187
150 227
130 148
44 232
2 227
52 233
48 167
97 217
162 200
39 42
50 57
71 182
71 208
39 124
93 122
81 106
79 117
42 74
123 231
141 150
64 116
47 100
45 139
80 128
172 188
109 197
47 71
22 117
145 186
3 40
121 218
107 151
120 177
21 235
22 120
23 187
36 134
84 168
53 87
68 96
23 115
57 222
35 82
15 134
33 60
54 96
75 98
156 216
85 165
97 154
56 136
97 113
6 82
211 226
65 100
13 50
112 201
193 202
115 174
1 186
67 221
128 154
6 34
32 222
39 181
172 217
9 37
2 159
50 99
161 173
99 188
45 165
60 203
101 232
97 204
52 122
70 71
170 198
92 118
69 188
52 199
171 200
53 61
31 211
129 179
6 53
48 143
135 170
125 211
103 170
38 167
13 22
78 92
169 197
59 77
130 231
124 142
19 181
67 173
18 187
28 136
83 137
48 128
37 151
83 173
77 235
35 200
177 184
83 162
104 159
42 61
15 35
99 136
71 200
96 201
44 153
12 114
55 77
172 181
139 184
168 208
144 203
0 85
11 31
99 208
105 221
67 226
20 87
35 61
10 217
6 117
101 169
97 168
35 140
21 229
59 195
177 223
35 128
6 113
87 203
164 234
175 220
6 42
51 157
16 111
20 193
44 204
65 98
82 128
141 187
177 202
132 201
165 223
45 131
57 152
4 210
63 234
24 130
74 134
167 218
149 220
137 198
84 119
29 31
14 118
41 173
129 183
23 147
56 216
81 177
97 191
2 195
148 156
63 215
140 153
76 173
40 206
67 70
215 228
34 217
64 109
94 212
33 111
45 206
48 84
191 229
116 130
51 137
162 176
145 194
15 130
89 155
17 179
9 229
15 106
57 155
134 150
135 204
61 146
162 224
55 90
142 156
81 163
67 149
132 196
78 119
15 236
67 138
127 208
86 135
34 56
22 218
74 76
16 195
69 176
10 168
40 201
41 90
102 217
145 146
110 140
99 146
76 106
108 236
86 211
3 236
145 219
21 208
24 137
31 99
81 190
117 200
132 154
122 172
26 158
87 93
3 171
54 71
78 182
214 233
70 164
142 228
84 142
28 157
163 209
84 218
30 141
49 83
78 234
126 171
61 232
21 95
163 228
20 204
119 139
130 182
62 228
141 184
20 125
67 118
48 71
187 225
127 185
88 200
90 145
75 220
3 133
75 181
29 189
8 119
66 120
44 132
78 207
160 227
23 178
63 101
122 219
111 215
33 87
141 175
78 94
154 194
24 76
43 209
25 75
116 176
137 173
89 211
46 163
38 206
23 229
160 178
44 233
97 162
102 226
139 202
156 170
101 207
184 202
31 91
75 232
135 228
51 222
54 105
71 183
202 226
90 174
73 81
44 203
161 180
152 183
32 183
93 206
14 52
101 179
183 194
2 234
51 118
1 54
66 152
61 152
69 107
166 186
153 191
49 71
132 135
65 206
61 135
101 172
44 198
178 204
125 215
141 195
7 140
183 230
115 168
61 140
31 140
116 155
29 219
35 181
34 85
31 222
155 222
168 171
116 120
48 132
25 74
26 167
202 229
136 174
82 91
106 236
9 79
124 153
78 220
58 198
88 187
183 207
129 166
68 158
58 114
39 200
56 66
136 153
46 47
15 33
10 79
84 138
46 139
107 147
164 173
3 209
110 111
67 122
16 104
14 44
116 182
18 228
185 232
32 57
19 96
182 204
47 78
203 234
21 121
4 43
102 107
19 206
3 84
36 76
77 176
131 133
123 178
58 205
44 46
77 133
105 117
106 195
76 92
130 219
137 138
88 152
86 205
141 156
8 180
31 175
3 194
35 108
120 204
60 184
10 60
145 208
182 208
219 225
176 225
150 190
46 147
25 26
84 115
32 218
28 76
69 113
34 83
36 149
82 116
152 182
14 78
68 122
178 201
57 136
121 211
20 144
67 150
62 67
13 82
124 228
132 166
3 235
47 232
128 207
44 72
56 126
196 214
42 208
138 173
72 116
11 202
71 149
17 48
93 228
3 33
15 197
165 228
141 198
2 194
80 172
58 159
6 59
35 90
17 121
94 96
168 201
38 181
84 99
117 125
8 172
129 224
187 206
93 156
50 133
70 189
28 230
80 96
110 148
39 186
80 108
43 106
63 194
120 145
111 225
23 67
117 186
69 165
11 76
70 233
32 195
37 111
0 62
10 166
6 131
113 116
110 224
166 227
22 188
207 231
5 132
59 172
66 230
139 199
31 72
30 156
113 119
196 224
51 119
109 166
33 144
21 91
53 211
40 105
162 179
13 106
3 189
85 191
70 132
19 116
120 180
47 114
29 40
36 162
69 182
83 134
196 211
24 107
8 178
187 226
58 173
91 121
36 41
132 224
103 156
62 134
95 149
124 175
70 139
144 234
33 117
183 201
11 69
52 214
113 187
39 65
29 179
11 19
22 189
6 50
5 231
21 31
164 216
168 199
138 179
111 142
84 161
8 47
127 132
37 128
105 218
25 166
164 198
177 218
26 108
93 136
135 235
71 180
60 111
156 229
144 194
185 186
7 120
30 118
51 133
6 9
203 228
172 173
26 94
21 143
18 108
46 213
93 210
48 146
6 38
123 203
117 139
133 160
152 171
155 174
10 210
26 45
124 170
158 198
85 230
77 225
12 116
36 164
172 204
129 197
15 48
39 188
118 204
69 147
161 181
24 48
161 217
117 168
154 216
121 192
30 123
161 219
0 48
15 224
33 108
10 181
85 113
65 156
218 220
112 199
199 207
115 132
179 204
0 22
134 231
31 188
51 142
11 94
109 133
102 207
14 113
15 68
80 176
60 213
62 149
55 221
47 76
30 148
101 124
24 186
17 43
28 173
172 195
98 102
44 148
83 144
96 233
182 200
0 205
44 109
150 197
91 149
115 191
67 170
27 115
38 65
129 225
173 213
106 215
127 145
60 134
24 178
61 88
22 36
129 214
110 191
62 73
121 168
117 141
62 66
33 67
77 134
14 147
33 146
136 198
1 217
12 51
14 108
87 215
26 230
48 138
48 126
34 84
88 115
66 233
91 95
148 181
128 144
62 161
10 91
39 195
56 196
185 193
73 227
46 204
38 154
7 165
144 161
53 91
66 109
5 30
35 142
2 197
6 108
28 163
80 145
7 9
71 235
53 88
30 137
153 155
189 229
159 226
98 149
10 135
25 208
53 208
67 103
55 198
94 233
102 130
90 188
52 173
8 37
43 50
23 84
86 126
18 95
4 157
24 90
166 208
2 67
22 47
64 101
84 96
101 188
52 139
119 190
125 203
87 128
84 165
172 183
196 230
13 198
77 158
51 204
35 183
59 178
171 224
1 202
13 230
106 188
123 139
111 126
133 159
142 212
20 112
111 180
54 174
23 154
54 147
197 201
112 160
22 168
42 81
61 227
43 166
106 115
67 75
20 191
17 79
20 223
122 161
38 76
47 179
108 163
200 203
83 110
147 190
61 202
133 219
229 231
11 186
110 233
43 71
92 171
73 110
28 145
177 224
109 138
19 115
82 199
63 227
44 64
21 38
59 74
60 216
88 142
85 118
72 225
44 120
228 232
146 185
138 189
143 171
91 110
196 220
190 225
34 208
44 103
65 171
88 204
73 138
31 106
57 174
43 145
121 172
12 78
203 225
61 222
2 118
25 118
93 176
101 180
4 153
96 229
126 172
139 160
25 104
117 229
136 191
62 204
23 140
101 126
27 198
141 213
60 67
46 165
56 166
60 89
125 192
0 91
21 139
176 205
54 115
191 230
64 212
58 92
178 223
23 99
107 164
26 132
166 167
52 68
63 221
23 31
145 199
89 107
106 200
94 208
5 135
1 183
57 205
22 229
90 236
8 159
31 228
11 71
10 151
96 197
98 233
54 231
97 136
99 113
29 61
122 236
18 137
192 195
47 177
78 81
25 71
25 153
102 135
218 229
20 218
164 217
26 153
80 81
52 104
50 199
117 178
116 185
51 104
14 196
31 164
53 209
98 225
42 124
4 169
69 105
15 233
64 200
71 170
37 156
34 236
112 205
18 217
55 149
86 200
26 63
21 199
184 207
40 109
89 93
49 90
5 194
12 170
66 196
66 180
28 224
37 152
118 174
6 231
75 87
29 53
121 214
33 171
179 191
56 102
167 211
51 161
85 100
174 226
10 74
90 129
135 151
38 85
175 181
7 12
72 191
150 214
46 70
7 188
65 109
66 70
211 224
56 116
124 205
44 85
25 177
99 190
178 184
20 153
12 82
197 200
3 188
122 199
30 68
3 78
28 71
95 139
45 216
68 176
116 140
3 18
22 177
50 116
1 133
62 94
40 73
0 32
16 173
187 197
151 155
55 175
11 118
200 221
3 121
16 29
46 84
96 124
89 100
65 197
59 84
19 32
145 159
135 167
215 236
129 153
167 202
51 162
7 10
27 89
55 200
105 144
140 194
56 222
0 181
23 173
147 218
95 163
53 134
117 228
138 227
105 162
32 37
16 103
17 203
119 220
89 101
14 172
17 119
60 110
56 215
126 226
41 177
109 209
49 162
133 180
12 80
69 154
32 60
81 185
22 113
52 158
137 185
85 197
53 213
74 104
80 167
118 207
153 192
18 168
144 201
34 204
78 146
35 102
101 167
137 204
108 201
54 117
68 217
14 176
30 191
43 99
11 139
87 194
181 236
27 172
208 227
64 208
37 129
122 141
165 181
34 162
70 174
29 128
29 116
105 167
15 18
58 142
176 211
32 189
115 226
88 133
90 116
5 19
48 107
20 75
74 100
63 135
99 227
18 87
15 231
28 53
168 217
147 172
6 123
130 136
74 145
8 191
124 208
163 231
129 222
36 75
50 186
175 219
149 152
165 226
24 225
79 118
92 111
158 172
64 175
55 117
88 215
117 133
7 220
127 181
168 216
7 153
47 75
11 155
64 124
73 113
56 162
176 181
11 38
50 196
155 201
129 227
159 228
51 117
30 115
168 218
100 169
142 226
39 168
52 56
181 214
220 235
192 212
143 206
115 217
71 102
188 233
135 177
113 188
62 99
56 78
19 135
106 147
86 154
45 47
92 135
59 201
27 58
46 167
74 194
35 228
37 101
52 80
58 84
65 194
36 172
52 219
137 151
94 120
6 146
98 134
73 157
55 217
13 161
62 186
141 171
137 149
52 227
71 86
60 159
117 208
28 117
61 215
11 102
79 189
54 121
48 120
123 172
51 226
12 179
150 230
51 197
46 140
88 136
171 191
123 221
67 196
63 77
47 142
35 107
48 211
114 192
0 29
101 154
24 179
61 179
40 41
102 220
46 187
32 59
15 108
26 199
47 169
40 124
22 127
54 137
117 120
63 116
12 234
103 115
74 192
88 175
188 223
64 89
9 147
61 129
203 216
90 119
136 207
112 218
2 156
131 215
122 222
23 223
14 213
13 42
18 180
162 201
34 141
84 147
213 218
61 75
29 205
57 234
85 124
86 180
146 190
116 121
3 11
13 164
8 128
74 139
152 165
29 162
99 196
152 229
20 219
111 154
67 139
83 164
52 184
12 156
152 235
72 86
24 125
109 121
72 221
100 130
68 97
93 236
91 224
6 233
171 176
19 101
165 231
148 192
14 235
157 194
40 220
76 168
119 221
101 109
20 160
38 136
91 113
107 174
7 144
29 129
31 33
148 183
52 109
33 125
215 216
93 96
14 130
54 70
99 235
39 72
175 182
109 187
191 225
72 105
76 231
76 220
47 208
38 186
177 186
171 174
35 100
64 86
169 213
72 232
113 217
80 206
45 161
103 213
42 136
147 200
118 159
95 150
19 43
4 64
50 106
158 178
162 193
7 177
95 104
139 231
187 193
50 69
46 102
58 220
89 226
111 228
13 234
60 102
210 228
14 73
116 141
31 165
142 186
80 171
68 199
118 213
85 109
218 225
59 233
5 130
129 223
139 154
8 109
165 200
5 206
8 46
146 187
149 230
24 168
120 213
100 166
172 200
30 80
136 156
99 148
114 172
80 186
0 79
49 108
6 184
204 205
157 190
9 166
129 177
167 192
23 47
115 140
1 2
170 209
26 148
41 224
175 216
18 183
114 210
205 225
96 110
178 207
4 83
30 53
185 215
69 161
66 227
191 234
63 156
89 97
108 168
144 197
82 208
50 84
19 112
13 129
144 185
117 119
13 18
58 103
60 135
37 50
140 219
160 234
67 119
144 162
29 79
98 162
56 137
94 185
170 211
81 151
98 201
205 233
165 213
34 128
39 112
90 190
110 156
72 118
149 158
61 226
22 166
43 52
131 199
97 215
53 68
21 150
60 151
48 68
203 226
196 236
16 131
1 35
34 225
146 177
31 168
29 113
219 232
56 86
71 110
64 197
160 223
106 117
0 98
37 130
55 197
30 205
7 186
7 54
131 209
130 184
87 184
124 204
77 92
144 164
2 73
135 137
125 187
11 112
142 210
38 99
146 155
80 124
12 195
94 189
2 51
163 188
33 103
3 193
35 156
205 221
66 213
4 208
115 192
112 200
24 116
172 203
93 198
115 185
28 181
133 222
185 199
71 224
29 103
27 73
79 132
107 131
91 180
84 174
113 129
74 83
87 92
16 226
11 79
9 112
67 115
20 213
181 198
32 161
16 48
59 103
57 70
58 76
24 211
112 222
111 204
130 193
5 236
49 106
65 163
150 215
74 113
110 161
20 62
84 204
116 127
127 133
46 115
64 193
60 221
22 137
47 117
68 146
87 205
100 194
53 159
89 180
80 226
31 158
72 156
143 223
35 227
74 77
89 153
103 190
56 135
89 161
18 210
43 115
74 224
1 191
8 16
16 162
132 159
202 211
11 58
32 201
122 195
150 181
123 234
82 123
34 62
150 221
41 122
27 161
143 162
101 114
41 105
41 233
228 231
42 109
126 217
41 81
20 168
31 230
113 196
28 162
24 64
0 49
18 206
12 59
61 171
128 232
93 129
191 233
76 227
45 168
6 147
25 52
126 218
9 223
37 116
60 189
2 71
9 38
191 198
98 147
52 178
54 99
40 123
86 120
27 178
86 226
68 131
83 203
76 116
57 172
222 223
131 180
134 138
12 135
107 171
4 158
8 202
112 175
69 86
146 171
136 231
32 119
87 114
89 185
30 125
187 216
27 138
21 74
53 220
77 216
34 218
190 202
6 7
40 129
194 234
49 186
104 225
157 177
33 78
63 181
102 133
155 231
57 75
20 189
100 142
51 187
39 75
95 177
97 155
108 138
119 137
207 216
22 95
5 185
115 177
43 124
146 158
90 226
47 161
193 207
205 224
18 76
8 236
26 136
85 219
200 201
41 143
172 236
144 152
49 118
5 219
37 86
114 202
212 234
118 181
182 203
50 98
156 225
97 109
137 222
228 229
178 182
39 222
128 140
72 174
50 202
36 94
71 80
93 166
153 179
90 183
177 215
86 133
92 232
11 34
169 187
68 186
9 25
161 164
123 226
33 48
135 187
153 173
81 92
46 148
46 127
195 213
28 67
2 142
7 39
90 217
56 187
54 209
76 127
157 161
12 101
15 167
35 60
11 227
46 196
24 174
110 137
2 134
60 93
109 111
203 231
39 60
217 231
91 155
30 107
18 190
41 185
21 205
112 124
17 176
107 236
148 190
6 120
163 235
119 216
72 169
57 203
15 203
87 220
0 161
132 218
37 55
119 214
98 159
74 184
130 228
61 235
80 84
24 38
86 119
160 228
193 215
127 229
102 106
26 179
72 81
96 178
34 181
2 147
165 216
6 200
216 229
104 157
34 72
179 186
87 171
95 120
41 86
225 230
8 163
72 131
69 127
49 152
99 231
80 140
17 135
201 211
204 221
83 215
126 198
1 185
34 99
60 75
3 105
23 55
101 234
92 127
58 165
10 212
85 181
67 78
12 146
180 204
10 227
51 60
9 86
31 45
55 59
23 179
84 131
141 174
100 107
13 105
150 183
9 187
3 132
86 100
144 188
5 195
87 193
9 206
59 158
4 229
18 199
173 188
105 158
39 202
65 182
113 174
68 152
85 142
35 52
6 97
50 82
95 146
92 162
81 227
50 174
20 137
107 123
94 125
104 221
35 159
109 222
60 132
90 197
66 228
50 230
29 149
108 220
202 231
180 203
15 56
78 178
33 58
159 218
122 182
9 184
75 83
50 89
84 87
48 214
131 153
7 90
148 188
207 217
44 208
19 63
53 168
141 172
117 130
109 200
153 224
169 205
22 100
108 214
62 185
54 214
139 174
13 208
28 73
98 106
83 188
71 219
3 4
5 72
4 10
105 142
22 62
20 198
143 230
76 197
94 226
71 94
84 169
88 144
124 148
79 100
5 69
11 60
145 175
49 64
137 199
161 206
37 39
127 187
19 26
72 163
14 104
188 227
25 47
6 49
168 174
87 176
142 144
61 208
132 161
140 218
155 167
95 199
8 29
4 89
2 224
203 222
25 151
92 154
9 103
38 214
82 161
75 209
154 191
133 168
44 217
103 207
7 55
21 182
76 141
37 166
12 201
37 84
13 92
49 160
77 211
225 235
1 63
110 149
12 185
123 148
118 154
5 220
167 186
70 113
36 131
0 171
185 236
34 171
87 167
136 185
0 124
97 186
15 112
23 133
82 132
61 190
208 211
142 203
96 218
23 71
44 49
185 226
84 170
66 86
109 119
70 219
50 224
0 236
6 70
32 45
42 164
17 136
20 84
86 228
191 231
47 68
122 187
112 194
57 195
186 226
122 160
96 177
138 177
35 171
60 69
130 185
182 228
50 56
100 181
51 198
90 227
37 162
131 179
9 179
19 223
111 144
58 141
61 192
159 176
50 226
128 181
48 89
12 136
109 182
163 177
185 218
24 70
104 219
127 165
35 174
34 103
11 214
40 50
89 215
84 187
6 40
120 231
93 145
139 204
17 234
19 140
135 154
20 63
105 216
53 90
156 159
90 201
91 134
183 231
1 139
71 100
4 49
33 52
149 157
177 196
66 156
108 142
11 48
11 138
107 232
132 194
4 177
56 223
78 230
22 124
139 173
65 225
82 104
14 210
118 143
101 177
37 154
132 185
211 223
82 176
53 228
76 86
166 179
73 92
91 186
86 105
93 209
144 236
156 157
105 196
90 139
20 220
129 142
128 185
6 169
6 63
18 229
36 43
90 168
82 213
2 17
75 142
168 225
134 163
160 173
43 56
155 224
40 181
70 112
154 173
179 226
67 79
96 118
101 184
78 79
139 215
40 233
150 192
65 87
62 175
62 76
85 141
78 159
59 182
61 79
9 209
63 65
212 224
149 160
50 173
99 156
2 106
116 165
85 208
47 234
187 201
69 169
14 101
77 202
0 82
95 200
10 190
73 100
49 153
33 152
89 222
119 225
67 198
83 230
76 225
98 100
60 83
100 168
53 75
5 10
76 147
26 129
108 222
157 197
16 70
150 189
115 173
123 137
172 209
38 176
54 114
147 232
218 226
104 230
94 101
32 40
60 183
36 109
85 179
0 133
21 203
48 199
58 146
59 235
77 145
199 201
57 159
137 186
7 229
5 55
6 127
34 44
93 180
32 120
67 172
36 230
105 171
126 206
148 199
113 117
155 232
68 108
63 107
110 206
2 30
32 214
14 107
170 222
153 187
113 152
168 221
59 162
191 218
82 174
40 218
87 185
197 208
70 104
97 202
12 61
27 200
114 221
146 165
127 193
105 185
60 133
77 204
158 191
74 97
60 87
76 95
30 52
150 202
137 229
93 231
59 114
129 215
120 138
9 178
81 221
21 201
68 228
29 169
191 211
40 184
78 205
123 166
58 161
153 232
207 234
173 234
147 164
141 173
15 54
65 126
3 187
9 119
120 135
38 209
115 158
161 205
54 87
47 106
118 182
140 189
33 132
31 212
41 230
9 138
66 125
7 159
103 173
22 34
128 220
49 72
36 142
5 27
90 185
41 153
76 153
71 198
72 133
54 156
47 205
79 178
52 81
13 110
5 96
3 231
53 123
121 149
8 184
71 87
19 106
33 202
198 232
173 218
120 193
69 106
117 207
80 146
7 80
99 232
81 149
140 149
171 195
176 210
68 155
12 210
158 196
94 98
17 194
97 167
96 181
41 60
57 227
24 82
29 225
82 107
85 143
213 222
63 87
111 221
84 85
125 231
10 108
162 208
5 75
199 233
94 232
121 133
41 89
43 228
4 213
46 217
53 197
60 123
79 164
2 15
82 159
201 229
87 145
182 232
190 209
44 107
216 222
53 82
42 50
183 227
26 113
157 221
99 105
112 182
143 180
58 111
28 175
61 97
87 100
37 153
7 65
194 235
8 229
92 130
134 187
155 194
94 201
32 41
6 14
75 77
180 205
0 110
16 66
25 114
165 192
75 125
28 130
33 196
70 80
23 58
54 128
126 234
13 184
54 76
105 156
34 193
124 225
116 196
186 193
21 170
1 5
26 233
90 115
44 110
78 200
125 226
97 198
52 235
58 140
93 191
63 145
128 230
150 169
73 93
68 230
145 236
120 131
13 41
22 185
138 153
178 217
212 218
29 44
33 150
76 194
93 227
161 213
60 74
51 108
73 145
138 236
32 221
54 153
180 212
52 124
153 211
79 179
20 221
0 44
117 149
41 134
76 88
102 192
84 198
17 91
9 43
189 236
30 221
56 131
12 216
98 113
79 149
88 224
100 121
66 166
17 37
19 107
45 179
89 227
26 137
19 52
63 151
8 113
78 109
59 217
119 161
83 115
136 163
186 199
11 26
64 100
32 136
61 196
55 193
23 38
113 160
95 220
137 230
92 181
131 171
13 62
71 74
58 225
90 123
136 228
5 140
132 174
4 14
52 229
25 228
119 172
28 147
36 129
122 197
51 91
106 108
40 151
46 94
33 165
13 128
32 33
84 233
19 182
21 204
19 75
44 105
44 163
142 154
132 217
130 234
38 91
101 187
84 145
60 175
138 170
143 159
9 225
131 172
36 91
59 76
57 181
64 229
166 228
100 197
15 176
165 234
37 177
132 136
64 118
15 193
46 51
39 172
108 174
118 170
65 104
61 66
137 163
118 151
20 39
21 78
80 99
78 120
170 195
20 208
95 233
18 135
219 235
127 214
127 217
23 82
29 181
14 201
90 106
143 177
117 204
33 203
162 225
159 164
109 208
160 201
39 146
35 134
37 75
125 224
40 117
0 123
50 225
71 202
147 170
82 157
176 209
158 216
15 59
65 166
33 183
161 229
74 112
105 152
22 77
0 158
103 142
33 181
18 208
60 161
179 201
19 186
67 192
34 104
45 141
31 50
4 228
18 179
47 93
216 235
85 95
115 164
23 211
46 174
25 183
22 191
73 193
2 204
184 210
19 219
66 97
32 114
24 218
119 233
15 201
108 115
68 73
0 107
24 113
47 134
118 131
196 200
49 159
33 154
5 63
107 226
119 162
106 121
50 154
45 138
37 91
14 102
133 145
106 225
50 168
141 224
94 133
74 212
47 148
73 163
92 157
160 233
88 217
69 143
101 223
129 217
85 154
35 193
46 220
147 196
189 212
114 156
109 225
120 226
121 191
49 50
60 100
11 162
125 225
42 178
62 190
52 205
72 166
38 163
133 188
56 117
14 32
155 228
25 92
55 102
92 203
13 149
113 203
38 183
107 189
147 177
123 213
60 77
35 111
29 155
21 223
74 172
78 107
153 160
40 106
1 6
190 191
47 85
78 206
81 180
94 117
70 78
1 145
17 190
37 134
78 115
98 108
80 152
175 203
59 173
165 189
21 108
107 125
58 218
144 146
73 158
118 186
38 184
164 236
17 89
95 214
97 233
18 29
103 172
9 232
101 136
68 107
157 226
34 178
40 107
6 30
1 49
111 178
89 145
11 87
147 223
42 115
38 115
142 236
54 223
59 225
119 230
93 100
44 54
31 80
25 112
154 225
109 113
12 105
92 140
16 213
62 187
38 198
156 176
106 158
90 196
132 178
40 99
59 234
93 146
16 87
99 117
25 107
50 83
11 27
10 153
27 205
61 220
68 71
35 125
102 113
68 221
62 116
9 102
127 131
7 174
13 213
36 90
12 115
78 106
50 190
14 81
151 201
35 204
22 114
99 178
111 182
31 119
23 80
96 148
53 174
26 128
125 229
186 202
46 222
103 188
108 206
230 232
60 63
18 104
113 137
171 185
6 167
172 175
194 228
34 154
24 226
6 37
5 139
186 196
78 143
46 123
10 179
104 137
17 200
57 219
83 163
195 205
168 223
27 179
177 231
12 52
149 179
59 149
15 114
77 171
41 54
80 113
81 118
164 210
75 160
124 209
20 52
17 186
168 224
33 50
53 203
33 35
213 232
106 128
24 95
108 194
178 187
2 116
15 225
88 100
155 236
13 95
11 67
64 66
23 27
142 158
158 185
15 217
4 133
40 116
24 114
7 16
48 150
38 63
0 200
73 74
180 227
2 179
5 16
120 184
181 184
150 228
49 68
108 172
28 74
168 173
17 184
72 168
71 217
23 201
124 183
85 140
109 120
62 152
88 120
83 211
7 37
27 48
29 100
49 219
210 230
145 230
101 220
30 198
59 220
75 174
44 225
25 89
96 224
29 187
75 109
142 157
78 138
33 233
68 202
86 230
28 115
40 97
77 219
97 199
69 76
51 215
7 215
116 147
19 204
131 228
73 159
127 152
16 232
54 79
46 211
7 134
196 221
195 218
67 236
43 111
149 216
48 129
9 52
57 147
39 84
24 93
112 116
19 176
33 137
10 36
74 202
74 225
52 58
33 128
13 155
165 170
6 163
7 190
154 227
78 108
13 183
22 173
1 20
174 207
16 196
77 100
64 194
57 119
35 235
159 231
35 232
11 54
54 213
84 201
162 223
64 136
28 40
100 146
20 129
86 147
83 127
80 207
132 216
5 133
23 100
10 82
11 189
56 220
48 209
139 178
158 161
76 151
76 146
86 172
17 40
48 80
5 35
153 222
203 217
103 203
148 209
52 200
117 137
11 218
72 114
154 176
8 68
81 215
44 183
8 76
1 179
132 236
146 212
88 233
172 218
34 170
32 134
34 136
164 209
157 218
122 164
79 170
155 213
52 61
61 217
25 84
18 106
58 152
91 127
34 220
156 196
19 155
81 131
68 70
161 166
17 169
112 188
68 133
5 38
3 58
19 156
28 154
120 188
171 223
3 118
18 72
101 210
114 194
109 221
100 128
137 192
21 202
58 80
42 223
24 51
133 146
42 83
39 128
117 211
121 187
189 222
154 223
122 226
128 184
191 208
99 187
129 136
117 184
145 233
2 9
135 221
3 160
170 201
222 233
60 140
80 182
81 181
128 183
150 159
17 191
136 192
157 200
58 160
29 137
210 212
18 161
13 132
105 224
72 220
34 117
124 139
105 157
39 59
197 204
107 162
108 211
28 77
15 22
25 72
21 206
10 127
145 222
19 157
184 231
120 154
157 199
76 149
21 82
23 212
66 131
79 188
17 158
56 151
134 234
81 208
95 119
45 71
64 141
7 204
153 221
205 209
83 172
153 157
110 146
65 108
20 70
34 89
104 160
30 225
51 176
7 92
43 202
50 155
102 191
6 128
4 206
184 189
168 214
104 123
34 71
70 197
73 117
72 102
79 105
13 71
119 149
152 167
29 32
16 98
21 59
165 166
56 213
174 208
22 152
56 139
139 192
10 170
177 188
40 180
16 182
141 167
86 158
22 170
83 196
128 148
35 38
44 101
102 211
72 136
128 142
167 236
4 103
28 97
141 234
43 116
13 84
12 176
11 183
184 229
70 107
132 155
48 60
66 229
6 11
21 127
159 235
116 146
45 60
139 177
52 73
74 130
48 169
170 210
151 220
148 223
88 126
11 187
12 53
93 207
39 63
39 170
125 212
10 120
42 98
29 148
82 166
42 214
19 62
67 100
73 133
39 203
50 95
27 38
18 131
151 177
92 103
179 232
73 202
27 132
68 200
78 117
15 120
47 130
72 149
8 95
137 182
177 219
38 142
28 153
21 232
32 73
160 197
33 49
102 119
83 205
131 226
132 180
27 134
105 154
31 139
101 205
149 222
126 231
70 136
109 204
71 82
100 133
107 159
73 149
90 164
2 164
72 210
119 147
14 41
103 169
79 146
5 82
108 189
23 209
122 183
95 123
127 180
92 159
0 37
95 172
62 174
53 167
192 221
37 225
39 41
12 231
95 140
160 177
109 230
187 211
134 144
3 85
53 138
113 205
47 64
61 162
24 42
4 80
122 125
152 187
131 183
32 96
47 223
74 178
164 174
127 210
137 203
108 117
117 154
62 69
74 91
173 178
65 111
100 119
37 218
96 160
64 70
98 227
145 215
158 206
58 130
15 83
157 182
7 226
79 83
3 15
131 174
209 233
42 219
43 155
164 215
16 68
68 177
45 232
95 223
114 147
30 177
76 221
104 171
42 169
158 165
40 67
54 229
57 225
107 172
101 131
97 114
23 62
67 94
42 207
66 171
190 223
6 88
26 180
162 175
68 84
93 194
84 181
55 82
144 232
120 155
61 81
57 71
97 193
147 152
129 203
2 148
19 185
75 204
94 108
32 151
212 216
64 224
124 136
57 58
138 140
49 170
52 165
52 213
20 56
92 231
52 123
102 109
114 217
1 161
69 179
26 164
57 109
47 170
154 164
20 187
60 176
14 154
2 78
163 202
82 100
58 148
79 109
140 231
46 57
61 85
156 228
71 155
145 205
54 82
8 182
34 100
116 216
108 113
73 216
88 208
28 209
50 152
95 111
42 128
2 50
109 183
233 235
29 88
73 114
98 131
46 206
79 171
69 231
170 231
90 199
63 78
111 130
69 70
26 216
35 129
66 195
12 121
16 17
46 121
15 107
17 101
63 119
34 76
19 79
152 216
4 130
53 204
0 121
110 192
4 31
6 95
67 87
134 223
170 229
44 128
15 27
156 236
203 215
24 77
151 179
89 209
87 98
13 231
89 196
103 225
220 231
19 209
53 76
37 57
4 165
103 217
31 101
29 178
146 204
21 40
16 165
54 59
83 227
44 96
200 227
34 144
35 180
176 189
70 231
26 198
198 220
35 73
69 156
9 66
100 172
116 152
52 208
92 178
126 174
88 93
166 222
45 200
34 66
4 18
2 232
81 122
48 218
59 87
143 182
74 141
179 181
19 66
60 149
143 163
26 176
218 233
42 114
71 145
5 80
154 185
30 51
90 228
56 71
56 164
182 218
153 196
8 51
98 180
175 211
34 97
78 160
83 157
54 201
67 181
81 90
60 173
106 132
71 146
25 91
109 125
163 172
128 131
14 31
92 175
93 126
213 233
107 135
5 193
105 179
26 86
158 235
117 223
78 184
10 123
42 49
117 183
25 187
34 213
45 97
16 202
143 151
88 168
164 177
222 228
145 170
42 104
180 224
41 75
176 216
16 230
61 98
31 92
105 139
107 223
2 117
72 209
29 152
118 153
18 52
29 142
122 166
99 224
120 208
5 40
80 166
11 97
24 202
152 174
16 159
178 197
4 203
30 213
59 169
207 226
67 142
64 84
51 131
30 61
20 111
93 221
85 225
88 206
25 73
8 56
47 224
88 145
39 62
79 81
90 111
155 188
6 148
20 94
85 187
72 231
54 152
49 54
171 219
100 175
194 203
22 220
177 212
21 25
71 83
107 108
38 113
61 134
3 228
20 143
37 52
27 158
114 235
206 211
183 233
78 213
182 201
119 229
58 194
95 157
139 142
169 219
94 114
105 202
56 198
81 156
46 210
2 87
23 26
132 157
5 13
23 45
95 162
1 114
132 165
128 194
195 221
12 161
59 82
7 27
92 224
40 84
20 174
87 227
109 155
148 217
202 219
43 168
20 95
183 236
122 143
55 189
90 210
58 77
123 199
48 156
141 185
2 178
176 222
7 210
67 217
60 219
202 207
108 207
47 103
41 222
128 202
29 221
106 112
52 143
74 140
84 205
59 174
21 149
103 105
93 152
24 181
63 209
73 222
33 225
6 171
102 233
58 202
43 142
31 81
209 214
123 184
37 164
62 193
47 70
93 137
12 230
114 220
87 183
48 220
18 216
32 138
99 182
11 156
38 199
16 38
101 132
54 167
214 216
64 79
50 164
52 89
21 96
69 78
49 180
48 51
193 225
219 221
16 177
18 74
96 208
72 205
14 70
155 235
94 195
33 139
151 157
67 91
210 232
76 186
182 207
1 135
1 13
35 119
12 43
43 221
49 88
40 51
29 87
13 114
26 61
88 214
27 107
45 230
185 212
29 190
127 149
120 152
141 181
136 219
41 229
53 85
71 228
166 232
66 186
31 74
47 171
179 202
24 120
67 209
51 144
51 97
71 189
151 208
108 234
27 129
8 111
94 167
41 175
197 198
116 180
154 177
11 180
173 220
40 182
171 234
166 223
45 81
70 83
1 102
34 58
151 159
67 162
66 165
148 158
213 214
140 143
96 212
80 224
64 166
70 232
94 215
13 174
71 236
2 212
37 210
114 165
11 173
104 153
28 47
12 56
135 197
179 198
158 201
71 91
37 190
101 195
12 186
9 104
87 179
120 146
62 182
102 219
25 196
75 230
124 206
116 153
137 141
5 81
71 212
151 213
138 142
106 157
153 166
29 122
41 126
34 69
91 213
24 167
99 219
30 231
43 190
42 145
87 96
104 228
104 223
211 231
50 233
15 47
37 196
35 203
32 139
67 99
22 69
18 111
12 30
175 213
22 126
99 192
31 127
87 155
114 116
17 226
204 213
125 218
14 29
190 234
39 108
74 151
34 78
21 200
24 52
111 153
48 232
37 157
43 162
23 101
35 114
128 233
52 147
88 110
12 126
18 207
31 194
81 176
100 162
86 91
35 169
4 135
8 149
130 159
77 162
19 41
33 175
91 176
13 196
31 205
42 236
57 111
192 232
87 151
49 121
47 66
142 197
89 151
3 131
8 213
48 226
28 127
12 65
75 191
6 109
54 215
73 85
105 120
18 43
25 44
59 67
12 36
96 206
11 169
138 178
21 28
75 171
69 79
10 132
92 112
137 196
67 218
62 217
97 187
59 176
1 215
53 104
7 98
17 84
181 212
35 141
79 200
145 176
97 149
141 217
84 92
198 216
147 153
22 37
174 230
118 194
81 128
6 10
19 67
65 90
128 214
140 165
72 226
75 123
18 75
45 209
58 107
109 145
34 77
75 122
87 104
140 195
66 91
179 213
42 72
45 73
196 212
126 131
40 137
133 152
134 153
112 228
86 182
82 146
5 208
120 235
24 131
5 164
17 195
21 46
14 161
176 193
112 129
4 204
10 87
164 231
134 199
55 181
25 53
53 165
53 207
66 83
27 137
162 194
72 124
86 176
158 215
39 54
179 190
133 140
81 166
69 191
8 34
18 154
44 177
35 51
98 165
178 219
103 178
180 188
22 149
110 118
29 171
81 155
232 236
17 23
115 138
2 24
78 98
125 141
3 72
192 234
32 176
111 164
3 141
144 150
196 210
21 57
52 215
144 171
45 227
27 151
5 92
152 226
38 124
55 114
21 172
38 221
29 98
38 151
29 192
22 83
112 122
29 54
38 132
120 158
57 72
62 107
130 214
141 146
41 189
163 221
156 227
123 153
122 162
75 170
63 75
27 221
32 228
21 221
27 98
63 186
128 171
6 145
13 24
2 23
59 124
146 217
13 233
55 63
73 173
31 201
203 224
117 199
169 210
51 149
36 66
84 213
70 158
31 167
86 166
15 30
47 160
21 106
16 189
157 234
145 209
152 223
96 209
113 159
40 74
18 188
44 137
40 154
60 180
51 171
18 37
28 150
72 146
137 148
161 212
76 155
169 215
207 221
36 79
120 221
126 170
34 185
37 87
68 185
117 192
73 154
27 32
111 167
30 181
181 207
45 91
159 178
58 195
21 218
40 178
1 10
191 217
38 175
161 198
49 110
86 149
29 80
17 85
50 70
45 126
111 172
189 218
39 176
113 199
51 188
129 168
136 166
48 99
196 198
178 235
152 188
13 127
45 175
168 198
52 209
50 162
62 123
217 228
63 224
6 168
110 168
111 120
59 97
196 209
41 114
181 231
54 83
36 146
36 54
104 109
55 103
205 226
34 151
59 209
92 230
110 228
73 131
64 95
7 149
107 150
140 160
0 173
63 200
104 127
29 227
129 151
68 125
14 87
144 149
193 219
4 232
134 183
27 75
23 166
50 165
33 223
5 186
107 130
76 192
23 206
70 220
32 159
36 112
144 229
41 214
57 131
35 93
140 177
62 207
56 175
127 224
93 230
83 156
89 218
170 177
163 200
46 83
9 78
67 219
165 177
47 227
19 143
86 170
84 104
6 25
78 198
38 174
36 143
62 98
144 195
57 83
14 61
7 218
47 152
78 162
68 100
38 229
92 108
25 38
173 206
109 216
22 38
96 184
141 223
62 64
22 121
33 214
96 153
45 188
194 236
106 227
104 121
16 35
54 120
5 229
4 200
77 132
82 203
90 150
108 136
30 168
1 44
108 226
76 233
107 141
93 149
28 42
130 235
2 26
100 174
115 137
119 203
9 219
10 104
85 166
106 231
53 111
193 227
9 17
9 171
14 137
110 139
1 210
160 193
23 176
18 119
174 183
105 207
51 209
87 105
11 226
71 104
12 87
85 93
25 144
4 72
34 81
77 222
74 190
7 136
37 58
33 110
160 207
103 210
55 135
85 138
179 214
64 94
44 60
22 140
27 72
14 173
1 80
67 197
36 232
149 206
66 158
1 85
69 209
17 120
82 211
33 197
123 127
203 209
111 125
31 85
127 169
30 112
123 175
70 153
80 160
161 169
73 169
84 111
23 192
174 219
55 85
6 52
143 153
41 166
27 171
123 124
10 90
31 94
71 93
135 217
91 171
124 202
88 147
192 205
120 136
73 141
93 140
51 232
84 88
52 144
31 132
39 156
50 161
37 201
25 175
132 205
6 201
30 150
92 194
103 201
143 146
117 134
3 225
27 74
168 220
41 207
72 99
136 146
59 69
88 163
11 62
71 92
47 233
195 231
169 180
55 188
15 125
151 161
96 113
106 176
55 118
19 208
38 226
33 153
37 71
27 226
192 215
125 195
73 167
52 130
117 193
46 119
120 162
83 94
85 160
114 236
24 194
64 129
11 150
114 195
160 204
94 171
138 152
59 81
134 192
185 187
124 164
143 214
53 192
41 140
73 194
182 209
189 203
39 194
90 198
82 110
12 102
215 232
49 172
13 156
149 228
93 201
117 205
81 94
88 118
0 84
64 205
188 197
170 175
178 185
84 183
74 115
6 198
49 128
175 187
42 77
65 155
89 162
17 67
72 197
155 219
53 236
82 216
5 123
3 113
180 187
208 233
28 227
51 125
106 144
64 214
111 220
186 229
63 172
219 229
118 217
64 221
101 201
0 218
56 203
60 185
59 187
192 230
129 135
60 218
1 157
71 225
155 190
86 233
15 57
51 124
30 31
166 204
50 109
72 128
74 191
91 163
35 47
174 179
120 230
120 194
97 196
80 138
168 183
38 232
135 195
33 210
80 117
136 173
13 221
53 147
183 224
178 181
58 136
18 105
21 37
125 235
86 164
15 46
159 193
61 71
108 198
113 131
66 139
132 143
174 203
94 169
38 155
100 214
72 108
25 209
80 150
177 201
201 210
43 186
67 146
32 101
13 14
143 168
26 99
104 186
97 126
32 118
87 191
131 231
138 219
4 146
144 177
74 173
128 203
170 200
29 63
61 87
19 160
6 137
3 5
148 222
168 233
8 59
40 197
15 192
195 219
58 151
135 230
21 142
179 206
90 142
103 122
185 223
155 229
164 213
109 174
25 181
23 111
45 213
12 219
38 101
123 224
49 204
85 104
54 58
24 158
38 203
115 198
7 122
40 167
65 119
7 131
44 47
29 45
67 101
109 177
122 211
59 133
178 196
133 193
141 235
98 117
14 124
77 183
168 194
118 197
40 92
96 149
35 208
120 137
175 222
6 158
101 214
196 223
5 201
177 195
25 158
29 223
15 73
72 75
133 186
138 225
34 209
79 122
33 107
134 164
146 150
56 179
32 206
102 123
67 124
70 105
105 217
8 120
79 231
70 159
52 156
26 156
64 223
54 77
8 118
42 67
29 37
55 225
169 185
32 129
130 134
39 183
31 90
112 215
167 212
51 193
62 160
78 189
129 173
68 111
90 157
68 164
107 217
26 121
14 67
100 122
10 211
13 93
44 84
179 235
43 101
82 168
25 63
14 125
0 146
93 195
30 186
7 169
89 106
1 98
28 137
83 96
130 194
109 123
95 221
67 161
122 204
87 228
58 137
171 206
21 195
8 227
152 197
23 208
203 219
9 59
171 188
22 147
53 171
42 105
79 166
132 212
20 113
51 106
114 134
21 79
136 227
105 182
99 207
42 120
93 174
21 163
25 64
145 187
209 220
13 108
138 220
145 213
40 189
69 225
13 139
139 161
95 203
49 79
3 27
78 82
81 188
62 144
65 230
101 208
8 66
90 120
93 187
94 235
168 182
113 204
23 224
74 101
6 154
137 172
91 236
34 229
159 216
91 206
211 219
172 220
146 214
80 219
26 77
78 187
52 232
108 225
102 143
202 218
96 102
126 232
82 102
61 229
1 88
97 127
21 181
46 183
78 233
130 212
147 224
34 180
61 176
109 142
144 178
67 137
40 232
71 201
20 234
11 223
75 199
2 112
26 88
177 208
113 163
211 222
96 127
25 157
60 223
17 109
6 172
130 138
7 62
228 235
1 70
24 228
143 158
150 220
11 85
38 135
65 113
118 185
27 92
137 212
43 66
55 88
98 190
35 75
171 199
1 216
112 225
9 216
46 77
66 231
50 204
11 29
153 181
143 160
170 221
109 212
10 155
4 69
53 131
165 191
121 156
20 227
15 28
200 202
141 179
77 187
27 29
2 152
38 59
112 139
45 90
13 146
30 69
159 211
153 225
95 228
60 164
158 199
199 212
55 68
23 177
5 224
29 36
127 146
137 208
81 206
95 125
5 157
174 213
42 84
82 193
175 236
54 183
101 157
91 119
69 93
12 46
72 145
115 215
142 211
119 223
6 135
75 134
24 154
73 78
137 217
154 236
164 184
25 142
20 157
71 76
94 224
9 181
21 30
123 173
92 102
15 119
85 114
88 149
83 155
98 128
103 125
51 68
111 212
186 210
180 229
67 167
84 208
4 102
149 200
48 197
68 149
49 212
11 51
36 182
63 178
20 69
35 144
22 202
0 125
143 235
13 111
186 212
63 97
96 107
75 234
178 230
38 53
57 64
136 229
59 95
84 154
9 80
118 221
97 192
122 177
16 22
148 152
156 235
126 190
60 116
94 104
41 78
96 136
30 185
132 146
195 222
71 233
76 234
82 129
43 59
46 107
112 220
75 224
41 125
24 30
70 208
147 149
104 110
34 91
5 196
36 194
107 231
13 226
27 157
120 225
87 154
62 122
26 211
93 219
12 71
69 94
154 204
41 76
113 144
16 171
69 194
93 178
74 106
32 47
76 82
22 73
25 198
8 99
46 96
104 172
58 200
0 148
8 69
83 224
68 212
178 192
139 182
15 200
14 142
1 41
126 158
24 29
78 103
7 81
2 27
27 190
139 212
45 112
79 103
2 181
7 123
131 169
28 148
168 228
22 64
90 154
80 195
27 180
43 180
15 139
1 207
108 227
146 226
21 56
42 43
111 195
74 189
40 207
37 223
19 97
18 66
51 153
192 193
113 143
109 178
57 134
183 205
21 120
231 236
191 236
40 111
155 209
4 125
0 97
12 68
145 169
136 195
13 28
86 232
175 232
56 59
82 118
77 210
109 140
140 217
68 80
136 139
5 119
15 115
120 130
184 227
75 236
11 174
88 216
77 87
81 182
79 217
170 203
49 216
90 148
25 76
98 207
123 145
52 96
17 129
116 223
37 53
60 231
35 58
14 123
30 83
58 72
128 186
39 149
156 173
122 207
134 232
92 174
15 199
160 226
168 210
72 82
49 120
38 210
96 158
68 235
140 144
33 224
42 157
11 175
60 98
88 165
42 103
77 142
57 213
63 195
27 49
55 83
209 224
99 110
109 215
125 197
14 115
119 157
104 183
58 226
120 148
23 103
31 131
70 114
42 149
14 97
0 92
115 131
40 198
166 194
36 158
38 190
54 212
81 174
189 199
208 235
108 119
163 169
73 187
28 178
189 204
193 211
29 64
133 163
170 234
70 161
4 139
129 165
222 230
101 203
72 150
9 92
142 148
4 222
31 204
156 233
95 202
66 194
179 199
131 195
48 134
120 210
19 23
38 231
131 167
111 112
63 231
100 160
39 135
160 200
138 210
85 190
10 185
156 160
175 196
106 145
11 140
105 180
43 212
96 204
127 183
93 234
35 110
50 218
2 171
38 185
9 53
50 235
104 195
0 66
21 125
116 154
34 187
61 113
116 187
214 222
218 222
78 203
0 174
156 214
76 206
121 185
100 131
159 179
134 140
132 160
35 94
80 184
52 212
63 201
127 129
72 222
25 78
32 61
100 101
219 223
85 130
114 148
7 52
68 165
122 158
34 201
86 167
93 133
76 163
82 133
42 187
47 111
27 128
99 153
33 166
71 153
114 119
141 236
98 125
78 169
147 179
171 211
7 118
105 232
35 150
83 207
0 228
39 166
9 137
89 187
64 131
137 166
1 53
88 140
227 232
43 215
60 78
32 232
65 144
64 114
69 88
47 69
7 30
103 174
29 76
76 114
65 236
18 203
117 128
90 112
4 109
197 215
48 161
15 157
15 204
2 138
43 204
101 102
190 230
98 216
111 174
101 133
162 192
120 227
45 147
20 123
51 99
60 210
130 141
192 206
16 39
51 234
75 85
20 167
8 48
212 231
137 209
34 159
17 153
46 109
54 168
136 168
10 30
96 173
11 143
137 184
45 205
93 202
35 216
45 65
61 118
18 33
46 209
97 140
29 159
70 188
2 115
69 90
7 236
39 50
154 161
151 225
9 10
47 158
125 158
88 210
31 145
78 197
36 44
61 105
33 57
60 212
110 115
49 225
126 209
48 93
78 201
134 218
145 164
29 84
72 184
137 197
42 123
175 189
15 117
102 193
9 35
166 220
155 205
28 176
1 172
9 99
2 88
130 179
112 135
39 131
76 99
47 216
68 195
7 24
66 232
23 170
1 169
53 206
122 132
44 213
16 180
0 188
15 66
189 191
163 166
23 114
2 53
81 117
104 187
44 77
98 148
150 172
182 197
42 226
115 118
131 191
77 179
110 227
41 236
130 164
143 222
80 142
7 67
144 174
32 87
165 209
4 132
15 223
68 215
22 68
196 197
90 152
125 165
32 34
46 71
28 186
73 124
108 137
52 62
154 221
80 156
21 166
9 14
17 80
148 162
69 193
60 128
12 49
147 175
75 184
75 233
7 124
44 205
7 228
156 178
124 195
185 198
12 74
171 229
140 201
63 71
113 214
124 137
184 199
54 131
17 106
86 130
162 164
0 34
97 232
29 193
34 114
48 212
75 156
97 144
1 184
36 122
173 174
68 90
114 205
78 154
103 215
22 58
50 104
57 161
62 127
128 146
199 209
70 84
166 229
51 229
30 136
6 196
43 122
176 212
100 184
1 109
4 182
63 149
36 208
20 35
42 205
68 224
100 211
151 158
94 142
46 52
37 65
110 212
87 117
95 107
149 153
137 224
99 161
177 191
114 137
25 101
57 90
48 111
177 230
71 108
103 187
75 203
159 180
145 227
33 179
80 121
112 147
149 172
173 179
96 129
1 219
125 162
83 206
138 206
13 133
131 143
23 202
164 167
184 194
11 233
7 32
3 20
126 186
83 228
21 33
171 226
23 165
173 197
47 211
44 135
57 210
10 31
12 149
125 177
27 217
91 195
33 95
35 87
138 174
54 88
5 6
36 197
45 142
12 15
12 72
114 126
20 41
92 183
118 176
72 137
28 126
68 216
122 213
11 115
129 226
59 211
59 200
181 186
100 148
45 99
136 232
155 218
28 138
197 224
76 130
54 66
90 166
32 156
24 190
35 197
135 224
26 161
50 156
38 119
81 157
64 162
13 121
38 46
59 94
26 149
95 131
2 143
3 215
72 119
148 184
7 155
94 207
143 181
63 68
90 118
110 204
109 115
85 125
185 208
35 223
121 164
1 201
51 186
8 27
27 218
117 144
86 215
172 223
17 182
171 181
107 200
80 101
147 228
107 154
14 86
188 202
79 223
27 230
29 132
1 104
41 215
129 156
119 128
113 145
72 177
224 230
184 196
83 145
129 194
138 218
120 218
91 208
54 182
62 154
66 141
8 104
63 213
218 227
34 48
111 176
76 131
80 119
54 68
101 145
142 222
156 208
136 142
0 99
88 195
103 191
52 133
58 185
126 135
120 144
132 172
91 120
161 176
6 227
18 78
118 137
128 204
94 112
122 181
47 212
35 162
55 130
190 203
73 128
26 231
70 129
53 99
3 226
93 143
147 180
147 193
57 218
24 98
67 98
94 130
148 214
44 140
54 103
138 158
124 186
64 186
52 107
39 233
67 199
42 156
61 205
48 141
48 192
98 121
146 169
104 136
0 73
93 223
77 175
12 20
23 225
45 182
150 232
97 98
57 100
75 178
13 215
60 234
79 89
60 193
116 175
34 211
105 165
132 230
162 213
181 203
106 146
32 227
76 196
66 181
34 96
80 187
30 151
165 221
55 144
28 57
17 199
3 70
67 136
27 155
134 178
75 96
95 194
84 128
19 138
149 198
104 133
20 146
184 226
25 120
76 119
51 87
86 137
76 185
0 13
14 166
128 143
152 217
18 147
73 84
36 120
139 158
122 205
142 166
64 218
182 202
70 123
91 125
33 121
117 157
35 98
57 68
93 160
30 37
170 208
95 216
91 192
148 227
94 123
145 148
107 128
181 194
41 186
119 159
128 201
99 128
129 235
10 44
1 178
88 176
68 229
77 122
85 111
59 92
42 55
17 58
145 192
178 186
14 182
83 153
60 79
151 169
72 193
86 112
127 233
48 159
14 45
13 104
46 151
66 143
13 101
179 228
45 187
154 205
200 211
171 190
91 233
85 201
120 160
104 203
106 152
99 168
29 42
30 88
90 181
46 171
100 117
46 80
61 119
110 134
70 203
91 139
121 129
169 188
184 191
72 194
10 64
31 209
98 126
151 163
133 184
129 146
50 200
212 226
25 233
39 191
107 235
50 205
134 152
36 97
44 160
45 88
9 204
8 67
47 141
2 98
193 217
15 141
23 113
133 221
218 228
3 201
88 158
120 200
95 98
93 205
24 97
174 218
86 111
54 72
84 211
12 62
189 220
36 200
145 218
13 81
28 64
49 188
66 101
26 82
26 68
221 232
125 136
30 85
14 212
39 51
14 204
20 211
129 138
46 154
36 48
98 170
13 151
37 148
84 125
136 180
7 111
107 229
49 217
144 156
57 231
103 198
57 77
83 140
70 156
61 209
40 173
71 154
50 96
36 192
98 211
105 134
132 184
67 71
95 204
166 218
1 14
40 71
179 189
100 179
65 114
151 184
55 164
16 115
0 203
42 53
111 201
94 164
48 78
16 109
48 195
29 139
68 166
73 207
14 236
50 123
193 223
43 92
168 197
98 205
56 93
152 207
25 55
104 207
9 190
94 160
75 168
34 206
172 206
90 220
63 228
151 229
53 153
71 190
40 125
37 158
19 30
6 20
139 225
181 225
65 226
13 96
13 77
34 115
198 226
77 115
66 108
54 190
143 166
116 129
51 164
6 21
119 177
22 194
169 211
94 236
16 27
99 126
142 209
40 153
60 139
149 189
93 173
57 163
139 159
110 162
85 158
66 85
220 228
143 217
27 167
100 153
109 179
129 180
90 105
58 156
149 167
26 184
9 205
208 234
116 233
39 77
15 146
25 134
83 231
92 99
170 218
47 50
121 184
13 142
128 138
68 124
100 113
3 176
98 204
6 150
97 212
119 197
51 230
71 141
50 151
97 139
65 143
132 187
214 228
116 168
118 232
17 45
165 167
114 135
41 190
18 220
32 181
13 115
161 195
229 235
50 142
41 68
119 231
143 183
20 194
1 60
44 67
108 221
6 204
40 159
9 236
29 86
130 171
120 142
59 130
14 145
5 221
19 94
164 201
66 78
71 167
84 222
140 158
178 200
30 95
91 181
127 164
2 205
32 172
126 168
23 145
59 144
9 69
48 184
74 160
84 195
159 234
131 196
135 179
74 108
39 198
64 111
111 226
134 142
46 76
80 106
156 215
151 167
19 83
90 200
38 225
106 207
9 149
13 177
33 138
54 205
84 225
62 93
99 217
82 97
167 184
87 212
62 118
178 233
149 201
58 127
73 217
72 125
94 103
37 100
106 209
169 212
83 141
93 214
16 218
2 151
116 134
32 100
199 227
104 180
55 230
94 138
52 187
47 55
0 18
74 146
38 67
0 68
14 168
187 194
43 91
57 62
148 229
76 121
178 193
114 222
57 94
177 236
160 224
172 219
162 203
4 123
77 220
130 176
35 55
13 172
107 225
87 178
202 235
52 148
134 160
144 172
9 144
5 111
141 161
59 215
17 98
29 71
3 167
7 116
69 180
2 219
72 143
14 188
15 69
79 161
103 236
36 188
189 211
135 174
67 225
13 195
10 208
99 198
13 32
5 120
45 163
8 146
74 230
224 226
79 120
43 95
70 163
4 106
75 151
69 144
32 160
118 236
102 116
56 73
15 216
87 202
150 204
0 197
19 114
150 212
31 207
68 112
58 126
153 223
99 134
61 103
19 102
28 179
67 216
100 207
0 11
226 234
114 145
5 83
117 174
58 206
141 202
221 225
105 228
134 168
35 146
56 199
1 236
45 137
100 199
117 131
26 83
122 209
72 207
97 111
162 234
39 96
103 200
11 152
36 221
94 182
169 193
136 234
20 64
63 217
84 227
174 234
11 221
15 58
103 185
116 211
117 156
0 126
72 121
14 136
90 121
119 195
30 46
53 151
8 15
57 160
16 50
97 161
80 201
105 109
149 162
160 186
155 170
102 148
67 203
74 183
40 234
51 182
140 163
79 152
62 68
215 220
46 53
85 147
17 112
64 147
115 149
42 133
37 224
63 106
139 232
83 113
167 223
85 234
117 231
99 195
60 229
106 107
108 187
31 44
34 50
9 163
142 213
115 157
57 110
108 228
149 199
150 193
14 233
161 192
25 136
99 151
123 190
129 219
3 76
176 220
15 51
148 180
75 128
73 161
20 156
31 150
6 94
37 72
8 112
143 195
52 101
211 215
105 135
203 204
180 206
93 218
36 57
8 63
129 236
149 169
52 153
58 104
69 190
7 193
104 107
151 168
48 88
45 166
22 75
110 209
73 155
23 153
205 207
19 164
217 234
84 114
65 138
85 212
41 131
100 186
161 189
157 204
53 81
107 218
109 135
27 90
3 128
130 196
84 122
86 94
67 123
44 87
166 213
132 169
108 235
2 209
43 75
11 86
58 143
18 20
80 232
49 142
88 109
139 235
101 151
30 64
113 150
77 84
94 227
157 217
133 204
160 189
89 194
119 120
122 142
180 208
27 36
2 221
24 112
169 220
150 151
41 182
29 73
50 170
176 234
197 227
91 158
110 231
191 196
32 202
88 193
18 235
55 123
110 226
31 69
30 114
90 205
74 181
15 178
144 173
59 151
66 207
82 121
18 157
134 181
144 208
63 88
44 143
123 195
27 109
7 109
54 175
37 132
110 153
91 129
127 178
14 117
100 161
147 230
9 41
119 141
148 233
30 110
66 176
17 114
59 159
10 32
4 59
129 133
181 193
166 202
124 199
0 157
18 133
94 165
86 125
138 194
15 90
76 156
59 110
85 102
39 190
102 210
63 103
25 150
113 198
150 187
92 148
93 105
19 161
14 38
141 158
123 222
100 222
9 72
12 191
120 149
133 157
170 220
69 131
47 58
37 69
6 126
126 208
11 122
62 84
209 230
19 60
181 227
6 76
141 222
9 132
177 185
20 90
136 223
80 132
53 194
121 124
4 90
98 214
29 110
24 234
93 165
164 188
61 99
71 232
37 160
16 81
211 234
100 109
47 73
56 232
3 152
14 138
58 131
162 187
28 111
70 96
10 180
134 172
7 19
22 99
124 138
31 63
167 181
76 138
6 142
40 176
4 140
156 202
169 202
20 201
45 181
99 203
28 103
22 50
103 155
176 178
178 198
162 231
75 218
8 230
30 99
38 165
6 138
155 158
39 209
7 100
85 206
22 180
92 192
1 12
77 186
147 209
135 209
34 94
55 141
1 112
111 179
24 191
139 179
108 184
101 155
35 120
199 218
157 214
121 151
111 184
10 149
45 214
59 108
28 234
166 168
87 111
166 174
20 116
66 235
109 168
18 19
72 73
20 91
147 171
8 161
98 194
38 158
97 158
184 220
133 236
92 105
33 56
146 156
174 189
31 109
21 210
56 144
4 199
67 92
10 175
27 42
89 228
29 184
119 219
148 215
77 113
72 141
27 216
25 235
164 200
22 30
154 193
71 205
91 109
9 44
102 180
85 149
166 211
176 185
9 188
131 218
111 187
70 149
0 20
165 172
23 104
17 18
87 210
22 45
84 185
17 90
9 100
41 83
69 92
12 14
0 182
41 47
134 154
93 106
39 226
56 186
100 236
42 234
1 116
84 177
145 173
10 143
108 173
32 111
136 200
35 185
61 86
97 150
48 225
18 35
109 141
51 89
176 198
148 159
39 220
151 217
21 75
1 9
144 198
130 189
164 175
120 234
73 122
24 56
35 182
39 127
40 112
133 212
151 192
20 107
51 196
47 231
5 142
85 221
55 148
63 96
1 106
142 235
54 140
122 203
11 188
65 211
39 235
127 161
15 137
98 223
45 218
76 132
15 19
113 153
52 154
140 208
3 163
27 51
150 161
133 161
45 94
31 125
138 198
30 43
192 213
51 71
93 189
27 164
143 211
80 218
20 197
19 87
41 111
64 78
162 228
116 171
160 165
172 205
40 214
28 96
38 213
54 193
172 186
32 128
54 90
91 229
90 114
84 108
66 215
96 171
9 70
22 44
151 232
44 92
197 209
166 189
34 101
114 204
63 113
154 157
73 160
7 206
132 186
79 187
12 205
94 205
167 190
110 203
171 222
34 156
114 117
5 46
15 138
93 163
148 161
117 151
182 188
118 215
43 63
26 146
42 73
135 180
61 236
111 116
207 224
136 224
23 198
68 197
14 207
17 198
81 104
22 156
146 167
51 202
105 189
167 176
193 210
40 131
45 52
25 179
2 202
22 72
81 170
41 199
129 144
46 120
33 143
24 157
125 163
37 168
67 141
11 126
125 202
15 235
180 202
10 71
172 208
29 34
32 210
43 220
46 114
39 138
65 67
51 101
154 189
80 85
4 76
74 111
69 122
170 181
3 41
148 187
84 214
28 109
12 45
11 84
63 109
144 219
75 104
89 105
80 144
221 228
131 152
159 236
32 93
31 110
59 207
43 161
9 174
107 173
13 134
118 178
106 232
7 212
70 160
124 223
18 175
68 138
34 63
223 230
64 117
118 155
73 135
127 156
52 161
20 58
199 211
38 107
51 192
109 118
71 148
156 205
29 77
137 175
19 142
81 218
76 218
197 231
58 209
94 102
194 212
215 222
42 56
68 153
167 219
127 168
68 150
191 210
55 211
152 234
80 122
48 158
44 69
164 218
69 128
185 234
34 105
162 212
152 199
103 148
70 200
121 200
46 146
107 146
110 116
138 208
126 149
55 128
178 225
184 234
91 114
97 227
56 107
52 138
58 113
27 100
39 44
38 42
25 69
48 179
83 150
137 139
105 174
124 185
39 82
48 122
3 157
118 180
43 193
128 153
129 157
67 125
43 189
165 199
188 205
2 11
201 217
88 99
86 113
75 214
4 30
49 177
49 145
97 103
36 115
63 83
157 236
11 215
131 205
9 116
178 211
46 128
39 142
87 103
50 66
33 169
165 204
48 177
7 172
163 205
48 50
154 231
149 225
20 203
38 44
128 195
226 228
127 171
103 232
55 119
139 167
95 185
143 173
42 118
73 184
208 214
104 181
140 180
63 236
180 190
162 182
16 118
26 46
25 213
147 185
68 76
28 161
65 195
101 185
102 153
159 182
47 92
28 95
172 189
204 233
17 128
31 206
105 187
16 223
50 108
67 175
60 166
80 181
94 121
197 229
55 120
15 100
10 235
12 84
87 136
63 174
213 226
55 176
37 95
70 179
2 184
139 224
16 97
192 197
152 160
114 229
119 207
145 155
18 189
66 147
124 224
184 236
187 208
1 225
66 102
16 56
9 84
30 106
75 101
10 225
187 192
47 110
22 103
148 202
43 216
140 173
135 205
200 233
206 220
8 123
105 141
113 122
34 221
9 20
47 173
64 67
115 222
30 38
5 191
114 130
29 196
164 206
110 121
34 126
156 158
61 203
0 7
45 192
112 180
13 109
13 138
174 206
1 81
6 143
126 196
101 156
146 173
64 220
9 127
158 227
134 225
78 87
16 90
112 224
173 219
4 194
59 236
175 193
46 193
40 174
13 80
17 65
98 118
186 204
6 105
91 228
20 161
142 150
97 163
2 46
103 160
14 56
65 99
135 153
107 220
1 99
3 10
139 229
56 185
73 139
92 207
53 78
61 184
40 69
127 189
71 144
8 131
176 215
114 197
153 178
62 97
39 83
111 199
23 232
14 27
13 182
4 134
22 236
1 94
112 136
44 224
162 233
80 185
56 101
44 210
122 179
16 54
16 190
122 123
9 26
27 166
13 40
59 191
124 133
74 158
33 94
33 216
203 205
36 69
5 171
99 155
96 132
73 230
87 118
71 199
87 234
5 230
160 232
53 190
25 80
82 225
40 226
150 210
16 204
128 235
46 162
146 148
15 55
150 207
20 77
49 207
56 130
94 137
88 156
43 93
59 122
32 169
119 135
51 134
85 153
12 224
72 78
19 50
40 138
38 227
46 69
162 188
62 150
34 92
57 190
36 81
109 171
181 183
57 204
16 18
79 228
96 150
12 32
124 212
150 236
170 183
126 138
155 156
44 190
71 211
98 179
199 224
170 235
100 223
40 114
10 204
9 77
32 94
130 209
1 149
105 233
148 230
74 126
79 204
61 94
56 228
111 207
98 111
152 180
39 74
126 223
156 197
108 191
83 119
45 69
19 180
64 219
183 192
168 234
63 126
167 174
21 63
121 236
130 186
66 107
36 53
38 193
185 210
131 227
118 195
38 95
11 91
26 144
11 151
148 186
4 42
180 214
90 225
19 188
2 223
194 199
61 173
179 200
88 94
87 109
107 127
147 210
2 189
117 153
172 225
28 86
43 187
56 112
51 214
85 116
161 226
154 232
30 86
57 92
18 103
91 142
12 213
117 220
86 190
143 209
120 196
144 227
76 209
22 211
53 216
150 158
103 181
16 206
7 189
20 93
11 52
3 42
131 175
32 196
132 207
66 119
16 178
70 108
40 136
52 84
43 147
55 71
101 122
146 224
197 203
6 58
104 161
31 157
156 217
56 230
75 119
45 183
126 201
27 68
31 172
74 208
60 174
21 231
140 203
125 142
36 205
16 42
134 135
55 174
189 215
188 214
66 204
44 181
82 236
64 154
77 166
3 38
26 210
18 142
29 46
86 213
51 156
1 129
25 60
14 200
36 150
64 185
77 88
36 226
219 233
122 224
63 118
135 136
53 178
29 115
84 189
97 208
68 95
32 149
183 226
114 230
53 72
1 78
59 116
101 194
23 143
24 39
16 75
149 193
174 185
55 84
24 25
167 228
32 68
13 97
82 143
205 210
68 171
214 225
5 34
48 97
81 204
109 143
17 28
48 66
18 124
35 36
117 160
0 229
60 143
76 203
100 218
46 175
22 41
34 138
118 190
131 178
9 198
113 142
29 102
43 100
43 198
101 197
61 183
33 186
148 171
44 231
119 150
118 124
13 61
34 216
17 159
44 130
173 184
23 70
53 157
162 229
153 215
0 116
2 154
206 209
0 180
42 182
95 176
60 154
4 148
27 87
43 218
152 214
22 172
73 175
2 12
62 170
28 235
58 234
115 178
187 219
43 84
64 190
36 148
118 235
57 93
21 69
95 213
125 204
56 87
8 103
3 165
68 123
63 117
53 187
1 21
106 208
174 186
209 221
25 113
138 231
53 95
5 9
116 174
15 186
13 144
126 225
53 106
15 195
31 197
137 226
27 144
94 174
102 147
50 72
62 138
5 156
10 213
15 179
118 193
39 122
175 209
85 110
18 36
47 80
63 165
0 140
103 218
68 99
101 127
7 185
48 114
41 137
103 192
211 228
91 234
230 234
16 185
43 67
103 167
62 212
146 147
46 235
118 145
24 86
117 158
19 212
25 229
108 209
95 181
36 235
105 214
138 187
31 144
127 174
28 170
28 222
142 200
162 217
147 161
108 165
214 219
53 196
31 88
97 221
92 219
113 126
108 197
9 218
206 235
162 170
32 180
100 226
69 232
126 187
36 225
110 165
28 158
96 187
6 213
20 118
106 220
15 111
133 202
176 223
60 155
36 42
141 232
169 223
180 199
179 184
29 107
114 212
14 191
59 208
94 141
73 176
175 199
151 231
112 210
59 184
126 184
113 161
196 232
150 225
135 198
199 213
30 47
22 39
175 215
217 221
50 85
75 89
93 185
61 154
43 177
3 14
121 233
42 209
6 144
37 110
48 135
82 138
115 194
82 84
27 45
21 104
60 194
17 151
75 172
83 161
110 190
8 30
15 65
68 101
94 221
39 143
60 96
95 209
178 194
123 143
45 114
107 190
11 147
13 119
57 202
109 189
10 162
106 196
88 160
121 127
159 168
34 125
92 122
103 109
57 99
68 188
119 166
42 158
173 217
216 223
72 74
28 46
124 194
70 182
42 47
33 205
77 203
52 172
75 216
77 140
194 201
74 185
24 46
88 235
64 69
75 187
80 179
113 232
9 108
55 235
135 155
43 156
3 13
40 204
41 104
81 91
100 217
129 198
97 152
2 110
17 31
43 192
162 178
18 195
177 178
70 150
210 223
22 225
16 136
144 176
25 82
12 132
6 17
8 209
145 168
67 148
5 107
74 209
4 21
117 190
130 166
58 95
37 70
11 37
121 186
139 149
81 162
164 179
119 138
118 132
176 233
93 151
76 190
69 223
1 64
17 111
181 217
40 190
47 99
146 220
195 215
22 109
28 45
200 208
42 113
5 202
53 179
37 109
37 85
138 139
157 220
92 163
101 117
28 206
78 132
144 166
117 212
62 234
124 160
37 213
104 124
126 181
177 187
85 145
128 217
103 182
45 169
9 128
54 188
20 228
82 219
56 225
82 119
56 155
196 201
6 48
38 57
64 148
12 41
27 186
51 135
80 134
141 214
95 196
58 230
157 167
46 214
59 131
21 144
194 196
81 126
44 171
106 122
77 143
93 147
76 191
71 195
202 223
28 155
163 184
31 151
77 83
98 135
10 39
4 6
188 201
51 57
148 172
22 60
53 150
121 136
34 133
101 140
186 231
55 140
69 119
38 60
66 157
23 74
6 119
149 177
18 181
52 114
9 64
166 225
34 41
13 200
111 193
53 199
26 107
23 150
18 170
74 186
40 93
183 198
21 110
7 230
56 111
28 190
49 194
103 137
154 196
63 74
39 228
70 111
20 66
112 211
45 108
15 218
124 229
69 91
5 168
3 6
7 42
216 236
52 174
84 113
22 154
12 178
1 222
154 201
112 121
126 159
119 167
29 220
68 136
167 179
145 221
87 199
146 192
47 59
56 122
105 166
7 154
100 220
212 215
16 132
109 110
171 207
59 85
43 108
17 219
26 181
223 224
67 190
78 228
0 61
152 215
117 163
59 181
37 236
42 57
169 171
122 200
29 144
182 219
143 193
60 72
9 146
93 224
5 32
78 188
181 208
46 223
32 70
83 114
70 147
14 131
141 180
29 147
102 203
126 233
142 234
64 128
23 228
95 224
72 93
54 113
49 100
103 144
15 212
52 127
217 224
101 143
120 219
200 219
24 26
122 227
61 127
64 151
91 148
55 206
91 137
126 162
33 180
22 26
174 196
65 216
22 187
10 222
128 227
55 218
25 218
60 163
90 231
50 192
119 227
74 114
122 184
22 52
170 223
140 228
143 149
103 180
96 175
47 126
3 114
88 231
40 108
122 133
134 158
79 121
128 158
65 154
88 205
48 178
18 122
2 79
103 136
150 168
140 145
138 155
77 102
27 37
27 231
190 215
2 102
37 63
2 123
71 192
10 75
3 181
15 228
65 137
3 17
55 124
68 227
123 157
31 226
12 229
59 196
14 28
220 226
97 123
83 158
72 132
119 136
177 226
76 235
210 214
19 82
18 77
81 119
208 222
4 61
49 178
8 101
55 94
67 130
81 199
131 176
29 229
115 186
179 197
31 51
160 221
46 225
49 181
142 191
118 168
121 169
56 133
19 169
116 126
107 199
40 79
140 154
31 86
175 190
25 217
30 128
89 132
16 63
7 187
78 129
144 225
216 218
90 96
87 204
41 146
4 113
95 113
145 235
138 203
10 131
66 177
113 222
193 206
173 185
52 145
77 103
5 84
201 206
6 87
192 228
37 88
162 210
38 104
14 65
25 58
111 173
134 204
55 199
12 200
107 165
162 227
18 21
35 191
10 94
91 235
208 210
81 223
84 120
4 223
128 161
123 155
15 150
3 100
170 179
99 167
33 38
65 105
81 87
32 200
8 70
18 80
39 76
40 91
61 193
71 173
31 79
30 233
18 57
39 134
161 232
25 236
168 204
11 68
68 120
18 51
132 214
122 137
57 187
71 215
119 194
101 227
29 224
121 123
91 115
91 130
163 190
15 32
34 82
14 134
9 125
161 175
115 148
92 134
62 158
38 118
41 82
105 227
57 201
148 218
67 151
91 220
138 207
89 127
71 114
0 77
51 61
38 102
2 4
6 173
47 182
130 158
60 144
17 62
142 179
128 191
157 176
33 83
38 133
130 187
211 233
21 226
28 85
21 191
11 127
1 132
138 223
103 116
142 143
10 150
142 146
94 211
57 156
56 125
133 149
42 151
90 108
80 105
156 230
67 212
15 62
54 138
3 55
5 226
158 234
27 67
195 217
64 138
43 174
82 149
95 122
5 151
149 171
21 126
103 147
107 152
160 167
104 166
194 208
66 214
4 166
66 208
61 93
92 198
33 59
94 161
0 109
81 173
40 222
75 116
6 175
107 137
66 124
167 168
191 220
61 139
13 56
47 191
195 236
9 157
49 81
12 23
152 157
89 91
178 236
59 119
57 82
76 110
166 178
51 220
46 92
104 213
127 200
21 53
28 174
159 200
11 161
196 204
17 33
198 212
122 229
110 175
120 124
69 120
75 81
102 227
127 230
43 222
103 209
118 188
84 141
10 215
156 184
66 210
27 202
43 178
82 122
83 121
83 166
106 162
18 49
17 167
176 207
77 86
64 72
87 226
8 233
111 190
50 88
47 187
70 94
14 95
42 220
116 135
101 116
61 145
97 169
166 193
97 174
136 221
10 172
111 156
33 198
45 93
26 110
1 232
27 59
122 233
95 206
134 176
89 174
8 234
0 1
64 227
32 199
70 214
44 176
141 192
4 29
18 172
189 198
126 222
10 152
73 195
139 145
24 231
125 145
79 94
131 147
97 171
35 172
65 95
40 169
9 185
101 231
174 205
32 62
16 41
17 94
16 25
1 91
132 168
117 175
161 203
1 156
104 111
2 174
20 214
33 189
25 66
54 64
52 64
34 51
49 74
63 161
51 216
37 78
43 123
89 220
185 224
40 152
17 95
153 220
160 217
99 101
118 184
196 215
24 165
92 104
2 76
95 198
213 221
103 126
76 159
149 231
52 121
48 198
8 26
28 143
6 77
33 157
19 193
3 146
7 18
104 170
39 167
77 128
100 229
207 236
113 177
44 71
38 94
110 198
109 152
9 193
88 182
6 151
125 138
119 153
57 114
118 187
68 119
3 164
45 117
84 173
208 221
12 162
102 188
25 219
143 188
52 125
24 121
173 194
5 207
75 166
212 228
82 221
47 60
19 117
16 101
214 224
113 191
92 229
143 164
138 196
8 166
39 182
8 193
102 196
0 15
44 55
21 93
5 172
130 163
8 117
65 184
80 214
107 116
38 45
153 194
20 212
114 157
23 184
160 191
63 163
38 219
1 26
1 223
101 173
62 128
104 128
25 234
196 203
23 194
41 110
29 41
103 194
161 230
26 183
76 94
128 206
44 73
91 187
34 203
57 177
127 128
109 233
15 76
32 157
53 176
67 114
72 157
68 81
13 89
42 165
42 185
204 220
56 147
89 122
133 198
16 215
57 230
39 92
92 205
191 228
179 210
182 199
146 160
110 151
43 107
28 177
101 200
116 149
56 174
114 160
37 102
81 124
69 184
151 198
103 212
82 144
108 175
44 188
21 222
52 181
106 168
146 203
133 203
17 160
53 173
57 112
74 121
83 167
37 115
112 204
78 219
131 200
10 121
20 101
168 219
41 178
105 112
29 93
162 185
34 169
1 62
118 225
38 39
59 186
78 110
27 210
129 188
118 206
12 127
40 86
153 164
146 213
19 51
34 127
143 216
7 87
44 62
230 233
33 71
88 151
70 175
72 215
24 41
9 228
131 186
69 157
107 155
137 213
9 151
173 201
49 208
84 133
113 220
55 89
183 196
118 162
74 143
17 92
70 138
36 130
4 172
29 126
174 217
58 171
41 216
8 78
185 203
0 78
50 111
78 128
171 205
11 225
42 173
86 143
204 224
36 78
85 163
20 122
84 228
30 63
209 217
88 178
12 177
2 105
37 45
78 224
26 139
161 178
131 232
137 206
6 41
25 163
79 86
111 133
74 233
30 196
134 215
13 211
73 108
108 170
210 215
71 118
190 194
52 185
140 213
112 198
63 176
64 168
37 169
116 122
6 111
163 180
182 227
17 83
140 170
196 229
6 100
166 217
167 224
74 162
35 99
169 218
16 129
147 188
2 108
14 121
2 16
99 201
133 206
75 118
2 158
78 208
131 141
172 182
233 234
12 184
47 215
40 94
123 209
62 65
160 164
167 187
62 230
105 226
22 70
213 215
53 97
84 235
168 186
60 88
75 202
118 125
65 193
20 21
61 120
18 197
104 232
145 223
93 113
17 162
157 212
147 212
131 139
51 150
30 82
29 47
171 187
114 125
92 101
86 216
197 206
68 144
102 169
207 223
101 199
12 227
12 107
85 180
28 193
189 227
69 236
188 236
91 179
151 200
37 143
59 163
32 117
50 93
104 177
82 117
38 161
167 214
14 202
56 195
29 161
107 184
89 131
64 97
48 70
5 49
146 189
29 60
42 222
129 207
29 89
168 179
25 162
29 233
57 87
5 74
17 229
168 222
39 201
144 169
128 226
41 149
49 56
156 164
50 208
19 175
62 213
83 90
54 162
38 228
2 64
103 153
197 225
34 68
25 230
41 44
188 221
63 167
21 29
0 159
33 158
136 197
35 44
134 201
23 49
19 47
68 225
4 50
1 56
80 162
1 233
58 69
27 165
125 164
91 94
100 170
128 149
11 135
87 88
219 230
34 80
75 173
65 101
33 99
111 135
65 203
53 219
63 105
136 218
104 144
153 205
46 170
57 164
68 83
23 25
155 225
84 159
11 24
80 170
91 169
21 184
54 221
48 83
218 219
141 203
63 177
52 171
86 222
70 199
127 173
193 200
43 150
164 180
201 208
102 209
22 108
5 65
40 166
195 226
147 229
133 138
75 132
129 204
117 234
52 162
163 217
83 100
63 112
81 200
96 121
5 153
27 31
113 114
186 235
31 176
37 127
88 104
11 168
37 144
11 205
8 210
72 229
54 197
23 36
207 215
79 155
70 72
18 121
51 88
4 175
49 223
138 148
51 147
77 96
161 185
41 103
23 120
28 37
112 146
160 172
139 222
182 220
109 114
0 153
24 201
7 195
16 160
10 174
3 110
67 140
113 157
185 209
164 228
186 228
187 213
104 117
40 163
21 197
189 202
170 207
43 65
211 230
3 95
45 83
88 234
185 222
130 225
193 229
50 105
159 215
2 132
6 39
61 111
20 30
160 162
84 215
109 165
60 119
90 224
139 151
95 235
85 182
18 107
80 115
90 159
70 131
206 212
18 162
129 233
14 84
10 83
61 83
132 152
75 86
15 156
141 188
95 218
76 162
87 173
150 179
176 236
145 147
121 178
45 124
112 172
129 147
24 68
32 51
5 160
222 225
140 176
5 112
137 231
40 195
103 162
24 96
94 106
74 103
121 196
105 186
229 234
13 51
87 144
26 53
56 124
78 167
28 116
50 217
145 180
4 40
1 189
6 133
64 119
169 235
65 227
124 220
79 196
19 86
44 161
31 233
26 112
103 233
131 234
22 85
74 206
136 201
87 119
4 145
67 109
5 147
43 207
157 185
63 203
39 152
102 177
78 186
192 231
18 32
31 179
208 215
29 153
33 134
32 102
75 197
121 147
56 190
67 210
38 54
73 171
124 129
23 155
140 206
147 148
133 217
83 139
43 72
16 219
15 187
69 164
164 169
96 154
46 172
61 80
157 171
92 172
106 192
66 154
207 210
77 153
166 201
56 163
1 213
57 88
37 131
8 9
131 213
108 129
91 147
44 191
0 24
119 196
34 36
99 133
6 31
50 213
87 198
63 93
41 160
77 228
21 48
15 67
20 83
48 219
199 210
90 222
35 225
39 102
85 96
156 191
145 232
40 80
113 171
33 231
15 26
42 96
29 124
13 16
140 197
26 200
17 38
133 210
151 178
21 140
90 155
56 128
136 182
74 124
139 185
55 109
200 226
52 160
100 191
8 18
66 206
212 222
180 235
57 117
40 95
16 116
56 90
117 209
45 135
210 226
112 184
6 226
166 195
122 206
167 235
128 137
30 215
45 140
6 212
14 37
9 95
69 204
22 203
43 98
4 159
86 212
104 222
28 217
136 190
12 199
149 232
76 79
128 152
164 227
13 141
4 5
86 163
41 183
55 165
138 190
169 216
78 158
77 184
60 64
163 234
104 179
200 232
36 68
17 55
188 217
119 210
72 179
1 117
192 200
148 170
0 119
116 124
143 176
35 80
6 67
199 216
63 125
10 62
59 206
22 138
67 113
184 232
109 157
10 137
24 66
137 223
13 225
65 81
27 81
97 141
26 150
127 232
20 142
21 122
53 55
69 136
184 217
205 216
4 151
192 198
89 235
23 40
6 116
158 223
66 111
80 158
37 73
64 104
19 183
178 205
106 219
96 186
5 166
101 209
113 136
32 230
18 218
19 128
35 213
114 234
24 148
55 179
68 181
160 215
36 51
44 221
46 49
75 145
41 148
52 142
150 234
19 210
121 125
178 208
102 117
96 222
56 212
4 70
75 103
68 126
73 190
52 203
167 233
173 175
107 175
44 119
29 138
113 146
106 197
75 193
19 190
142 178
100 108
19 64
94 156
0 69
5 99
39 215
0 168
4 95
5 100
84 124
31 236
2 201
19 81
130 236
6 75
19 230
145 217
64 217
177 199
156 218
23 90
16 123
225 227
2 91
31 161
127 236
19 148
18 140
143 234
30 75
198 233
83 118
33 44
34 108
14 146
146 157
79 158
2 34
140 225
156 172
80 234
41 85
117 187
110 120
47 132
35 103
136 143
136 148
91 99
129 182
82 103
70 202
66 123
140 167
132 200
173 183
95 158
25 185
117 219
73 205
25 186
123 138
67 82
50 128
39 184
64 90
12 94
96 117
73 79
181 196
133 154
59 148
36 163
158 217
29 202
185 188
19 211
56 127
133 179
79 90
27 185
5 116
122 180
64 199
107 153
12 95
159 230
5 137
149 163
9 51
77 155
9 200
91 152
4 68
99 119
32 185
88 201
37 66
22 128
68 184
77 208
52 67
159 191
101 142
22 167
183 225
22 148
68 226
98 234
88 183
70 193
49 190
3 166
167 209
36 189
200 228
172 174
18 182
45 68
56 65
79 136
47 144
82 187
72 111
19 120
14 103
12 28
11 129
83 192
199 230
7 17
33 53
55 126
135 138
0 191
102 150
22 132
49 82
81 184
34 98
43 57
163 206
34 149
28 166
54 210
92 98
89 116
84 172
41 123
97 184
42 193
84 123
41 69
29 214
17 100
100 192
217 225
30 35
48 79
76 232
40 156
51 136
70 178
108 147
94 129
13 227
134 207
42 117
8 106
161 174
21 233
1 108
132 139
57 148
44 136
3 224
52 192
5 128
144 147
74 118
38 98
140 223
61 210
27 55
4 209
8 71
30 40
141 199
135 143
208 232
18 117
142 190
154 163
47 118
63 143
146 193
21 45
4 99
140 178
96 108
47 201
28 165
16 60
31 67
50 119
71 101
113 231
45 201
149 219
40 215
19 222
108 133
2 120
21 138
53 149
20 34
49 234
49 53
9 109
19 131
17 113
62 181
110 202
143 145
105 230
61 78
160 176
152 163
23 190
100 165
29 91
6 81
34 110
104 131
19 57
224 236
94 127
81 225
127 221
27 234
165 194
53 122
49 138
93 177
112 143
71 98
173 223
15 38
14 80
163 201
28 99
0 56
50 187
144 204
128 159
96 141
26 232
6 202
125 166
7 96
121 223
186 195
64 153
140 162
144 187
70 157
30 224
98 199
158 208
91 111
40 162
142 204
37 228
34 197
123 187
51 126
162 191
41 176
141 216
135 189
26 229
18 116
79 236
12 117
17 74
8 219
14 111
31 87
123 168
23 169
67 184
68 189
169 228
20 115
71 169
126 220
39 164
79 130
140 235
20 169
33 104
214 229
106 187
26 171
126 163
10 218
4 143
79 150
0 19
11 132
78 89
43 224
105 107
70 103
80 188
76 145
33 151
11 33
17 122
81 83
131 207
59 177
128 198
12 166
134 166
6 181
32 197
17 231
54 85
58 191
126 227
168 227
32 39
34 140
177 216
84 197
156 224
6 140
151 233
49 151
20 217
9 90
84 216
94 218
3 198
109 160
52 151
88 96
3 96
113 164
212 213
126 216
193 230
114 150
33 63
8 221
26 72
138 199
77 112
141 147
78 195
52 190
110 185
35 163
47 82
70 176
88 139
64 73
18 201
64 210
39 126
24 159
43 214
7 64
58 186
69 208
15 97
27 135
106 178
23 59
19 203
121 153
178 222
38 189
5 203
97 226
136 212
59 125
115 121
29 75
51 115
50 220
52 87
105 126
43 104
4 84
151 193
124 155
113 135
98 193
126 132
157 227
26 133
171 198
55 78
41 172
54 65
61 230
45 62
132 223
122 147
158 173
202 228
52 180
73 164
4 136
195 211
67 222
61 95
37 159
79 215
90 191
16 210
99 175
63 136
126 192
18 196
51 93
18 236
26 208
7 117
85 196
134 195
61 216
3 159
192 219
4 184
56 183
30 142
139 221
68 139
96 167
77 156
60 188
29 163
31 56
54 125
22 106
100 178
78 161
27 126
98 208
9 107
61 198
23 219
36 125
0 104
117 166
214 235
36 86
110 166
41 210
215 231
17 124
28 219
11 148
128 199
180 217
30 149
189 214
104 197
1 97
61 130
130 197
39 64
56 92
100 137
127 203
61 68
63 173
152 186
3 46
7 209
36 179
69 212
11 61
4 107
133 177
32 112
121 130
38 75
105 212
216 234
177 227
135 192
128 166
32 168
65 140
194 204
180 182
2 68
32 69
181 221
191 221
36 55
140 233
33 51
16 140
21 168
146 151
174 204
59 111
121 225
21 43
52 176
130 161
112 206
16 44
35 166
72 175
24 123
133 192
0 103
194 220
41 195
152 191
149 181
91 140
187 202
39 234
20 130
142 207
53 120
130 154
5 52
76 142
79 95
39 218
47 101
84 166
101 193
163 203
136 171
84 190
193 231
141 162
111 124
86 141
29 172
172 235
16 92
75 201
34 47
79 174
0 86
45 120
26 160
4 56
150 217
3 210
226 236
35 221
108 210
63 104
90 110
194 231
87 161
132 191
43 208
108 144
170 226
37 43
129 196
82 87
65 219
4 149
107 133
104 227
99 215
4 67
71 210
32 154
20 233
154 209
27 145
68 151
114 226
115 150
23 197
43 53
99 166
150 211
31 162
120 168
166 185
116 200
5 233
55 155
127 155
2 37
24 88
35 154
112 216
60 204
8 23
220 233
4 85
19 218
208 212
102 202
185 220
56 189
50 86
139 170
24 132
169 203
7 66
170 216
182 185
100 210
191 223
125 137
63 199
120 224
103 197
100 196
23 235
17 215
151 188
35 161
68 91
136 213
79 202
83 93
22 227
119 126
56 97
39 101
127 154
98 158
102 170
175 195
82 182
80 89
65 212
62 83
57 191
221 224
64 143
125 127
81 167
35 188
154 188
11 232
26 172
9 91
21 211
72 88
7 69
114 166
116 226
181 229
71 75
50 207
28 68
100 225
54 159
27 35
113 182
60 76
51 211
73 224
48 234
104 209
13 178
37 99
0 138
155 197
17 209
201 226
17 103
36 147
8 136
91 177
6 162
143 227
136 204
75 215
178 179
53 218
156 188
10 65
38 196
127 211
59 156
35 230
81 111
38 138
73 182
113 192
48 58
14 214
6 91
54 129
132 206
25 31
76 160
114 133
228 230
28 188
146 195
198 224
127 205
66 103
30 122
121 167
74 204
60 195
24 32
130 203
75 152
53 113
160 163
60 158
25 133
118 157
32 103
27 207
2 8
200 217
101 178
27 28
172 192
28 91
2 140
2 3
67 169
157 168
45 145
125 196
66 87
173 207
107 180
128 222
13 66
7 192
1 206
65 149
15 159
157 222
4 58
77 136
160 188
54 134
28 56
48 205
115 128
0 9
130 173
58 66
27 102
50 198
9 94
114 168
34 65
112 207
30 164
23 76
48 236
56 204
171 210
96 139
201 219
52 218
46 215
155 233
106 154
139 209
16 84
63 69
58 221
75 207
92 185
189 224
188 207
173 211
107 145
51 63
17 75
162 183
38 103
137 161
32 46
112 203
191 213
112 191
133 189
48 76
118 224
9 121
88 90
25 37
62 79
10 158
46 64
16 128
13 44
166 198
34 109
68 213
57 169
39 90
53 71
45 222
11 50
99 191
151 171
40 161
135 194
41 234
160 213
74 216
14 208
108 128
49 210
19 136
23 191
210 219
75 167
42 134
181 201
131 187
103 186
158 214
115 167
1 34
84 112
175 207
71 162
16 65
206 228
30 100
183 191
125 151
40 216
52 169
22 94
94 204
109 163
24 236
171 230
125 227
65 112
65 124
141 159
9 48
158 187
77 138
137 190
62 176
197 222
0 136
82 188
127 167
1 140
1 121
77 217
2 104
46 236
86 235
97 100
71 168
25 124
35 97
37 209
26 157
49 213
15 89
94 179
22 162
29 85
147 151
30 62
88 225
0 64
135 213
28 129
5 108
68 85
41 67
119 232
70 128
11 211
28 48
41 209
40 200
136 167
101 229
5 209
51 152
101 106
21 227
36 135
115 219
76 215
0 224
116 219
98 187
51 201
51 146
78 236
19 27
35 194
25 165
174 181
18 45
95 160
127 190
28 221
59 138
12 75
65 76
1 154
41 202
111 137
155 192
18 50
43 127
42 76
1 69
21 80
151 212
31 171
156 162
66 191
77 109
35 126
176 192
0 234
62 151
75 183
106 150
11 179
6 68
17 86
139 180
60 65
13 20
77 110
6 221
18 145
224 231
129 186
11 235
145 204
16 119
87 140
53 70
17 36
17 131
32 148
53 189
120 159
98 110
92 110
108 112
1 100
87 232
98 150
144 170
20 215
9 18
87 132
113 206
51 160
147 226
64 172
70 225
29 154
46 73
28 105
154 170
18 146
118 152
181 209
80 205
75 126
64 144
9 222
33 36
123 134
10 232
10 177
55 62
88 111
74 133
135 161
138 183
134 186
123 186
103 220
76 213
16 77
77 107
193 205
98 139
28 135
38 73
110 214
72 199
81 216
175 218
1 195
107 209
70 167
112 202
90 130
184 205
107 216
37 185
81 159
62 200
194 197
13 120
10 119
69 126
54 218
56 217
55 67
45 89
152 225
10 199
39 187
0 76
133 150
10 145
3 172
183 190
86 189
153 175
124 130
106 163
2 163
12 128
41 157
46 191
22 55
22 197
22 222
92 179
48 185
119 181
24 193
142 227
88 127
113 133
201 214
20 46
209 222
31 52
1 173
167 215
133 190
62 205
30 44
81 116
2 74
104 165
155 187
105 125
22 25
96 213
103 149
45 226
134 162
38 134
92 191
129 161
4 110
154 162
104 234
33 97
149 194
68 160
20 148
194 200
5 29
21 35
61 133
27 110
10 11
108 130
154 212
107 114
122 168
33 215
2 5
106 224
22 23
101 190
56 132
29 199
102 104
11 137
163 192
133 187
126 194
46 176
66 192
138 180
199 225
76 77
102 225
12 138
36 64
131 190
85 155
210 235
7 197
120 189
133 207
116 136
74 102
92 195
155 176
57 125
89 152
31 234
31 103
105 203
43 117
31 128
127 213
171 193
20 205
72 135
31 186
76 201
179 193
56 181
81 178
64 85
91 215
15 98
67 165
50 140
51 155
124 147
164 233
165 219
27 168
162 236
10 236
56 64
7 126
74 98
33 84
170 173
15 31
160 219
141 186
34 52
24 145
189 217
90 95
203 227
136 152
29 200
138 200
49 67
72 126
29 78
56 171
142 221
20 99
95 129
25 126
66 189
10 224
1 45
17 20
24 233
51 199
108 153
138 191
99 143
7 45
128 172
123 152
8 36
3 227
2 187
103 127
124 156
25 94
94 209
7 75
31 130
111 118
23 227
19 162
36 85
84 158
103 168
96 227
12 27
11 59
210 233
1 23
21 179
166 235
83 219
82 155
8 33
3 43
107 213
55 79
7 232
79 84
0 211
49 166
111 217
157 169
35 145
64 126
85 174
121 138
136 145
128 151
88 122
50 65
137 218
127 222
148 160
24 58
19 74
216 217
109 112
24 106
84 135
158 221
164 178
190 208
91 191
4 170
19 20
68 118
54 104
191 205
13 188
188 231
43 231
44 127
39 162
169 200
148 166
46 55
174 215
14 69
170 228
168 185
206 223
20 85
36 199
23 156
37 188
20 147
46 153
185 229
127 160
30 172
40 212
1 138
124 187
87 177
181 195
95 97
77 144
74 214
112 115
66 128
4 41
110 127
17 204
65 191
162 214
36 223
28 128
130 191
69 83
53 59
116 169
89 224
22 46
190 212
40 225
104 204
52 115
136 215
12 88
121 220
166 175
5 33
18 211
110 157
4 74
41 144
14 179
2 136
21 171
49 102
113 115
104 113
2 59
20 188
99 179
37 125
190 198
47 84
55 127
62 145
55 178
48 144
51 178
41 98
15 214
126 214
176 232
38 171
35 81
95 127
29 151
29 51
133 166
227 231
73 109
177 190
92 114
103 208
77 233
47 135
94 168
4 122
121 165
194 219
183 184
62 126
176 229
14 128
176 199
154 206
116 225
44 182
168 205
139 214
111 158
61 62
152 228
113 212
183 187
116 198
33 64
24 62
13 94
20 26
118 150
13 223
192 201
79 213
160 212
187 188
73 170
57 198
125 168
6 26
174 178
15 23
160 220
175 217
11 120
208 226
148 177
8 38
42 231
194 210
8 21
24 232
47 164
32 140
125 220
10 61
10 205
41 171
6 190
216 227
128 215
18 200
8 58
16 49
85 188
183 234
129 134
53 115
44 207
50 232
54 171
2 233
30 54
32 236
13 79
168 191
74 200
89 170
92 138
69 148
1 209
46 58
224 225
107 111
20 88
66 104
82 189
122 156
77 232
47 133
5 115
110 213
30 194
47 121
134 182
10 113
88 137
96 216
112 155
41 192
140 204
39 125
41 205
85 137
49 119
76 122
152 196
35 136
35 54
92 116
56 138
60 99
6 55
161 165
19 177
71 158
188 209
87 129
100 147
128 228
16 30
41 223
62 168
10 35
63 192
115 181
130 146
8 132
21 109
114 138
104 105
41 46
133 216
91 190
120 181
197 202
35 49
88 211
56 81
117 171
68 135
158 209
164 170
5 56
25 148
54 155
159 199
104 173
77 126
177 234
115 155
88 219
125 167
45 80
179 217
114 206
79 234
20 71
160 236
175 206
76 103
61 84
34 173
136 202
79 96
20 192
40 213
75 146
22 54
23 105
55 125
14 180
113 132
49 164
75 206
200 205
97 121
63 190
169 195
182 210
108 110
46 189
94 154
57 144
151 154
27 119
87 141
91 227
146 223
18 82
21 72
14 171
127 209
37 191
157 207
4 150
29 70
50 182
96 225
11 149
75 148
199 229
60 205
29 111
54 192
132 148
93 216
2 129
17 59
47 209
88 169
26 66
65 229
6 178
14 51
114 136
196 213
37 149
12 140
79 177
33 234
29 165
212 229
135 219
64 135
192 217
110 181
28 94
95 166
96 182
24 33
137 236
4 231
23 151
205 234
137 220
127 144
130 222
17 214
57 167
61 200
48 49
109 151
151 211
190 196
68 187
28 146
93 190
28 59
105 129
108 185
68 134
85 133
4 35
134 197
42 91
22 198
60 129
22 24
12 137
11 119
115 195
62 166
183 210
51 195
73 123
43 229
26 193
38 43
57 193
36 80
145 181
40 235
111 171
162 166
58 133
225 228
60 138
202 204
46 82
4 138
17 105
119 218
122 196
28 89
168 184
48 194
92 213
31 143
19 113
99 106
122 188
73 130
39 207
26 32
155 230
165 173
13 67
91 150
32 97
149 218
177 192
6 134
167 175
76 170
65 180
49 220
41 99
187 199
137 235
80 215
94 202
95 99
53 54
4 96
57 78
221 233
33 86
28 33
61 122
16 166
20 23
62 206
55 87
95 184
148 176
57 236
33 37
106 179
83 84
221 229
33 81
204 209
35 151
187 210
99 193
34 73
29 226
101 112
164 187
104 193
183 212
2 119
11 92
48 196
56 95
20 38
158 189
39 113
2 14
18 129
43 96
41 57
18 59
179 187
131 142
21 62
128 160
61 116
2 206
41 219
180 200
231 234
64 173
59 132
14 114
186 211
134 213
8 168
35 106
133 199
24 61
167 200
26 49
90 184
144 154
206 208
54 61
72 76
218 223
95 212
82 150
74 89
36 140
96 166
169 192
142 195
11 210
14 132
22 67
155 157
208 225
43 121
21 214
63 197
15 44
214 218
10 40
100 125
18 192
7 196
151 199
165 229
63 157
57 165
174 233
173 200
80 112
27 64
107 215
7 71
156 192
177 189
83 117
66 193
206 210
17 235
33 200
184 209
18 40
60 109
24 187
4 152
121 166
17 164
91 193
96 168
213 231
25 182
42 167
131 162
18 128
106 170
83 210
215 224
75 117
31 38
159 223
214 223
70 222
30 199
35 217
38 223
94 131
9 81
81 175
7 207
30 131
33 133
210 220
46 137
10 118
21 81
110 167
74 223
61 153
78 193
79 162
77 108
84 130
131 134
160 209
25 41
169 198
3 59
68 210
61 144
75 140
12 139
62 164
24 89
33 161
79 135
167 197
9 45
23 149
78 226
111 168
167 226
73 177
105 201
53 235
46 190
123 135
48 203
40 160
16 199
209 212
60 167
112 233
104 210
49 84
73 106
160 194
106 113
29 183
15 160
7 199
37 207
5 197
100 157
80 127
117 230
187 227
126 179
8 116
82 235
151 205
8 167
45 67
90 221
82 179
26 204
156 211
15 72
43 135
118 216
125 178
168 189
204 228
27 224
210 216
88 190
52 157
52 55
54 199
2 200
100 140
86 107
56 75
184 235
87 124
76 172
33 116
57 183
163 170
114 203
13 147
64 87
30 209
10 165
1 90
198 222
107 156
1 40
145 160
102 195
89 118
71 113
31 180
35 74
83 212
134 229
7 26
4 36
35 195
26 126
108 109
152 220
7 233
100 208
177 204
77 192
133 211
39 155
62 92
69 98
16 69
107 139
37 161
7 58
164 172
34 142
36 187
67 177
190 206
38 77
38 110
153 230
91 160
142 165
82 226
46 113
79 208
131 165
27 94
123 204
75 114
58 59
74 210
213 225
47 178
73 215
113 180
84 139
130 175
157 192
50 127
72 208
175 201
117 227
60 192
120 216
44 86
38 92
45 115
107 206
134 200
104 185
188 226
10 122
59 180
93 212
23 162
40 102
124 191
76 93
8 220
152 206
16 34
12 64
79 157
28 78
60 146
100 163
96 217
154 186
76 164
152 176
148 236
45 133
35 123
25 106
3 82
121 134
19 220
3 88
72 84
26 60
164 219
131 194
22 205
61 218
106 180
73 132
120 150
6 8
62 167
83 209
98 115
63 204
29 125
65 72
85 176
146 183
135 147
18 102
30 74
33 98
154 166
34 167
175 183
43 114
28 66
49 233
102 234
49 154
4 54
113 221
149 155
133 182
52 116
95 118
8 77
140 221
31 115
109 211
159 227
48 133
52 191
97 219
1 28
84 206
31 68
37 51
92 158
4 236
27 34
6 217
62 111
28 131
82 98
205 230
46 141
4 20
75 139
89 124
95 145
223 235
111 114
0 31
42 186
7 182
70 106
130 168
49 122
16 113
52 113
90 233
50 227
68 159
65 84
176 197
3 177
104 200
135 163
97 230
142 194
122 217
180 193
73 87
39 116
31 73
20 179
150 177
106 228
54 92
97 207
37 199
110 138
108 216
108 204
146 159
154 179
46 161
88 197
220 234
112 230
28 194
10 160
6 57
10 55
0 43
123 130
184 221
84 97
69 125
146 178
48 117
110 171
38 81
65 146
28 113
133 178
48 223
23 93
169 181
56 229
54 206
85 228
162 173
215 217
73 121
141 166
113 213
7 22
119 235
117 233
49 51
69 220
41 58
151 207
70 152
112 192
97 128
12 16
173 176
162 171
28 114
152 195
111 224
223 232
23 95
128 236
10 176
49 179
118 123
77 178
35 184
95 134
34 219
140 199
51 175
65 103
36 215
24 71
11 49
60 145
12 97
92 216
131 224
25 184
27 206
44 141
38 207
18 130
3 186
9 88
93 182
36 133
12 81
145 165
36 229
72 122
5 62
8 61
44 165
5 51
128 157
2 173
29 185
11 234
62 224
3 151
114 149
8 137
97 197
158 233
57 138
5 188
152 185
139 226
153 172
32 43
14 66
132 209
35 66
34 196
34 231
25 57
39 150
84 210
41 136
188 213
181 219
35 196
41 184
139 148
19 205
22 78
28 39
3 99
87 188
70 88
167 220
53 73
48 74
21 27
120 172
173 227
174 222
71 109
