241
11
8965
60
33 2
41 2
44 2
32 4
36 2
28 3
35 3
40 1
33 4
30 2
44 1
35 1
33 4
39 1
34 2
44 1
43 3
42 4
33 5
34 3
39 2
42 1
36 3
43 5
32 2
31 1
34 5
31 1
30 3
34 4
43 4
32 1
33 1
33 2
44 1
37 2
35 5
39 1
32 2
36 4
43 4
37 2
40 4
30 2
37 5
40 2
34 2
44 5
33 4
42 4
43 3
37 5
37 2
43 2
29 4
36 2
31 2
44 5
44 3
40 1
43 4
32 2
33 3
44 1
32 2
43 3
41 4
32 2
43 5
40 3
44 2
31 4
28 1
31 1
29 3
43 4
43 3
40 2
35 1
39 3
34 5
28 3
34 4
30 2
31 1
32 5
34 4
34 1
33 1
39 3
42 4
36 2
36 5
40 3
41 3
44 2
44 2
41 4
31 5
39 4
28 2
36 4
36 1
36 4
41 4
41 3
34 5
35 5
35 1
40 2
42 5
33 3
40 3
34 4
32 3
29 3
33 5
37 1
39 4
28 4
44 2
37 1
36 2
33 3
32 4
42 3
35 2
35 3
36 2
39 4
41 4
32 1
30 5
38 5
29 3
35 3
42 5
44 2
33 3
35 5
30 4
35 1
41 4
34 5
28 5
38 4
35 4
42 2
34 4
30 2
33 3
31 4
31 3
29 1
35 1
32 2
39 1
28 2
33 3
43 3
29 1
32 2
32 2
35 2
38 1
33 5
32 1
31 4
41 3
31 2
33 3
43 2
44 3
37 4
37 2
42 5
42 4
32 1
44 2
38 2
36 5
32 4
37 2
40 2
33 2
38 3
32 4
43 3
28 4
29 5
32 3
28 2
37 5
35 4
29 4
37 4
34 1
43 4
43 2
31 2
35 1
34 4
37 3
43 2
30 4
30 1
37 5
28 1
43 5
44 1
43 3
43 2
44 3
36 1
32 1
32 2
31 3
43 2
28 2
39 2
30 1
41 3
33 4
33 1
31 2
38 5
39 3
33 4
42 2
32 5
30 4
35 2
32 3
28 1
29 1
32 4
36 2
33 3
44 5
32 5
31 4
62 219
10 15
11 220
124 230
3 44
28 148
146 236
5 193
84 178
94 212
160 225
84 155
4 145
3 96
32 138
56 96
41 158
83 177
3 215
2 169
11 96
0 21
38 156
66 104
9 55
94 157
53 188
11 29
112 186
166 220
42 141
161 166
83 117
64 193
179 211
198 229
147 188
90 192
13 73
41 99
76 240
4 175
11 227
107 234
26 121
44 165
64 216
53 211
184 208
157 173
41 82
31 235
172 220
182 219
75 230
24 91
200 219
30 31
55 78
5 154
29 210
98 172
204 207
94 183
160 216
53 128
5 140
36 153
118 189
32 224
88 201
31 54
56 120
65 81
10 11
38 119
7 160
90 98
46 160
115 157
223 235
139 149
165 205
64 177
107 137
106 230
45 81
117 198
73 164
57 203
47 173
84 208
145 159
143 216
168 235
0 207
38 178
66 147
25 56
76 169
21 155
159 224
144 173
57 112
0 119
6 218
45 107
50 186
29 121
123 176
37 198
119 163
22 143
162 182
8 15
38 169
0 57
35 153
17 90
45 226
16 40
191 234
93 116
77 227
77 225
45 221
114 228
51 106
107 129
14 68
19 57
213 214
95 102
109 121
13 188
14 162
7 200
56 113
137 240
190 191
12 186
109 159
106 179
9 185
81 100
47 221
58 138
140 210
89 142
111 153
58 86
12 202
157 208
130 168
55 195
46 80
56 101
15 25
86 230
7 97
0 223
67 201
2 181
16 144
7 164
28 60
38 196
184 218
96 149
82 145
163 231
11 88
39 124
63 226
199 200
71 197
79 140
126 167
10 204
50 215
169 180
67 118
17 129
154 199
118 209
0 9
1 29
51 58
17 120
154 201
43 145
36 230
14 136
37 77
43 67
185 187
25 201
32 48
50 83
68 97
124 152
220 232
161 180
11 158
79 85
32 168
73 77
14 75
91 233
43 44
6 29
49 96
43 137
200 218
46 190
92 141
32 230
127 131
34 60
115 125
51 228
45 203
193 232
123 238
192 234
222 223
66 86
65 75
12 161
30 189
60 136
84 162
167 234
21 238
160 200
66 227
58 67
5 156
119 224
120 139
48 222
126 165
35 221
63 192
172 197
195 225
57 173
190 238
63 208
75 153
97 195
127 130
92 93
126 129
142 210
36 187
56 197
159 175
149 168
107 153
16 145
126 188
162 233
82 231
10 25
19 128
20 155
42 169
186 238
121 159
7 24
151 167
3 37
106 190
117 213
15 76
8 82
57 148
0 27
34 120
1 112
176 179
65 210
90 128
17 193
163 170
16 57
62 133
111 144
45 85
198 236
104 222
54 60
70 161
96 179
209 211
8 187
186 236
132 179
89 133
99 205
74 150
103 223
135 152
33 196
43 215
88 110
5 134
83 96
22 110
99 162
72 120
116 181
111 172
55 124
65 161
128 144
25 137
35 193
75 161
192 207
194 201
5 207
99 226
129 131
102 209
40 162
139 166
100 133
69 71
76 188
82 100
74 140
44 197
105 131
1 220
37 94
1 219
94 185
43 173
231 240
96 217
1 101
5 120
112 219
21 204
88 226
200 217
84 146
39 208
118 233
202 228
14 87
208 240
77 191
19 183
114 195
28 89
123 186
69 164
84 159
53 190
79 113
150 160
63 206
46 231
66 162
156 227
25 55
214 230
64 168
234 238
78 172
112 193
77 218
97 127
31 218
10 210
69 222
64 127
76 171
19 240
222 239
89 93
41 93
202 218
162 209
57 108
32 197
203 222
169 190
136 228
7 229
6 47
73 221
151 155
140 228
121 237
22 34
5 225
151 153
87 164
140 171
132 155
47 143
37 49
22 175
17 137
58 188
2 54
60 192
80 150
14 217
147 194
161 188
66 76
163 214
162 204
220 236
29 230
25 192
165 183
75 80
71 237
22 97
14 155
207 213
50 176
113 155
4 14
121 220
25 123
38 151
100 163
15 44
117 217
40 125
118 133
48 168
80 116
133 143
16 127
14 21
142 171
43 56
108 156
137 209
111 147
96 207
171 220
105 211
206 235
144 182
125 180
14 161
205 221
86 153
86 186
80 152
154 204
36 80
106 229
8 14
38 162
90 172
86 165
79 81
41 94
119 203
12 39
135 195
23 109
20 135
27 191
100 158
162 225
83 157
87 222
33 111
139 191
79 154
117 206
26 208
116 163
23 77
15 232
22 157
41 52
48 198
43 114
24 198
56 167
2 62
95 112
8 152
13 129
52 239
9 164
149 201
94 180
23 219
52 105
7 84
61 121
190 201
63 183
30 214
109 120
178 240
9 135
8 130
72 148
37 89
13 113
12 128
38 218
212 219
89 101
78 203
18 191
153 189
110 153
66 139
84 216
98 240
218 236
5 87
55 108
161 184
16 143
67 237
32 171
162 173
93 163
92 143
17 168
75 158
47 135
130 165
39 116
17 35
26 35
76 87
208 221
160 196
29 57
91 120
55 215
10 168
66 70
124 140
22 114
81 106
31 114
17 138
81 142
30 113
235 240
166 224
101 136
16 114
2 103
6 65
26 205
28 67
93 238
4 64
1 45
57 147
162 218
134 143
159 220
138 218
28 220
34 155
55 168
105 149
19 215
62 69
70 203
113 238
15 231
94 194
27 174
46 205
20 119
106 219
167 190
33 99
60 182
85 152
156 214
165 215
50 132
113 127
31 178
201 230
7 165
80 97
30 115
135 232
167 169
127 223
157 191
62 71
94 155
54 195
6 156
72 147
13 76
159 162
143 185
132 175
14 211
12 183
7 161
23 39
19 155
7 194
15 188
14 113
55 61
67 139
141 229
62 132
134 208
57 118
27 117
124 168
192 196
33 68
62 200
98 125
44 209
11 114
93 159
178 180
49 187
50 110
154 180
139 199
3 125
28 36
10 115
20 174
94 127
48 94
129 154
130 199
60 75
154 228
81 160
136 191
98 167
56 157
127 218
18 40
0 191
14 235
97 181
35 194
72 87
65 199
30 118
67 225
47 105
39 231
42 203
70 210
72 184
139 151
97 139
42 75
58 209
5 200
24 52
126 203
139 224
44 238
18 131
79 163
204 212
113 214
126 174
17 103
85 195
84 197
32 112
76 177
31 38
191 228
107 157
137 160
124 135
24 162
155 201
13 148
26 164
76 223
20 159
60 159
15 57
58 141
155 220
198 207
68 172
125 216
78 129
135 229
61 64
47 63
41 122
175 179
122 230
8 71
96 218
9 111
73 192
8 199
17 148
26 110
70 110
9 201
85 204
153 168
29 177
94 150
19 140
108 137
58 158
135 220
71 130
147 201
42 220
109 223
55 237
100 169
132 150
49 199
38 46
9 196
36 235
152 206
98 179
55 94
99 227
134 161
149 155
229 235
172 204
21 165
9 28
130 223
69 214
43 158
69 83
185 200
88 99
16 73
20 190
153 196
145 212
91 105
42 175
23 130
46 146
171 212
10 122
0 46
66 167
29 117
118 143
97 217
157 224
146 209
127 151
30 203
66 123
22 83
98 178
122 217
167 229
85 112
135 240
26 206
172 180
1 164
201 211
112 165
53 87
34 234
109 171
74 111
39 140
148 218
159 183
69 109
3 88
95 228
54 126
185 203
131 160
73 104
0 100
207 214
119 237
15 85
57 142
86 122
171 225
124 203
38 131
56 239
3 7
18 195
131 139
13 101
39 48
5 102
103 221
28 46
106 116
155 237
84 135
205 220
12 46
17 217
55 232
4 114
31 113
173 218
35 70
82 185
170 238
71 214
186 187
67 114
97 211
111 122
79 172
4 96
75 177
40 81
126 162
206 210
54 73
6 61
19 25
13 153
30 168
4 42
39 228
131 223
45 200
77 82
135 201
13 43
40 76
96 132
5 202
110 225
39 102
29 170
139 213
171 173
193 220
166 206
144 145
29 110
81 234
48 109
59 126
48 141
98 173
35 195
80 85
3 116
145 211
53 161
25 163
167 226
86 231
100 193
1 114
109 119
51 176
87 203
122 155
127 188
47 78
124 125
6 190
40 221
42 69
181 195
56 238
133 141
69 182
91 172
33 190
91 131
15 79
12 104
6 224
157 196
136 139
10 235
34 148
10 108
8 129
5 128
106 189
60 211
159 213
81 218
87 122
53 240
125 148
70 147
174 225
85 233
67 163
107 109
17 206
12 113
121 169
66 221
40 187
23 138
116 133
108 147
10 140
113 198
82 105
32 45
72 218
221 222
18 165
81 129
19 190
68 123
109 156
107 147
107 203
158 183
48 161
188 201
49 125
65 132
30 215
134 158
13 68
72 176
67 180
181 205
105 236
215 232
24 88
30 100
39 137
110 207
154 183
98 191
39 64
68 171
36 186
65 205
115 200
45 67
23 167
67 231
47 161
67 108
181 192
29 157
48 203
175 180
88 191
35 87
24 95
211 215
60 235
92 189
120 141
59 168
7 29
139 148
121 145
171 219
98 219
30 67
38 102
11 98
11 181
1 108
81 207
87 202
106 224
103 154
156 196
159 211
133 147
82 126
29 200
62 235
102 178
21 56
4 148
92 126
156 178
167 185
9 68
91 225
130 230
0 61
58 230
149 214
138 209
172 239
43 144
50 106
65 143
42 57
185 235
162 210
48 234
52 240
41 211
91 113
36 208
4 63
124 210
89 233
114 196
128 173
145 200
148 170
17 164
17 73
15 202
151 161
5 108
1 202
11 36
213 225
163 164
1 127
10 88
114 200
24 76
1 99
153 197
44 46
153 233
4 163
147 223
117 178
28 132
153 235
65 97
103 156
108 196
3 157
63 239
68 194
193 198
90 205
183 187
34 143
168 214
64 105
129 235
51 152
38 171
47 97
13 115
112 138
86 135
71 225
59 147
35 162
54 174
10 95
22 147
98 130
32 196
101 205
8 137
31 240
212 217
95 127
30 58
105 231
69 175
170 234
7 150
21 229
144 152
26 202
4 46
78 115
68 186
122 209
28 29
163 236
122 200
201 218
196 237
2 52
103 105
125 138
38 225
67 232
117 154
104 180
60 167
41 119
75 137
14 36
102 150
122 236
131 184
11 176
26 108
44 137
85 164
33 138
63 230
9 42
43 233
60 142
88 165
44 181
142 156
38 214
28 78
118 175
127 134
54 222
173 179
45 202
37 196
6 198
18 145
138 176
101 201
50 131
28 33
2 72
57 169
107 110
81 159
70 96
81 231
48 183
103 134
29 100
146 173
176 214
152 178
19 56
52 169
30 218
65 174
91 163
88 222
86 123
88 113
207 232
26 119
51 122
23 36
83 233
48 56
28 173
78 240
40 78
158 164
12 148
62 192
40 227
46 228
110 147
125 169
16 171
48 206
48 209
62 63
162 220
181 211
75 159
105 115
50 178
118 177
53 131
162 197
103 135
45 137
7 159
118 232
14 215
128 172
137 144
38 207
53 130
33 38
96 222
54 121
181 221
22 26
46 97
107 146
36 109
115 150
15 187
211 220
41 135
50 81
198 212
97 153
104 229
29 48
26 98
183 219
50 51
141 175
11 57
128 232
196 206
21 184
48 92
125 159
37 167
33 46
37 208
167 191
21 159
54 200
62 144
116 146
4 166
53 106
60 172
9 220
82 230
86 137
75 112
33 147
196 200
140 180
133 157
137 196
19 185
181 201
177 193
13 216
64 218
71 155
41 98
53 137
56 121
0 26
88 172
117 158
24 215
185 232
92 172
90 224
77 206
98 186
43 184
94 118
121 226
99 123
133 225
61 140
4 223
202 225
61 126
98 132
29 85
28 102
136 154
22 198
25 153
59 152
121 150
214 235
25 168
68 128
166 186
54 84
203 226
56 217
82 90
168 176
60 209
81 168
56 87
157 205
56 183
63 168
80 126
139 204
86 205
92 107
50 109
0 122
30 216
4 6
88 161
17 77
30 50
26 99
18 206
93 234
62 203
26 59
3 69
96 133
50 78
118 214
21 34
22 112
178 190
46 176
70 137
2 64
111 148
15 45
193 207
21 116
156 197
28 145
108 157
116 196
113 190
202 223
46 208
39 128
61 101
11 188
197 231
37 41
71 84
94 239
5 158
37 120
37 171
34 86
79 164
109 124
21 59
54 102
84 151
21 194
109 127
23 218
172 209
84 219
48 75
37 65
43 63
70 165
65 82
197 237
115 166
114 172
73 96
37 143
10 18
117 200
33 176
47 142
168 201
119 132
225 239
26 140
47 122
164 235
2 129
47 120
130 146
117 145
165 176
13 118
74 155
144 169
52 174
3 181
64 145
52 58
190 199
120 171
33 54
36 87
84 165
27 233
167 209
41 180
29 140
181 220
211 237
62 157
4 15
92 179
44 219
212 226
30 235
7 151
20 90
34 67
94 205
16 95
66 219
201 217
7 130
18 43
98 197
174 216
144 195
0 89
35 128
183 237
42 66
65 109
86 182
31 142
1 6
8 21
105 135
96 154
139 164
130 162
192 204
30 78
158 227
23 178
91 126
102 108
10 214
31 36
135 144
7 149
97 169
116 227
141 203
16 25
114 120
102 126
133 195
4 24
8 62
18 63
6 167
110 155
102 131
52 67
55 165
59 92
122 172
7 101
48 147
18 109
81 146
128 193
63 124
21 166
46 217
21 91
21 54
59 196
132 162
21 92
78 146
80 173
110 199
68 212
146 210
60 215
138 216
58 100
24 93
75 171
105 134
132 181
2 122
67 105
8 196
13 143
8 162
7 40
21 157
7 33
170 216
56 65
188 225
219 235
53 154
33 218
156 232
49 130
4 82
12 194
1 128
53 149
58 239
208 239
166 192
64 137
73 232
87 193
11 149
72 111
22 239
9 33
61 228
97 110
87 114
9 207
10 101
105 173
159 229
141 157
36 147
125 168
47 206
6 96
101 150
155 223
16 29
49 166
81 158
165 214
142 214
157 194
89 174
108 130
50 190
150 224
86 150
13 27
93 137
206 218
77 185
53 147
159 228
17 27
31 175
60 116
9 18
19 43
9 59
165 236
123 239
38 93
148 197
50 90
231 238
17 178
115 136
159 230
65 163
137 158
5 69
32 69
170 194
194 200
178 207
137 231
59 133
0 108
175 235
130 172
215 234
115 174
48 138
84 105
21 231
89 200
33 52
59 63
72 209
62 73
56 215
27 218
41 160
14 27
121 231
87 230
96 200
42 238
91 165
131 236
33 211
95 159
13 48
59 234
84 212
27 49
15 155
135 216
131 234
4 141
24 116
113 224
50 233
9 213
77 174
112 122
75 162
83 141
71 86
13 144
12 28
50 170
144 185
31 211
25 67
8 22
162 164
18 51
61 172
2 156
106 163
110 220
96 228
14 119
98 160
41 141
0 183
39 73
99 217
13 178
5 177
46 199
94 225
46 166
30 229
4 128
107 208
203 212
3 85
30 156
72 207
86 110
64 99
24 154
217 230
12 116
16 232
75 142
185 223
20 225
131 193
1 69
75 108
126 240
85 91
54 213
9 138
15 179
206 233
154 205
82 112
47 239
190 240
13 96
82 236
22 63
112 129
34 69
140 185
24 225
15 214
50 201
34 221
35 157
145 194
20 103
8 34
146 164
11 73
65 212
60 162
33 219
0 86
12 48
146 170
114 187
19 114
85 99
66 158
91 139
122 231
210 213
58 97
6 197
161 227
67 183
157 199
142 167
92 212
150 168
115 213
73 116
94 147
64 94
208 220
30 96
56 108
23 41
119 239
51 75
19 39
142 158
24 47
90 146
191 232
97 215
17 182
14 116
97 118
70 184
165 177
51 196
177 238
56 106
55 62
51 200
20 231
47 134
166 226
161 225
42 161
97 173
160 212
43 59
78 133
116 204
100 203
18 176
126 191
141 185
24 96
79 176
49 88
34 136
7 171
220 230
154 197
206 213
25 174
134 190
174 212
46 131
87 159
8 204
16 140
80 178
92 220
27 64
189 228
34 92
78 150
96 161
136 221
35 42
72 152
36 177
59 115
193 203
83 214
49 56
43 45
133 219
96 182
157 168
65 123
96 143
140 182
143 195
116 205
32 175
10 178
162 237
1 181
131 142
67 191
99 148
29 195
48 93
22 45
54 159
186 190
150 164
50 144
114 240
158 217
12 19
48 129
91 182
161 195
114 157
26 111
165 211
230 237
118 176
187 188
12 84
167 232
84 99
11 162
173 201
54 232
23 74
178 185
75 149
64 234
80 179
138 212
109 117
44 230
38 215
68 193
138 200
86 93
63 210
59 73
25 232
5 40
135 169
153 175
32 94
138 177
109 201
55 85
33 171
49 190
161 197
48 180
50 140
187 196
157 181
106 208
48 172
37 173
34 208
60 153
142 220
1 39
24 56
126 224
21 129
32 227
16 53
103 150
8 64
40 190
185 233
181 217
44 159
108 138
14 144
140 172
83 101
70 187
193 227
67 98
77 237
36 171
153 164
21 161
54 150
22 121
10 138
80 135
105 116
82 118
126 236
46 218
75 95
66 138
3 105
138 179
48 176
130 132
26 96
101 108
137 142
87 188
140 150
32 149
50 101
56 136
13 230
155 180
112 174
37 154
49 131
186 237
53 153
32 144
71 198
91 97
111 201
162 240
30 49
13 102
83 156
128 235
173 185
24 150
103 207
78 212
33 198
72 165
6 10
30 166
62 86
22 155
20 121
69 193
53 126
83 138
108 132
36 227
170 178
108 205
55 199
93 123
7 193
208 217
59 140
46 121
33 58
54 151
48 91
43 66
50 160
144 170
64 133
112 135
57 179
54 190
122 188
18 62
63 107
59 155
11 94
101 109
13 201
85 154
25 124
35 132
87 113
36 37
55 206
0 107
110 221
138 146
80 223
44 224
202 220
34 63
110 121
72 239
0 41
50 189
55 134
32 240
74 115
54 69
127 181
184 240
22 230
12 85
33 114
143 232
26 44
1 86
45 161
144 176
65 225
26 78
137 187
96 152
28 82
23 192
196 199
63 160
99 144
97 99
109 238
115 164
14 236
122 223
17 98
13 45
13 72
59 106
12 20
24 149
92 100
178 184
25 93
65 85
81 85
122 162
10 116
22 58
59 123
23 30
32 122
55 144
177 211
26 48
39 155
83 227
53 82
33 134
84 181
81 170
35 110
36 233
201 233
4 78
194 217
111 174
129 142
41 169
2 240
108 227
67 141
17 58
13 132
140 166
131 217
20 195
198 214
42 159
29 74
174 235
15 111
75 217
54 133
37 221
7 170
176 233
92 234
48 171
180 193
114 193
46 115
150 151
62 98
84 112
92 190
148 227
20 197
34 193
78 169
38 112
112 238
11 207
115 131
116 151
11 120
187 238
23 93
5 79
114 194
88 151
140 153
25 228
24 191
179 184
186 240
71 151
42 133
74 145
82 209
183 217
65 113
201 225
138 167
110 230
70 196
71 178
47 79
190 233
64 144
170 237
68 188
149 210
13 152
132 199
196 197
167 207
127 144
49 180
126 155
28 71
13 99
5 49
0 201
146 197
38 65
167 182
32 219
45 91
55 71
160 186
69 103
16 78
153 180
40 168
78 226
130 182
146 191
12 37
33 213
62 238
180 213
39 206
73 235
21 29
74 132
89 199
76 167
62 143
149 225
115 221
14 91
59 150
4 10
222 224
17 64
210 233
58 208
65 148
16 69
185 238
17 94
192 238
10 66
21 193
31 65
124 190
15 221
7 113
123 162
13 51
142 165
14 106
155 227
19 132
92 152
12 66
41 205
24 136
124 192
127 240
72 197
5 220
47 95
126 152
13 85
16 66
5 197
85 95
123 153
153 169
179 192
99 109
39 93
67 119
43 228
35 90
53 206
118 156
157 184
101 134
192 217
82 136
37 146
168 196
108 207
70 156
75 166
195 215
71 218
67 209
66 148
97 112
77 179
42 111
27 152
184 206
186 206
126 157
33 79
41 83
109 157
7 80
13 165
99 101
22 129
50 229
212 228
9 191
30 108
110 136
126 131
169 199
47 118
47 92
95 140
19 156
82 94
25 35
58 115
135 219
223 233
120 205
143 234
235 238
15 54
16 167
138 203
33 145
22 133
76 98
109 165
102 122
112 148
163 211
109 214
64 89
118 123
12 151
75 224
96 208
49 64
113 163
36 133
49 154
103 199
93 205
56 161
56 171
101 196
106 152
7 115
51 69
58 144
70 207
85 153
90 161
110 133
32 113
15 235
185 205
169 198
77 84
22 65
118 160
152 170
57 119
31 93
81 206
65 154
22 126
92 98
126 182
22 197
142 163
187 239
42 210
113 138
34 78
135 217
34 231
59 235
147 149
160 204
25 86
99 166
22 205
9 77
133 239
95 129
70 80
21 178
88 166
20 116
25 104
102 106
0 104
19 160
74 202
45 70
138 153
82 130
82 240
5 103
100 188
20 91
109 141
18 58
39 121
48 51
139 180
81 103
132 176
153 222
39 98
103 145
54 183
73 155
108 240
175 229
12 187
3 197
159 186
6 41
136 179
17 229
233 239
135 168
148 163
0 160
8 17
204 218
119 230
185 229
16 37
38 54
73 220
24 204
67 81
51 230
147 198
128 181
16 132
74 148
30 139
36 125
85 209
25 28
48 145
42 223
22 32
93 182
3 165
195 220
211 229
15 28
114 156
87 134
93 114
11 107
158 211
2 70
18 232
72 235
173 222
85 116
94 210
131 171
98 205
122 229
22 180
25 233
60 119
110 127
188 209
136 238
25 30
73 115
8 52
173 212
11 182
100 153
67 176
45 205
69 229
41 182
40 127
86 173
99 228
84 183
31 158
44 98
178 182
37 122
25 223
7 144
118 140
174 196
57 131
32 102
133 145
58 184
48 225
9 145
171 193
97 196
23 126
18 209
18 226
126 206
33 113
60 70
120 160
70 185
60 121
19 85
151 216
47 81
106 118
78 225
53 66
202 221
155 169
173 204
122 214
5 99
23 159
64 68
37 182
17 152
93 103
8 114
59 174
116 225
21 32
19 107
134 163
102 176
62 213
197 228
115 161
25 209
18 101
148 235
35 58
45 148
172 181
107 130
76 162
10 105
79 211
142 219
228 229
10 90
7 61
123 147
115 122
76 219
127 216
90 233
43 194
29 218
127 160
133 238
110 178
36 195
15 31
11 160
104 218
80 145
127 207
190 198
16 188
2 199
122 219
217 220
22 77
78 120
46 180
102 156
139 150
148 233
34 189
124 173
27 140
28 75
77 137
66 239
121 199
16 158
33 195
59 221
113 144
63 134
96 108
159 237
129 167
152 201
56 196
148 220
5 214
46 223
147 180
168 236
75 98
108 179
72 98
44 114
134 174
9 172
144 147
77 219
36 140
3 95
17 160
21 219
7 166
89 104
61 162
11 44
190 223
142 222
98 193
57 111
83 163
221 234
39 53
97 174
174 220
27 137
32 207
71 117
28 151
8 81
207 224
13 177
87 155
18 140
1 42
62 229
74 234
95 125
19 53
58 198
37 127
74 154
61 73
50 204
45 54
13 223
111 189
150 171
28 235
227 234
118 230
88 182
163 169
57 227
43 203
141 217
193 204
17 175
59 117
46 183
119 234
21 83
37 64
119 134
57 88
230 235
58 174
201 210
0 134
182 238
105 161
132 163
90 228
13 121
81 152
46 69
88 194
85 145
19 126
35 226
122 150
90 97
142 174
107 127
148 228
5 88
96 193
108 226
34 94
67 76
109 194
161 208
146 205
18 79
159 233
60 126
177 231
80 180
86 103
94 226
181 228
45 109
118 157
49 218
61 98
34 59
140 160
75 205
72 182
19 219
215 239
151 154
96 220
17 221
4 162
43 112
144 157
132 206
98 231
49 164
31 189
35 223
33 214
223 226
58 76
86 105
122 212
177 224
10 157
9 12
72 174
48 153
147 157
188 204
164 181
141 149
135 218
63 209
116 123
41 103
54 184
32 187
98 175
35 94
153 221
75 175
29 31
4 238
135 139
43 135
15 96
199 212
94 171
100 165
59 212
48 59
117 144
57 77
48 156
73 133
74 160
216 232
86 235
99 146
45 61
60 170
95 106
14 73
8 110
69 162
48 104
33 50
69 120
228 232
58 104
55 76
12 195
37 138
32 192
182 232
164 165
0 33
30 217
31 39
12 89
75 119
11 229
59 94
198 234
162 168
166 191
14 204
22 82
151 159
53 202
229 234
76 114
40 140
18 47
44 213
231 235
32 206
108 143
211 236
191 195
32 50
25 131
20 144
201 240
72 161
154 212
5 208
183 213
49 173
63 236
10 45
42 219
125 161
47 83
59 61
53 168
87 117
90 169
88 227
184 224
24 68
171 197
176 240
51 71
192 210
105 174
120 180
172 177
96 123
150 195
76 134
57 183
137 205
16 223
50 111
80 134
55 116
107 152
70 228
180 194
46 54
72 80
129 191
148 190
32 142
70 93
13 116
16 50
169 200
73 134
116 160
17 89
157 160
8 201
10 197
53 84
6 127
122 180
102 120
21 72
3 163
98 139
109 187
120 191
20 202
17 237
173 229
4 156
76 193
5 78
25 222
94 222
123 140
74 135
57 82
67 116
112 173
61 240
16 32
111 115
143 220
1 190
116 119
140 141
74 163
93 162
78 163
132 228
168 170
190 217
32 71
37 201
29 64
70 198
153 229
61 231
125 179
31 154
133 204
21 237
77 164
169 207
34 50
146 229
59 75
14 22
62 70
9 93
99 189
69 153
9 74
14 17
3 236
55 79
176 221
77 134
66 77
52 89
124 194
13 112
97 140
36 45
69 111
7 183
89 119
28 72
0 168
46 191
105 151
23 127
115 153
72 145
81 84
33 178
14 69
131 149
173 235
54 144
82 99
60 125
109 204
14 98
37 185
124 182
50 116
132 207
126 198
50 158
78 181
40 74
69 73
80 212
131 214
36 59
127 196
58 197
99 158
2 55
31 87
121 173
114 223
15 126
53 95
52 124
39 166
69 199
82 194
26 185
12 218
43 111
51 186
82 113
14 180
53 62
53 99
136 189
127 239
15 112
82 110
99 232
35 137
89 107
133 138
137 184
49 206
34 73
19 68
2 152
89 118
29 86
158 184
76 118
48 106
157 202
80 106
88 150
42 236
114 166
43 49
88 106
63 187
59 175
27 126
57 237
132 140
23 63
76 115
203 210
17 156
9 200
212 216
71 107
12 31
123 141
193 230
0 141
59 232
87 183
100 138
113 218
14 177
137 202
5 61
70 79
154 229
151 204
5 93
152 229
35 179
39 149
121 182
69 121
65 215
76 82
95 226
37 85
141 155
75 234
166 190
151 179
36 150
102 116
56 156
154 159
16 65
29 93
46 157
17 106
81 127
33 158
109 199
203 221
168 211
16 108
35 116
31 34
46 86
30 169
39 156
7 181
35 188
192 223
45 172
104 216
16 197
15 127
61 81
97 133
38 117
6 114
172 212
56 154
104 181
198 200
83 122
4 149
66 134
42 146
9 113
78 148
74 220
47 155
112 232
180 240
86 192
27 56
54 169
49 134
24 86
69 227
58 199
207 218
3 167
104 224
128 158
60 240
21 147
136 165
6 213
64 136
34 197
86 152
74 110
153 174
35 100
83 107
45 98
45 218
20 94
56 169
110 188
141 181
176 197
13 186
61 68
13 65
34 44
41 196
57 134
38 155
61 110
84 156
114 135
10 182
55 65
99 125
128 201
94 161
40 183
148 224
126 173
5 8
113 193
44 62
123 204
34 209
47 204
141 162
118 219
28 152
66 99
26 193
110 190
5 90
9 53
146 178
76 199
79 155
176 222
94 117
56 97
47 65
63 81
90 105
20 229
95 131
114 207
52 54
85 214
119 240
165 198
71 175
156 240
57 162
114 184
7 131
138 161
202 213
123 156
62 217
156 216
6 51
12 226
118 185
33 234
98 142
1 145
63 66
104 107
150 200
100 180
121 177
56 105
13 219
36 136
40 50
97 221
198 226
74 93
10 186
137 168
90 150
71 212
228 239
62 182
109 112
59 222
32 162
147 232
62 215
26 154
103 107
66 121
209 229
88 121
149 161
56 92
90 196
127 200
27 176
10 36
81 145
96 139
3 158
23 225
203 211
34 178
66 132
9 156
8 96
115 116
17 230
60 217
48 54
122 186
2 29
30 57
76 101
61 99
49 170
0 114
5 15
103 206
87 218
145 146
33 235
91 228
16 224
52 135
15 63
55 162
89 103
77 116
45 220
110 173
173 238
4 130
4 123
5 191
196 213
0 140
68 224
9 117
161 236
15 30
162 212
180 187
15 101
31 205
25 227
4 203
173 232
101 114
6 146
7 81
96 196
51 88
15 167
79 138
180 205
159 235
104 176
167 198
2 125
143 144
199 234
79 142
30 176
32 105
17 147
10 236
156 190
29 235
204 240
33 209
41 189
159 236
120 184
21 60
22 153
191 205
24 197
126 151
203 232
167 212
16 220
68 156
17 197
148 232
112 118
4 122
65 185
203 205
136 193
150 237
27 208
15 78
71 91
51 108
12 140
76 111
13 215
114 143
17 102
199 230
26 207
51 168
125 222
169 234
144 183
73 103
70 78
41 153
159 185
2 188
105 184
83 95
120 149
26 150
223 232
81 178
30 56
43 204
2 155
100 168
5 190
12 232
97 229
189 230
139 235
43 231
11 70
45 65
10 165
119 208
56 66
6 118
76 133
10 159
136 192
42 143
84 185
90 167
59 200
61 217
70 151
112 155
44 148
50 203
31 68
82 133
86 217
13 83
42 237
66 67
26 236
43 229
55 113
42 122
6 182
181 202
180 218
47 119
11 239
143 181
76 198
197 238
79 102
32 183
45 127
72 217
30 94
23 53
17 158
23 222
200 206
205 206
39 216
64 76
156 221
77 205
29 41
147 234
40 198
24 172
75 103
35 81
164 216
86 89
29 134
86 162
44 172
23 170
152 183
75 100
80 142
211 222
105 227
154 227
41 81
78 186
81 96
8 63
8 29
29 35
27 116
127 238
37 44
6 200
90 177
1 151
74 158
74 227
134 137
150 213
55 228
44 142
1 174
74 97
200 209
35 62
146 240
185 224
198 201
142 184
4 191
11 198
85 149
43 189
147 183
64 96
91 222
100 194
113 157
38 187
128 146
140 207
42 167
163 178
18 20
18 49
7 48
156 189
150 192
66 91
20 210
148 209
34 70
37 195
88 197
18 118
4 90
98 198
68 169
149 181
9 152
63 228
66 190
153 182
95 117
61 221
69 145
113 215
5 101
46 234
47 166
110 222
230 240
3 155
98 218
63 172
124 224
7 237
4 23
217 231
81 154
97 233
107 195
30 193
128 159
29 128
80 216
108 120
11 123
176 207
147 230
73 76
88 133
177 221
8 156
18 71
17 199
139 238
45 49
130 216
8 94
161 187
194 227
29 187
109 181
13 93
80 205
143 210
57 102
131 178
150 174
102 184
90 121
189 212
108 232
47 112
56 69
47 180
119 223
1 47
3 100
106 185
181 224
104 150
37 59
10 49
22 88
96 206
22 80
84 94
139 227
108 142
172 233
42 64
150 173
0 99
24 74
55 99
79 179
83 166
92 159
8 185
129 238
104 105
62 232
6 158
111 227
59 78
146 239
186 225
3 166
146 175
84 166
43 200
16 22
25 231
27 44
98 213
5 119
28 227
8 56
36 188
26 177
81 235
103 140
172 191
159 226
77 90
14 110
15 139
115 141
8 143
24 45
64 236
20 23
145 196
29 142
103 130
71 132
156 217
117 179
164 217
22 68
38 45
134 151
99 220
166 228
123 194
9 21
135 212
93 119
27 179
48 97
23 102
3 24
197 215
121 209
27 101
14 65
159 180
95 123
10 34
136 175
104 236
29 172
3 222
13 46
172 231
85 192
204 228
46 142
44 61
77 236
85 222
152 187
17 113
204 234
134 136
2 187
209 240
46 102
161 196
145 165
142 198
26 89
38 100
66 115
60 200
121 170
81 143
80 137
41 232
92 168
23 146
30 140
106 127
19 83
33 186
5 118
52 238
71 219
89 166
54 185
144 217
46 141
169 171
70 174
34 162
23 160
28 237
111 230
203 217
7 168
112 212
132 159
167 186
3 65
17 192
63 205
81 172
152 225
65 173
96 130
102 118
67 142
127 202
68 175
30 133
106 136
104 206
143 187
4 210
111 112
101 219
12 204
97 152
53 143
104 146
115 139
1 37
105 122
113 121
51 190
30 191
17 43
0 145
92 163
46 73
89 222
49 113
62 231
61 94
4 92
112 161
75 138
16 61
178 216
40 141
25 72
37 121
1 195
152 205
99 200
174 230
129 148
37 160
31 163
60 91
50 94
50 55
67 171
121 163
10 238
207 233
126 210
13 80
63 234
59 111
155 238
113 166
132 180
105 139
10 130
34 171
53 116
163 201
71 72
97 138
24 32
49 216
82 147
21 189
139 220
151 169
73 203
117 187
150 156
13 14
42 166
40 184
1 54
189 207
66 236
81 153
156 195
93 120
34 98
0 190
101 146
26 218
47 226
39 99
45 222
51 204
150 217
24 157
62 117
94 142
37 86
33 80
42 165
83 190
50 209
16 36
7 108
177 191
69 202
2 217
154 179
34 48
210 235
116 152
64 189
139 146
98 119
64 194
13 156
36 75
140 236
91 153
61 173
99 221
105 185
99 139
7 235
190 215
113 182
48 155
127 140
132 215
51 89
18 107
46 162
50 91
7 120
98 208
2 197
2 138
63 86
25 152
37 105
67 208
47 228
147 171
201 234
52 127
106 180
57 90
155 194
69 184
67 96
38 124
135 181
52 225
28 79
149 213
104 179
139 210
69 110
64 222
24 232
93 109
73 238
115 154
92 151
39 127
45 176
71 131
104 112
16 89
19 28
196 228
26 94
36 218
73 165
23 125
38 47
22 212
161 217
67 125
9 187
4 89
201 220
213 218
33 130
121 207
12 124
31 130
61 212
95 236
118 131
33 40
107 113
18 116
146 151
196 238
23 179
115 236
5 13
65 158
104 123
32 186
129 227
161 215
39 59
6 23
149 221
185 222
30 162
144 219
120 240
100 215
83 195
66 107
14 232
194 196
10 94
82 143
123 164
18 99
122 164
203 223
227 238
140 199
16 218
8 221
71 100
12 192
97 158
184 187
6 88
105 146
166 170
67 207
79 181
182 220
69 136
9 137
33 118
121 228
78 237
81 139
108 217
3 97
36 167
158 178
12 81
45 195
52 119
12 178
57 208
219 228
47 52
137 207
60 214
168 191
69 178
41 134
137 188
95 116
193 211
5 50
11 33
88 153
147 192
9 163
205 222
121 208
93 201
171 183
146 214
76 155
73 167
165 206
78 224
102 220
66 78
17 200
59 107
106 133
79 182
91 116
123 163
23 129
47 70
155 164
10 79
52 112
118 124
30 194
191 206
59 113
90 112
124 126
1 148
151 198
21 78
46 91
64 130
68 152
20 152
41 193
40 137
50 152
2 144
137 176
41 124
209 221
194 222
139 175
55 150
169 219
10 233
166 197
42 116
49 127
38 147
9 165
124 234
2 171
25 155
97 175
4 34
118 144
9 182
33 83
59 164
30 183
27 232
198 228
57 99
4 104
145 203
209 214
167 222
65 239
50 104
73 161
188 196
74 92
71 168
124 176
69 133
61 167
16 151
76 227
23 42
85 240
63 98
20 181
71 183
92 202
83 186
22 118
148 184
75 122
119 216
47 233
6 20
202 203
97 190
162 192
86 214
179 222
84 174
167 179
41 199
12 87
60 65
44 110
63 194
80 176
20 166
22 221
24 167
24 57
187 204
172 183
96 170
170 235
102 162
7 118
63 196
133 207
160 218
82 89
8 109
88 152
9 183
27 40
40 212
86 117
127 179
85 118
36 102
39 177
48 108
127 187
27 59
180 221
19 223
73 146
32 154
85 176
53 219
67 170
124 164
14 61
142 192
185 193
93 197
60 212
172 186
68 214
45 135
119 169
2 126
8 140
91 240
135 230
101 224
166 203
59 153
46 98
204 227
184 236
72 153
51 109
53 165
19 73
82 164
18 154
50 56
90 202
101 171
13 231
99 239
14 115
62 126
89 95
12 225
29 32
53 194
57 146
78 195
116 220
29 181
13 90
188 239
111 117
123 142
29 39
41 46
203 209
11 110
212 234
108 218
15 193
20 217
7 31
6 17
10 217
98 138
35 191
65 126
62 168
191 211
67 133
113 185
43 96
49 58
6 176
114 145
28 39
179 202
193 216
17 34
29 119
38 238
68 148
61 209
148 231
62 75
65 162
144 197
34 172
189 232
42 232
171 172
24 99
118 201
104 234
102 197
31 118
200 239
117 239
118 197
101 215
42 102
61 156
80 213
122 204
173 198
99 240
34 138
24 188
135 226
131 205
55 213
92 104
65 88
158 188
62 67
115 231
4 192
168 212
108 183
31 214
119 193
105 109
106 145
145 153
89 167
11 211
29 213
100 134
18 181
181 218
33 95
147 184
8 97
164 167
56 202
162 207
158 179
4 79
13 158
48 236
223 227
144 199
114 131
69 100
141 231
190 236
134 198
46 215
37 48
69 197
22 137
26 196
7 154
111 198
101 130
14 188
17 220
69 124
77 144
93 177
82 108
130 192
168 208
151 164
9 162
103 124
64 103
85 128
118 227
62 227
112 163
32 170
28 199
49 181
24 53
3 154
10 194
131 226
21 179
25 189
145 158
132 217
3 4
146 184
108 148
25 181
197 216
93 227
55 170
17 75
101 198
44 81
46 152
54 105
11 113
22 24
190 206
29 211
113 162
65 170
219 229
25 175
8 51
32 108
116 168
75 136
165 208
61 117
85 104
5 198
33 132
92 102
17 184
186 198
40 181
11 217
177 202
107 207
9 69
20 146
89 207
68 114
13 71
40 99
51 113
124 157
0 83
35 201
79 151
42 105
121 197
52 159
97 147
57 106
86 229
13 111
75 163
14 167
2 196
78 219
81 185
214 228
42 56
50 87
26 123
11 97
65 66
98 201
124 154
178 227
22 149
44 45
24 141
136 232
14 52
73 202
76 110
0 63
124 226
11 194
33 207
83 213
82 223
49 240
26 231
57 188
48 77
73 182
30 233
30 173
120 214
133 146
48 223
13 145
11 109
42 83
72 108
132 173
48 49
5 195
34 194
43 119
68 159
81 128
108 141
11 92
170 192
76 222
31 173
139 181
61 118
136 158
79 103
182 216
140 237
0 97
164 239
23 205
199 207
73 132
9 141
14 32
44 176
134 220
4 93
101 213
0 92
84 122
34 205
27 94
17 166
1 124
41 92
135 145
58 229
168 223
42 89
14 230
181 193
100 222
80 115
128 165
129 157
30 48
116 229
32 47
71 93
17 78
108 175
94 139
62 191
26 224
31 213
166 174
54 134
56 133
116 184
156 211
129 203
27 226
12 77
31 77
10 110
84 127
92 193
154 198
41 191
79 141
151 178
98 150
168 200
128 153
38 229
32 173
88 118
4 53
106 172
205 207
80 215
229 239
9 149
169 183
12 75
48 88
23 68
76 93
196 226
34 202
64 83
14 184
218 228
7 232
218 231
178 229
37 204
80 94
211 228
138 165
181 191
45 47
87 100
138 186
37 166
39 135
28 118
146 161
65 139
27 132
219 223
28 85
78 95
78 118
37 174
27 223
55 201
52 237
70 113
68 102
122 156
96 171
126 138
135 191
13 155
155 213
149 212
66 133
1 12
31 51
14 198
123 205
211 223
61 163
117 185
70 77
51 160
45 89
104 189
108 222
53 204
140 212
32 46
111 126
5 92
74 121
185 231
30 61
160 209
56 109
84 117
21 63
69 78
198 210
4 44
28 63
39 47
38 74
53 134
150 208
139 214
146 158
25 216
20 84
9 225
50 146
206 217
37 102
1 207
60 213
74 162
70 148
201 222
131 233
153 228
121 224
160 214
188 191
27 171
127 148
113 206
18 231
107 221
67 74
109 183
15 119
45 210
50 154
83 88
170 187
56 86
151 218
58 89
52 222
85 238
61 193
177 230
44 127
153 214
40 194
73 169
90 158
77 93
3 135
112 119
45 58
176 203
18 179
124 205
127 146
86 201
131 152
207 226
180 238
168 188
145 217
49 142
10 127
159 210
39 188
17 183
16 212
192 235
5 126
40 139
57 218
72 107
114 173
181 190
9 193
170 211
100 231
112 204
12 227
107 151
5 182
187 189
62 169
8 127
16 215
62 186
112 126
45 46
33 72
101 106
134 215
66 182
49 118
72 95
52 114
115 160
53 198
117 151
138 164
179 196
93 105
129 187
40 62
74 221
51 212
73 227
18 234
18 187
7 212
74 127
23 87
25 49
36 108
139 143
4 21
55 123
91 133
134 232
43 92
123 203
87 151
71 235
45 191
42 202
161 163
155 192
118 125
46 226
108 170
156 228
21 210
15 159
83 132
26 147
24 135
60 199
212 221
42 125
48 178
138 210
68 160
32 181
17 150
52 168
106 148
219 230
3 200
42 50
46 133
163 229
22 131
60 165
16 120
136 164
22 55
112 160
117 118
87 104
100 239
180 195
56 228
114 149
24 55
8 168
87 227
103 215
1 49
19 170
75 77
38 184
45 178
72 131
126 217
111 155
91 197
54 100
115 195
9 71
21 27
83 119
74 81
24 200
56 210
93 240
6 31
36 61
54 125
179 204
28 234
25 26
65 177
65 99
2 5
152 221
33 35
58 142
164 192
21 77
32 165
12 21
14 76
72 205
75 223
2 41
74 133
0 165
113 197
16 79
76 166
54 88
65 200
83 93
152 235
94 177
50 141
11 175
168 224
100 212
65 229
78 87
66 94
60 117
55 177
232 240
64 235
143 171
53 173
107 175
92 166
202 204
118 220
64 74
6 207
185 216
69 86
124 150
119 145
8 19
41 114
81 230
28 116
153 185
73 157
46 124
77 123
164 228
69 126
116 135
137 178
48 128
44 201
119 172
89 90
76 135
23 155
130 212
90 190
108 236
4 107
178 200
18 173
96 150
45 56
114 239
100 186
71 179
7 169
50 156
0 48
2 228
126 228
213 238
113 142
16 175
70 124
4 206
137 171
51 182
14 137
25 27
159 232
114 189
93 99
131 132
24 237
75 184
59 60
36 144
103 125
180 231
160 179
117 238
60 168
144 201
67 72
35 160
5 204
90 184
126 147
31 116
66 233
26 103
178 210
83 202
6 133
111 133
21 41
64 139
13 163
19 34
62 220
3 205
102 137
55 185
17 135
15 98
152 232
57 202
132 227
85 234
129 196
172 240
87 152
137 239
59 216
220 224
24 59
171 174
176 188
72 189
103 231
6 49
78 228
192 200
87 112
11 89
143 193
42 62
17 67
111 222
80 191
32 81
39 203
175 199
160 240
167 210
89 102
70 222
205 218
87 95
165 182
52 197
2 114
80 187
15 99
32 184
148 215
102 232
9 124
50 98
64 108
169 182
188 231
24 184
33 239
34 35
40 105
56 58
174 199
43 142
193 224
225 233
14 194
76 234
70 86
67 94
202 226
3 11
178 225
11 46
64 151
102 152
35 185
148 186
18 190
34 100
39 56
88 233
158 160
21 24
33 60
69 172
94 220
49 227
164 188
63 130
78 96
41 220
217 239
159 195
4 30
130 190
0 158
19 44
131 159
53 63
109 161
172 174
167 206
123 152
106 206
55 208
116 186
47 131
60 90
151 233
1 200
211 221
19 195
116 122
127 161
164 212
5 39
202 235
10 151
78 97
39 152
36 236
167 168
184 205
103 136
29 104
4 167
118 213
137 193
14 152
89 113
41 178
46 212
127 143
123 237
133 187
16 170
138 192
50 138
0 12
161 186
34 97
2 24
105 128
56 94
36 66
142 197
160 165
22 220
25 162
209 218
180 219
112 211
130 225
92 108
168 216
6 138
9 142
173 209
148 225
201 236
19 137
56 208
125 157
52 201
82 218
12 184
31 96
48 228
89 151
39 199
43 53
93 111
109 233
68 139
208 237
4 199
65 172
87 125
13 24
200 240
65 105
114 130
119 129
167 221
128 206
136 176
68 173
6 107
111 218
159 206
116 127
34 84
85 98
95 145
21 208
165 217
70 100
19 138
181 204
121 223
166 235
11 72
116 217
30 63
11 185
128 199
133 193
60 230
50 84
109 149
129 168
140 145
77 216
56 191
31 187
67 135
20 111
82 93
40 104
80 156
2 201
63 137
54 178
8 123
25 37
53 113
110 213
61 208
38 220
160 184
89 126
27 102
46 233
61 80
112 146
158 237
17 125
17 95
125 207
11 154
1 116
33 164
25 53
113 131
127 164
117 202
17 219
80 139
23 194
42 193
169 174
52 180
21 153
86 188
42 147
34 220
36 106
5 116
44 173
17 117
37 125
93 118
125 228
65 232
118 182
1 130
9 85
87 144
37 230
57 193
162 179
201 238
74 226
145 226
41 116
185 226
90 163
161 239
64 126
110 166
120 131
102 142
127 234
32 172
90 222
62 152
211 212
131 213
96 235
209 220
87 89
11 129
50 148
68 85
139 192
189 194
103 190
227 233
139 218
93 100
79 161
76 77
133 226
49 81
65 71
94 133
42 58
98 214
2 56
221 225
21 122
110 116
40 72
14 96
42 135
159 194
58 196
90 237
108 230
46 75
132 149
125 166
20 165
152 168
105 162
190 194
163 180
198 240
99 213
110 131
79 229
38 150
61 125
122 178
185 192
32 235
33 236
113 123
216 229
95 156
51 179
105 208
39 200
126 134
45 145
141 209
10 192
65 208
127 178
138 193
59 180
0 2
13 227
32 55
80 163
79 160
202 231
93 164
167 175
0 209
190 197
1 107
76 109
2 168
12 82
125 170
76 130
84 101
196 203
41 90
34 210
137 183
144 175
90 193
34 128
6 240
29 54
125 191
132 189
109 142
6 24
21 40
4 146
162 172
29 115
27 166
58 78
101 170
229 233
6 66
82 156
146 199
137 185
204 238
31 67
38 157
117 142
14 105
157 159
62 239
93 110
13 67
183 218
135 224
62 234
25 114
122 131
28 113
75 183
119 184
117 177
86 215
152 163
147 150
60 85
26 175
151 162
183 192
102 171
31 185
92 165
96 147
95 230
132 185
102 181
88 130
124 130
164 222
88 189
40 142
165 231
46 201
47 96
54 180
115 215
1 16
46 55
61 104
137 143
95 202
224 225
89 159
116 232
82 155
132 194
148 151
156 164
61 232
68 201
72 149
119 143
82 226
12 205
101 185
208 234
110 117
108 119
108 212
221 224
50 200
24 158
21 90
78 191
174 180
169 224
126 193
40 70
48 197
143 165
55 82
5 203
11 240
30 154
112 152
31 86
23 202
8 112
53 178
0 94
138 158
32 139
174 182
103 176
30 116
100 176
168 183
29 225
94 216
131 215
124 142
78 128
47 132
8 157
122 128
93 98
40 103
199 204
149 220
57 95
20 203
95 220
46 126
46 103
23 189
2 44
180 222
31 92
69 76
46 189
68 184
73 166
104 169
18 233
20 64
124 136
15 226
140 233
89 165
16 187
20 122
6 33
116 219
107 136
60 223
10 201
105 194
88 229
66 155
214 217
100 201
76 206
147 211
120 144
47 238
59 76
15 229
8 160
45 94
51 100
23 131
36 196
33 139
10 81
62 89
40 148
15 49
107 222
85 182
8 47
8 234
167 217
134 141
96 110
26 130
8 165
77 88
56 222
45 77
46 47
61 119
99 206
134 171
13 44
13 232
78 174
126 196
16 141
29 189
159 240
208 214
57 233
3 146
113 213
72 129
108 117
98 166
39 237
140 221
118 231
72 130
35 47
50 128
106 114
94 224
15 240
110 239
39 81
178 188
46 58
126 136
96 122
171 223
15 163
196 222
178 187
41 219
148 205
49 238
227 237
80 87
139 174
201 235
106 119
74 128
165 227
58 155
48 231
42 227
117 139
135 167
44 67
130 234
112 170
114 225
107 148
172 229
42 164
22 210
48 201
90 181
69 161
45 155
161 189
117 219
61 87
118 238
98 101
44 138
24 234
59 165
22 240
214 220
100 238
91 94
53 85
123 230
224 235
70 75
63 149
149 158
38 138
129 236
65 233
43 174
153 167
159 222
107 226
8 85
126 177
27 82
106 151
134 199
75 145
65 101
121 181
19 135
47 156
62 112
52 160
17 139
116 235
3 231
35 44
189 198
10 179
14 118
68 153
20 145
63 152
26 47
111 149
70 141
66 203
20 222
12 185
30 123
23 207
79 149
104 185
90 232
157 232
5 229
11 204
47 69
53 139
176 184
188 233
76 195
155 161
126 149
53 199
176 189
179 188
6 166
128 176
161 220
49 114
99 194
7 187
194 224
31 216
37 38
71 88
136 183
2 231
199 205
149 218
73 143
126 220
168 209
30 213
105 193
92 130
34 186
126 194
18 240
83 145
31 201
37 111
4 168
152 228
133 178
15 27
88 126
148 236
165 191
122 228
46 174
113 227
14 139
0 212
45 201
68 73
101 168
17 212
63 154
22 135
64 186
112 199
15 48
23 132
11 34
79 198
69 89
37 191
97 213
191 217
193 200
17 239
72 177
149 199
7 158
97 150
0 136
151 219
129 144
127 182
27 77
122 184
112 206
72 230
103 160
124 186
90 218
97 120
206 221
193 218
0 88
119 218
118 138
29 226
38 140
70 197
18 223
33 84
89 181
53 107
45 207
96 175
74 194
18 197
2 109
102 192
214 221
136 177
62 223
81 174
141 164
162 184
8 54
22 50
36 135
0 80
55 146
66 113
62 222
34 134
219 220
132 143
49 54
7 224
195 236
67 143
13 41
6 109
35 39
95 157
2 132
27 125
113 136
48 202
87 189
41 209
13 127
47 151
2 100
79 195
37 54
181 235
19 75
1 188
98 108
96 97
47 53
57 155
177 198
25 38
116 221
43 95
154 196
19 51
73 94
2 107
63 190
35 74
41 202
178 201
32 208
80 165
3 106
53 124
19 218
190 230
132 186
29 194
226 229
93 210
91 101
131 154
118 154
9 82
70 236
132 161
68 227
15 118
96 106
18 219
61 122
44 154
67 145
2 170
5 23
47 129
204 224
75 116
62 93
20 200
147 168
145 170
28 135
120 237
43 179
72 104
5 58
85 111
46 220
23 234
205 237
109 211
29 240
7 192
118 237
72 234
3 169
129 222
139 169
2 213
86 175
132 174
43 106
165 184
3 121
65 211
87 110
158 176
148 201
45 197
90 95
107 240
20 192
107 120
47 179
230 232
101 117
43 219
64 192
47 125
1 237
220 238
48 188
114 204
18 182
16 234
109 139
101 160
41 44
175 240
155 158
95 171
25 143
91 211
208 222
4 35
67 124
143 223
203 204
5 160
126 216
26 133
46 148
125 196
201 205
7 49
138 145
108 198
19 99
138 189
44 196
157 177
205 210
20 125
197 233
16 184
180 237
22 164
217 222
92 116
35 187
11 31
120 135
76 140
9 148
147 228
22 174
23 176
78 147
12 64
141 235
78 215
16 227
41 163
141 160
41 115
85 97
40 102
66 69
120 161
149 163
55 89
173 184
84 143
162 202
135 151
11 189
83 237
9 217
172 201
37 194
95 119
73 196
154 168
4 182
94 170
117 153
20 44
13 19
41 157
76 149
125 167
44 225
163 197
100 205
94 149
68 125
41 51
93 233
21 143
57 152
28 126
119 142
183 189
59 130
158 185
14 132
9 63
38 59
7 240
166 193
62 66
12 58
11 168
96 118
107 133
97 224
12 138
63 235
207 212
144 198
15 50
84 221
45 121
49 171
49 153
99 163
142 215
132 201
47 103
166 231
36 200
18 69
76 174
100 179
167 197
108 193
58 200
23 117
151 220
139 232
20 176
93 166
15 224
142 234
163 202
121 122
63 225
212 222
24 26
133 174
85 219
126 172
121 240
155 231
172 196
4 110
93 172
43 141
35 92
87 204
10 62
162 199
77 153
163 220
34 140
26 104
89 114
52 231
19 151
49 87
59 225
79 92
12 14
78 99
133 142
225 230
90 92
23 137
114 174
2 207
125 233
16 216
3 199
22 134
106 111
120 138
11 16
125 152
89 122
58 150
93 127
47 115
24 36
169 236
88 148
81 101
131 218
148 214
4 171
182 186
32 185
88 111
49 136
13 125
127 136
37 84
130 219
71 228
33 61
70 144
39 86
92 171
107 138
23 180
1 166
66 205
107 125
56 100
78 155
87 195
142 159
84 154
31 71
220 235
57 132
38 227
106 240
92 164
117 150
173 194
98 107
113 154
13 79
57 116
78 80
0 200
67 137
58 162
163 183
116 197
161 232
26 28
33 53
141 213
108 224
51 77
175 204
204 231
198 227
115 193
95 176
119 201
39 115
81 114
119 202
36 110
195 204
172 198
122 175
61 74
133 186
45 153
79 89
92 237
82 204
31 82
52 211
17 159
193 205
2 157
18 108
83 99
57 93
86 130
51 99
137 154
149 193
130 237
45 140
92 178
49 231
209 215
2 104
98 137
24 151
127 194
91 157
153 192
5 136
0 17
22 132
30 95
13 206
111 214
7 67
25 156
11 172
176 234
74 191
91 232
13 120
104 214
91 175
7 63
141 165
141 178
61 213
27 69
20 120
51 73
142 189
59 156
39 69
132 233
30 109
66 96
24 139
47 133
51 164
56 159
11 137
100 204
26 37
41 177
140 164
42 228
50 107
200 238
94 128
55 229
76 237
112 183
144 187
10 164
31 102
49 139
59 127
111 165
53 217
99 172
113 151
64 191
75 226
128 140
154 217
170 183
0 19
45 229
8 121
83 220
72 93
52 96
7 68
157 189
72 126
7 10
81 133
57 70
25 65
0 59
129 182
101 112
74 124
37 202
19 45
143 163
47 227
1 229
172 228
123 175
86 129
32 59
6 201
64 175
27 97
28 125
3 171
146 152
76 196
23 86
9 155
133 223
43 51
136 201
90 210
170 236
24 61
12 70
3 145
215 224
44 119
56 206
30 197
32 231
161 194
76 84
69 189
142 202
27 228
139 153
93 97
170 174
4 105
209 230
81 165
67 117
15 58
101 173
58 101
17 225
27 52
23 64
70 218
81 122
38 202
23 165
139 197
167 211
83 219
66 108
37 227
144 209
16 113
43 208
54 229
124 172
29 160
33 59
115 158
19 147
102 238
168 238
21 39
147 212
183 227
162 163
76 122
78 189
39 180
45 78
106 188
4 38
34 184
44 139
31 188
97 136
45 184
6 214
102 125
18 89
127 138
95 164
91 215
160 187
204 220
104 173
10 71
124 179
92 132
144 203
128 197
12 235
44 89
190 225
23 153
0 56
79 146
19 35
129 156
42 101
36 137
11 119
76 145
30 227
46 52
1 58
179 194
87 220
48 224
128 234
193 206
52 215
44 117
102 123
123 198
25 220
21 146
164 227
34 122
45 101
114 191
48 173
176 205
221 237
139 223
78 123
15 148
97 129
12 181
197 234
120 215
194 212
45 152
124 169
67 214
107 131
104 167
95 195
82 86
66 171
116 214
15 38
105 143
8 100
80 171
131 166
31 179
56 226
10 80
138 171
89 139
39 205
29 52
101 236
11 180
24 174
117 193
8 99
10 218
75 164
65 142
26 114
127 206
51 131
30 220
158 174
27 145
97 194
168 199
120 201
91 209
144 224
219 236
0 10
48 76
75 88
72 156
75 196
13 108
27 28
0 109
3 77
28 50
105 191
25 132
58 226
179 200
101 182
159 209
95 98
52 161
145 236
21 136
88 145
36 199
17 66
43 178
21 69
163 166
79 180
119 168
145 174
20 221
66 83
15 149
213 235
64 131
56 212
134 184
170 205
112 137
23 79
66 87
25 188
182 226
115 167
110 134
5 216
137 191
92 135
49 112
19 41
83 148
39 185
160 210
106 214
90 165
67 69
137 141
83 111
41 227
143 154
105 147
38 122
133 224
32 75
8 133
107 182
193 239
138 140
124 217
57 98
113 118
15 144
68 202
77 182
142 229
120 128
81 198
188 232
89 162
107 194
50 185
33 199
117 170
22 84
161 204
67 165
36 101
44 78
115 189
97 132
1 226
31 239
68 228
97 167
18 30
6 63
2 130
0 38
114 234
28 212
125 209
127 209
191 223
44 99
3 39
67 189
156 218
214 224
40 93
27 134
115 225
43 73
153 211
196 210
5 121
80 140
78 175
137 208
113 201
92 228
97 121
218 239
100 172
107 142
69 198
99 131
8 115
89 129
79 132
35 141
64 155
124 208
156 181
12 221
89 100
72 208
134 213
167 225
78 207
119 214
35 159
74 204
82 154
228 230
221 230
85 169
59 223
22 69
77 171
36 152
152 186
55 100
130 174
95 96
20 106
114 128
22 233
129 146
10 203
0 226
149 200
144 207
68 207
8 25
82 184
27 109
44 97
29 131
96 164
19 109
81 137
96 129
97 102
98 233
158 209
71 116
12 206
210 219
143 166
29 167
91 117
95 154
6 70
24 190
207 211
160 211
93 239
108 140
91 183
46 48
56 220
215 219
183 207
16 204
18 227
99 112
66 119
27 114
106 236
74 126
80 220
111 119
15 92
174 213
66 194
116 136
142 204
73 201
167 218
75 221
66 232
167 203
153 165
163 179
154 207
125 208
34 36
107 200
103 214
116 207
49 65
12 110
185 209
54 106
129 164
138 187
67 229
4 153
135 206
8 217
77 146
102 139
43 212
17 47
91 102
87 165
1 147
111 190
66 118
116 154
39 146
18 31
176 196
130 169
53 231
22 186
59 120
42 108
88 171
73 160
83 192
11 61
20 83
195 200
49 193
119 220
44 180
54 206
70 102
99 117
112 216
87 200
4 47
6 161
22 177
59 148
144 159
65 107
86 146
144 167
60 82
96 100
102 195
147 148
0 175
21 188
97 220
105 165
113 186
39 181
68 134
195 229
57 150
29 148
122 135
55 147
136 143
202 215
70 232
129 172
25 92
97 212
42 224
68 95
52 150
119 232
24 210
28 200
91 227
17 232
154 238
12 158
7 112
82 186
29 118
62 134
160 192
131 220
70 146
34 96
113 168
165 168
43 234
22 168
115 187
90 143
58 110
32 155
71 136
78 180
45 51
56 107
18 228
23 184
35 167
22 228
4 51
9 136
28 105
24 166
142 224
152 214
148 166
36 166
33 240
13 105
60 169
111 167
134 218
36 206
105 175
191 236
19 152
75 216
8 37
81 82
58 114
105 120
83 191
16 221
134 191
77 175
159 167
59 163
111 175
9 106
47 165
65 87
123 188
31 190
38 61
209 237
137 145
81 180
73 185
66 173
143 164
144 148
202 239
153 208
117 123
47 111
36 113
113 234
118 207
166 201
5 122
142 155
51 67
44 59
114 206
46 171
199 228
91 121
72 166
137 220
16 90
189 240
7 135
185 211
169 201
9 184
7 42
56 229
81 219
142 231
100 229
7 26
45 156
53 195
94 207
144 208
216 234
109 231
44 147
216 227
226 240
83 169
186 223
63 75
193 194
16 88
112 158
15 72
85 131
23 174
153 205
150 178
51 126
67 195
118 149
55 202
125 232
29 136
42 88
3 15
92 156
29 40
158 169
206 208
127 154
76 95
1 186
82 207
106 164
85 208
109 192
207 221
61 82
134 194
11 210
80 105
67 93
87 127
6 236
150 191
128 217
152 217
47 232
110 135
40 207
169 203
18 135
49 150
34 40
160 219
143 202
60 120
99 120
107 149
166 215
182 189
54 78
18 171
177 209
120 194
108 210
118 121
42 123
41 171
41 237
62 159
1 91
58 90
73 74
138 188
36 173
86 112
28 221
25 150
129 185
138 223
83 178
96 239
88 199
35 203
73 151
63 185
123 216
83 199
115 135
13 175
46 93
27 159
141 215
65 78
51 157
211 218
77 155
59 162
18 85
19 209
117 221
98 171
82 212
170 173
157 240
60 111
9 209
61 179
82 216
71 137
133 162
99 207
116 132
100 236
67 122
71 96
32 182
14 234
16 63
234 239
143 238
19 38
17 134
81 166
116 137
135 203
26 214
102 119
117 140
5 180
17 189
128 170
161 206
208 212
67 174
10 223
28 187
31 168
104 220
21 142
189 204
52 155
170 207
53 119
136 163
22 79
166 225
116 233
131 209
15 106
11 218
19 157
106 144
82 91
41 97
99 110
46 66
156 168
41 155
35 76
20 177
21 33
190 209
20 108
16 60
1 126
14 158
2 113
12 155
154 191
82 160
66 186
32 68
129 176
232 239
210 230
6 132
44 88
158 206
85 193
23 85
69 93
19 74
149 187
160 201
100 145
96 231
6 222
53 125
84 198
88 160
165 233
167 223
154 235
3 84
33 148
83 161
50 232
75 187
148 154
111 116
7 78
83 216
54 94
107 233
76 160
47 174
141 194
130 204
14 112
43 155
200 235
216 240
118 179
134 138
8 141
27 183
61 197
183 198
150 188
13 42
25 52
70 98
105 238
48 230
42 181
157 206
12 143
157 212
26 149
63 238
40 55
37 200
95 219
79 120
141 156
6 38
60 201
121 232
24 29
172 222
129 138
32 200
40 86
140 151
164 198
3 51
115 211
34 110
52 154
37 159
67 91
65 102
69 236
60 67
80 104
142 190
2 71
88 179
0 159
57 200
156 180
60 202
147 200
108 109
50 69
4 118
48 132
27 224
158 167
165 240
93 236
25 207
45 113
82 144
208 219
156 223
7 25
31 169
67 147
57 122
90 156
78 173
13 183
79 226
42 54
78 171
105 106
31 161
129 158
82 138
80 240
79 238
51 134
31 231
10 35
77 103
139 178
50 239
68 155
59 195
131 186
56 110
21 42
53 120
124 171
17 99
97 201
45 190
166 179
141 232
25 225
145 162
4 59
62 230
138 213
30 80
155 239
198 232
51 156
67 156
120 169
92 150
71 97
128 225
144 232
107 216
95 142
50 198
70 95
2 86
70 183
20 89
52 76
137 167
30 85
67 92
102 113
38 183
16 237
31 44
33 93
6 122
44 95
40 75
12 219
2 239
48 122
135 158
100 200
0 77
143 212
128 174
123 165
65 195
133 166
111 180
178 208
112 179
37 177
11 69
137 236
24 44
8 49
30 155
15 122
15 164
154 232
52 233
152 193
163 165
37 229
89 148
4 7
12 61
162 223
65 69
93 208
3 31
5 64
75 86
110 232
111 164
119 226
64 110
145 177
77 172
181 229
157 227
33 212
61 204
76 218
147 164
25 212
202 224
127 208
45 143
34 223
29 102
158 215
113 147
162 195
42 76
54 135
66 129
50 177
8 144
141 234
54 225
170 222
60 163
7 39
66 75
78 238
130 175
61 169
25 88
228 237
131 210
28 226
74 139
44 53
36 42
53 73
18 128
140 162
79 145
126 223
158 201
179 187
36 209
24 124
124 177
29 103
16 20
28 188
89 229
6 169
51 216
63 161
105 229
64 118
121 160
7 222
59 144
114 147
32 146
169 197
94 221
222 228
196 236
38 42
51 94
30 60
10 191
42 179
37 57
147 196
94 201
74 75
110 185
41 54
161 167
61 202
142 162
36 160
61 154
35 180
6 72
104 111
138 234
99 186
103 179
4 232
194 208
22 29
152 188
63 220
84 88
105 223
32 237
35 86
103 178
6 103
7 226
200 204
106 169
74 239
11 152
44 90
88 236
105 182
194 237
45 167
44 85
216 225
41 53
23 240
79 189
183 191
1 140
26 161
27 38
13 28
149 190
29 58
132 152
82 192
66 210
53 227
182 193
55 142
116 191
179 231
191 238
43 75
68 74
197 229
22 124
67 179
177 223
75 174
146 169
56 234
27 122
17 32
156 198
91 96
173 220
123 184
154 216
145 228
3 182
10 96
13 194
19 103
90 160
54 240
133 176
87 156
39 158
168 178
172 236
23 135
0 66
47 169
114 119
39 175
74 83
51 184
27 141
114 178
23 116
120 151
131 224
91 198
9 99
1 157
59 183
65 196
59 191
18 235
46 107
5 84
21 123
35 161
157 167
175 207
105 107
184 212
51 147
55 72
227 232
20 173
61 178
14 41
45 126
49 151
23 24
207 230
98 230
65 221
84 207
205 215
8 45
199 233
56 187
37 82
30 52
157 172
56 144
123 229
155 197
60 220
147 238
143 190
54 74
12 132
102 147
195 223
116 236
101 156
31 60
133 232
6 229
137 198
97 177
15 195
188 212
10 198
134 235
226 231
169 185
154 186
14 196
9 168
33 181
141 170
56 118
62 184
55 203
95 160
35 37
151 222
13 22
78 160
162 226
186 218
58 83
66 72
81 115
69 143
25 238
3 67
26 29
37 104
95 232
182 191
67 100
55 74
94 229
197 236
69 228
40 235
191 199
3 91
10 118
115 199
106 143
134 183
88 204
178 192
145 189
10 14
223 234
139 160
107 230
16 72
219 221
172 238
174 227
7 220
9 128
35 129
45 230
111 217
3 228
100 206
174 211
199 215
102 130
142 177
109 164
134 228
130 200
184 193
187 213
73 228
87 214
110 162
54 175
10 187
4 212
223 239
6 95
23 128
78 79
59 228
15 74
156 186
15 175
33 117
148 234
107 117
35 147
16 49
122 134
10 31
52 69
164 215
12 228
55 159
80 200
87 194
140 168
4 178
104 230
151 190
129 229
46 163
64 188
90 213
164 166
215 240
16 75
165 188
73 102
45 115
87 146
76 112
46 53
173 240
50 197
58 186
92 230
136 185
63 73
77 151
119 182
55 133
52 108
130 148
107 186
66 143
8 104
134 188
87 123
22 189
114 232
96 202
22 206
213 234
38 120
127 150
0 6
166 196
116 224
146 196
22 66
78 164
122 187
51 139
60 203
104 136
15 70
50 169
33 66
30 104
59 158
154 237
201 232
46 89
0 167
35 115
123 208
7 51
16 196
72 79
119 217
213 236
76 116
198 223
19 60
43 80
96 177
185 212
105 232
52 151
9 81
77 231
84 236
9 19
37 207
5 70
51 112
153 173
124 159
41 172
31 152
69 138
144 165
40 195
42 106
9 216
140 143
113 203
144 162
16 154
115 129
70 199
62 91
33 146
18 34
39 186
14 127
35 127
17 104
50 82
1 235
210 237
86 109
61 72
56 137
51 188
154 192
33 155
69 192
59 66
79 208
70 72
169 233
23 198
68 198
8 197
228 236
121 202
41 183
144 191
161 169
19 46
148 152
36 228
97 236
68 181
183 204
161 221
0 181
44 80
0 125
35 133
53 92
108 129
105 124
80 202
142 205
220 227
16 191
111 194
84 108
27 187
81 88
145 209
63 189
39 91
149 182
80 154
63 133
25 61
237 238
27 178
171 210
160 166
57 234
158 199
20 147
0 166
44 116
74 109
18 78
127 139
173 196
12 211
216 237
5 145
36 64
103 203
5 132
142 161
84 90
169 209
1 132
9 239
127 128
179 218
15 42
168 210
1 78
11 53
27 74
141 195
82 228
12 131
163 185
18 159
96 145
55 221
41 185
6 19
154 156
147 239
113 236
4 202
74 218
111 142
45 129
75 109
22 182
137 234
25 118
139 141
100 173
78 178
25 167
143 209
68 147
99 116
48 239
42 158
69 237
126 202
80 206
32 90
127 229
17 224
39 190
37 149
101 138
73 128
92 231
1 38
73 211
140 219
181 223
99 143
197 214
40 237
149 202
198 222
7 142
7 107
61 229
62 100
80 188
0 30
43 187
120 221
135 153
15 64
40 199
205 216
129 139
113 171
176 200
175 216
25 202
77 165
33 216
67 104
56 63
43 104
1 14
112 185
75 91
44 223
22 141
7 92
115 162
52 139
104 138
118 202
82 148
33 123
193 228
120 198
43 160
130 131
223 224
113 181
29 130
60 179
62 228
104 238
172 176
98 200
66 140
50 192
3 190
87 88
2 195
9 160
0 74
143 158
164 194
116 177
79 236
210 220
7 238
49 109
44 146
186 226
16 51
191 220
17 214
201 214
113 172
113 225
57 160
9 36
28 179
33 104
104 154
15 151
37 140
109 184
23 175
46 127
7 65
83 162
112 144
106 156
75 83
23 227
19 231
49 184
44 174
17 133
67 212
70 153
142 146
74 91
71 87
103 106
29 126
27 73
17 23
41 200
163 207
64 90
31 195
154 233
146 233
8 126
13 222
187 202
84 226
22 116
74 201
58 160
199 229
125 127
90 144
146 149
13 220
125 141
57 178
99 164
78 196
126 141
48 80
174 238
54 220
3 216
103 155
111 226
53 183
121 162
61 210
41 156
1 63
9 238
0 238
61 180
83 87
63 90
79 240
52 65
164 195
189 195
50 151
133 199
25 117
74 169
91 219
22 158
9 83
49 52
36 128
70 223
69 135
132 203
43 47
6 34
80 144
66 213
31 88
60 225
217 237
10 231
16 225
9 210
165 204
31 200
108 220
55 160
30 40
18 70
124 156
57 225
106 173
112 124
27 98
94 173
49 79
190 203
105 142
196 215
58 137
106 149
113 170
102 174
140 142
0 217
92 223
36 202
52 133
104 231
90 119
49 111
60 80
43 133
12 111
133 155
22 217
105 130
66 229
204 237
136 235
154 221
141 146
49 133
191 214
87 93
43 129
34 103
12 86
26 87
23 95
103 167
187 228
154 174
24 201
93 224
62 161
26 79
31 120
38 148
21 132
33 90
20 47
80 164
24 239
59 89
128 215
166 204
120 186
20 30
136 173
160 222
169 194
168 194
76 154
96 138
121 238
18 164
221 233
29 159
165 194
145 176
96 102
17 174
73 98
46 65
181 213
144 180
130 193
183 193
122 167
35 174
165 210
192 228
52 186
61 215
224 234
40 51
79 213
30 105
34 125
107 174
102 211
16 169
14 138
55 126
81 130
7 110
40 216
26 27
13 75
103 158
38 180
44 115
64 75
93 106
6 179
103 143
28 176
11 39
118 236
5 47
167 219
212 239
103 218
106 209
20 88
32 93
16 190
72 86
51 80
41 176
41 142
51 180
151 208
68 221
97 137
122 176
31 35
17 191
116 172
89 192
163 240
192 211
98 127
69 186
63 91
57 163
79 124
86 170
211 217
37 161
38 206
110 142
179 220
54 188
72 132
15 161
24 206
40 129
12 54
32 236
3 53
87 206
130 150
13 137
97 230
68 189
124 239
87 217
27 227
57 113
30 167
24 126
56 221
4 196
154 182
40 236
166 218
34 177
189 223
24 173
10 65
138 191
79 218
12 16
6 52
113 204
139 173
47 73
79 137
125 198
5 148
117 172
37 88
6 110
114 134
35 64
66 71
133 214
9 150
156 159
18 83
48 213
166 214
33 121
39 113
3 178
97 227
113 200
170 197
8 95
6 71
209 231
180 215
17 235
67 167
183 224
89 226
76 127
27 165
71 140
1 180
132 214
150 194
112 224
48 84
91 188
106 221
138 181
124 137
58 74
52 176
61 194
40 161
54 145
166 227
20 214
55 175
64 239
17 71
39 97
38 115
4 180
15 206
7 227
50 108
39 238
181 182
48 238
13 214
112 131
71 231
43 177
102 210
104 106
136 155
69 226
127 168
149 231
77 104
98 163
78 229
179 215
86 202
109 235
6 193
112 153
1 74
7 55
25 196
185 197
105 169
155 176
54 153
63 180
28 32
1 236
7 37
175 203
117 122
142 147
70 227
70 127
10 170
37 97
7 218
174 201
79 94
106 155
23 230
2 178
108 115
32 158
142 239
11 99
50 183
106 226
158 181
45 59
56 232
80 234
36 165
69 165
225 235
35 112
48 179
69 144
171 216
23 231
100 129
33 108
77 96
82 220
27 108
147 203
65 216
29 135
6 42
77 217
120 195
31 147
81 232
72 188
91 146
108 167
35 45
21 125
192 224
46 63
20 37
56 186
41 128
73 213
147 208
52 183
33 230
40 174
85 148
105 176
158 204
139 226
3 18
140 187
20 57
10 143
53 201
76 217
21 119
190 214
37 74
43 108
162 180
16 138
202 238
58 235
12 38
194 231
101 190
77 95
37 123
146 150
8 27
119 170
91 127
60 161
160 170
108 150
41 235
171 184
137 218
34 183
30 93
4 41
19 65
2 59
170 188
70 118
99 198
34 240
47 67
62 85
135 225
87 186
56 140
57 123
137 166
95 137
31 232
83 158
32 161
30 101
10 189
17 74
116 213
126 187
192 231
79 130
74 137
183 235
43 70
63 67
44 122
118 120
13 211
114 133
74 117
124 184
72 144
81 201
164 205
76 125
115 219
59 97
209 228
46 50
95 139
91 223
118 162
53 236
43 46
38 146
93 212
77 106
161 209
135 178
137 174
32 76
86 138
96 174
217 225
33 100
80 160
119 120
129 162
37 225
112 227
54 239
201 212
47 87
5 219
4 9
28 92
226 235
134 200
132 230
59 186
17 210
81 141
177 183
28 136
206 219
20 172
119 135
20 45
47 77
90 174
119 127
98 227
55 200
2 222
50 191
101 162
63 92
75 79
73 168
218 229
69 185
12 133
65 193
23 228
167 193
77 109
189 214
103 109
78 234
3 114
188 220
15 100
22 46
87 101
103 148
114 164
104 137
102 110
26 158
25 107
168 207
24 217
153 162
75 78
85 129
136 226
46 143
34 90
5 166
58 169
93 101
86 218
14 71
134 209
34 89
165 185
87 173
42 91
17 223
10 139
92 153
26 95
138 240
203 238
97 113
110 132
0 171
42 107
13 15
139 240
133 171
48 162
81 179
95 99
179 183
163 208
103 239
112 116
76 137
184 201
54 152
178 223
0 18
154 214
29 176
27 192
57 226
14 124
129 208
8 142
35 233
2 28
154 231
72 220
44 106
79 233
11 68
188 208
58 166
52 98
81 147
24 133
69 204
96 191
12 174
161 165
12 127
70 119
9 108
3 193
95 120
35 49
42 194
15 21
50 161
25 31
70 76
2 88
7 201
76 102
59 210
154 162
69 173
159 216
58 95
3 49
38 165
127 236
88 185
2 177
20 139
23 118
21 217
22 190
125 188
31 228
203 214
155 182
61 78
60 134
41 95
15 198
153 191
11 174
112 162
67 144
217 236
6 152
64 122
13 60
142 193
12 201
4 147
133 175
13 17
55 238
10 141
123 225
90 129
125 190
88 90
100 136
13 147
52 152
20 233
136 214
2 215
149 240
78 209
4 219
30 207
190 208
8 111
13 204
46 108
55 73
117 168
133 191
56 103
136 178
41 197
136 181
114 237
77 86
78 109
128 162
2 236
4 74
110 159
149 215
27 70
33 92
61 131
207 216
89 158
151 197
6 44
180 217
121 215
18 32
100 137
10 64
37 181
142 233
2 163
234 235
125 213
152 195
15 239
179 227
2 65
14 181
11 13
15 123
225 237
75 124
41 47
36 192
67 188
13 160
18 214
46 188
8 225
121 210
158 193
177 233
16 45
27 127
8 150
180 236
55 211
121 239
5 45
145 186
101 188
168 189
8 202
30 209
38 201
157 216
105 129
70 83
85 119
202 240
96 125
64 70
151 240
0 197
181 185
34 41
182 212
114 186
65 117
100 197
82 106
3 32
103 111
105 239
5 30
65 112
81 90
49 169
89 219
149 169
1 233
75 89
15 93
1 102
28 52
68 135
34 167
10 104
208 211
166 188
24 122
36 220
122 149
93 235
86 113
86 227
98 122
94 200
64 160
25 165
0 13
81 119
83 172
20 85
157 231
28 223
131 207
100 140
28 224
69 82
30 236
87 107
70 129
17 29
35 96
231 233
129 180
90 140
91 167
16 177
26 100
116 198
108 118
122 168
135 237
45 108
18 104
176 183
100 132
25 236
7 89
133 210
40 232
2 7
38 75
126 176
68 127
22 167
32 190
90 178
48 126
78 107
164 214
6 211
67 106
118 165
100 233
70 101
127 190
109 217
153 219
43 136
64 238
43 236
99 219
22 41
115 130
80 112
87 153
75 208
1 83
52 123
114 182
38 44
108 190
84 231
173 210
15 73
91 171
146 238
153 158
51 87
19 226
197 203
21 134
31 64
21 130
8 237
198 219
24 148
44 96
143 196
59 188
22 227
75 131
52 131
107 119
18 65
79 80
105 220
98 100
94 97
18 46
1 56
72 110
188 206
125 225
35 36
66 176
126 237
103 164
120 217
82 134
211 234
13 77
89 206
94 113
41 117
96 136
99 185
12 107
14 85
188 219
48 98
115 127
25 100
137 213
29 77
119 186
163 217
226 233
48 164
190 227
47 198
71 180
23 70
50 114
191 219
31 164
9 221
137 189
133 164
41 215
53 89
44 164
19 159
93 129
64 91
21 105
198 209
23 134
6 170
1 162
62 92
83 120
16 91
146 212
16 106
12 141
119 146
152 219
60 229
95 126
25 59
102 166
43 79
57 231
95 212
31 162
181 184
70 71
34 222
89 106
56 64
154 160
28 65
113 167
69 213
10 169
11 101
20 95
49 158
66 142
45 76
101 143
55 95
47 110
86 206
24 25
59 201
9 232
2 51
90 116
186 205
59 208
12 52
128 211
112 157
30 222
82 152
104 132
178 179
168 220
170 233
140 155
65 83
35 184
80 113
103 117
78 153
35 89
46 204
25 66
90 131
91 128
144 238
23 181
31 70
57 80
18 155
51 165
75 197
81 136
140 198
128 216
26 195
116 134
71 78
101 216
4 39
85 227
23 193
5 138
40 229
32 38
27 45
159 231
28 142
114 202
108 173
154 189
7 127
40 204
59 206
124 225
60 89
71 172
19 232
4 16
70 240
115 208
60 164
146 182
140 208
205 212
48 120
138 139
28 219
7 204
196 214
84 132
25 161
21 115
114 155
122 237
207 217
82 96
114 160
7 208
132 190
120 164
163 224
112 208
118 145
22 60
91 210
171 214
76 80
26 198
3 60
83 224
76 123
114 203
72 103
164 226
81 113
99 140
79 212
173 189
85 157
15 211
60 96
162 178
51 66
214 222
33 188
186 209
34 158
22 56
96 184
68 234
102 185
189 191
107 183
80 117
71 125
64 232
48 140
41 69
153 194
12 105
132 183
51 149
6 128
11 24
27 58
3 28
1 111
129 219
19 64
70 74
34 228
189 215
46 72
176 225
0 5
135 163
28 231
36 180
23 211
48 154
32 57
0 51
155 172
171 192
21 199
134 225
181 210
47 214
158 173
159 168
86 164
124 222
207 237
54 217
141 173
112 150
89 92
96 229
51 209
128 219
43 235
102 186
126 170
214 237
162 219
196 227
21 183
81 220
215 230
120 166
116 190
152 192
158 212
55 122
10 177
33 103
190 237
44 182
23 65
159 198
36 86
49 215
106 131
11 85
19 62
15 180
29 63
125 147
139 228
3 27
210 211
150 186
141 197
18 192
73 171
119 162
27 158
161 238
102 115
105 214
10 166
181 226
106 123
83 127
188 193
89 98
84 107
124 163
82 193
218 220
176 212
125 220
175 238
69 91
144 240
65 104
2 73
88 176
1 149
3 76
39 40
41 240
158 239
105 217
99 136
50 179
37 156
89 171
110 209
73 197
41 113
140 184
34 118
12 210
26 157
83 104
159 191
90 139
8 105
6 67
49 186
80 230
159 234
1 7
138 184
10 220
95 208
122 133
148 240
97 131
40 69
100 143
37 112
32 74
12 234
94 179
62 84
182 187
37 142
60 236
23 52
175 223
40 112
12 115
67 113
91 110
131 183
15 71
129 205
74 102
21 75
123 181
120 220
68 80
73 184
68 166
102 193
107 185
21 112
0 47
40 49
119 192
73 81
77 152
193 225
45 168
46 206
61 200
67 78
95 201
90 239
56 111
56 124
131 204
9 116
146 223
88 239
106 175
97 148
11 209
148 221
31 165
53 216
49 63
64 226
11 15
118 193
122 222
193 197
136 144
43 148
67 164
45 119
57 204
116 128
178 238
0 28
156 160
184 203
56 147
79 171
33 192
114 124
180 226
141 214
128 151
40 160
109 154
93 158
33 232
155 209
20 42
52 226
114 117
120 212
0 127
78 125
22 36
174 205
68 113
101 147
39 134
3 212
26 31
56 142
35 200
73 82
103 110
85 89
187 237
3 142
90 145
46 196
202 209
49 200
78 145
132 223
76 79
34 161
153 201
28 74
67 136
127 156
5 109
152 200
134 181
171 185
205 238
125 155
36 63
22 101
65 187
61 236
42 78
100 237
43 205
173 195
156 208
174 198
174 232
105 183
11 74
37 128
176 187
161 193
2 120
190 205
49 213
10 24
14 195
173 208
111 130
179 206
122 199
152 167
235 239
122 157
66 127
93 132
152 190
63 83
