244
6
4446
60
143 2
173 2
181 2
180 4
123 2
95 3
159 3
146 1
113 4
132 2
164 1
110 1
128 4
139 1
129 2
175 1
169 3
144 4
192 5
174 3
153 2
103 1
185 3
99 5
192 2
145 1
89 5
108 1
173 3
161 4
160 4
183 1
134 1
98 2
89 1
193 2
103 5
177 1
166 2
129 4
192 4
133 2
172 4
204 2
140 5
179 2
187 2
134 5
180 4
195 4
172 3
104 5
187 2
152 2
114 4
134 2
164 2
149 5
163 3
131 1
136 4
158 2
139 3
191 1
166 2
98 3
185 4
112 2
144 5
120 3
170 2
140 4
167 1
131 1
178 3
107 4
138 3
89 2
96 1
115 3
176 5
191 3
148 4
137 2
134 1
181 5
91 4
94 1
192 1
104 3
154 4
126 2
172 5
169 3
177 3
189 2
87 2
178 4
186 5
164 4
158 2
200 4
156 1
129 4
139 4
152 3
186 5
141 5
180 1
202 2
166 5
194 3
189 3
94 4
152 3
204 3
136 5
113 1
130 4
177 4
166 2
169 1
183 2
190 3
98 4
174 3
153 2
167 3
108 2
186 4
130 4
200 1
193 5
141 5
158 3
158 3
155 5
133 2
148 3
116 5
141 4
103 1
180 4
185 5
98 5
131 4
158 4
174 2
90 4
182 2
150 3
91 4
136 3
150 1
161 1
179 2
125 1
207 2
103 3
182 3
112 1
206 2
121 2
167 2
155 1
124 5
169 1
179 4
167 3
158 2
157 3
160 2
159 3
191 4
120 2
126 5
204 4
206 1
149 2
131 2
202 5
113 4
131 2
110 2
89 2
122 3
130 4
104 3
103 4
116 5
175 3
190 2
125 5
93 4
186 4
175 4
108 1
199 4
105 2
147 2
122 1
98 4
205 3
127 2
168 4
144 1
191 5
162 1
102 5
136 1
121 3
119 2
108 3
201 1
127 1
180 2
141 3
131 2
184 2
99 2
102 1
170 3
191 4
200 1
107 2
203 5
90 3
185 4
163 2
186 5
168 4
128 2
189 3
166 1
182 1
139 4
90 2
145 3
174 5
155 5
148 4
106 2
200 4
100 1
33 176
41 106
45 86
121 218
62 133
21 205
142 192
21 204
83 85
92 229
155 170
82 222
4 121
24 228
39 98
31 121
40 213
82 88
29 156
39 103
10 17
6 63
41 184
65 69
4 72
92 174
52 201
10 210
110 113
160 199
17 146
155 190
81 189
63 170
171 214
186 241
142 237
88 229
1 5
24 158
75 179
65 212
62 89
105 186
19 47
54 112
36 199
48 133
175 223
151 233
40 135
31 118
165 222
174 189
74 173
42 243
188 201
12 202
45 186
30 93
56 104
96 169
190 232
92 200
155 161
52 141
30 75
35 232
115 213
38 75
87 92
25 47
4 10
55 144
31 171
6 215
47 115
88 135
45 189
232 242
201 237
135 154
159 193
63 156
104 227
104 187
32 97
114 228
72 115
43 169
46 206
83 115
140 224
216 225
162 196
3 168
38 40
1 30
217 232
75 108
59 105
213 221
140 143
56 113
11 93
11 123
34 79
49 211
7 131
120 170
37 65
116 181
59 191
156 197
18 69
36 146
13 104
34 234
28 132
45 59
46 241
181 226
91 138
76 162
76 160
15 157
217 221
19 154
104 219
18 200
9 145
196 221
93 114
106 199
14 98
57 192
2 228
64 136
134 150
180 196
30 242
106 237
104 136
16 224
79 182
23 205
57 135
136 208
87 184
108 219
59 125
6 87
152 177
126 236
54 200
64 214
55 102
34 142
85 129
55 67
15 205
66 168
7 204
16 138
14 177
11 14
38 58
175 233
94 156
80 222
157 237
61 98
31 105
22 189
187 197
70 156
77 232
123 143
11 70
40 208
162 212
14 57
26 141
149 192
115 233
30 107
4 82
19 167
3 86
149 194
19 61
0 151
5 21
66 199
42 114
176 190
16 59
20 222
26 45
66 238
121 140
200 222
155 204
23 97
77 177
6 166
71 199
4 217
90 112
43 91
6 51
48 121
42 184
188 200
62 151
90 168
28 195
123 220
10 84
112 167
1 228
7 16
183 198
120 232
182 213
201 208
64 229
12 107
4 104
9 158
52 177
82 229
161 204
1 58
154 233
64 210
17 143
49 118
116 242
117 151
16 136
123 141
37 118
43 218
165 199
184 223
3 15
180 243
9 232
74 96
95 197
123 219
90 120
122 225
138 194
55 202
39 233
153 217
144 201
104 243
9 66
123 164
157 162
81 146
20 71
10 175
24 159
9 86
177 229
118 165
225 234
146 184
45 122
104 147
114 243
45 209
66 147
56 149
33 203
18 176
43 115
168 215
64 179
88 165
56 169
157 176
211 220
225 226
108 210
17 86
187 192
102 189
53 69
69 124
94 186
194 199
52 173
177 227
128 233
87 175
97 197
73 97
101 195
131 185
43 62
41 65
86 157
29 197
81 168
5 222
97 154
71 75
113 217
108 238
24 221
12 199
124 226
62 65
36 149
74 104
182 186
183 213
3 177
97 218
125 206
100 186
14 106
135 171
98 120
67 213
75 127
80 177
73 87
0 104
102 233
36 167
29 76
5 165
92 202
4 160
204 222
94 224
55 161
10 38
110 146
8 88
87 117
188 199
82 213
21 223
116 130
189 233
57 122
194 197
76 126
29 108
111 243
10 95
120 180
68 131
82 226
5 132
77 205
145 185
13 130
2 143
65 129
151 204
44 113
197 217
5 90
204 241
77 103
110 120
76 153
95 129
41 164
23 46
68 189
63 104
75 110
2 148
201 224
87 135
8 242
189 223
156 224
49 164
17 112
190 211
162 222
133 144
14 89
27 118
72 172
146 172
136 226
118 243
28 172
10 154
146 170
85 216
136 169
128 209
1 19
4 67
29 132
57 185
21 33
63 91
37 156
228 229
61 196
142 243
155 212
25 55
157 220
156 219
200 226
37 54
28 153
159 171
73 192
70 196
49 218
17 155
192 237
62 76
110 209
11 185
118 226
56 196
210 238
98 150
15 59
115 119
6 15
115 157
18 101
78 203
129 190
15 213
225 242
138 155
26 94
105 240
133 228
108 213
94 214
164 232
103 173
207 230
140 152
122 162
9 135
191 229
84 210
84 243
78 239
149 197
36 205
104 186
48 240
2 243
88 209
84 222
77 173
61 168
116 221
51 140
212 222
26 82
30 150
13 177
98 145
156 240
81 229
86 117
37 134
135 196
78 81
114 236
21 151
113 199
0 45
14 136
40 105
47 151
22 138
55 217
56 178
55 170
31 206
93 124
10 121
52 67
5 172
57 215
144 234
92 197
51 124
34 65
10 96
36 166
180 206
18 71
229 234
106 198
171 182
2 199
65 81
71 103
13 72
3 235
38 80
0 202
196 199
87 143
77 134
17 224
148 190
107 225
23 94
83 123
96 237
199 228
41 100
241 243
155 208
66 206
30 158
9 242
156 188
91 185
90 170
46 166
74 101
26 122
126 233
19 188
18 32
43 57
74 194
232 238
154 229
63 135
89 152
4 162
39 147
64 213
121 128
62 124
79 188
1 134
2 236
79 224
14 122
205 210
160 203
99 118
8 226
0 75
27 172
40 55
205 238
92 109
21 101
52 231
15 103
156 233
130 183
154 173
134 230
38 59
38 175
44 128
103 111
15 164
21 162
69 166
111 160
10 143
92 211
5 169
40 205
57 131
104 176
160 242
35 238
58 130
83 214
151 191
159 203
0 96
110 181
58 103
189 197
62 160
78 184
1 137
132 154
160 221
124 193
152 160
55 100
92 172
38 81
20 198
71 102
6 58
153 204
139 162
128 229
53 54
42 195
26 31
60 64
40 66
17 196
31 77
54 66
0 157
66 102
137 220
26 230
131 136
5 177
26 50
121 156
181 236
61 185
5 66
96 122
11 197
24 177
91 181
170 194
49 133
62 227
149 173
135 204
36 124
29 74
231 238
59 69
92 144
221 240
125 229
127 151
37 81
149 221
79 242
132 217
96 164
55 160
223 231
10 64
32 195
59 70
95 183
19 187
70 214
35 187
46 134
66 194
39 176
2 157
48 176
69 173
71 139
135 156
95 141
36 228
21 25
23 152
16 95
123 179
135 229
64 184
26 146
78 90
190 237
111 136
123 150
46 183
84 98
83 104
16 98
75 116
35 242
181 220
105 109
133 179
121 123
4 56
150 186
0 146
56 238
75 162
14 121
59 150
23 164
32 226
150 205
186 219
67 143
122 198
76 226
132 151
59 234
27 217
33 168
167 226
119 230
36 222
94 225
8 216
72 143
66 71
2 133
63 174
69 73
51 101
84 107
148 169
60 183
92 167
61 134
105 221
60 212
132 142
70 89
143 150
34 40
107 165
9 151
98 156
128 204
30 161
40 112
218 231
32 124
147 215
96 176
36 97
97 219
130 201
144 188
203 237
165 206
16 44
20 156
127 175
68 181
14 130
67 225
176 203
220 235
49 99
20 174
148 197
141 175
89 137
17 66
5 34
0 153
164 224
34 226
7 53
63 206
59 72
115 167
95 219
152 193
142 165
123 240
63 88
19 53
25 153
96 175
119 217
161 199
83 174
132 162
0 207
165 182
59 60
188 232
109 225
32 75
35 36
107 113
72 228
24 81
144 160
153 225
68 76
32 40
217 243
10 234
176 206
127 221
71 226
11 240
192 238
117 129
56 143
12 32
84 179
164 237
121 191
12 210
42 197
49 134
25 218
127 200
8 105
53 74
13 137
101 193
51 222
103 212
150 222
82 202
191 228
220 225
30 208
19 168
2 192
12 130
166 210
35 209
81 100
164 181
70 173
177 178
25 48
95 213
240 243
78 99
39 142
74 120
52 130
123 138
192 201
44 182
30 56
33 140
4 75
34 195
44 231
30 122
128 169
11 182
75 184
131 234
15 189
22 42
94 139
210 220
108 162
10 136
48 49
135 218
164 185
183 186
160 185
139 218
47 138
80 153
50 145
48 196
35 70
96 170
49 150
78 172
25 74
141 174
65 76
55 84
161 196
85 130
98 180
6 156
106 197
30 211
86 98
119 155
124 158
40 75
120 235
1 176
41 79
43 119
173 176
30 49
129 188
68 149
89 204
8 87
89 163
41 119
27 169
21 47
152 165
132 165
21 86
50 223
14 75
42 127
34 41
104 146
64 223
154 166
80 137
85 174
17 117
122 130
69 110
167 207
84 136
30 71
104 199
37 124
210 225
118 175
22 90
38 98
7 20
113 169
105 231
31 136
111 120
80 182
0 186
71 173
211 218
64 82
79 211
205 230
67 92
106 234
104 237
105 155
152 234
12 237
178 232
64 101
9 102
2 88
130 198
32 79
71 131
8 28
173 186
103 198
198 199
26 229
4 27
13 103
108 144
149 176
96 188
26 28
67 142
6 230
23 80
112 242
43 85
66 200
34 227
26 125
28 212
172 243
18 75
34 168
167 227
86 238
25 88
38 148
195 214
24 87
90 216
117 153
4 109
39 57
135 153
118 151
164 231
96 216
5 146
7 67
21 118
22 142
16 235
80 126
86 97
104 181
101 126
151 173
154 164
129 194
80 203
11 69
25 107
100 155
14 151
15 239
90 153
151 155
160 237
34 241
90 104
127 182
6 195
57 168
145 149
134 221
165 241
57 156
37 203
18 237
33 118
176 238
156 225
7 138
29 184
17 201
89 145
7 209
57 238
121 198
222 223
112 113
125 137
141 163
143 211
20 192
6 194
10 40
146 178
23 155
11 203
44 46
196 232
157 170
33 164
20 160
112 117
9 120
43 225
148 198
52 92
148 234
27 142
143 172
114 208
44 142
148 236
57 80
208 231
106 143
62 218
5 140
67 165
182 224
88 242
174 214
56 232
162 175
13 76
126 193
3 242
55 183
28 66
44 165
109 198
84 192
70 184
53 183
35 65
11 183
51 242
22 43
96 127
23 209
99 187
41 52
2 64
196 197
93 139
42 162
103 193
68 142
164 177
27 139
59 151
139 225
1 232
51 69
76 212
67 157
119 209
29 200
157 242
119 200
235 236
185 221
59 163
100 219
121 241
24 144
55 219
114 184
102 147
5 19
65 187
74 80
15 104
100 127
119 236
128 130
22 212
32 225
26 46
83 226
43 80
6 36
41 78
24 104
43 224
86 212
65 139
138 140
57 142
53 120
115 199
123 223
37 63
166 171
1 236
24 115
7 102
27 138
134 188
99 183
13 40
26 61
47 207
33 100
104 200
79 241
68 233
80 150
10 205
101 106
17 43
141 230
169 176
147 187
51 188
8 149
64 143
4 179
89 195
87 113
84 180
86 160
193 206
40 116
8 168
8 207
82 144
35 201
41 98
77 171
24 189
152 215
61 177
7 89
50 126
49 52
107 219
122 151
29 63
40 46
6 167
34 110
156 235
173 192
74 102
102 217
22 180
115 201
27 49
156 212
101 107
52 172
31 207
116 129
31 35
125 136
133 163
13 238
21 159
10 129
94 229
24 186
173 202
35 188
40 221
104 236
16 67
112 192
29 218
195 219
46 152
10 238
186 224
95 155
102 196
59 161
12 173
175 178
59 122
137 166
34 134
125 196
185 190
32 133
59 93
122 141
27 99
9 175
40 189
160 243
12 114
64 94
15 160
113 182
53 167
35 222
47 198
15 148
81 145
84 194
73 224
13 155
184 242
136 178
129 204
133 215
16 152
173 182
169 218
37 100
50 97
214 235
55 122
33 45
66 175
27 122
86 219
114 188
59 140
176 235
90 199
89 107
76 141
96 183
54 215
92 135
118 232
97 115
130 159
40 163
60 113
189 230
40 122
96 129
1 171
57 179
132 180
57 201
43 163
29 179
118 156
197 222
25 240
53 95
160 165
60 240
190 215
22 54
80 167
161 218
55 88
80 87
64 218
152 174
61 123
11 160
78 213
135 209
217 228
90 134
7 81
53 150
2 82
43 175
86 208
46 140
46 65
22 161
17 226
92 105
33 207
22 24
49 101
94 140
61 95
115 238
6 103
43 65
170 204
21 31
69 100
227 229
108 214
7 22
182 233
45 173
151 174
10 82
105 241
226 233
111 112
189 228
40 197
39 61
17 53
8 19
186 201
36 193
69 216
93 106
2 166
5 95
10 111
60 170
78 91
106 202
7 86
15 187
82 218
49 206
106 205
47 106
165 211
83 126
9 203
36 65
64 69
69 128
50 104
186 207
112 208
111 220
71 218
65 188
20 54
114 230
26 42
49 159
161 243
116 150
202 231
6 35
65 183
158 232
17 234
21 189
219 242
114 175
159 164
33 226
73 102
139 242
19 200
63 122
22 89
219 229
180 204
117 183
33 36
41 108
82 232
27 50
161 179
31 104
29 94
173 201
195 236
39 83
17 80
90 206
24 52
196 206
20 104
48 123
25 146
38 168
92 222
59 186
17 174
188 238
1 56
11 206
96 194
167 198
140 165
51 191
213 238
175 196
36 150
47 229
84 239
51 167
15 114
9 54
102 237
94 161
135 169
237 243
182 183
42 71
153 188
59 87
89 158
99 228
25 40
45 185
131 177
37 140
95 171
114 134
137 194
38 65
111 168
100 103
129 242
223 239
28 92
34 212
22 107
107 227
100 108
26 199
28 106
47 176
119 172
63 165
23 113
10 193
79 228
125 157
61 62
5 100
51 231
34 70
8 131
33 102
128 216
11 242
76 243
79 96
108 136
67 183
142 166
57 97
134 228
49 208
16 156
74 114
102 236
128 235
66 68
19 36
40 210
9 178
215 228
16 186
28 91
55 66
163 238
43 75
179 192
200 205
48 157
8 128
151 209
30 185
11 155
19 122
236 243
15 90
24 194
194 196
160 171
63 148
72 183
86 88
43 146
70 238
50 93
60 217
12 33
95 112
85 166
7 72
35 226
103 135
154 182
137 148
34 202
122 150
30 189
9 129
99 132
150 208
14 169
30 138
79 240
159 202
138 198
152 163
87 216
207 219
62 68
146 152
84 207
45 97
91 159
192 209
76 120
36 87
154 181
3 224
25 231
55 153
51 131
48 201
1 163
159 224
120 233
7 133
143 238
37 161
204 220
41 66
112 178
154 183
31 148
133 177
18 190
61 73
163 216
183 212
170 221
134 141
3 19
63 186
168 207
126 240
198 201
112 216
209 239
82 172
32 204
87 242
57 137
20 101
71 164
28 127
16 230
12 217
55 214
50 206
118 237
86 125
94 207
36 236
217 239
128 182
55 87
93 171
12 61
60 95
83 119
50 216
6 66
132 138
208 218
58 88
42 66
111 146
32 220
3 166
76 109
109 182
74 105
81 213
69 218
22 41
54 179
0 201
140 155
38 54
51 70
23 194
156 179
60 161
45 160
44 122
104 120
108 157
94 235
11 126
96 157
6 123
3 125
4 71
97 209
0 182
67 103
7 219
92 242
54 167
30 44
38 45
105 160
190 201
12 145
13 206
71 162
84 167
20 143
61 163
199 200
11 225
31 163
211 214
176 226
1 95
128 139
14 67
73 220
123 216
83 153
11 175
46 179
47 76
192 224
149 198
80 189
32 132
181 183
55 141
81 151
20 43
109 189
35 71
136 183
21 89
5 145
5 79
56 126
58 105
141 157
56 84
13 47
141 221
207 216
66 117
12 192
24 132
17 159
34 131
141 227
111 235
17 99
83 161
46 93
89 171
119 231
194 231
46 169
33 163
156 164
14 142
152 168
138 151
90 239
145 193
113 125
71 238
92 164
12 51
193 226
10 77
23 176
50 96
117 131
59 107
12 22
138 142
51 232
88 183
181 224
95 217
54 231
12 27
95 120
69 147
159 165
60 138
170 190
16 193
13 186
34 132
44 195
32 199
160 205
156 162
57 149
95 175
155 157
31 210
76 230
113 240
98 190
42 183
123 167
227 231
6 173
78 103
21 139
27 195
44 131
200 220
149 190
208 226
11 111
130 230
167 194
7 97
85 211
39 66
33 175
79 101
91 95
39 49
180 183
21 240
77 81
94 168
133 137
36 126
71 107
57 169
42 94
182 229
82 125
29 37
2 42
130 153
94 189
151 228
42 58
94 150
136 180
139 172
113 241
5 60
3 139
157 166
52 108
127 203
22 231
97 140
17 228
5 41
62 232
40 188
177 181
145 189
218 238
112 157
153 178
0 108
59 103
89 214
155 219
111 205
21 222
159 199
204 210
115 200
177 232
37 53
212 226
82 166
65 198
166 193
41 167
18 106
170 199
74 92
211 227
79 102
134 224
106 195
48 230
48 57
67 164
134 212
84 150
13 64
0 129
24 230
64 159
131 202
148 176
54 90
134 189
107 143
47 60
30 125
49 163
155 221
62 123
34 82
177 240
151 241
104 165
0 25
13 203
59 144
32 107
138 204
4 146
216 234
123 200
31 71
58 80
29 187
101 122
43 202
12 209
176 236
173 198
16 103
105 222
38 167
136 170
81 173
69 150
183 193
11 64
76 172
53 163
148 165
20 144
22 217
40 240
46 52
78 222
102 218
80 195
123 212
65 105
73 207
39 89
30 143
134 191
10 135
126 200
1 157
98 234
133 161
85 240
136 148
6 120
52 88
42 91
213 214
150 165
109 234
41 174
43 73
177 228
37 129
32 152
70 157
89 129
109 133
157 169
19 220
58 223
81 228
125 199
166 177
30 54
101 179
77 143
28 124
71 120
14 84
61 71
1 45
59 193
43 157
68 160
22 110
81 210
105 216
56 225
163 200
106 152
32 145
91 145
14 107
193 223
47 120
45 167
37 185
49 183
43 97
9 219
63 108
139 243
53 199
109 195
45 142
45 141
119 188
58 150
25 31
30 145
38 126
98 235
207 208
83 216
0 134
49 187
85 165
28 192
7 201
10 93
108 158
134 158
79 146
3 40
189 225
45 158
107 193
71 194
48 120
22 144
29 176
32 201
72 232
1 212
124 151
176 188
30 126
39 206
13 208
229 233
20 223
2 216
57 120
140 146
57 78
209 223
133 206
94 159
21 42
26 183
184 241
33 90
97 136
95 101
107 180
112 206
24 59
119 223
42 131
45 78
43 214
17 163
21 191
53 114
90 127
170 198
9 184
12 17
79 167
119 162
58 118
31 188
38 218
26 100
33 196
36 44
169 236
52 97
10 26
82 138
65 157
16 80
83 88
80 89
2 62
2 153
189 200
36 38
183 229
108 240
125 217
14 125
66 104
106 174
28 90
53 200
0 67
136 164
128 163
24 124
186 226
51 200
31 123
167 217
38 224
74 160
47 200
8 237
0 223
169 195
91 109
37 198
172 185
111 241
19 123
145 176
14 167
82 179
90 217
144 169
49 210
49 98
77 100
22 226
110 165
11 32
112 173
113 187
223 240
178 217
28 216
29 120
111 242
86 198
136 151
36 170
47 62
171 187
177 231
70 110
47 132
73 92
81 124
175 176
46 108
189 192
134 179
108 167
69 159
70 137
8 208
180 238
31 64
164 180
67 159
144 243
217 224
129 139
184 239
161 177
123 233
0 181
123 131
32 99
25 64
31 194
26 157
142 153
14 126
160 234
17 94
27 46
44 177
154 219
68 70
7 115
148 181
60 196
77 157
127 134
142 147
61 223
27 75
54 140
172 205
39 151
72 186
16 217
73 79
87 241
75 106
18 183
145 160
113 133
37 57
53 174
8 60
201 209
57 93
195 203
38 181
64 86
50 235
176 241
4 157
182 217
23 242
33 51
40 199
121 178
20 175
6 43
120 156
27 45
138 149
15 129
150 212
5 15
90 179
4 169
5 211
46 124
121 180
124 210
71 152
40 110
15 177
123 128
17 96
33 170
59 173
83 157
120 147
148 170
171 195
97 101
25 237
27 105
7 123
30 200
36 219
115 180
152 153
99 116
182 196
80 213
30 223
161 238
106 154
69 119
74 109
184 213
70 177
41 59
12 47
95 114
76 114
37 236
6 20
175 221
177 197
123 133
57 187
5 55
106 235
29 207
22 202
96 239
8 153
57 130
196 208
21 232
61 236
107 208
122 227
162 231
63 159
45 138
93 152
13 29
80 171
45 72
40 232
132 141
201 235
117 217
139 211
205 208
50 137
0 161
134 215
37 190
44 51
74 205
106 243
99 242
109 208
157 217
107 156
48 89
115 147
14 188
74 167
94 215
50 117
110 217
48 65
55 164
101 171
91 227
45 196
50 90
99 178
104 109
207 229
64 99
16 196
69 170
83 215
88 198
107 205
20 69
18 120
176 208
162 230
75 186
54 67
115 184
147 179
20 27
64 123
80 125
38 211
42 62
90 125
123 158
23 139
138 147
178 218
26 135
110 192
4 52
132 139
65 114
33 218
142 198
154 237
29 212
97 158
40 92
24 229
130 173
93 141
68 217
39 199
86 213
39 236
7 177
99 226
8 165
53 66
73 149
23 207
134 165
80 207
81 155
66 218
98 175
16 226
106 219
21 87
38 173
34 119
135 185
79 185
128 230
209 221
44 156
101 117
9 70
72 106
106 187
168 201
12 83
15 194
153 228
15 78
132 205
29 99
204 236
131 201
143 204
0 82
47 179
212 239
117 122
176 232
61 124
5 114
72 171
39 171
24 183
13 148
143 147
125 145
240 241
73 95
34 192
23 201
84 112
28 130
9 69
31 108
30 176
91 204
52 144
184 218
195 228
15 170
111 204
85 186
91 136
23 223
153 172
55 78
11 238
71 190
166 214
83 178
92 227
127 232
96 202
119 229
59 110
30 196
6 233
107 199
178 240
133 154
59 129
71 237
63 140
166 204
17 181
98 140
37 55
32 120
68 196
0 241
9 118
84 230
97 220
83 90
30 172
8 23
170 196
32 184
12 186
52 122
115 164
167 178
57 181
36 75
129 192
46 79
20 196
58 199
164 205
95 198
9 58
14 210
62 221
123 182
48 231
46 110
117 172
69 148
39 243
2 177
146 233
207 217
103 214
77 156
24 30
189 226
150 154
166 196
119 214
8 44
62 109
40 140
64 206
22 201
91 125
33 162
44 102
114 132
56 154
51 68
130 203
100 153
2 128
186 198
112 203
34 171
1 230
144 177
2 105
21 155
165 183
104 220
75 101
219 237
78 138
138 203
203 220
21 196
10 242
120 141
112 164
75 158
124 186
89 116
51 143
30 214
124 130
130 172
108 115
54 117
27 213
51 208
219 231
78 232
124 177
180 203
25 242
16 233
119 219
198 234
5 138
76 217
14 138
100 133
135 155
144 175
37 96
121 161
66 215
35 101
75 239
52 126
118 205
30 206
39 70
38 93
110 198
33 82
94 115
154 190
125 242
147 210
17 114
144 162
64 119
55 198
142 229
162 197
207 228
106 126
70 225
14 109
130 214
59 168
139 220
76 154
45 145
9 186
51 213
60 149
56 66
87 146
24 156
38 116
180 228
138 206
96 190
27 189
81 235
200 243
12 53
95 176
167 202
57 152
29 114
70 76
29 84
11 104
193 198
51 144
85 207
15 180
47 206
34 148
73 181
93 137
35 150
49 229
2 24
73 101
66 119
33 115
45 121
19 163
109 121
145 196
27 164
203 213
116 127
86 229
157 175
67 71
60 142
137 208
182 230
33 72
63 124
57 118
117 126
56 89
14 17
116 152
21 111
204 208
41 99
188 231
28 159
174 208
103 123
128 217
89 111
6 197
79 234
45 140
86 241
83 207
55 79
17 54
119 150
88 134
138 158
104 217
144 170
46 136
94 200
106 173
29 196
6 84
107 136
155 232
142 161
12 46
154 186
43 207
170 183
79 103
84 160
92 243
173 209
49 224
115 181
22 223
6 24
58 62
136 158
74 148
71 137
57 199
198 206
146 171
94 227
48 189
35 98
29 190
139 230
129 146
96 228
26 41
6 176
57 73
37 131
201 228
21 129
84 162
119 212
205 239
29 182
22 72
71 129
24 134
142 206
178 235
158 178
137 140
132 140
24 117
223 242
25 150
16 160
59 115
96 172
42 182
148 222
74 118
13 94
8 139
131 172
6 107
47 88
187 209
92 188
98 152
38 170
50 229
114 174
11 221
45 233
72 84
73 107
198 223
85 134
97 138
59 81
47 153
93 118
12 35
23 98
68 129
49 74
57 101
68 87
203 223
14 140
30 136
41 150
66 124
15 73
174 202
158 162
64 174
43 69
14 243
6 116
73 231
65 181
56 185
187 190
156 183
160 170
27 175
44 57
146 176
45 84
203 236
74 221
26 165
10 229
52 80
224 239
43 199
105 227
195 235
181 187
18 199
66 73
48 74
189 207
71 116
149 205
209 225
174 240
56 102
17 123
7 37
57 237
122 143
13 33
7 46
46 71
85 169
223 228
87 118
175 239
45 147
164 209
169 202
0 224
182 189
103 136
117 192
165 179
94 130
145 220
74 241
33 150
133 224
44 150
12 126
78 221
35 109
104 242
69 191
172 186
33 124
70 207
126 149
143 231
10 139
68 230
6 76
20 209
162 232
236 240
113 196
52 99
151 220
236 242
56 134
38 69
8 196
119 180
99 240
210 239
65 152
96 136
107 129
117 203
63 151
21 76
166 221
50 224
75 132
7 191
64 145
92 239
120 134
73 82
60 229
32 85
109 233
47 189
10 41
108 181
139 197
54 209
113 155
136 139
73 110
91 184
77 94
129 168
161 212
180 222
2 92
53 93
5 135
69 161
148 230
20 216
122 161
39 218
130 138
60 172
76 99
162 239
39 93
142 185
23 219
32 34
45 242
60 68
97 181
68 120
20 48
54 98
21 229
65 228
169 183
75 236
9 35
66 222
121 182
28 187
95 142
1 141
68 78
45 92
87 161
61 156
21 220
7 188
103 113
0 125
112 195
71 100
79 166
38 207
53 157
127 210
236 238
11 28
80 176
49 139
107 146
28 33
49 181
121 170
24 184
129 147
123 174
53 158
77 112
30 184
67 215
79 135
128 160
49 87
124 166
30 36
97 150
15 140
33 200
118 179
234 237
42 158
42 216
44 86
5 46
68 166
81 109
51 153
20 118
52 77
2 21
80 190
34 218
12 43
11 105
132 215
124 209
58 104
80 187
97 224
16 189
87 149
129 185
133 203
35 79
62 122
13 77
55 117
238 239
42 88
152 235
74 225
42 98
152 171
78 193
86 197
26 99
111 214
62 166
86 153
36 50
44 133
30 65
24 192
128 194
58 79
74 222
190 199
48 68
47 85
195 243
69 239
5 84
120 135
183 196
25 167
66 213
85 235
98 125
111 140
46 153
133 221
7 41
68 216
149 222
146 221
33 180
147 238
8 133
66 79
118 188
211 217
14 164
74 189
93 238
46 130
137 146
74 177
160 169
146 196
33 35
99 236
12 19
149 152
51 195
50 155
8 14
58 90
79 209
14 114
107 141
190 210
162 172
49 176
47 119
47 105
2 183
18 173
19 191
13 195
26 197
182 202
1 151
102 183
29 198
4 78
22 59
95 135
12 100
27 185
165 214
57 144
102 148
186 212
81 194
46 188
2 116
0 73
13 46
77 79
73 167
48 161
110 159
172 232
85 91
39 120
22 187
61 208
41 215
68 194
30 60
192 242
33 66
102 191
124 240
34 120
58 213
132 191
4 77
13 193
41 152
84 209
72 227
148 175
16 117
81 179
33 127
4 123
47 66
64 230
108 125
137 172
168 233
21 80
56 135
20 172
34 243
35 195
60 99
54 70
45 199
82 223
111 183
35 174
56 98
97 117
125 165
92 178
30 51
144 166
123 149
3 122
111 115
28 30
120 198
4 127
45 107
137 153
115 243
37 70
26 91
57 188
108 127
46 94
10 51
141 235
75 138
78 82
169 184
92 134
10 152
23 73
25 214
88 142
22 129
93 143
112 124
24 220
84 117
117 132
159 186
70 134
151 217
12 159
111 232
66 190
134 173
189 218
120 150
35 211
151 193
32 173
65 133
115 209
12 231
96 139
54 197
55 106
101 215
145 225
98 167
118 183
15 166
13 131
16 87
28 142
95 223
186 238
72 210
60 213
133 187
88 187
70 171
203 230
30 237
106 190
51 182
17 130
143 181
35 227
26 129
100 221
0 9
194 217
86 168
144 194
33 109
88 233
124 170
16 79
39 121
79 227
94 146
21 145
65 99
190 200
57 235
16 109
66 72
59 208
112 158
6 23
64 124
48 195
119 186
47 125
3 25
74 208
47 150
14 127
41 80
54 236
101 178
86 113
140 211
65 130
90 107
47 183
17 45
55 223
43 137
87 145
75 218
10 89
108 110
166 230
8 41
31 88
43 155
185 197
12 140
67 195
56 116
156 173
17 49
156 227
172 179
17 31
64 224
0 14
15 141
166 224
98 240
42 85
10 24
94 203
22 75
66 142
77 230
172 197
154 188
102 143
161 168
31 106
138 225
187 231
77 234
43 173
8 180
48 212
24 107
151 167
22 208
191 213
42 135
50 51
154 189
117 196
9 157
4 103
181 197
16 40
123 127
190 221
161 182
56 211
67 127
2 87
144 174
109 178
22 74
2 142
190 194
132 219
146 165
22 224
27 127
69 223
61 158
218 219
74 218
54 145
111 191
17 188
187 227
18 169
9 234
122 204
206 242
140 153
71 225
68 215
29 46
153 227
40 134
103 146
81 167
117 161
26 216
201 234
80 97
43 78
44 52
27 94
98 155
11 149
53 84
95 231
180 185
135 240
53 205
53 149
7 36
38 192
116 226
25 96
15 71
74 240
8 101
132 218
49 213
83 92
88 204
26 136
38 141
69 114
109 215
31 235
43 76
22 102
80 210
85 116
54 118
11 51
46 150
55 171
45 50
32 63
1 123
22 184
173 183
172 210
7 96
19 111
139 158
211 242
186 208
77 194
39 235
59 241
71 172
42 43
20 127
37 106
10 164
187 243
191 214
34 162
8 221
151 198
215 221
48 192
143 183
1 6
41 198
73 215
8 127
158 213
84 146
40 54
207 212
37 159
6 151
147 192
73 212
78 229
195 221
103 189
149 220
40 119
77 117
79 178
46 234
9 124
11 102
45 164
124 208
46 55
43 47
88 214
36 111
73 105
73 174
130 177
145 238
17 125
8 57
55 157
72 214
188 191
41 90
142 196
176 227
186 213
138 168
33 81
1 81
83 211
18 210
142 232
59 164
90 101
98 181
110 211
5 50
124 228
136 205
61 154
157 184
57 81
20 134
1 98
151 166
145 217
3 163
236 241
144 151
22 131
35 47
87 88
28 162
22 239
96 195
67 140
144 214
65 159
64 85
2 173
148 183
93 129
19 83
68 112
111 137
18 39
14 190
7 76
108 159
204 213
16 175
96 215
55 210
121 212
28 178
19 87
199 201
79 236
95 235
105 147
12 123
225 240
54 133
79 139
105 204
3 80
168 243
143 179
71 198
86 180
170 173
14 132
23 54
43 118
135 243
19 27
127 168
55 83
155 211
183 239
27 56
107 123
56 103
79 128
139 187
37 163
127 239
145 199
100 161
88 158
179 230
106 179
6 31
19 95
18 218
116 241
6 11
36 202
104 142
173 205
102 117
41 115
21 193
23 133
94 213
6 113
82 161
135 232
105 226
165 235
7 132
223 238
0 136
10 39
45 213
78 106
81 238
90 186
5 56
126 196
101 213
54 174
35 63
109 159
62 170
228 233
177 216
36 76
141 232
82 233
26 140
5 24
19 139
22 125
96 210
55 118
42 207
25 174
28 241
22 46
80 154
101 112
165 193
154 179
75 192
17 232
31 152
112 183
18 52
54 168
24 84
54 92
141 159
21 179
101 102
70 91
151 194
114 209
158 214
23 153
30 230
130 191
97 212
160 207
120 188
3 22
225 231
91 141
45 102
63 204
37 80
13 92
185 242
118 215
211 231
11 96
153 222
216 230
31 43
211 232
222 228
24 116
22 241
20 39
165 233
84 95
191 201
56 218
61 203
76 171
84 125
147 196
37 167
191 207
130 176
66 129
194 228
23 58
155 220
140 230
138 182
36 218
38 102
31 137
65 196
118 176
79 225
78 224
9 165
90 195
28 123
58 181
209 243
34 36
17 119
10 188
26 145
70 178
87 208
42 179
140 187
55 125
162 203
69 137
27 165
39 224
53 204
109 162
190 206
35 133
110 139
128 213
160 238
50 205
58 136
19 150
80 91
147 234
62 64
94 137
99 238
1 226
124 172
67 146
15 23
103 232
102 173
139 164
22 222
108 178
99 201
19 60
95 154
36 102
102 113
112 181
13 123
102 224
110 175
8 219
36 163
37 145
0 220
90 190
40 96
88 109
36 238
26 176
27 83
28 55
109 221
74 81
21 64
170 230
22 83
5 183
58 163
21 73
216 238
97 192
167 212
125 223
44 95
32 218
29 166
66 136
32 88
30 151
118 169
56 177
193 207
123 186
7 21
46 145
0 194
150 223
110 220
128 234
102 241
56 105
15 240
25 193
157 207
69 204
95 140
61 218
41 219
80 224
40 206
135 225
146 186
72 154
114 217
145 181
3 92
237 239
65 203
45 55
179 225
36 120
79 235
151 172
91 142
6 75
32 167
99 128
4 159
47 233
18 240
32 66
8 224
145 242
13 179
40 217
92 159
41 226
21 225
31 92
82 101
42 152
208 225
48 80
169 216
68 169
35 154
149 172
63 166
195 205
113 188
40 86
135 151
96 116
30 63
35 240
25 163
136 234
89 185
54 192
97 213
103 147
97 131
50 110
180 220
110 236
50 217
123 229
129 155
46 242
45 114
14 168
8 45
7 100
96 205
56 236
63 125
37 62
27 184
51 146
32 241
23 241
142 220
189 201
24 50
104 137
37 152
150 179
68 151
0 24
27 48
131 214
63 150
44 207
145 148
102 146
135 215
68 77
44 235
226 242
91 131
72 189
112 196
90 178
18 74
51 169
70 90
101 220
19 157
2 231
185 212
32 217
28 44
221 242
51 199
66 88
32 48
155 241
32 127
3 229
4 228
188 241
196 225
25 137
118 213
51 184
18 105
4 50
94 99
115 155
22 86
104 203
38 122
141 208
185 222
30 50
113 148
2 186
38 44
101 231
14 16
126 185
155 239
40 162
60 78
145 156
176 225
55 185
140 189
118 127
98 202
82 106
0 31
23 63
183 208
15 113
80 220
120 158
33 209
119 164
190 212
203 217
136 197
13 218
36 133
69 232
6 100
95 160
175 202
65 195
103 108
159 232
24 93
78 108
174 190
68 103
18 197
58 69
118 234
77 168
79 221
237 242
51 138
43 220
152 229
40 187
45 74
5 105
34 81
5 179
199 241
58 78
133 226
50 89
161 233
68 145
53 213
133 207
93 128
182 237
39 214
28 133
86 200
142 241
61 190
191 230
118 214
91 223
164 195
142 170
75 94
72 118
159 194
77 155
100 197
28 174
53 188
30 84
103 229
78 109
89 148
120 157
50 66
46 213
149 242
5 10
58 108
115 148
36 214
181 198
6 209
88 149
120 236
1 20
146 215
61 202
0 112
7 170
67 123
12 92
18 22
37 153
41 137
38 114
133 195
58 63
194 209
183 234
135 180
10 147
163 171
29 123
160 176
13 200
13 154
5 13
7 202
121 222
56 146
16 89
95 177
16 81
115 168
40 243
5 178
41 140
43 215
27 159
186 240
22 36
57 105
141 166
194 202
161 192
29 241
44 99
72 112
178 227
72 209
70 127
121 164
68 100
7 183
12 230
75 166
33 237
84 143
52 121
47 70
70 142
90 229
82 97
9 194
143 225
73 234
116 234
39 181
6 79
189 208
95 192
156 207
85 113
171 225
82 241
160 231
60 224
22 68
35 44
28 107
28 207
79 99
47 91
11 79
56 137
5 115
178 183
165 185
94 177
164 178
100 139
60 86
4 158
130 141
155 163
80 166
0 187
86 199
59 197
4 140
24 32
84 174
124 149
83 180
52 240
22 167
61 68
124 157
23 166
172 213
45 179
72 97
26 29
83 238
53 153
16 85
121 152
22 198
138 176
176 196
91 219
45 127
165 188
67 185
50 193
116 187
65 77
7 135
90 119
132 152
99 206
160 182
14 77
28 129
191 200
176 184
71 108
12 74
21 40
42 232
80 241
58 185
15 32
88 239
99 153
61 111
97 231
25 91
56 147
87 137
19 147
40 99
27 47
15 133
77 126
114 127
16 68
13 183
179 206
108 183
120 136
38 41
44 200
190 198
21 63
196 214
106 165
50 76
4 117
46 72
47 194
42 61
96 135
7 95
66 96
235 243
181 203
38 100
110 239
2 91
4 237
59 159
111 193
29 216
171 205
182 242
4 218
48 174
64 131
221 228
38 146
144 173
233 239
47 104
140 167
44 75
180 187
34 74
164 184
25 52
115 225
102 201
100 174
46 204
188 221
115 141
115 221
99 197
63 85
45 197
79 136
119 204
166 190
97 232
6 93
37 138
132 148
128 151
27 152
90 131
37 237
152 239
52 86
113 143
1 132
162 173
106 130
50 219
116 211
102 211
103 241
140 218
87 209
58 167
13 31
98 121
8 230
173 199
65 171
142 233
13 167
158 164
26 195
156 222
152 230
36 121
4 99
26 104
201 229
140 169
111 179
67 242
137 222
180 241
130 238
24 203
36 103
68 164
1 206
64 176
29 119
109 130
99 112
2 134
18 159
68 91
76 79
91 199
80 185
127 144
162 169
146 181
60 91
100 238
60 176
83 190
116 124
39 210
109 223
13 198
4 193
27 101
31 80
12 70
16 197
128 172
50 143
45 181
140 223
129 157
5 227
141 241
105 232
1 223
185 243
92 98
6 102
20 239
99 180
42 55
6 127
33 174
49 92
64 139
180 211
32 219
110 216
16 218
206 237
35 51
39 238
10 30
113 204
74 79
159 196
17 69
83 166
18 98
17 210
90 129
61 72
177 189
4 101
8 212
169 227
105 159
57 110
63 193
88 94
31 221
209 214
1 201
43 144
121 145
23 45
3 88
77 243
14 88
118 203
51 107
95 149
10 69
85 128
49 212
74 106
15 178
46 103
77 150
80 104
197 215
13 129
63 218
34 137
12 88
67 86
96 198
121 142
170 241
27 71
49 146
35 39
133 148
49 106
72 153
74 217
15 36
226 238
37 68
56 189
82 124
81 138
63 130
48 59
22 164
51 147
72 133
19 153
47 78
117 226
129 193
15 171
31 56
7 164
10 54
70 235
128 227
51 215
13 23
9 84
3 152
67 130
79 210
105 225
39 185
163 214
75 161
55 74
135 186
29 223
132 184
77 195
174 186
136 235
223 241
158 236
20 240
187 204
72 83
9 224
5 134
29 230
131 148
38 230
99 195
10 127
82 189
29 147
36 106
31 138
20 92
15 35
131 178
0 203
162 184
30 47
39 106
173 174
98 209
78 202
125 129
125 232
24 218
114 136
63 211
69 225
49 126
106 122
92 156
54 77
50 203
62 100
159 236
29 145
25 114
216 223
151 188
126 161
50 179
18 99
7 30
65 222
82 194
90 220
149 191
53 86
77 233
213 225
96 147
161 242
210 234
3 107
34 76
86 165
56 68
104 129
191 215
79 138
203 241
12 90
162 215
37 71
56 64
62 238
74 200
185 210
37 196
50 202
62 106
199 220
42 211
199 223
170 243
8 9
78 181
195 227
134 177
172 242
5 226
85 152
134 198
12 132
41 96
8 199
141 218
31 127
54 206
199 236
52 65
76 192
76 215
4 173
30 148
16 211
36 74
69 76
38 243
119 156
94 178
122 234
131 224
60 159
150 198
145 147
22 117
47 127
57 236
30 35
120 199
195 222
52 219
114 215
68 214
26 151
49 147
102 156
106 169
21 211
136 210
55 110
108 192
0 121
72 238
176 234
16 159
154 242
14 49
82 184
52 147
67 220
186 222
9 222
36 175
0 184
49 169
34 206
145 233
135 219
141 215
20 108
33 60
18 229
59 204
192 208
11 194
35 83
2 110
73 109
69 111
188 243
128 179
148 229
118 230
155 159
178 222
49 177
123 237
111 128
47 141
105 173
3 10
107 125
1 51
47 124
53 156
81 160
163 209
48 77
146 235
43 59
44 93
