245
11
13450
60
105 2
135 2
131 2
36 4
168 2
139 3
135 3
180 1
30 4
141 2
65 1
121 1
222 4
136 1
207 2
214 1
246 3
236 4
135 5
79 3
44 2
44 1
47 3
211 5
185 2
172 1
223 5
226 1
69 3
200 4
173 4
49 1
203 1
18 2
29 1
199 2
220 5
86 1
73 2
80 4
236 4
61 2
154 4
106 2
79 5
212 2
83 2
166 5
156 4
168 4
211 3
71 5
232 2
148 2
49 4
56 2
95 2
161 5
49 3
156 1
150 4
34 2
195 3
205 1
21 2
138 3
12 4
49 2
165 5
143 3
113 2
61 4
127 1
45 1
151 3
107 4
223 3
181 2
229 1
243 3
105 5
99 3
37 4
186 2
194 1
225 5
216 4
245 1
53 1
165 3
45 4
246 2
206 5
135 3
115 3
88 2
94 2
73 4
73 5
224 4
103 2
45 4
207 1
63 4
215 4
223 3
63 5
74 5
96 1
29 2
60 5
52 3
173 3
29 4
118 3
124 3
60 5
37 1
125 4
37 4
171 2
120 1
115 2
87 3
229 4
116 3
112 2
190 3
41 2
127 4
93 4
48 1
35 5
22 5
170 3
77 3
55 5
27 2
73 3
31 5
190 4
184 1
221 4
176 5
124 5
23 4
165 4
118 2
223 4
79 2
138 3
31 4
227 3
221 1
166 1
129 2
170 1
128 2
244 3
94 3
82 1
21 2
15 2
139 2
242 1
127 5
48 1
84 4
124 3
40 2
158 3
124 2
106 3
186 4
142 2
174 5
47 4
18 1
35 2
128 2
88 5
52 4
21 2
80 2
116 2
110 3
202 4
167 3
111 4
63 5
230 3
220 2
189 5
151 4
225 4
171 4
244 1
203 4
37 2
109 2
25 1
135 4
221 3
43 2
204 4
19 1
40 5
100 1
70 5
78 1
233 3
230 2
45 3
116 1
132 1
199 2
137 3
106 2
158 2
175 2
32 1
43 3
135 4
149 1
239 2
205 5
53 3
245 4
147 2
95 5
222 4
110 2
200 3
213 1
224 1
242 4
14 2
214 3
142 5
209 5
55 4
23 2
110 4
67 1
128 3
33 143
41 65
44 240
120 220
62 71
21 184
141 152
21 183
82 163
92 137
153 194
82 140
4 186
24 204
39 59
31 90
40 173
81 168
29 127
39 64
9 241
4 25
41 143
64 183
1 197
91 234
52 149
10 200
109 137
158 208
17 129
153 214
81 108
63 107
169 190
183 232
141 197
88 141
2 103
24 134
75 104
65 147
61 209
104 220
19 28
54 58
36 163
48 85
173 187
150 175
40 95
31 87
163 216
171 228
74 99
42 201
184 243
12 190
45 141
30 63
55 236
95 221
187 207
92 108
153 185
52 89
30 45
35 197
114 227
37 243
86 162
24 241
1 175
55 89
31 140
6 209
47 68
87 203
45 144
219 244
197 214
133 238
157 205
63 93
104 123
103 223
32 65
113 244
71 215
43 126
46 160
82 193
139 188
209 226
160 199
3 161
37 208
2 73
210 225
74 202
58 231
207 209
138 212
56 57
11 82
11 112
34 45
49 162
7 124
119 174
36 235
115 193
59 132
154 218
18 51
36 110
13 91
34 200
28 104
44 213
46 195
178 237
90 200
76 86
76 84
15 142
210 214
19 135
104 115
18 182
9 136
192 223
92 172
105 231
14 84
57 135
1 71
64 72
132 237
177 211
30 212
106 131
103 172
16 208
79 103
23 182
57 78
135 180
87 97
108 111
59 66
5 127
150 210
125 228
54 146
64 150
54 236
34 108
84 203
54 201
15 190
66 102
7 197
16 122
14 163
10 236
37 226
173 197
93 212
80 142
156 167
60 220
31 74
22 167
183 244
70 86
77 155
122 141
11 59
40 168
160 215
14 43
26 115
147 234
115 118
30 77
0 78
19 148
5 211
147 236
19 42
5 12
0 170
66 133
42 72
173 221
16 43
20 202
25 237
66 172
120 142
196 204
153 228
23 74
77 100
6 160
71 128
0 151
89 176
43 48
5 130
48 73
42 142
184 242
62 89
89 232
28 167
122 218
10 74
111 187
5 14
7 9
180 201
119 236
179 220
196 232
64 165
12 95
2 199
9 149
52 125
82 147
159 210
4 33
153 169
64 146
17 126
49 69
116 126
116 161
16 120
122 139
37 81
43 175
163 193
181 222
2 14
178 192
9 223
73 192
95 102
122 217
89 184
224 233
137 162
55 147
39 194
152 155
143 157
104 139
9 57
122 162
155 180
80 228
20 51
10 165
24 135
9 77
175 187
117 173
215 244
144 235
45 77
103 183
114 129
45 164
66 81
56 93
33 170
18 158
43 72
166 200
64 115
87 233
56 113
155 194
205 222
215 236
107 238
17 69
183 239
101 229
52 207
68 230
93 242
190 211
52 121
175 185
127 221
87 88
97 100
72 195
100 237
130 167
42 220
40 227
85 229
29 168
81 87
4 166
96 204
70 177
112 235
108 130
24 197
12 187
123 222
61 185
36 113
73 200
179 193
180 216
1 160
97 121
124 200
99 230
14 92
134 145
97 168
67 146
74 221
80 97
72 185
2 162
102 131
36 131
29 47
0 120
92 110
5 84
199 228
94 130
55 106
10 28
109 170
8 80
86 187
184 241
82 131
21 202
115 142
186 212
57 65
190 209
75 218
29 79
111 132
10 85
119 184
67 239
82 144
5 46
77 128
143 239
231 239
0 40
64 243
149 240
44 69
193 214
2 135
200 203
76 193
109 144
76 77
94 183
41 123
22 244
68 121
62 222
74 204
6 43
197 201
86 205
8 234
186 202
155 156
49 115
17 95
186 243
160 225
131 234
14 75
27 91
72 100
144 223
135 198
118 125
28 144
10 144
144 221
85 131
135 141
127 197
4 59
2 71
29 103
57 128
20 235
62 209
37 119
217 232
61 135
141 203
153 236
25 30
155 238
154 240
196 208
36 224
28 125
157 183
73 119
70 126
49 169
17 138
189 204
61 196
109 233
11 174
117 234
56 140
205 208
97 198
15 44
114 133
5 147
114 171
18 83
78 125
128 176
15 198
216 224
136 230
26 68
105 135
132 206
107 241
94 120
162 229
102 211
202 218
138 221
121 162
9 126
188 200
84 126
84 159
78 161
147 239
36 169
103 222
48 192
3 14
88 121
84 138
77 96
61 107
115 233
51 89
206 217
26 56
30 120
13 164
97 193
155 172
81 148
85 189
37 97
134 170
77 169
114 122
224 240
112 217
1 111
14 122
40 65
47 104
22 116
55 162
56 122
55 115
31 175
92 182
10 111
51 207
2 159
57 158
143 190
92 105
51 73
33 241
10 86
36 130
177 221
18 53
218 225
105 230
168 233
3 129
64 195
70 205
13 59
0 209
38 42
4 226
192 201
86 213
76 224
17 207
146 235
107 118
23 71
82 201
96 141
195 215
235 238
222 230
153 232
66 140
30 128
9 233
154 209
91 94
89 234
46 120
73 197
26 96
125 225
19 169
17 240
42 215
74 120
219 240
153 165
63 72
88 218
3 33
39 108
64 149
120 130
61 244
79 109
0 73
0 26
79 145
14 108
200 210
158 212
98 164
8 218
4 141
27 145
39 219
200 238
91 169
21 80
52 179
15 88
155 165
129 167
152 200
133 206
37 227
38 137
44 84
102 149
15 149
21 141
69 97
110 182
10 133
92 119
4 38
40 165
57 74
103 212
159 166
35 203
58 72
83 131
149 227
157 215
4 45
109 205
57 231
185 234
62 98
78 106
3 61
131 134
158 230
123 189
150 193
54 234
91 232
38 43
20 178
70 204
4 92
151 234
137 234
127 217
52 192
42 153
25 223
59 188
39 230
17 179
229 243
53 202
0 25
65 214
136 190
26 204
129 232
1 55
25 242
120 158
179 182
61 124
5 126
95 174
11 186
24 153
90 243
168 173
49 84
62 165
147 215
134 178
36 88
29 45
219 229
58 195
91 204
213 231
124 223
126 141
37 44
148 167
79 163
131 197
95 216
55 105
214 233
10 54
32 163
58 196
94 237
19 168
70 144
35 152
46 88
66 128
39 137
5 164
48 128
69 104
70 241
133 240
94 195
36 192
20 227
23 129
16 79
122 177
134 203
64 120
26 120
77 178
187 212
110 158
122 148
46 137
83 174
82 182
16 82
74 210
35 207
178 231
104 143
132 157
120 125
2 220
148 225
4 8
56 182
75 87
14 107
59 91
23 141
32 194
148 244
183 210
67 76
121 198
76 150
130 244
59 175
27 190
33 135
165 214
118 236
36 186
94 131
8 208
71 243
65 183
4 98
63 111
68 179
50 243
83 183
146 214
60 123
91 227
61 73
105 116
60 152
130 235
69 193
141 210
33 216
106 195
9 142
97 204
127 192
30 131
40 72
211 216
32 92
146 165
231 242
36 61
97 122
129 185
143 144
199 204
163 200
16 28
20 136
126 165
68 113
14 116
67 158
173 234
212 235
49 50
20 154
146 242
139 241
88 203
17 49
4 231
0 218
162 221
34 192
7 46
63 143
58 198
114 181
95 124
150 226
140 228
122 238
62 206
19 34
25 128
95 227
118 223
159 205
83 91
131 142
4 54
163 176
58 186
185 215
109 116
32 43
34 210
106 143
72 156
24 57
142 217
152 163
67 184
31 220
210 236
10 224
173 237
126 211
71 155
11 229
189 205
116 139
56 87
12 20
84 95
162 234
120 193
12 198
42 155
49 85
25 193
126 190
8 97
52 212
13 124
100 235
51 171
103 109
149 166
82 120
188 199
212 225
30 178
19 149
2 127
12 118
164 201
35 174
80 182
162 178
70 103
174 205
24 242
95 118
222 228
77 187
39 103
73 216
52 78
122 136
188 223
44 138
29 240
33 107
3 241
34 161
44 187
30 92
127 157
11 171
75 109
130 216
15 174
21 242
93 195
204 229
107 190
10 126
47 197
134 192
162 182
180 189
158 194
138 184
47 91
79 237
50 95
48 148
34 244
95 222
49 101
78 94
25 49
139 240
64 190
54 218
159 202
84 204
97 228
6 150
105 229
30 181
85 170
118 161
123 154
39 239
119 239
1 214
40 241
43 76
170 219
29 233
128 174
68 81
89 115
8 79
88 229
41 78
27 142
21 26
150 198
131 145
21 65
50 173
14 61
42 85
33 217
103 182
64 159
152 193
79 221
85 89
17 100
121 130
68 216
165 195
83 212
30 41
103 235
37 87
204 234
117 183
22 68
38 60
7 13
112 187
105 126
31 105
110 142
80 102
3 109
71 102
205 220
63 198
239 241
200 230
66 202
106 128
104 133
104 189
151 174
12 225
176 187
63 217
9 93
6 37
129 182
32 47
70 233
8 20
170 229
102 236
193 241
26 203
5 209
13 90
107 172
147 218
95 240
25 220
67 75
6 224
23 57
112 130
42 243
66 134
34 193
26 99
28 184
170 216
18 57
34 134
165 215
86 152
25 63
38 110
191 221
24 63
90 126
116 163
5 132
38 223
133 237
117 159
162 228
96 120
5 109
7 60
21 97
22 120
16 219
79 210
85 169
103 217
100 168
149 209
152 191
128 180
80 123
11 58
25 82
99 199
14 137
15 224
89 217
149 191
159 161
34 207
89 168
126 172
6 189
57 111
143 203
133 197
163 235
57 99
37 166
18 219
33 85
174 199
155 157
7 131
29 155
17 184
88 211
7 202
57 181
120 200
213 235
111 133
124 131
139 229
142 169
20 172
6 188
10 30
144 229
23 132
11 192
43 202
192 234
155 188
33 131
20 140
111 137
9 111
43 182
146 243
51 232
147 182
27 115
141 232
113 224
44 98
147 184
56 210
203 213
105 175
236 237
6 75
67 98
179 231
88 154
172 181
56 176
160 178
13 63
125 185
4 73
55 128
28 38
44 121
108 224
84 108
70 114
53 130
34 239
11 172
51 191
21 243
95 179
23 186
98 233
40 214
4 191
192 199
92 197
42 120
102 231
68 74
162 174
27 112
59 92
138 191
5 40
50 211
76 136
67 90
118 215
29 171
156 172
118 206
220 241
182 216
59 104
100 119
120 243
24 120
55 164
113 200
101 187
0 199
65 122
73 176
15 89
99 171
118 242
126 235
22 190
32 193
25 238
83 143
42 238
5 44
40 240
24 80
43 181
86 126
65 74
136 215
57 85
53 67
114 213
122 221
36 233
163 242
5 224
24 91
7 95
27 111
133 164
98 229
13 27
26 35
47 160
33 67
103 236
79 162
68 165
79 234
10 195
100 148
17 26
140 192
166 235
145 235
51 137
8 141
64 79
4 18
89 106
86 183
84 96
85 232
189 223
40 76
8 160
8 199
81 224
35 166
41 57
77 94
24 165
151 155
61 116
7 82
50 76
48 198
107 112
121 151
29 34
39 210
6 161
34 76
155 167
170 235
73 198
102 115
22 158
114 215
26 239
154 233
100 149
52 120
31 176
115 141
30 217
124 130
132 141
13 225
21 138
10 119
94 135
24 162
171 172
35 153
40 181
104 132
16 51
111 212
29 189
191 226
46 106
10 228
183 215
94 209
101 236
59 102
12 161
172 213
59 63
135 244
34 100
124 190
182 185
32 101
58 219
121 141
27 72
9 166
40 149
159 167
12 102
63 210
15 145
112 200
53 114
35 187
47 151
15 133
80 227
84 110
73 151
13 142
181 241
135 150
128 190
132 193
16 136
170 225
167 200
37 63
49 241
208 216
55 67
32 223
66 109
27 95
86 133
113 204
59 81
174 196
90 109
88 173
75 233
95 235
54 161
91 195
117 240
96 165
129 143
40 123
59 237
186 209
40 82
95 181
6 107
57 122
131 160
57 144
43 120
29 150
117 164
193 219
25 215
52 233
158 174
60 180
187 190
22 32
80 87
159 224
54 222
79 171
64 154
150 207
61 62
11 149
78 135
134 183
210 221
89 198
7 74
53 97
1 129
43 132
86 122
46 94
45 217
22 139
17 209
91 165
33 174
21 224
49 52
93 196
60 217
115 123
5 105
42 223
168 183
227 233
68 206
216 244
107 242
7 15
179 240
45 128
149 210
10 72
105 136
216 232
110 134
186 207
40 157
38 227
17 36
8 11
183 192
36 157
69 147
92 164
2 20
0 195
10 101
60 110
77 179
105 234
7 79
15 172
82 136
49 157
105 237
47 59
163 205
82 204
9 194
35 237
63 185
68 234
50 54
183 198
111 228
110 242
71 147
65 123
20 34
114 116
25 234
49 110
160 165
115 162
198 203
5 85
65 118
157 160
17 217
21 168
212 219
113 191
157 176
33 193
72 200
138 208
19 181
62 240
22 67
211 238
177 219
116 193
32 214
41 67
82 150
26 240
159 185
31 73
29 65
170 244
191 243
39 44
17 63
90 116
223 243
192 208
20 84
48 75
25 121
38 130
92 130
59 127
17 157
185 221
1 206
11 195
96 98
165 186
138 234
51 140
207 226
172 231
36 114
47 182
84 155
51 116
15 99
9 45
102 135
93 217
134 143
221 238
179 190
41 231
151 218
58 213
88 224
99 129
24 234
45 140
130 159
37 103
94 225
113 150
136 164
37 233
110 190
99 147
128 228
214 241
28 64
34 178
22 85
107 120
99 152
26 173
28 78
47 129
118 178
63 102
23 90
10 183
79 149
124 151
60 184
1 243
51 180
34 36
8 123
33 69
127 204
11 231
76 167
78 182
107 164
67 116
140 229
56 227
133 204
49 159
16 140
73 210
102 134
127 223
65 180
18 242
40 170
9 169
208 237
16 170
28 63
54 200
161 238
42 233
176 211
195 235
48 109
8 120
150 151
30 155
11 144
19 103
221 232
15 75
24 170
190 208
158 180
63 85
72 111
85 160
43 103
70 168
49 237
60 157
12 21
94 166
84 240
7 65
35 191
102 173
152 209
135 226
34 168
121 150
30 159
9 120
98 178
149 152
14 155
30 108
79 161
157 214
137 166
150 196
87 129
202 207
61 188
144 203
84 123
45 52
90 221
188 231
75 212
36 51
152 208
5 128
25 206
55 98
51 80
48 153
0 214
157 236
119 237
7 126
142 196
37 124
199 226
40 228
111 198
152 210
31 117
132 155
18 172
60 195
161 216
180 215
168 200
132 228
6 87
63 123
166 192
125 232
193 243
111 236
204 215
82 90
32 172
87 155
57 80
20 81
71 93
28 99
16 214
12 205
55 159
50 156
118 119
85 197
94 113
36 200
210 232
127 170
54 221
92 229
12 49
59 219
82 197
50 166
0 42
130 231
202 241
57 216
41 226
110 168
32 188
2 36
75 201
108 208
73 201
81 132
69 149
21 241
225 237
5 188
138 224
37 222
50 212
23 171
154 200
60 101
45 115
44 78
103 156
107 185
94 141
11 115
95 209
6 117
2 79
4 31
97 112
5 148
66 213
7 212
92 150
54 113
29 228
37 213
104 194
186 233
12 133
13 193
71 91
83 243
223 224
61 102
194 236
11 214
31 132
205 216
174 187
2 146
126 244
14 53
73 147
122 214
227 237
11 164
46 133
46 226
189 191
147 240
80 109
32 100
178 194
55 86
80 233
20 23
108 215
35 36
135 155
229 241
0 18
3 102
56 70
57 233
139 223
55 216
13 34
140 183
202 204
65 229
12 180
24 108
17 142
34 97
140 189
111 124
17 82
82 239
46 47
88 237
118 237
190 243
46 123
33 130
154 185
14 128
150 201
136 226
90 149
144 147
112 143
71 167
91 224
12 39
189 243
10 67
23 153
49 240
116 141
58 233
11 242
136 217
51 181
88 95
178 235
95 122
54 177
12 15
94 174
69 78
157 177
60 78
168 169
16 177
13 173
34 98
44 151
32 167
158 214
154 183
57 92
94 229
153 181
31 179
76 154
113 127
97 238
42 141
122 165
217 219
6 167
77 191
21 118
27 168
44 87
196 202
147 232
203 208
11 100
129 214
165 182
7 90
85 126
38 232
33 142
78 187
90 157
38 215
177 198
21 219
76 171
93 224
131 227
36 90
70 209
57 112
42 52
179 236
81 205
28 223
3 152
129 137
94 95
150 170
41 218
93 206
135 152
137 244
113 128
5 219
3 220
155 184
52 56
126 193
22 209
96 190
17 211
2 37
62 170
40 148
174 208
143 243
211 223
111 177
151 208
0 13
58 229
89 125
153 243
110 227
21 201
157 211
199 216
114 214
175 190
36 223
206 221
82 84
65 133
164 184
41 126
18 88
168 178
73 188
205 229
78 188
133 200
105 227
48 182
47 205
67 97
133 188
83 226
13 51
3 114
24 206
64 95
130 184
146 221
53 226
133 165
106 173
46 210
30 95
49 114
154 155
61 243
34 48
175 198
150 183
103 201
4 132
13 190
59 85
32 75
137 172
3 23
209 235
122 198
31 40
57 208
29 158
100 164
43 159
12 197
174 197
170 241
16 87
105 117
38 129
135 142
81 92
69 81
180 196
11 53
76 96
53 110
146 210
20 124
22 195
40 200
45 204
78 144
102 116
80 115
122 210
64 219
73 134
39 50
30 113
133 167
10 125
125 192
1 134
98 136
132 139
85 155
134 229
6 114
51 228
42 49
206 239
148 204
109 125
41 133
42 231
175 186
37 92
32 120
70 87
88 195
108 159
155 187
19 201
228 231
81 147
124 193
164 168
29 238
100 221
76 233
28 96
70 222
14 70
60 193
5 203
59 134
43 114
68 92
22 88
81 129
105 111
56 169
161 200
105 184
32 113
90 207
14 93
189 240
47 73
45 122
37 148
49 134
43 54
9 210
62 226
138 209
53 146
108 221
45 97
45 96
118 194
58 92
24 225
30 115
38 88
98 137
201 238
83 133
3 88
49 138
84 239
28 164
7 194
10 83
107 186
133 134
78 232
6 13
186 204
45 113
106 223
71 123
48 72
22 122
29 147
32 169
72 160
0 201
123 147
173 219
30 96
39 167
13 195
218 224
20 203
3 108
57 63
138 215
56 208
203 239
132 184
93 215
20 244
26 157
181 240
33 57
96 186
94 155
106 210
111 226
24 35
118 229
42 89
44 232
43 171
17 146
21 170
53 61
89 191
168 177
9 175
11 237
79 88
118 168
58 60
31 157
38 180
26 74
33 163
35 216
167 218
51 237
10 16
81 218
65 92
16 64
232 234
79 173
3 183
4 148
185 237
35 210
180 232
108 132
124 211
14 111
65 216
105 206
28 62
53 147
5 210
135 136
127 151
24 100
183 217
51 149
31 92
165 205
38 186
74 86
47 153
8 229
2 67
167 177
90 171
37 161
169 232
111 130
19 104
143 230
14 153
82 97
90 127
142 226
49 161
48 244
76 190
22 204
109 189
11 21
111 193
112 205
214 242
175 240
28 188
29 91
111 131
86 112
134 232
36 134
46 212
168 238
175 189
69 214
47 85
72 190
80 206
172 211
46 62
185 229
133 155
107 195
69 90
69 241
8 200
178 187
31 33
162 177
67 92
143 199
210 217
127 241
181 238
159 183
122 231
2 34
122 129
32 67
25 39
31 163
26 131
140 216
14 112
158 243
17 77
26 236
44 133
153 155
67 178
7 108
146 226
60 136
77 80
125 242
140 210
61 162
27 48
54 86
170 178
39 112
72 114
231 234
72 177
87 154
74 200
18 165
143 214
112 151
36 227
53 121
8 52
196 233
56 223
191 210
38 143
63 202
50 185
174 202
1 100
179 224
23 219
32 229
40 159
120 180
20 155
3 151
119 160
26 235
136 224
15 114
149 156
3 140
229 237
3 197
1 98
46 78
120 182
123 206
71 81
40 70
15 162
122 126
17 79
33 137
59 114
82 235
119 151
146 215
169 171
96 151
25 212
27 78
7 116
30 170
36 183
114 194
150 186
98 162
179 203
80 133
30 193
159 244
105 186
68 225
73 205
181 212
70 107
40 221
12 35
94 168
75 206
37 199
1 96
173 185
174 224
122 131
57 130
2 55
106 129
29 178
22 180
96 143
8 145
57 73
192 210
21 211
61 175
106 238
121 227
160 234
63 96
45 93
92 210
13 16
80 91
44 226
40 192
130 234
197 212
116 227
138 177
200 208
50 87
0 171
133 191
37 153
43 207
74 131
106 137
99 143
108 234
155 235
106 186
47 237
114 161
14 174
74 93
94 121
50 67
109 241
47 213
55 109
100 213
91 136
45 151
49 234
98 224
103 145
202 217
63 215
16 180
69 101
83 132
88 110
106 235
20 49
18 102
173 239
160 233
75 111
53 203
114 198
145 227
19 231
63 239
79 209
38 173
41 222
89 189
122 156
23 116
136 222
175 241
26 109
109 216
2 217
130 232
64 228
33 185
141 158
153 173
29 183
96 208
40 52
24 205
129 157
92 199
68 149
39 160
86 127
39 197
7 170
99 127
8 157
52 204
73 76
23 184
133 141
80 127
80 237
66 152
97 223
16 210
106 113
21 66
38 135
34 85
134 159
79 106
127 218
203 237
44 112
100 159
9 61
71 206
105 219
166 186
12 71
15 179
152 166
15 63
131 185
29 70
199 242
130 183
142 162
6 59
47 132
206 234
116 132
174 193
61 63
1 200
72 99
39 132
24 159
13 135
141 207
124 139
222 226
72 193
34 158
23 178
83 188
28 102
9 60
31 77
30 146
91 113
52 92
181 217
191 235
15 155
110 226
85 101
90 198
23 200
151 202
54 212
11 227
71 119
164 205
83 95
92 135
126 222
96 106
118 235
58 236
30 166
6 227
106 229
176 195
131 244
59 70
71 166
63 77
164 195
17 164
97 188
36 225
32 88
68 128
0 47
9 109
84 146
97 123
82 168
30 142
8 15
168 175
32 152
12 174
52 70
114 178
165 166
57 124
36 39
128 178
45 231
20 176
58 141
162 202
95 103
9 49
14 196
62 159
122 180
48 183
46 64
116 182
69 79
39 204
5 30
145 185
202 205
103 111
77 79
23 226
186 205
148 193
164 187
118 220
8 36
61 229
40 100
64 142
22 179
90 187
33 129
44 58
113 148
56 98
50 210
129 187
99 197
4 140
183 189
111 223
34 137
4 237
142 234
0 242
21 134
163 177
104 116
74 195
212 214
77 226
137 171
198 232
21 175
10 232
119 145
111 184
75 83
123 182
88 182
51 92
30 184
123 126
129 156
107 143
54 63
27 186
51 157
211 240
78 154
123 173
177 218
25 217
16 217
118 225
194 226
4 179
76 141
14 124
99 177
133 239
142 232
37 59
120 163
66 149
35 66
75 164
52 74
117 213
30 176
38 236
38 55
109 222
33 49
93 171
152 217
124 236
146 160
17 97
142 219
63 235
55 143
141 189
160 200
202 216
105 158
70 155
14 95
129 198
59 109
138 186
76 78
45 100
9 177
51 162
60 89
55 198
86 216
24 132
38 78
177 243
137 174
95 242
27 162
81 154
196 225
12 41
94 230
165 190
57 95
29 85
69 180
29 55
11 93
189 215
51 93
85 122
15 165
47 159
34 114
73 108
92 195
35 115
49 180
3 123
72 199
65 231
33 82
45 76
19 144
108 147
144 150
27 137
198 225
115 139
86 143
155 193
66 181
60 82
136 178
179 237
33 39
62 242
57 61
116 136
55 221
13 233
115 164
21 90
199 214
41 58
185 214
28 131
172 175
102 161
127 205
88 177
6 191
79 155
45 95
86 155
83 124
54 213
17 37
118 156
87 202
136 233
104 113
142 227
46 90
94 106
105 205
29 167
6 76
106 166
154 166
140 224
12 34
152 213
43 164
167 238
78 189
83 236
92 151
171 179
49 175
114 195
225 235
4 40
57 190
134 239
73 244
70 239
57 142
194 198
144 222
94 133
48 141
35 63
29 161
138 196
128 132
96 132
25 233
6 170
56 203
37 94
197 205
21 108
83 238
118 218
200 239
29 153
22 50
70 231
24 110
141 166
176 190
156 193
135 218
130 233
24 93
214 244
25 125
16 144
58 241
95 224
42 140
147 170
73 214
13 81
8 131
130 154
5 228
46 238
184 196
92 96
97 200
38 132
50 179
113 190
11 210
45 188
71 184
72 205
194 215
84 208
96 188
58 207
47 106
92 176
12 23
23 75
67 237
48 220
56 231
67 195
198 235
14 126
30 106
41 109
65 236
15 58
171 241
156 177
64 110
42 227
14 229
6 110
73 158
65 116
56 129
183 237
154 204
158 179
27 148
43 213
144 227
44 238
199 203
74 147
26 139
10 219
51 220
215 231
43 156
105 122
191 242
178 198
18 181
65 185
47 222
185 244
70 218
148 151
203 241
172 207
55 234
17 106
7 30
57 180
121 143
13 20
7 39
45 223
84 243
214 230
86 188
173 203
45 102
162 206
167 184
2 140
179 196
102 174
116 202
163 173
93 186
144 174
74 167
33 117
132 202
44 106
12 114
78 143
35 74
104 138
69 122
169 233
33 91
70 137
125 141
142 189
10 129
68 162
6 68
20 189
160 235
221 229
112 214
51 239
150 162
221 231
56 78
37 237
8 188
118 186
99 141
205 209
65 87
95 188
106 159
116 213
63 88
21 55
164 212
50 174
74 226
7 184
64 81
92 147
119 138
72 180
60 169
32 53
109 124
47 142
10 31
107 209
138 163
54 155
112 173
134 220
72 208
91 93
76 184
128 154
159 218
177 237
1 126
52 231
3 222
69 92
147 178
20 196
121 161
39 179
128 237
60 112
75 191
160 242
39 54
141 145
23 196
31 214
45 197
59 192
96 231
67 228
20 28
53 234
21 208
65 163
166 242
75 161
9 26
66 156
120 184
28 159
94 196
4 193
67 186
45 47
86 231
61 95
21 199
7 181
102 151
6 28
111 215
70 202
79 87
38 169
53 104
126 200
221 227
11 17
80 96
49 90
106 176
27 221
49 132
120 172
24 160
128 133
122 172
53 105
76 202
30 154
67 148
78 221
127 148
48 233
123 162
29 220
96 200
15 125
33 167
117 187
220 234
42 116
42 174
43 242
232 240
68 98
80 191
51 102
20 98
51 217
5 150
80 110
34 184
12 31
11 94
131 195
123 205
57 232
80 107
97 127
16 173
86 219
128 171
132 181
35 44
61 242
13 64
55 62
221 239
42 46
151 175
74 151
42 56
150 204
78 115
86 111
26 73
110 236
62 104
85 225
35 222
44 89
30 35
24 168
127 182
57 207
74 148
186 231
47 216
46 235
192 198
69 170
6 53
119 139
180 199
25 142
66 147
85 150
97 173
110 162
46 107
132 199
7 34
68 148
148 168
145 173
33 147
223 244
8 125
65 191
117 196
205 219
14 150
74 115
93 145
46 84
135 224
74 103
158 178
145 148
32 213
99 137
11 239
147 194
51 144
50 105
7 242
57 218
79 130
14 100
106 171
186 242
160 175
49 127
47 72
47 58
1 67
18 155
19 172
13 182
26 171
179 209
3 24
101 223
29 169
3 44
22 37
94 189
12 88
27 158
163 208
57 87
101 188
183 203
81 113
46 142
1 85
3 239
13 33
76 169
73 94
48 113
109 183
170 205
84 165
39 81
22 165
61 147
41 174
68 126
29 244
189 209
32 244
101 231
123 236
34 86
58 155
131 171
5 27
13 180
41 111
84 125
72 155
146 220
16 101
81 98
33 94
0 22
46 216
64 166
107 153
136 142
166 218
21 59
56 79
20 152
34 209
35 160
59 223
53 206
45 154
82 141
110 205
35 139
55 230
96 167
124 159
91 238
29 235
142 223
122 147
1 135
110 137
27 218
119 202
4 119
45 62
135 231
115 128
36 240
26 65
57 131
107 155
46 48
10 41
140 197
74 232
77 170
166 243
91 194
10 142
23 50
25 189
87 210
22 107
92 201
111 144
24 196
83 193
116 142
157 198
69 238
150 159
12 147
111 121
66 124
133 149
186 197
119 154
35 176
149 229
227 228
65 68
114 223
12 219
95 191
54 143
54 240
101 114
144 179
97 215
117 191
15 151
13 118
16 71
28 114
95 128
183 229
72 138
60 153
132 165
88 99
70 101
198 242
30 207
105 222
51 131
17 113
141 241
35 192
26 103
100 121
3 139
190 229
85 240
143 150
33 76
88 145
123 166
16 63
39 82
79 148
93 202
21 124
64 213
186 232
57 178
16 93
65 184
59 149
111 178
5 233
63 240
48 147
118 192
47 78
0 190
74 134
47 103
14 113
40 242
54 182
100 220
85 185
139 175
64 244
89 171
47 136
17 28
55 168
43 94
86 215
75 143
10 79
107 138
164 221
8 33
31 57
43 112
182 192
12 128
67 128
56 60
154 194
17 32
155 159
169 226
16 241
64 160
5 186
15 126
164 215
98 142
42 43
10 14
94 109
22 53
66 76
77 153
169 244
152 215
101 183
159 174
31 75
137 193
184 218
77 157
43 130
8 172
48 164
24 83
149 203
22 186
187 240
42 93
49 195
152 216
116 206
9 148
4 61
178 208
16 24
122 125
187 196
159 188
56 155
66 237
2 123
142 231
108 204
22 52
0 99
186 226
131 199
144 216
22 202
27 100
69 154
61 97
210 237
74 144
54 91
110 213
17 171
184 214
18 151
9 225
121 204
201 236
138 222
228 239
68 147
28 232
152 165
40 94
102 184
81 86
116 171
26 190
197 211
79 181
42 236
43 208
27 67
97 203
11 138
52 222
95 136
177 200
134 214
53 152
53 96
7 29
38 154
115 238
25 71
15 56
74 166
8 93
131 198
49 164
82 170
88 116
26 110
38 103
68 220
108 241
31 204
42 234
22 80
80 130
84 190
54 64
11 40
46 104
55 116
44 204
31 243
1 140
22 162
170 226
170 183
7 89
19 92
137 230
205 244
183 199
77 117
39 196
59 182
71 101
41 203
20 107
37 69
10 154
184 230
187 241
34 128
8 213
149 234
208 230
48 144
141 243
3 83
41 157
73 142
8 119
156 228
83 222
39 218
201 242
37 122
6 145
145 240
73 139
78 151
191 228
102 227
148 166
40 79
76 207
79 99
46 188
9 115
11 91
45 119
123 204
45 207
42 205
88 126
36 75
72 203
73 101
129 161
144 192
17 108
8 49
55 102
72 142
184 233
41 49
141 156
174 188
183 204
136 243
33 48
1 29
83 128
18 192
141 192
59 105
89 165
97 229
109 235
0 235
123 224
135 177
61 93
155 202
56 211
20 114
4 55
149 202
144 171
1 143
221 230
142 208
22 109
34 221
86 158
28 134
22 217
96 99
67 73
143 170
65 94
63 201
3 213
146 228
92 187
19 64
67 220
110 159
18 21
14 176
7 69
107 187
199 219
16 159
96 119
55 155
120 214
28 150
19 68
194 237
79 157
95 140
104 181
12 111
216 222
54 79
78 225
104 238
5 215
166 228
141 239
71 127
86 94
167 228
14 118
231 236
43 75
134 217
18 233
126 158
54 217
153 235
180 242
27 29
106 153
55 235
78 214
138 153
37 126
126 229
144 153
99 205
87 226
177 182
105 211
0 137
19 76
18 200
116 125
2 126
36 166
103 178
171 175
101 157
41 74
21 172
23 110
94 119
0 139
81 241
134 206
105 121
163 229
7 125
214 240
0 86
10 29
45 168
77 194
81 157
90 96
6 92
125 188
101 112
54 120
34 237
108 185
62 108
217 236
174 243
36 40
140 194
82 151
26 114
3 234
19 120
22 103
96 114
55 63
42 165
25 149
28 213
22 24
79 238
100 154
163 187
152 206
75 117
17 215
31 121
111 203
18 34
54 114
24 60
53 228
139 225
21 158
100 144
69 195
149 230
113 225
156 229
23 130
30 200
129 175
97 115
158 216
119 192
4 115
215 241
90 203
45 57
63 141
37 43
13 79
182 237
117 223
205 233
11 85
152 160
209 231
30 225
205 234
213 240
24 92
22 219
19 243
163 227
83 171
187 228
56 162
61 142
76 95
83 201
145 244
37 130
187 234
129 160
65 241
190 240
23 35
153 244
139 194
137 150
36 182
38 64
31 106
65 131
117 184
79 146
227 229
9 156
90 105
28 95
58 123
204 219
33 212
17 102
224 228
26 119
70 108
87 121
42 137
139 151
55 70
160 206
68 243
27 138
39 185
53 151
108 188
186 238
35 98
109 163
127 201
159 162
50 155
58 78
19 131
79 175
146 184
61 184
93 193
99 139
2 61
123 168
67 79
14 237
103 129
101 213
137 236
22 200
107 206
99 102
19 41
94 208
36 66
101 153
111 201
13 110
102 122
109 199
8 211
36 127
37 108
3 53
90 100
40 56
87 177
36 202
26 150
27 56
27 243
109 112
73 177
21 43
168 209
22 61
0 172
237 241
21 52
209 239
96 242
165 200
124 217
44 51
32 186
29 137
66 70
32 56
30 121
117 177
56 121
189 224
122 184
7 14
46 99
2 194
149 167
109 244
127 222
102 139
55 237
15 225
25 168
155 225
69 135
94 194
61 157
41 178
80 144
40 166
134 199
144 237
72 82
113 233
143 235
3 174
221 234
65 138
44 209
176 244
36 84
79 156
149 208
90 204
1 229
32 135
98 174
5 88
47 186
18 222
32 34
8 216
144 196
13 166
40 177
91 219
41 185
21 204
31 61
81 181
42 110
203 207
234 241
167 198
68 101
35 119
147 214
63 103
191 212
112 206
40 46
133 235
95 168
30 33
35 205
25 138
135 206
89 96
54 138
97 116
102 185
96 181
50 60
177 235
110 126
50 167
122 227
128 141
46 196
230 239
14 154
8 37
7 93
96 109
56 180
62 243
36 232
27 157
51 95
32 209
23 218
141 180
185 238
24 26
103 173
37 115
148 218
68 83
3 34
26 238
130 196
63 87
44 163
143 202
101 186
134 189
67 185
44 191
216 241
90 193
72 117
111 216
89 242
18 56
51 118
69 194
101 119
19 138
0 95
182 207
32 185
27 232
213 233
51 148
65 200
31 228
154 175
32 95
1 117
0 193
185 224
192 227
25 112
117 221
51 133
18 87
1 28
93 155
114 169
22 64
103 239
38 84
140 170
182 217
29 234
112 166
6 78
37 212
101 130
13 232
125 177
154 173
40 122
59 202
143 210
174 186
55 130
139 153
117 135
98 104
81 186
0 152
23 40
180 211
15 98
80 140
119 162
33 176
118 170
186 244
198 229
135 169
13 205
36 97
69 163
1 231
94 214
172 237
65 130
102 146
157 244
24 69
77 196
171 229
67 211
18 179
57 197
117 242
77 91
79 142
221 237
51 87
43 177
151 169
40 147
44 228
2 12
34 47
5 170
195 228
57 206
132 204
49 233
159 239
68 77
53 160
132 185
92 186
179 244
39 175
28 105
86 114
141 201
61 129
188 201
117 222
91 132
162 192
140 233
74 188
71 218
157 206
77 78
99 241
28 146
53 135
30 54
103 126
77 197
88 214
119 161
49 210
46 167
148 188
2 66
57 236
114 162
36 178
178 209
6 203
87 217
119 240
3 128
145 167
61 141
1 195
7 163
66 233
12 80
17 230
37 116
41 96
38 76
242 243
57 191
190 221
180 237
134 154
10 137
161 171
29 94
158 185
13 187
13 141
4 243
7 195
120 224
56 90
16 73
94 231
16 65
114 182
40 203
3 218
41 99
43 172
27 132
183 231
21 236
56 235
139 232
190 214
159 198
29 212
44 55
71 212
176 182
72 137
69 231
120 166
67 208
7 176
12 218
75 91
33 204
83 219
52 69
46 220
70 72
90 139
81 177
9 185
142 183
73 161
116 118
39 142
3 198
186 187
95 97
154 228
84 187
169 201
82 159
158 240
60 164
22 46
34 218
28 79
28 179
78 185
46 241
11 68
56 81
6 98
175 206
163 179
93 233
162 175
99 183
59 210
0 187
128 240
153 187
80 86
2 141
86 113
59 138
0 87
23 228
84 90
123 145
83 97
52 188
22 145
60 190
123 153
23 143
170 186
45 134
71 197
25 221
83 155
53 100
16 69
120 154
22 176
137 144
173 227
91 128
45 82
163 182
67 118
50 143
115 199
64 191
7 128
89 183
131 132
99 107
158 191
14 63
28 101
187 227
173 215
70 210
12 62
20 242
42 190
80 161
58 127
15 17
88 151
98 199
60 233
97 134
25 66
56 91
86 207
19 128
40 59
26 237
15 118
76 216
113 143
16 52
13 170
176 225
107 211
119 140
37 209
44 156
186 230
21 42
192 216
105 197
49 220
0 173
45 224
47 147
41 221
95 187
7 88
65 208
221 225
178 214
38 62
110 129
1 209
4 49
59 100
110 215
29 187
169 181
223 231
4 139
48 126
64 67
213 219
38 108
142 230
220 227
47 57
138 236
43 231
177 202
34 40
162 181
25 27
114 239
101 241
99 218
46 158
185 204
114 155
114 235
98 243
62 203
45 152
78 222
118 210
164 181
97 135
0 169
37 101
130 241
127 139
27 125
89 195
37 200
151 179
51 226
112 161
5 140
160 176
105 162
50 169
115 223
102 109
103 138
139 182
87 122
58 109
13 18
97 169
8 222
170 242
65 106
141 193
13 154
156 179
26 169
154 243
151 170
36 85
3 120
26 78
197 206
138 238
110 201
67 175
136 192
178 190
129 222
24 179
36 67
68 96
1 70
64 112
29 90
108 156
98 158
0 66
18 141
67 199
75 171
91 108
80 105
126 134
160 172
144 232
59 215
100 138
60 116
83 107
115 136
39 171
109 114
13 185
4 185
27 74
31 49
12 58
16 181
127 160
50 93
45 136
139 187
128 143
5 218
140 203
105 127
1 232
182 238
91 158
0 64
20 219
98 226
41 215
6 121
33 141
48 238
64 75
177 226
32 187
109 240
230 236
201 231
34 225
39 199
10 20
112 222
73 175
157 208
17 52
82 244
18 80
17 193
89 193
60 194
174 216
6 30
8 204
167 209
104 193
56 240
63 130
87 162
31 190
203 230
6 94
43 101
120 147
22 243
2 41
77 166
14 74
117 211
51 56
94 203
10 59
84 202
49 163
73 202
15 163
46 57
76 240
79 188
193 212
13 116
63 155
34 103
12 76
66 196
96 102
120 144
168 220
27 44
49 97
34 213
131 238
49 57
72 81
74 143
15 21
216 237
36 238
226 236
81 204
80 220
63 67
47 207
22 142
51 96
71 233
19 134
46 228
116 236
128 179
15 156
30 238
7 157
10 44
70 165
127 215
51 164
12 241
9 75
4 157
66 240
79 131
105 120
39 146
161 214
75 86
54 208
134 160
29 194
131 164
77 118
171 225
135 207
214 243
157 164
20 220
184 191
71 183
9 215
4 90
29 201
129 244
38 192
98 241
10 117
82 107
29 118
36 70
31 107
20 72
15 20
130 160
3 221
160 187
29 231
39 67
170 217
98 111
78 124
123 243
124 226
24 194
113 152
63 148
69 156
49 77
105 154
91 216
53 213
50 153
61 220
158 162
29 116
25 89
209 224
149 224
125 153
50 129
18 81
7 23
65 157
82 112
90 130
147 233
52 224
77 156
207 213
95 199
160 164
204 243
3 177
34 42
85 237
55 200
103 165
187 242
78 224
199 208
12 78
160 218
36 241
55 196
62 176
74 126
182 205
37 159
50 152
61 226
195 207
42 169
195 210
168 222
7 237
78 103
191 234
133 153
170 215
0 202
84 226
133 174
12 120
41 55
8 191
140 180
31 96
54 152
195 223
51 205
76 116
76 139
1 154
30 118
16 195
36 38
68 182
38 205
118 162
93 234
121 234
130 206
60 99
148 237
143 201
22 95
47 80
57 179
29 219
119 203
191 229
52 167
113 231
68 146
26 125
49 98
101 196
105 201
21 190
135 182
54 244
107 220
5 123
72 166
174 195
16 143
153 178
14 35
82 102
52 95
67 153
183 213
9 213
36 139
0 57
49 120
34 172
144 187
134 193
140 177
20 88
32 238
18 211
59 145
188 230
11 183
35 48
5 222
72 207
68 217
185 226
127 167
147 177
117 238
153 183
176 177
49 128
122 235
110 150
47 94
104 207
5 136
106 155
1 185
47 77
53 103
80 242
161 209
47 225
145 187
42 217
44 49
83 217
4 93
167 237
46 74
147 163
2 82
71 220
88 107
75 120
38 147
108 205
6 219
166 224
58 188
120 195
234 240
84 174
126 203
223 228
170 203
159 236
140 142
52 170
6 31
152 190
53 242
56 163
8 62
179 221
15 47
52 205
45 139
70 164
110 243
170 214
32 127
161 233
98 120
109 155
4 29
104 137
46 162
175 191
48 95
50 199
43 55
26 167
108 212
8 21
65 86
98 134
129 239
15 186
3 119
70 152
3 243
111 222
40 53
113 197
133 152
169 175
90 189
125 137
24 143
73 95
5 42
72 106
47 107
1 63
54 74
72 172
21 104
224 238
41 214
133 232
10 147
45 212
88 231
130 142
21 48
119 201
85 118
70 124
35 234
51 143
153 211
148 216
114 163
31 241
207 238
149 241
32 119
59 131
81 123
21 160
24 182
41 60
192 203
22 34
25 222
133 198
66 241
32 46
53 191
39 163
103 141
195 230
7 64
59 97
13 242
156 165
47 118
51 231
32 240
131 170
28 206
109 111
113 164
84 230
98 128
169 234
7 166
110 219
45 242
4 155
206 215
100 229
2 30
13 85
73 116
53 58
48 118
70 188
122 191
108 113
89 140
24 127
112 125
57 139
8 167
81 110
72 126
12 228
13 95
91 171
9 43
52 238
49 158
169 183
11 181
57 82
42 230
35 143
16 157
146 180
20 102
43 102
156 204
52 118
0 222
7 161
10 115
71 89
74 92
52 237
72 178
40 209
110 141
27 63
74 199
54 119
6 204
81 84
146 194
92 102
5 178
64 173
160 188
98 101
0 14
76 108
63 149
23 30
6 35
199 236
23 94
137 220
3 173
104 161
90 103
186 188
115 129
65 78
6 171
174 180
67 161
120 140
115 175
15 143
23 45
79 233
19 83
146 231
71 208
17 25
75 150
156 240
67 201
112 189
132 175
46 229
51 244
115 202
86 202
74 168
16 25
126 154
88 139
105 215
49 130
168 193
12 30
93 213
24 213
111 176
97 221
69 242
25 176
57 121
24 107
17 241
122 202
193 196
109 220
44 116
68 193
11 222
132 168
17 220
24 240
59 82
152 212
111 126
215 240
126 183
225 242
73 223
41 182
8 238
100 139
170 196
152 239
114 154
26 37
138 240
29 44
33 38
3 233
88 133
121 243
61 179
11 34
44 115
168 203
81 193
62 234
213 227
54 136
61 144
31 227
204 224
57 241
239 240
99 158
9 104
66 71
204 212
146 191
2 117
128 153
83 213
201 206
163 236
85 119
132 236
6 26
195 244
13 123
162 183
166 209
71 73
101 102
15 161
77 82
179 186
84 238
13 39
137 242
15 95
205 240
108 180
78 200
10 218
29 89
165 234
153 209
159 186
86 214
69 116
188 197
84 221
157 182
46 161
54 101
78 196
39 118
48 88
142 214
100 109
12 17
12 90
22 203
160 217
176 217
54 102
1 95
61 234
0 81
20 141
165 169
57 242
180 193
197 243
36 62
75 98
68 155
32 115
186 210
63 65
168 218
3 156
22 114
99 173
37 102
142 185
47 50
0 63
43 244
86 194
150 244
48 62
7 129
208 218
92 145
21 187
230 235
35 73
76 117
12 145
195 196
152 175
55 211
126 132
201 220
29 112
126 210
46 168
106 133
163 170
159 182
119 150
103 199
59 194
112 240
3 181
20 77
145 202
201 219
191 227
56 172
112 176
123 127
156 224
66 67
186 219
45 198
76 118
26 218
21 159
158 229
173 184
100 150
44 97
20 122
115 122
132 190
49 112
86 225
1 114
22 229
122 230
119 235
128 220
0 91
133 180
27 199
13 14
153 234
4 65
28 234
102 128
3 162
44 236
137 149
152 225
22 81
10 191
190 218
170 184
109 162
126 167
89 199
160 180
38 222
51 169
164 192
142 224
185 240
63 144
56 142
121 139
6 202
80 215
38 104
36 155
40 121
87 106
22 141
29 149
90 195
106 205
26 138
190 206
0 118
33 134
85 92
61 194
185 205
66 77
110 200
115 159
159 197
124 164
131 182
67 77
46 61
108 176
152 186
112 181
21 54
82 238
92 215
1 110
157 217
68 169
15 83
170 228
117 237
158 223
48 214
113 140
33 153
15 168
124 157
128 226
57 89
11 105
106 121
124 237
134 224
75 243
35 141
217 233
61 166
61 236
80 90
23 164
78 165
30 99
6 178
49 142
60 137
25 165
66 191
107 178
53 175
9 132
152 244
86 238
65 72
57 229
21 74
108 232
151 228
7 42
19 189
121 189
34 60
32 108
33 149
62 79
109 209
123 130
114 118
43 173
78 148
12 52
16 23
160 209
55 210
65 187
84 161
4 229
37 60
17 99
34 118
64 137
59 67
40 129
90 202
121 210
9 32
114 220
42 99
28 86
85 111
23 232
39 73
154 215
185 242
73 100
140 151
2 150
174 190
88 112
154 197
4 68
107 131
116 153
99 163
123 200
62 205
88 171
16 187
191 218
127 147
94 148
190 220
84 215
28 194
50 59
65 70
134 171
176 231
100 204
198 224
134 197
90 184
77 176
74 110
129 144
40 163
11 230
91 210
14 138
96 115
15 180
196 216
57 136
106 218
9 191
40 198
42 211
152 174
37 180
88 186
105 209
32 83
127 191
121 148
9 12
145 225
102 162
230 240
155 204
183 243
97 108
206 232
77 244
43 116
4 143
118 184
173 226
9 179
31 115
109 201
194 212
92 226
58 222
102 208
13 213
121 230
7 207
136 170
1 54
35 72
123 144
133 181
208 232
2 212
28 123
37 131
78 172
77 175
186 215
91 95
158 236
5 202
177 217
49 125
74 142
19 233
16 200
121 152
74 163
82 86
181 244
22 98
53 209
132 180
138 214
88 142
48 161
47 66
12 129
121 173
127 231
106 114
203 212
51 76
43 227
154 208
26 84
47 90
12 151
98 198
199 202
43 91
80 153
140 218
132 182
187 238
36 148
17 40
113 188
3 91
150 161
20 236
90 194
31 37
172 212
130 239
10 75
11 129
118 137
40 117
73 222
115 214
113 223
84 188
145 220
141 159
214 219
63 208
144 230
172 186
99 192
0 80
90 102
93 210
206 228
127 227
99 202
218 236
119 244
156 234
86 150
210 212
157 231
8 181
28 185
59 217
112 145
8 170
25 207
10 13
132 140
93 121
197 220
87 114
113 155
80 152
127 236
142 150
149 177
56 92
67 105
70 206
115 173
80 223
11 160
98 213
190 203
106 219
236 238
105 191
196 215
10 98
65 110
38 230
76 212
164 229
161 176
122 167
23 190
24 45
137 214
52 139
14 42
13 119
64 152
108 238
60 119
9 181
4 125
42 47
48 137
133 146
62 223
164 231
208 236
1 21
97 211
159 231
45 110
92 141
127 149
120 132
76 149
44 198
0 111
118 134
90 182
203 214
184 188
143 209
11 123
6 19
93 139
54 211
60 148
52 183
20 33
170 187
16 242
67 151
24 181
67 88
71 217
101 176
35 99
61 105
120 126
9 74
135 203
87 120
59 155
49 224
44 81
113 142
104 122
25 195
66 113
102 194
86 190
13 235
193 201
97 236
74 239
141 220
116 166
27 175
65 153
52 180
19 225
56 89
33 111
0 45
3 212
40 236
43 113
2 124
12 134
18 227
104 208
83 161
53 91
15 109
159 193
129 165
93 173
10 37
58 139
75 115
20 139
58 167
44 194
201 207
97 101
129 195
39 57
32 59
76 195
122 170
42 221
16 134
152 220
189 237
37 190
49 102
110 157
70 186
104 235
95 215
38 168
135 191
115 140
70 187
4 118
18 205
103 107
92 149
37 133
107 204
10 122
168 181
3 192
121 232
93 185
162 232
48 174
182 201
168 180
40 113
142 204
43 67
198 228
78 96
134 153
185 239
103 112
72 173
157 227
45 237
66 217
47 183
113 185
130 182
11 76
126 176
217 234
111 162
231 237
163 225
34 49
206 243
42 65
88 130
67 236
208 214
153 237
114 135
58 102
115 147
95 150
8 17
37 80
65 108
6 72
193 204
98 127
206 225
230 243
119 228
197 230
68 144
30 50
143 147
65 198
125 186
51 85
7 140
146 213
152 202
104 212
8 226
122 151
52 185
103 144
129 223
73 184
60 219
117 195
20 52
6 184
14 127
203 240
23 97
113 158
56 115
0 8
176 235
25 205
16 166
66 234
9 102
6 175
46 52
107 243
68 210
62 118
10 222
47 64
1 234
7 86
77 164
101 192
88 181
150 234
2 104
18 131
28 166
48 91
166 205
176 219
74 228
148 185
122 123
1 240
166 210
168 242
25 151
124 134
154 178
1 186
96 236
37 202
180 239
63 183
38 134
69 151
131 189
3 15
184 189
143 207
71 194
122 194
160 173
61 72
102 193
89 221
48 196
122 168
0 206
81 136
16 193
48 175
8 139
146 187
128 211
52 142
208 243
142 235
157 191
118 234
30 182
110 171
30 157
66 148
2 165
0 115
98 196
37 78
27 240
6 34
26 164
109 150
46 185
22 117
7 40
77 213
67 164
6 214
95 120
178 220
179 233
32 69
70 234
143 188
33 224
94 206
64 220
145 188
124 213
123 148
59 71
118 190
109 157
71 114
100 174
120 176
88 167
94 176
188 234
180 187
21 95
116 120
114 176
32 122
3 163
69 91
47 70
66 219
87 136
38 61
35 179
93 238
72 239
19 65
41 238
99 213
193 205
131 183
45 46
79 177
135 233
154 220
47 229
20 60
61 146
57 165
202 225
6 42
52 208
26 205
195 220
127 185
50 165
27 178
232 237
46 138
36 91
31 102
62 236
92 227
45 232
225 240
109 214
12 64
85 156
216 240
5 65
228 243
4 130
77 210
14 203
171 186
15 178
34 219
95 157
93 160
19 129
18 167
167 205
51 176
113 144
56 200
147 231
28 47
71 145
58 117
59 110
29 81
30 62
168 194
3 60
78 174
48 90
12 204
46 125
178 184
127 228
49 189
213 239
91 141
88 199
126 205
114 192
58 166
69 130
127 203
67 131
65 220
93 169
18 72
42 184
50 66
21 36
45 206
58 181
15 106
187 224
73 155
33 43
10 123
141 177
139 199
213 221
117 132
14 188
70 161
0 79
83 90
15 140
53 183
188 216
106 183
43 111
44 215
115 146
71 118
27 113
125 172
134 148
22 231
84 148
127 216
46 166
157 184
30 58
38 109
84 236
151 167
142 200
11 169
87 200
104 226
45 175
104 106
57 91
199 211
98 145
41 56
9 212
34 243
60 106
196 210
40 75
111 141
16 192
20 226
106 111
98 188
25 228
166 197
148 182
92 241
9 160
89 154
190 191
11 50
40 164
138 166
227 239
56 64
122 190
32 126
57 68
121 178
185 209
56 157
132 244
105 177
41 61
133 177
11 13
150 179
188 189
38 125
183 194
23 234
170 202
6 152
194 228
89 207
45 195
11 150
116 157
74 173
21 218
141 237
0 85
14 49
76 168
32 225
136 196
76 236
4 64
53 230
135 229
46 187
82 237
51 111
60 95
116 183
143 152
16 198
164 167
82 128
154 238
130 166
17 174
81 228
43 225
163 197
31 78
92 189
72 75
147 203
210 244
92 95
113 199
23 38
34 69
65 177
74 182
121 149
32 42
155 221
97 240
91 226
53 198
13 211
91 164
16 103
43 243
23 237
115 172
172 183
1 61
151 176
60 173
25 185
49 190
19 79
158 181
52 65
15 236
62 152
93 181
104 119
95 131
26 161
11 140
189 203
138 237
9 162
82 206
10 47
19 217
43 66
96 205
218 226
127 243
13 209
158 219
47 120
41 175
74 207
97 214
159 173
105 172
6 70
9 163
145 189
134 211
62 142
91 97
42 146
137 186
155 226
117 136
33 190
192 204
10 171
128 207
83 198
122 146
118 128
149 160
163 192
59 88
91 103
43 145
39 86
85 171
42 187
154 235
75 180
214 218
58 162
17 21
86 226
21 99
27 104
48 108
22 215
77 107
224 244
76 120
128 175
197 240
87 197
46 100
110 244
10 210
121 215
36 144
57 90
29 185
103 104
116 160
51 177
121 134
86 234
65 107
90 211
48 115
59 232
161 188
86 109
79 104
127 152
142 213
8 30
171 195
24 25
85 230
49 201
203 226
209 234
55 150
211 231
70 117
235 242
68 213
15 204
90 108
104 124
17 145
14 207
42 170
104 111
0 196
76 176
85 162
136 218
82 139
61 171
196 207
18 32
6 118
103 233
90 101
113 196
164 177
95 156
109 232
22 25
39 117
76 101
62 120
61 113
32 110
155 207
113 120
154 190
50 214
27 155
136 174
105 203
206 223
165 239
187 231
183 230
112 123
93 95
115 231
32 71
79 117
115 232
59 187
181 201
163 194
118 181
60 237
128 219
1 35
77 104
90 174
80 201
53 59
24 37
56 86
179 238
42 207
39 66
81 90
4 238
84 103
28 61
132 151
143 182
126 179
32 125
90 115
0 140
190 215
21 137
95 186
9 38
123 160
89 100
220 240
19 78
65 95
45 153
7 33
44 160
108 172
56 75
38 94
40 189
167 178
72 236
89 175
46 205
101 221
89 118
46 118
135 234
136 139
4 154
48 53
24 184
64 175
137 141
55 107
52 68
128 159
16 238
44 64
4 74
41 93
32 205
16 127
54 180
227 240
4 240
22 57
134 243
19 210
63 242
185 203
91 205
30 199
75 101
109 134
138 226
36 201
9 41
64 212
63 105
108 123
27 174
96 214
109 229
26 234
74 95
211 236
148 156
161 205
3 137
36 239
7 213
81 211
70 150
31 119
11 158
150 191
70 183
37 65
79 136
62 96
20 209
13 229
125 132
98 140
72 169
4 78
37 188
137 212
25 171
22 63
163 224
119 173
84 102
12 130
66 169
20 174
32 79
43 119
54 148
140 171
74 229
210 218
35 183
129 141
17 67
131 207
88 159
162 176
15 16
35 168
48 193
193 233
11 241
17 86
22 144
49 193
153 242
74 117
68 88
137 154
52 175
133 242
90 181
161 196
11 240
190 230
79 168
21 139
20 54
98 201
8 13
38 107
33 119
57 134
69 112
79 125
205 237
36 138
134 176
159 187
81 210
0 216
20 55
217 244
9 59
33 234
39 109
120 162
5 192
44 171
111 220
22 113
100 115
160 202
10 156
141 221
172 221
154 199
74 155
76 210
10 77
5 134
103 181
3 186
42 168
62 199
48 157
94 192
39 172
45 135
99 146
15 53
122 225
92 234
89 158
153 156
206 213
101 180
44 235
120 169
89 223
138 242
124 155
53 153
13 19
178 179
25 147
21 109
77 161
1 73
124 225
33 172
6 103
47 125
74 178
51 183
7 73
47 158
169 173
85 187
58 119
124 192
179 239
5 193
201 221
99 144
119 196
46 139
5 66
156 239
22 135
24 187
111 128
205 239
166 226
196 228
134 202
76 144
5 241
94 185
14 52
183 195
116 237
180 227
46 127
120 159
22 168
104 117
101 174
93 114
80 83
213 234
113 137
48 55
102 143
51 70
78 180
126 217
16 226
16 81
21 102
133 159
87 94
15 112
21 176
234 236
50 104
25 73
113 239
1 196
2 49
73 203
20 61
62 114
123 172
13 237
20 69
151 165
22 146
95 101
160 163
116 223
89 152
139 158
195 236
20 211
53 182
73 127
70 213
73 235
57 166
44 62
13 226
51 129
6 52
102 191
61 120
53 133
169 179
98 210
152 189
92 168
45 171
140 161
16 99
86 106
19 221
21 117
11 179
50 216
155 190
77 195
217 225
139 203
52 111
54 206
19 166
192 244
52 82
63 99
129 208
161 227
108 223
64 211
35 82
4 177
171 235
111 229
106 236
50 164
132 188
89 226
45 243
61 233
81 139
40 234
153 179
103 207
88 114
220 243
132 138
81 102
38 145
137 203
102 147
23 239
129 142
5 93
65 227
104 168
180 208
132 239
120 207
0 93
109 196
35 145
67 106
75 209
137 181
116 150
79 201
176 218
87 117
104 180
65 240
53 77
113 216
39 233
154 162
20 192
13 202
212 221
112 119
94 188
7 173
19 139
67 132
94 223
4 199
216 231
200 233
48 101
111 171
38 214
121 191
123 175
178 226
1 170
53 189
6 73
149 231
193 208
63 64
24 111
112 155
34 188
147 160
182 189
10 238
78 149
76 196
132 205
110 145
90 165
94 177
195 218
97 207
104 128
68 97
96 173
1 39
86 241
77 147
30 47
32 41
120 198
149 194
9 198
86 212
71 92
129 237
159 201
76 228
115 244
58 160
73 78
80 151
198 233
196 221
83 148
51 66
44 230
75 198
41 131
145 243
44 132
125 234
92 166
1 158
221 241
35 185
124 215
48 76
21 123
143 189
139 141
67 111
26 182
80 181
11 117
59 151
63 98
93 227
44 229
79 140
220 229
94 158
96 134
151 200
69 179
49 94
191 196
137 215
32 72
88 215
92 224
32 162
8 53
189 202
153 180
91 170
105 119
89 126
3 237
54 142
193 228
172 201
46 197
3 224
96 154
39 53
30 165
103 229
72 171
78 229
107 213
47 172
165 183
65 134
112 190
137 156
72 80
159 194
74 90
37 95
159 179
146 211
155 203
147 242
121 190
47 55
104 186
100 228
113 130
25 65
39 80
173 243
25 56
124 233
133 175
30 124
7 172
130 221
12 167
75 173
99 160
64 199
7 189
88 200
85 132
26 228
108 148
12 68
112 208
234 244
28 73
166 217
231 243
1 131
0 117
21 215
53 162
86 132
71 211
81 183
36 72
11 148
181 197
48 82
116 122
28 219
34 37
68 171
96 159
109 167
85 167
50 178
40 77
0 76
0 133
138 198
30 239
84 119
138 206
16 44
93 163
99 216
141 157
4 69
64 218
95 127
102 165
110 130
56 221
26 224
181 226
12 59
49 191
118 141
41 198
131 149
224 242
69 126
124 241
66 170
95 119
19 43
11 77
0 220
116 134
31 215
55 160
89 170
40 88
148 177
54 186
56 71
80 183
17 27
33 205
153 161
127 154
68 215
56 237
110 112
157 168
60 138
6 132
112 117
88 92
35 52
26 168
69 199
76 201
36 99
10 118
20 175
10 161
64 179
34 157
41 208
29 88
218 227
13 100
137 176
146 173
142 165
24 200
34 155
7 158
240 242
108 125
129 242
44 210
213 230
178 239
46 152
211 212
43 86
79 85
1 22
102 120
81 182
64 82
129 215
75 202
151 239
37 241
108 133
43 133
46 96
200 244
119 186
56 80
54 233
190 237
132 142
79 183
71 236
12 75
137 213
138 187
186 223
147 157
113 169
12 125
54 176
110 178
115 116
158 189
26 77
136 214
57 133
43 169
111 143
11 98
184 212
88 219
70 223
132 217
65 155
177 210
43 147
174 175
160 236
18 118
16 72
33 238
79 222
137 183
98 118
0 159
23 205
26 27
92 132
139 142
194 217
106 203
42 67
194 210
198 218
81 160
174 241
10 21
179 227
55 104
108 244
51 240
83 110
66 96
147 154
144 157
18 67
19 242
114 187
49 108
121 214
4 135
60 84
29 42
90 93
1 132
151 160
188 221
208 239
200 223
37 137
80 204
103 157
83 187
106 164
189 212
0 177
129 218
48 127
78 114
26 185
85 94
18 122
144 170
124 175
146 176
31 122
106 237
62 110
229 238
52 225
5 91
25 35
153 188
138 145
46 155
96 162
104 135
158 203
171 198
10 239
1 113
167 216
116 216
105 189
114 159
35 43
37 100
38 57
56 164
2 231
8 143
71 125
133 176
45 148
84 85
22 105
1 239
125 135
133 211
81 169
94 152
86 160
2 83
71 202
50 130
119 214
81 190
111 197
38 191
41 48
34 112
136 176
38 170
12 42
191 224
75 182
51 94
55 156
59 78
114 137
95 220
80 209
161 195
150 242
5 99
24 202
60 125
80 213
69 200
128 195
97 102
112 186
98 125
25 29
69 159
38 86
26 241
49 89
200 204
138 181
18 63
56 244
79 169
112 191
130 218
22 59
99 140
207 221
47 121
58 129
124 128
154 164
189 235
36 154
59 98
53 205
21 196
101 227
45 157
176 241
9 99
161 229
11 61
131 169
0 143
158 213
113 156
127 143
9 168
10 102
60 210
103 137
80 88
3 226
96 152
65 75
149 181
13 207
16 46
50 78
66 216
177 229
27 165
53 219
9 22
65 90
31 152
45 71
147 226
80 157
42 157
17 83
125 126
199 235
191 207
55 170
57 163
151 197
215 227
5 129
67 168
56 206
143 176
153 170
97 180
94 144
25 184
7 168
82 183
86 121
157 233
159 199
148 174
52 243
8 146
81 152
15 36
73 226
142 153
228 241
55 71
81 207
4 80
210 240
74 193
42 86
136 155
126 146
11 243
40 85
185 200
194 223
114 217
129 162
8 202
39 79
5 69
172 192
144 167
30 230
23 77
68 167
102 238
12 109
26 244
150 208
10 172
212 217
62 64
51 223
59 133
26 52
93 138
77 135
135 225
41 137
9 94
118 120
1 51
163 218
124 207
10 136
36 108
134 230
156 210
63 189
112 141
5 131
20 43
63 182
30 52
56 145
68 135
17 46
78 113
137 142
0 77
86 140
21 85
1 192
149 193
13 218
141 209
104 227
58 89
21 88
23 65
51 146
151 158
157 240
91 167
56 67
65 222
80 141
189 242
149 236
62 175
29 75
57 183
9 206
88 105
76 194
58 96
77 241
46 204
76 192
102 106
10 105
124 227
80 135
79 84
78 87
58 132
11 70
40 106
75 130
134 157
4 60
66 236
209 215
126 237
20 134
8 63
44 130
120 161
35 101
95 108
221 236
158 167
136 193
29 192
139 191
23 84
53 132
133 201
52 57
149 168
183 235
31 82
18 144
116 191
89 241
206 229
124 183
139 166
104 202
92 212
27 194
68 164
25 198
69 77
18 225
46 225
132 164
14 16
6 242
99 134
48 213
37 45
57 209
17 66
54 189
28 110
30 215
12 91
7 200
52 216
130 173
97 235
35 202
138 155
124 132
119 163
4 116
128 199
108 138
168 201
109 130
51 201
8 137
132 233
11 32
215 238
220 244
58 148
66 201
148 171
1 152
146 152
155 189
62 214
87 103
62 81
63 74
155 170
49 182
91 139
24 33
17 143
73 125
107 197
108 122
116 128
60 133
139 206
75 199
171 180
150 229
13 191
4 15
75 82
141 173
5 240
186 208
123 174
23 160
14 123
34 61
151 206
109 225
154 231
0 110
28 135
59 95
18 40
0 109
136 195
65 160
161 244
0 231
16 221
45 177
77 92
125 235
13 82
51 108
198 240
127 144
233 243
72 184
0 207
44 99
10 110
28 53
134 241
77 160
122 197
151 192
168 241
14 28
37 72
120 167
64 119
7 52
21 132
87 184
25 103
61 211
52 184
215 232
40 67
117 174
23 216
30 175
110 217
58 221
201 218
92 146
196 237
182 215
11 163
38 237
41 184
35 69
1 226
24 64
141 205
92 126
72 120
107 150
55 75
153 215
46 49
136 221
5 107
19 143
40 136
57 86
101 118
133 222
96 228
100 193
18 138
180 223
66 79
146 147
57 129
81 235
102 223
27 202
16 133
100 192
50 231
61 132
184 228
225 238
73 113
19 21
61 149
86 197
102 182
181 189
4 211
45 167
194 208
2 156
42 80
77 204
172 185
47 202
11 170
20 89
65 114
143 179
65 217
127 194
80 189
210 219
4 214
171 202
5 124
113 114
169 210
178 241
66 80
11 154
183 190
43 154
61 83
167 230
73 213
140 188
33 151
66 73
25 172
149 211
88 194
164 203
119 182
148 155
140 153
8 174
9 56
41 216
35 163
88 109
12 25
128 209
85 123
41 183
159 226
163 232
48 188
60 240
34 208
110 189
28 93
72 128
19 177
46 215
111 115
64 101
116 173
127 158
89 141
12 148
8 138
53 208
4 233
50 120
3 73
20 183
28 85
38 207
46 65
150 169
165 242
102 107
221 223
49 71
5 76
198 223
15 227
46 76
12 16
21 49
40 151
55 137
189 221
96 131
21 222
82 192
188 194
16 222
184 217
15 61
47 126
48 129
150 174
10 100
119 227
148 221
26 97
142 145
137 239
1 92
62 211
99 168
181 220
113 159
98 184
56 220
129 150
9 72
132 195
94 233
25 139
176 198
54 154
130 145
198 209
160 220
147 221
2 45
11 62
36 141
135 239
9 135
21 181
49 81
92 230
64 151
145 191
43 149
76 181
155 173
174 236
2 196
47 101
79 118
67 218
57 64
52 154
19 229
63 151
93 151
171 200
17 22
56 185
92 154
183 197
68 127
34 176
178 202
0 184
34 77
112 129
103 136
129 207
86 165
168 185
139 218
6 239
197 213
134 139
104 216
27 54
195 221
163 234
165 197
32 78
4 76
22 41
40 90
108 175
58 201
97 241
165 181
184 199
99 151
136 236
106 136
130 138
126 142
172 243
175 215
72 107
85 181
107 127
65 121
30 211
39 173
197 218
17 181
55 60
76 100
50 230
34 63
149 199
54 110
6 165
142 233
103 243
38 161
44 73
118 140
30 143
63 139
156 227
50 135
57 59
78 209
85 161
135 138
26 81
101 237
145 159
125 179
12 37
38 183
88 162
156 178
194 199
57 126
157 188
71 153
22 90
85 113
74 145
3 43
164 223
23 127
18 153
90 167
131 191
8 111
75 178
115 212
31 162
58 230
125 208
104 172
0 167
28 59
129 212
233 242
12 165
111 169
94 115
50 112
192 243
54 107
122 237
29 198
158 184
113 147
140 215
5 189
76 185
118 193
31 182
4 102
101 143
48 150
46 150
4 96
45 147
9 117
148 176
185 236
29 76
65 197
56 148
119 206
5 229
2 75
70 136
116 119
193 194
74 149
183 226
39 138
41 116
93 240
174 176
102 232
32 201
66 184
76 90
82 221
31 64
1 62
9 76
35 114
146 219
120 149
24 112
217 228
67 213
138 204
24 94
2 132
216 234
134 222
110 147
138 201
37 221
111 191
69 93
29 40
55 83
25 108
4 105
59 183
55 97
27 214
66 171
53 80
191 214
83 242
20 148
27 230
17 238
147 227
14 238
68 91
50 189
77 223
201 214
161 185
8 220
67 102
16 40
220 226
117 216
17 148
138 230
153 217
49 229
142 151
2 72
95 143
67 85
172 198
154 179
15 68
204 220
15 187
14 208
14 146
105 108
102 124
78 211
137 157
196 199
17 141
108 152
82 93
218 242
79 91
139 238
37 182
27 88
143 171
209 217
24 173
22 237
200 215
2 98
162 219
152 226
12 117
151 190
1 163
25 81
45 238
72 154
28 201
122 226
164 179
19 236
194 220
31 141
43 206
237 238
23 41
136 220
81 237
204 207
2 81
6 238
122 215
169 197
63 110
160 174
53 218
42 183
26 57
136 156
80 225
20 45
155 209
62 86
93 208
48 84
21 231
56 94
147 191
142 146
226 231
47 223
73 92
107 236
44 193
73 148
11 99
132 231
0 43
133 230
97 208
76 199
18 186
138 152
66 228
96 158
47 164
49 79
68 136
122 176
78 215
34 59
123 195
42 181
22 223
42 192
98 166
71 179
90 168
53 78
72 90
135 189
171 174
96 185
182 236
35 132
143 191
183 225
8 66
60 104
22 152
38 105
78 197
63 193
43 223
116 243
130 168
54 198
218 240
188 195
124 208
110 115
166 221
166 173
2 223
75 192
51 107
34 205
14 41
61 198
57 213
109 136
73 130
24 102
34 101
30 40
111 224
5 116
101 145
114 240
80 145
59 111
180 197
116 220
61 152
125 191
197 203
110 125
64 221
12 207
62 134
102 103
163 172
96 101
51 185
36 124
65 132
84 214
2 29
61 81
27 193
137 207
156 206
112 231
78 85
191 197
2 192
211 226
2 179
206 242
224 235
178 223
61 125
185 218
110 116
110 169
8 14
48 96
27 239
48 163
101 161
17 60
37 211
106 156
27 198
42 75
40 215
81 153
108 230
103 149
73 122
3 77
38 46
30 141
28 69
43 196
33 155
68 222
136 205
72 136
69 150
100 120
34 102
38 238
24 122
40 134
155 231
65 243
33 46
148 172
141 149
3 207
222 229
175 204
82 211
56 123
73 75
40 171
184 213
120 232
88 93
140 168
207 212
121 123
5 172
96 206
76 217
121 237
36 109
165 208
60 139
2 76
100 169
108 184
50 226
117 176
61 178
12 236
39 240
58 93
53 187
47 227
80 241
17 198
78 89
11 194
156 207
176 232
29 160
128 232
10 173
72 214
89 162
38 239
39 96
14 171
31 217
69 117
67 210
128 129
45 104
18 145
78 153
58 220
60 189
51 241
194 243
32 189
13 94
39 87
157 204
209 228
105 199
3 63
19 142
19 91
120 146
60 61
202 215
108 210
34 189
92 98
18 59
177 223
102 142
182 194
18 170
103 142
110 114
99 195
134 221
58 115
90 160
65 109
30 32
101 238
87 224
205 207
37 151
7 146
22 198
128 188
56 100
102 130
37 178
187 237
131 241
148 160
135 215
56 102
178 217
84 219
17 111
26 55
33 73
66 153
35 120
100 181
175 230
147 209
57 161
91 155
35 42
57 212
46 115
18 112
44 186
6 131
209 223
78 173
45 114
55 169
124 173
158 192
116 208
58 149
131 179
153 191
160 229
159 242
74 187
93 201
118 126
59 226
196 224
46 112
157 194
139 205
93 165
33 54
71 149
9 51
170 237
138 219
126 135
172 187
118 173
39 182
157 210
179 214
43 115
9 238
197 229
12 40
77 228
7 112
13 26
104 160
99 232
43 77
58 143
7 180
79 133
62 168
31 164
40 155
5 206
100 172
3 232
1 224
21 182
90 190
46 93
100 157
44 146
37 215
115 145
52 240
159 195
192 221
100 232
103 202
39 232
13 140
26 61
70 143
37 236
43 232
31 44
62 73
145 177
67 125
94 193
118 182
39 149
61 190
112 226
87 147
156 176
179 197
95 176
68 85
241 244
61 82
77 139
84 143
191 223
14 18
58 103
106 244
169 199
47 181
70 189
22 192
12 184
3 130
0 132
10 176
61 109
85 173
125 210
55 171
95 137
67 93
120 229
85 184
41 177
42 123
19 234
36 125
10 158
18 221
147 217
25 46
158 206
51 75
177 193
2 130
33 177
133 179
77 233
227 238
47 195
110 148
134 152
9 81
77 152
121 180
24 155
113 218
28 133
23 79
110 204
35 79
12 72
129 132
23 189
149 172
29 156
11 189
158 202
45 55
236 241
20 91
95 134
110 144
161 219
17 109
39 181
190 231
170 180
9 65
37 110
172 218
87 181
74 160
60 85
69 203
56 201
128 140
144 173
109 175
60 121
89 131
103 214
133 169
120 127
49 82
61 207
63 153
43 124
23 136
158 215
34 109
22 221
28 126
57 119
52 202
208 233
4 43
45 79
56 119
63 214
56 195
170 206
201 237
19 77
108 217
70 120
51 81
99 231
101 113
131 161
68 125
123 134
143 220
75 131
95 212
77 83
169 194
84 175
106 207
36 82
108 239
17 214
14 56
16 75
173 231
102 169
148 200
3 134
31 137
20 129
5 179
38 150
165 238
113 168
136 206
69 121
68 196
13 56
55 166
10 76
165 171
77 109
103 148
61 238
53 200
104 233
10 244
137 191
38 211
33 126
103 219
151 172
19 127
49 145
78 243
19 241
67 240
198 199
59 152
34 92
202 235
162 225
54 129
97 164
25 129
75 123
80 217
30 158
141 212
57 149
8 45
1 76
75 244
116 217
5 173
79 235
71 72
88 244
105 146
0 16
58 235
179 210
50 194
12 210
0 181
29 93
72 92
141 217
41 204
34 229
6 18
83 127
102 176
151 195
134 205
5 231
135 157
49 170
18 196
6 222
75 81
25 194
177 234
57 60
7 154
154 216
44 168
186 222
63 192
65 145
181 183
98 218
75 122
218 233
140 169
56 192
115 200
88 225
62 173
152 230
105 129
18 156
162 193
132 215
34 174
55 212
20 109
50 219
4 136
161 210
68 187
96 240
5 199
0 89
0 165
130 240
85 153
7 175
50 113
132 163
92 207
46 157
81 149
44 231
14 185
59 121
23 223
113 136
122 161
179 217
77 145
72 182
172 229
36 226
66 91
28 70
114 158
45 159
110 203
72 162
120 174
70 201
79 204
156 217
74 158
112 149
66 154
190 228
57 164
92 209
89 166
114 200
62 217
64 83
20 90
91 143
75 133
154 167
130 193
132 171
12 47
84 111
93 237
194 231
15 102
78 169
115 150
124 231
53 239
109 178
29 73
185 216
50 73
24 123
17 39
22 151
198 213
129 224
128 156
65 190
11 143
79 144
167 190
17 78
188 232
49 226
115 165
47 145
28 178
88 123
115 157
96 128
4 204
9 164
24 67
98 190
64 214
73 118
71 219
195 208
68 84
25 150
38 136
20 173
159 169
75 136
177 184
220 224
77 88
9 147
176 206
51 71
228 232
84 227
100 162
110 234
101 144
99 131
33 195
25 62
160 171
9 239
146 208
73 117
83 108
131 232
16 188
6 207
12 153
64 70
90 185
84 191
50 82
129 233
2 188
157 185
85 140
11 233
3 93
25 64
200 240
50 159
133 228
187 202
94 169
106 234
8 47
38 197
47 170
134 219
128 204
3 196
79 182
92 169
168 237
155 232
101 110
108 202
74 170
173 180
16 172
168 216
22 224
148 153
40 188
4 79
5 223
7 114
125 158
29 179
28 29
34 96
148 170
71 104
4 35
78 82
9 159
176 194
14 147
63 80
79 150
20 239
68 103
94 104
3 104
153 213
52 232
68 188
27 70
5 112
92 190
38 111
41 229
46 181
9 106
36 195
68 145
37 71
39 129
74 135
10 149
147 197
68 72
152 196
5 83
28 50
39 63
207 231
86 146
40 199
216 220
66 180
59 191
5 75
121 170
66 151
186 235
148 206
13 107
7 190
60 160
219 222
146 237
3 69
109 113
4 81
194 242
22 240
32 98
34 89
204 206
35 151
43 235
128 208
0 224
1 172
200 243
119 223
87 234
121 172
85 209
97 171
53 214
17 228
11 184
131 220
8 173
143 229
76 230
52 55
215 228
177 228
21 177
15 205
18 116
17 53
113 214
128 224
11 122
131 184
25 163
131 187
111 174
75 113
76 130
123 240
16 116
14 157
107 124
203 236
25 38
19 40
25 209
189 207
87 113
145 166
53 85
170 182
117 229
21 129
97 172
14 217
13 60
137 185
44 77
199 244
121 195
146 154
15 217
169 206
12 83
13 106
63 115
33 51
198 201
73 163
66 215
54 162
5 15
38 102
64 168
202 243
41 145
117 224
151 184
167 240
34 56
47 117
8 225
170 201
62 227
118 127
32 112
139 215
98 216
159 237
48 206
203 216
17 30
150 218
102 129
68 152
83 98
186 224
93 188
36 55
145 209
2 80
170 209
35 55
171 221
111 123
5 153
97 232
80 103
47 243
100 125
102 239
30 135
28 129
79 93
43 63
87 174
143 158
43 186
73 128
31 239
56 184
66 214
33 201
44 224
49 143
189 234
158 176
32 107
29 74
118 155
91 166
84 86
84 200
95 171
92 125
44 95
47 146
31 147
79 122
81 163
9 89
150 233
25 201
127 141
97 175
26 106
67 157
43 238
84 233
68 198
4 210
29 193
199 221
125 130
88 89
89 110
29 190
22 232
113 121
104 236
118 174
131 139
41 87
12 227
222 225
97 167
40 154
22 220
128 243
37 46
15 123
66 206
122 150
46 240
9 231
19 88
88 127
7 11
76 128
156 226
7 53
22 87
114 203
98 122
68 170
123 156
106 189
147 168
36 42
16 109
20 156
97 114
12 173
111 192
78 121
85 120
74 77
204 210
36 95
111 119
42 82
105 169
82 216
164 193
214 239
89 114
141 154
146 204
25 214
2 107
182 225
17 120
28 217
34 179
38 172
183 222
63 172
18 46
138 139
35 167
19 122
73 170
27 233
205 215
58 211
77 95
102 220
95 149
91 174
65 80
19 113
70 167
176 192
121 207
30 174
48 173
122 211
100 178
116 239
80 131
191 240
8 184
87 161
91 190
0 126
93 199
96 227
49 88
15 197
176 205
39 141
111 189
54 237
132 210
7 127
115 216
155 241
198 211
26 66
178 181
13 111
69 243
49 73
29 131
178 222
23 161
39 155
132 186
128 197
50 225
7 165
51 62
51 126
90 213
60 70
39 224
183 212
52 59
38 59
12 54
59 161
81 111
41 181
140 231
44 65
10 151
115 176
146 178
23 242
92 196
51 104
99 187
15 27
4 181
93 131
19 90
170 208
68 140
224 225
86 218
41 130
147 195
64 223
110 111
68 112
66 101
219 243
65 167
58 138
0 1
16 206
98 171
6 15
49 208
84 179
0 70
25 33
65 81
24 215
87 221
174 223
16 178
26 181
124 169
108 243
2 108
80 149
101 139
168 172
160 184
162 173
134 234
21 167
33 237
78 122
100 131
76 174
13 214
55 82
239 243
87 236
88 226
139 172
33 59
48 122
22 150
5 207
29 60
73 236
79 139
135 168
124 174
46 209
112 188
69 141
98 244
16 163
83 206
202 220
17 137
19 196
212 237
12 99
152 211
62 233
111 139
105 152
147 224
12 150
7 61
39 60
120 215
60 69
69 235
225 229
14 233
69 134
112 138
61 89
140 201
135 178
188 191
14 139
132 238
19 87
11 188
182 193
82 117
4 52
22 174
110 225
118 243
189 208
80 93
110 230
39 243
127 232
116 186
156 160
109 159
114 183
35 225
89 153
162 223
74 113
214 231
202 214
81 215
74 156
111 140
232 239
156 238
79 116
96 182
77 227
164 172
83 136
3 144
18 39
154 214
10 96
193 206
19 204
174 227
45 56
28 34
94 97
67 138
99 206
176 228
104 169
78 126
69 188
38 144
37 207
12 104
146 240
32 91
205 241
0 166
28 209
32 35
43 71
23 61
28 141
125 169
46 191
68 143
8 106
177 185
54 205
167 169
23 204
130 178
44 57
12 156
45 200
42 240
22 147
30 202
148 196
162 201
63 154
130 135
170 234
50 184
151 164
151 240
84 137
120 212
189 228
61 123
135 242
222 243
86 204
94 142
13 132
124 177
20 92
99 207
122 144
193 221
155 166
182 206
64 162
79 223
193 239
116 188
112 244
146 151
216 242
58 168
50 244
15 229
178 191
32 171
52 235
152 178
52 143
19 60
103 124
2 122
11 95
65 205
48 237
121 129
134 207
1 78
190 241
144 165
136 158
18 163
71 222
115 192
21 86
154 196
99 136
102 214
30 226
171 177
103 116
81 118
176 179
86 210
82 92
120 153
80 190
195 199
166 233
121 202
166 195
67 166
139 174
24 190
47 48
86 137
22 112
39 236
13 92
12 223
151 230
102 217
96 178
18 146
24 174
87 126
107 174
72 76
43 122
135 154
24 126
20 64
36 179
205 228
152 171
87 244
26 154
53 79
52 132
78 239
152 214
43 204
133 172
3 40
93 127
118 139
142 239
94 187
21 73
97 178
16 154
36 48
44 107
92 104
65 188
171 196
38 66
6 183
5 183
166 180
45 192
40 74
11 141
88 208
126 234
55 152
222 234
72 147
13 76
119 179
116 242
30 76
71 235
67 70
99 214
104 171
60 127
9 69
45 131
115 222
71 132
75 179
180 194
37 84
55 184
27 62
52 177
93 120
88 188
15 234
65 137
127 138
20 21
229 236
86 200
103 168
94 204
12 163
142 220
54 65
51 192
56 149
9 244
10 186
114 231
118 228
179 230
131 150
34 150
41 192
62 160
35 137
112 182
168 231
10 141
149 173
173 182
27 227
77 186
13 138
110 194
170 191
136 175
123 229
14 195
106 126
90 242
48 209
148 233
12 60
49 96
110 187
116 234
13 121
76 146
20 79
165 175
6 206
98 175
19 35
51 172
4 192
13 69
18 31
71 133
100 124
82 229
175 239
41 88
234 235
0 51
186 193
31 192
76 166
128 149
74 112
43 83
147 150
37 238
30 59
122 243
8 136
146 159
129 205
162 194
188 217
121 137
42 70
1 84
2 167
31 169
17 173
98 126
10 231
164 178
149 221
165 168
165 202
102 183
1 153
40 229
166 208
153 241
16 41
177 225
55 225
14 183
57 176
164 191
107 224
169 185
118 205
145 224
200 209
118 163
64 201
90 216
146 149
24 229
191 232
184 187
14 51
129 134
98 121
21 120
106 242
52 166
36 210
31 125
175 207
58 118
74 236
15 124
87 240
92 167
13 97
83 101
188 192
131 135
206 226
113 210
103 204
138 173
158 205
133 241
42 172
190 194
7 24
62 63
99 167
30 208
21 217
180 234
130 141
78 217
232 244
113 228
61 119
96 171
209 220
120 124
6 67
7 185
182 188
66 176
78 83
77 140
28 124
15 85
28 31
44 52
134 164
0 210
204 209
71 105
31 206
153 203
58 176
69 192
98 112
67 82
56 216
194 241
82 208
44 157
67 244
23 224
74 214
126 238
115 158
8 107
34 198
41 242
47 86
143 238
41 101
34 50
83 142
82 199
168 219
83 158
208 227
176 199
37 91
50 180
105 156
35 142
17 163
115 243
79 111
54 62
116 190
102 171
100 153
130 171
135 202
124 188
46 132
91 138
32 40
106 239
107 160
149 162
16 204
18 208
36 71
143 224
95 133
16 123
46 198
175 234
10 212
150 241
82 124
3 231
122 212
53 237
208 235
70 151
28 231
7 138
114 233
0 50
34 135
10 241
28 66
11 161
186 213
18 148
189 238
61 165
78 81
80 205
0 129
36 46
37 214
172 184
10 162
199 213
52 211
199 220
143 165
134 216
70 192
5 92
20 149
2 168
4 217
101 117
120 185
130 162
102 153
86 135
124 181
139 152
4 112
65 175
215 229
126 219
104 240
129 168
38 148
172 236
225 243
18 38
52 117
70 135
177 241
161 182
30 94
186 216
0 244
28 221
66 158
203 233
177 196
1 182
89 233
150 235
107 126
152 159
24 151
53 76
64 65
87 232
82 152
23 166
29 128
10 217
13 152
29 50
85 108
107 170
196 214
126 227
29 62
138 140
73 224
29 159
149 220
6 33
98 182
79 112
104 196
7 229
128 191
183 220
22 65
35 244
9 202
149 155
39 144
172 242
60 147
28 32
166 176
192 237
25 107
96 175
168 188
136 204
13 30
6 45
132 198
94 149
21 50
172 190
201 211
40 87
5 119
66 88
34 41
163 230
89 145
200 236
40 45
127 242
17 210
33 41
107 168
98 195
93 119
27 79
28 211
22 73
42 177
33 42
163 215
175 181
75 185
168 186
103 171
37 147
50 229
145 155
65 142
106 150
107 225
26 118
42 130
219 228
1 53
24 116
33 191
5 146
197 221
23 230
26 59
11 90
49 141
18 154
40 63
209 210
90 240
146 202
112 224
207 225
75 194
118 152
19 214
88 201
219 234
98 211
11 136
159 209
1 241
36 173
72 83
6 194
106 160
39 119
4 122
59 72
214 235
155 222
89 144
65 202
64 92
9 178
10 51
206 235
41 155
131 219
14 88
34 83
13 29
212 227
61 230
65 129
182 224
71 228
8 147
6 135
235 244
2 109
122 134
50 57
43 214
79 240
134 201
68 178
158 227
143 192
66 227
35 68
181 209
25 218
53 88
188 206
69 132
52 84
133 145
25 208
171 242
204 239
94 102
65 136
81 239
134 231
67 130
67 145
130 190
143 146
13 168
42 149
66 173
2 185
211 244
10 243
187 194
126 185
31 126
71 186
8 114
17 87
66 135
130 132
123 188
187 233
10 138
95 107
86 95
90 238
12 224
27 105
29 78
37 206
43 220
31 170
60 232
100 241
91 150
189 236
124 125
68 93
30 49
145 149
56 114
189 196
112 219
114 196
124 150
111 180
72 210
77 239
47 157
25 32
0 135
84 107
193 223
1 211
137 177
74 78
93 204
70 94
122 143
109 169
53 154
42 156
26 178
13 212
95 197
84 91
4 77
16 147
145 200
76 221
97 145
163 171
5 48
122 137
72 159
47 51
9 86
67 136
15 164
151 225
76 92
172 238
155 158
2 184
11 151
13 178
107 239
64 232
74 222
73 166
23 91
25 69
77 174
109 215
15 160
172 204
119 128
96 193
189 201
125 193
64 86
16 224
84 171
93 111
17 229
45 229
203 228
148 222
80 81
60 183
12 185
101 218
99 194
67 121
52 218
49 244
26 211
17 135
101 159
86 169
50 158
46 218
179 218
9 31
10 99
25 110
212 226
25 148
69 155
59 116
71 139
78 237
125 161
93 175
23 56
146 236
122 242
39 65
0 36
84 194
56 202
19 151
8 118
39 61
133 150
79 243
118 227
130 188
90 186
76 172
35 165
63 84
57 105
131 146
125 198
176 216
67 209
131 231
141 179
5 33
89 95
135 158
52 66
34 165
130 143
99 164
67 198
215 233
26 175
38 87
63 190
0 9
36 117
120 222
137 233
20 145
99 211
58 124
6 95
47 105
50 242
79 92
33 186
62 239
32 130
91 179
18 98
71 84
50 232
132 167
83 152
98 138
146 163
139 221
84 241
1 167
62 188
13 165
65 115
105 168
56 72
181 207
56 68
22 99
82 146
123 142
150 164
86 177
21 146
55 195
119 191
63 234
156 182
91 109
57 204
148 217
12 221
39 214
61 170
133 207
117 138
29 239
92 142
31 232
97 191
29 98
78 158
201 227
34 117
129 241
133 190
15 78
16 232
14 220
200 213
41 160
25 152
132 133
0 6
11 201
114 120
65 152
147 230
226 243
131 163
125 244
7 149
101 233
17 98
104 234
5 141
29 96
88 90
4 223
86 99
16 48
118 172
84 163
153 196
65 213
9 195
27 177
42 105
207 244
130 200
3 185
27 110
178 227
15 200
72 197
42 194
81 213
20 230
117 219
37 135
23 85
19 150
49 116
39 147
54 109
38 127
108 222
111 114
67 227
122 208
17 195
5 64
34 72
39 206
9 200
124 239
80 155
67 84
13 131
215 235
38 188
6 164
152 219
5 8
34 122
194 235
41 173
143 198
25 92
139 207
29 109
106 180
35 113
12 206
202 232
118 166
18 97
86 227
15 24
73 154
1 147
177 232
1 130
204 235
74 177
119 172
32 94
56 73
128 200
35 38
130 207
83 215
49 62
100 141
49 218
5 36
56 191
5 181
78 194
89 167
107 162
56 189
39 97
20 44
83 237
82 137
107 233
46 77
84 98
92 181
90 218
82 227
99 111
159 223
198 219
50 215
108 220
127 132
4 161
24 68
7 205
4 190
70 109
59 89
116 143
193 235
107 136
139 167
86 175
71 195
88 103
53 113
144 180
30 152
154 207
3 99
95 231
41 211
20 150
75 229
123 211
42 164
144 204
173 236
121 193
60 226
207 228
170 176
31 183
59 75
63 113
238 242
94 114
65 100
117 199
80 124
97 234
4 137
44 46
1 48
10 148
228 240
73 196
125 149
232 242
103 200
168 207
39 102
43 52
33 232
129 204
55 175
23 220
39 40
81 93
103 211
97 209
56 106
56 168
110 122
67 96
20 132
49 179
87 192
0 32
35 110
119 231
55 189
7 78
178 233
90 230
98 200
36 47
179 185
20 206
58 114
119 125
60 197
161 164
12 171
166 220
84 154
200 234
3 35
26 43
113 149
87 230
20 161
99 193
10 192
116 228
139 244
26 229
62 140
109 195
113 162
80 108
28 229
124 148
11 101
29 230
43 212
44 110
179 208
159 170
126 129
56 177
98 131
20 59
169 202
160 212
45 137
47 234
222 242
197 239
50 240
130 198
66 150
226 238
38 41
134 225
156 225
20 39
101 115
187 206
25 199
17 168
238 244
43 121
11 54
62 207
96 223
124 163
75 107
169 218
2 5
140 145
137 195
9 64
165 191
121 168
40 232
132 136
48 168
43 87
8 81
93 156
67 112
119 216
72 91
58 199
31 208
148 219
126 208
64 130
169 187
130 222
47 192
41 76
2 154
155 219
5 190
102 123
117 153
47 93
14 165
92 178
27 131
69 80
138 211
100 223
181 228
11 146
43 198
211 220
9 227
169 229
65 112
123 179
120 227
59 168
154 170
2 11
23 137
107 217
53 66
27 136
101 214
94 156
121 205
23 118
9 112
12 166
85 195
141 225
47 241
58 83
54 88
27 117
28 200
3 184
11 125
138 205
118 216
82 104
150 225
77 212
7 191
3 164
49 63
99 174
69 153
5 242
101 210
96 241
4 95
180 213
90 177
109 118
176 196
25 135
164 189
109 236
0 145
229 235
13 89
153 171
3 11
154 160
161 241
11 60
167 243
37 58
192 232
41 119
85 137
20 30
34 167
184 200
139 162
76 89
101 171
127 133
34 238
217 240
31 166
96 211
10 189
16 36
89 149
70 79
67 226
157 190
121 159
49 160
27 134
73 171
12 146
180 219
12 44
6 111
87 216
239 242
141 204
18 188
201 244
23 157
111 168
55 100
106 194
237 242
101 141
161 231
193 202
98 212
91 168
26 79
16 215
25 188
2 202
36 229
84 156
15 119
16 152
14 26
86 208
7 239
61 128
142 192
22 157
205 232
70 88
119 133
11 29
112 121
49 87
133 138
126 241
17 169
159 180
122 159
143 162
6 128
184 224
115 242
79 208
12 201
195 242
51 122
0 44
194 219
119 127
71 103
82 145
18 162
123 194
36 188
29 102
44 149
181 239
60 62
187 216
214 220
43 190
15 148
8 183
28 208
32 132
122 163
96 216
83 230
64 145
36 204
146 150
19 22
95 233
51 243
46 184
17 153
92 129
172 227
27 150
84 232
155 176
26 86
29 83
117 168
15 128
143 221
17 133
55 139
73 178
156 166
45 149
100 182
38 112
19 31
89 161
22 127
59 198
144 175
82 135
37 48
146 175
16 60
2 133
0 20
105 236
51 155
18 90
20 165
197 216
75 145
36 94
112 122
91 107
60 93
13 96
100 233
72 97
32 224
154 219
87 199
173 193
92 97
15 107
142 228
92 177
129 192
28 122
110 241
194 218
45 163
108 209
166 230
165 244
156 170
57 227
100 206
111 163
147 222
89 187
127 180
67 176
26 70
167 233
11 177
124 160
0 150
107 198
204 242
30 138
3 189
42 229
12 87
89 235
84 167
71 115
150 238
95 116
79 224
51 72
14 72
93 214
71 227
192 225
50 106
139 145
37 193
126 131
108 141
228 229
15 52
11 236
91 173
14 125
17 43
4 160
177 189
54 61
75 138
161 203
68 105
32 164
145 146
54 105
113 124
14 224
157 202
55 113
31 198
175 223
51 152
162 218
59 209
240 243
91 213
230 244
73 180
75 163
77 243
154 239
18 20
62 65
101 215
130 219
118 222
144 218
114 225
197 242
71 172
171 193
90 135
91 207
219 226
8 158
17 200
5 200
36 149
21 180
43 187
29 115
64 227
84 133
40 193
38 179
67 71
110 239
47 187
23 210
49 153
49 150
135 205
18 139
35 140
21 113
126 150
212 231
3 17
108 193
49 92
16 237
185 227
197 210
55 193
75 89
95 161
126 204
109 119
55 202
215 220
61 222
72 96
50 222
42 79
16 80
62 76
18 210
93 122
55 204
104 173
18 107
72 150
60 236
47 60
156 202
64 205
85 231
9 48
36 171
40 135
114 243
35 219
60 66
74 235
100 113
142 187
72 73
60 215
123 143
75 158
57 120
139 186
77 105
142 237
22 58
12 123
36 119
158 161
73 152
36 135
44 128
23 36
52 145
61 163
227 241
129 163
19 244
78 155
60 118
0 113
5 220
181 202
44 169
216 223
134 188
92 203
222 235
53 193
50 117
16 138
92 243
93 177
106 220
54 228
7 193
82 87
92 180
9 167
108 166
133 173
76 205
49 243
56 154
205 238
27 207
136 172
20 167
14 225
43 166
111 227
82 83
141 186
7 241
1 230
161 211
14 83
22 30
23 192
25 190
93 153
1 145
73 96
104 121
63 168
101 154
88 236
125 216
128 184
125 140
186 234
11 206
204 241
72 181
59 231
168 236
39 94
81 189
85 174
31 211
36 213
36 185
157 213
19 118
1 244
37 162
108 171
29 205
163 203
81 145
34 187
46 164
12 157
169 195
26 202
37 240
26 54
223 236
46 63
182 218
9 143
140 179
32 232
16 78
11 43
213 238
50 186
14 191
162 217
3 193
140 212
4 24
16 97
115 124
63 200
71 176
45 219
3 223
196 200
83 203
75 186
32 153
3 103
198 231
132 156
3 67
6 137
173 188
78 198
176 233
42 53
36 231
151 231
124 161
91 181
87 205
33 182
97 174
11 217
142 182
7 156
9 95
23 155
2 147
47 113
124 235
35 182
209 232
37 197
5 205
141 178
33 154
104 164
137 208
8 133
2 85
169 198
41 167
30 67
114 184
21 188
216 238
28 91
141 228
63 181
96 97
45 106
88 183
118 138
41 235
199 212
58 189
2 191
44 47
64 100
148 208
124 158
0 100
226 228
53 54
128 181
172 199
184 229
87 211
54 80
85 172
48 99
76 162
177 205
68 229
119 135
124 178
69 111
1 189
76 238
142 171
114 205
61 98
77 168
64 141
47 224
41 210
100 219
106 231
154 202
87 182
70 199
79 180
206 218
160 167
41 66
95 96
184 185
116 133
83 244
24 85
54 70
222 244
105 233
149 226
150 189
122 128
148 179
12 139
50 141
24 87
95 105
53 169
153 207
8 100
146 206
131 133
13 158
21 200
166 223
50 221
174 198
126 189
22 228
128 201
82 223
102 237
30 139
24 233
132 150
9 82
47 199
24 96
19 66
25 102
182 241
93 228
184 193
7 16
18 121
128 192
6 211
19 197
98 214
74 79
38 187
52 181
212 218
1 202
59 106
200 201
91 193
101 158
77 151
10 134
31 212
45 216
79 189
66 93
16 38
58 73
38 40
17 227
177 203
55 140
105 118
151 182
78 119
63 137
74 171
26 34
81 120
18 23
119 183
56 170
51 215
13 238
113 172
143 222
43 140
91 99
57 141
59 148
126 182
75 144
44 114
80 95
127 237
19 202
136 194
35 91
83 166
179 191
59 238
83 154
14 47
145 153
149 171
186 228
0 198
119 170
17 221
25 159
31 109
167 225
30 87
166 190
93 200
89 205
44 225
153 168
136 200
37 189
156 236
78 79
154 172
152 177
175 218
34 43
207 234
8 113
89 228
105 140
50 52
164 198
116 175
15 216
10 57
10 34
52 144
100 240
161 197
109 128
111 238
29 146
82 113
50 144
75 177
50 97
85 124
88 198
148 157
194 238
76 208
63 92
6 116
82 222
35 39
79 82
52 229
167 187
211 227
4 101
111 206
127 135
200 221
49 129
210 213
60 140
20 67
104 206
68 108
98 124
225 226
70 97
13 155
18 89
30 31
33 228
94 118
78 199
64 207
10 91
167 173
5 110
118 164
90 104
5 23
115 226
0 234
108 192
92 140
7 160
215 225
47 148
89 156
13 105
189 226
26 144
124 137
181 232
72 152
158 218
109 186
96 139
28 55
39 78
111 125
18 43
69 89
169 217
162 211
81 195
190 207
106 226
158 168
141 222
53 217
70 76
152 197
129 197
110 222
12 181
140 182
45 124
162 214
75 175
208 221
64 210
1 64
9 85
0 75
29 32
168 189
13 210
146 199
165 177
203 235
48 189
43 68
18 115
156 199
11 205
146 207
157 212
211 233
176 210
136 211
8 207
63 244
169 208
117 192
17 127
27 222
81 134
39 70
35 49
243 244
120 155
12 238
179 201
71 99
3 217
4 152
48 210
68 223
163 180
0 149
24 38
14 213
84 229
82 103
20 117
63 97
116 184
0 138
152 183
74 102
6 90
9 145
37 231
37 117
62 218
181 196
95 238
17 88
105 180
49 219
85 138
114 221
27 42
4 236
115 148
98 163
50 126
125 136
57 156
18 100
51 117
57 153
62 123
130 169
2 210
26 93
18 85
70 175
64 156
140 150
90 98
42 92
40 50
108 155
118 149
20 217
146 227
94 220
42 71
166 168
18 65
107 135
216 233
65 96
31 83
51 167
121 160
0 142
84 117
112 225
115 230
197 244
19 182
23 101
49 76
124 187
68 197
112 180
171 173
108 131
73 168
215 219
84 127
20 197
144 240
149 163
44 82
83 207
58 130
145 208
0 163
42 126
159 177
60 128
6 48
89 169
22 173
160 191
81 217
37 105
14 20
146 223
157 201
54 226
106 146
13 46
126 239
65 111
80 231
26 50
53 125
98 115
89 142
45 221
51 84
71 173
1 60
121 174
172 215
232 243
87 101
153 163
238 243
82 230
5 184
55 199
47 211
138 233
24 137
58 76
86 173
135 188
1 128
27 60
33 243
67 182
28 152
144 160
28 44
37 192
30 69
6 153
83 239
70 232
172 203
47 169
107 133
11 224
11 113
43 200
101 127
85 125
97 104
22 69
73 91
37 176
107 144
90 152
12 122
170 218
16 231
21 56
191 241
63 100
50 200
178 182
126 156
85 239
168 205
65 150
67 69
38 106
68 118
47 163
128 139
88 187
24 125
175 199
127 239
121 242
44 190
8 35
6 240
26 142
57 186
53 197
139 185
167 171
108 169
15 23
15 40
0 119
53 192
106 181
26 53
87 204
17 131
125 151
47 214
22 154
32 198
17 41
2 209
104 211
68 176
48 156
162 237
88 147
62 162
85 221
26 226
12 199
225 232
6 104
134 165
85 145
55 207
147 205
35 196
181 210
114 212
173 212
5 117
207 243
56 232
210 216
1 23
81 223
152 176
93 105
4 165
28 49
62 180
27 90
46 231
60 192
38 93
11 180
142 225
200 222
30 55
23 96
34 224
137 232
158 220
82 186
151 191
18 114
71 76
36 140
28 120
165 188
128 138
13 72
112 146
76 151
44 72
1 50
20 53
207 229
86 201
33 80
214 223
93 101
0 38
33 36
194 211
186 221
136 210
41 54
40 207
217 242
109 223
180 224
44 227
174 212
26 219
165 199
1 190
65 199
31 235
8 110
149 180
89 137
162 239
195 239
2 25
215 234
88 228
37 184
144 220
54 153
51 227
203 238
33 169
87 167
73 220
160 161
31 72
14 79
34 170
41 151
73 165
97 165
160 230
182 199
56 101
85 228
42 58
164 230
125 167
92 218
207 218
124 170
78 102
151 216
11 221
33 121
133 157
175 203
30 150
60 221
179 234
95 173
65 91
58 210
30 224
28 72
153 160
131 236
60 181
17 187
101 160
142 152
176 209
22 189
66 131
38 158
24 214
178 216
117 201
79 205
78 190
29 214
139 173
150 199
46 224
79 89
157 167
156 159
58 159
19 56
13 47
44 143
143 166
158 217
46 175
100 133
175 205
11 119
113 198
163 207
71 177
101 177
37 217
67 165
11 35
73 81
15 173
213 244
178 207
28 214
46 128
18 92
22 104
67 144
32 221
178 243
97 161
47 154
145 232
178 221
54 157
11 118
70 227
11 51
72 233
53 131
4 106
69 175
73 150
53 158
177 190
79 227
85 199
60 182
55 185
103 209
37 175
75 147
16 86
68 133
75 79
91 206
146 196
15 135
153 166
92 232
43 69
2 125
59 160
29 140
94 145
45 146
113 171
57 224
151 213
65 226
65 170
39 143
192 194
151 242
46 130
209 221
1 221
24 49
64 148
12 200
76 127
75 220
176 223
60 242
35 178
49 151
13 70
36 92
146 181
49 188
240 244
94 228
31 159
34 164
34 223
53 164
45 187
103 174
165 216
3 72
42 143
111 231
139 179
81 127
185 228
89 93
1 42
30 71
143 185
36 111
102 218
12 14
35 144
152 181
174 231
17 76
177 186
218 221
61 100
60 159
11 126
5 7
184 221
20 80
1 139
163 233
99 182
67 223
1 59
26 162
148 186
84 173
235 239
12 56
46 243
24 79
6 17
171 231
64 209
42 124
134 144
114 143
65 228
203 232
73 232
0 161
7 188
125 183
24 41
7 227
32 200
64 153
30 129
215 221
47 76
57 127
158 232
5 73
124 182
61 67
47 194
75 152
59 130
1 86
54 108
92 228
149 165
1 16
71 109
35 93
209 214
202 234
53 168
141 164
66 75
131 206
106 192
122 166
117 215
67 152
86 192
80 101
195 202
71 83
95 236
213 215
3 70
39 58
0 103
9 58
98 186
144 145
10 188
96 212
157 196
111 127
43 162
82 180
0 153
26 101
75 169
33 122
125 154
37 154
186 192
116 179
57 150
88 128
58 111
121 167
54 203
91 185
48 135
140 160
94 234
34 126
9 23
29 174
218 231
71 196
100 143
141 202
54 112
139 234
137 163
71 180
51 88
40 187
52 61
23 165
62 72
92 204
79 179
117 233
149 212
117 151
11 135
81 122
21 150
10 145
107 183
43 170
38 203
31 79
20 193
187 221
88 166
7 230
8 230
135 148
125 202
63 194
22 212
18 237
141 182
93 129
157 178
35 70
48 145
48 119
62 163
56 136
9 240
84 164
137 169
124 153
88 205
95 100
51 138
130 186
39 56
77 240
145 236
11 41
97 139
55 56
31 195
12 55
45 230
192 236
90 122
41 186
4 120
81 133
65 120
0 58
116 232
175 195
17 45
62 84
9 184
51 203
24 95
222 240
24 90
121 182
80 197
119 188
14 235
58 240
74 124
119 220
40 48
92 185
2 27
45 165
113 122
158 166
62 88
22 188
125 218
36 170
131 235
15 104
160 223
1 138
26 75
16 45
84 105
191 239
20 31
52 230
117 214
69 239
47 92
120 228
190 199
228 244
141 195
79 219
95 114
180 214
15 213
42 208
24 121
11 63
36 191
92 106
103 175
163 219
63 209
68 110
135 143
28 189
193 209
81 176
66 174
91 106
183 221
74 114
112 159
152 240
54 229
50 149
67 113
147 212
178 236
118 195
130 226
214 228
104 209
10 103
5 10
75 222
44 53
75 213
139 181
23 52
41 240
73 218
119 168
155 223
147 210
5 155
140 149
72 104
181 191
44 150
6 29
63 218
116 230
83 182
19 116
32 191
70 211
27 182
130 164
26 223
88 179
56 167
186 201
69 221
8 109
41 100
21 28
58 157
77 220
108 182
54 220
60 73
119 189
4 108
23 167
19 27
25 131
54 210
134 149
60 178
40 191
35 84
17 177
42 136
1 125
117 203
19 195
4 196
96 122
7 104
70 138
12 26
93 216
53 56
145 165
62 103
8 240
139 243
129 209
140 209
29 97
10 193
123 197
60 200
4 67
20 96
95 180
7 236
46 98
11 234
166 172
161 221
26 217
54 134
129 131
10 197
23 95
66 179
71 175
51 173
116 156
199 233
1 56
0 134
27 203
4 134
156 186
156 243
56 110
52 97
116 224
50 151
118 191
1 40
46 219
30 103
25 106
107 229
50 55
102 202
160 237
52 141
151 153
43 222
206 222
82 177
37 205
72 132
85 98
28 40
128 215
147 244
26 111
9 73
53 229
66 114
51 163
138 150
152 233
5 243
41 227
83 138
48 223
64 125
87 242
74 139
76 147
24 58
48 140
39 131
52 93
78 206
74 203
15 62
39 237
21 133
101 195
151 238
76 204
69 198
20 62
12 240
41 103
186 195
128 185
185 219
122 196
59 150
7 87
47 63
48 201
52 153
94 111
69 215
64 226
30 190
54 169
29 38
42 138
78 132
1 30
125 145
13 145
81 144
158 238
153 157
7 177
34 121
22 111
162 166
134 175
156 181
16 142
45 213
58 169
142 186
53 68
121 142
168 202
139 168
22 170
109 226
141 170
21 76
35 201
27 242
62 85
24 178
28 106
218 219
7 43
0 39
205 231
109 203
0 15
111 185
163 183
23 195
71 159
32 77
61 223
109 177
4 16
54 171
78 127
8 210
28 109
27 224
75 124
85 139
30 116
105 125
136 179
44 137
62 147
199 234
148 169
69 70
75 90
34 130
29 120
66 203
158 169
119 120
108 228
176 234
128 222
28 56
34 222
13 43
101 216
91 223
34 217
41 107
146 232
93 167
56 103
67 207
172 176
23 108
62 164
14 162
190 242
68 130
90 142
22 161
70 77
121 233
29 124
83 180
55 148
90 170
125 241
157 234
152 161
55 77
78 227
1 90
92 157
32 70
19 213
136 177
110 196
90 121
44 101
139 169
63 127
57 169
60 86
8 198
112 132
91 120
126 198
107 149
13 108
133 233
20 75
49 225
25 133
19 20
107 148
23 207
39 215
17 110
4 173
119 210
9 103
48 234
9 146
87 91
44 221
209 211
93 108
20 115
7 48
118 241
46 154
42 133
21 235
154 201
15 84
135 137
38 216
185 223
18 216
31 94
10 58
189 222
82 89
121 133
77 137
34 105
59 221
34 162
43 191
94 123
105 134
87 146
18 91
69 120
8 108
0 46
52 228
82 98
229 234
13 125
37 163
123 221
192 226
39 201
23 59
106 172
27 163
108 154
44 218
60 105
50 128
125 204
19 114
94 238
37 64
21 228
23 113
49 139
31 85
203 227
198 215
41 138
101 232
112 194
125 236
13 75
31 244
6 57
89 133
40 124
88 156
48 81
44 170
79 215
20 119
106 216
19 198
34 123
38 174
41 159
47 127
8 64
154 156
56 230
37 181
136 213
24 66
99 229
101 228
52 112
161 162
17 205
125 128
131 193
106 144
43 47
88 178
178 205
136 153
64 164
172 173
40 222
40 195
234 239
6 216
185 233
10 64
87 178
65 239
100 171
66 87
50 198
184 215
74 205
148 239
36 93
130 134
180 221
88 223
163 165
147 176
137 227
26 195
56 134
183 184
20 157
112 156
107 223
102 163
193 236
67 170
102 203
184 195
50 207
53 190
161 217
100 230
129 170
170 200
76 231
15 115
191 199
161 163
115 201
146 229
211 229
62 109
176 186
90 97
31 68
33 105
64 177
104 146
170 213
231 240
58 110
161 193
52 127
161 222
88 207
102 210
71 126
58 174
81 208
85 163
148 236
106 110
141 223
88 106
193 227
29 144
6 144
146 195
118 171
186 196
77 181
88 163
161 218
113 165
42 122
44 118
14 221
46 145
4 39
13 161
177 208
15 22
40 114
43 188
121 220
33 61
18 45
4 242
144 214
133 137
193 217
8 57
109 145
127 159
138 169
40 237
23 240
95 226
162 208
50 68
12 192
116 131
26 116
6 140
156 219
159 176
173 225
133 202
70 217
26 187
120 145
170 197
32 166
80 173
75 84
46 56
84 157
75 210
48 232
11 167
34 163
14 158
85 188
55 125
139 200
123 170
116 226
120 194
117 119
113 227
75 215
79 203
140 208
68 238
159 175
10 94
3 48
51 53
41 209
11 42
13 32
98 197
106 224
171 197
112 212
55 146
123 238
6 196
93 128
151 219
117 125
142 156
165 198
10 175
241 243
79 160
123 201
14 99
14 172
103 123
107 235
63 161
72 129
111 182
15 188
203 223
121 165
135 214
103 206
54 126
63 136
26 44
77 102
87 201
98 160
1 227
13 58
11 131
164 210
76 160
3 200
78 129
78 142
133 196
41 188
103 224
161 172
54 147
62 125
18 123
9 11
75 99
178 188
2 78
129 235
45 83
188 239
29 199
19 240
6 74
42 115
108 167
7 36
151 196
12 149
128 239
104 114
78 139
74 237
145 217
62 213
190 222
195 234
87 141
160 214
4 83
14 219
54 191
204 214
38 182
116 192
66 210
79 229
105 106
24 166
117 180
5 225
210 220
5 154
72 168
26 95
32 233
41 144
4 12
127 128
47 69
90 138
200 202
75 165
43 218
78 120
83 163
106 115
130 189
137 229
7 240
143 232
111 136
88 164
114 202
131 196
161 225
209 216
65 195
74 227
146 158
37 168
77 198
99 179
48 133
70 132
180 184
25 178
119 218
68 172
81 227
63 188
129 148
103 130
13 37
71 121
8 185
114 150
220 233
2 7
70 80
40 175
226 239
7 132
53 180
14 132
27 196
148 229
125 220
68 191
86 198
19 119
90 199
44 239
47 198
52 199
37 185
134 191
56 83
41 71
50 108
127 171
91 137
155 211
130 217
201 205
150 240
7 211
80 113
15 137
37 225
38 52
40 133
13 45
93 140
69 129
133 182
144 183
157 232
69 72
70 146
196 230
130 224
77 98
37 204
50 190
114 142
185 191
150 194
54 194
9 19
25 216
103 179
140 167
32 158
55 80
119 158
32 151
7 113
206 238
223 230
28 240
168 227
26 176
135 147
16 184
90 197
137 204
36 194
116 209
2 228
81 225
92 237
48 195
177 224
6 221
24 76
127 212
22 199
132 222
138 192
2 182
23 117
49 64
1 141
174 203
52 129
55 118
47 162
18 202
122 205
158 197
109 143
55 194
199 200
103 115
61 64
41 217
21 119
173 179
36 132
86 157
89 188
102 190
3 228
187 201
144 197
29 166
141 244
19 190
92 220
28 94
132 152
37 235
62 74
43 158
93 150
159 221
102 114
54 98
208 225
171 188
31 116
222 233
15 152
76 178
93 96
21 41
32 208
92 114
21 115
122 222
14 223
39 55
8 212
19 32
68 192
61 235
44 220
131 141
81 121
164 197
6 142
180 200
50 58
113 129
33 72
21 69
75 141
54 118
36 52
42 119
212 230
112 115
155 181
54 87
121 219
121 197
20 94
176 242
5 175
9 33
67 206
12 89
79 193
192 202
21 81
88 190
3 190
103 177
1 127
83 112
54 67
36 43
59 243
211 222
159 230
5 232
7 192
16 239
49 217
41 171
59 165
146 155
146 182
71 193
113 181
8 28
9 214
17 107
132 178
99 228
123 213
73 135
0 67
114 115
73 115
202 221
44 174
50 202
77 238
47 166
197 233
124 210
134 177
174 234
131 203
127 193
9 174
174 235
68 181
14 120
82 187
105 176
37 50
151 201
59 200
78 92
115 125
180 198
30 34
6 22
60 170
33 157
159 227
52 109
64 114
81 143
77 167
161 243
131 172
201 230
118 129
202 208
85 144
185 189
6 11
5 22
79 101
131 208
6 182
21 75
121 127
62 197
116 168
70 123
210 226
140 195
86 166
17 203
23 49
150 224
145 176
177 197
64 240
128 233
94 197
149 154
94 129
94 116
21 169
61 118
75 225
144 195
213 229
1 47
93 194
30 164
21 94
45 209
174 191
213 224
85 213
150 232
18 62
78 136
22 54
112 241
142 242
74 123
217 238
12 160
65 234
64 131
193 232
7 22
5 71
82 210
30 172
115 186
27 47
3 203
14 242
6 181
169 178
9 183
147 211
59 112
6 232
108 196
227 231
81 103
175 209
16 107
227 232
85 227
22 211
98 105
52 201
30 107
25 68
117 226
15 113
26 145
55 123
21 39
25 166
128 210
8 221
206 241
33 58
104 222
85 165
7 84
205 206
6 126
136 187
17 158
89 151
13 223
23 102
5 87
176 220
169 205
90 145
150 237
14 200
82 99
69 106
122 236
70 133
37 83
20 166
127 195
217 243
46 172
91 235
30 102
106 178
44 45
131 217
212 236
35 60
132 241
38 233
31 144
173 220
78 218
187 213
23 68
27 144
86 89
63 163
58 197
37 179
103 218
109 212
189 213
92 191
43 73
79 195
46 177
16 199
61 148
22 84
191 231
3 112
144 243
155 161
52 98
123 146
42 239
137 138
8 29
52 200
102 160
158 242
11 31
76 94
21 185
36 58
160 231
23 72
117 235
1 109
149 195
48 130
74 84
124 186
54 133
163 188
51 139
75 197
14 110
103 180
16 182
98 220
120 156
17 149
14 77
5 70
60 145
53 90
121 179
84 210
84 131
35 116
26 46
125 157
82 85
100 104
189 190
8 104
15 66
97 244
113 180
9 218
166 225
113 135
196 234
13 149
161 242
154 159
13 122
17 183
50 85
52 146
121 226
156 184
126 136
195 231
18 238
155 224
10 38
92 202
123 185
148 191
48 110
164 202
93 110
169 204
140 181
132 135
57 66
16 115
206 230
38 53
157 200
43 59
120 221
9 78
21 105
0 127
35 127
53 95
78 226
180 183
3 86
16 207
105 226
24 101
167 229
53 126
58 116
40 78
30 218
192 217
17 118
10 107
14 187
40 47
37 140
79 100
188 222
111 181
83 146
38 234
143 227
116 178
39 178
140 219
14 222
72 108
56 166
22 44
99 203
16 228
100 222
100 152
105 130
181 187
129 176
162 235
110 188
101 179
52 215
133 225
176 229
63 146
30 79
128 242
185 208
104 243
9 68
34 139
134 141
101 164
105 239
94 105
120 168
14 64
7 20
77 184
27 50
55 136
83 204
13 65
71 79
11 130
52 81
5 144
65 105
4 215
147 243
13 157
34 70
18 27
96 189
42 111
155 212
101 147
2 10
136 235
1 193
26 149
136 151
86 148
132 221
116 201
191 230
82 91
117 169
44 85
68 138
18 113
22 79
37 41
67 215
142 178
212 216
156 218
48 177
207 239
25 219
33 47
77 154
92 163
70 95
15 144
77 124
208 217
25 235
59 173
134 226
26 230
21 93
99 130
89 227
98 165
29 100
179 206
187 236
0 219
70 147
4 37
109 181
33 165
61 186
154 242
226 241
83 167
58 192
100 155
117 134
211 215
13 128
179 229
82 95
50 175
32 182
62 87
144 219
150 228
72 115
110 177
45 208
130 156
138 188
54 196
66 207
80 180
17 85
22 169
121 124
29 197
11 109
128 155
14 244
108 136
100 224
96 196
68 107
59 225
124 219
2 177
81 197
91 215
58 133
44 100
213 217
84 112
68 189
63 213
146 166
134 180
187 226
184 237
95 207
67 173
77 141
32 157
37 141
28 243
27 141
77 149
42 159
49 172
80 129
86 242
29 241
9 116
122 158
64 203
101 142
59 178
21 216
37 66
199 224
46 67
175 183
112 211
8 189
13 199
83 220
50 187
123 133
28 97
41 169
50 132
91 208
19 115
44 83
79 172
109 117
10 22
63 109
156 183
43 53
108 183
37 187
177 192
216 229
43 108
0 71
69 142
101 166
62 75
71 164
55 154
53 173
52 152
107 128
153 206
132 196
99 196
53 232
168 225
3 199
61 200
74 146
145 168
72 237
90 176
52 76
35 148
20 106
184 209
47 99
13 228
104 141
91 239
4 89
144 231
27 86
86 199
94 170
179 188
196 223
2 143
96 221
7 115
160 197
47 235
170 231
145 233
133 168
34 116
57 116
15 193
23 199
24 171
40 239
27 238
102 155
91 162
56 152
39 113
93 94
93 118
37 138
24 140
57 76
49 199
22 82
10 199
109 154
70 84
105 114
60 75
48 230
13 167
128 193
139 183
101 230
2 87
87 207
106 149
95 110
81 125
34 44
40 210
24 40
6 61
13 198
109 168
35 242
133 136
43 92
162 189
140 238
17 93
173 223
193 215
165 241
152 192
1 207
62 82
178 240
14 60
55 238
115 183
54 66
139 164
151 187
176 224
191 213
6 154
70 134
54 117
101 211
108 160
15 90
35 77
147 148
77 237
25 41
15 203
163 206
167 196
4 153
68 153
81 100
46 232
136 166
121 163
38 74
66 121
29 106
62 204
151 223
39 161
53 55
46 114
56 125
23 55
13 130
71 131
10 159
72 231
112 162
60 90
117 244
99 169
133 212
1 17
12 48
138 239
138 176
40 141
103 225
126 212
26 242
74 215
148 165
86 116
10 114
86 134
102 228
113 179
3 26
7 199
43 117
67 122
32 52
73 212
20 163
30 56
113 206
89 121
107 179
91 217
17 212
15 97
92 205
100 176
60 149
190 195
107 226
20 186
195 204
67 171
144 242
149 213
202 230
49 242
79 212
39 158
60 108
88 212
150 200
76 106
93 113
89 107
208 210
46 190
70 244
120 160
175 178
13 38
45 116
71 234
129 149
56 146
133 214
16 58
124 194
34 78
82 169
49 238
97 216
43 157
146 222
7 75
113 236
79 226
152 154
81 91
98 148
140 243
41 86
75 195
96 113
2 4
39 212
52 162
14 73
3 97
78 134
169 184
176 202
151 185
36 96
195 237
17 50
64 188
144 181
7 111
157 187
57 98
47 232
89 182
148 178
97 150
135 164
62 174
105 141
83 122
40 143
168 234
54 100
130 228
87 153
5 234
75 166
44 144
54 156
72 170
32 121
35 78
105 198
20 151
100 195
6 179
71 112
41 197
9 190
49 205
63 79
130 237
13 216
25 196
16 95
27 220
100 116
77 201
130 172
42 212
28 151
154 192
72 179
7 223
166 184
76 203
29 135
34 106
2 155
49 70
115 177
39 116
43 89
117 160
95 129
55 232
53 82
3 135
133 151
4 175
96 203
22 214
60 186
105 221
117 144
48 114
2 44
99 110
96 150
41 105
17 119
41 232
37 229
142 205
11 159
8 243
79 158
186 229
36 107
55 149
11 12
65 76
75 135
7 94
22 156
185 197
96 146
65 102
4 72
172 230
29 107
82 109
104 107
32 73
113 242
201 224
24 65
138 180
165 187
235 241
32 195
212 229
8 171
192 229
3 194
19 220
0 23
164 182
134 136
6 56
33 78
69 84
104 152
109 239
90 99
148 212
60 91
85 220
35 161
191 195
55 81
4 171
3 115
0 168
143 233
33 120
0 238
60 175
11 128
56 188
24 167
155 186
154 189
103 139
125 150
165 179
61 88
184 231
135 220
206 212
32 136
67 167
199 201
115 120
47 174
168 224
196 231
163 202
45 214
20 212
36 50
188 203
63 232
174 239
89 210
90 148
83 147
30 195
104 125
96 137
35 123
76 235
28 171
11 185
17 101
71 87
129 136
89 231
90 191
35 138
104 231
36 49
91 163
101 205
140 144
67 203
126 214
52 77
22 123
101 148
71 174
47 196
81 238
141 231
6 38
40 101
106 185
33 168
15 65
170 193
144 226
7 244
134 187
201 239
173 205
208 242
75 187
54 93
70 102
55 161
10 52
46 111
103 238
114 131
8 58
23 170
80 203
52 174
34 141
9 224
8 27
104 224
70 219
15 76
68 173
132 162
19 25
55 72
127 136
147 208
29 180
176 178
72 217
105 208
33 70
21 22
24 146
139 160
155 237
114 168
7 218
34 202
17 117
78 138
92 143
14 136
61 90
96 112
126 225
56 128
72 175
59 126
35 54
15 51
125 217
14 46
78 98
182 219
161 181
109 122
176 183
207 232
81 243
6 83
126 220
12 38
37 113
24 129
51 79
111 142
103 121
20 181
1 124
88 102
189 199
94 153
10 36
119 222
59 128
149 158
174 218
43 78
2 225
8 228
20 97
74 105
112 152
53 108
68 114
95 241
145 154
49 239
166 237
38 177
24 54
225 241
35 59
14 82
156 185
118 244
34 81
61 96
76 200
18 128
160 196
26 192
28 175
122 213
105 174
106 116
30 237
144 169
7 182
81 167
146 216
27 94
63 68
155 168
90 133
213 216
121 155
17 34
13 109
137 155
109 147
0 105
85 130
176 222
58 112
59 79
228 236
59 220
42 171
128 198
13 221
42 148
49 105
226 240
107 230
90 146
159 196
26 133
39 45
9 201
64 204
149 183
1 74
12 67
62 112
38 96
34 215
46 201
136 182
101 105
125 197
51 229
175 188
17 202
84 116
39 92
107 219
17 166
141 234
57 70
2 116
81 220
78 141
46 121
102 195
3 170
4 178
111 157
165 204
179 207
11 102
125 195
25 90
118 185
5 98
172 188
127 234
45 173
52 85
31 113
141 199
91 187
2 222
103 184
9 17
212 222
5 214
2 174
0 147
179 243
49 118
98 146
54 158
13 120
69 222
104 230
49 222
9 47
34 138
0 146
62 172
34 160
113 115
121 218
4 113
27 129
18 73
33 95
8 22
110 176
81 140
25 227
98 135
46 178
42 81
81 105
123 244
62 210
4 163
7 97
6 233
223 240
6 112
174 230
156 192
49 122
132 197
28 41
64 206
199 238
84 151
43 96
96 108
78 84
18 58
50 177
24 188
79 128
132 218
110 143
220 225
5 157
108 126
33 181
95 160
130 180
58 86
64 69
17 206
100 226
2 138
48 54
15 194
58 206
47 212
90 111
91 240
98 100
137 184
25 123
42 96
109 158
63 220
6 51
83 208
7 72
23 47
45 143
161 179
24 73
110 128
54 175
114 189
129 210
107 152
2 105
23 151
140 200
8 140
147 179
164 238
22 43
43 135
33 227
39 127
155 214
73 228
162 185
40 161
201 216
49 176
122 203
75 226
22 100
0 122
17 139
