246
9
7533
60
448 2
83 2
268 2
368 4
771 2
65 3
914 3
818 1
886 4
315 2
325 1
811 1
883 4
861 1
186 2
380 1
560 3
735 4
846 5
658 3
731 2
539 1
242 3
197 5
485 2
150 1
302 5
768 1
429 3
575 4
421 4
56 1
251 1
699 2
182 1
749 2
192 5
182 1
789 2
136 4
514 4
482 2
388 4
650 2
595 5
596 2
210 2
96 5
787 4
131 4
442 3
336 5
921 2
735 2
475 4
159 2
413 2
922 5
883 3
123 1
526 4
620 2
393 3
811 1
776 2
684 3
81 4
329 2
110 5
320 3
678 2
284 4
350 1
380 1
567 3
511 4
506 3
162 2
206 1
261 3
352 5
632 3
149 4
216 2
577 1
705 5
908 4
489 1
818 1
402 3
249 4
695 2
241 5
436 3
673 3
297 2
876 2
338 4
149 5
826 4
507 2
890 4
607 1
828 4
415 4
868 3
901 5
721 5
542 1
378 2
541 5
315 3
290 3
430 4
711 3
158 3
624 5
136 1
540 4
537 4
403 2
382 1
358 2
446 3
895 4
183 3
160 2
633 3
904 2
830 4
711 4
271 1
616 5
421 5
898 3
113 3
403 5
246 2
135 3
884 5
397 4
886 1
829 4
335 5
234 5
160 4
925 4
184 2
539 4
123 2
65 3
489 4
97 3
614 1
662 1
642 2
302 1
331 2
168 3
531 3
203 1
334 2
503 2
794 2
369 1
65 5
232 1
177 4
801 3
287 2
504 3
102 2
724 3
760 4
165 2
229 5
888 4
621 1
370 2
567 2
288 5
140 4
57 2
557 2
404 2
874 3
863 4
473 3
347 4
655 5
808 3
777 2
554 5
115 4
793 4
241 4
146 1
809 4
383 2
874 2
498 1
814 4
246 3
259 2
227 4
587 1
162 5
395 1
91 5
500 1
187 3
643 2
160 3
783 1
55 1
870 2
504 3
274 2
807 2
356 2
897 1
168 3
854 4
475 1
284 2
730 5
679 3
485 4
802 2
523 5
80 4
874 2
501 3
312 1
750 1
326 4
915 2
114 3
921 5
749 5
543 4
704 2
890 4
235 1
235 3
727 1
127 194
4 107
104 199
75 107
162 175
50 200
138 217
80 167
19 44
91 143
150 217
81 182
13 161
124 141
68 217
11 22
40 124
80 216
131 196
100 163
0 42
4 18
58 102
64 100
134 142
224 237
226 243
95 178
59 87
212 225
194 214
134 189
80 156
62 211
165 234
44 89
94 122
87 159
63 78
59 60
146 154
85 179
23 68
5 159
73 103
53 180
36 116
47 225
124 199
122 220
40 48
110 148
7 164
18 71
23 165
21 181
180 186
43 82
10 29
173 217
94 209
93 245
182 213
48 50
43 113
118 212
15 206
142 200
100 176
29 163
102 176
37 203
48 207
59 86
40 163
13 187
16 225
44 122
57 131
110 173
191 215
83 147
81 154
62 195
102 245
102 209
73 177
112 188
71 119
138 150
46 111
76 174
121 138
201 224
195 204
132 163
37 162
149 201
145 205
74 99
70 234
199 223
136 192
55 173
98 178
56 153
166 188
49 104
112 221
70 237
87 224
114 133
151 227
167 174
0 139
10 192
223 232
95 195
44 93
44 166
171 228
105 237
75 109
30 208
42 77
202 203
202 216
102 239
13 204
60 245
42 224
187 201
75 170
23 168
20 93
23 184
83 214
131 137
7 219
76 232
126 182
57 133
1 14
79 114
198 228
67 72
56 192
47 223
86 129
106 207
56 140
141 193
148 162
55 86
141 231
71 96
54 165
83 245
224 229
35 106
5 95
65 196
169 185
113 149
14 45
37 180
97 164
92 202
143 212
153 162
70 198
2 103
29 102
24 101
69 172
128 147
78 152
109 182
29 109
189 241
13 201
20 199
2 203
61 238
142 147
10 44
8 242
44 143
25 107
42 99
75 198
46 174
6 64
41 224
75 174
73 137
16 24
120 179
51 240
129 169
81 237
54 56
5 73
147 226
21 85
145 201
34 130
93 223
88 186
5 122
60 61
52 75
42 91
186 222
88 242
28 134
10 198
121 156
156 163
115 220
166 238
210 233
97 101
69 142
111 190
80 210
50 241
61 161
7 130
17 33
156 195
75 182
21 102
43 108
5 112
32 136
29 225
96 244
114 227
9 84
57 201
71 164
217 245
159 243
177 188
28 245
174 177
29 141
14 156
73 86
74 180
87 174
212 240
135 141
69 75
55 75
7 78
149 200
115 226
103 119
16 229
135 238
78 222
159 218
20 26
2 245
81 89
171 187
121 123
12 201
142 197
36 219
102 169
31 203
231 243
45 116
24 70
55 209
40 183
18 137
163 169
63 219
87 97
49 223
83 241
198 207
102 230
192 229
120 215
88 160
165 197
0 203
86 206
92 232
57 135
171 185
134 150
126 145
232 236
95 243
53 201
204 231
39 135
32 214
49 79
77 195
28 200
29 134
20 135
95 193
14 72
111 191
108 159
24 162
37 207
147 178
34 197
44 111
73 96
69 141
59 178
19 170
95 148
48 97
59 168
58 64
18 76
96 162
42 218
32 133
79 143
72 86
43 143
118 122
127 170
36 84
21 203
23 108
59 209
93 118
53 226
29 161
25 33
108 132
31 90
213 219
156 197
90 224
13 17
181 214
43 208
5 213
85 163
19 61
21 218
65 216
179 208
231 232
186 200
81 186
79 166
76 180
141 204
216 238
131 214
159 160
8 123
28 102
187 243
193 228
164 184
76 78
107 241
75 135
27 137
1 202
10 42
57 232
67 209
75 94
74 101
65 171
4 109
56 193
181 204
39 85
55 169
106 190
157 198
185 229
37 51
16 19
58 60
142 185
80 172
226 230
70 97
18 47
135 205
130 238
132 240
9 93
125 240
65 209
24 221
3 131
39 226
56 242
20 208
26 132
139 180
95 190
112 204
119 155
83 194
152 160
95 216
118 136
22 77
110 189
224 225
27 227
69 210
7 244
184 196
113 179
49 94
61 118
51 196
116 182
197 240
110 212
96 192
51 150
152 233
18 90
96 140
161 185
76 149
18 94
15 85
57 175
60 152
39 140
63 104
106 201
93 108
89 216
130 198
195 231
117 136
66 92
119 233
139 158
50 107
11 198
58 188
145 194
130 142
62 162
36 122
90 212
88 125
87 139
58 104
76 148
40 60
114 171
33 214
129 132
25 236
26 239
170 200
13 148
136 165
80 196
110 180
132 170
184 187
112 196
99 233
168 177
22 157
26 38
14 105
39 223
89 241
22 85
25 51
33 34
69 139
80 211
19 96
29 219
51 139
11 80
130 155
102 126
140 203
62 126
68 223
10 71
4 131
70 84
61 206
104 192
165 206
148 233
0 31
26 30
64 114
51 52
38 66
152 208
186 237
103 234
1 221
144 215
7 120
69 229
9 41
23 39
95 127
189 230
96 173
211 221
206 232
118 210
225 227
137 151
67 100
120 137
88 244
13 198
110 160
75 192
89 218
3 158
22 216
17 218
23 115
184 236
204 234
56 70
42 116
54 97
190 218
14 164
64 72
19 70
61 166
108 113
148 164
78 191
7 98
155 197
38 125
97 156
19 110
0 61
8 9
27 109
6 58
90 173
163 200
31 172
52 112
110 174
1 201
21 157
131 207
93 161
140 153
144 167
8 106
14 142
105 223
109 128
59 76
237 243
37 237
91 127
31 152
175 192
56 188
59 175
188 233
140 209
94 192
127 242
16 97
19 197
48 244
59 80
180 242
15 95
61 204
197 233
11 242
155 213
121 244
69 88
35 108
92 187
51 106
213 239
1 87
70 111
113 202
135 215
126 141
79 123
54 142
22 117
43 96
8 151
46 236
29 165
18 158
136 245
152 197
135 184
60 160
151 170
81 88
93 157
127 230
3 91
120 155
60 228
88 212
43 155
36 111
182 232
0 188
194 200
48 222
145 172
132 180
6 216
99 216
209 220
42 124
33 125
4 200
123 159
37 172
145 218
58 117
78 211
129 226
2 105
81 145
54 223
78 204
19 108
21 198
36 213
147 194
10 90
29 154
168 201
3 219
65 222
38 207
39 87
7 226
131 243
78 235
172 235
123 141
163 190
20 200
25 189
100 207
57 163
9 97
11 68
76 230
108 242
68 86
113 126
131 162
49 69
81 224
15 221
35 114
93 97
66 193
103 123
130 179
118 195
154 182
146 181
25 220
28 39
34 80
116 131
94 138
27 103
62 198
33 203
110 151
61 111
120 144
18 172
129 166
76 205
45 196
162 181
125 206
117 186
2 228
8 181
2 129
43 136
105 149
13 21
64 157
62 215
68 88
144 170
82 223
89 135
91 108
103 223
52 203
180 227
56 212
139 169
41 180
6 133
74 102
101 129
96 198
116 165
74 238
162 216
35 233
42 193
26 160
91 121
140 183
95 220
60 207
29 190
57 169
31 72
102 148
23 34
7 74
27 41
67 201
169 240
36 195
204 226
176 219
144 196
137 210
157 239
117 169
10 51
82 224
4 70
10 14
78 146
34 149
15 129
63 65
31 218
169 178
148 182
162 170
139 240
30 52
62 129
94 215
156 184
2 40
24 224
93 95
82 131
90 96
104 219
117 233
116 245
16 228
33 242
27 178
34 167
76 165
23 243
113 121
149 206
16 112
202 229
4 67
52 208
67 110
99 189
70 235
11 211
186 192
4 206
74 143
159 203
83 145
87 236
119 135
34 190
55 194
16 171
4 243
124 236
36 223
22 165
20 225
194 204
94 207
146 217
183 201
132 172
204 214
45 57
71 218
184 192
161 162
153 241
66 104
158 233
49 65
11 173
5 166
23 66
99 220
211 217
35 162
1 219
25 115
73 112
32 223
183 221
18 129
52 159
169 203
239 244
50 92
3 227
9 168
125 198
113 139
114 238
77 107
129 140
1 115
21 212
197 224
132 209
28 208
132 192
158 237
175 229
235 242
57 83
136 160
20 71
164 214
79 119
123 244
66 138
47 71
34 201
45 213
13 243
89 127
128 188
213 234
126 222
54 149
96 218
127 224
17 76
9 53
52 146
181 225
109 153
40 72
118 183
199 216
39 193
24 120
40 192
152 155
203 242
28 177
27 58
67 163
87 144
141 167
11 108
63 172
148 150
129 180
33 158
21 53
0 49
182 202
10 173
95 130
95 184
149 228
64 80
79 103
52 134
113 162
119 201
10 53
87 173
33 205
102 221
25 133
102 179
10 67
39 159
22 37
161 207
111 141
103 233
18 51
137 235
90 156
169 235
190 219
198 205
124 237
218 245
21 168
104 228
224 240
103 113
1 146
107 159
172 184
47 89
25 56
35 113
63 141
26 204
127 223
129 225
15 162
213 215
101 222
3 53
29 136
103 174
136 217
121 207
38 108
139 200
30 107
66 176
66 161
10 150
23 25
128 207
23 67
2 170
65 228
171 222
2 220
33 55
54 184
3 97
34 91
149 173
56 213
186 205
122 214
59 85
114 229
3 47
176 183
159 197
87 154
9 85
49 230
88 205
42 236
163 195
5 194
64 241
146 158
55 176
225 240
191 212
149 226
120 121
146 200
49 206
79 169
9 214
25 44
18 223
23 236
155 229
67 174
132 205
87 153
95 154
124 220
17 22
141 164
160 200
36 117
191 236
63 86
103 104
43 218
37 120
152 166
10 81
56 163
89 213
14 230
87 229
17 162
25 151
114 141
100 235
88 235
137 200
66 132
120 140
7 240
167 228
138 198
30 114
80 226
0 46
4 14
84 195
12 49
95 228
109 230
154 234
54 230
87 232
72 107
55 110
139 191
29 142
112 168
66 240
31 189
85 141
196 218
77 211
218 225
30 97
59 210
175 209
97 105
168 204
6 199
68 230
5 225
120 218
62 121
11 180
14 232
191 218
16 168
82 100
134 174
63 190
69 198
62 68
53 64
131 164
104 189
51 123
23 186
38 168
152 188
186 235
137 179
98 116
158 225
222 223
226 231
3 77
130 158
107 125
8 162
194 240
2 119
27 71
16 134
20 179
113 124
180 228
210 219
69 92
157 181
35 215
99 109
121 147
83 172
17 85
112 148
60 178
143 226
59 102
72 244
8 221
98 165
174 244
18 128
77 233
52 141
57 139
82 183
77 101
130 220
42 187
88 213
82 235
134 201
77 85
16 17
131 176
37 214
24 63
0 134
102 178
89 191
63 218
11 92
91 186
7 85
97 191
5 100
20 185
6 17
45 207
18 148
75 199
32 103
54 123
68 74
77 183
134 184
71 166
132 169
59 120
90 244
4 220
51 71
173 213
42 51
63 183
2 138
154 164
85 108
49 244
9 113
23 211
64 239
8 186
81 106
23 56
76 146
30 64
148 206
50 68
60 220
45 166
134 166
5 75
98 208
53 99
164 171
152 174
19 60
114 208
61 191
21 225
73 94
49 96
22 127
77 213
99 141
69 103
140 141
234 245
115 178
24 132
130 159
74 172
51 217
58 122
21 108
136 140
93 165
19 195
28 87
144 197
47 113
42 160
19 26
16 32
87 118
37 158
36 106
54 232
45 114
100 226
168 230
98 193
67 172
154 229
58 171
21 175
27 57
41 42
18 131
27 34
86 215
69 100
155 235
127 128
101 194
40 102
53 90
151 202
16 149
51 193
79 112
35 141
9 25
80 112
96 149
58 100
6 113
152 241
14 16
130 213
33 68
42 63
53 237
1 176
32 113
51 206
151 214
83 102
54 185
233 239
27 55
170 193
36 70
9 143
21 97
37 66
87 191
94 223
33 152
90 201
87 190
116 190
227 234
32 169
152 167
125 154
59 157
101 181
37 83
131 206
16 58
56 236
14 207
46 220
115 229
131 168
155 159
59 230
54 168
52 166
142 167
59 72
55 95
118 194
13 20
74 105
78 219
13 210
6 163
55 61
60 166
99 153
10 153
88 208
88 129
30 41
30 94
1 241
29 86
85 156
46 92
3 16
118 192
90 169
58 118
4 58
91 95
92 186
113 190
48 190
69 169
99 178
211 226
36 42
214 239
70 194
70 112
2 82
73 129
147 161
81 109
160 205
103 245
45 80
108 222
124 241
85 185
119 224
11 224
40 110
61 169
47 82
8 66
16 163
43 118
41 75
56 179
124 151
104 196
53 211
29 148
52 184
4 223
81 178
170 180
20 39
7 158
49 144
82 83
46 207
196 209
35 191
63 109
132 225
109 200
218 236
148 183
48 129
112 190
76 212
156 226
35 228
42 74
149 180
129 157
80 96
27 122
2 216
64 212
38 74
204 208
116 149
25 207
136 188
17 195
36 147
21 163
8 173
109 173
62 163
115 129
145 215
139 154
156 166
81 192
24 193
51 188
167 199
6 33
186 227
31 39
44 197
14 194
212 228
2 106
119 226
170 216
11 59
22 132
2 86
47 215
53 129
58 231
10 240
122 196
161 226
136 214
150 234
52 210
45 53
169 172
40 228
43 223
170 238
170 218
28 104
83 203
178 198
1 237
109 213
105 139
130 149
37 93
20 51
16 69
22 143
8 223
108 195
3 235
29 135
15 149
119 182
111 231
89 146
109 134
196 199
8 175
98 139
17 180
21 63
163 236
151 218
2 188
94 118
5 7
50 163
101 105
28 163
117 122
34 104
47 77
91 190
78 195
122 209
65 200
64 231
25 160
139 174
42 178
37 241
64 221
11 213
75 221
81 197
138 191
58 109
18 219
59 65
8 30
147 150
18 207
58 82
101 122
142 242
186 204
24 223
98 108
220 242
146 196
158 207
139 220
88 241
172 208
190 195
69 187
32 236
51 241
121 171
43 90
66 203
65 73
210 231
219 243
185 196
116 161
27 216
79 122
94 160
62 155
3 74
84 196
45 232
43 51
70 73
93 154
60 80
21 171
128 167
150 153
136 185
35 145
35 202
85 102
119 221
56 137
146 201
179 202
154 203
47 138
135 145
155 214
41 99
147 245
44 173
63 94
142 165
49 108
52 152
61 112
183 229
83 171
117 182
71 201
153 207
47 136
35 213
129 131
94 224
154 227
42 55
24 91
192 219
140 152
14 212
55 175
179 230
8 41
110 112
93 228
71 240
158 183
15 103
176 186
34 187
60 116
190 210
106 228
5 196
162 243
105 158
2 215
124 164
113 171
197 212
10 73
71 197
81 134
196 197
86 187
57 110
56 194
20 56
70 173
73 183
16 50
15 106
107 124
71 152
202 223
88 118
52 174
41 65
91 233
30 174
53 60
31 128
115 156
120 177
36 69
11 85
50 140
109 116
22 118
57 142
60 111
0 43
97 161
75 93
43 132
181 213
80 180
136 204
80 161
82 156
1 34
151 207
114 159
37 176
50 147
5 142
59 207
106 145
32 176
112 143
94 197
165 203
38 49
2 235
36 228
96 108
19 40
49 239
29 57
45 102
19 146
17 36
135 170
108 168
135 226
32 213
92 149
96 136
9 13
6 49
189 202
101 200
20 98
239 245
176 231
11 119
4 225
169 179
39 228
138 224
137 221
214 245
3 27
24 136
45 147
85 89
76 110
174 179
79 155
46 177
98 218
54 245
24 76
204 220
81 158
30 90
125 139
71 180
154 202
137 196
12 113
138 145
0 192
195 215
23 85
47 134
4 6
32 75
84 113
138 151
112 127
123 222
44 205
23 226
138 152
127 174
172 227
88 98
90 232
5 114
41 144
20 45
77 188
33 90
167 190
141 216
123 144
143 186
225 239
46 182
71 73
39 218
103 166
153 190
234 242
32 62
134 203
142 244
7 57
14 180
5 67
51 113
46 48
2 61
35 48
46 50
49 202
61 75
95 170
34 185
120 169
170 244
164 169
16 158
14 172
34 55
29 38
145 156
7 117
56 206
70 240
88 182
210 240
23 40
52 101
173 193
58 192
85 158
75 162
47 205
88 113
142 171
12 231
27 126
161 222
47 90
128 142
27 179
85 237
117 149
84 160
77 112
25 34
184 203
107 195
137 211
45 193
188 237
75 225
90 122
65 78
10 197
100 227
35 160
135 236
43 244
47 175
116 129
120 188
147 211
92 196
159 176
135 225
3 160
111 211
59 155
1 28
3 87
15 116
106 127
189 209
17 65
37 179
235 238
27 240
170 209
141 208
222 224
203 213
94 186
38 178
13 245
62 221
0 106
47 59
161 227
106 161
23 145
113 150
48 203
99 139
91 214
105 109
2 39
106 242
81 128
136 209
59 123
15 98
120 217
41 74
73 82
77 238
55 91
47 183
68 131
6 160
131 195
66 183
77 193
47 151
24 213
57 120
128 218
21 93
103 110
116 163
195 198
111 138
117 243
15 182
48 112
32 204
57 193
49 56
12 141
23 61
142 172
85 110
20 144
65 71
14 235
72 129
101 123
12 185
121 136
32 40
14 49
212 230
16 103
57 134
169 201
70 116
115 238
41 113
16 53
200 243
46 124
31 151
80 179
28 165
40 61
144 166
61 132
12 46
143 224
52 232
13 31
7 173
133 154
101 104
44 151
144 237
45 156
102 180
72 202
164 187
40 205
12 208
123 243
97 126
130 157
22 90
31 175
85 209
64 79
60 243
1 36
36 144
23 174
15 108
27 93
3 222
10 204
59 172
85 121
152 196
107 119
30 76
134 170
23 72
215 221
157 213
123 127
133 197
40 224
99 213
50 171
76 118
50 155
41 201
70 129
1 242
60 114
54 86
23 207
158 167
35 225
101 189
104 148
116 191
191 240
56 96
184 232
15 56
16 219
70 120
30 124
4 188
70 184
28 69
45 74
49 76
107 181
156 227
62 151
28 212
117 132
39 156
83 240
49 245
61 128
195 207
22 79
4 239
100 203
82 173
82 110
84 116
22 158
49 80
11 126
181 206
62 78
78 113
84 101
46 187
11 233
24 195
1 182
94 230
77 187
11 76
22 91
91 240
121 204
174 188
3 211
32 134
229 231
25 63
102 217
39 119
25 93
196 244
57 191
94 157
70 133
177 206
54 210
12 214
149 203
19 243
172 219
105 168
52 233
35 82
56 175
16 169
10 49
32 49
3 13
9 138
1 80
164 224
43 117
21 140
17 163
72 184
144 159
116 240
7 70
8 97
6 14
62 236
19 171
115 237
209 217
8 206
113 133
115 152
107 136
173 197
15 84
81 208
36 105
78 221
54 183
18 125
30 67
100 108
6 156
123 147
104 168
91 126
20 68
232 239
145 157
178 233
125 192
70 175
19 27
34 173
33 78
93 213
144 211
44 167
92 135
163 233
31 159
153 177
166 187
47 99
97 222
41 142
59 66
20 70
140 182
98 128
60 126
126 200
14 242
37 96
114 220
176 177
17 100
110 149
166 174
10 239
206 219
164 179
26 146
109 226
38 62
175 176
85 146
171 189
16 185
13 32
58 126
168 245
168 228
122 186
69 124
145 191
93 152
46 231
106 155
95 98
6 145
60 129
49 217
68 174
129 151
141 158
69 165
177 204
156 162
169 191
230 241
5 43
103 148
48 102
165 181
88 209
58 72
7 205
21 234
101 151
31 245
6 243
31 129
24 117
53 144
43 178
144 182
109 169
2 72
44 86
161 217
124 174
36 189
186 244
166 207
15 54
61 82
162 204
53 208
222 232
16 178
11 36
72 78
127 206
110 239
44 134
221 241
190 239
125 159
36 180
17 243
8 185
170 201
113 177
47 214
67 106
235 241
69 243
101 155
136 227
82 150
66 96
91 116
2 135
82 188
45 171
146 205
84 144
9 89
105 231
73 153
79 180
163 218
112 229
71 76
135 152
109 195
21 141
70 163
14 33
177 225
20 221
90 228
139 227
54 76
117 228
222 241
10 152
74 160
68 84
65 110
138 180
147 231
175 185
20 64
97 154
32 141
39 83
0 89
104 150
177 178
135 158
88 99
11 58
68 134
181 193
60 177
65 206
2 33
170 225
17 161
92 121
116 216
45 217
37 67
12 83
68 199
56 244
95 129
2 152
86 177
103 157
205 231
105 198
42 82
76 173
42 212
108 111
17 207
52 94
60 231
35 221
3 200
93 170
191 213
129 156
173 219
2 31
50 222
138 202
176 227
1 71
0 143
127 204
1 60
108 189
152 240
43 153
105 144
101 135
40 196
12 55
13 123
143 182
88 189
144 165
54 92
59 220
94 164
48 74
99 205
69 213
203 234
134 158
54 239
102 135
0 150
49 174
56 198
199 230
31 139
157 206
36 59
172 231
36 60
15 146
12 54
74 103
58 120
115 116
94 232
33 93
70 223
79 91
98 200
28 125
63 163
171 237
41 170
66 220
50 225
108 178
26 203
138 223
47 63
189 203
83 112
147 216
62 233
79 120
52 70
40 229
23 33
91 203
82 238
4 64
74 120
149 167
68 73
24 186
129 189
19 187
63 136
203 243
36 221
72 150
51 189
79 177
80 120
10 159
121 203
86 224
12 102
1 106
43 53
196 242
144 214
117 188
14 65
201 217
86 136
162 237
65 75
150 184
62 182
24 148
43 98
2 104
189 206
129 214
182 186
121 206
80 85
199 211
88 225
54 236
172 195
37 38
5 161
83 122
147 152
86 150
43 234
88 139
65 72
211 215
122 197
35 123
215 222
7 135
88 169
121 133
34 108
47 75
12 165
90 119
186 219
49 243
133 213
233 245
30 113
78 102
89 206
24 109
161 166
2 49
117 177
22 41
93 147
104 223
91 141
125 148
142 158
23 183
39 82
172 192
12 219
58 159
68 69
160 240
19 48
13 199
156 211
61 151
156 237
96 182
62 179
81 91
40 148
41 59
36 178
148 207
6 189
75 167
164 222
109 158
49 131
15 25
161 206
171 240
142 238
38 236
114 140
66 121
159 171
7 192
56 238
148 199
59 128
164 241
0 158
222 236
6 235
120 242
16 213
40 161
90 190
99 122
31 79
58 161
5 146
45 214
101 236
160 232
145 244
22 239
97 216
13 206
117 166
69 171
75 90
20 124
34 194
105 229
20 156
60 141
111 229
39 68
144 203
178 207
6 206
68 129
105 172
193 199
102 174
31 133
159 227
19 220
44 88
177 229
77 153
21 104
155 207
192 222
29 213
17 121
77 114
170 229
121 149
117 222
211 224
187 202
64 115
54 55
82 102
9 149
128 145
35 193
77 136
103 186
61 225
109 123
173 208
121 228
77 204
4 35
8 202
19 180
189 194
69 82
102 224
220 234
59 64
98 171
99 188
27 206
12 114
118 231
93 217
8 111
19 77
1 238
40 155
67 80
85 88
108 182
126 174
150 159
185 243
142 231
30 145
80 203
130 182
66 141
44 61
195 229
21 98
94 227
104 124
79 236
17 50
169 183
28 183
127 241
19 162
58 213
183 196
26 223
75 82
43 58
125 177
34 192
135 151
86 91
107 221
78 242
52 55
161 230
93 218
27 193
227 228
140 242
85 139
13 63
205 226
54 115
7 129
11 75
101 113
110 233
24 225
102 110
51 184
133 191
91 199
1 111
42 170
72 182
14 18
0 146
43 195
72 100
106 245
13 184
51 201
125 141
108 208
54 198
117 143
27 101
175 215
114 172
60 123
31 54
6 215
44 54
41 71
57 164
13 175
73 199
62 165
180 220
154 158
55 149
168 198
46 122
139 204
53 222
221 233
126 129
87 195
188 227
89 237
78 203
94 146
10 89
134 217
192 239
95 111
34 46
23 190
102 237
93 94
59 237
161 189
105 122
41 128
3 6
18 226
131 188
150 157
128 157
61 181
103 135
124 207
167 207
91 157
187 244
42 174
19 97
88 141
129 215
185 189
120 167
19 104
188 218
119 126
73 140
37 155
125 173
136 174
229 232
65 198
124 163
87 211
81 232
48 84
32 232
108 175
110 158
9 177
23 124
194 215
117 158
114 204
165 237
138 231
133 170
153 192
229 238
21 242
36 37
11 165
42 48
59 212
206 221
61 232
45 73
63 184
14 38
19 74
109 208
77 206
9 203
73 110
228 240
128 192
214 242
17 179
24 155
173 175
70 100
112 138
94 142
56 172
38 202
23 35
2 147
141 191
23 146
67 123
72 106
108 221
27 160
145 199
30 167
32 70
168 213
20 25
67 143
6 200
81 150
15 223
153 174
168 192
111 193
89 138
175 236
65 152
24 210
85 97
21 183
181 186
19 205
20 205
72 226
30 210
128 156
142 189
192 236
39 57
90 153
19 190
20 73
43 159
193 206
4 30
206 239
206 218
67 176
5 215
126 176
67 144
92 157
17 115
29 104
197 198
0 185
106 244
8 150
94 228
16 98
90 148
57 97
36 88
20 95
188 203
57 108
22 60
206 207
84 120
25 132
85 222
50 137
83 204
159 223
49 176
38 167
181 232
45 54
26 209
20 137
147 198
23 26
18 181
37 215
4 129
19 159
111 126
15 178
159 206
123 146
71 244
18 40
68 206
157 208
4 33
123 232
220 225
79 142
13 230
10 220
156 165
10 47
136 219
71 91
56 203
67 228
55 144
213 229
130 169
14 71
43 101
115 149
13 163
25 66
44 147
156 175
108 145
17 178
7 56
11 155
116 134
74 123
206 211
49 130
107 219
63 185
67 175
106 169
60 90
83 157
132 214
111 125
85 215
12 121
90 99
28 100
90 160
96 235
31 97
47 150
1 8
8 127
22 35
18 45
62 84
15 180
52 164
88 190
147 212
103 196
127 169
2 62
89 231
162 193
13 22
129 223
18 123
60 98
130 226
22 240
35 143
16 28
163 221
10 163
110 188
21 178
53 166
179 190
120 221
35 45
149 209
68 123
66 140
63 79
0 130
28 126
19 75
9 51
15 31
60 96
48 238
32 198
207 220
85 193
38 46
125 126
49 93
77 203
105 132
14 19
197 207
33 166
93 207
41 84
86 223
126 173
120 234
82 91
14 97
69 242
184 227
62 212
122 146
16 56
20 196
117 125
152 199
0 221
45 79
98 211
116 219
29 186
116 233
180 243
106 204
3 78
136 151
77 115
68 137
79 243
6 233
6 98
61 195
169 233
15 19
129 224
12 226
120 198
25 88
125 189
57 156
130 199
126 211
23 98
52 163
57 217
16 154
94 105
148 224
86 105
119 186
148 156
133 227
15 63
71 239
10 232
109 194
167 216
47 232
90 184
2 173
159 244
61 210
30 166
43 62
75 157
38 234
16 20
89 222
67 96
175 239
33 84
114 138
117 218
36 129
121 157
46 200
109 110
11 237
84 186
130 221
102 117
35 236
143 239
102 228
54 206
42 244
116 132
25 165
29 73
38 166
30 120
155 163
62 244
14 68
142 209
133 163
16 224
13 93
42 58
7 227
98 129
45 234
21 36
3 61
4 5
182 183
32 178
118 168
11 131
15 155
125 165
28 191
23 188
145 213
33 103
34 81
175 193
21 41
66 106
12 31
112 201
9 205
147 234
88 195
6 129
47 230
9 48
178 221
207 216
9 139
110 245
133 195
96 197
41 106
1 98
3 168
119 244
12 51
8 28
75 223
5 158
46 93
190 216
55 228
43 89
182 190
134 226
62 194
38 237
14 92
169 213
48 68
105 243
3 224
29 210
133 241
129 204
70 191
144 174
51 164
1 62
44 63
83 173
67 240
71 231
186 230
106 111
2 221
163 189
55 142
69 151
91 206
83 163
59 97
46 167
14 126
87 158
55 195
50 81
59 141
14 39
37 232
222 227
5 202
137 197
122 217
45 106
83 104
113 219
100 126
33 174
133 216
15 200
114 151
97 225
94 114
238 244
57 58
106 113
138 159
80 125
121 179
151 204
12 34
20 102
149 190
76 222
74 129
67 124
46 202
66 107
104 125
61 102
154 185
6 239
20 211
71 158
99 207
21 27
203 236
23 79
36 216
109 212
142 168
69 148
41 167
79 136
60 149
143 144
39 202
2 201
94 179
38 113
8 144
38 240
64 166
39 122
100 106
24 60
9 241
54 169
179 183
11 132
37 128
72 163
188 211
24 142
13 102
130 187
87 117
104 184
55 79
60 76
4 172
60 210
158 176
61 159
225 243
182 211
99 111
38 105
13 169
103 178
28 176
157 163
87 163
23 83
92 192
17 118
44 101
94 170
52 93
18 112
211 234
16 44
8 226
21 96
65 141
197 239
59 70
152 179
117 130
16 74
144 147
53 75
38 224
119 164
91 114
73 200
137 150
0 127
11 184
61 177
47 51
199 242
6 179
50 231
14 226
161 182
19 184
196 241
46 132
40 135
177 220
74 211
149 199
32 228
151 203
56 232
152 168
147 239
166 183
76 201
42 132
161 176
11 143
123 132
18 244
16 240
97 134
15 128
41 120
147 220
133 203
166 199
40 243
1 148
42 200
14 120
76 133
102 190
80 199
87 160
150 164
11 86
76 160
120 241
115 133
155 224
87 238
46 88
24 48
168 169
27 158
174 197
100 123
43 170
57 93
12 70
13 55
53 125
27 209
11 100
9 61
102 152
0 137
181 228
120 125
56 82
2 241
33 189
129 228
41 199
7 100
11 31
26 60
157 230
148 185
92 185
3 192
157 242
64 165
12 158
195 205
241 245
75 172
150 158
46 185
215 227
149 208
184 237
11 226
36 161
114 237
35 36
80 132
136 183
5 165
59 103
164 233
34 156
18 99
173 190
157 245
95 115
85 187
49 175
22 100
58 86
133 147
41 141
105 185
15 88
53 86
34 87
56 117
71 75
73 232
105 183
5 19
81 212
2 167
107 201
7 50
119 206
98 132
180 215
6 181
11 62
23 53
79 168
22 49
65 117
4 208
41 82
167 185
38 124
184 185
135 211
178 217
198 229
180 235
135 232
31 209
41 85
66 102
3 157
20 163
57 219
56 65
183 187
70 181
12 173
147 179
8 53
29 127
37 239
11 164
1 165
73 202
125 193
19 135
32 207
2 122
26 237
195 211
8 83
143 195
34 219
10 167
2 8
83 183
74 212
81 181
79 211
199 214
5 135
12 177
158 166
76 92
78 147
74 205
110 206
84 205
194 224
28 201
0 144
65 191
46 139
132 174
86 168
58 127
179 245
138 221
63 242
170 187
17 74
148 201
24 199
9 82
6 85
139 151
41 108
42 143
17 130
97 109
41 145
36 53
106 212
51 58
51 112
58 209
160 181
62 196
92 215
83 189
147 153
113 118
146 210
0 88
210 229
56 138
49 136
0 53
15 212
12 76
26 139
94 235
227 244
85 192
17 110
10 126
144 184
20 175
66 159
21 219
91 191
64 190
28 103
63 125
152 154
193 202
216 245
10 85
95 105
60 155
54 80
85 126
62 122
143 184
62 172
132 155
121 161
36 203
92 227
103 159
122 171
5 34
163 201
138 174
73 85
44 82
148 215
93 116
62 123
118 225
173 209
106 234
32 59
33 185
30 79
204 211
124 206
27 156
118 159
78 86
29 170
50 172
89 184
141 222
45 154
102 192
173 174
160 185
119 222
13 128
116 221
114 191
16 194
54 135
13 191
101 132
123 168
151 196
32 208
157 215
26 104
18 179
160 194
132 206
76 119
21 142
1 25
17 166
32 37
21 23
206 217
72 102
231 236
53 172
176 237
89 104
77 80
8 52
123 239
38 112
100 104
107 145
45 120
102 177
208 218
53 242
141 210
91 132
137 165
61 214
2 91
15 39
26 77
27 151
143 160
159 237
11 133
21 132
1 189
97 120
19 121
23 119
21 216
134 168
117 147
110 161
21 150
74 185
31 143
4 57
134 146
153 226
58 130
113 218
212 227
59 166
155 201
26 227
5 134
44 187
18 86
5 51
125 204
42 61
8 194
81 138
207 213
8 18
121 243
46 225
76 87
224 235
148 163
153 199
62 245
198 219
157 216
160 192
72 143
205 228
25 54
163 222
82 116
172 191
158 242
121 198
143 199
6 135
71 86
156 199
112 205
151 163
185 228
127 201
70 105
134 239
28 82
79 156
7 174
87 168
43 206
102 234
116 120
18 26
46 164
29 176
9 173
214 235
9 31
3 108
32 206
33 75
7 86
27 65
3 239
136 238
28 62
57 235
33 172
86 153
86 92
105 197
181 240
62 186
7 121
36 174
68 152
29 238
7 90
17 87
125 244
143 235
39 139
75 131
7 46
32 157
61 228
78 223
92 199
98 131
93 201
93 185
135 217
63 103
128 197
105 113
99 241
93 194
134 240
32 142
58 75
22 169
100 241
110 159
19 23
73 196
142 148
167 182
40 119
38 180
89 108
41 52
42 234
22 182
139 188
2 34
86 207
107 207
128 215
165 178
84 185
100 149
143 219
161 242
171 208
144 191
181 239
96 132
30 195
14 30
1 2
123 153
73 182
137 214
58 131
184 212
103 184
23 45
214 234
155 156
121 122
36 113
70 157
108 200
57 158
152 230
46 213
118 123
101 139
93 182
51 203
10 91
101 197
57 77
11 35
48 138
153 225
25 101
141 200
14 31
19 85
41 126
210 235
74 163
195 206
94 156
147 159
51 197
156 221
24 119
171 216
14 46
55 72
97 166
31 46
65 199
38 118
40 199
176 245
11 221
36 76
96 100
90 227
5 38
112 241
196 212
2 118
2 67
30 116
40 128
228 234
32 102
12 80
7 107
42 59
111 158
111 151
67 189
157 233
35 75
18 220
62 207
90 164
33 101
227 236
87 186
96 110
95 173
146 212
108 214
30 62
54 69
114 184
50 89
127 130
126 181
96 239
106 196
94 245
17 174
15 173
23 206
54 196
179 201
181 182
46 147
35 186
154 172
64 141
5 208
27 121
50 223
102 159
141 212
58 202
138 140
74 189
128 228
51 125
106 116
64 131
44 174
114 196
95 180
79 198
207 239
67 87
69 206
114 132
44 116
22 34
88 143
71 193
80 235
44 144
79 160
18 33
69 104
26 137
74 245
142 177
25 225
204 227
82 214
53 141
17 226
110 236
65 116
7 63
132 233
56 141
104 217
63 80
87 110
32 60
9 182
60 64
223 239
56 187
21 55
199 224
102 108
118 164
13 60
134 164
11 158
170 185
100 122
63 167
29 200
65 169
136 240
151 232
160 243
133 155
96 238
176 182
119 208
84 132
75 226
97 145
96 230
182 185
28 115
133 158
116 242
23 54
4 56
85 127
93 198
169 180
154 235
1 42
147 184
59 200
11 99
75 179
168 182
144 199
48 127
77 173
77 82
48 187
25 112
110 157
116 192
20 61
109 111
148 218
82 209
16 124
92 245
123 212
156 216
74 195
47 166
91 101
45 229
114 174
169 244
47 118
10 110
130 205
174 234
131 166
67 159
18 198
159 161
226 232
138 195
85 148
154 193
92 122
39 127
165 201
45 46
10 65
20 59
24 242
116 193
98 233
90 124
23 161
139 198
64 78
57 154
46 130
23 143
117 238
82 105
112 234
29 234
53 219
39 177
104 175
52 191
122 162
145 235
86 239
5 33
47 198
101 185
62 184
27 218
39 109
79 202
85 221
176 202
40 90
146 221
51 80
132 154
37 219
20 31
41 44
123 176
41 76
100 160
39 66
201 243
58 67
10 236
93 210
68 212
8 82
113 120
22 200
114 130
179 226
59 146
28 145
12 168
142 212
12 147
185 202
16 46
161 212
1 178
84 149
21 206
13 33
170 192
56 162
99 116
88 215
141 159
9 154
6 15
50 82
71 215
194 220
172 199
183 244
0 199
20 215
74 159
193 233
83 107
14 117
94 166
151 241
69 158
93 234
155 223
130 173
89 207
0 23
93 205
88 197
0 12
83 229
125 221
48 117
76 95
30 86
222 233
60 145
170 232
65 119
110 241
55 100
89 140
145 175
39 40
145 208
28 47
98 177
51 143
56 171
55 147
76 200
46 153
57 99
34 243
38 151
170 207
16 43
172 201
151 184
166 215
120 245
121 210
65 211
32 119
19 167
30 103
4 16
134 233
46 62
109 113
191 214
76 105
189 197
13 222
9 98
126 148
56 176
114 137
13 190
85 130
78 214
161 203
54 114
69 178
29 45
182 235
44 234
64 110
52 207
57 200
98 215
28 106
49 214
29 180
83 110
86 236
70 117
48 168
87 169
96 126
39 158
42 139
37 229
1 13
35 203
69 212
52 86
14 133
172 222
43 188
152 219
106 171
234 241
17 98
39 217
162 226
8 61
19 196
20 234
48 149
87 91
10 172
14 195
238 243
3 116
148 217
174 203
27 81
36 245
85 152
3 120
18 106
103 162
55 170
175 225
16 174
119 152
28 118
185 223
211 245
160 207
31 244
68 208
11 201
209 238
33 182
173 192
2 169
49 233
92 159
38 57
63 171
180 210
61 89
1 139
200 205
47 92
64 217
46 205
160 226
24 53
5 81
114 186
33 148
59 187
117 150
78 103
80 149
46 109
81 115
92 223
125 182
63 228
54 95
148 228
27 107
111 115
4 20
104 128
4 96
177 217
134 193
109 245
89 203
33 159
1 203
40 121
167 197
31 114
153 176
67 164
172 216
15 176
48 76
21 34
146 224
63 244
96 179
114 154
191 207
22 112
13 138
173 242
47 148
73 207
135 242
21 205
13 42
67 77
128 150
24 164
60 242
9 141
26 102
28 185
14 189
97 150
45 173
123 206
7 88
151 219
92 191
67 101
124 182
79 151
68 85
34 206
197 201
23 127
30 58
107 209
82 147
62 119
19 43
17 32
9 27
137 160
152 213
94 204
138 167
20 29
1 157
178 193
136 145
169 193
90 100
30 229
154 196
127 132
16 57
148 237
49 226
145 207
75 207
173 216
41 195
94 124
108 196
189 244
2 4
22 222
216 220
29 245
230 239
22 71
105 210
26 164
70 245
46 151
32 152
170 217
66 195
116 126
5 64
94 150
164 180
25 45
21 233
18 57
3 161
83 230
73 237
39 71
27 197
17 227
35 200
36 39
165 167
37 150
4 130
30 89
15 195
76 218
51 61
43 49
108 227
192 215
93 139
20 43
20 180
187 241
73 98
12 87
11 200
78 93
160 165
23 215
45 87
5 102
115 244
42 195
30 126
136 207
108 177
84 178
13 41
17 201
37 191
180 221
91 242
13 19
98 99
71 157
214 225
4 178
81 86
144 151
21 176
61 99
56 60
50 196
170 243
126 219
63 74
71 137
47 153
18 83
1 209
133 235
13 244
158 181
200 211
50 98
103 227
13 53
78 190
222 235
187 216
66 149
78 238
208 237
168 178
217 233
104 191
100 177
22 142
76 170
95 140
0 210
18 136
20 119
29 160
12 58
61 196
124 129
190 244
128 170
13 27
157 160
54 70
74 174
15 99
61 199
136 233
221 242
5 46
11 156
20 23
123 224
6 107
177 213
57 121
193 221
122 177
111 233
81 160
53 165
130 188
154 239
6 71
30 245
81 135
63 128
135 218
201 222
147 171
8 209
54 197
84 90
30 111
127 154
92 109
130 206
214 218
32 143
30 156
199 227
94 187
197 236
42 137
53 105
76 210
66 174
122 165
117 131
6 176
166 176
63 102
27 172
102 153
130 211
140 210
33 210
118 151
131 213
85 91
4 168
12 125
189 222
21 39
7 166
105 137
33 167
62 99
151 239
28 214
1 224
110 235
183 240
84 231
21 202
34 138
79 192
106 148
132 221
16 79
189 238
173 244
28 35
127 244
37 209
11 104
3 30
40 103
193 205
143 162
54 83
92 224
45 242
116 234
141 162
146 191
113 116
128 244
65 103
87 196
91 222
8 91
186 213
101 145
34 204
118 149
64 65
30 51
49 135
193 195
121 195
67 156
100 186
52 98
3 17
141 219
89 193
196 233
29 199
48 236
178 231
23 238
54 173
66 187
213 237
25 60
89 97
101 227
138 139
142 153
42 97
90 181
77 161
29 229
67 178
36 92
0 191
1 244
120 203
180 232
20 210
60 225
144 228
62 202
171 241
125 208
27 224
3 33
111 219
116 188
108 234
115 232
143 230
103 179
46 140
64 244
7 126
69 144
0 51
29 216
42 198
49 70
40 207
58 220
56 139
164 206
46 150
144 216
45 133
141 179
61 207
117 239
13 38
83 105
87 125
163 197
44 231
149 210
171 202
73 172
11 239
217 240
117 127
10 104
117 229
6 244
44 191
79 130
50 85
14 196
199 236
102 197
5 115
39 111
139 172
32 38
77 151
167 169
18 203
205 239
56 90
7 214
97 106
153 203
171 191
25 218
75 186
141 211
5 30
176 209
20 78
56 202
43 187
32 92
22 42
27 123
97 124
91 238
1 45
104 245
46 113
2 209
35 92
64 182
131 165
2 57
44 49
125 211
98 104
55 230
38 54
8 214
71 224
22 134
66 243
163 212
131 231
24 188
158 236
20 235
31 61
43 226
47 188
151 222
88 92
47 55
128 182
229 242
145 180
41 134
84 152
34 196
25 131
34 193
45 164
103 240
29 51
9 110
53 233
81 152
186 239
162 168
37 199
131 203
6 150
3 180
60 105
1 129
2 225
153 160
78 136
74 87
54 202
157 169
107 216
30 98
127 136
81 241
0 162
39 115
140 221
35 204
166 189
14 99
97 118
51 163
151 158
50 224
34 142
28 113
65 185
154 156
66 173
72 242
99 223
84 230
97 163
138 240
78 224
106 209
88 150
72 188
45 194
110 211
62 239
99 104
147 188
87 126
5 206
90 175
101 191
105 233
25 223
86 203
6 198
167 170
3 156
86 208
25 187
83 188
99 200
61 135
31 191
72 225
80 123
6 82
42 179
81 236
23 30
68 173
142 174
30 133
93 189
73 158
27 66
144 148
33 95
25 67
52 170
94 108
90 104
80 130
179 200
28 222
55 106
45 179
75 126
135 201
25 231
62 116
58 157
181 190
129 205
138 209
113 196
170 179
108 217
74 210
37 212
31 100
190 238
136 241
40 80
103 232
13 82
66 241
64 176
69 196
79 115
128 203
77 163
51 210
22 235
111 143
130 195
17 79
57 197
128 131
60 71
156 201
143 187
183 184
90 229
164 240
87 157
73 234
43 197
3 134
165 215
151 188
2 99
25 103
8 59
17 39
129 145
187 223
86 188
149 207
121 140
119 196
69 154
118 228
13 164
25 182
44 171
192 243
48 75
15 156
68 102
5 94
27 110
166 223
213 240
150 175
83 125
112 226
136 220
152 201
26 217
108 205
9 196
86 98
41 130
20 65
24 231
87 151
165 172
5 237
61 119
106 187
19 89
38 58
80 126
32 212
188 245
61 141
80 152
3 43
4 236
127 148
40 95
74 90
143 208
194 225
81 177
126 193
56 74
68 227
123 199
9 92
30 42
83 97
126 230
119 204
25 150
25 227
95 100
67 204
135 223
33 187
31 105
198 225
40 226
87 183
84 243
162 203
66 192
47 189
226 228
29 155
78 83
183 199
79 191
46 241
42 175
4 181
140 170
55 202
68 150
157 188
150 206
68 200
78 79
150 222
157 209
172 218
18 209
121 236
126 172
31 112
109 235
175 233
17 38
2 94
7 136
140 159
41 51
49 89
181 212
16 150
61 156
67 136
82 212
57 166
104 181
62 96
28 192
33 110
67 241
98 167
233 242
132 215
66 224
35 122
148 202
36 152
92 211
14 151
91 151
7 160
40 186
107 232
54 88
166 177
194 237
98 240
75 173
132 245
124 180
109 159
178 244
1 231
29 201
20 241
55 139
20 28
207 218
143 157
102 185
44 107
186 211
46 67
119 140
24 83
179 180
97 189
16 94
121 184
96 203
141 165
169 196
32 39
1 96
6 9
88 142
112 131
213 228
19 124
32 149
90 239
6 195
76 177
42 182
99 202
45 150
14 158
151 155
131 189
111 140
193 217
65 143
38 203
127 176
29 171
16 241
24 55
150 167
146 218
66 216
185 204
110 198
18 241
117 138
108 124
140 180
16 170
95 128
181 184
101 230
147 157
7 231
18 217
121 212
78 216
70 136
18 87
38 173
96 158
11 55
72 185
2 206
80 100
68 145
185 192
134 136
184 205
38 53
86 174
156 176
24 106
112 228
109 150
113 228
14 114
84 128
171 224
24 131
20 87
30 218
66 162
35 84
90 123
111 133
81 99
111 154
153 175
122 216
129 213
82 117
78 155
3 190
67 138
24 140
7 163
111 221
20 89
68 78
18 150
9 145
61 213
122 215
159 188
131 208
48 196
30 219
28 123
7 187
13 80
66 186
75 133
167 237
65 229
220 236
9 80
35 95
62 72
61 86
53 68
61 158
104 206
50 60
159 184
42 158
30 132
119 217
59 245
49 189
183 186
140 215
100 154
28 57
91 196
32 184
181 243
56 57
48 215
174 181
2 44
16 177
54 218
36 191
23 204
77 196
41 215
18 68
54 190
7 79
4 141
43 119
9 125
62 210
151 186
73 151
113 156
19 225
21 215
57 91
120 156
105 187
181 188
179 206
8 26
63 243
17 69
55 160
7 60
8 148
236 245
59 180
123 186
105 228
114 219
94 244
138 228
17 122
40 106
98 159
185 206
87 189
1 187
125 188
9 83
60 180
201 203
12 60
102 150
192 214
49 64
84 96
22 99
66 71
105 207
11 78
127 153
138 163
64 148
70 162
59 99
95 101
73 176
105 176
64 224
117 133
77 227
84 200
13 207
40 114
1 131
67 82
4 26
21 152
57 62
33 72
179 195
133 166
9 189
119 219
76 104
199 209
101 150
79 217
52 107
96 104
0 63
119 132
49 134
117 126
101 199
188 232
79 238
35 73
8 67
38 104
158 202
125 145
93 175
101 198
50 93
21 130
120 176
27 44
163 178
155 219
22 151
133 175
82 166
21 237
118 234
71 165
150 174
77 222
28 188
0 155
73 189
6 192
177 210
89 93
28 90
40 56
136 194
119 223
33 138
12 132
19 231
144 163
141 221
122 192
33 137
151 215
123 136
11 163
126 155
25 174
94 234
145 169
33 59
121 182
87 220
48 104
20 236
97 192
102 123
40 55
156 193
158 229
43 175
100 205
112 136
79 205
21 143
182 198
89 200
88 123
104 130
46 121
81 141
16 34
113 125
208 244
148 193
61 78
20 126
28 206
155 242
10 161
74 227
10 207
30 217
55 94
92 200
199 205
89 110
77 78
24 90
17 217
20 24
126 151
208 240
201 244
4 182
19 21
171 178
27 64
80 220
50 102
110 231
10 221
68 148
53 70
191 221
139 211
59 135
39 165
155 176
12 43
68 244
96 147
88 224
8 205
12 72
113 244
9 18
153 213
191 206
60 82
45 51
190 221
161 190
236 240
70 113
96 146
93 211
31 62
83 111
135 193
12 16
46 56
86 186
8 170
3 4
64 204
99 210
18 165
38 181
19 153
50 108
161 192
102 232
156 208
31 165
131 159
89 236
8 225
110 132
52 156
198 220
54 75
26 143
194 242
94 102
125 190
84 239
56 88
1 235
141 172
89 188
6 121
168 221
53 135
90 132
94 182
101 138
153 193
137 217
92 155
10 79
22 97
68 72
42 43
48 51
30 198
116 189
61 173
133 190
66 231
124 239
197 235
51 76
19 100
162 228
30 137
139 184
33 43
9 146
47 218
139 234
139 179
2 54
20 169
45 61
101 184
96 226
87 193
85 224
4 240
13 113
43 235
70 79
35 80
50 78
171 172
10 48
38 161
156 172
205 241
129 153
119 136
55 205
77 221
147 214
67 92
15 77
7 171
116 176
42 68
115 214
1 11
101 167
184 201
10 201
96 103
6 76
45 109
64 215
106 128
47 68
21 179
17 93
206 220
76 80
36 100
84 234
101 152
133 178
103 203
4 93
15 236
61 123
130 231
31 237
146 208
129 227
140 202
168 193
122 182
159 201
164 230
36 217
70 202
82 138
54 147
140 160
7 154
20 90
120 178
6 81
192 218
18 62
83 182
147 166
42 75
80 195
146 204
114 116
125 158
104 143
77 150
10 213
73 146
160 190
110 124
128 216
97 144
124 222
40 244
41 124
43 184
216 236
76 224
79 134
25 173
47 129
135 180
113 214
56 209
108 148
19 211
128 201
30 46
187 233
57 223
164 189
29 111
41 81
168 185
191 231
55 73
44 70
97 244
131 145
176 199
15 130
136 162
108 170
123 237
115 222
46 233
57 78
125 205
35 52
51 219
65 114
50 148
50 213
94 104
0 84
19 147
37 175
32 46
73 78
172 230
10 238
95 160
60 140
116 137
83 154
187 228
34 160
30 142
11 230
106 203
85 105
74 146
235 243
66 143
18 197
11 139
8 16
85 231
80 225
215 234
100 182
76 216
38 201
61 224
210 214
45 202
70 82
163 179
151 185
61 107
187 190
12 196
84 193
176 204
74 125
148 175
78 202
47 231
182 224
179 203
156 234
141 170
43 50
120 159
175 212
81 191
103 145
22 55
51 72
33 196
38 83
97 242
63 107
70 220
8 191
46 218
120 230
13 224
5 23
201 204
25 95
105 125
80 184
98 157
127 141
38 238
157 189
167 218
230 245
67 148
48 118
166 218
10 34
32 226
32 221
97 190
114 150
9 42
108 110
166 222
131 160
21 209
175 211
70 150
26 127
36 240
57 153
163 214
93 192
142 245
4 185
28 120
12 148
15 243
87 94
10 28
50 144
123 149
120 182
117 155
175 227
93 164
18 202
92 133
91 183
158 160
25 57
171 210
74 115
64 222
11 95
60 81
13 228
166 245
106 222
92 228
121 193
77 157
100 173
27 204
67 167
151 229
27 195
98 205
107 240
129 212
13 186
72 142
15 69
79 196
78 225
33 144
41 186
4 135
10 114
42 107
26 175
62 166
34 41
125 228
61 66
24 200
217 220
12 71
0 126
35 152
91 231
236 238
62 67
108 176
213 238
21 112
74 222
18 29
103 138
24 104
192 199
46 89
26 50
94 145
77 96
14 90
210 239
45 184
86 154
145 188
111 225
13 68
64 147
178 230
49 151
4 120
158 180
61 183
12 92
27 97
173 236
5 147
69 76
70 225
75 191
62 81
77 224
6 106
11 190
141 185
118 124
100 175
87 217
29 244
5 50
0 71
126 127
85 154
17 238
91 99
27 177
27 203
25 234
68 214
197 215
54 180
99 234
74 136
105 127
46 65
28 38
115 195
42 133
49 200
123 236
75 112
237 239
8 224
149 169
45 158
218 232
11 218
46 212
69 93
24 111
154 173
59 184
22 174
10 45
218 219
14 134
140 156
208 243
154 222
25 197
141 232
132 227
148 216
45 221
44 168
6 168
4 238
200 201
30 80
1 59
41 49
127 158
71 225
51 69
153 167
9 111
32 165
46 61
63 143
109 234
41 240
121 199
5 24
17 241
97 182
129 209
109 130
136 142
88 164
35 174
67 74
167 222
185 215
115 216
15 92
124 157
23 219
121 130
23 224
96 237
142 184
88 145
120 124
107 152
183 191
133 209
166 229
56 182
47 194
65 94
191 192
189 196
84 232
10 233
114 128
114 223
10 20
221 224
106 208
9 244
41 47
3 5
123 166
168 234
119 156
1 117
1 135
36 143
1 160
160 212
50 99
0 171
115 119
60 121
105 186
104 121
160 162
104 129
114 189
86 200
36 184
17 189
128 202
81 170
42 201
145 158
91 193
202 239
81 110
76 139
9 37
152 226
4 180
4 36
78 166
169 195
71 151
151 245
92 143
38 100
122 178
111 226
213 231
2 190
168 206
114 142
197 213
1 207
66 113
55 213
37 123
30 244
2 148
84 207
6 204
3 42
11 27
8 119
136 221
118 222
88 140
126 198
102 241
46 162
46 145
89 92
49 132
51 191
97 127
92 236
109 207
155 241
5 87
80 223
126 167
167 212
45 236
12 48
20 193
26 144
104 138
140 205
135 161
78 182
131 190
57 66
218 231
177 238
139 210
115 199
156 203
9 147
99 156
8 166
173 243
36 163
146 209
133 161
127 135
120 212
116 204
42 95
90 109
46 73
3 189
33 150
131 148
83 142
17 183
54 221
84 233
75 102
26 88
1 57
23 93
51 131
43 93
94 126
191 241
5 242
58 85
126 215
22 133
119 168
2 14
198 224
86 225
17 73
26 215
55 201
157 244
6 41
23 76
19 68
23 90
53 228
171 238
119 205
56 204
86 109
126 224
167 225
123 204
31 211
43 129
90 238
201 232
85 86
181 242
13 45
48 58
203 223
114 202
64 245
81 131
31 200
89 116
16 130
58 78
39 189
40 158
84 87
12 101
8 88
102 235
156 177
160 222
14 153
130 223
41 207
84 198
76 172
112 144
42 119
68 104
108 188
15 43
152 212
139 142
151 199
18 230
46 106
57 171
104 197
111 203
75 159
204 225
113 189
72 165
223 234
75 125
38 89
86 108
61 226
114 169
119 121
237 240
133 206
40 51
1 154
92 139
75 202
67 127
78 165
106 191
119 171
18 85
173 203
222 239
127 151
94 226
0 159
76 156
56 205
75 175
48 101
23 121
72 84
99 194
31 130
188 243
44 80
80 136
134 210
7 222
67 130
6 173
77 129
144 192
16 65
57 172
0 133
88 112
27 245
44 129
40 239
119 130
56 145
10 183
83 225
46 82
177 223
48 223
103 126
56 79
133 234
18 24
4 144
88 128
143 240
55 191
63 201
60 163
5 235
68 130
34 99
151 166
49 178
12 89
41 69
126 199
73 83
19 156
2 112
118 174
46 69
47 193
54 225
22 189
41 188
26 189
91 210
50 72
136 206
90 211
18 222
107 231
68 231
181 211
16 232
106 219
21 213
111 222
221 229
99 101
24 49
183 211
32 69
28 58
148 174
63 138
122 195
75 241
26 220
62 209
26 74
23 155
177 182
25 214
80 115
44 227
17 208
3 186
161 229
135 191
29 203
55 131
97 130
123 185
2 3
94 178
48 227
51 54
163 182
204 237
73 93
71 243
118 121
6 42
91 182
202 207
158 231
199 244
2 210
69 74
41 208
70 96
25 70
55 226
178 188
19 218
151 161
85 190
54 79
7 37
47 228
158 163
44 157
1 76
4 210
40 115
131 245
41 143
110 171
185 216
22 114
56 223
48 136
189 199
61 203
17 108
25 158
62 229
39 230
63 160
65 108
124 149
140 187
132 178
16 37
37 183
136 228
78 171
36 166
5 140
144 227
117 232
208 226
81 92
93 237
10 237
34 212
18 27
24 185
168 238
27 237
159 164
170 240
11 236
27 184
97 200
86 139
63 140
15 81
115 168
56 133
63 238
102 167
87 146
78 154
37 139
159 239
123 128
10 195
150 183
74 130
85 204
89 125
91 223
147 197
42 117
144 149
8 120
118 237
18 140
42 239
12 182
213 241
122 213
8 126
139 230
35 135
57 143
42 62
118 182
123 161
139 162
22 147
44 188
22 192
34 216
59 150
196 239
153 236
73 244
43 65
54 100
100 171
120 197
31 126
37 173
53 123
53 89
5 60
163 199
132 202
101 109
178 213
22 159
47 101
82 103
2 163
72 173
115 173
53 157
44 92
97 205
6 224
72 195
35 65
154 240
165 209
52 215
53 63
205 218
31 56
19 154
30 211
79 129
38 179
182 193
24 202
71 200
77 230
31 179
64 103
15 185
144 195
66 185
217 236
99 128
26 122
156 224
36 241
187 192
152 210
30 45
105 115
93 238
148 214
96 154
115 159
103 209
227 243
182 238
0 163
155 162
122 212
61 220
8 139
160 217
3 209
109 183
34 60
46 125
33 66
19 71
128 163
137 232
149 224
8 78
56 83
102 154
77 171
97 206
78 122
40 111
51 63
119 146
137 174
7 234
82 242
5 39
107 193
85 140
27 162
89 163
114 145
69 161
29 175
158 238
1 85
50 151
107 183
16 152
168 186
81 207
128 138
105 196
110 183
151 156
38 159
143 158
88 236
75 144
151 208
79 190
115 158
39 214
214 236
210 221
116 142
102 193
46 216
31 76
71 242
36 124
57 124
64 240
44 179
105 156
50 128
131 141
103 204
94 151
56 219
73 163
119 151
44 57
87 206
0 15
20 36
26 55
151 169
41 137
75 219
101 173
112 162
35 99
125 157
86 149
81 190
93 176
31 57
204 210
161 233
102 162
151 180
194 209
6 240
44 51
18 122
67 155
207 231
51 104
132 189
0 91
7 150
43 47
121 230
187 237
39 65
50 232
112 177
169 231
84 201
110 243
107 200
50 192
84 157
101 144
18 210
8 230
130 225
58 62
69 147
92 93
11 73
13 105
9 23
34 145
95 163
21 153
156 180
82 154
173 183
6 161
14 23
9 229
100 231
53 109
177 235
68 163
26 58
71 188
116 186
5 89
190 227
40 225
208 227
19 88
131 136
38 154
111 238
70 137
79 203
17 236
206 229
25 102
141 146
124 166
16 155
136 226
50 101
39 42
60 230
123 151
160 203
130 135
85 120
136 234
6 171
49 95
93 144
178 186
102 144
209 240
66 197
79 235
84 223
172 245
102 122
31 180
95 110
191 234
184 194
150 205
68 128
120 142
200 229
29 166
78 161
7 212
50 195
88 136
28 85
16 87
86 201
126 216
35 120
86 226
26 48
153 181
3 40
70 123
134 245
34 37
156 158
54 73
27 146
90 203
140 154
19 47
71 245
38 209
112 227
111 156
121 187
100 162
152 153
42 90
127 237
108 237
21 199
111 213
120 136
0 66
7 33
11 120
5 145
13 28
52 218
135 148
123 167
11 113
84 127
56 208
36 173
56 81
84 123
49 77
68 146
74 122
5 216
76 233
14 236
84 166
1 124
10 108
145 153
216 240
18 175
220 235
15 161
56 239
49 168
13 49
77 105
123 242
85 166
97 179
126 132
28 40
24 79
95 149
116 243
155 166
147 174
45 115
6 48
136 186
22 61
34 97
42 53
68 80
70 242
25 176
120 193
38 155
187 214
76 181
177 192
185 217
130 236
148 227
148 223
148 186
4 161
9 59
159 226
19 168
108 229
55 211
53 220
94 107
129 184
119 202
123 173
228 239
5 110
75 148
204 223
145 230
88 180
41 146
93 241
8 72
68 93
154 159
33 106
83 133
108 129
150 240
31 63
108 202
108 185
55 158
145 211
46 136
202 240
117 141
1 213
34 101
100 229
184 224
198 218
56 164
9 152
135 153
76 86
2 60
139 238
7 175
155 178
118 188
193 207
95 183
42 100
58 243
17 240
31 146
106 221
111 236
154 206
58 205
148 203
205 214
128 168
69 81
73 87
98 160
59 112
1 101
10 129
0 177
61 84
149 192
106 229
41 101
38 48
154 186
49 213
29 91
57 210
16 127
216 227
54 121
66 166
9 38
144 208
136 187
190 224
24 115
78 231
109 124
43 81
40 71
155 202
10 88
195 214
46 47
43 74
29 118
191 230
163 194
109 236
173 200
68 135
23 64
55 182
130 235
87 237
102 128
84 245
75 146
141 205
50 236
123 217
118 134
93 239
77 225
97 104
55 107
0 50
65 236
8 45
188 230
192 208
107 118
175 205
128 176
145 223
11 169
198 226
33 198
151 200
55 126
149 151
18 36
141 228
99 175
61 244
0 165
148 169
33 47
45 83
7 95
15 96
101 160
16 186
43 130
200 244
3 99
194 199
201 245
105 191
121 214
184 200
44 106
23 110
70 230
70 168
49 50
102 145
73 194
82 227
143 225
59 113
1 199
128 146
67 182
107 239
42 56
65 115
154 224
150 211
56 92
14 211
215 239
79 82
106 176
1 69
15 239
58 184
12 98
162 194
103 115
50 134
61 216
106 174
52 158
3 244
54 138
30 164
83 151
33 100
42 103
59 106
131 185
73 139
94 144
13 221
56 144
114 135
44 189
93 140
34 209
15 50
82 210
9 190
70 205
93 220
186 226
83 137
110 153
135 139
14 245
71 213
69 239
9 77
147 244
112 155
35 192
15 209
122 160
61 231
54 191
115 123
200 219
63 89
49 67
148 200
13 115
17 134
18 111
154 180
114 120
68 141
26 52
126 235
48 159
22 162
80 98
73 195
81 229
88 179
59 233
35 76
72 88
54 205
151 171
199 235
21 226
5 201
112 134
78 217
47 172
155 190
64 109
24 158
193 227
172 236
38 68
2 186
92 156
50 182
2 26
126 150
126 228
97 185
66 156
51 57
92 150
129 202
66 126
128 153
29 162
33 133
3 68
15 151
18 168
139 215
44 202
102 125
141 147
93 172
100 139
76 85
14 131
64 73
61 121
24 125
46 76
201 225
144 177
24 39
193 218
129 141
138 232
187 242
129 199
73 205
123 177
6 127
149 150
198 230
150 197
206 233
15 174
156 178
38 144
5 31
214 228
126 146
80 141
12 138
7 94
33 35
3 103
32 168
8 24
19 232
24 245
37 171
61 186
20 244
42 172
69 129
202 233
180 200
80 200
11 47
73 122
52 176
161 197
42 109
12 156
145 166
43 194
54 189
9 215
27 49
141 238
15 24
179 214
1 222
23 214
51 138
41 238
51 110
148 160
54 244
101 224
148 168
133 210
204 206
85 109
176 218
92 134
68 76
119 134
91 117
119 236
105 167
132 222
30 197
58 237
116 196
86 155
0 37
61 170
123 143
83 106
110 227
129 160
4 139
134 231
1 215
15 157
84 162
52 119
99 242
64 77
8 90
79 148
58 107
23 133
154 231
63 113
86 194
108 171
95 215
17 89
43 228
207 228
90 158
184 234
147 181
87 114
92 105
1 184
173 241
142 154
21 190
19 174
38 185
75 110
36 146
79 193
173 177
34 35
87 218
65 138
14 25
14 154
28 158
100 238
63 66
166 192
123 163
16 91
104 211
132 229
79 185
47 180
91 109
20 33
26 157
24 166
36 179
134 179
171 196
137 164
210 237
174 236
66 145
4 83
79 108
179 189
36 202
10 62
208 216
43 79
58 79
125 183
115 127
35 57
61 74
164 195
49 229
144 210
45 168
53 215
38 47
122 241
55 162
20 242
26 224
43 167
49 116
21 160
69 70
92 147
117 162
17 21
11 193
45 63
50 234
42 245
39 234
123 164
26 172
124 228
15 171
20 125
126 212
41 229
7 59
112 235
62 114
165 168
104 195
125 161
126 239
107 227
131 133
17 104
13 162
15 26
152 198
143 207
21 145
70 130
105 121
1 137
34 140
193 237
45 159
148 151
11 191
67 81
164 173
54 234
90 145
84 106
106 157
79 176
20 77
44 113
112 181
32 230
62 137
14 91
181 210
24 77
6 205
13 197
162 230
49 124
75 91
59 243
87 103
10 230
82 152
158 213
164 243
74 127
134 181
144 173
63 239
70 132
104 145
143 238
52 241
129 195
14 54
5 178
40 46
24 98
192 230
84 165
101 219
67 86
68 107
110 226
42 203
69 225
194 218
24 68
16 165
121 197
46 72
35 207
165 214
70 87
150 210
49 81
38 204
76 214
39 154
118 235
60 85
56 201
1 116
10 216
49 147
115 239
44 52
194 235
220 221
25 229
58 59
190 245
61 184
63 223
8 168
97 143
28 41
48 186
58 80
17 225
134 188
54 134
134 207
39 225
112 151
29 55
60 211
65 168
62 150
11 20
75 228
176 192
169 205
34 235
86 192
59 185
66 74
100 237
54 193
105 205
218 228
32 50
33 181
7 229
201 211
56 200
73 97
115 147
116 175
30 49
231 237
83 210
142 218
16 49
213 236
13 137
188 228
49 232
17 202
16 160
140 236
137 202
96 167
13 99
14 34
182 226
60 95
16 88
77 90
40 42
27 102
150 186
84 135
166 167
90 210
21 161
221 225
111 199
172 177
64 208
149 188
54 106
53 54
161 164
46 194
75 85
9 153
89 161
44 84
14 78
145 204
5 172
112 176
28 130
88 230
102 151
62 144
36 68
21 138
20 142
14 201
150 244
87 127
139 218
192 217
12 127
127 137
3 242
44 236
39 146
114 242
168 219
29 63
98 151
36 114
114 239
109 206
37 44
48 67
9 15
94 103
13 112
118 133
14 239
96 221
162 211
4 134
40 44
57 230
57 238
87 188
3 26
90 196
213 232
150 194
12 183
88 157
82 217
44 66
142 155
50 59
179 227
142 162
84 93
158 168
59 213
121 144
53 72
190 226
145 170
134 138
108 198
131 234
167 242
9 135
55 65
111 200
139 148
169 173
55 180
117 172
89 170
52 154
167 230
32 82
5 220
2 145
97 176
72 241
130 215
69 87
76 171
131 132
17 86
133 224
26 51
15 167
7 8
196 223
64 211
225 234
127 143
152 180
95 244
77 162
170 239
14 135
54 85
62 174
7 111
60 212
149 219
2 92
52 224
75 235
14 216
143 198
178 215
56 160
116 183
52 151
0 24
64 74
27 235
39 207
43 97
168 187
127 164
79 124
56 178
110 215
107 116
164 234
47 49
99 162
16 157
56 112
16 117
67 215
189 236
21 127
153 155
54 188
21 113
45 155
57 107
179 213
104 155
107 135
163 244
31 186
70 241
62 197
171 211
169 186
119 162
160 213
98 145
32 202
75 212
105 224
128 178
118 196
9 150
191 219
4 75
15 57
43 141
10 80
176 243
60 184
114 146
87 122
34 151
68 167
11 49
19 155
27 29
21 239
77 219
144 171
112 113
116 214
34 70
71 238
11 63
74 106
3 196
210 212
2 130
27 166
3 233
225 244
18 221
24 105
132 139
161 184
69 201
28 99
91 215
195 240
3 232
34 79
42 207
1 47
162 198
6 186
12 209
8 216
191 244
23 82
129 220
70 233
148 189
29 152
136 177
69 227
61 94
155 169
31 183
187 219
217 234
117 190
110 127
128 140
29 47
124 173
84 126
82 218
60 92
45 167
121 213
8 79
9 230
11 115
154 218
180 244
95 158
75 239
58 239
50 51
138 212
138 142
42 57
30 162
15 191
19 119
56 237
179 192
187 221
3 105
170 175
36 51
24 36
92 230
56 184
70 135
33 169
21 197
80 145
46 101
100 189
24 217
101 218
51 53
44 100
67 217
110 128
136 184
23 84
11 157
163 242
132 216
208 212
0 172
84 163
67 79
15 197
126 166
43 80
132 137
148 155
110 147
34 131
126 134
146 220
216 233
7 144
27 96
33 215
29 108
148 167
62 192
7 148
48 194
6 218
4 219
77 185
62 134
0 152
123 188
109 133
17 63
59 71
86 131
136 210
202 230
53 217
116 156
1 58
78 226
67 177
14 122
94 131
3 55
67 227
19 150
69 235
65 87
33 149
45 189
122 154
103 215
117 129
47 132
190 207
46 108
70 101
140 228
108 187
101 112
125 195
14 162
58 63
203 220
29 46
103 153
193 242
76 189
78 139
9 209
179 244
112 214
160 224
61 212
12 44
61 154
102 210
17 43
32 162
11 89
56 106
120 148
188 244
12 230
121 164
22 73
12 180
229 236
218 229
150 215
172 241
99 209
40 176
154 242
170 188
17 107
152 214
34 240
91 176
71 108
67 190
45 113
139 207
92 198
83 212
166 240
1 102
132 145
109 126
18 243
119 124
83 148
12 217
53 150
11 222
14 52
131 229
16 89
135 237
4 32
38 50
61 192
21 40
43 229
108 210
1 179
72 216
3 183
31 50
76 84
91 192
35 96
147 156
47 169
120 238
122 125
133 176
86 237
67 222
174 196
178 241
53 142
11 154
35 124
75 184
95 177
4 154
26 41
23 113
72 75
35 184
15 127
71 85
111 130
161 183
115 179
188 229
183 197
133 207
9 90
110 230
209 210
52 206
205 207
19 132
149 191
112 231
78 101
17 157
22 181
73 102
3 150
107 233
54 129
4 233
165 193
59 160
175 237
123 214
1 193
95 172
37 113
50 235
106 181
131 144
88 130
48 103
6 153
108 139
7 237
35 218
79 197
94 237
150 208
58 215
69 205
43 212
11 150
28 109
61 72
27 188
40 78
49 110
185 240
29 194
171 175
199 219
239 241
80 111
57 73
78 87
201 207
119 172
