249
4
10806
60
21 2
70 2
48 2
56 4
45 2
29 3
73 3
23 1
45 4
72 2
82 1
62 1
19 4
43 1
81 2
68 1
41 3
78 4
51 5
70 3
51 2
66 1
68 3
23 5
58 2
22 1
59 5
65 1
71 3
56 4
17 4
66 1
31 1
19 2
54 1
46 2
18 5
31 1
17 2
54 4
18 4
78 2
76 4
16 2
76 5
31 2
82 2
83 5
61 4
72 4
38 3
24 5
57 2
32 2
48 4
77 2
78 2
58 5
19 3
64 1
53 4
55 2
81 3
16 1
73 2
27 3
45 4
17 2
28 5
77 3
67 2
41 4
61 1
45 1
71 3
84 4
79 3
34 2
78 1
18 3
63 5
21 3
67 4
65 2
58 1
25 5
21 4
16 1
23 1
21 3
29 4
61 2
67 5
78 3
16 3
31 2
35 2
26 4
44 5
31 4
80 2
49 4
65 1
79 4
80 4
73 3
60 5
64 5
23 1
20 2
45 5
26 3
47 3
72 4
77 3
76 3
59 5
54 1
21 4
64 4
68 2
70 1
46 2
65 3
31 4
32 3
78 2
68 3
17 2
58 4
77 4
51 1
74 5
40 5
34 3
54 3
22 5
49 2
76 3
43 5
62 4
68 1
80 4
23 5
37 5
32 4
61 4
56 2
66 4
64 2
52 3
39 4
38 3
49 1
28 1
77 2
36 1
65 2
63 3
35 3
75 1
68 2
53 2
22 2
57 1
52 5
35 1
49 4
75 3
21 2
54 3
20 2
67 3
80 4
37 2
78 5
70 4
56 1
58 2
71 2
68 5
58 4
21 2
38 2
23 2
79 3
45 4
23 3
81 4
21 5
59 3
74 2
58 5
79 4
67 4
21 4
64 1
37 4
48 2
56 2
71 1
19 4
49 3
62 2
76 4
68 1
57 5
83 1
78 5
50 1
82 3
32 2
55 3
57 1
65 1
75 2
77 3
54 2
58 2
21 2
56 1
17 3
59 4
71 1
64 2
27 5
45 3
81 4
30 2
73 5
67 4
33 2
28 3
23 1
70 1
83 4
74 2
78 3
34 5
69 5
47 4
47 2
26 4
84 1
38 3
70 1
70 3
41 4
79 4
2 62
41 227
219 223
74 76
156 237
21 80
135 159
159 198
5 74
89 192
146 162
80 119
99 110
107 220
108 114
19 26
146 209
79 159
170 223
12 100
33 47
59 72
198 207
196 200
0 25
148 174
205 244
128 180
58 96
150 226
88 188
146 182
79 101
90 237
160 185
41 43
42 69
85 238
122 239
164 236
56 195
11 105
13 160
25 119
127 136
58 219
107 158
163 246
7 228
97 177
34 113
75 98
9 18
29 207
23 85
31 80
172 245
75 140
41 241
31 224
93 102
9 223
179 184
47 93
66 101
59 96
13 40
105 169
98 174
17 228
84 113
0 131
34 59
53 234
25 167
139 176
100 190
85 148
161 221
108 113
128 205
81 236
59 191
61 192
122 153
217 242
31 135
110 122
70 94
29 234
45 152
51 123
182 235
190 198
107 148
7 54
79 186
184 212
23 123
72 245
7 163
188 229
133 136
120 130
140 160
67 100
108 132
48 143
15 230
99 144
36 71
111 195
147 181
87 108
36 214
41 197
82 203
95 190
39 102
150 229
10 35
120 172
83 193
0 229
41 144
190 220
107 199
179 246
79 178
18 92
12 43
178 240
61 177
29 187
74 217
3 174
26 173
127 213
23 120
98 147
34 179
30 160
6 84
5 76
157 191
55 209
30 233
47 69
84 205
104 179
55 157
183 242
121 144
7 212
94 217
58 69
53 194
231 237
120 178
10 49
61 63
64 189
9 217
13 224
11 230
98 113
194 205
91 105
30 209
148 209
35 172
16 151
72 106
0 223
68 151
0 210
10 92
107 133
45 133
152 199
24 150
42 157
0 196
60 237
138 174
137 233
16 175
166 231
9 78
41 164
0 10
142 235
43 84
41 88
24 110
22 89
19 233
21 227
8 88
204 242
21 188
146 196
25 179
49 61
75 117
4 243
6 57
52 66
87 89
4 14
77 147
46 105
166 233
44 177
212 248
130 203
156 204
118 166
107 221
41 48
20 136
169 184
147 228
68 121
33 95
79 153
214 235
2 107
1 215
42 199
51 91
123 196
14 239
44 124
104 158
41 153
8 58
95 123
112 153
128 210
29 59
197 205
18 234
154 238
170 188
9 77
167 215
3 30
28 143
71 239
14 188
36 86
197 242
3 208
138 237
155 168
193 239
136 247
42 127
101 106
117 248
85 131
46 217
63 174
35 110
52 160
135 170
165 172
23 130
196 234
10 70
177 237
117 149
31 95
207 243
44 165
6 155
69 201
18 68
5 148
157 222
121 209
85 176
3 24
55 61
187 231
56 220
47 133
68 212
172 181
12 66
51 175
75 240
16 80
91 133
16 33
165 168
122 246
208 211
94 128
110 185
160 162
36 142
41 232
97 155
148 158
130 169
131 248
15 156
37 64
93 236
127 138
40 169
216 231
144 196
10 194
34 82
70 209
83 112
168 193
70 235
5 34
6 129
80 157
24 245
203 218
43 127
94 192
31 131
11 199
91 132
78 100
70 236
32 52
35 179
5 48
53 95
159 240
58 218
32 33
91 171
14 26
23 142
130 133
80 240
172 243
11 155
22 209
21 98
90 130
174 184
53 197
53 230
78 203
183 246
64 207
34 95
125 139
18 84
66 136
80 123
104 222
137 230
200 213
85 157
143 163
92 206
43 116
179 213
13 168
184 199
48 70
105 206
74 104
27 43
57 227
78 115
211 246
66 200
147 222
100 152
18 124
9 179
21 103
174 176
38 168
120 156
103 154
76 215
152 211
27 218
153 245
92 154
10 80
138 214
236 238
69 76
10 90
138 212
177 201
129 206
28 240
122 222
5 57
12 242
88 104
56 67
20 135
130 147
96 229
19 239
28 239
146 204
162 233
63 65
31 160
147 205
128 136
94 197
108 129
27 133
129 243
227 233
30 219
176 205
36 179
80 139
60 119
132 188
113 230
187 217
56 96
123 162
32 148
38 180
26 197
94 172
15 191
76 214
69 235
20 58
59 155
52 89
63 70
96 246
104 173
91 161
88 117
185 195
52 61
185 236
31 84
117 126
2 50
49 148
103 134
48 57
141 186
25 220
35 217
15 166
36 237
76 158
28 36
85 220
75 113
73 164
111 233
50 60
143 158
26 148
29 202
172 248
165 231
121 177
87 114
108 146
128 245
21 83
110 130
97 236
85 233
78 95
33 35
42 121
29 127
108 188
84 156
32 135
98 233
136 148
31 240
133 153
2 18
50 176
41 171
126 238
166 241
118 157
65 205
49 242
90 223
167 198
101 209
215 217
102 178
37 239
159 239
45 223
58 169
106 221
113 179
37 82
8 96
178 216
167 180
112 120
87 186
39 184
9 175
22 184
85 193
93 170
21 110
180 245
197 208
146 200
35 153
159 172
129 233
146 147
137 223
12 49
87 147
45 114
31 206
129 153
90 139
7 199
86 213
181 221
176 245
192 221
55 91
48 184
53 126
4 106
27 154
74 205
52 150
73 245
77 118
143 229
17 192
77 154
37 214
150 230
1 146
6 20
153 197
170 243
106 195
39 52
224 226
205 217
5 159
94 203
147 219
13 137
20 181
128 169
89 153
58 77
11 91
114 187
32 227
102 193
13 177
5 43
132 176
8 130
89 172
8 9
39 195
55 205
58 184
180 194
89 91
70 89
81 104
13 67
82 147
15 37
4 154
173 226
7 27
60 203
105 113
76 123
150 246
119 125
67 247
52 171
60 236
7 73
184 206
71 144
69 88
111 131
161 187
122 225
18 188
78 80
85 151
41 215
27 204
44 136
8 37
18 207
52 169
61 205
64 123
59 163
95 198
94 214
87 164
229 238
147 224
35 150
59 231
87 115
4 171
24 35
4 151
159 171
50 117
95 232
141 166
129 136
92 94
25 211
12 88
196 197
90 209
32 220
120 157
65 239
141 212
36 87
126 188
59 106
77 174
62 220
99 200
64 66
21 124
104 204
239 244
5 128
83 194
23 69
208 209
120 144
84 92
38 170
57 155
177 193
67 171
206 207
100 163
120 139
59 68
22 242
22 244
29 98
80 130
159 230
25 214
24 231
221 241
2 167
117 232
36 176
114 195
4 156
80 161
125 197
43 208
73 78
65 184
127 139
115 231
59 102
142 166
33 219
39 128
49 245
72 180
209 229
240 241
19 57
124 222
107 229
37 57
117 160
125 248
216 240
68 158
181 215
156 243
122 188
114 228
28 106
15 226
8 72
25 82
12 158
70 122
183 208
61 212
9 80
140 173
81 156
82 215
89 128
101 210
6 215
55 229
42 198
46 211
135 217
201 237
41 60
53 148
26 47
94 228
11 152
155 222
43 198
8 163
81 191
133 215
35 107
29 90
137 203
3 107
25 231
97 167
12 27
26 168
15 137
23 36
15 85
66 192
163 245
192 213
166 245
140 203
134 154
25 99
6 136
44 133
95 210
41 229
15 71
229 239
31 46
134 229
61 242
57 134
202 207
141 192
0 30
118 186
1 123
61 124
101 223
93 141
151 207
6 93
12 134
169 227
14 119
115 248
51 128
72 86
105 176
227 238
34 54
208 216
54 103
22 238
145 154
163 222
190 203
190 246
128 178
51 243
207 234
97 192
32 228
69 212
112 131
0 5
9 52
73 110
154 198
116 161
98 133
54 140
24 242
29 115
121 222
111 238
32 140
38 231
44 222
97 232
4 77
142 200
32 172
128 247
192 201
12 16
30 44
136 222
166 227
155 233
26 115
115 140
153 238
10 143
4 44
196 214
127 146
197 206
28 238
10 104
38 136
18 60
125 169
175 245
28 218
124 142
29 106
9 104
81 229
11 180
11 111
122 180
34 65
8 232
125 222
219 243
7 22
18 153
187 199
25 34
189 217
21 113
153 242
100 179
169 172
150 212
132 219
184 228
46 80
7 246
77 246
34 86
66 217
12 109
141 241
76 248
125 150
7 10
198 220
158 239
130 239
85 207
69 197
21 204
222 230
51 181
83 129
137 215
6 144
115 219
39 67
79 134
40 63
125 127
73 77
24 228
46 78
83 110
66 154
83 128
98 237
40 99
20 149
143 217
126 142
76 81
57 123
68 108
0 154
9 182
19 199
86 164
145 182
63 69
13 55
97 201
116 223
43 196
68 183
86 88
178 215
100 213
19 169
100 169
82 115
19 126
17 212
41 131
140 196
101 218
211 229
106 184
246 248
58 65
11 192
187 229
158 177
201 238
99 126
102 210
71 114
204 241
157 165
105 124
79 155
165 242
21 171
0 169
62 134
124 201
5 150
40 59
48 49
16 191
117 225
116 170
214 240
157 201
0 148
73 129
5 50
29 222
30 138
108 218
65 152
34 47
34 127
168 224
45 140
14 82
64 219
6 12
178 207
46 174
65 243
33 192
2 81
97 137
33 189
178 186
39 145
87 193
180 200
134 199
11 61
70 215
154 192
152 194
36 177
5 64
34 183
143 198
157 246
24 74
28 244
24 184
205 220
100 195
145 180
113 201
189 195
124 132
108 162
78 126
63 212
96 201
108 198
40 48
151 165
32 64
2 146
121 202
28 131
10 63
137 190
112 169
155 187
76 247
112 226
26 79
36 211
50 147
147 211
65 89
38 47
164 238
29 141
22 71
176 180
102 225
111 203
107 173
119 191
50 185
134 142
117 156
2 25
162 199
155 160
10 217
140 208
79 167
58 109
78 215
140 172
20 192
23 215
33 164
36 212
20 30
13 103
106 172
96 248
135 239
109 242
19 172
116 120
111 208
186 206
29 212
201 216
11 133
15 180
168 229
48 246
27 247
162 208
67 213
117 236
61 116
76 120
113 133
47 188
38 199
22 108
48 228
91 238
4 28
56 209
78 159
112 240
15 26
50 160
92 215
14 212
3 21
147 235
41 213
178 214
90 96
124 227
203 227
205 232
97 107
96 152
120 166
125 153
89 219
227 244
26 222
42 241
121 175
173 199
57 75
173 212
170 246
223 237
73 237
97 114
116 215
51 170
109 218
41 105
61 93
57 220
6 142
41 210
167 170
96 175
114 238
50 157
49 99
47 166
61 95
22 86
81 213
217 238
5 37
59 134
22 123
37 78
231 246
74 129
63 167
37 63
108 240
43 197
52 145
3 43
39 192
36 140
128 220
5 112
70 197
28 100
25 221
4 195
55 104
16 206
86 175
53 152
74 168
19 149
139 164
24 230
212 221
4 114
23 206
168 210
50 108
86 223
83 138
62 172
86 184
54 128
20 40
93 208
27 121
63 196
29 119
14 33
195 214
79 209
24 47
90 221
144 163
200 246
44 215
59 223
49 52
13 247
218 238
28 119
71 88
14 221
122 201
147 221
105 201
205 229
90 241
48 135
71 247
63 120
49 213
141 183
97 146
111 137
4 56
209 218
59 180
126 242
51 57
230 240
164 224
67 220
10 218
132 199
120 134
175 240
19 71
68 204
202 211
76 228
47 206
181 183
45 100
171 231
128 168
24 201
100 216
39 132
162 240
108 176
52 85
127 240
150 176
57 73
26 203
118 153
19 185
78 83
85 130
68 79
151 171
99 187
127 244
40 82
59 175
18 180
151 168
52 77
46 140
18 218
13 76
78 224
92 132
87 132
19 245
32 171
143 186
41 130
119 208
21 37
39 141
91 134
2 193
78 173
211 244
87 158
1 95
109 222
37 195
164 193
66 133
57 202
72 108
86 102
182 195
93 116
74 90
113 238
87 94
93 198
58 180
122 134
203 240
76 116
117 129
92 217
0 150
56 61
51 242
24 151
56 83
113 150
101 163
119 196
130 231
150 196
160 234
65 210
138 223
13 158
7 245
99 198
78 90
71 168
73 76
159 248
59 169
3 27
27 176
97 158
87 111
103 140
52 122
28 205
1 6
62 197
99 230
80 158
147 170
96 136
88 225
27 86
32 237
98 125
215 247
111 119
59 141
233 238
127 226
159 183
222 234
72 240
136 224
4 241
12 18
80 160
142 238
14 234
59 236
101 228
106 176
128 216
16 89
16 181
222 227
97 205
5 77
99 188
7 239
124 218
172 184
47 120
75 136
17 77
43 82
102 182
28 90
51 219
1 93
208 238
37 204
80 115
155 157
48 183
65 145
41 84
81 247
131 196
4 46
62 100
62 84
107 149
73 197
31 215
226 229
110 124
69 204
200 232
152 153
188 206
144 231
55 75
38 73
66 113
201 241
30 80
121 124
198 211
43 63
9 186
20 188
132 247
2 187
72 176
54 147
41 112
120 232
112 185
15 149
43 114
45 247
151 191
39 225
80 129
86 179
173 215
8 35
178 206
2 101
33 115
193 213
117 135
45 77
31 50
50 231
47 61
8 11
37 168
23 194
57 248
139 192
86 217
156 205
125 135
133 158
6 185
206 233
163 167
16 47
184 200
163 230
62 167
64 134
82 128
25 146
88 210
144 224
121 138
126 232
211 218
53 207
37 137
101 213
59 104
96 133
18 33
12 97
44 143
10 235
109 168
87 207
226 235
78 129
1 52
228 237
96 151
96 138
56 202
33 236
154 189
35 63
66 147
46 191
53 76
107 164
114 166
9 170
161 215
150 233
31 32
119 213
42 43
77 158
13 167
48 132
33 94
110 121
145 227
108 200
32 167
87 226
74 190
134 246
76 195
128 167
55 171
33 146
0 98
72 215
122 248
88 221
173 201
11 129
0 77
202 244
83 158
20 75
153 212
23 225
53 160
166 180
181 196
195 240
21 143
47 95
18 236
30 178
136 232
26 225
202 218
67 246
177 188
77 243
11 85
150 215
61 152
61 184
83 119
70 162
36 208
60 184
68 231
91 207
195 210
4 180
145 198
22 107
9 70
14 172
116 245
83 183
63 192
9 99
184 234
47 131
218 219
149 244
131 207
185 227
143 215
37 217
17 56
67 132
138 194
158 245
29 71
82 197
176 181
114 224
30 106
84 214
165 179
134 211
81 239
41 122
34 139
150 172
47 141
57 177
115 217
174 189
126 151
139 148
42 109
75 130
61 73
30 206
153 233
112 114
153 188
169 198
103 160
105 116
8 167
25 198
71 83
157 214
121 148
143 206
63 118
186 248
17 59
26 68
215 235
79 237
85 98
55 211
96 174
69 227
5 58
69 150
38 233
54 110
49 132
61 112
190 240
25 230
86 186
233 246
34 184
90 126
52 93
3 40
58 146
12 239
49 142
20 76
14 201
106 208
56 157
107 202
46 72
7 243
5 114
34 137
73 232
64 172
147 166
51 98
133 148
1 88
18 39
147 159
111 221
49 190
214 239
45 182
58 216
126 147
30 46
3 195
110 161
64 82
92 245
62 235
91 108
134 201
44 151
119 162
15 39
103 176
194 209
91 222
74 173
63 154
21 99
49 109
169 189
20 94
94 168
3 240
69 148
180 221
79 162
12 41
187 225
210 226
122 150
2 186
81 181
118 162
180 232
19 64
34 71
1 38
116 144
45 218
33 65
82 165
74 248
167 217
78 112
108 112
6 127
134 143
192 207
80 95
34 48
55 186
12 34
26 181
177 211
22 230
2 192
216 224
209 221
31 44
18 48
62 210
25 163
35 96
134 204
6 50
45 172
6 177
126 195
67 207
1 25
86 162
40 217
186 189
32 193
99 242
130 187
29 88
26 64
76 153
137 242
32 204
80 248
129 151
81 248
69 224
41 83
112 133
148 233
234 244
65 171
131 157
115 244
93 234
82 101
50 152
85 194
20 29
48 243
10 155
91 217
16 95
9 191
159 167
16 22
35 44
50 219
81 137
43 159
171 198
30 81
141 150
55 223
39 199
119 222
212 231
86 246
42 103
95 107
58 156
32 240
163 198
83 239
84 148
24 244
156 190
138 202
46 65
141 163
156 201
124 235
29 164
40 132
58 195
55 57
211 239
124 204
75 245
166 234
9 10
3 103
23 220
126 218
91 117
74 194
64 73
41 55
56 179
65 241
13 33
46 138
164 244
90 193
143 181
29 146
110 140
100 242
132 175
109 146
58 164
92 108
12 91
21 166
103 241
19 178
139 180
3 33
127 174
33 73
49 143
164 205
137 234
191 215
40 156
101 165
61 218
39 95
23 65
183 234
29 246
5 78
104 133
213 238
0 75
97 144
134 245
121 173
0 145
3 149
17 226
79 231
77 93
5 136
63 218
2 51
128 163
54 114
96 144
89 135
76 201
128 151
212 213
69 93
120 124
18 184
56 133
125 184
58 115
15 41
62 188
0 6
7 200
32 91
90 154
28 176
9 69
226 227
112 166
54 125
64 202
0 168
100 177
15 196
83 191
131 215
57 206
31 145
32 152
118 148
6 167
26 29
26 119
31 162
56 149
11 215
105 127
26 217
15 124
31 43
173 241
19 83
72 98
138 187
35 53
5 143
79 83
104 206
207 228
1 46
52 73
12 172
18 199
41 167
44 205
129 232
118 156
80 140
186 247
46 131
78 118
85 121
120 237
105 181
101 191
126 240
95 151
18 235
12 13
25 233
24 116
139 236
26 220
31 226
45 245
105 197
15 47
15 182
185 225
94 115
54 235
147 243
104 227
227 230
13 20
108 204
19 145
138 159
196 198
34 96
147 210
97 216
10 46
9 131
125 235
78 185
60 206
69 106
115 162
51 53
35 109
8 229
153 172
89 213
99 204
102 130
53 110
54 100
181 241
176 241
19 48
46 62
19 114
44 125
42 51
116 180
11 194
84 118
75 100
105 146
103 216
52 113
114 178
44 99
168 226
112 234
14 136
128 196
185 212
97 211
116 138
20 166
154 223
48 119
126 149
11 30
171 176
67 70
5 19
174 178
52 191
55 118
181 193
30 190
49 171
18 217
25 216
69 180
24 239
31 239
45 97
25 121
30 213
29 178
20 103
38 202
17 164
100 209
58 243
42 243
186 232
37 47
8 18
69 110
170 208
91 152
40 194
11 240
90 201
103 145
35 216
49 149
29 63
24 186
8 243
88 102
64 244
82 139
11 177
142 145
159 178
27 42
7 81
8 171
45 71
130 155
1 34
69 87
56 187
30 234
113 158
162 165
16 69
22 214
66 219
50 206
99 138
66 77
79 203
146 237
63 185
80 145
81 115
19 221
77 184
98 106
120 145
0 204
18 182
102 152
83 106
16 120
122 174
68 180
149 205
32 181
5 200
69 152
19 121
50 120
37 151
37 224
3 57
57 167
46 142
158 194
95 176
160 217
106 132
7 99
198 241
165 169
41 49
136 217
118 237
145 179
96 132
52 184
22 96
68 105
107 227
14 63
108 235
34 243
193 232
36 62
43 54
107 171
170 195
19 167
26 144
83 227
153 235
45 204
78 111
12 59
0 176
130 186
162 238
68 103
1 246
45 56
175 180
35 235
62 221
46 244
58 67
11 48
111 234
26 240
182 231
123 141
170 206
151 187
8 126
207 227
58 140
53 151
136 202
148 222
123 184
86 96
20 38
157 231
0 170
26 108
13 120
35 160
52 179
17 239
96 170
140 187
13 133
2 13
121 158
19 158
16 115
92 244
75 97
76 124
160 237
18 75
52 241
11 104
15 31
132 136
43 189
30 230
108 181
40 216
72 243
59 226
181 244
86 248
43 192
89 99
81 169
1 71
164 199
23 105
51 184
209 224
73 106
201 211
32 83
39 189
51 142
23 74
79 174
149 219
142 188
29 129
82 232
28 214
67 155
13 212
2 56
200 248
13 64
86 161
85 163
10 58
19 182
117 210
119 218
107 232
46 143
40 122
115 137
16 104
203 241
32 35
93 180
196 204
110 200
169 195
143 203
67 206
168 203
38 166
95 175
4 193
70 231
136 228
11 207
190 231
80 239
124 134
82 243
40 112
49 141
230 231
127 204
4 122
18 95
164 221
13 150
33 137
6 186
56 69
77 196
139 218
66 137
109 205
93 172
101 140
187 206
150 177
103 175
126 243
93 97
41 193
51 129
7 140
4 123
10 111
17 48
125 238
12 21
182 204
91 225
78 94
39 96
16 143
30 143
31 97
79 183
42 212
72 90
81 94
40 105
148 189
44 188
103 123
33 151
38 83
61 100
52 70
189 205
35 52
131 194
100 172
81 175
86 141
97 208
54 60
40 165
54 72
33 112
48 217
100 125
55 215
6 62
31 218
62 132
9 95
152 219
12 235
129 159
0 115
29 242
150 187
60 66
122 247
36 88
80 108
116 234
98 239
69 200
62 154
117 240
77 218
50 68
165 224
46 104
164 172
125 236
100 101
4 189
135 165
3 61
61 228
51 103
71 135
13 149
148 214
137 173
59 110
76 178
90 100
8 121
91 136
43 184
66 228
96 131
38 201
72 200
191 245
87 129
193 227
20 102
71 123
91 174
110 235
78 234
78 134
90 105
6 38
49 95
28 247
186 230
140 221
241 246
11 243
97 156
67 149
15 103
157 208
48 158
141 199
42 153
39 60
205 209
118 216
180 223
87 247
50 225
67 175
188 217
122 197
11 157
17 187
94 152
3 73
28 126
78 181
35 89
34 189
155 164
119 201
198 203
197 204
47 232
58 185
55 102
136 188
130 213
236 240
69 229
148 166
143 222
178 200
107 129
104 238
24 140
127 156
21 190
88 107
44 48
7 206
155 237
23 101
71 136
40 102
128 134
89 190
202 223
24 34
58 205
4 144
57 170
195 222
76 127
137 159
70 237
155 227
62 91
47 169
0 48
39 227
94 212
56 176
36 61
0 134
13 96
100 166
35 207
135 194
50 131
197 231
159 173
80 147
110 182
156 185
16 169
88 205
202 221
46 198
49 108
65 114
154 166
14 124
45 153
85 169
165 191
37 97
102 125
83 137
30 192
8 173
47 171
107 192
213 227
20 229
115 197
51 194
99 233
50 190
188 232
126 177
141 240
95 233
114 208
46 157
193 205
34 73
6 197
5 55
4 137
156 180
4 234
22 172
29 159
114 189
75 206
171 207
108 119
103 149
128 204
136 225
21 30
65 185
154 222
14 128
95 98
3 66
85 213
9 231
150 240
183 203
46 226
61 246
81 153
164 225
47 88
68 200
53 84
130 183
29 177
71 90
124 177
103 215
8 81
37 245
2 204
148 170
118 238
70 242
92 130
37 49
28 140
44 167
76 169
180 211
67 241
202 236
41 195
136 223
74 181
9 103
74 164
157 175
30 224
5 106
115 204
39 108
64 212
79 120
95 108
106 142
38 64
145 206
192 208
31 108
75 103
217 225
28 54
1 156
38 144
89 137
36 74
185 234
102 104
93 120
14 175
124 215
132 223
42 111
167 218
17 78
57 230
139 206
132 168
24 153
15 162
70 95
58 202
131 217
84 167
105 186
72 100
113 121
181 234
156 209
101 111
11 35
158 197
137 164
193 194
44 162
15 190
72 113
4 50
108 175
195 220
50 64
82 244
168 214
93 177
43 49
90 94
71 160
24 189
71 155
141 197
46 135
50 238
104 215
75 180
128 140
106 166
148 149
34 46
132 162
134 153
168 235
132 218
9 83
35 149
195 224
56 181
2 116
139 198
61 160
31 221
155 184
54 174
173 204
12 123
162 200
59 91
122 230
41 198
10 40
78 201
86 106
72 230
19 220
63 150
63 170
225 241
114 144
131 173
62 239
87 150
93 154
100 231
117 223
91 147
146 224
175 202
38 89
55 98
145 202
35 148
87 128
38 137
118 141
101 122
42 56
140 142
161 228
65 124
81 86
67 230
58 138
114 236
83 212
43 58
56 131
114 159
179 247
36 220
132 170
72 115
30 120
207 209
121 201
0 198
53 129
101 127
80 169
35 152
20 231
73 140
55 147
119 170
184 231
57 165
46 124
37 80
109 159
135 173
148 235
12 137
207 215
95 208
11 212
108 205
67 134
193 236
52 107
137 239
26 193
39 99
190 229
10 128
11 118
125 156
5 144
206 240
76 171
139 208
42 117
211 217
109 208
94 224
55 189
12 144
12 42
0 101
44 189
81 199
71 156
160 202
48 195
66 114
189 207
16 167
21 85
52 236
37 131
35 223
42 229
100 144
66 134
12 188
80 85
109 124
162 196
27 98
33 59
164 246
64 145
57 149
121 189
9 53
147 163
172 179
173 234
0 88
55 77
77 111
86 166
138 218
183 219
94 187
88 209
218 245
55 158
67 138
183 241
194 200
101 216
198 225
20 172
58 226
76 226
173 238
17 203
141 194
186 234
164 176
197 237
45 60
47 180
69 102
25 63
163 240
120 164
56 121
47 228
13 60
193 218
154 170
55 119
82 208
165 170
84 139
44 105
154 218
7 17
176 194
102 209
174 202
7 8
90 236
4 164
82 171
38 45
80 120
47 186
7 178
88 204
60 242
1 209
31 169
64 192
7 101
67 189
20 89
152 221
26 101
103 126
14 16
130 131
61 209
11 183
8 147
50 208
52 56
69 242
25 238
127 131
23 143
137 163
55 170
112 205
70 181
150 165
2 5
73 205
178 197
28 62
92 210
159 174
113 182
209 233
193 222
44 218
73 94
105 184
101 137
83 94
104 141
224 230
108 201
129 178
90 113
30 208
121 129
88 155
163 192
69 143
90 163
48 112
76 196
93 169
130 141
61 101
68 220
11 72
238 248
18 54
124 139
87 93
53 211
10 75
29 77
56 135
10 228
157 164
34 240
59 103
15 88
48 102
24 172
5 94
147 226
158 180
46 125
52 199
201 231
76 166
182 247
2 92
28 29
91 239
64 241
5 100
93 203
47 96
58 117
108 109
13 198
59 101
55 227
104 216
29 142
121 232
3 122
14 58
44 142
77 96
103 109
57 176
19 230
52 224
63 240
123 149
48 113
19 215
130 219
0 248
122 129
80 191
49 144
122 217
107 118
15 49
115 146
58 141
172 192
52 132
25 152
96 219
27 129
12 30
41 186
41 132
64 166
163 188
218 224
99 158
21 135
7 23
54 195
78 190
24 225
126 186
38 171
16 91
117 216
93 99
19 184
21 133
127 157
33 157
98 157
183 196
78 110
16 209
129 171
6 42
60 165
26 37
41 62
174 193
43 111
41 72
20 214
107 143
70 216
9 169
23 98
172 182
7 84
75 154
9 184
43 97
26 215
22 181
32 187
38 116
20 98
151 180
88 123
169 182
72 189
115 125
79 236
105 121
67 239
28 130
218 248
127 179
34 68
83 109
100 109
150 151
46 225
8 17
16 161
113 180
12 216
7 128
140 202
7 93
74 213
100 114
32 196
150 198
45 78
46 203
138 238
190 233
61 84
92 158
96 141
14 28
136 154
9 139
24 54
15 67
152 161
174 218
56 159
5 203
82 211
38 55
71 103
36 202
133 169
22 218
0 54
141 177
90 147
29 137
115 196
3 44
158 237
7 235
57 241
8 159
86 93
40 124
171 219
108 187
115 221
15 96
65 111
45 134
151 212
63 127
61 243
96 178
31 41
6 213
17 201
74 192
64 242
71 141
103 214
74 206
82 136
47 113
29 110
50 223
13 61
190 219
31 124
126 166
6 190
19 52
43 93
43 213
140 179
64 116
85 118
41 237
55 84
82 98
174 231
103 225
54 70
15 218
157 238
19 205
39 241
58 106
132 226
82 88
49 118
95 118
118 127
37 112
96 158
9 97
113 129
52 173
203 231
136 226
93 200
0 216
77 101
72 242
104 244
98 124
85 162
68 98
130 176
22 105
56 71
72 194
44 65
59 62
112 182
36 98
134 212
69 128
84 140
144 239
16 65
218 232
84 123
40 153
38 177
75 185
193 201
65 100
13 72
51 65
149 226
84 98
55 183
182 189
37 54
4 68
107 159
54 248
86 101
208 219
68 127
19 213
70 107
124 188
64 209
37 202
31 211
47 104
17 161
63 124
92 227
123 206
138 170
2 115
201 225
36 219
98 245
96 172
171 245
118 139
88 248
27 30
102 207
83 242
33 109
184 198
32 131
102 170
132 174
141 155
68 160
73 147
65 79
37 194
165 225
97 116
174 246
213 231
143 150
0 159
83 197
158 213
13 91
85 242
122 241
138 225
174 206
40 94
12 68
146 248
57 187
57 200
141 221
24 62
96 240
81 113
58 78
64 95
70 123
47 135
126 199
7 248
46 92
63 219
22 45
133 204
78 79
79 158
216 241
50 74
108 178
18 209
18 123
2 236
52 126
156 161
93 135
52 147
145 215
4 92
170 222
73 176
22 109
147 153
92 152
147 213
54 95
9 111
160 211
29 75
94 171
155 247
24 206
78 205
127 236
13 34
95 157
12 69
56 128
8 204
145 204
160 229
44 204
86 137
78 155
22 126
64 163
44 168
30 154
16 85
23 189
11 31
112 189
26 109
215 219
97 133
56 206
75 112
12 81
28 196
96 239
167 231
6 22
16 157
79 206
17 89
30 79
143 228
4 51
9 22
69 203
22 75
204 246
174 198
126 190
22 94
31 42
35 64
50 99
9 57
89 151
119 214
18 214
152 243
9 45
170 229
119 246
153 158
44 100
185 210
133 146
48 162
199 221
145 156
97 185
18 30
42 163
112 163
26 62
38 63
66 226
11 56
58 112
21 178
78 246
136 208
114 205
141 203
16 129
166 236
131 198
2 144
8 212
180 188
169 187
33 188
2 85
52 59
52 119
87 220
6 236
3 184
10 37
69 226
43 244
71 174
84 88
18 37
155 208
21 198
51 96
125 193
24 168
161 200
186 211
40 155
0 160
12 98
45 98
52 219
81 231
31 196
115 182
29 30
5 110
132 161
188 193
171 215
14 245
113 117
38 117
15 141
153 209
27 168
65 157
15 84
113 203
17 97
175 211
36 152
143 157
205 227
26 146
20 240
133 197
116 232
63 162
48 120
101 219
39 74
9 44
15 214
185 216
91 210
49 77
71 189
53 131
6 89
82 108
8 56
26 42
16 39
138 153
109 121
39 109
64 232
127 198
16 237
97 161
73 170
80 150
17 20
8 225
143 202
129 130
57 138
55 80
32 40
110 219
19 78
172 235
135 163
70 189
164 185
131 183
32 133
95 101
32 99
34 229
135 199
103 198
65 192
88 218
18 137
2 6
42 61
129 242
108 236
150 217
11 122
32 183
13 101
142 232
149 197
55 155
2 124
138 162
196 237
20 121
43 182
4 204
144 162
8 101
156 214
8 132
120 221
157 243
16 176
2 185
175 224
26 143
66 141
201 247
203 246
134 195
89 247
147 197
104 117
183 237
139 159
25 193
68 126
93 148
83 207
122 236
33 215
54 106
87 214
26 169
98 213
241 244
6 102
57 191
217 222
23 94
77 168
0 143
106 182
118 179
46 107
116 131
91 169
22 149
83 209
121 190
29 70
18 104
28 177
29 143
115 199
226 230
125 195
60 120
125 165
101 205
120 131
137 248
36 171
3 118
166 218
85 187
32 95
112 117
68 144
158 195
46 171
17 100
99 129
21 68
161 224
11 188
10 34
9 115
40 95
11 41
155 181
17 57
23 104
13 245
5 247
134 241
193 230
75 220
52 205
202 248
76 168
5 230
120 233
87 163
42 231
14 214
98 102
172 242
19 224
100 167
53 80
195 201
27 57
19 47
137 236
58 233
3 109
14 49
1 189
17 176
48 52
21 142
10 23
154 232
108 166
29 233
26 97
113 187
95 145
11 165
107 239
23 111
3 86
47 164
89 165
134 138
207 216
44 164
143 153
53 74
149 170
52 193
29 186
26 60
85 189
150 232
19 44
22 115
64 154
191 212
23 112
84 194
28 113
194 216
79 241
66 211
0 14
28 208
14 125
83 150
44 130
94 201
187 243
90 92
83 182
193 196
36 78
5 232
22 159
118 210
198 199
166 211
155 242
79 248
139 213
191 228
60 61
58 135
146 212
177 220
81 176
151 184
69 84
131 195
105 189
92 191
70 195
153 247
113 168
65 231
37 121
8 189
198 248
71 120
134 157
187 191
20 96
58 161
76 159
106 113
230 243
172 175
0 175
12 234
196 222
72 164
4 201
84 229
4 126
68 173
30 195
174 212
4 43
35 213
122 226
12 53
6 21
15 203
38 204
139 247
7 214
60 227
56 203
65 173
74 100
15 38
96 143
62 94
32 127
87 102
151 200
100 105
97 244
16 43
117 189
73 217
66 157
107 237
111 144
3 133
2 119
213 221
36 191
99 107
94 220
36 228
185 213
35 175
170 235
20 245
148 154
152 230
38 196
105 172
85 120
15 60
99 184
159 213
195 196
35 245
139 231
156 221
82 237
142 234
13 68
120 151
1 204
94 166
57 69
57 142
214 247
122 192
134 158
86 127
176 223
35 141
64 157
98 180
55 69
106 158
69 134
37 109
48 232
148 179
94 150
108 170
35 234
47 183
101 143
65 233
91 237
55 114
159 192
54 158
53 229
138 228
192 238
55 62
10 206
53 119
196 241
124 214
73 130
25 184
30 77
43 217
1 225
88 113
77 115
18 132
44 134
95 187
51 90
122 139
11 96
16 76
9 199
137 161
18 116
89 122
94 134
39 207
186 200
50 123
29 102
69 223
54 75
29 85
206 236
34 170
108 225
63 86
19 119
18 27
56 236
16 141
155 246
78 144
60 142
23 239
152 206
71 150
184 208
123 144
146 183
49 78
185 235
93 216
123 157
48 235
7 224
136 206
10 242
77 91
119 182
85 188
16 18
16 17
127 188
36 201
30 40
19 192
172 191
2 238
173 230
50 66
32 137
22 205
34 110
148 188
43 229
22 154
137 238
76 93
24 137
94 99
66 125
113 123
171 206
75 148
47 97
19 208
194 236
64 180
84 232
181 187
26 46
198 243
33 80
90 125
67 124
109 213
161 205
14 27
2 88
111 224
10 225
6 199
123 202
73 214
138 208
72 220
173 214
178 244
77 123
64 111
114 165
18 34
146 169
31 182
11 78
59 69
185 239
0 218
7 139
163 194
125 219
7 61
29 100
1 219
160 204
0 49
62 158
98 120
135 214
23 218
164 183
13 230
133 182
48 94
56 139
49 174
11 110
75 224
169 194
240 246
82 220
180 230
12 198
221 244
95 111
174 220
129 236
13 181
154 241
11 67
134 137
187 190
159 200
23 209
23 175
150 182
134 181
42 208
99 131
162 186
202 229
74 148
107 235
75 102
113 240
102 142
75 215
144 177
4 102
66 115
9 17
177 189
85 239
3 246
105 215
19 63
151 239
89 148
73 162
1 148
127 163
59 172
168 238
164 165
10 103
24 232
49 119
119 200
66 150
38 210
154 156
175 225
221 245
135 137
149 234
90 174
37 65
2 133
67 146
23 63
29 193
96 243
8 78
88 202
114 219
77 138
16 241
115 147
41 111
23 224
97 220
50 177
224 232
85 134
142 223
119 150
113 200
64 118
27 177
19 180
114 247
85 160
30 65
73 121
52 140
10 146
73 80
12 47
10 12
169 231
169 218
128 231
4 107
141 157
84 164
129 227
25 127
98 158
57 78
3 142
24 132
43 224
26 137
11 34
110 188
88 98
193 221
92 113
24 248
181 219
70 207
171 247
154 193
24 72
4 176
1 243
177 194
21 126
66 97
156 191
109 137
200 220
66 129
3 93
70 145
17 121
8 42
18 162
56 169
21 223
88 96
25 228
33 52
85 89
2 108
107 200
50 232
22 100
86 189
107 234
45 197
8 219
147 193
127 133
44 52
34 148
151 159
92 135
129 247
6 17
101 197
85 246
82 156
57 116
77 78
88 176
20 26
154 224
108 183
43 203
110 207
167 174
186 229
87 201
25 240
55 133
141 202
34 128
148 220
81 195
6 88
37 240
3 37
62 245
75 163
118 214
49 97
29 218
164 203
118 220
23 31
94 95
8 133
138 245
39 226
8 84
23 60
50 181
44 137
131 189
28 121
101 131
52 68
106 181
137 178
130 181
111 199
60 116
15 142
11 68
169 191
83 211
14 39
141 159
13 59
68 157
99 125
82 247
117 217
83 136
96 223
52 218
14 78
47 213
64 68
54 81
131 174
27 28
69 94
188 244
7 241
35 84
110 193
112 248
51 121
22 65
113 175
68 193
20 161
28 164
39 91
199 200
130 194
16 81
52 211
209 214
34 80
78 121
25 173
58 203
134 243
177 205
87 244
94 189
85 170
36 229
107 132
46 136
92 223
167 237
59 199
95 242
63 68
125 141
31 144
25 164
64 117
168 247
143 152
197 222
211 230
25 58
136 221
4 222
67 191
0 3
133 160
196 217
166 238
45 246
122 227
68 226
74 121
45 79
40 133
5 248
12 64
173 196
52 208
45 150
12 208
221 233
155 213
58 196
49 165
114 196
44 153
26 234
122 162
50 105
26 216
9 178
76 235
144 185
66 103
108 191
55 136
62 90
102 108
104 188
111 223
75 134
11 171
131 147
12 196
76 132
66 198
9 29
58 143
195 238
161 216
50 191
148 221
169 177
80 142
17 110
25 166
60 96
75 132
50 246
63 199
182 198
24 81
127 153
72 210
207 224
21 49
53 213
153 229
59 245
37 99
66 68
28 34
7 143
22 193
121 205
27 147
81 135
95 171
10 197
121 168
45 217
147 171
39 218
83 108
1 81
66 92
73 202
1 53
46 121
109 117
105 174
7 127
200 202
52 192
80 247
73 117
70 91
35 158
133 216
160 190
123 159
134 220
42 88
35 119
44 139
171 193
49 68
16 40
56 244
84 195
91 199
33 129
95 235
67 148
48 202
167 181
130 177
4 160
199 241
136 198
181 192
10 179
62 168
207 225
113 217
103 187
6 210
38 236
15 24
69 222
5 196
113 174
164 213
26 157
27 103
80 223
158 222
101 154
34 92
41 183
33 120
74 153
90 127
7 181
0 239
193 211
116 121
53 235
8 169
79 228
160 228
47 70
14 166
70 121
54 192
106 159
16 62
91 246
75 188
149 181
21 192
179 211
42 52
33 130
169 207
1 114
72 75
137 175
21 136
31 229
76 225
0 139
18 157
85 141
85 185
83 101
22 95
220 223
25 224
28 202
194 232
96 109
0 244
11 217
114 139
30 41
30 86
79 189
4 63
123 195
198 233
45 220
9 138
164 235
176 228
122 240
70 112
236 244
169 247
230 248
19 191
132 146
153 186
101 214
25 89
203 237
149 171
128 237
4 175
65 140
109 147
73 248
162 182
149 192
64 128
6 169
21 209
172 195
132 160
174 185
152 224
75 135
62 201
125 136
83 166
79 204
1 165
0 129
69 240
36 96
160 238
40 126
125 162
81 189
203 223
185 209
22 140
63 172
5 165
47 140
122 179
22 175
109 170
159 196
1 172
84 188
54 199
101 246
86 193
76 139
49 201
43 146
32 129
56 138
190 196
143 147
219 234
55 86
60 143
7 161
82 178
79 184
4 58
141 184
185 231
87 197
83 90
23 150
55 65
187 213
119 169
92 235
37 93
204 214
34 241
75 173
44 200
127 169
100 141
38 91
99 197
98 175
115 189
136 243
8 71
82 229
81 184
114 197
168 248
180 239
159 205
61 94
49 128
49 248
37 198
147 191
114 241
26 54
168 242
92 156
12 65
36 170
5 17
85 211
35 240
56 194
213 245
25 67
181 186
167 211
41 138
12 32
119 186
190 209
53 112
22 85
29 200
20 25
114 150
74 162
125 210
137 188
142 178
35 228
15 204
127 192
15 133
98 111
90 109
178 194
115 187
184 210
93 227
75 238
16 188
102 117
59 162
11 227
98 186
48 79
19 65
150 231
14 106
24 199
173 221
118 171
93 185
37 205
41 162
171 229
152 222
2 4
38 235
117 215
80 81
35 187
134 192
119 234
88 237
48 101
59 92
49 93
16 142
43 181
59 130
7 233
36 178
122 190
173 216
55 184
140 233
39 140
109 156
165 228
43 205
106 192
30 163
71 81
67 111
21 247
178 241
75 168
63 243
136 142
68 123
42 134
63 230
46 66
78 139
165 185
46 79
46 214
158 248
43 53
11 108
140 223
19 97
1 118
96 120
23 46
105 130
145 158
100 164
157 248
85 206
116 163
149 200
10 102
53 77
47 107
72 147
172 232
7 91
91 245
129 185
17 134
28 40
168 219
100 189
105 185
17 174
25 132
13 104
55 109
115 238
161 192
51 182
51 173
208 242
42 246
156 230
27 29
165 174
176 212
20 174
90 239
45 101
121 213
33 224
72 80
38 99
18 90
22 155
36 192
95 149
84 219
51 125
181 195
127 241
66 185
24 25
52 242
2 19
33 167
225 237
45 199
100 196
172 204
65 97
0 151
1 40
46 96
128 197
65 238
163 200
184 246
100 150
105 233
40 207
0 237
203 216
50 144
123 194
37 67
44 94
141 174
23 177
34 167
82 240
178 183
63 105
31 99
73 143
68 189
38 71
31 189
105 231
178 218
131 237
125 189
13 155
199 230
40 85
73 92
28 204
42 196
23 49
6 230
148 207
100 121
38 198
239 247
187 240
180 246
41 155
203 209
70 129
88 181
7 118
18 107
122 181
160 219
72 94
95 143
19 124
14 146
38 146
155 248
15 186
97 226
85 191
166 213
39 124
83 153
0 33
104 181
108 153
51 217
86 216
17 62
71 163
143 182
42 47
213 222
82 191
114 193
38 227
88 231
31 83
59 214
182 239
28 200
48 139
41 242
34 194
83 222
113 131
122 177
191 244
21 145
26 116
15 201
18 147
28 64
155 158
80 173
29 165
124 140
29 84
31 186
93 105
51 205
140 151
69 146
72 133
62 198
27 209
25 226
31 90
106 189
65 223
94 133
43 193
57 168
53 88
132 151
3 194
9 86
111 125
99 208
9 247
173 240
135 151
23 178
164 177
217 236
44 111
127 212
50 115
20 87
53 55
42 206
63 171
51 155
173 177
68 177
24 38
127 151
26 67
100 170
63 168
77 242
58 111
59 116
222 238
1 23
74 83
42 101
1 101
140 246
159 193
15 138
12 60
85 236
155 218
98 185
72 209
23 229
54 175
45 161
228 240
119 129
179 193
111 204
106 140
146 203
188 218
68 133
95 99
15 195
211 226
45 55
12 89
32 155
26 128
82 183
198 226
67 162
145 228
101 189
161 166
97 134
11 38
133 164
186 191
90 121
70 71
48 240
220 237
165 245
9 228
44 220
2 64
129 177
159 207
104 159
2 242
47 198
89 163
4 138
23 53
101 103
78 240
61 154
147 220
53 96
79 97
123 169
50 92
55 95
184 241
120 199
0 127
14 36
35 60
79 80
169 233
4 74
0 164
18 170
68 165
30 218
130 195
83 199
97 242
207 236
174 241
76 105
188 189
46 84
4 153
69 132
86 98
176 234
115 142
60 141
4 13
115 164
149 214
9 89
12 115
175 223
76 213
78 146
84 165
167 230
67 133
152 201
180 224
218 231
118 246
51 206
5 103
166 190
161 165
33 201
13 185
38 241
147 247
169 176
29 231
189 191
53 62
142 203
60 157
52 168
174 182
56 183
21 232
123 124
69 103
47 90
55 76
134 161
6 96
96 177
195 246
124 152
165 209
208 239
118 129
40 57
41 91
178 205
11 204
96 234
45 143
145 164
34 124
182 197
121 166
8 198
185 192
15 167
11 113
18 174
80 215
74 142
54 164
45 160
10 170
10 68
222 225
90 235
151 232
92 120
0 195
178 192
211 248
74 221
118 196
27 76
42 245
152 236
50 155
77 169
142 165
24 146
163 191
45 201
198 214
110 197
62 177
27 188
34 69
89 130
16 82
117 157
10 160
118 178
12 194
115 215
154 191
20 140
125 211
226 234
136 200
30 185
24 91
62 147
12 209
145 214
122 199
99 113
59 114
58 91
177 196
114 184
160 245
105 226
1 92
56 142
1 60
136 215
118 222
142 236
173 232
12 200
24 106
50 140
60 92
52 134
12 244
27 68
23 247
36 160
94 190
126 223
11 219
0 52
129 165
181 203
226 236
8 197
110 164
115 166
111 157
151 199
180 204
67 221
103 224
124 224
104 192
60 117
67 168
58 63
178 185
60 188
128 132
88 198
151 220
14 204
14 222
74 150
90 114
87 200
93 152
80 217
109 158
4 239
144 216
76 87
77 116
67 218
186 203
78 141
132 232
17 237
120 171
3 234
192 216
54 92
27 160
114 149
151 170
110 117
37 84
19 188
202 238
64 119
34 187
74 102
60 159
170 247
7 147
48 123
180 222
116 241
59 65
83 140
124 244
17 143
173 223
40 145
98 152
84 189
165 213
65 213
33 187
63 165
110 126
10 229
7 66
152 193
12 237
167 219
79 87
150 223
19 46
180 220
11 25
140 184
79 238
51 116
123 224
76 161
96 106
43 70
110 224
117 172
88 111
10 119
27 63
57 186
114 143
73 123
25 143
0 102
134 166
173 236
212 225
164 187
11 189
222 243
39 183
112 145
82 239
108 186
65 103
3 32
102 139
122 170
96 169
29 199
85 117
177 198
86 100
55 148
91 189
95 247
62 139
166 202
30 88
21 163
183 195
8 148
82 184
75 201
89 125
15 112
124 163
83 98
16 205
134 216
87 180
38 197
39 193
103 153
93 144
199 214
72 151
48 62
83 123
56 75
26 223
122 216
84 86
12 180
114 142
116 243
50 130
129 244
199 245
30 126
48 173
188 215
97 175
35 140
79 242
73 183
163 237
114 172
61 170
144 172
34 131
164 174
180 193
49 130
44 244
76 95
16 133
221 242
138 227
11 214
139 201
48 98
28 91
62 206
33 168
217 234
46 183
72 212
151 155
66 210
33 108
119 198
134 189
107 224
32 241
61 108
78 85
50 213
21 216
170 212
91 192
75 196
17 229
133 138
187 210
4 218
102 171
86 95
79 233
123 131
135 166
147 167
102 200
59 218
122 137
118 194
78 175
28 217
42 234
55 149
37 153
15 207
45 113
100 115
81 99
68 186
145 235
109 206
39 43
153 234
49 235
58 200
56 228
31 148
102 110
88 101
78 158
35 37
171 230
60 77
75 174
32 159
195 235
7 57
23 231
13 71
39 147
80 202
24 86
57 136
73 192
117 229
232 239
188 211
94 127
24 50
30 111
91 103
12 99
106 185
223 242
109 245
105 114
8 92
91 92
108 173
21 102
96 208
84 101
24 60
197 221
115 232
182 210
239 248
31 77
136 145
30 31
13 189
67 227
152 172
87 127
111 173
49 196
146 221
59 89
7 82
65 247
56 210
126 179
48 157
181 224
61 188
156 169
78 220
209 232
94 178
23 151
9 71
158 159
85 127
29 52
47 192
211 242
103 182
72 78
69 71
13 48
47 144
51 105
8 136
156 171
148 208
30 56
51 191
151 233
77 163
14 45
47 125
122 172
38 158
58 193
42 95
89 196
40 224
44 113
205 214
227 241
129 240
137 198
0 45
86 172
79 86
70 185
99 135
18 100
117 127
171 212
84 233
107 128
44 216
12 187
89 175
66 240
110 136
39 202
154 155
130 150
98 166
68 154
65 226
38 156
109 160
0 117
25 135
70 96
68 124
27 36
58 84
43 89
102 240
35 194
198 247
72 214
21 123
11 58
64 133
86 104
43 166
11 14
77 167
16 201
4 184
192 198
25 235
25 177
53 183
92 174
54 230
139 172
151 197
4 219
0 202
6 132
113 224
57 83
22 93
15 105
94 237
117 201
58 189
22 151
101 217
219 229
2 202
83 142
70 169
86 247
15 246
209 246
118 126
73 150
17 103
8 112
40 166
99 149
43 128
83 157
130 138
165 247
65 203
127 176
93 96
24 217
79 144
4 129
63 178
136 235
79 202
158 183
154 196
159 181
43 47
142 163
27 38
41 142
136 195
86 143
211 237
13 52
130 139
183 199
122 138
29 185
151 198
192 206
19 66
99 189
169 235
40 113
125 182
157 185
14 202
5 24
155 177
76 113
72 121
200 211
1 157
70 224
21 82
9 197
90 117
111 210
102 233
111 143
91 94
75 187
106 108
31 199
55 115
83 151
198 209
185 237
179 203
80 199
54 96
0 81
46 76
182 220
127 221
96 107
41 123
120 231
63 201
106 126
60 173
132 221
107 206
51 59
72 172
6 195
106 109
84 228
12 93
5 221
64 109
65 195
202 215
22 210
56 214
41 207
23 62
107 245
87 168
22 229
166 206
64 130
71 231
62 169
95 199
33 111
131 220
104 175
18 125
0 126
45 46
0 243
132 204
65 134
209 226
144 149
9 246
114 145
98 182
19 164
86 110
155 188
118 201
166 192
141 232
75 181
48 190
157 228
110 123
37 128
14 233
109 189
114 167
18 161
230 241
235 244
6 163
129 239
16 223
19 53
53 59
172 193
137 196
98 231
101 130
118 144
118 227
62 98
22 216
96 105
28 42
10 79
118 124
44 159
59 179
126 145
107 120
9 81
189 238
44 150
8 238
96 167
47 163
32 186
225 231
0 29
207 231
86 160
32 92
98 167
40 64
47 72
65 209
46 61
95 209
105 212
119 140
64 233
0 78
65 217
45 103
168 231
167 243
32 218
47 106
213 228
75 170
42 215
36 210
31 139
66 142
144 212
150 197
92 93
42 99
114 176
59 149
103 217
36 215
69 120
169 170
42 114
110 180
79 84
91 219
119 168
43 234
198 205
98 109
158 169
187 226
45 87
73 86
1 20
9 55
161 190
34 230
110 227
91 129
128 170
232 238
137 197
158 227
35 92
41 172
50 161
137 139
13 115
71 115
53 233
159 162
86 167
12 86
122 210
114 151
147 198
78 171
92 164
200 225
211 216
10 140
23 245
148 216
61 62
87 204
135 202
198 224
16 51
209 230
99 222
19 59
199 225
8 139
132 190
55 246
41 116
83 115
51 112
7 191
104 242
47 229
196 245
158 220
90 210
75 229
141 182
199 236
17 123
78 119
9 144
59 232
64 72
22 25
20 48
16 165
74 245
131 148
167 203
67 235
87 116
176 216
27 83
110 198
97 231
74 160
88 201
122 228
4 29
86 126
13 241
45 108
27 161
70 196
83 235
89 146
101 227
42 162
65 115
21 53
67 197
144 240
90 233
225 234
133 228
113 116
78 199
20 218
128 192
4 196
20 221
32 232
17 215
27 142
15 234
71 184
20 108
28 144
58 167
110 177
128 227
20 216
201 204
31 106
149 216
16 112
2 129
23 182
17 71
136 191
144 175
102 106
138 148
29 140
130 159
28 96
21 93
6 235
77 234
191 200
27 224
126 163
41 104
110 158
39 89
202 241
219 224
34 119
40 81
22 143
184 190
14 94
39 105
76 240
10 246
106 222
95 203
44 135
1 231
132 201
160 192
98 197
199 205
0 109
118 140
89 161
24 138
16 179
117 140
5 245
70 97
78 123
131 146
168 192
121 171
76 88
4 67
110 113
175 215
161 172
98 200
64 89
1 139
180 213
112 149
79 114
156 228
55 60
81 95
68 93
22 117
84 190
224 228
49 136
25 201
130 174
162 244
32 79
200 222
9 27
77 179
155 199
72 120
42 58
147 203
158 217
52 195
112 115
125 168
154 242
17 175
23 26
79 118
12 221
75 226
90 187
141 152
191 199
80 162
89 246
79 213
210 236
131 156
148 175
189 243
9 79
30 193
147 154
33 69
161 167
62 73
220 226
95 109
8 215
39 130
66 193
162 210
125 209
2 191
18 212
221 225
6 154
52 180
79 182
24 191
35 154
15 61
229 240
58 87
59 99
89 184
39 206
235 247
166 219
93 209
7 162
87 151
37 79
7 169
35 246
160 244
104 134
8 55
195 217
91 137
151 177
123 160
21 89
23 172
130 197
117 177
56 79
123 226
84 138
103 142
201 226
16 221
70 144
113 120
88 159
170 242
41 160
43 170
127 222
33 38
63 222
158 178
57 236
114 118
4 125
241 245
27 48
49 203
167 192
88 165
53 248
48 176
103 244
81 165
100 180
193 204
15 20
215 232
10 239
141 223
8 95
123 191
58 157
147 186
103 197
182 230
107 151
98 107
12 58
87 122
31 121
54 226
136 236
29 149
85 142
36 222
64 198
153 160
116 227
55 221
178 229
27 50
107 176
63 152
32 66
11 63
84 185
47 101
6 107
161 242
139 188
190 206
19 206
2 153
145 157
2 17
191 225
195 234
39 237
83 187
6 208
45 237
101 199
25 122
39 244
21 105
11 173
119 224
7 44
46 207
127 183
67 107
181 216
40 212
155 209
109 214
54 218
22 58
83 121
39 111
100 211
38 75
177 185
44 206
148 159
147 149
109 138
55 233
49 155
155 204
48 138
24 164
3 112
126 207
60 225
2 22
14 216
108 151
175 199
49 192
20 141
7 51
123 150
130 164
73 173
209 242
116 195
82 138
28 60
227 228
171 182
217 223
105 135
34 157
50 150
87 241
77 191
69 211
136 162
66 243
104 182
48 245
90 123
75 121
30 237
27 151
187 236
70 234
18 58
23 223
21 47
94 242
79 81
56 189
112 200
113 231
140 199
8 93
2 196
86 178
2 103
13 90
119 126
145 205
162 169
83 232
27 232
82 152
51 230
38 61
68 97
130 192
62 190
110 155
12 105
86 196
87 217
45 112
119 124
91 218
123 175
67 115
68 82
46 240
55 240
52 114
179 238
37 39
137 143
63 85
7 63
229 236
74 185
51 134
13 210
23 80
5 223
21 55
16 164
107 230
133 150
105 196
31 88
43 186
49 125
36 60
104 191
36 37
97 104
4 19
18 80
25 128
143 239
73 136
41 47
78 93
10 61
61 206
76 122
83 162
108 164
45 141
14 141
14 115
74 210
19 153
167 194
197 225
84 100
120 185
102 123
132 141
24 76
68 215
45 115
127 186
220 243
19 154
107 134
62 69
115 159
25 61
41 74
134 186
143 160
190 224
7 170
42 126
71 111
153 236
67 233
126 198
34 234
37 227
71 198
53 108
162 191
146 210
50 169
84 107
17 209
54 99
1 222
131 197
153 168
47 181
193 229
115 213
229 241
73 239
94 231
177 208
43 78
28 101
229 230
45 135
51 143
20 156
4 85
45 128
7 144
128 238
151 193
122 143
45 164
77 185
117 159
71 211
161 191
124 226
54 153
67 160
16 244
195 209
13 234
43 73
92 202
60 220
127 185
42 146
167 220
206 212
151 178
51 150
6 193
95 217
10 101
101 241
84 215
16 117
8 82
72 196
100 157
142 147
33 248
57 77
97 237
10 116
154 234
183 228
70 213
68 88
46 237
143 169
145 233
3 81
133 166
119 202
129 179
119 217
12 178
63 182
91 203
25 246
29 245
231 240
120 159
1 151
42 124
27 212
50 81
32 235
55 110
13 22
42 173
109 191
168 237
35 168
8 213
135 238
127 232
19 135
149 182
46 144
8 54
19 39
119 236
36 163
116 146
63 246
140 210
30 43
214 232
34 160
22 118
44 235
171 211
169 210
196 220
80 203
15 184
166 193
90 161
116 133
19 41
20 171
31 71
38 56
98 164
192 243
194 235
26 53
110 143
124 220
3 168
95 188
65 75
7 115
101 121
37 166
174 228
173 207
200 241
61 71
35 236
96 123
40 146
22 121
37 61
44 187
49 80
151 247
162 217
148 157
45 166
124 192
129 217
56 204
32 169
206 226
92 139
90 103
78 163
111 134
5 39
18 177
25 85
58 159
28 31
25 39
35 81
12 199
53 163
145 178
69 155
37 220
24 128
134 176
69 81
97 239
109 227
131 180
48 118
206 221
129 137
155 234
126 201
185 245
133 232
196 228
39 69
111 207
169 239
106 197
94 110
36 110
41 152
3 211
124 229
100 128
96 142
108 125
162 190
215 221
4 93
74 145
100 130
61 200
51 92
119 156
87 139
36 197
142 237
49 140
113 190
53 91
87 149
100 183
57 161
48 165
94 177
15 68
16 178
127 194
13 248
127 217
212 223
0 40
116 175
4 70
185 187
145 153
106 118
92 115
111 246
213 214
69 191
26 187
30 170
146 220
109 234
27 111
48 137
213 225
36 80
14 237
149 183
106 205
4 53
192 197
112 214
42 106
102 155
91 231
19 163
77 127
184 227
35 180
120 196
194 228
118 240
167 247
58 221
1 227
67 244
78 177
33 165
179 207
0 39
108 185
148 238
15 247
88 100
6 74
64 175
99 141
33 246
99 122
15 65
0 16
25 76
176 208
133 229
117 205
30 159
52 62
80 204
128 144
20 107
13 152
142 224
9 84
151 203
211 221
5 228
77 90
61 168
43 69
191 218
66 176
20 239
13 75
123 186
84 163
181 230
179 230
12 165
79 160
57 94
121 150
28 187
51 221
94 135
193 246
16 245
56 88
71 125
137 172
144 232
202 209
126 214
28 56
25 96
160 174
125 161
157 217
100 156
133 178
89 167
193 245
33 78
68 178
11 65
6 41
65 188
196 219
79 122
84 108
18 71
146 150
17 28
29 79
8 158
148 192
176 203
86 140
195 236
17 180
77 141
31 245
121 219
179 227
63 102
85 110
10 65
77 122
80 122
36 70
6 14
57 67
104 145
122 207
131 199
100 207
218 244
134 151
152 248
151 183
148 155
136 189
110 111
5 70
98 160
70 222
54 69
117 152
109 148
55 160
31 45
106 245
45 244
45 61
76 224
51 223
120 167
1 179
55 225
9 12
60 102
129 195
36 122
98 161
179 192
33 159
94 145
40 139
64 217
195 212
120 216
10 248
47 108
31 49
64 194
200 217
83 89
63 111
6 171
121 191
53 71
25 197
242 244
18 240
107 209
87 88
89 235
4 161
39 215
83 247
52 129
155 216
104 180
64 181
212 220
70 90
132 237
93 192
33 222
132 245
8 221
54 209
134 173
15 117
29 61
66 248
22 187
67 86
123 232
91 224
170 192
144 145
35 170
96 211
66 82
1 185
54 236
222 231
126 146
5 31
52 247
120 175
40 219
26 163
32 209
1 121
174 239
231 239
92 157
122 163
158 203
141 224
86 244
67 193
14 240
130 217
176 190
12 161
81 220
149 196
106 160
9 54
79 187
56 112
213 216
2 137
111 228
0 42
94 236
94 179
70 183
7 52
184 202
67 109
35 230
176 233
35 147
229 235
131 219
50 53
93 245
13 178
138 196
165 217
58 68
68 219
37 241
63 89
104 193
93 226
125 134
3 161
137 171
192 241
49 117
80 114
58 237
0 41
60 83
202 233
144 241
80 190
143 235
144 198
104 199
136 242
151 196
29 241
35 118
112 160
79 169
53 150
110 135
15 245
58 61
39 170
28 237
42 123
69 83
54 169
140 215
72 206
110 144
91 127
113 209
56 242
83 244
48 215
3 182
107 181
77 194
20 238
42 174
150 241
127 195
30 121
161 176
166 248
161 197
86 144
120 215
45 235
82 241
18 23
116 237
54 130
125 231
25 200
17 247
53 191
28 77
95 129
181 207
73 112
27 79
93 101
180 191
183 189
171 194
168 225
31 87
1 32
89 181
40 119
115 210
33 217
97 178
51 122
6 37
207 248
4 215
79 151
11 103
49 103
117 176
65 87
99 157
0 96
129 147
189 234
48 89
175 243
79 177
20 146
102 242
6 46
14 209
126 159
176 213
22 201
100 135
52 142
124 239
25 208
110 166
70 211
13 84
139 241
105 204
55 111
68 140
45 131
64 79
71 173
82 218
200 242
24 176
28 123
76 131
0 31
63 134
18 197
239 242
212 235
159 188
139 240
2 118
38 173
235 238
79 220
165 167
26 65
128 141
81 240
55 161
9 96
2 212
36 145
0 187
195 231
8 228
24 229
114 185
68 76
84 236
84 208
32 104
66 95
107 231
5 15
69 182
81 224
63 175
60 207
131 203
108 196
92 121
76 90
99 124
55 169
79 175
40 73
62 80
112 179
24 115
144 157
17 70
95 164
9 68
49 67
57 162
123 211
4 198
103 147
14 227
15 130
221 248
35 136
70 119
78 208
187 222
94 130
53 232
46 133
37 124
108 219
71 194
68 89
188 239
109 204
165 235
39 50
50 75
20 71
12 206
156 212
114 146
58 147
78 183
29 62
39 76
149 162
166 210
50 94
163 232
44 148
126 164
122 166
26 142
123 132
112 128
20 88
62 207
30 135
27 196
20 225
90 208
93 115
168 174
13 237
100 117
58 83
136 149
39 134
61 241
5 126
42 168
45 147
34 218
91 227
49 54
44 196
35 62
83 202
44 152
140 148
120 179
184 189
177 242
24 102
87 224
145 244
26 118
63 183
66 175
193 248
142 156
22 34
28 228
78 162
151 201
3 34
90 203
91 185
94 204
14 183
48 189
11 15
170 203
60 187
41 174
157 189
42 222
84 152
26 176
191 193
74 101
130 212
121 180
30 246
66 188
149 247
173 186
36 234
41 102
138 247
141 158
72 97
124 183
47 202
22 231
39 115
103 124
138 156
37 197
121 241
0 63
143 227
143 233
99 219
40 245
30 96
192 193
130 170
20 164
91 248
118 219
169 232
94 164
89 164
90 188
11 213
113 244
129 186
60 171
32 138
5 243
125 242
108 169
3 49
45 171
69 245
28 185
24 87
0 43
6 53
22 42
38 188
57 118
83 85
69 89
156 170
31 92
67 127
57 143
55 93
30 100
11 26
25 157
101 188
150 178
84 91
94 111
5 242
94 104
47 52
143 159
176 243
217 228
74 161
4 80
34 84
39 54
10 69
162 181
54 208
11 66
66 111
41 234
8 168
64 131
120 161
69 171
85 204
98 240
37 223
226 244
41 243
96 168
47 219
137 237
3 19
19 75
89 156
57 66
52 227
42 138
25 180
76 212
151 154
26 235
34 152
196 243
55 90
65 136
132 248
102 213
29 170
144 186
195 199
112 183
64 96
42 226
46 50
166 221
167 228
91 104
119 245
16 184
68 190
140 217
9 108
42 102
76 176
179 234
66 99
50 65
76 100
22 200
26 123
10 195
67 229
104 108
121 212
27 214
2 130
57 245
33 181
22 145
47 201
68 184
163 234
10 66
2 179
123 215
9 143
21 118
229 232
115 149
159 201
127 209
105 192
34 91
17 177
120 146
80 225
159 166
209 239
147 245
69 109
139 221
103 120
42 221
87 194
4 132
47 134
57 82
28 135
73 236
18 181
95 116
66 72
104 127
82 192
118 241
83 117
53 203
94 117
17 92
131 188
11 232
172 178
85 227
11 169
174 180
97 143
28 80
0 97
68 129
50 163
119 194
236 245
62 228
85 180
19 118
153 218
131 135
16 170
17 242
73 96
9 20
1 129
37 226
149 163
26 138
152 232
57 216
43 113
38 123
183 211
193 215
145 193
14 102
24 67
187 196
115 178
64 71
40 185
36 188
75 109
68 170
43 107
4 221
159 247
35 106
116 139
28 227
27 45
204 205
94 103
36 117
12 76
113 160
227 236
57 70
10 162
89 199
185 190
33 116
50 134
12 193
39 97
182 184
66 119
76 86
132 208
0 44
21 76
125 221
28 93
40 205
9 107
34 231
131 161
32 170
51 178
154 243
137 169
128 187
19 198
37 235
140 242
53 220
169 206
3 188
98 163
107 153
26 98
97 188
152 174
22 73
42 92
228 230
107 216
112 203
107 160
124 168
49 74
201 245
207 237
139 178
65 180
141 149
76 108
119 180
59 239
149 169
180 189
164 200
162 212
2 176
140 192
194 197
134 144
41 96
43 178
61 201
15 115
49 90
18 62
154 239
149 245
4 158
134 235
65 138
160 197
70 88
52 87
49 167
5 241
125 241
8 241
182 241
78 188
155 235
145 243
60 192
15 159
109 248
0 155
141 198
64 167
117 185
44 87
87 133
67 120
65 218
27 70
25 33
123 231
116 230
58 99
33 49
62 151
26 228
207 246
29 35
85 208
13 169
11 55
28 215
211 236
112 165
166 177
74 85
13 187
94 119
24 167
118 123
9 232
9 21
47 78
56 245
57 62
8 166
96 230
92 153
157 182
198 216
187 194
88 108
42 59
126 169
32 189
74 133
46 210
107 108
2 135
128 230
81 150
85 175
83 160
138 180
190 197
33 212
208 222
143 185
60 172
222 235
141 164
50 127
29 139
23 125
142 162
80 171
25 170
114 214
170 186
61 171
47 117
18 243
203 204
134 145
79 192
127 173
78 197
124 171
28 170
95 197
33 117
88 115
131 186
68 155
123 237
186 213
141 193
56 162
7 225
205 212
67 216
131 178
47 53
53 114
147 227
59 215
67 68
3 23
164 233
55 218
75 87
61 203
76 125
21 240
20 47
39 81
90 167
62 246
190 199
119 212
171 213
71 242
74 204
55 195
98 117
85 199
175 194
167 229
8 105
222 247
95 204
55 131
43 225
159 185
55 150
35 103
41 219
11 54
7 237
10 223
181 184
134 209
66 206
92 240
195 229
133 209
13 202
104 243
61 194
95 246
172 203
14 133
102 218
80 146
121 176
179 218
3 8
165 200
10 153
53 103
103 201
34 38
89 227
20 77
16 187
182 208
5 210
43 130
64 144
57 117
8 141
39 160
38 208
9 60
12 19
37 199
149 168
45 234
90 145
125 149
114 130
12 45
24 68
5 61
53 70
203 228
101 119
17 185
119 190
33 180
200 224
7 226
205 226
11 126
76 102
146 197
27 110
116 216
156 163
1 63
12 29
32 215
61 81
37 164
175 242
126 182
11 175
185 217
46 77
5 125
121 126
52 239
60 93
27 53
236 243
25 78
34 176
107 203
53 243
124 233
152 212
57 164
32 44
179 191
75 86
59 97
134 232
135 218
5 97
33 220
82 214
123 198
20 226
8 22
16 236
117 169
50 93
58 64
146 189
67 80
31 161
173 228
45 142
37 242
182 213
23 199
111 247
160 168
208 224
55 201
43 155
155 224
89 177
163 176
17 40
19 37
164 173
151 172
69 112
11 141
109 233
91 131
99 213
35 112
32 55
7 60
68 201
72 216
25 57
132 243
116 123
46 71
54 77
211 224
109 169
65 86
120 204
43 156
29 213
93 113
17 75
65 229
5 108
66 106
72 148
10 82
16 177
12 15
139 224
180 186
48 188
186 237
13 43
58 107
58 110
141 178
200 214
53 127
26 83
6 233
185 186
26 30
50 137
21 34
21 45
113 204
84 207
133 154
91 188
109 231
35 61
9 116
88 182
79 94
83 172
30 64
33 56
14 243
106 147
120 184
92 181
54 243
106 155
109 130
56 60
12 22
181 208
45 185
57 74
86 234
99 109
137 150
6 138
32 51
16 29
101 136
195 239
91 184
86 181
110 148
184 213
47 116
32 37
132 242
75 120
86 125
225 228
142 211
25 168
118 174
61 211
80 106
4 112
40 231
102 131
180 205
49 91
37 120
201 224
207 213
186 240
46 85
13 62
150 199
32 56
26 246
142 243
76 230
148 161
6 237
46 141
104 142
97 169
112 124
38 103
45 179
142 213
188 216
140 245
5 146
43 83
210 235
0 173
50 116
157 173
127 207
78 222
128 195
60 193
27 116
46 212
189 239
87 140
106 168
43 201
218 237
17 64
40 202
94 232
4 225
111 124
119 131
118 132
51 141
71 195
80 210
76 118
138 221
130 136
65 128
52 177
13 114
171 191
92 213
137 174
34 88
98 139
39 45
154 181
22 150
54 193
51 237
127 230
112 235
109 179
69 236
151 166
59 131
108 214
150 191
124 232
12 20
119 144
175 221
149 193
195 237
20 95
29 130
62 108
210 227
53 158
141 211
105 198
23 110
18 117
110 244
102 134
76 233
13 214
72 79
169 180
136 144
165 193
124 150
104 153
11 140
6 90
89 214
35 178
86 198
19 21
71 177
89 103
63 149
54 108
102 151
91 214
47 55
192 214
93 130
1 110
25 242
109 120
4 72
63 133
90 183
177 232
188 225
63 73
164 241
32 179
28 30
57 85
210 220
71 178
125 218
99 168
10 142
12 135
107 163
123 243
14 159
61 231
102 238
45 205
2 35
22 88
136 216
16 94
31 153
70 243
106 238
13 129
65 181
147 150
125 225
131 145
100 129
38 59
30 68
155 192
8 131
148 185
23 181
17 189
66 148
16 67
12 148
33 160
71 169
5 101
38 66
124 137
139 230
9 189
5 204
172 213
7 157
149 157
102 112
6 24
63 138
199 224
58 130
14 149
8 188
156 233
91 122
75 232
4 227
11 238
69 189
11 99
113 162
83 214
88 103
97 164
54 219
29 188
23 37
0 128
0 222
228 246
142 159
72 84
4 89
23 47
102 248
60 99
46 216
23 43
27 56
6 229
28 245
198 229
1 248
86 236
123 145
78 238
99 210
3 140
58 98
150 183
35 73
138 165
149 232
109 199
75 244
75 89
190 200
232 248
12 38
36 64
63 71
57 154
118 229
88 191
138 158
0 120
159 242
63 153
128 147
162 227
170 224
20 233
53 173
232 243
106 162
58 174
54 111
99 127
94 218
19 176
97 140
96 199
87 227
34 162
78 229
95 100
74 124
56 196
10 123
98 230
26 152
126 230
130 160
8 224
102 222
175 207
106 227
21 116
199 223
115 167
205 246
106 231
111 216
131 193
167 246
141 156
23 59
77 176
90 225
229 246
24 221
88 215
208 226
17 111
65 88
2 126
30 207
150 210
104 135
152 215
5 139
56 153
129 175
126 172
5 7
49 185
101 237
42 137
40 221
54 120
217 226
114 116
133 234
16 79
43 66
42 89
164 178
68 147
12 121
45 106
149 238
162 214
208 234
117 145
43 246
61 135
108 152
92 102
5 82
26 221
10 163
156 162
37 44
136 156
21 61
123 210
153 203
21 245
106 209
20 35
60 212
100 215
28 65
3 4
218 242
3 83
5 73
14 190
111 141
76 77
31 112
17 39
88 97
85 109
11 49
53 240
178 236
112 192
10 190
3 231
11 115
30 210
101 201
2 97
51 198
174 191
169 245
19 128
50 159
99 170
14 112
37 70
114 170
168 195
9 128
36 93
40 210
24 237
1 140
9 136
202 204
29 171
18 77
178 188
28 157
172 180
85 92
23 192
20 123
28 191
219 239
59 189
59 247
31 100
67 136
142 207
71 229
66 162
185 193
126 245
70 128
89 158
116 199
9 225
21 211
92 175
13 151
150 224
141 168
79 244
27 114
109 247
147 172
139 142
143 218
65 170
106 190
31 213
2 52
76 130
42 72
29 50
76 170
109 236
37 176
117 142
105 119
25 69
28 230
16 56
64 220
100 202
150 220
34 130
124 151
138 175
41 59
43 242
106 186
148 151
201 220
11 52
72 145
130 132
0 183
71 219
66 218
160 239
47 91
100 218
70 163
37 181
44 96
106 212
38 216
12 74
56 180
34 67
98 229
138 164
17 53
92 204
85 124
1 8
58 198
115 233
32 128
102 149
159 238
68 236
139 151
129 187
189 228
53 100
108 246
70 136
102 107
10 178
1 188
62 66
50 151
31 216
161 180
92 188
105 142
68 90
24 179
24 183
189 247
154 245
55 139
96 233
22 188
12 167
39 42
154 173
204 227
15 36
215 231
223 226
105 164
134 185
8 181
75 133
80 153
43 236
13 243
127 134
29 228
157 178
71 117
82 144
89 191
73 184
30 196
129 237
183 184
30 36
202 213
174 229
92 231
29 122
16 19
161 227
19 51
36 148
74 91
127 196
87 192
52 162
158 238
2 79
136 210
10 169
2 11
181 205
100 197
155 244
52 167
35 76
8 123
183 198
33 150
47 126
98 183
135 219
39 48
20 208
47 110
129 143
112 209
43 241
75 178
156 192
202 226
43 144
32 121
101 238
108 115
14 20
20 52
87 190
99 240
77 207
73 158
47 105
65 165
15 192
35 159
144 199
84 198
157 221
49 172
96 155
215 234
221 228
20 70
99 159
32 50
147 179
167 189
86 131
127 181
146 193
55 97
174 194
124 225
65 142
11 28
71 101
134 184
42 129
55 191
22 189
23 48
95 229
42 210
149 180
2 194
73 116
143 238
157 194
216 236
121 195
85 133
112 156
54 150
46 56
2 169
14 147
30 145
154 199
144 160
27 200
125 244
14 23
34 40
127 145
73 84
33 57
83 146
69 154
5 45
109 154
49 189
199 232
135 225
26 66
67 83
55 105
92 186
63 232
43 239
113 228
210 241
206 211
74 93
149 158
188 212
36 221
14 184
115 245
108 179
84 119
22 59
204 207
177 219
187 204
72 168
105 245
51 165
7 79
127 182
51 102
90 110
127 149
1 83
205 228
88 203
50 86
1 39
64 239
2 95
166 247
117 141
4 62
62 176
120 165
41 225
18 74
173 206
132 197
0 245
45 54
73 166
74 130
7 90
161 225
15 175
0 163
74 246
111 163
145 209
41 159
11 69
111 155
26 130
9 66
15 70
71 191
33 193
56 231
120 190
73 151
67 224
55 200
48 209
71 124
188 198
51 85
85 222
95 205
10 244
8 102
166 220
91 242
110 119
118 191
78 135
129 201
97 118
16 248
152 157
107 141
47 168
71 165
1 126
186 197
9 241
1 198
140 169
96 135
119 238
39 106
75 105
82 194
40 128
45 57
46 177
56 226
179 214
21 75
219 244
10 184
32 199
189 209
6 75
128 193
98 221
31 246
45 157
173 235
103 171
104 240
23 235
119 160
112 208
50 139
83 99
76 206
21 224
25 190
7 216
56 99
27 180
159 243
163 187
28 48
101 174
19 148
98 100
141 196
138 152
0 24
88 124
10 189
98 151
120 209
14 200
63 194
37 186
72 105
111 153
38 159
33 154
115 179
105 159
72 211
91 102
84 217
167 176
14 246
79 190
93 213
13 135
69 239
12 127
91 145
116 182
160 226
23 219
27 35
28 118
39 142
76 99
34 168
20 145
141 142
38 95
173 175
223 236
146 185
66 182
189 190
84 114
43 108
50 133
77 129
19 45
13 165
21 134
37 71
38 96
0 220
165 223
66 224
97 117
76 192
122 189
84 97
85 97
93 125
74 167
32 34
6 91
180 225
190 245
120 170
125 199
43 122
60 100
10 77
62 222
184 235
157 167
102 179
31 69
62 85
115 205
117 134
30 108
17 225
4 155
24 90
137 220
127 152
12 80
106 131
167 183
12 169
47 240
0 113
109 232
67 204
67 231
39 72
150 195
81 139
126 180
46 57
2 12
236 246
22 173
61 153
66 171
50 97
76 180
57 219
12 40
68 169
0 135
176 236
36 44
119 178
104 221
160 241
198 215
61 109
56 108
32 63
38 135
83 118
73 148
29 166
24 158
139 223
94 196
4 223
23 72
163 164
101 159
183 202
62 118
49 62
62 112
226 246
36 114
59 146
138 179
72 81
30 94
113 214
152 192
179 216
99 206
61 216
26 180
151 237
17 125
145 221
53 122
55 129
135 184
134 139
181 243
143 237
2 198
95 227
42 156
118 187
174 196
7 174
46 130
72 88
29 138
10 202
2 74
107 161
162 178
90 238
140 149
112 122
88 212
20 104
68 100
31 220
45 91
156 160
52 176
97 120
69 198
151 242
95 234
130 205
42 70
151 208
121 227
91 196
36 56
25 86
105 154
176 235
78 106
211 231
92 232
76 117
92 208
10 182
77 102
30 171
40 55
8 90
172 226
109 195
122 164
92 207
13 56
84 187
12 104
88 152
24 178
23 163
2 82
42 83
58 214
33 102
69 183
38 52
183 239
120 183
209 223
171 218
1 168
156 226
131 136
60 163
145 169
114 162
157 226
86 139
87 154
33 184
85 190
78 225
74 198
148 184
55 220
9 221
117 234
164 220
40 167
66 140
174 217
108 239
52 232
26 171
35 244
163 184
50 146
32 103
46 231
130 237
20 27
95 133
65 108
48 64
207 222
6 99
111 112
24 142
179 220
76 177
155 225
72 134
59 111
161 245
94 144
89 189
142 153
123 212
29 65
140 165
58 97
135 222
90 232
86 192
99 196
161 196
142 157
33 51
80 195
23 40
27 171
84 170
138 215
44 230
50 70
22 178
28 104
23 32
8 85
71 85
51 108
35 198
100 223
49 129
81 245
48 186
99 205
92 187
112 231
3 94
233 244
53 156
48 237
23 115
157 213
171 242
6 174
105 221
76 160
120 136
166 174
132 194
25 93
139 216
148 195
13 176
85 104
88 172
48 124
38 243
94 112
92 146
127 206
78 136
144 194
61 150
51 236
31 103
189 213
109 215
68 214
152 218
18 141
140 234
43 119
7 201
46 245
30 128
175 222
135 192
4 35
106 241
6 9
134 248
61 102
123 170
9 220
35 193
61 87
108 208
76 191
166 242
86 205
93 163
58 90
124 158
85 149
182 217
72 170
96 191
161 184
12 233
197 236
19 171
50 76
3 245
164 210
110 239
21 196
32 165
40 151
47 160
46 185
196 209
182 205
8 117
52 201
25 194
145 241
121 217
101 161
54 74
67 143
25 149
8 61
119 229
33 85
105 168
84 130
204 239
129 190
173 231
82 148
85 164
18 130
40 70
168 170
10 196
0 180
159 168
98 242
108 133
97 126
201 240
68 80
55 112
191 240
49 114
18 69
64 190
155 228
54 166
53 154
188 204
0 94
3 248
124 212
85 88
66 225
24 78
145 200
185 238
126 139
0 240
10 183
173 243
15 58
192 215
101 244
54 165
90 245
77 148
72 107
36 199
116 185
125 206
2 145
57 140
27 203
134 218
5 102
27 96
156 232
46 164
149 185
11 236
175 217
243 248
25 133
10 87
4 148
147 208
7 47
103 169
39 87
176 209
201 215
21 186
145 246
81 200
36 235
141 239
15 118
35 80
71 76
9 25
1 234
136 178
185 232
46 59
31 78
115 224
74 166
200 227
0 106
147 177
29 132
20 67
186 219
83 144
87 120
15 50
184 201
28 58
179 205
115 222
61 202
14 73
56 132
40 106
90 229
72 197
88 200
74 110
92 182
132 186
122 132
123 125
140 201
97 127
80 121
40 226
16 70
240 243
75 190
7 97
18 26
27 192
42 78
124 206
36 42
4 82
212 246
125 178
50 229
25 185
13 24
27 243
46 93
174 247
47 244
59 79
165 211
96 196
146 156
22 220
36 246
161 208
15 194
223 240
24 162
140 216
9 146
176 227
0 214
15 154
69 116
49 160
30 66
125 159
3 185
170 236
65 212
91 183
117 228
9 154
168 222
82 110
60 196
84 155
88 238
58 192
73 100
31 132
159 232
159 246
19 95
54 143
4 217
87 242
88 217
143 197
26 134
46 201
167 172
113 141
1 98
94 193
78 192
170 215
12 211
51 203
52 172
138 154
92 161
9 130
150 203
89 171
48 194
33 104
24 89
10 149
177 235
161 226
165 234
127 227
99 199
224 239
81 166
116 127
39 117
180 231
117 164
120 126
48 233
75 210
155 156
84 161
79 119
143 145
208 240
41 188
79 111
62 106
66 197
198 213
162 241
84 168
70 212
72 142
133 155
145 160
20 42
187 237
6 242
199 226
74 87
3 69
222 246
128 137
49 159
99 176
28 37
112 224
66 245
30 148
158 241
125 129
145 192
176 210
167 208
28 76
208 241
62 65
2 205
38 191
150 225
68 175
33 135
94 202
157 202
162 239
136 248
22 183
67 98
79 246
151 216
213 224
148 190
90 243
40 118
44 193
113 122
68 248
40 163
115 165
64 99
11 37
17 74
172 176
103 246
208 210
14 103
39 110
45 52
43 153
5 91
105 145
5 153
177 227
90 101
53 204
2 180
58 244
70 114
136 211
49 84
78 145
63 180
10 192
63 137
51 145
132 224
52 76
91 247
5 28
164 239
168 178
123 164
84 151
212 214
25 176
154 229
27 130
105 167
163 189
140 168
4 47
159 237
7 100
130 232
80 141
84 87
119 167
222 233
116 205
102 208
80 218
25 247
142 174
44 102
156 177
88 151
6 151
29 147
89 195
197 217
59 212
78 132
75 205
89 225
54 85
73 182
106 243
88 174
170 173
33 221
165 222
91 146
47 167
67 215
4 179
123 165
7 38
68 194
65 94
53 185
48 230
15 140
180 201
137 213
206 228
42 90
22 147
36 182
64 205
70 87
55 68
23 33
175 239
171 200
156 187
8 152
156 223
29 217
31 123
83 188
118 151
72 153
95 139
120 192
42 63
166 214
155 223
124 130
47 66
21 241
10 39
46 246
4 119
37 139
70 137
139 195
7 59
17 133
184 207
42 132
88 162
99 190
172 189
124 203
56 117
39 180
88 125
3 46
124 153
103 230
83 225
47 111
90 119
165 192
10 94
185 199
44 114
66 173
74 140
79 121
26 129
188 209
4 134
134 219
117 195
42 133
56 243
88 122
45 163
86 187
176 247
122 147
22 157
24 194
62 156
80 241
152 205
73 102
136 176
50 203
190 192
28 98
96 114
170 218
205 222
191 221
24 101
26 140
51 94
87 240
10 137
93 204
46 60
3 179
37 147
27 73
186 242
8 143
12 119
34 77
97 141
43 154
11 53
40 114
89 113
158 188
20 44
185 203
122 144
186 205
5 158
18 42
204 222
76 110
31 237
10 203
62 178
49 76
42 213
153 227
49 227
41 148
189 222
87 174
56 80
159 223
166 172
26 110
111 243
53 69
8 19
19 159
154 213
79 229
41 214
73 82
43 150
40 158
70 138
49 156
153 199
4 34
97 150
102 185
142 194
11 136
75 237
82 210
60 91
64 203
18 164
131 177
98 192
127 142
77 120
68 96
61 244
189 230
118 160
92 171
124 146
70 120
4 48
126 193
31 109
113 207
10 43
55 130
11 93
106 129
27 62
91 111
38 84
1 240
176 239
63 244
102 237
44 88
8 13
137 144
8 140
26 81
183 231
49 105
9 141
7 230
83 223
74 147
14 145
53 109
161 207
42 225
35 204
125 164
116 188
99 178
192 233
119 243
9 176
62 115
80 228
4 22
6 196
153 154
7 109
32 78
124 189
194 196
69 78
60 138
160 182
75 159
110 226
174 188
131 228
224 237
26 80
186 226
205 236
145 150
51 83
34 145
30 71
8 94
94 125
73 105
170 227
97 223
31 193
49 153
19 138
62 117
212 237
14 92
22 48
39 220
132 177
132 234
34 195
142 248
62 83
146 154
0 132
23 83
113 173
123 207
49 228
78 186
82 230
45 149
70 180
95 195
66 131
103 177
82 233
6 15
24 222
157 196
131 223
48 150
179 185
178 231
132 238
164 207
27 189
67 165
34 112
57 215
170 225
135 178
30 48
93 210
75 199
111 196
167 210
7 242
168 240
168 180
16 68
22 219
40 148
224 247
101 193
51 177
155 167
64 152
25 210
7 209
181 223
97 207
173 193
16 168
160 200
33 136
56 85
89 193
28 122
32 105
153 207
45 118
100 147
122 123
197 247
37 133
128 164
104 176
42 194
191 214
73 88
0 177
41 146
1 106
10 117
189 242
25 158
38 200
188 243
97 229
47 56
107 166
63 237
151 211
88 149
145 168
114 140
9 211
211 228
19 99
121 157
211 227
47 204
129 169
145 148
53 67
115 130
43 227
75 91
35 221
38 88
106 107
158 229
19 68
40 192
126 210
54 117
60 134
223 230
63 242
23 153
171 179
30 55
66 152
192 203
11 51
34 169
122 223
99 120
2 162
0 107
78 152
117 218
20 184
8 202
41 221
74 195
11 17
62 189
18 133
161 235
87 91
21 180
51 118
63 148
25 202
26 227
5 169
187 209
54 115
54 124
174 215
78 92
100 143
125 190
11 203
135 230
129 197
130 208
121 210
225 238
117 211
116 177
33 206
67 199
192 228
47 73
60 230
61 127
65 80
105 165
83 245
31 120
185 205
33 176
60 158
175 201
27 54
28 81
153 170
71 98
27 170
28 89
92 145
24 152
17 55
34 79
155 189
176 237
59 71
133 185
108 247
26 27
5 182
176 197
201 221
22 47
136 244
8 195
63 90
4 21
10 152
0 17
8 116
101 145
44 47
13 180
0 87
77 103
46 146
16 172
3 224
69 107
93 117
72 154
91 97
154 216
50 59
194 208
90 159
41 170
181 217
139 177
92 233
24 118
157 205
21 182
90 228
145 159
108 136
99 216
25 239
68 159
76 138
45 240
5 99
81 230
140 163
104 171
11 179
74 244
10 109
27 233
137 181
10 199
46 219
39 86
70 210
16 35
168 208
101 157
7 70
49 239
51 99
192 220
157 181
48 122
0 34
44 80
93 228
59 243
51 84
89 188
10 221
71 213
2 70
60 72
72 173
33 183
90 97
98 210
82 140
27 112
1 205
21 128
59 109
38 179
131 208
47 189
45 210
61 220
2 38
78 84
65 198
105 175
47 172
140 197
118 190
128 162
41 67
93 173
18 76
95 230
127 239
44 185
20 223
9 163
125 188
178 209
179 200
16 125
162 209
15 199
88 93
120 245
25 71
75 90
126 222
19 240
36 174
116 203
48 238
3 159
4 214
46 190
59 95
37 98
143 162
98 196
125 175
77 80
44 90
2 27
8 218
13 37
194 202
46 238
52 226
152 166
61 233
38 218
20 143
197 201
96 213
103 192
73 137
121 221
140 209
18 67
182 245
138 193
88 239
133 248
130 193
26 164
46 206
76 222
2 67
8 183
115 129
102 114
49 208
143 175
38 125
70 247
35 209
11 200
91 182
111 120
18 114
114 173
95 130
13 200
38 105
93 155
217 246
142 158
24 223
51 54
113 124
88 171
131 176
3 169
22 196
167 227
179 188
104 152
15 172
136 240
53 81
56 145
28 183
111 187
60 89
59 197
50 199
126 234
184 211
36 169
138 232
182 203
8 41
121 160
121 181
30 101
126 158
22 132
196 226
61 221
76 173
93 129
146 164
33 122
151 152
9 205
9 85
18 146
40 109
30 42
114 160
53 121
10 156
203 244
94 98
111 236
125 202
19 132
27 49
216 233
68 84
63 84
59 229
17 130
92 111
22 128
7 55
39 70
82 134
3 207
32 49
30 179
8 27
23 169
14 61
118 154
121 193
12 222
47 50
43 120
31 247
48 97
73 185
120 173
145 208
79 124
151 163
49 137
144 152
38 130
189 235
61 104
66 120
194 206
133 236
103 113
127 215
2 26
233 235
103 219
5 176
185 248
13 141
122 203
34 164
114 154
0 37
167 187
14 121
187 205
32 94
2 132
72 123
41 143
160 181
157 183
34 212
41 209
51 238
19 98
30 119
110 205
62 215
37 221
139 210
140 228
97 136
160 243
19 55
71 201
27 240
59 70
60 144
151 225
153 185
61 89
81 190
55 202
64 247
32 168
121 167
41 203
89 238
40 116
154 205
130 199
71 166
76 207
112 135
81 214
98 141
113 198
133 196
56 222
7 232
82 117
9 203
80 174
31 149
9 117
110 167
172 188
9 216
81 205
119 147
101 169
62 209
37 134
163 247
111 138
85 202
93 112
34 153
40 174
160 235
48 154
114 126
77 131
70 74
201 234
7 53
60 222
97 101
16 232
24 246
91 155
52 237
114 239
72 235
150 205
57 196
96 162
105 209
76 150
41 196
205 242
88 195
15 51
53 56
124 223
21 63
63 193
14 223
21 58
183 236
106 170
25 206
33 84
100 187
80 98
90 202
75 158
3 145
71 245
92 246
115 211
7 167
221 231
42 239
37 152
77 195
132 212
88 139
36 95
198 246
157 240
56 164
182 185
0 110
114 246
84 122
95 240
3 91
26 74
5 214
56 239
19 243
109 178
68 117
92 99
82 94
96 197
186 239
9 48
4 15
125 133
139 158
9 192
229 237
60 148
29 96
131 225
0 74
83 124
18 142
25 165
60 245
56 106
42 135
103 210
100 220
159 163
197 216
231 244
86 109
196 240
117 175
61 111
198 242
114 209
9 229
141 170
3 164
219 231
49 216
201 236
60 169
8 230
123 188
94 147
134 162
213 217
30 175
116 198
162 237
77 201
27 183
53 111
15 29
117 132
94 108
54 87
5 68
98 235
229 247
121 240
100 228
1 216
142 160
30 75
135 198
209 227
13 223
40 123
84 216
205 248
138 183
73 212
59 90
55 87
95 102
40 46
6 228
121 243
170 194
37 66
74 209
34 66
70 142
146 228
139 170
208 244
118 244
30 102
125 171
53 247
54 138
116 197
83 113
95 239
104 149
163 221
38 178
25 44
80 229
67 147
18 40
1 36
30 112
1 75
91 197
163 228
24 145
64 158
17 232
63 205
61 173
59 112
210 245
203 210
21 69
114 202
46 232
32 177
39 79
124 230
134 163
13 53
169 196
2 228
52 243
155 221
31 40
65 161
28 220
146 218
46 163
172 223
132 144
106 154
40 223
94 122
4 237
2 207
75 231
19 244
60 115
25 203
159 165
59 147
8 120
2 112
14 86
110 151
122 156
94 248
52 153
10 247
49 123
48 213
63 145
46 209
149 220
8 108
156 231
195 205
26 87
17 30
85 196
5 25
169 202
22 165
7 85
103 235
61 130
228 243
135 211
62 205
62 211
74 116
76 175
185 218
48 141
103 131
26 170
8 24
76 128
109 171
58 228
37 55
179 201
71 243
66 76
44 160
2 147
92 183
99 100
106 213
4 109
142 155
45 47
96 128
50 118
17 120
187 241
68 195
163 213
209 236
18 127
81 241
127 229
6 72
62 75
84 242
115 121
48 170
134 159
210 244
8 45
70 164
110 174
188 190
209 235
109 139
103 170
28 72
133 203
6 147
109 143
123 154
131 204
68 153
146 211
114 248
4 94
36 230
48 130
155 172
9 222
88 132
43 152
7 125
193 206
34 107
107 240
0 236
43 157
3 138
139 219
18 193
107 136
69 160
36 106
14 77
163 165
14 236
54 239
14 235
171 248
113 154
200 244
121 223
133 189
137 212
64 88
62 240
67 174
93 197
95 172
107 116
33 147
47 143
171 224
3 104
81 208
20 116
159 224
103 237
41 45
138 166
54 90
19 27
56 200
102 184
164 190
118 159
47 212
182 206
164 184
114 163
161 195
16 90
97 112
189 240
28 178
36 50
88 169
136 219
47 193
39 232
199 217
97 230
118 145
225 239
41 61
124 209
89 152
18 102
90 115
180 203
102 180
73 178
102 168
85 144
21 225
207 219
31 76
70 148
81 183
124 242
158 242
12 227
3 210
40 87
7 221
52 238
199 222
36 207
39 197
158 179
55 203
192 230
144 155
22 78
43 168
2 149
73 157
36 138
19 246
124 144
133 174
178 242
64 87
34 45
57 189
6 139
140 159
91 173
199 211
19 100
47 124
27 66
16 48
55 153
88 233
81 89
117 119
149 230
245 248
27 64
17 52
154 182
133 219
138 236
41 177
165 206
99 192
27 37
203 247
142 164
20 182
192 227
201 244
180 184
24 77
35 94
23 211
115 242
204 245
195 244
213 239
122 234
55 226
114 210
182 232
135 242
52 124
161 238
120 230
37 189
109 239
8 75
25 217
88 193
44 104
89 110
104 124
19 203
133 225
40 67
76 181
74 117
130 152
50 141
10 132
153 187
8 29
108 156
121 184
139 174
34 118
24 32
107 194
46 176
23 161
121 179
192 209
66 205
151 210
214 242
149 187
98 131
105 246
129 215
13 39
88 92
39 73
1 100
0 156
48 75
92 199
39 168
14 79
17 163
104 154
61 225
54 146
22 80
117 213
101 134
159 227
179 224
15 120
206 213
84 234
73 124
27 211
107 126
40 47
26 145
139 182
60 183
194 199
118 212
112 220
115 128
97 108
9 173
22 52
13 227
139 140
50 175
16 202
179 204
3 111
17 88
57 237
69 177
5 222
56 59
54 162
199 207
43 211
169 248
116 183
6 178
129 146
19 102
28 175
5 26
97 111
70 152
4 130
29 232
65 149
152 216
103 155
95 238
63 78
71 199
90 104
4 228
4 172
90 142
132 196
2 183
107 127
187 247
40 201
25 159
92 198
64 78
108 123
57 175
80 207
180 208
8 199
53 188
75 114
35 121
103 112
24 71
0 230
41 163
209 217
4 52
41 101
16 49
121 132
66 209
189 237
3 129
85 139
97 171
174 208
187 211
100 239
98 144
159 182
97 215
119 209
119 242
158 206
77 145
163 206
1 237
154 248
26 179
227 243
49 231
189 219
104 239
79 141
66 196
208 232
72 128
169 219
18 225
208 223
157 199
173 174
168 216
134 194
67 238
81 154
68 86
64 165
152 158
200 218
119 179
35 167
33 81
115 212
192 247
26 32
36 121
154 167
31 200
59 170
12 55
12 163
34 138
113 165
211 220
93 95
63 238
158 165
41 79
19 183
232 241
50 103
163 199
11 97
166 204
93 193
8 12
80 206
109 161
136 173
95 181
164 222
112 132
194 241
82 121
149 165
233 243
64 222
51 190
190 204
75 123
120 169
162 203
135 185
132 135
10 236
111 242
85 150
131 149
73 113
110 190
97 180
200 223
22 51
105 117
135 235
26 174
25 236
21 176
33 139
3 219
8 52
24 26
19 93
48 66
64 218
32 125
141 207
119 185
187 198
187 246
28 73
123 197
173 248
172 229
138 147
162 226
42 179
198 234
62 96
136 160
27 125
37 191
28 194
24 63
28 78
46 248
37 158
70 178
181 199
51 213
147 161
115 123
129 141
68 233
69 91
48 85
188 246
22 87
50 204
35 200
188 201
81 159
97 214
113 221
28 182
172 187
89 127
30 60
78 89
27 105
143 149
9 133
107 190
107 236
123 148
129 241
244 248
117 212
29 161
27 143
16 233
55 174
116 226
126 229
140 167
126 128
68 229
33 232
52 225
64 146
92 143
123 217
14 206
156 188
137 247
125 191
144 168
64 132
29 48
43 210
16 146
6 92
31 154
60 232
9 120
172 197
185 219
36 119
194 225
143 226
46 188
203 217
6 116
9 174
57 211
104 112
33 79
210 216
24 169
157 245
184 197
86 119
9 63
94 180
127 132
14 203
89 96
2 113
186 241
126 148
33 241
128 246
186 187
154 221
138 185
101 212
114 217
14 67
29 194
16 226
4 209
75 104
127 144
25 126
4 27
20 131
142 231
121 214
213 246
57 91
78 117
32 145
144 174
123 137
99 161
88 161
86 237
19 232
168 191
61 113
100 142
161 243
199 246
135 156
33 172
4 26
174 200
16 38
82 187
158 200
98 207
176 192
34 204
21 169
158 236
157 212
191 198
9 125
19 195
145 166
78 98
36 38
71 222
121 233
91 93
5 8
24 105
65 206
108 174
53 101
112 167
218 247
168 198
56 158
32 226
87 141
35 104
2 214
21 24
8 69
90 99
28 188
137 185
25 134
3 181
71 154
144 202
87 187
172 196
11 127
80 245
12 241
190 191
32 242
35 85
5 20
110 132
71 171
122 158
18 145
191 219
35 101
158 204
141 195
184 217
17 211
70 75
148 242
13 233
73 208
197 203
198 200
41 70
80 201
83 224
131 230
41 68
95 135
170 211
220 239
0 188
58 137
98 143
199 234
110 225
158 190
114 152
21 156
31 243
87 171
215 237
2 93
7 159
15 187
170 198
163 180
176 225
80 154
119 197
86 232
33 190
230 237
218 233
7 210
13 70
118 143
73 229
150 216
64 113
223 239
150 190
19 122
135 229
5 47
45 198
17 160
154 178
24 123
60 154
65 200
79 199
28 109
51 183
189 216
71 207
8 98
9 161
167 238
53 236
31 66
39 203
113 126
95 120
159 189
52 214
186 228
44 68
149 242
45 69
38 153
12 50
210 217
131 151
74 84
38 42
191 227
113 176
6 164
116 158
53 169
160 195
47 177
115 229
23 42
45 127
168 201
54 65
97 199
20 142
158 247
116 129
23 201
37 247
101 181
54 109
102 239
217 231
198 237
6 35
145 172
97 196
12 84
226 241
43 50
79 125
48 197
110 178
237 243
54 105
16 218
55 96
29 126
169 199
64 185
102 126
44 221
24 125
82 196
67 117
36 133
89 97
23 207
16 118
176 232
120 189
82 143
38 169
18 70
37 219
61 136
34 44
92 214
6 16
101 187
83 97
164 192
213 242
67 208
71 246
104 223
50 88
87 165
53 87
157 186
57 129
103 207
35 181
44 78
74 191
12 229
74 125
1 239
120 188
171 246
63 146
117 124
70 99
100 246
182 234
163 224
52 137
34 42
120 121
135 172
215 223
141 248
161 222
94 206
10 14
169 181
107 123
60 233
151 181
63 189
193 240
110 217
82 90
139 185
84 127
65 175
20 133
36 69
115 236
38 40
66 127
43 123
28 232
41 178
124 240
102 228
51 195
82 100
17 72
81 182
36 186
126 203
24 235
176 196
117 155
10 147
144 170
73 131
153 244
143 216
162 242
117 136
36 53
200 231
29 86
1 24
34 246
8 214
129 200
24 33
21 92
115 119
78 228
206 242
76 183
0 186
9 248
51 79
1 12
84 209
182 219
44 106
141 209
80 209
139 238
235 239
103 205
86 142
66 199
217 247
161 229
24 93
6 175
118 193
23 134
23 39
35 183
3 223
4 205
221 224
173 190
44 176
159 226
161 194
178 204
167 201
146 179
94 132
24 114
141 245
54 93
69 118
123 155
159 209
38 174
109 157
123 139
159 218
165 182
20 23
130 229
49 178
