254
7
4819
60
54 2
43 2
51 2
41 4
45 2
59 3
52 3
50 1
42 4
45 2
46 1
50 1
58 4
40 1
45 2
53 1
50 3
57 4
45 5
46 3
60 2
54 1
53 3
47 5
46 2
43 1
41 5
44 1
56 3
56 4
41 4
60 1
43 1
52 2
42 1
49 2
45 5
52 1
53 2
48 4
51 4
54 2
58 4
52 2
55 5
40 2
55 2
53 5
58 4
60 4
59 3
45 5
51 2
53 2
51 4
59 2
60 2
40 5
55 3
49 1
50 4
43 2
54 3
40 1
46 2
42 3
54 4
44 2
43 5
41 3
58 2
59 4
49 1
54 1
50 3
60 4
43 3
58 2
48 1
48 3
60 5
60 3
49 4
59 2
46 1
52 5
48 4
49 1
50 1
51 3
44 4
43 2
52 5
51 3
40 3
55 2
59 2
53 4
50 5
52 4
50 2
55 4
41 1
58 4
50 4
58 3
57 5
43 5
50 1
56 2
42 5
50 3
41 3
42 4
41 3
43 3
59 5
51 1
42 4
52 4
47 2
52 1
43 2
59 3
55 4
44 3
48 2
50 3
56 2
46 4
50 4
60 1
59 5
58 5
58 3
54 3
46 5
55 2
46 3
52 5
59 4
50 1
44 4
47 5
52 5
44 4
52 4
47 2
42 4
49 2
46 3
57 4
56 3
49 1
58 1
56 2
42 1
50 2
60 3
41 3
60 1
44 2
47 2
46 2
48 1
49 5
59 1
43 4
45 3
48 2
51 3
41 2
43 3
44 4
55 2
54 5
52 4
56 1
52 2
53 2
47 5
46 4
60 2
59 2
53 2
58 3
45 4
59 3
57 4
48 5
44 3
56 2
52 5
49 4
43 4
60 4
43 1
46 4
48 2
53 2
53 1
40 4
55 3
44 2
40 4
56 1
45 5
44 1
54 5
59 1
43 3
44 2
40 3
60 1
47 1
57 2
53 3
48 2
55 2
60 2
53 1
56 3
59 4
50 1
49 2
60 5
51 3
48 4
48 2
46 5
46 4
45 2
58 3
50 1
58 1
59 4
50 2
45 3
40 5
54 5
59 4
56 2
44 4
48 1
56 3
52 1
58 3
41 4
40 4
40 5
53 4
57 3
45 4
40 5
119 214
50 104
195 223
71 225
148 244
20 198
129 184
76 225
8 158
86 235
139 205
77 228
35 166
116 209
65 231
2 34
38 215
77 98
123 152
95 138
19 164
31 152
36 44
231 239
125 177
186 250
187 229
90 218
56 194
182 194
172 191
125 224
76 214
60 88
151 237
6 173
89 175
83 133
8 155
4 72
135 218
81 177
13 80
34 152
69 245
51 149
34 249
45 246
117 131
115 182
204 224
104 141
45 57
209 247
22 191
5 34
162 213
30 230
15 248
157 233
90 99
89 147
164 188
225 253
49 202
111 234
12 198
132 219
95 151
17 132
97 125
8 177
9 30
190 228
53 229
23 54
42 206
57 197
43 131
104 166
170 199
79 169
77 200
60 74
97 194
194 237
70 136
106 153
68 100
128 241
44 134
73 100
114 115
176 216
172 231
123 232
47 56
138 208
135 170
70 229
67 226
175 203
127 193
53 122
93 179
1 22
152 169
47 105
106 186
67 229
83 198
107 215
140 196
152 233
12 65
2 149
186 224
90 235
58 132
61 65
156 195
100 147
71 227
53 153
20 113
176 238
176 251
97 188
17 226
44 115
11 207
167 215
207 249
13 166
36 205
15 195
79 236
122 223
27 216
73 158
118 218
29 226
3 124
75 184
193 227
64 97
4 190
45 244
82 115
101 104
54 79
131 230
137 188
11 200
132 147
68 77
52 124
200 232
186 242
7 99
221 230
62 239
154 198
106 246
28 243
227 239
92 178
88 116
210 249
141 204
67 190
28 78
13 159
198 247
197 205
120 151
74 234
103 189
7 124
229 250
9 133
35 236
2 191
59 125
132 166
4 180
204 225
46 100
1 82
40 168
72 135
58 242
29 237
63 80
72 111
70 96
19 129
113 171
51 152
121 157
78 108
204 229
13 47
137 155
42 106
135 166
13 33
199 232
84 148
58 74
45 234
40 160
51 124
167 178
84 204
27 119
31 229
114 133
144 145
109 143
152 219
181 206
92 115
66 145
105 169
77 92
201 241
9 110
10 38
18 143
144 177
72 119
1 144
44 237
36 153
34 54
8 226
92 110
108 164
1 48
33 156
68 145
184 225
147 165
160 200
24 105
158 169
32 209
27 225
69 228
71 128
83 148
182 209
126 159
66 78
62 150
59 68
208 218
109 149
97 210
8 234
127 130
75 126
146 246
24 139
211 216
77 135
206 233
113 239
56 147
217 251
16 119
97 118
30 134
188 244
43 151
37 153
53 158
32 139
9 211
149 216
61 84
82 241
28 134
80 90
206 249
236 251
171 184
113 207
84 122
151 200
50 117
82 192
88 146
15 177
155 249
125 185
118 181
188 250
91 121
9 205
178 198
31 159
40 238
39 55
74 110
28 110
32 37
204 244
90 233
18 129
105 170
102 180
193 248
12 122
136 223
42 84
34 199
69 238
66 144
8 67
37 121
90 188
27 57
24 120
62 120
205 228
91 189
30 195
22 162
75 213
68 240
18 95
111 144
119 190
38 72
4 137
57 118
9 148
88 184
51 195
39 224
36 133
102 153
3 43
208 216
144 179
86 162
57 193
163 215
26 126
23 69
81 161
25 35
33 123
63 65
162 170
188 233
194 220
77 232
75 236
73 106
131 241
184 190
123 170
146 188
27 87
34 250
168 172
171 235
150 209
72 184
102 125
71 253
34 92
21 248
0 126
55 163
64 234
71 212
70 231
54 232
21 123
32 163
163 205
18 167
227 233
100 239
145 160
166 212
59 136
26 49
7 61
132 204
76 230
187 216
67 89
13 145
238 252
122 210
201 215
59 123
118 157
46 180
13 35
24 160
54 181
53 77
21 149
19 135
129 253
90 230
106 169
112 162
79 216
140 222
91 94
111 158
205 240
104 182
186 238
11 150
199 213
27 104
165 206
107 130
55 154
58 199
9 42
109 234
207 244
104 205
91 219
15 87
141 183
196 237
91 167
148 171
73 75
10 97
47 64
57 244
50 227
22 173
57 228
100 250
88 174
197 235
122 170
173 178
110 173
6 247
112 240
129 231
48 104
44 118
46 223
135 159
121 245
35 37
50 216
86 150
84 87
83 113
28 137
73 74
2 140
107 253
48 214
120 252
25 246
29 52
155 190
18 214
127 166
77 78
104 173
123 239
165 197
106 161
94 221
153 213
45 185
3 25
6 184
38 109
85 191
4 101
31 191
47 216
66 142
77 93
3 33
36 137
49 126
22 103
122 127
96 231
131 136
48 198
65 237
1 112
10 72
67 76
193 196
99 115
151 209
138 144
25 243
2 96
61 168
53 159
36 106
141 158
167 193
98 170
10 118
134 198
56 215
66 232
23 203
55 115
90 167
169 188
91 200
181 228
179 204
111 232
187 194
128 135
64 125
113 129
84 206
42 68
104 153
72 129
85 168
9 230
58 76
43 70
48 173
165 246
178 201
53 206
5 126
52 54
169 231
5 77
61 120
28 209
58 247
102 134
137 190
75 95
23 94
143 199
18 238
92 170
7 28
49 93
39 156
13 17
210 232
86 111
149 247
22 62
50 89
104 167
35 104
20 46
123 163
88 227
192 225
134 150
32 62
4 183
100 133
103 135
19 39
189 243
30 94
86 219
56 187
159 160
57 87
57 86
168 219
131 142
89 245
120 129
234 237
47 198
48 103
63 132
163 179
26 106
59 91
174 198
18 174
143 215
114 221
66 91
51 105
88 101
20 134
182 240
6 54
216 236
107 153
126 233
118 177
75 193
4 165
3 228
5 46
0 144
208 229
25 213
51 103
127 246
141 147
126 202
57 252
139 252
77 134
88 223
214 246
51 246
113 147
58 123
84 174
37 83
0 34
164 207
19 126
172 177
49 229
135 137
123 249
11 56
94 204
180 230
46 208
18 152
42 136
115 243
55 235
135 183
242 245
75 115
121 214
214 221
232 248
55 92
75 108
32 245
38 162
55 237
136 239
48 83
6 162
153 237
31 32
63 71
37 192
59 224
22 67
123 199
75 139
157 179
115 225
149 237
24 189
23 62
95 182
18 102
31 50
30 214
73 156
103 113
198 223
106 223
122 248
0 194
78 95
25 95
53 125
88 163
63 223
199 208
122 151
111 217
142 204
135 245
10 223
7 161
63 154
109 183
89 191
202 241
11 222
28 48
104 144
29 79
113 136
61 197
121 154
73 131
40 143
148 250
118 123
110 223
0 27
0 165
47 90
29 173
99 212
17 146
26 36
60 92
65 102
134 153
79 83
84 253
86 200
98 159
6 40
163 164
31 238
129 242
36 219
14 166
70 232
95 248
91 225
109 217
71 186
149 181
41 50
51 88
46 169
86 213
240 242
91 98
54 134
25 45
225 250
24 63
196 231
26 39
13 215
37 179
64 226
154 253
25 28
178 193
160 163
134 179
128 194
145 201
110 206
14 219
79 84
12 220
33 78
74 228
10 224
60 124
2 104
199 242
154 191
137 208
148 239
130 190
50 175
59 197
90 105
144 166
25 48
38 68
88 161
78 165
85 201
99 142
111 128
209 243
227 238
30 177
33 96
33 68
73 91
27 144
106 218
138 213
14 75
177 188
50 185
61 235
64 135
94 177
67 227
13 188
166 234
4 38
71 91
146 231
79 167
83 210
112 142
53 64
12 216
10 106
29 65
117 168
49 67
23 148
25 85
172 181
90 97
136 164
164 238
123 241
178 181
54 244
232 240
165 202
147 253
142 172
16 18
146 175
42 238
32 185
11 50
52 169
94 208
181 224
3 249
17 194
61 139
70 71
9 37
165 170
45 55
11 39
154 216
190 194
206 223
39 140
42 187
117 250
106 236
108 175
73 201
195 247
30 152
60 143
174 189
124 149
41 75
124 132
146 179
159 197
242 243
36 147
127 161
197 226
150 239
217 225
116 191
50 210
62 234
13 91
12 176
55 70
84 245
120 192
182 235
119 124
44 175
91 245
119 244
0 48
196 252
50 123
163 226
103 160
15 145
111 205
175 196
39 69
5 252
21 75
140 217
177 243
58 122
56 95
64 188
83 118
131 204
39 109
17 209
137 176
121 168
24 131
12 106
16 220
164 177
19 178
90 170
90 224
138 235
16 168
75 173
17 24
207 227
214 229
0 108
83 147
20 166
97 170
48 73
97 128
38 47
1 10
36 124
205 212
190 229
98 169
29 250
128 219
203 223
154 248
169 232
174 217
117 169
184 252
39 100
99 151
186 253
97 204
12 56
101 194
156 224
37 61
41 237
20 59
60 198
63 142
119 243
121 213
46 215
182 216
96 184
40 51
192 244
98 110
127 218
114 184
29 72
130 150
34 160
54 116
63 193
13 236
14 241
120 211
61 183
63 77
38 232
156 189
45 148
22 195
32 240
7 170
23 235
138 180
41 115
166 247
115 176
17 251
108 166
209 253
159 220
146 225
83 128
47 233
16 44
84 167
12 146
149 242
43 208
208 236
135 222
50 84
187 207
170 196
138 233
112 253
136 147
27 38
75 239
14 105
11 158
62 218
39 118
143 231
64 199
124 145
83 127
90 194
117 152
16 206
131 201
147 207
28 41
170 220
46 229
238 241
23 216
3 219
140 228
23 200
23 56
85 163
8 25
83 203
26 252
8 84
107 223
95 210
84 197
128 184
48 221
113 132
9 75
153 187
129 165
27 40
77 108
6 52
11 118
80 205
16 33
91 106
103 237
143 146
17 111
83 206
69 77
45 145
130 141
26 77
106 133
64 87
2 134
81 139
173 214
74 126
184 232
49 191
59 149
159 177
92 119
153 240
46 196
65 244
47 172
113 210
20 213
236 244
32 241
170 202
2 18
78 134
125 209
35 217
66 201
50 235
194 222
122 250
99 112
9 142
9 41
34 189
140 250
167 191
128 163
93 117
146 167
186 193
187 217
39 182
122 130
101 160
23 28
172 217
20 60
26 93
5 186
2 148
106 221
163 165
181 192
66 95
197 232
47 144
94 97
114 124
79 194
14 161
194 249
58 75
133 227
11 82
69 214
25 145
93 166
158 236
190 244
74 148
57 251
44 69
78 217
73 195
208 228
49 147
84 175
79 95
125 236
73 179
61 224
123 132
37 141
58 114
51 81
206 218
85 141
7 196
27 84
87 112
1 122
92 205
46 70
3 229
12 97
11 70
15 107
72 136
52 80
218 220
65 88
74 98
191 203
68 147
123 238
28 234
86 182
212 225
40 120
157 229
60 240
16 125
52 252
142 186
81 106
12 148
61 127
30 156
50 170
27 176
77 152
20 70
72 252
3 170
137 232
59 62
63 220
47 213
125 201
213 241
93 209
50 198
150 196
204 219
234 248
108 145
4 202
2 145
69 236
19 163
39 71
74 128
94 129
66 106
130 196
189 218
108 245
20 152
122 131
192 249
200 220
223 249
19 51
127 141
88 231
45 130
38 110
134 180
14 90
17 90
27 238
61 121
83 92
44 82
12 88
24 74
26 122
95 201
154 167
93 194
64 197
142 251
56 90
39 125
63 208
30 235
2 25
57 203
82 201
66 103
143 237
119 148
96 156
51 59
18 81
140 171
49 180
44 89
75 182
54 130
5 232
76 170
91 176
4 5
14 73
141 191
15 223
122 185
49 189
1 148
38 153
17 171
33 153
39 199
140 183
79 124
52 144
189 201
34 203
155 183
23 71
56 106
60 199
40 162
83 165
90 113
0 28
86 139
83 164
109 242
187 238
191 205
202 234
117 206
59 242
209 245
9 68
123 162
54 175
42 73
28 150
54 197
109 152
123 124
143 161
9 57
194 242
63 251
132 186
52 244
10 98
111 216
63 70
70 235
75 123
7 141
52 210
58 63
23 202
94 141
28 232
84 170
84 91
28 62
8 200
1 208
12 202
81 154
44 70
18 97
111 214
86 107
32 72
35 228
86 187
193 226
107 141
43 147
201 212
94 166
181 233
197 200
183 201
218 245
67 104
21 110
70 88
136 206
77 155
147 212
98 181
43 181
102 243
217 236
81 183
112 231
4 195
40 107
12 145
62 114
47 206
32 133
5 37
20 90
23 198
116 219
99 119
20 161
54 106
19 236
36 230
77 224
155 170
47 145
50 206
43 142
78 117
34 113
173 205
60 164
60 150
124 165
103 207
184 243
137 209
0 214
106 155
73 138
144 208
57 123
47 53
138 187
121 145
76 154
48 133
62 73
24 54
0 147
177 250
239 242
9 54
127 189
3 19
210 217
15 61
40 114
103 180
33 226
108 196
135 180
129 227
144 148
77 238
24 79
29 218
153 158
52 173
167 183
41 224
14 165
11 63
182 197
21 31
112 233
155 206
0 218
45 236
36 194
14 62
30 242
56 152
30 77
115 158
148 212
127 215
139 222
14 171
42 71
154 185
6 205
27 89
155 228
155 208
24 173
79 225
161 185
44 236
103 220
99 202
121 252
11 92
6 46
200 225
1 197
23 46
102 216
7 169
200 227
5 108
112 189
105 210
85 96
103 141
173 195
6 144
93 140
199 231
2 101
150 180
140 187
34 101
89 171
48 160
51 207
95 224
45 92
110 159
2 164
22 150
87 116
75 99
115 171
62 243
16 17
8 235
129 247
18 49
23 238
11 224
57 79
72 158
77 243
129 158
28 113
56 172
28 143
54 93
136 195
50 238
11 36
95 241
133 141
166 246
62 137
93 109
185 232
136 143
146 149
130 170
84 203
156 248
169 208
66 190
49 228
61 147
217 247
51 122
63 233
11 121
181 204
185 208
166 179
109 213
24 125
75 192
89 213
16 245
60 66
80 206
18 244
43 152
66 251
88 220
56 171
30 232
120 171
139 141
127 186
33 54
1 250
230 240
112 228
4 155
136 148
162 164
142 225
9 34
126 163
143 216
25 236
137 174
27 156
47 109
132 184
50 129
58 191
21 171
165 178
79 193
110 219
68 182
141 249
43 156
35 176
120 251
90 114
142 249
46 109
24 231
171 174
130 207
53 124
8 154
162 192
47 158
104 105
89 130
68 221
145 232
37 75
159 223
57 210
5 171
169 223
101 125
25 72
149 208
99 221
195 236
116 232
107 122
174 177
12 240
68 178
193 214
173 193
82 173
54 133
38 217
52 242
67 165
70 142
5 115
212 227
101 159
68 133
177 182
83 249
45 227
33 228
201 226
50 231
17 161
62 214
108 223
113 169
12 247
4 221
4 204
103 123
55 71
45 46
41 247
0 49
92 175
71 211
37 70
163 214
76 238
127 205
76 219
192 227
36 80
140 176
107 241
48 144
2 107
57 116
27 121
100 194
9 33
106 108
89 250
151 206
12 190
58 156
46 50
91 135
43 137
62 64
9 181
24 95
10 247
57 243
126 188
102 189
126 244
14 169
87 228
91 163
7 211
211 236
168 244
96 162
45 183
190 195
160 175
39 214
33 65
154 192
23 155
129 191
128 205
183 207
18 239
4 44
223 237
81 87
72 216
158 171
75 225
36 97
93 219
45 51
21 239
178 187
77 204
33 90
117 191
68 161
142 224
128 180
3 44
128 236
52 135
172 242
9 74
48 151
37 133
204 235
80 123
128 242
105 239
116 169
44 154
45 97
128 243
119 194
157 171
83 229
86 170
44 147
27 32
28 252
74 103
62 219
152 249
131 253
115 228
133 187
187 206
22 147
67 239
30 231
98 102
141 232
189 215
47 183
125 238
133 143
62 172
19 153
49 100
49 77
38 82
7 151
47 205
33 114
60 179
3 204
90 210
22 232
113 161
155 234
150 194
14 33
42 151
36 185
40 84
134 239
54 145
200 215
191 213
84 144
181 213
32 84
5 236
157 209
24 30
81 156
72 99
14 54
215 218
132 190
48 135
42 89
148 208
45 53
120 146
37 110
81 235
190 241
80 170
73 206
12 141
165 213
101 230
128 195
1 36
168 223
72 162
85 227
62 186
4 50
95 202
55 93
127 128
217 232
60 247
109 181
113 180
137 140
88 110
146 204
126 243
5 79
105 190
55 68
48 223
39 114
12 40
100 176
168 251
47 54
62 227
189 221
23 90
155 199
131 245
186 194
198 222
89 239
60 98
3 35
1 166
40 63
20 188
224 238
192 200
28 219
106 247
61 73
94 127
87 140
99 172
13 23
101 139
77 174
127 210
39 157
16 124
206 224
8 117
69 224
74 153
191 216
231 251
191 195
45 168
123 151
218 250
74 108
54 245
4 123
5 95
120 222
2 195
97 201
109 215
172 225
105 117
111 138
22 87
47 57
44 73
56 123
9 200
2 83
230 246
132 191
81 108
11 143
56 110
30 209
69 99
95 242
15 149
113 252
20 87
28 100
182 199
41 166
38 40
154 214
67 108
109 161
48 253
4 65
176 191
16 231
34 91
76 237
25 155
58 213
134 149
48 227
50 211
192 229
17 237
21 222
4 208
124 206
95 223
23 168
134 220
7 120
97 129
69 172
150 212
38 247
42 90
200 243
92 140
122 129
56 245
59 108
81 207
35 59
21 25
48 241
13 230
29 137
10 61
28 229
24 230
18 235
35 169
81 119
141 146
101 154
19 41
125 205
35 80
183 213
145 175
115 211
212 226
48 168
94 201
48 152
72 224
9 96
33 144
67 121
57 208
34 147
49 200
9 11
145 216
60 252
96 151
98 225
109 243
170 224
52 226
165 242
6 18
13 186
67 112
43 109
35 225
67 176
17 22
27 197
57 185
101 216
144 209
50 251
21 114
110 169
32 124
80 89
55 133
10 191
172 234
33 176
8 237
95 178
78 207
78 144
80 126
36 105
47 166
44 208
163 207
39 169
74 195
80 111
215 245
31 224
42 132
0 175
90 120
74 102
35 40
23 173
87 166
114 181
158 180
29 30
15 138
188 203
30 188
97 166
59 178
1 241
173 240
23 222
89 210
67 125
160 218
4 251
40 223
138 210
4 147
157 163
99 231
7 172
40 47
60 127
20 184
45 167
38 196
41 178
54 248
58 186
150 249
198 252
40 65
17 230
69 154
134 142
110 149
33 229
30 79
55 101
36 244
31 99
109 160
180 227
35 111
106 230
108 219
101 171
157 213
240 253
78 79
218 253
75 125
33 98
52 201
18 83
94 241
40 213
115 231
98 245
86 218
62 173
188 253
134 240
161 220
117 244
67 167
52 67
7 26
49 70
89 115
134 194
46 188
87 214
150 177
15 159
141 219
152 168
19 148
92 236
19 218
21 197
27 172
130 237
93 129
47 79
118 236
21 26
0 153
108 157
159 214
52 105
104 142
152 155
12 170
179 191
150 204
19 174
103 233
19 248
158 238
81 144
155 253
22 246
44 184
54 84
154 182
154 165
115 148
66 127
135 156
88 218
43 247
100 204
90 138
39 174
45 218
8 130
65 188
121 139
131 195
66 168
216 228
143 253
154 204
188 228
56 238
97 239
14 83
151 184
84 171
22 66
196 243
0 50
96 113
21 53
25 204
15 244
59 76
13 247
42 133
134 165
103 176
16 26
54 78
148 203
116 242
63 114
167 200
152 188
17 67
1 108
149 169
42 154
186 202
5 42
42 181
68 232
119 226
104 232
35 95
186 188
169 252
117 211
53 129
34 208
54 201
155 191
107 128
9 101
206 236
189 224
66 246
96 117
127 228
78 184
13 132
86 208
24 45
78 222
9 84
136 152
80 154
62 131
100 141
200 211
75 250
150 162
106 194
67 242
126 170
103 202
2 115
67 155
41 100
160 237
36 182
86 166
130 177
62 204
111 123
186 211
17 19
71 108
65 98
200 251
129 147
137 160
158 247
37 188
92 168
23 208
21 60
28 121
242 248
160 190
126 176
83 230
2 114
65 148
163 194
62 247
27 212
54 64
155 215
7 241
87 200
110 125
2 163
56 153
54 183
65 213
15 143
90 169
11 183
82 163
97 248
207 223
100 108
51 226
73 99
16 188
102 132
50 73
14 27
15 77
50 224
16 50
88 236
204 237
121 144
157 235
53 179
18 199
129 169
160 171
32 45
1 46
119 224
4 105
102 210
141 190
25 209
99 207
96 97
23 166
59 173
45 202
133 183
84 151
134 148
46 87
32 49
89 217
4 177
94 193
66 216
177 235
125 193
47 177
96 240
46 141
54 137
20 252
175 210
54 214
145 168
57 242
157 175
32 251
26 168
7 127
70 233
18 93
108 183
90 122
29 129
67 215
75 161
93 201
39 251
23 171
156 204
48 222
64 67
26 222
102 199
57 80
129 190
52 109
168 245
79 134
137 145
57 125
75 190
11 219
23 205
62 156
87 129
79 98
55 190
70 250
138 174
65 87
38 39
121 177
59 160
38 174
177 244
49 176
69 120
36 210
75 247
76 178
44 202
114 180
82 210
49 65
13 163
60 241
173 238
134 197
110 225
44 135
202 253
82 122
149 202
32 247
139 172
54 124
19 225
26 143
14 208
168 248
121 202
163 250
114 183
76 143
175 191
84 187
9 147
156 235
40 246
38 204
79 144
136 197
82 136
33 101
84 101
8 109
181 222
115 159
33 44
183 214
14 65
84 131
113 249
21 138
29 222
33 110
85 224
167 175
58 238
125 137
189 207
40 123
74 184
85 156
23 241
148 152
51 136
110 214
53 107
88 213
99 146
86 233
117 200
132 177
40 80
55 150
156 232
56 78
18 202
65 83
147 247
61 161
29 125
144 193
37 249
144 219
91 209
35 93
77 137
220 222
23 172
3 239
137 233
49 207
72 104
150 247
103 165
8 114
30 111
148 192
156 207
133 137
33 182
107 222
232 249
146 199
13 185
57 247
137 225
16 114
151 164
4 211
186 206
30 35
113 234
0 65
207 211
86 128
94 110
56 80
19 173
2 217
1 78
96 198
147 239
135 209
35 87
92 230
13 142
110 203
66 174
71 208
5 15
0 81
100 139
45 211
26 180
105 208
214 227
134 186
161 194
48 142
65 143
99 235
171 206
97 123
46 48
147 149
4 18
9 82
160 241
73 247
6 252
143 209
171 177
27 241
45 200
73 208
155 219
114 126
111 117
181 231
167 216
34 115
23 152
78 136
236 243
120 149
58 80
73 230
98 122
1 5
103 130
157 224
114 205
193 241
53 183
203 222
63 120
168 236
66 85
97 173
185 224
25 117
93 172
217 219
1 233
30 200
111 253
89 119
12 155
31 176
0 16
17 117
64 105
81 86
102 203
118 210
139 147
166 226
198 250
8 138
77 85
122 154
37 166
37 124
173 176
8 81
213 239
98 201
76 129
16 226
154 196
25 230
120 128
60 235
57 249
164 233
43 87
71 200
237 239
117 229
57 102
126 169
81 248
102 105
75 146
30 189
148 216
89 120
60 89
187 232
131 175
81 137
52 72
178 233
6 82
7 31
14 131
95 232
239 243
48 218
96 215
51 184
234 250
87 125
219 225
54 191
69 152
51 134
57 99
31 201
69 70
101 142
2 110
55 246
117 193
102 229
11 104
110 180
57 215
159 183
108 109
34 187
0 88
20 104
206 211
55 95
6 55
59 235
70 158
3 102
162 247
142 180
55 120
153 234
51 191
130 154
3 194
185 247
118 165
83 169
168 213
85 187
75 107
250 252
11 77
201 245
171 194
90 151
229 240
12 91
97 186
88 160
44 66
148 175
99 185
11 196
40 187
208 246
123 144
139 145
220 242
20 147
97 226
117 139
153 166
86 249
168 173
46 151
29 80
84 103
121 203
166 172
113 159
49 60
168 204
112 133
70 99
22 245
117 225
127 175
188 204
39 80
116 231
83 185
78 103
1 17
57 153
102 196
104 151
212 218
54 69
172 192
110 195
108 141
222 240
129 198
124 222
141 234
188 210
42 202
17 125
9 25
19 161
196 229
179 193
50 245
0 251
9 143
49 217
40 158
103 215
74 121
195 208
69 252
188 196
120 196
183 204
30 70
5 223
157 191
67 92
105 250
89 195
28 211
16 74
43 175
51 114
131 228
194 228
64 148
69 76
102 242
30 42
135 164
7 231
228 235
153 249
38 132
64 168
20 208
77 196
29 38
141 216
153 228
105 172
85 88
159 204
30 45
60 75
81 95
19 200
163 187
2 186
226 233
69 196
228 249
120 160
132 208
171 191
10 34
86 91
207 240
4 189
5 16
231 232
62 196
179 211
179 190
64 201
56 161
118 212
64 169
87 236
48 157
43 120
173 242
29 109
101 141
34 221
90 118
35 240
85 253
24 144
40 136
49 242
168 189
2 63
54 180
209 219
80 130
53 238
81 220
43 89
79 226
146 251
34 49
61 135
163 233
199 202
202 250
16 235
136 243
62 170
21 100
42 235
13 97
11 111
201 225
0 240
146 234
115 230
68 225
220 228
65 220
200 231
22 23
116 179
185 215
75 212
24 187
192 231
144 147
5 96
127 220
68 72
6 150
64 253
24 78
182 230
122 141
28 158
4 12
108 216
30 140
4 118
202 226
144 157
102 166
20 85
15 67
48 106
109 186
70 253
179 183
60 242
102 103
37 73
64 200
100 218
27 85
79 179
124 154
104 252
81 213
217 224
208 221
18 178
86 98
92 101
6 71
20 41
24 35
15 109
31 219
203 232
4 206
1 113
202 231
84 152
137 141
98 132
119 189
9 174
85 181
149 158
34 65
237 240
57 192
8 98
122 198
0 243
18 190
52 81
150 165
49 151
104 181
233 245
56 79
161 243
113 213
63 99
138 216
65 137
31 141
13 212
2 161
39 193
205 229
57 190
46 74
9 56
54 149
28 218
179 230
81 191
50 214
117 178
59 172
74 118
99 195
39 167
173 251
19 247
89 109
47 75
82 209
118 209
113 226
78 125
11 131
210 250
165 237
24 208
114 246
205 245
42 81
110 162
141 149
15 120
39 218
205 208
110 128
42 198
110 142
163 180
100 253
203 208
194 253
73 209
65 151
76 136
49 136
14 153
50 98
215 231
27 107
121 212
58 98
113 190
52 63
117 241
46 139
122 171
118 247
24 55
49 179
17 126
21 176
89 158
137 250
82 91
112 193
137 182
125 151
0 64
68 220
52 237
103 201
153 175
32 141
86 122
59 97
147 166
42 91
16 164
31 243
72 94
37 138
1 137
85 172
64 121
159 207
17 70
209 223
111 113
47 148
114 134
16 68
103 117
195 219
80 196
194 227
96 222
1 235
133 240
97 177
7 66
21 43
109 184
218 228
20 78
17 69
31 200
143 165
8 195
14 209
132 228
124 215
221 223
0 102
59 159
16 161
93 130
23 164
0 61
20 199
1 158
163 247
38 202
111 190
56 59
9 178
117 217
21 101
42 159
135 178
31 126
57 181
159 161
45 205
1 52
0 89
106 166
24 229
137 163
84 157
3 50
30 191
22 176
161 208
179 226
39 189
203 252
208 210
91 224
12 238
218 240
61 186
112 251
51 204
206 240
72 160
54 192
46 67
169 229
8 160
48 129
164 165
126 134
46 81
30 90
9 229
154 226
20 179
100 153
5 50
54 60
125 165
121 192
67 183
134 157
9 214
16 141
221 247
79 195
65 77
68 212
167 186
100 160
44 188
149 236
1 3
66 154
87 132
221 249
7 143
48 74
53 144
83 132
30 154
56 248
38 43
51 107
61 199
186 197
32 112
128 181
115 179
28 224
222 251
107 170
95 101
4 193
220 223
61 165
107 233
92 239
89 167
189 251
14 222
100 162
128 250
76 183
114 156
140 173
43 233
58 246
138 197
195 201
71 77
64 149
207 229
63 141
98 202
8 137
142 207
57 134
26 178
68 139
94 195
9 141
177 237
53 172
31 197
103 219
132 187
66 151
10 244
75 206
18 86
133 145
31 51
14 216
89 232
0 114
28 86
61 218
3 146
36 221
94 239
210 229
1 20
39 74
161 236
54 88
28 116
69 133
168 197
60 195
15 130
122 159
83 91
99 107
58 105
10 196
25 134
39 172
145 225
36 220
187 210
213 228
94 99
5 91
56 121
98 114
31 195
144 233
83 137
11 27
88 106
21 225
221 241
89 223
5 169
32 69
181 241
56 104
28 194
61 184
54 233
174 204
62 141
140 241
110 167
55 96
133 249
6 149
62 81
112 171
86 206
70 159
128 134
23 104
52 70
58 146
194 201
175 222
9 86
16 84
33 46
148 168
16 66
173 237
51 83
20 38
160 232
71 159
138 206
60 217
219 235
8 140
140 230
137 168
152 164
73 127
21 95
148 162
14 130
115 216
192 245
49 51
92 148
0 75
22 81
137 149
125 127
152 180
37 156
21 35
55 240
62 211
72 239
212 239
77 81
83 134
139 152
34 122
73 86
113 233
108 200
193 198
83 212
43 214
25 167
153 205
15 214
158 189
95 98
61 213
4 41
11 69
21 56
12 18
13 87
4 15
197 199
97 101
53 218
163 229
113 117
14 159
28 31
18 115
121 216
18 36
61 153
14 167
55 118
145 192
221 227
88 99
44 206
145 204
11 242
17 164
172 232
190 204
72 109
139 146
14 23
192 209
138 215
165 247
6 118
25 158
108 174
7 75
76 190
127 184
25 252
35 194
151 156
18 176
12 87
157 206
145 207
90 155
209 226
19 170
32 236
10 199
124 199
6 102
99 248
2 86
15 150
9 243
5 233
67 241
70 191
99 246
1 42
229 242
38 156
101 236
62 163
112 213
93 133
162 242
17 141
21 166
44 83
75 238
49 69
210 246
51 155
3 71
152 244
34 246
165 195
126 229
161 204
174 241
163 172
126 250
5 153
5 9
33 77
24 209
57 173
22 126
18 148
230 242
67 173
205 246
136 224
12 124
20 145
21 175
34 130
227 242
70 161
117 245
33 148
50 74
0 40
19 143
172 238
28 244
133 196
13 103
35 199
49 72
79 205
71 160
77 227
76 104
175 194
206 242
16 160
145 215
72 198
74 229
71 153
104 199
80 215
172 201
15 85
34 159
42 128
15 52
123 243
82 154
206 238
162 207
129 188
2 156
155 177
0 239
137 227
31 189
11 145
31 155
129 224
8 132
63 231
41 87
92 123
8 217
10 113
207 233
29 73
56 130
49 249
147 188
31 239
88 129
79 211
136 198
106 215
136 157
54 77
181 202
14 19
6 103
27 54
46 204
53 104
13 168
90 125
187 248
81 190
43 130
217 221
134 167
63 191
43 207
10 121
87 117
22 186
1 98
9 85
140 216
171 209
184 197
6 178
90 145
18 134
34 173
81 124
35 178
133 185
52 232
123 224
114 138
14 204
88 141
202 251
115 133
194 213
149 248
129 141
69 227
59 191
137 241
88 182
36 251
111 247
157 225
101 131
41 82
34 206
63 242
177 253
117 138
43 189
111 181
74 168
198 243
31 190
85 134
132 138
35 203
221 234
157 190
147 192
112 229
63 164
110 130
108 128
27 184
28 87
36 171
95 251
115 252
140 165
14 137
145 177
3 66
39 105
147 201
124 146
72 225
49 131
7 191
45 193
32 131
37 169
179 189
69 72
188 237
22 80
160 181
84 222
73 174
0 66
116 186
10 193
94 237
101 180
7 227
97 126
208 222
35 224
131 247
86 224
128 149
22 145
12 48
61 89
17 76
60 135
133 161
147 159
27 165
52 140
10 177
92 134
195 206
22 219
20 172
125 203
110 184
104 154
36 144
71 133
5 241
1 51
125 181
142 157
5 97
107 169
182 196
30 216
143 203
25 156
61 157
29 132
3 182
20 114
118 121
11 198
27 195
77 184
179 223
10 157
114 220
20 32
72 193
186 248
137 189
141 241
29 35
174 231
145 178
147 199
214 231
178 235
17 252
150 166
78 150
156 231
146 184
114 175
133 200
43 73
67 252
144 181
106 170
139 245
190 236
119 221
67 97
126 147
52 55
75 226
56 177
83 142
31 149
97 183
109 172
21 159
1 209
43 84
26 63
183 197
47 170
10 28
32 110
40 83
23 144
49 63
28 85
127 239
44 107
5 162
57 163
82 139
81 249
100 107
163 241
30 128
197 209
34 251
65 166
31 208
9 125
246 248
118 161
133 236
29 150
71 249
59 115
223 241
55 119
75 127
193 219
93 132
89 103
88 251
126 235
15 224
120 201
99 176
94 229
89 96
126 148
24 51
18 91
11 98
95 216
104 152
35 223
70 155
132 167
152 241
34 213
2 117
84 226
26 186
216 253
14 152
130 138
41 147
217 233
101 242
120 219
151 181
80 195
95 124
133 220
148 228
216 234
134 174
163 240
91 159
31 82
46 217
43 59
115 237
70 141
128 198
19 142
165 222
98 120
62 205
183 196
143 158
113 238
19 239
67 149
102 221
17 71
141 180
28 159
111 145
96 101
88 248
52 73
53 114
96 159
2 151
1 183
62 210
142 156
36 241
131 237
60 69
34 118
44 87
181 208
71 111
172 233
89 209
136 204
221 225
210 218
62 95
156 183
34 212
31 45
92 180
47 94
7 157
46 76
24 127
160 189
9 194
7 164
91 127
86 165
59 158
106 206
173 208
29 206
40 128
214 252
48 93
188 190
212 237
10 217
15 25
34 80
105 137
105 130
220 235
145 195
60 84
10 181
3 240
86 102
34 88
187 240
83 160
91 137
90 213
136 159
102 235
13 202
13 121
108 121
242 251
119 150
118 217
92 105
100 245
90 135
0 252
45 115
35 233
223 246
162 163
163 183
31 119
35 231
142 194
48 220
22 35
33 154
53 100
97 108
131 249
23 239
128 231
71 137
120 232
24 164
100 165
36 216
27 240
108 133
90 220
76 91
179 249
64 112
66 209
107 214
25 142
54 148
217 238
68 174
77 117
15 63
75 230
31 95
232 235
44 101
71 193
132 196
43 146
178 194
78 248
49 245
62 157
104 229
8 58
218 251
124 173
54 160
208 212
22 204
83 84
49 54
15 89
33 251
186 231
42 112
27 67
175 204
196 217
111 186
4 197
125 199
43 72
155 175
208 237
35 230
53 123
193 253
127 241
140 201
147 250
124 207
92 104
159 219
112 215
80 142
72 163
92 159
92 96
163 249
196 240
124 210
110 151
23 73
58 64
81 125
89 100
154 193
143 147
4 236
136 229
9 172
46 95
72 116
153 218
134 182
62 87
74 88
73 176
6 133
7 96
104 150
109 244
11 238
103 118
137 244
78 243
48 212
88 159
116 159
144 198
71 143
0 115
86 193
24 199
108 111
155 159
55 61
0 173
122 177
158 226
122 252
64 184
200 203
146 189
187 218
129 162
81 146
142 215
87 201
22 169
151 204
4 106
16 150
56 92
15 144
109 245
93 234
85 229
28 210
130 148
37 177
46 194
43 227
39 77
111 133
78 139
106 199
47 155
31 156
33 231
98 252
210 215
115 124
135 200
82 225
53 61
38 179
96 147
27 33
47 69
46 206
76 95
81 219
159 239
39 127
136 168
39 159
123 223
2 162
51 198
17 129
116 123
30 228
95 135
24 126
176 235
13 31
3 223
89 112
65 226
20 250
106 217
6 59
107 212
162 188
50 130
53 87
2 36
132 231
18 205
166 185
12 69
200 201
18 61
80 159
54 101
6 219
155 182
48 249
94 104
84 177
131 196
63 104
55 83
34 149
68 196
172 197
156 239
165 193
63 116
44 192
71 107
171 240
79 129
59 190
89 219
140 210
66 161
89 136
143 225
122 145
85 157
41 127
89 107
84 159
5 163
79 251
118 138
55 221
72 201
22 205
186 203
3 131
155 222
42 195
104 234
14 100
85 90
233 249
18 225
135 173
6 139
93 178
2 124
1 199
37 50
73 126
44 203
1 186
22 137
14 201
155 197
43 170
156 241
140 153
152 196
113 237
114 187
33 61
0 195
2 130
32 191
43 121
126 141
31 182
103 120
170 198
72 211
168 239
16 223
55 90
118 184
2 17
107 219
43 69
81 128
75 118
148 189
42 58
66 181
28 156
164 210
61 164
55 131
16 172
24 38
93 216
19 139
46 179
52 157
79 132
82 222
67 109
38 130
83 143
91 153
30 114
4 201
57 246
54 208
7 32
66 215
53 156
38 103
157 166
50 200
141 169
100 220
189 214
11 206
33 124
149 191
216 222
51 212
16 214
34 98
82 235
8 172
36 42
189 250
8 204
137 243
158 195
62 160
60 192
81 150
22 199
57 241
97 253
62 165
159 193
54 150
112 159
43 218
166 206
181 252
147 214
8 249
65 222
3 166
180 248
6 86
157 208
60 228
41 162
87 238
211 251
7 253
162 237
39 143
32 86
175 230
23 74
24 135
63 248
147 233
17 21
7 187
108 123
6 161
14 55
110 187
74 185
76 207
33 42
77 161
88 137
117 234
33 179
223 247
138 139
55 126
104 242
55 180
98 205
34 150
160 229
125 228
103 252
85 153
19 146
36 82
10 108
153 156
46 89
141 218
64 189
157 160
52 79
42 86
31 101
136 171
61 252
199 250
107 236
170 191
40 231
217 222
158 163
56 237
70 166
127 134
4 89
58 137
64 102
120 154
24 133
13 134
30 38
28 32
204 253
28 53
92 164
26 239
116 153
31 236
140 188
88 105
64 126
116 250
75 221
65 99
1 95
173 245
59 187
56 240
101 244
78 181
55 214
2 231
14 155
11 88
128 144
141 163
90 94
129 134
3 224
32 204
161 180
127 146
154 206
85 205
23 126
142 218
119 152
46 86
138 148
7 220
135 172
72 144
157 232
2 192
89 177
102 217
169 202
44 174
24 219
183 241
42 180
188 226
2 223
240 241
38 41
67 237
46 145
30 102
155 207
23 30
109 178
7 98
89 203
204 227
37 176
28 215
32 170
59 134
79 252
70 196
11 218
49 233
2 87
35 214
41 108
151 170
26 37
38 44
48 252
57 171
73 144
53 116
44 240
102 248
170 252
88 205
40 111
8 228
168 170
69 240
41 52
39 44
74 175
147 172
16 107
35 132
31 130
109 167
20 220
27 162
127 208
102 198
218 223
21 146
15 200
45 174
162 248
87 168
12 143
93 100
68 138
183 187
16 227
77 132
133 253
45 170
1 69
11 125
59 241
155 233
119 121
40 142
68 118
29 170
48 156
3 238
125 159
50 78
145 230
175 236
25 119
98 163
15 226
75 94
186 205
167 230
2 230
75 142
201 231
153 214
184 213
99 114
95 152
51 160
73 96
203 218
3 226
2 160
59 83
38 147
59 230
19 167
116 197
170 174
120 174
0 133
144 230
41 57
71 122
15 169
29 252
127 234
186 189
214 248
22 164
33 173
116 171
29 210
160 225
15 110
171 228
115 139
105 212
77 206
4 185
122 160
143 151
223 243
31 185
77 181
13 71
126 236
197 211
136 216
32 52
58 223
80 100
28 140
119 174
87 188
122 178
182 250
28 253
12 117
175 207
89 240
174 201
25 169
3 209
73 136
27 61
115 127
110 168
46 118
204 222
29 31
12 244
97 102
122 183
131 143
27 81
111 173
123 169
81 89
57 103
7 167
169 180
47 167
59 169
99 200
48 84
48 204
140 208
35 232
61 243
104 228
165 189
80 241
48 107
9 66
76 85
100 197
124 161
26 116
169 196
158 165
9 171
120 131
19 149
18 39
54 90
33 209
171 212
133 163
28 127
88 138
41 117
110 143
131 199
136 138
106 213
120 248
211 223
83 170
87 148
20 204
167 169
96 107
36 135
111 171
14 135
18 195
48 247
171 202
114 172
64 181
95 161
47 214
19 118
132 135
85 143
173 229
16 46
52 132
161 218
63 217
40 166
17 102
182 238
4 187
84 215
96 189
128 230
132 172
11 142
86 119
74 76
47 63
64 203
19 235
9 167
42 173
113 195
163 169
63 168
56 170
134 211
55 152
194 250
118 125
44 63
51 238
105 198
109 240
103 105
109 155
133 231
98 115
47 71
13 128
9 31
66 147
31 116
50 194
44 248
15 137
6 70
32 231
49 193
150 231
36 132
134 199
17 180
131 216
42 66
111 134
42 102
79 127
83 99
149 244
15 49
138 217
156 169
215 216
5 164
184 220
110 164
46 75
111 124
17 174
37 214
75 200
50 152
211 220
175 216
97 146
46 154
63 110
129 245
48 165
73 245
152 228
38 224
178 246
50 115
31 37
92 120
141 245
156 158
40 87
72 123
131 248
54 141
159 246
29 214
58 109
41 62
46 49
6 20
3 168
92 138
87 164
1 72
99 168
50 69
61 234
29 59
23 207
122 251
20 118
38 97
118 128
93 105
29 240
52 243
35 112
68 205
20 62
64 90
150 156
123 187
22 235
146 178
60 159
51 165
22 174
39 217
140 191
83 223
56 241
120 186
188 214
135 145
48 209
80 162
12 249
21 38
6 172
61 166
98 176
51 210
30 251
24 198
77 198
167 195
148 237
3 123
123 159
39 91
57 97
36 193
4 152
1 168
141 202
74 218
70 217
57 65
200 249
101 251
6 168
202 239
78 112
56 122
36 242
131 154
49 150
152 170
29 239
92 132
43 167
139 240
13 198
34 218
0 121
63 203
142 178
43 229
69 212
94 211
80 240
92 177
129 207
75 128
101 106
84 112
69 158
12 26
104 204
52 125
191 245
209 214
83 100
6 226
86 113
96 153
100 143
42 72
82 189
19 238
152 229
47 101
82 194
40 248
79 210
94 188
54 135
15 222
69 195
76 181
25 212
10 33
78 107
21 39
65 187
132 193
55 98
89 91
70 117
50 147
133 250
8 163
13 118
61 74
214 224
85 209
76 188
161 253
7 83
26 194
14 151
71 244
126 219
193 246
61 144
36 118
163 191
121 193
129 176
107 147
155 169
102 238
71 158
13 49
43 95
194 231
127 242
53 83
98 168
61 228
64 88
50 97
66 199
75 185
120 207
74 78
10 78
2 188
105 122
122 167
8 92
4 247
223 234
42 45
144 183
197 204
164 221
86 167
226 240
83 131
70 193
24 152
23 107
151 218
140 157
40 235
25 215
7 80
53 65
121 133
167 237
82 174
138 214
114 117
112 203
66 157
111 250
43 205
17 128
14 60
171 198
27 66
53 198
65 116
35 173
31 100
152 204
182 241
139 163
79 147
106 191
127 221
141 151
0 136
102 226
53 93
82 84
4 182
20 67
196 212
83 125
151 175
48 53
59 60
100 236
26 176
42 115
76 184
61 125
168 231
30 149
76 210
58 143
51 227
119 168
12 79
70 220
133 209
205 237
77 223
118 229
220 236
65 241
116 146
24 171
8 143
79 119
119 132
112 211
16 167
26 137
208 223
64 229
126 241
12 210
45 210
174 237
49 165
83 157
80 253
149 168
61 149
58 221
187 214
21 142
74 165
164 236
76 84
9 195
49 84
61 78
130 225
208 230
65 164
145 150
139 194
65 214
74 161
139 210
145 171
157 162
17 192
114 213
118 208
203 204
103 242
159 201
218 247
12 164
35 140
130 214
213 218
58 237
163 213
5 195
54 119
64 161
78 246
25 26
99 104
28 89
9 206
35 67
65 78
93 168
189 204
232 246
64 71
0 67
137 228
47 236
88 125
6 36
86 243
24 179
33 168
102 116
19 217
152 158
172 214
93 241
72 110
124 185
116 248
103 166
161 231
53 88
2 129
215 223
5 39
17 44
236 247
133 158
97 134
37 221
166 253
6 114
112 147
53 217
161 233
92 203
3 253
114 161
91 230
131 202
154 209
33 253
38 235
