257
9
8224
60
164 2
99 2
133 2
214 4
125 2
237 3
231 3
118 1
159 4
201 2
138 1
105 1
192 4
211 1
122 2
166 1
191 3
121 4
170 5
208 3
127 2
151 1
243 3
174 5
236 2
180 1
203 5
195 1
215 3
130 4
115 4
127 1
130 1
144 2
174 1
211 2
219 5
138 1
221 2
211 4
100 4
176 2
124 4
101 2
134 5
122 2
208 2
204 5
134 4
166 4
101 3
179 5
177 2
157 2
217 4
112 2
240 2
168 5
221 3
156 1
193 4
186 2
185 3
116 1
205 2
168 3
189 4
170 2
143 5
217 3
118 2
174 4
186 1
191 1
182 3
137 4
220 3
141 2
228 1
127 3
147 5
123 3
175 4
150 2
175 1
229 5
171 4
161 1
241 1
205 3
158 4
220 2
168 5
198 3
182 3
141 2
134 2
192 4
187 5
115 4
239 2
145 4
217 1
208 4
185 4
122 3
132 5
213 5
216 1
214 2
242 5
198 3
220 3
164 4
107 3
160 3
138 5
135 1
239 4
237 4
109 2
138 1
174 2
153 3
130 4
198 3
145 2
116 3
143 2
240 4
222 4
210 1
99 5
239 5
219 3
187 3
204 5
171 2
193 3
239 5
109 4
158 1
131 4
183 5
105 5
235 4
225 4
101 2
106 4
200 2
221 3
136 4
186 3
171 1
184 1
246 2
182 1
197 2
141 3
228 3
106 1
233 2
196 2
186 2
146 1
208 5
182 1
104 4
134 3
105 2
172 3
130 2
156 3
117 4
150 2
161 5
220 4
239 1
134 2
230 2
222 5
229 4
133 2
212 2
168 2
177 3
123 4
230 3
181 4
189 5
204 3
110 2
242 5
246 4
123 4
235 4
108 1
111 4
108 2
215 2
243 1
176 4
235 3
196 2
223 4
174 1
131 5
211 1
208 5
173 1
152 3
136 2
129 3
190 1
194 1
159 2
101 3
217 2
223 2
113 2
204 1
237 3
210 4
178 1
177 2
177 5
171 3
180 4
144 2
158 5
228 4
164 2
198 3
241 1
220 1
225 4
177 2
175 3
135 5
232 5
237 4
241 2
115 4
134 1
183 3
163 1
169 3
200 4
113 4
110 5
123 4
242 3
245 4
235 5
159 3
224 3
160 4
136 138
76 214
186 192
217 220
144 221
138 175
206 229
23 104
181 221
85 86
135 225
76 115
19 200
42 45
54 135
24 54
65 209
93 113
128 176
8 92
32 48
106 117
35 135
17 230
75 88
120 144
232 236
105 117
212 248
139 203
46 159
135 243
75 109
59 75
192 204
6 142
49 89
244 247
14 151
0 239
54 118
11 176
64 76
2 207
52 160
76 152
86 235
145 153
43 175
193 212
148 184
237 253
11 63
17 74
48 96
6 252
157 200
116 224
162 177
20 248
88 89
106 240
158 244
225 245
56 110
69 233
95 96
93 124
98 131
70 177
122 219
8 237
90 253
51 185
29 231
7 188
5 201
81 84
102 108
82 97
213 229
212 230
76 89
95 173
53 61
185 224
127 182
103 235
19 116
40 154
43 195
71 193
111 119
169 222
71 134
35 157
107 210
36 130
22 152
141 169
168 221
100 167
124 139
52 135
144 236
24 26
114 237
8 227
136 152
66 160
25 90
105 146
136 221
3 166
28 186
25 123
32 197
119 142
42 64
38 181
44 232
151 160
70 146
186 201
95 100
169 244
18 104
95 165
180 186
53 103
10 156
161 250
196 201
33 59
151 178
182 235
66 211
119 183
71 255
152 246
217 231
29 130
12 82
73 136
43 243
53 142
10 116
45 90
98 228
53 90
1 174
133 218
113 210
21 233
70 185
35 98
204 216
190 210
111 232
2 73
205 218
61 210
108 216
20 82
113 241
208 253
90 160
198 212
101 163
78 133
45 51
77 107
5 178
188 247
98 105
10 126
101 138
0 175
145 163
210 222
87 128
154 173
58 114
128 221
132 222
16 23
121 163
37 143
98 143
31 220
12 224
14 117
0 240
174 211
15 49
141 207
72 180
182 195
62 86
20 233
10 225
136 137
35 92
71 171
13 59
5 198
29 105
82 178
46 121
144 156
58 249
167 230
42 226
46 221
125 209
27 29
111 135
223 228
122 247
126 147
14 72
173 252
65 86
54 223
108 144
60 117
16 216
7 52
59 230
86 171
49 72
41 93
8 178
184 228
30 206
8 242
90 94
58 184
208 218
119 224
208 234
18 70
143 149
77 147
49 144
8 38
153 192
35 36
152 220
46 205
46 147
211 250
174 230
33 208
220 229
15 65
250 253
203 214
95 187
157 211
22 168
53 173
197 239
26 49
23 37
63 224
9 204
195 197
40 216
47 200
129 156
123 198
232 238
12 172
180 223
58 103
52 171
31 189
1 247
17 49
145 186
156 242
179 202
205 255
49 203
228 232
95 158
122 127
156 237
99 124
60 120
56 234
133 207
47 68
49 179
151 197
115 149
57 153
180 231
68 256
92 197
21 87
51 110
38 134
189 197
94 157
64 164
13 247
193 230
153 215
38 167
102 256
118 134
184 251
195 196
32 235
48 232
68 165
53 218
154 156
98 99
13 67
26 194
55 124
115 126
194 200
138 143
30 96
61 121
100 158
161 247
57 77
13 169
34 96
30 169
35 132
248 253
56 123
86 186
50 226
9 155
64 122
165 251
11 168
196 209
157 198
20 145
196 214
71 99
158 190
18 52
167 244
94 97
126 191
61 230
7 215
37 113
63 127
76 119
49 98
75 154
128 167
183 232
175 190
60 193
214 243
49 169
162 198
46 109
165 210
146 170
99 243
70 172
67 130
79 108
25 31
106 243
63 191
69 154
17 196
100 246
87 186
50 63
45 160
158 180
210 245
72 251
60 123
141 156
7 27
75 112
62 85
170 243
129 144
58 246
100 145
14 169
129 142
4 173
121 142
66 185
115 127
21 227
8 202
81 253
171 172
112 156
14 81
87 140
172 245
27 231
136 145
109 194
234 242
16 203
136 249
87 230
194 214
102 126
180 234
80 148
152 192
189 202
37 229
166 167
85 105
57 194
134 137
107 141
167 235
27 118
89 206
15 31
39 66
89 158
14 122
196 254
10 54
6 100
33 133
56 247
188 190
22 153
56 231
98 222
83 189
26 251
6 90
49 234
166 220
110 122
1 139
17 65
47 147
64 204
78 102
131 213
62 109
34 132
247 251
25 45
31 88
81 183
71 167
132 182
3 225
105 182
117 222
80 154
144 172
28 183
10 27
27 196
75 149
8 240
37 128
120 205
88 143
132 242
127 254
102 238
217 222
7 124
48 86
130 179
126 189
105 167
3 237
84 192
110 137
84 184
102 213
11 197
77 203
70 87
118 232
181 215
133 187
121 217
47 243
0 37
123 220
58 82
184 201
117 253
73 130
147 161
119 216
68 172
96 248
88 220
35 197
3 255
137 180
165 185
103 176
6 140
28 216
141 239
69 159
88 157
85 98
46 101
163 195
136 208
174 188
34 70
61 248
193 245
87 88
82 236
221 234
143 156
43 155
83 191
16 233
215 248
89 207
224 241
209 255
160 205
171 185
175 242
47 252
54 159
20 169
210 229
22 34
10 193
82 227
17 34
133 220
14 61
224 228
44 228
139 207
9 222
26 129
29 115
25 246
37 140
84 129
20 23
49 77
52 136
49 128
137 142
157 219
120 127
218 238
1 178
14 168
29 119
24 96
78 129
235 255
62 197
60 142
9 126
84 239
50 65
115 198
5 246
65 237
149 201
33 180
77 82
54 122
139 154
42 73
212 221
4 154
22 61
157 252
23 137
58 80
54 107
124 246
139 225
64 223
182 233
104 152
9 201
195 210
65 226
52 218
202 208
123 185
18 24
74 94
28 148
32 156
0 111
129 199
171 254
15 80
33 181
141 189
42 131
61 142
56 255
117 130
67 207
72 236
3 102
189 240
30 158
82 204
122 235
101 149
23 55
6 241
226 245
223 227
46 76
43 133
131 189
218 242
5 153
24 178
50 217
96 184
10 205
112 227
20 241
54 244
131 235
214 252
224 243
27 144
164 256
211 239
48 158
183 254
216 236
39 94
55 170
103 220
170 215
14 143
180 229
86 137
37 54
33 195
217 223
175 250
73 222
112 213
10 133
22 44
22 46
148 182
57 103
15 122
2 109
24 231
71 253
21 155
100 229
188 221
34 148
43 44
120 256
7 231
82 127
69 160
188 240
137 209
189 247
109 112
89 100
137 151
103 202
7 60
11 155
69 210
91 238
55 125
60 248
191 253
101 238
80 218
43 208
118 120
5 179
116 148
189 213
90 147
144 227
1 141
67 84
36 176
22 82
66 244
19 55
21 249
4 60
102 137
63 245
115 218
181 185
52 124
173 201
96 129
1 208
221 223
84 171
97 119
126 186
6 45
249 251
89 212
22 255
34 246
63 144
33 256
157 217
31 44
107 182
173 213
89 132
78 199
214 228
48 118
59 108
208 213
5 36
194 197
226 249
2 80
70 237
55 73
155 218
171 177
29 142
130 236
125 142
81 236
16 110
99 246
12 173
80 98
14 157
32 189
72 124
1 210
59 107
54 248
55 223
149 240
131 219
12 49
55 176
88 95
5 33
96 156
126 212
140 169
76 223
7 168
117 157
119 220
40 66
54 236
99 213
10 58
60 240
101 187
227 242
5 189
83 203
134 232
100 198
170 184
15 20
50 191
92 135
92 157
113 175
221 248
105 214
69 198
52 165
77 218
100 126
142 222
174 233
126 187
0 41
179 232
21 124
91 236
5 73
3 95
156 174
92 195
42 121
94 172
132 207
17 239
159 197
170 250
28 243
211 229
44 64
159 253
143 237
19 144
196 198
142 166
38 123
1 26
115 128
9 26
174 184
36 239
152 252
110 202
47 232
11 142
159 223
10 113
100 180
78 169
28 66
194 248
158 177
28 155
44 82
95 160
171 222
3 145
186 220
1 119
24 47
167 217
12 203
120 225
102 121
142 170
86 139
214 250
230 238
33 117
187 233
146 198
50 153
32 239
12 77
12 129
72 155
13 139
117 158
129 219
15 256
125 252
152 248
92 214
45 71
10 59
79 87
187 207
134 191
37 244
31 200
108 247
88 226
103 168
122 243
17 243
225 255
25 173
110 187
63 145
4 84
82 86
181 245
62 155
20 202
106 165
31 217
74 141
11 40
16 161
24 250
21 67
89 179
55 177
112 224
135 139
10 86
57 161
109 236
195 237
200 233
215 226
61 166
95 147
95 103
145 221
231 240
0 183
83 223
76 252
193 246
45 87
182 204
29 154
210 235
24 146
192 225
167 247
163 239
36 144
177 188
197 253
62 112
178 250
95 229
188 220
33 136
11 100
152 161
59 183
178 237
79 104
68 132
45 91
46 58
113 223
94 158
134 179
0 129
184 189
3 116
22 187
215 222
99 118
29 108
74 201
177 209
14 188
7 55
30 179
43 252
62 199
140 166
7 222
151 226
148 183
48 236
79 221
12 108
57 253
72 120
140 174
181 209
31 240
105 238
3 48
10 85
11 143
142 216
53 233
15 225
113 225
140 222
24 182
65 101
145 214
196 229
41 126
95 129
179 199
114 207
23 51
74 138
23 203
72 182
91 177
4 126
16 35
59 172
13 245
139 239
82 170
114 128
122 217
52 138
128 129
53 234
105 252
143 191
31 64
46 72
2 189
13 223
176 232
133 232
136 255
41 207
70 107
103 236
31 128
61 153
56 86
105 156
112 139
125 130
3 90
110 148
70 231
188 198
49 163
211 238
75 179
111 240
4 207
48 126
34 181
22 244
13 203
101 182
47 56
9 94
200 208
27 251
100 201
126 208
7 184
103 219
8 148
67 118
38 46
166 252
30 171
45 113
176 245
226 256
31 182
65 105
154 194
121 201
149 190
58 180
94 139
52 132
71 72
213 218
8 102
41 186
136 196
65 144
21 151
113 179
63 70
87 219
0 69
91 192
10 177
52 190
34 68
65 95
165 167
116 241
249 252
95 248
61 172
142 158
179 209
79 249
99 127
94 121
25 208
35 256
25 232
62 165
244 248
18 247
107 243
134 205
157 238
156 159
187 239
109 226
29 235
170 225
161 227
97 225
55 133
83 108
68 141
91 149
21 118
54 190
40 213
24 129
33 79
152 242
141 199
40 113
7 247
77 142
196 221
218 253
122 186
118 229
35 209
8 128
54 255
25 182
41 254
50 110
22 226
99 216
23 133
119 225
25 212
12 195
33 41
192 216
68 194
38 145
56 102
34 101
59 148
63 231
163 184
28 106
162 235
16 144
76 118
182 242
15 46
28 139
99 198
60 220
82 110
218 236
248 251
39 54
47 85
156 168
53 171
23 214
75 221
37 173
23 67
71 165
56 126
26 255
37 166
134 136
126 179
91 194
47 51
5 28
97 171
185 250
74 142
36 134
130 229
199 226
132 144
21 27
22 115
46 146
38 150
150 219
118 179
25 53
113 207
20 121
141 181
118 236
155 198
18 188
48 245
78 217
190 194
206 252
5 159
157 177
75 82
38 88
115 148
105 183
65 77
77 213
34 116
43 141
42 212
156 209
93 178
79 114
91 179
82 235
217 244
149 216
55 97
139 149
96 246
82 113
80 241
34 208
64 235
136 186
94 124
38 56
139 245
50 88
17 254
57 68
61 197
48 221
49 250
10 134
74 246
34 71
19 73
21 135
25 205
68 182
119 147
39 205
23 119
137 235
141 237
37 236
97 185
39 61
97 125
36 129
25 192
120 204
34 82
103 201
35 61
15 41
150 240
88 103
70 158
184 200
81 181
88 185
107 149
44 255
3 167
147 170
67 138
223 256
56 71
62 201
3 192
12 32
53 186
229 238
21 28
106 210
162 169
10 216
23 227
6 229
139 171
62 216
128 249
74 104
3 241
1 204
69 158
73 206
128 140
147 222
51 229
58 117
92 121
136 236
62 95
28 137
13 110
2 196
79 191
27 197
111 194
14 51
155 250
133 235
20 167
92 126
13 78
86 106
39 166
191 252
104 223
184 227
148 210
36 170
190 238
146 214
187 211
73 231
21 34
203 233
33 234
3 131
229 256
160 200
77 109
91 251
100 209
30 247
146 233
202 240
53 155
43 172
81 127
48 54
33 218
51 216
31 155
38 177
100 162
0 185
96 247
47 160
53 79
220 235
121 179
24 216
38 164
6 60
143 161
58 239
227 245
115 152
74 247
152 200
67 220
2 126
101 152
27 63
66 150
76 218
103 237
39 143
14 182
46 57
140 213
52 205
134 208
82 183
138 184
113 188
30 37
9 251
7 208
170 244
198 209
5 126
5 13
87 194
36 201
197 238
58 224
59 104
106 118
31 82
76 125
27 73
53 225
142 209
1 29
24 112
29 122
16 210
148 211
161 218
230 241
103 248
207 256
146 197
64 246
59 146
45 82
9 236
76 110
6 53
81 163
34 195
29 204
30 195
230 240
144 189
217 230
244 253
71 232
14 130
149 236
93 251
13 131
29 255
121 191
115 174
113 204
61 119
132 208
174 176
0 99
17 157
3 63
110 243
117 129
44 204
33 255
42 190
176 228
83 123
103 149
105 189
114 205
91 123
40 104
131 220
118 211
189 220
32 175
9 129
151 222
35 111
102 111
141 225
50 238
107 213
44 149
76 196
164 244
12 254
34 133
61 214
116 194
23 40
11 203
37 45
71 222
218 248
71 75
22 114
72 235
49 207
125 236
120 125
182 185
69 122
57 171
0 21
115 151
68 142
35 176
88 214
61 108
37 71
37 79
169 196
177 234
133 191
144 200
141 254
51 115
110 171
41 135
163 215
58 157
72 116
65 223
2 157
143 168
12 246
173 250
177 210
10 194
160 225
77 164
78 254
58 250
40 179
65 192
86 224
31 172
101 223
160 230
123 148
33 168
5 182
155 162
135 157
22 132
121 155
47 84
90 166
152 240
109 234
132 191
45 152
122 244
138 236
28 171
44 248
80 179
133 206
151 168
128 245
57 188
140 236
30 103
129 223
108 125
159 231
33 236
24 97
36 152
56 120
4 56
18 235
7 147
125 249
151 204
127 143
52 137
46 56
68 136
36 177
5 229
59 136
118 250
59 76
32 227
61 117
141 228
91 110
37 111
154 238
123 164
54 120
97 196
27 28
145 178
19 36
70 83
167 203
80 205
189 224
29 182
53 248
79 140
243 252
116 166
108 118
32 186
37 60
51 255
47 131
58 176
82 112
24 247
170 178
33 112
66 247
118 245
190 252
143 170
38 43
55 253
47 141
154 223
183 250
26 79
100 235
72 168
44 105
7 240
10 182
36 153
75 133
72 150
142 157
124 149
207 236
22 86
189 215
0 117
31 229
136 199
72 80
74 153
56 121
95 108
98 164
35 251
0 128
34 238
1 69
89 122
79 182
37 251
42 200
46 191
64 96
26 231
0 246
94 185
28 75
53 83
100 151
89 154
28 114
119 164
77 206
108 196
94 130
65 107
2 216
163 175
9 139
167 243
181 234
13 122
111 133
104 211
27 130
3 256
175 213
109 181
0 50
71 131
74 124
206 240
176 236
0 104
51 223
74 252
124 256
184 250
99 177
170 256
41 125
58 81
22 32
124 255
8 185
67 152
125 188
143 230
6 32
166 204
26 98
60 67
66 203
125 194
9 211
212 238
159 218
64 183
23 132
223 254
60 187
39 87
50 231
6 20
72 193
17 146
140 184
36 190
28 69
128 179
93 171
132 236
66 170
81 207
79 213
2 194
23 102
30 132
105 216
122 188
137 254
191 195
102 163
81 134
55 70
48 143
86 234
10 131
46 252
170 191
64 123
34 228
64 71
92 256
6 162
146 200
13 222
32 97
139 209
150 207
100 238
95 218
155 178
103 180
235 239
36 185
29 228
182 248
102 141
108 210
31 205
105 151
45 72
2 166
167 212
37 62
128 255
41 154
116 249
5 14
36 191
144 185
78 220
72 117
145 193
112 124
184 206
182 218
86 132
99 197
90 247
152 235
10 108
152 202
144 250
14 233
7 152
83 228
217 234
147 226
53 211
202 236
119 236
94 231
133 176
123 195
30 58
53 243
103 127
56 69
13 75
46 173
197 209
98 144
183 236
61 198
204 246
12 50
4 241
45 185
128 171
104 182
116 122
170 210
59 85
143 152
75 242
95 170
182 253
28 227
8 90
98 182
207 223
61 75
250 251
34 186
2 224
75 241
7 42
124 126
52 154
55 239
6 237
68 151
120 121
96 146
45 50
4 37
13 207
148 212
211 219
62 180
19 208
182 234
199 240
155 190
10 203
9 216
156 200
20 119
181 217
77 237
50 158
43 245
45 178
125 181
46 106
105 119
149 217
79 149
95 111
14 146
51 186
122 252
11 78
55 119
111 117
30 110
121 177
60 74
93 141
9 136
54 72
174 222
57 59
25 225
60 236
55 154
19 244
29 234
75 91
33 192
3 62
12 37
12 201
57 208
10 81
130 206
82 119
91 218
21 146
121 164
93 200
111 127
110 152
12 73
42 116
99 142
60 167
113 172
14 127
90 122
23 220
118 234
32 255
15 67
21 240
11 225
34 154
13 201
13 180
90 101
93 227
158 207
4 94
18 185
24 145
220 232
4 181
81 228
65 143
99 121
137 166
112 199
22 214
175 223
39 118
32 249
92 179
93 233
199 209
40 238
65 244
150 235
107 198
10 77
156 228
33 248
6 102
48 241
61 207
59 144
141 212
96 199
52 247
52 76
171 224
31 134
5 83
3 109
160 201
111 188
13 151
155 206
46 126
13 240
21 115
58 210
103 192
52 134
124 186
42 146
0 95
57 204
54 142
13 95
159 256
50 105
152 170
85 241
25 59
30 109
46 130
119 193
52 180
73 98
164 204
38 248
50 156
14 150
158 182
66 126
201 232
43 250
13 190
73 205
23 91
2 71
33 207
53 167
39 56
47 168
28 159
77 221
159 214
18 236
14 203
87 211
65 248
167 187
27 156
5 26
7 13
2 97
204 220
16 139
155 229
35 232
97 206
179 182
76 204
25 109
33 63
57 227
114 223
167 168
204 252
56 104
138 229
60 108
17 168
69 175
24 33
107 203
92 180
0 211
49 227
54 110
134 199
17 128
219 225
82 133
75 215
179 196
48 197
76 139
38 223
73 208
19 49
51 163
46 49
203 241
54 181
46 229
144 180
23 230
96 219
152 160
61 144
164 238
47 50
0 126
32 213
185 203
31 94
141 223
156 211
53 67
53 111
150 221
29 242
195 204
44 173
97 167
42 108
145 252
48 204
100 159
147 233
4 112
127 173
186 239
24 124
40 205
199 214
83 139
24 86
6 30
11 179
128 134
102 228
1 150
18 62
99 113
171 253
121 126
78 221
39 232
115 122
25 154
52 114
7 143
121 234
37 70
111 120
151 203
104 218
47 92
221 230
149 214
94 133
138 189
64 133
32 131
77 169
8 45
115 256
127 251
157 215
29 84
193 253
27 154
201 254
140 145
237 255
180 224
123 238
13 231
26 209
107 212
35 82
29 212
52 148
25 116
34 215
26 155
63 210
41 198
35 188
85 151
113 222
38 153
14 126
2 54
112 232
15 237
84 120
57 158
14 158
29 245
147 249
67 161
30 137
53 221
69 150
63 126
102 172
82 176
114 245
2 65
108 240
22 184
164 169
67 158
53 100
59 199
79 255
28 195
4 253
150 248
26 51
181 200
38 66
31 39
16 146
211 256
78 204
218 241
64 131
14 228
132 195
72 256
13 244
163 254
53 141
2 28
43 113
134 217
6 39
110 194
23 194
40 169
36 51
78 121
88 167
126 242
134 173
99 256
20 198
63 241
62 93
178 204
63 252
214 229
68 158
37 50
133 196
49 149
76 231
89 99
154 168
13 183
106 145
44 139
86 228
77 195
136 168
155 201
60 177
14 55
19 136
25 75
189 251
107 177
141 159
80 220
151 165
53 194
80 195
188 194
31 196
137 191
25 199
49 55
230 246
97 234
88 94
34 170
195 233
33 244
101 121
51 250
86 242
74 108
117 248
75 192
0 192
106 152
92 224
164 197
75 197
18 153
76 253
10 94
44 240
41 68
91 119
61 251
38 194
19 22
6 245
137 214
62 179
75 89
13 100
45 48
99 178
177 205
7 79
126 169
160 244
51 118
90 216
235 236
51 217
135 136
94 216
46 226
27 232
98 121
20 181
91 221
34 72
13 184
156 184
18 200
141 162
42 235
195 242
104 169
66 146
29 153
73 244
3 174
159 166
80 136
110 222
74 157
23 89
31 147
25 122
104 146
74 75
127 232
151 253
126 138
8 208
54 220
68 101
59 97
33 45
49 84
85 144
23 123
127 206
0 26
63 174
63 215
91 103
98 167
41 124
23 66
82 218
67 231
26 180
3 220
170 238
74 256
106 199
55 144
3 41
62 66
125 189
29 70
23 120
63 98
2 26
83 120
164 176
167 185
119 146
93 235
37 189
192 201
54 65
36 200
124 132
145 172
164 250
83 161
126 238
64 151
169 223
34 254
163 177
89 134
168 209
184 232
66 255
140 204
67 81
23 31
112 203
112 149
61 86
1 30
17 118
4 191
6 80
67 177
82 109
53 191
7 81
83 245
21 62
2 133
86 101
32 221
28 209
158 215
101 134
70 117
161 210
78 245
117 163
61 123
24 25
163 240
76 227
114 178
143 241
33 204
39 174
0 242
72 167
39 155
94 223
12 207
135 140
18 165
29 189
42 253
152 167
169 231
108 248
143 231
58 242
157 179
22 229
107 256
30 125
18 173
204 227
76 141
29 203
23 179
101 116
41 158
84 105
0 20
146 208
29 238
9 81
144 169
62 122
139 192
53 188
1 28
34 75
156 212
142 190
141 215
142 245
82 85
169 181
31 210
29 162
21 198
45 192
17 117
108 223
2 5
94 174
139 242
58 65
90 214
226 252
7 243
143 223
108 111
31 242
3 238
58 165
60 110
74 162
7 214
42 153
103 147
110 145
32 154
91 175
200 231
38 213
115 194
102 114
127 181
156 189
142 197
29 133
44 166
43 182
142 246
113 193
62 222
10 178
72 119
231 252
139 219
53 235
177 203
139 146
11 187
24 102
105 157
151 169
188 202
91 156
190 193
98 118
67 175
6 105
137 223
89 251
159 202
224 244
127 188
8 21
64 217
79 190
153 154
55 116
1 63
127 179
163 165
177 226
32 135
189 227
109 146
86 183
82 251
29 196
79 129
224 254
106 231
12 236
92 206
54 206
28 241
100 171
54 207
135 165
129 186
130 152
62 140
88 107
5 228
195 202
159 222
96 173
166 218
116 229
201 207
55 121
23 30
37 131
34 224
28 196
55 143
146 171
91 144
0 94
111 218
122 254
56 107
67 104
7 51
99 223
168 178
75 155
24 128
163 248
19 214
163 251
144 193
5 94
162 227
64 225
219 231
87 146
78 216
102 166
14 57
85 140
214 216
68 73
32 113
41 108
53 202
83 222
203 249
16 112
46 172
34 218
33 219
183 184
22 107
139 182
167 214
111 248
13 126
137 172
56 64
15 27
34 66
79 232
105 131
241 251
154 200
43 213
58 226
194 234
190 201
54 237
106 215
102 255
115 133
117 225
157 232
81 210
135 244
149 182
73 190
69 143
99 160
17 206
88 141
180 192
107 191
74 196
86 164
16 226
132 238
2 47
28 118
209 256
43 125
11 248
97 160
31 157
8 243
159 252
72 207
196 235
30 127
95 205
204 249
195 250
27 57
28 248
27 181
45 206
148 221
209 217
55 245
54 231
199 228
53 256
37 181
67 127
117 153
53 206
162 228
229 240
81 226
1 100
53 69
69 228
24 100
81 173
20 206
100 134
53 80
69 121
107 251
199 201
165 246
149 249
146 184
172 228
22 228
1 167
48 124
110 131
107 116
180 193
102 196
42 123
47 210
171 255
159 208
4 248
101 158
68 179
107 226
117 164
11 18
23 26
21 216
89 208
5 119
180 181
75 198
218 252
224 230
15 23
58 247
139 196
8 59
67 187
102 129
64 99
7 181
38 53
88 98
212 222
141 191
31 232
34 138
63 125
76 83
35 198
63 83
53 108
1 91
189 191
28 169
103 105
61 164
163 192
127 138
149 176
29 172
18 139
68 123
117 126
83 136
185 255
41 49
156 235
208 223
129 148
20 252
49 112
165 172
74 205
58 129
60 234
223 233
165 190
142 155
172 189
73 242
116 216
56 131
153 198
25 172
17 47
158 164
8 125
174 215
34 100
43 101
193 201
0 144
39 209
194 210
58 145
143 214
80 81
76 205
15 111
61 87
171 243
69 239
142 194
86 96
93 256
92 168
184 220
151 199
142 242
192 226
120 136
47 226
158 206
7 128
42 88
7 176
101 181
56 144
91 116
64 165
44 239
23 68
47 222
66 140
37 217
204 233
61 67
141 164
34 123
66 188
18 31
124 164
0 64
9 71
62 110
48 199
91 117
107 221
212 224
112 164
49 65
116 222
106 138
7 41
231 242
98 107
48 256
30 249
122 155
69 178
106 244
81 85
99 184
98 211
63 157
171 245
99 221
110 185
38 120
120 249
149 239
102 192
30 146
32 33
29 180
0 74
144 220
202 230
62 227
3 233
24 66
107 142
23 162
151 242
64 135
116 147
49 178
37 98
44 48
70 118
191 243
30 159
116 158
5 59
89 92
44 158
22 125
104 208
144 239
51 162
213 228
69 241
127 172
42 229
50 152
86 256
77 99
145 240
110 223
4 14
62 70
36 164
26 250
108 122
34 125
110 169
39 55
22 57
145 227
102 106
228 252
114 158
89 157
28 123
23 113
126 249
45 205
148 206
109 243
97 170
131 222
80 251
46 82
110 238
80 120
67 134
65 188
35 170
15 104
157 227
32 40
47 143
34 89
101 147
32 214
92 154
25 144
91 197
132 212
1 101
25 119
39 207
100 194
193 240
34 43
15 179
74 212
125 193
5 110
14 100
42 147
185 238
118 182
110 198
37 69
214 231
74 122
201 218
102 151
228 229
62 145
113 255
8 195
45 194
87 159
107 114
248 254
57 238
82 225
138 173
172 231
41 168
39 149
133 212
21 109
66 123
101 148
57 89
2 230
74 231
58 86
54 160
101 195
70 194
36 219
102 193
0 102
205 251
50 131
126 229
73 193
16 247
108 155
53 251
147 148
78 244
29 243
4 149
168 248
36 105
94 200
239 245
186 188
62 175
185 214
89 173
130 182
164 224
12 226
30 105
21 119
22 103
102 231
36 178
238 243
21 60
21 140
139 175
134 189
58 148
32 98
7 217
21 65
88 208
46 219
0 232
46 255
67 211
38 49
42 120
144 218
140 223
59 252
91 220
47 190
4 47
81 155
40 256
76 134
229 253
7 53
4 55
232 243
16 176
154 176
76 238
97 227
5 62
211 223
93 128
111 140
108 249
1 75
37 115
67 106
60 163
161 181
71 77
205 231
67 249
5 137
71 91
78 108
36 217
45 120
145 207
55 146
32 106
103 252
24 98
73 107
28 91
102 209
66 114
118 162
77 243
80 227
75 186
42 56
77 250
67 139
33 199
130 216
75 99
64 220
57 66
13 53
98 128
11 97
77 240
43 251
149 177
61 115
10 44
145 206
73 209
47 117
26 92
88 187
76 84
112 167
192 198
82 255
50 138
29 163
1 49
81 100
178 190
31 233
73 171
121 222
130 187
206 222
55 222
55 208
105 166
53 196
111 152
115 244
34 147
125 202
79 241
222 240
77 141
71 243
69 219
151 154
18 171
134 218
38 242
220 230
185 242
27 38
91 250
152 154
195 239
114 233
56 139
138 222
1 42
52 185
66 171
147 188
5 53
38 211
97 165
60 254
127 248
180 235
252 256
13 217
90 233
160 182
166 217
60 197
92 217
128 217
28 40
221 253
51 149
183 188
94 241
24 69
197 248
24 139
10 209
119 123
41 105
156 227
53 168
15 198
96 235
9 19
165 168
179 230
53 197
4 166
91 243
32 248
48 93
79 155
106 107
37 91
199 251
158 242
102 133
28 250
77 135
43 98
35 230
114 163
6 176
81 149
113 165
161 189
55 150
60 161
136 187
182 245
61 112
16 21
159 200
55 183
81 195
5 230
88 104
114 177
169 201
11 33
167 186
28 192
2 238
47 152
54 213
51 97
247 254
48 65
61 151
185 188
217 242
32 159
70 76
50 112
31 75
144 145
220 227
53 182
135 196
134 225
29 106
155 239
136 193
204 207
81 145
137 138
217 239
1 225
76 182
147 227
21 111
143 251
73 168
19 133
77 95
36 237
108 154
10 224
112 186
135 163
29 214
23 84
147 243
100 256
88 114
29 124
30 71
49 127
16 28
106 122
45 153
5 157
91 213
20 232
235 249
184 203
50 235
52 194
51 66
6 141
20 215
159 188
62 129
153 212
12 23
101 131
35 203
191 202
12 130
118 186
8 135
59 132
5 190
158 202
45 109
55 100
107 146
64 199
69 92
203 248
147 150
99 130
141 186
97 241
124 147
14 32
54 71
166 196
33 251
20 222
51 226
63 213
134 234
169 255
171 226
25 70
178 249
89 189
84 194
55 219
33 247
88 145
9 85
120 243
15 134
34 121
62 123
75 252
4 5
45 211
124 136
197 202
66 172
122 193
50 84
69 114
35 80
105 165
21 234
24 221
0 75
100 218
94 131
61 134
111 162
99 203
210 212
40 109
17 187
21 243
38 244
14 173
34 161
148 193
14 238
110 207
50 186
52 146
240 255
30 85
30 66
37 175
11 188
148 195
168 183
77 189
7 83
156 197
148 244
6 67
4 54
31 144
16 106
147 210
64 110
85 175
50 221
159 183
133 148
194 222
25 156
21 103
14 199
175 234
11 230
20 108
49 54
200 210
78 80
166 200
28 149
94 211
130 136
16 87
48 115
175 176
147 180
71 113
91 248
8 17
111 234
50 129
129 173
151 252
169 247
57 115
222 255
69 153
120 207
216 245
7 36
76 87
54 254
8 66
89 232
185 205
136 166
122 214
40 69
79 156
157 192
124 148
68 250
126 168
150 232
31 91
16 78
40 120
150 151
121 176
10 161
102 185
31 36
94 247
9 121
195 245
202 231
142 215
5 105
104 153
128 209
25 56
0 151
88 115
79 227
173 248
14 44
113 152
15 165
66 157
111 246
65 255
10 214
231 251
12 155
1 118
130 222
60 221
76 86
140 226
81 255
1 23
122 253
13 150
98 166
136 241
115 139
34 52
53 245
75 104
73 83
73 211
112 228
118 199
95 223
140 170
56 132
194 223
86 184
160 218
104 215
192 199
79 165
66 130
185 202
19 181
145 220
113 256
144 206
40 151
122 195
30 223
40 232
25 126
120 230
162 189
91 132
192 200
59 210
130 189
128 185
188 241
28 86
7 212
16 244
63 216
79 222
205 222
105 200
51 119
152 223
49 159
8 206
48 60
232 251
237 248
168 188
167 218
38 184
148 217
78 173
5 70
35 234
130 153
9 227
143 185
23 217
11 131
110 149
171 251
72 87
14 187
177 236
92 215
2 89
26 195
0 16
28 160
95 101
99 147
20 105
7 132
128 173
32 230
172 249
26 58
196 215
1 109
45 231
1 125
57 241
142 163
91 252
110 177
124 194
6 7
46 113
45 187
142 256
63 192
56 124
12 90
101 248
125 126
35 118
11 81
55 102
128 160
37 207
134 201
104 251
207 234
133 144
114 234
93 149
29 49
20 68
78 185
139 211
14 196
29 38
44 101
19 146
23 134
31 186
63 108
19 197
40 76
85 138
9 130
155 246
246 251
18 229
35 136
168 173
42 176
111 175
141 149
141 172
200 235
143 183
13 69
210 243
70 190
91 226
43 181
123 130
87 195
117 165
63 104
122 228
37 256
136 153
78 157
72 232
161 162
198 227
35 217
108 234
9 185
72 199
21 195
40 188
1 116
63 202
175 203
10 188
167 207
18 167
80 171
124 183
85 199
34 157
15 59
65 138
71 246
169 183
13 132
134 135
64 113
17 232
104 168
11 128
8 215
34 217
158 212
70 168
93 229
11 222
106 123
73 210
17 24
130 178
54 128
142 239
63 228
59 143
206 244
0 149
94 196
72 99
62 164
10 53
31 85
79 125
111 236
18 26
20 162
101 246
41 65
93 206
23 75
6 116
82 256
36 156
35 57
3 201
80 229
50 185
37 80
147 256
136 256
25 108
98 123
213 231
195 252
245 252
41 209
94 224
20 245
110 153
168 196
130 156
180 202
68 251
87 210
202 206
39 236
114 240
41 114
125 146
110 248
157 209
73 197
93 130
8 119
89 130
12 143
73 147
210 249
60 188
108 187
18 40
8 117
29 53
79 168
48 231
137 204
12 94
45 204
17 181
3 196
49 217
196 222
129 158
42 155
213 225
32 116
206 227
17 204
47 234
83 185
83 122
59 180
42 60
90 162
132 245
27 91
138 147
132 230
37 81
76 114
89 114
65 125
97 151
11 74
15 163
56 96
15 22
38 84
5 117
0 218
159 246
81 224
166 246
18 184
55 254
82 99
74 156
132 164
89 133
117 185
24 27
0 137
9 195
137 149
59 71
156 166
108 178
64 150
62 105
23 155
47 90
165 197
115 185
42 196
51 53
47 125
100 203
81 126
22 197
8 241
177 183
6 199
6 175
94 205
164 214
33 165
21 186
209 225
126 158
35 180
30 49
146 203
6 170
72 137
156 245
94 244
157 256
35 210
128 175
23 157
180 228
63 151
21 164
93 126
3 22
13 148
41 228
58 252
82 244
45 118
67 99
45 67
1 135
172 227
25 54
68 188
93 173
64 239
60 252
70 110
202 242
17 228
18 243
53 105
13 195
86 93
30 220
129 134
165 175
105 227
66 67
11 105
1 40
157 240
70 97
6 227
161 254
203 239
1 217
39 156
167 250
196 207
21 217
24 106
48 50
121 139
178 228
92 233
42 151
87 214
87 162
11 35
40 98
113 181
124 185
6 28
29 194
118 151
54 62
37 95
188 228
89 248
105 115
51 192
78 141
40 224
121 168
172 224
154 234
87 103
73 232
17 59
158 218
124 191
46 247
89 187
177 191
70 218
93 230
174 227
2 24
139 155
149 242
198 247
25 55
56 74
63 99
107 151
149 164
8 87
98 205
71 183
24 184
57 197
134 148
38 54
84 213
244 250
17 163
53 101
82 229
103 214
38 85
119 141
140 203
54 70
63 141
79 183
32 202
53 119
85 208
62 82
125 253
150 214
125 240
19 151
6 209
22 90
142 180
159 199
71 149
138 228
130 235
142 151
119 168
70 255
60 109
88 130
54 94
108 173
92 183
81 164
24 154
172 234
104 133
7 225
124 160
46 202
81 98
107 113
91 172
216 251
54 243
35 122
38 44
197 236
18 80
26 168
109 199
195 240
119 129
155 160
38 206
120 189
137 249
14 175
51 114
132 211
169 205
34 79
4 218
155 159
63 82
100 146
82 116
25 127
63 114
19 35
73 227
73 153
119 162
4 212
130 137
38 110
4 88
20 173
93 237
37 167
97 113
122 175
156 229
36 240
46 70
154 221
7 160
160 231
67 121
144 175
133 249
35 214
58 235
15 156
54 92
77 176
21 136
69 214
134 157
101 197
74 185
31 246
65 102
87 137
48 223
52 64
20 209
118 248
23 58
89 113
81 180
10 206
136 235
139 178
139 233
37 201
170 179
189 209
43 158
63 234
85 223
83 114
182 191
87 132
102 174
233 236
16 68
142 248
55 152
53 64
43 237
71 219
52 111
48 173
131 225
56 222
111 179
4 125
8 247
79 224
111 185
34 207
17 180
22 139
138 253
28 199
40 87
21 104
141 179
161 203
77 106
150 254
148 151
65 113
134 219
37 255
16 255
11 162
127 245
53 126
68 138
64 138
7 165
105 152
213 219
10 79
90 248
171 194
33 179
47 196
47 102
60 141
91 201
54 140
12 57
51 96
65 232
159 167
85 245
74 182
89 144
58 175
80 108
12 153
7 120
74 85
74 243
47 130
65 99
131 162
52 169
102 113
117 137
121 242
138 181
242 256
0 219
9 119
98 192
127 228
50 178
36 114
1 193
87 227
196 204
158 208
25 218
201 248
148 202
59 150
47 110
45 130
55 88
45 251
125 221
35 215
87 188
138 183
11 96
24 179
11 217
153 218
14 154
180 214
42 162
127 177
38 133
174 208
224 245
55 210
3 208
14 145
12 192
59 213
173 224
5 240
155 216
29 61
14 244
57 237
36 232
198 250
101 249
9 171
52 172
31 207
157 224
73 88
14 59
163 214
56 101
139 174
143 217
22 256
38 73
13 129
42 173
51 79
32 155
35 149
59 139
146 187
96 177
59 182
185 190
206 250
105 176
14 164
16 191
199 242
147 214
165 231
104 256
13 241
38 47
45 142
25 96
6 203
7 190
12 134
171 190
5 6
147 198
124 163
58 185
30 226
152 191
154 155
87 234
117 120
1 80
164 191
202 228
57 134
209 229
90 144
53 71
98 247
97 191
220 249
15 124
113 232
27 167
36 222
70 102
74 120
63 87
28 104
134 187
100 174
76 239
136 211
69 139
20 79
58 178
102 157
55 249
234 255
89 195
4 31
74 129
124 219
3 179
2 253
37 107
125 210
86 216
53 159
80 252
32 95
120 147
133 157
90 218
71 230
42 143
91 246
49 155
156 181
167 238
17 247
148 254
4 210
1 70
27 178
89 185
100 185
66 168
95 98
153 162
175 255
163 209
97 246
82 105
2 229
180 207
225 232
106 236
2 165
37 38
71 186
69 215
95 233
141 218
52 156
100 140
35 145
6 215
146 166
47 59
28 185
109 132
40 210
1 90
71 239
25 176
34 137
44 124
28 176
52 129
75 218
86 141
100 254
114 173
176 208
73 78
20 207
88 192
66 161
20 183
13 97
110 247
76 211
148 196
162 196
59 119
18 106
132 190
12 68
103 160
30 194
21 70
66 254
195 246
19 74
29 246
203 211
20 50
139 254
22 95
115 221
186 226
1 242
47 198
66 234
156 256
241 248
115 143
39 215
18 256
44 51
61 91
182 239
155 220
33 151
47 201
232 250
151 181
98 215
28 252
5 204
120 195
62 148
190 202
132 254
23 191
178 198
101 170
62 217
56 63
169 207
51 123
12 83
138 188
1 36
149 160
66 186
117 142
37 230
156 249
39 180
19 25
168 190
27 234
39 222
153 167
117 168
33 125
5 115
27 195
94 255
123 170
140 235
36 203
240 254
178 184
76 95
12 106
125 173
3 36
103 151
116 118
16 41
96 169
0 98
64 201
20 236
0 65
78 148
51 175
139 159
206 246
132 200
169 220
191 254
133 138
40 63
87 239
52 216
28 45
19 147
112 117
83 172
131 207
21 235
168 225
101 175
71 204
167 231
62 251
101 183
73 90
119 145
94 238
34 135
16 219
50 83
127 199
193 210
66 143
25 187
38 40
128 210
5 165
35 186
57 125
58 158
169 225
27 56
26 167
57 222
146 234
119 233
16 44
25 62
0 136
136 233
34 174
163 198
75 166
105 125
31 154
8 62
14 178
39 213
1 200
70 234
179 210
13 44
163 203
196 244
36 74
153 188
110 182
129 203
88 202
127 255
52 204
104 255
150 213
9 112
132 183
28 147
65 123
33 197
202 225
121 197
35 224
18 130
12 128
174 179
173 175
216 220
0 189
3 94
104 144
193 239
46 90
234 239
35 53
74 190
51 153
135 211
65 215
49 129
1 240
39 170
84 137
229 237
145 213
156 207
5 89
128 227
14 18
25 138
13 125
129 163
46 112
153 173
28 108
114 238
18 42
4 144
67 189
154 211
222 243
3 93
39 92
191 198
220 251
103 137
0 221
223 249
65 88
100 221
38 129
106 201
113 125
152 153
165 217
228 244
40 203
34 231
143 200
91 232
44 99
77 174
131 134
80 146
176 252
30 61
115 156
43 156
130 256
146 192
43 109
126 165
23 124
99 167
11 76
109 176
134 236
68 154
11 13
5 253
145 216
176 223
175 228
11 201
19 59
217 229
41 131
95 123
68 82
73 201
96 230
147 208
32 138
100 190
6 127
50 174
107 208
154 188
13 237
4 108
133 209
160 256
148 181
18 194
53 152
26 30
80 161
90 120
43 197
32 165
73 89
10 247
151 205
76 206
3 125
20 148
119 213
64 222
3 164
74 229
49 106
37 178
193 209
81 107
31 215
66 95
15 155
33 115
85 183
193 251
29 144
203 238
58 255
73 121
70 75
44 129
82 88
117 152
0 84
50 196
78 212
3 66
124 162
158 227
57 205
6 77
32 46
65 154
20 197
131 197
180 197
160 224
8 196
142 255
69 176
117 205
123 141
42 53
36 174
30 154
55 165
12 139
234 240
106 191
8 212
161 230
143 216
31 60
31 218
11 237
83 253
161 241
234 249
78 109
137 232
90 116
55 131
42 185
103 161
191 251
177 244
84 198
67 236
73 161
68 139
79 111
239 248
78 205
147 235
43 79
48 132
68 81
156 196
37 222
0 204
65 210
237 244
98 230
102 146
4 141
84 131
58 169
80 223
64 106
12 171
23 250
58 119
8 229
183 197
196 249
0 212
97 153
53 209
33 120
130 131
46 150
130 172
102 235
0 81
2 183
164 194
199 200
42 213
144 214
68 227
217 233
17 216
25 160
93 221
33 54
136 156
104 136
207 224
75 85
1 126
91 102
144 164
120 198
151 190
26 210
16 115
22 250
41 250
123 175
82 247
60 125
50 250
24 204
70 217
132 244
203 204
143 238
184 249
33 103
90 121
37 130
158 166
110 165
26 254
65 142
74 86
7 130
125 233
205 249
179 256
178 187
93 115
44 110
102 210
27 155
1 110
153 169
84 185
34 45
41 110
77 178
81 172
44 216
28 246
11 117
10 115
187 215
129 135
23 25
8 138
0 187
146 224
111 223
111 121
15 182
7 34
65 98
25 210
8 192
20 212
85 211
21 231
15 57
100 169
140 224
233 241
9 225
77 194
119 246
18 180
18 196
83 215
92 97
42 81
120 194
175 177
104 125
22 165
128 144
135 187
173 255
40 102
85 179
122 211
128 220
104 112
133 185
8 145
22 80
75 81
44 86
63 96
186 242
26 119
146 236
37 104
115 190
55 153
115 197
144 208
28 177
113 128
52 225
79 172
146 165
92 232
48 83
202 237
154 181
165 256
73 207
80 144
44 159
204 241
29 188
124 198
182 197
71 153
123 193
42 75
101 253
2 146
140 244
45 56
72 249
86 107
168 179
164 228
9 125
80 107
88 96
53 237
16 24
15 79
144 249
18 219
138 206
72 245
127 161
48 127
159 195
91 229
129 233
2 167
46 64
196 223
29 167
5 200
141 148
98 117
33 49
165 171
52 122
11 73
183 214
55 148
152 193
57 230
137 170
203 235
27 87
53 130
92 188
154 218
199 241
110 155
12 19
34 162
158 188
35 51
80 87
58 230
32 170
112 160
85 92
25 111
86 189
133 254
0 76
211 235
29 31
113 230
70 212
19 149
114 168
197 215
13 224
134 244
111 172
15 128
166 178
4 214
229 250
48 186
76 77
128 256
1 124
133 173
108 116
23 236
201 210
12 78
219 247
88 170
39 244
152 254
16 207
22 164
103 196
95 230
161 202
14 235
202 221
54 123
84 195
44 176
5 120
187 234
210 215
174 252
111 147
150 154
36 183
119 239
1 149
108 243
20 120
26 109
60 224
118 127
48 120
77 255
136 143
62 167
93 212
61 85
227 241
54 245
188 249
117 227
143 202
135 173
107 235
61 161
147 246
188 200
127 171
72 74
36 155
160 235
55 171
90 213
35 238
60 88
132 243
182 229
74 234
158 160
39 86
34 118
30 231
1 182
94 217
24 249
5 158
36 146
52 72
119 200
77 79
7 110
106 159
59 223
101 108
160 221
29 201
83 249
188 251
134 254
82 115
96 128
85 156
140 214
102 200
191 246
104 178
72 131
130 225
120 190
29 143
18 220
198 236
29 221
112 165
63 235
103 139
30 63
122 181
148 197
63 120
31 116
114 157
50 200
4 67
115 232
70 170
158 183
1 11
190 195
129 217
61 138
6 118
34 193
220 240
161 235
57 232
64 126
10 218
195 234
177 228
163 180
148 249
109 254
46 134
16 42
64 98
93 102
30 254
183 230
17 62
55 227
75 95
60 201
248 249
76 184
88 198
29 113
225 244
23 161
72 201
17 39
3 77
143 160
174 199
140 255
11 44
78 104
6 145
153 194
101 151
16 153
45 65
8 130
119 222
54 61
235 250
104 191
93 105
22 235
60 89
55 101
36 209
125 156
57 221
37 105
83 104
62 71
31 188
135 236
59 65
158 162
202 227
151 256
114 218
230 254
88 168
150 234
61 189
25 69
90 232
201 256
74 187
78 154
72 75
102 241
116 133
103 154
6 58
51 190
160 237
116 171
88 131
157 213
71 251
164 245
25 27
88 218
125 206
79 81
38 70
116 226
148 174
58 212
24 175
210 214
2 60
115 121
35 192
194 254
53 200
80 128
77 96
66 201
109 256
75 170
74 184
93 244
78 201
48 121
33 206
34 129
40 255
102 225
215 232
72 139
156 241
152 251
58 236
248 256
6 219
71 156
162 221
94 128
110 178
150 202
155 248
29 164
150 209
201 215
5 161
4 16
129 248
63 201
13 176
187 195
123 210
33 73
35 94
26 55
85 253
68 236
139 229
63 72
185 216
141 209
69 90
42 166
110 114
75 243
124 141
206 226
115 246
85 216
115 159
87 178
81 109
199 210
231 241
169 199
61 253
111 161
123 216
200 215
212 256
151 232
45 170
136 207
170 255
19 250
104 108
94 206
16 150
17 64
74 172
95 128
87 174
137 195
80 214
103 185
42 245
3 231
183 186
56 105
96 179
142 162
175 222
96 158
7 93
155 188
70 90
14 97
79 234
37 242
230 236
129 236
173 196
116 132
13 157
115 155
72 85
79 132
149 215
88 106
57 67
40 186
168 203
26 247
187 244
75 173
118 219
190 226
59 70
169 242
173 188
57 223
102 164
17 226
45 189
50 70
5 87
64 203
126 226
111 146
55 251
78 195
8 144
207 210
45 133
164 205
39 138
27 86
11 79
164 168
74 242
125 229
96 111
31 46
6 202
12 156
22 180
58 254
1 81
43 211
78 155
123 167
163 241
32 200
144 153
42 87
38 172
73 191
80 254
39 46
190 255
9 182
83 209
119 207
31 175
25 60
5 220
49 86
19 162
42 243
114 220
49 170
153 239
144 155
11 99
140 195
45 146
88 148
149 243
121 174
121 130
128 135
107 169
57 113
17 221
124 172
18 145
3 134
23 83
179 193
63 229
86 213
189 210
153 185
10 192
27 250
27 254
20 157
121 200
66 218
103 249
94 149
65 245
12 113
9 144
44 252
62 115
31 151
130 155
103 141
220 246
193 228
89 242
94 116
126 196
97 152
186 207
0 150
65 194
50 71
36 143
61 254
20 101
20 43
50 145
26 48
31 185
50 175
3 119
4 75
124 140
194 218
77 112
41 233
27 74
38 101
212 246
38 173
111 208
140 157
34 179
12 186
42 175
196 220
13 144
47 86
19 114
194 206
162 203
110 236
36 193
127 128
71 103
79 166
87 253
93 246
186 198
157 169
216 227
252 254
48 170
201 205
65 206
159 248
168 212
111 196
85 94
19 243
66 105
127 191
94 170
17 211
104 116
20 234
110 180
181 205
50 165
41 106
73 109
127 151
150 245
145 189
146 212
14 20
13 108
76 145
37 238
135 208
182 216
98 197
9 194
164 249
114 132
117 190
81 215
39 69
87 254
244 254
9 127
8 186
42 76
116 134
44 203
35 102
21 72
143 181
113 211
172 247
176 189
11 115
119 140
1 20
104 247
26 197
100 131
169 213
234 237
205 247
30 164
90 244
177 239
128 192
185 241
85 167
50 119
100 216
70 243
162 188
71 150
123 243
92 156
164 213
182 237
49 69
61 126
21 246
25 37
150 197
92 242
47 255
8 46
77 87
26 177
14 217
104 222
19 238
90 174
103 155
40 71
56 237
117 125
64 170
66 214
42 103
69 85
92 120
66 179
66 75
88 118
183 237
209 222
37 152
16 82
43 87
93 132
11 75
8 85
95 254
49 82
17 20
133 242
116 126
62 131
189 255
54 87
142 199
50 155
158 189
27 233
131 255
45 98
103 118
221 241
152 195
184 204
145 196
83 218
35 151
202 238
240 247
40 56
199 245
6 86
90 242
232 244
155 161
73 105
20 83
171 246
49 51
19 125
55 218
68 166
116 121
75 137
91 139
22 47
49 229
75 196
7 150
82 92
29 125
169 202
190 213
41 91
108 127
177 181
7 10
79 242
25 29
24 176
16 119
36 126
31 52
180 213
61 223
31 54
28 37
99 249
4 12
87 97
26 244
167 176
93 201
63 133
112 219
44 224
110 125
11 173
110 184
119 176
183 203
154 196
90 225
203 210
221 256
107 225
39 116
81 200
98 120
75 77
69 168
40 183
64 116
104 147
97 149
67 197
20 135
3 6
68 190
166 203
154 212
82 149
2 42
72 240
173 183
2 43
91 191
217 224
127 207
101 193
170 233
73 212
39 249
34 256
9 113
146 253
136 223
114 256
176 222
32 85
57 193
30 47
152 158
128 156
11 145
104 106
0 2
25 131
64 168
50 73
61 146
58 126
38 161
176 203
43 173
194 204
17 198
100 176
72 222
100 163
72 200
15 137
72 101
181 204
38 93
14 237
175 235
70 99
19 165
9 108
84 206
114 115
45 250
103 143
173 256
11 21
43 228
4 52
189 239
235 252
19 242
72 142
70 230
72 227
58 140
84 101
14 120
48 239
55 66
115 131
81 232
79 189
20 33
133 215
26 84
12 178
157 195
87 160
20 160
64 173
54 77
186 193
239 243
72 148
131 148
129 137
56 67
111 138
124 231
27 175
48 98
46 250
91 182
106 180
129 167
203 218
1 219
5 38
21 256
95 140
188 217
10 189
190 243
9 168
57 109
120 183
217 232
43 62
78 209
146 251
169 251
42 66
45 47
114 243
1 31
127 147
138 208
176 233
128 195
106 187
217 247
166 227
67 133
181 207
43 145
108 166
6 26
39 179
61 88
31 78
48 97
165 180
235 245
38 166
156 250
178 239
101 186
85 180
0 63
109 203
199 238
3 132
98 137
112 240
123 223
123 146
7 114
3 59
110 256
41 206
16 206
198 221
16 54
29 97
5 243
2 150
175 215
77 157
145 231
4 121
111 200
111 252
99 240
93 150
96 114
105 175
157 223
56 232
52 60
64 249
40 91
212 225
159 187
105 232
148 163
172 182
96 100
121 220
163 167
138 193
177 240
67 105
87 110
177 201
1 21
12 105
208 245
160 204
53 107
204 213
76 90
59 116
97 222
149 222
76 105
113 177
143 203
51 52
85 134
136 247
80 170
27 223
84 215
143 153
57 123
66 248
5 84
39 136
131 175
170 194
7 207
49 143
16 84
174 197
181 244
62 195
80 178
9 80
137 200
29 134
173 247
52 175
136 239
62 114
56 158
41 104
23 211
233 252
38 127
87 173
32 120
131 202
39 126
149 192
2 57
0 161
225 239
7 89
86 154
95 169
173 253
41 188
115 171
71 210
189 242
77 163
193 243
60 148
0 256
191 213
188 233
73 159
131 226
25 58
119 228
173 178
96 187
139 251
156 236
123 133
5 48
4 134
24 89
6 255
21 131
115 255
49 131
39 237
26 78
110 214
176 253
58 124
83 235
71 181
42 246
197 227
55 149
155 255
75 234
145 217
18 253
16 249
145 238
3 57
220 226
80 119
92 114
55 106
115 217
76 246
2 135
125 255
171 229
127 176
13 220
130 217
25 134
97 256
104 214
54 239
98 161
52 163
145 243
43 106
8 30
32 89
159 186
80 127
30 86
130 167
6 83
12 62
53 154
34 86
65 165
56 182
141 200
52 256
48 139
102 107
201 214
22 141
45 122
18 237
144 196
123 194
74 151
110 167
169 230
162 205
148 239
230 255
39 111
170 220
28 201
48 176
158 214
24 218
22 131
78 256
119 157
203 252
74 154
72 175
1 113
34 94
120 162
94 203
93 148
177 185
42 47
163 233
3 163
29 69
143 213
132 148
70 196
202 248
36 73
23 140
61 140
103 119
228 235
137 186
3 154
25 256
140 200
112 138
109 160
116 162
121 214
102 144
79 188
73 150
3 180
2 228
159 171
143 146
109 210
83 157
27 240
89 225
181 212
98 212
17 56
44 190
70 214
89 199
136 224
73 119
146 205
209 237
178 202
118 246
15 226
46 254
77 226
5 78
0 17
17 147
50 187
6 242
82 104
96 228
94 249
85 153
22 91
22 133
78 122
33 37
16 117
130 232
126 241
106 247
54 99
19 94
23 253
60 78
121 240
9 75
133 229
51 207
52 153
14 84
84 112
79 206
101 219
104 132
3 187
67 196
46 230
131 138
23 166
4 92
41 46
18 107
57 239
45 60
38 69
22 87
101 221
3 11
11 153
149 195
5 103
11 106
18 175
27 236
124 151
72 196
81 229
59 216
62 185
209 230
15 212
99 233
93 243
96 154
112 147
98 240
25 114
54 114
52 66
15 242
194 255
23 169
16 152
11 26
59 73
34 202
133 230
26 33
1 196
16 160
159 211
26 74
90 126
103 208
47 146
76 104
123 165
68 78
43 249
8 164
20 195
208 224
16 114
58 78
67 219
21 92
227 228
61 175
65 129
125 176
64 209
112 114
20 149
119 130
79 225
40 195
35 85
154 243
169 248
14 174
221 244
48 250
103 206
218 239
142 164
49 181
122 232
137 213
39 42
18 25
135 158
120 167
184 222
1 77
108 241
102 104
118 161
131 230
11 38
141 208
184 244
12 27
68 129
32 180
64 178
34 176
37 243
49 124
160 245
73 158
8 105
43 171
189 232
108 226
75 207
140 151
43 207
30 181
54 235
89 125
28 189
36 245
43 168
82 121
90 196
172 255
169 185
144 224
40 215
10 244
72 78
151 184
86 252
4 164
212 226
1 199
90 123
179 229
94 252
91 190
193 196
70 105
82 160
85 160
3 157
86 220
22 93
227 253
189 244
150 227
124 167
45 166
109 150
84 166
143 145
8 175
112 229
78 103
19 71
48 110
69 157
6 110
112 140
22 117
69 147
11 202
40 193
120 192
24 217
176 206
69 126
6 35
43 66
80 246
47 78
44 145
57 141
125 235
26 181
35 67
48 145
147 190
5 176
44 175
138 176
57 165
154 202
164 252
21 209
33 88
14 240
219 250
28 190
37 226
43 73
106 162
4 74
231 250
183 251
109 144
36 161
93 114
156 193
130 213
120 132
183 216
154 250
6 62
25 112
108 132
175 178
27 35
171 211
3 253
177 199
211 218
91 95
22 150
173 197
28 141
90 235
25 51
42 188
117 215
158 226
11 189
176 219
42 236
133 165
126 175
115 248
173 217
41 101
96 115
106 148
140 211
58 96
209 216
137 184
27 145
18 69
177 229
31 125
6 38
121 125
179 243
75 116
36 113
90 202
30 57
52 210
20 26
125 166
62 171
14 96
79 175
9 220
198 218
74 199
67 120
3 23
34 44
124 235
2 100
137 233
22 70
129 207
59 194
249 253
197 200
116 243
105 160
197 220
47 193
68 112
4 29
58 208
59 248
99 222
230 237
63 182
131 168
102 120
205 243
82 238
19 54
60 159
71 119
34 249
149 170
184 205
106 252
193 194
116 169
153 247
87 117
75 103
61 76
76 128
173 240
140 230
212 223
12 217
66 175
47 163
128 218
52 121
11 136
33 122
7 196
70 134
80 167
182 244
163 176
10 14
97 173
86 248
29 140
67 116
183 187
102 167
232 249
91 122
136 161
42 113
147 168
102 140
77 133
222 235
54 217
170 246
1 114
111 207
26 241
179 226
54 129
101 216
165 240
156 204
100 236
104 188
172 219
25 215
132 176
211 236
32 218
31 68
93 238
153 222
119 159
110 239
39 146
47 112
88 193
162 192
8 34
73 114
22 33
15 73
213 249
12 247
21 225
152 228
202 211
32 203
24 80
170 231
143 166
46 151
63 167
74 221
63 204
33 147
132 233
236 237
107 145
182 198
106 155
127 256
42 89
130 219
121 195
14 163
44 178
162 255
15 171
123 144
112 221
8 129
163 247
47 137
127 239
148 178
57 122
98 175
172 181
0 147
86 214
4 64
10 152
124 179
19 225
74 202
16 27
154 165
62 194
78 203
191 228
5 202
53 85
4 34
31 247
210 256
110 150
216 225
208 254
73 146
95 190
168 194
82 130
37 89
38 224
72 170
92 230
135 213
50 237
77 249
90 169
228 246
160 161
64 79
32 81
104 192
113 156
103 230
122 234
23 116
67 155
162 212
98 194
35 142
88 174
146 241
93 110
127 145
60 225
20 203
68 225
34 173
140 141
11 256
185 256
211 222
137 182
37 57
100 172
247 250
14 129
216 247
249 255
208 241
8 143
18 101
49 202
167 170
146 247
3 26
139 158
33 126
78 226
98 119
26 193
77 113
15 62
9 44
61 133
92 248
199 229
2 27
110 253
79 201
66 132
27 248
46 220
176 229
26 164
88 179
176 195
37 147
38 92
144 256
93 133
101 220
61 202
96 180
32 139
50 94
192 205
67 204
38 89
27 81
195 214
106 239
87 169
73 223
59 218
77 244
38 141
47 153
96 122
36 120
10 132
91 187
83 236
169 203
37 171
92 240
52 53
201 243
60 192
118 140
27 51
133 240
14 184
53 98
39 89
71 236
82 172
155 213
35 116
23 206
77 204
2 29
5 146
7 54
31 165
75 199
17 98
3 147
203 220
89 218
131 247
30 38
190 212
160 250
116 206
100 117
57 58
60 99
138 192
102 138
55 60
143 172
48 154
53 114
183 191
223 225
90 241
122 256
65 182
94 169
56 250
143 208
123 160
4 53
128 247
39 99
9 89
160 193
0 130
87 154
117 140
8 224
40 254
14 41
98 242
55 135
61 145
141 249
204 245
106 131
3 55
107 172
171 207
186 215
18 177
43 187
1 86
181 253
83 124
13 101
98 250
134 220
133 226
90 165
24 220
79 180
44 52
73 218
90 193
25 183
11 22
203 234
44 118
32 149
136 216
41 193
138 163
104 105
31 146
6 251
55 166
67 154
83 112
46 224
23 185
101 188
168 180
116 248
198 204
98 151
12 53
25 42
145 187
135 172
5 242
145 201
109 250
215 242
168 256
13 153
23 97
70 93
152 247
25 227
13 96
4 11
18 36
61 143
39 189
30 43
24 157
209 242
154 193
75 161
10 130
92 143
127 152
164 241
40 50
162 240
128 191
197 210
3 17
214 244
25 190
75 191
190 229
17 139
28 237
93 187
59 245
44 131
70 127
18 228
4 162
77 138
3 135
169 198
33 223
115 172
165 230
86 211
112 179
159 221
29 40
18 242
78 190
31 109
193 197
55 229
160 169
172 204
160 184
206 212
99 241
38 90
45 136
48 178
30 123
64 256
14 141
135 219
44 102
175 245
77 224
95 183
68 100
26 243
19 256
59 190
21 184
2 56
106 181
119 235
77 137
86 208
0 186
26 34
214 254
127 162
89 91
208 211
77 208
23 143
87 125
105 148
201 223
67 119
173 192
26 137
55 58
205 236
122 238
75 189
101 240
58 84
115 220
193 250
39 81
36 101
45 180
51 169
30 239
59 129
23 175
39 168
3 171
115 237
106 112
74 228
8 152
89 110
17 219
13 249
152 232
133 252
206 209
32 174
97 208
67 186
67 171
64 245
35 239
99 114
51 183
80 226
56 147
199 255
117 232
187 199
94 181
235 256
213 251
122 189
103 183
85 246
168 233
15 34
220 252
136 163
94 237
22 100
125 157
43 221
85 240
114 214
7 201
40 118
118 160
138 158
48 85
120 182
77 205
202 204
6 115
108 250
25 152
152 213
26 159
2 118
94 208
33 163
196 218
14 91
33 221
49 242
124 152
22 230
33 144
100 110
145 249
112 249
98 185
74 137
82 103
164 180
74 176
21 210
203 251
86 200
5 102
35 223
60 217
6 153
165 202
7 97
2 108
25 132
138 203
16 213
178 193
161 182
24 56
16 184
61 179
132 163
106 149
200 248
50 249
3 122
140 163
46 198
39 251
75 153
122 126
120 228
41 76
31 216
96 97
84 160
10 110
125 179
49 190
170 188
207 250
68 120
38 245
11 19
72 202
50 109
37 210
186 218
36 215
128 203
157 214
76 171
132 186
89 146
94 160
40 202
26 62
39 115
14 85
84 229
63 233
133 216
29 67
80 173
133 224
47 106
170 242
51 200
121 124
6 49
107 155
57 244
58 177
55 167
117 252
77 101
78 222
3 104
102 160
162 211
37 72
202 212
36 202
64 105
199 232
95 134
227 237
91 152
54 232
49 221
28 113
195 249
14 70
2 4
96 105
26 107
34 41
30 107
36 167
106 202
206 228
216 219
110 161
38 174
139 151
74 160
98 145
7 39
111 144
39 140
56 70
133 150
112 231
61 150
88 140
148 218
160 203
93 190
201 234
127 166
6 78
74 152
139 200
216 250
41 242
54 146
2 104
32 160
236 239
35 143
69 217
140 256
122 164
18 54
54 180
40 207
50 194
124 223
189 192
1 227
64 232
92 172
24 167
64 247
43 53
28 173
173 254
112 189
125 135
141 221
102 181
122 251
177 219
132 209
9 52
224 231
44 83
156 233
24 211
64 205
27 44
40 171
130 250
14 221
50 99
23 192
249 250
114 138
129 147
162 251
209 219
4 69
21 113
128 206
133 153
205 219
115 241
172 242
181 255
212 231
57 129
45 222
61 173
3 121
119 179
108 175
229 235
173 195
58 89
55 86
65 222
70 130
99 229
99 250
107 250
86 143
187 210
26 141
189 236
98 109
84 99
199 220
131 239
106 193
223 242
54 196
15 183
4 186
11 185
31 77
0 207
91 222
174 217
110 135
100 108
56 76
2 13
140 220
46 174
38 190
51 177
85 159
5 183
9 73
1 16
69 182
45 59
78 193
122 166
60 85
44 114
28 98
158 186
6 230
36 119
179 242
5 108
40 129
8 201
39 104
6 239
191 223
142 146
50 57
41 170
55 129
146 173
4 193
61 90
48 252
65 202
145 169
128 230
75 98
165 166
39 57
71 233
46 125
177 213
41 164
2 186
70 213
139 202
141 161
228 247
69 145
26 88
1 39
29 219
147 167
134 147
61 105
18 215
80 228
60 69
178 212
26 158
178 189
181 187
70 180
166 176
204 240
48 125
12 220
8 169
122 192
112 182
11 169
89 183
164 175
37 185
243 248
9 240
51 60
120 145
204 214
19 119
92 221
130 211
51 171
135 224
92 153
198 249
67 102
80 106
101 154
90 205
53 150
38 255
38 209
40 161
14 47
62 186
107 162
154 246
79 251
178 191
47 194
47 73
46 55
94 104
37 214
173 191
57 128
174 256
3 124
4 65
180 219
72 95
121 181
66 210
10 173
18 198
135 246
119 242
162 238
26 63
62 146
74 210
47 89
149 194
211 227
103 113
161 191
4 130
146 209
198 253
50 54
69 255
83 98
98 133
160 228
134 216
147 209
23 201
125 158
5 69
62 224
205 234
225 243
116 117
143 239
111 214
86 237
173 237
81 148
16 109
184 243
39 107
43 191
81 147
39 103
99 168
3 114
43 152
25 78
86 157
87 157
18 49
32 205
101 156
105 248
123 224
12 69
22 236
108 197
153 161
19 122
28 124
60 206
41 178
54 168
77 128
208 252
50 79
48 56
25 223
88 147
59 202
53 217
195 228
50 140
111 123
174 254
145 146
79 230
44 241
98 141
188 245
36 108
194 239
56 127
86 129
14 131
49 111
47 76
51 233
172 192
19 120
18 208
108 235
133 180
100 187
157 178
90 172
160 248
132 167
44 88
49 168
219 237
65 120
7 25
0 85
35 253
116 123
121 230
1 61
203 231
39 210
51 64
155 209
18 109
72 165
43 184
216 218
61 165
117 195
23 198
34 106
16 154
35 211
140 186
57 106
4 57
129 169
4 113
179 191
143 254
105 133
137 150
53 110
22 237
121 245
193 218
60 103
5 91
50 87
45 84
57 157
151 177
53 128
112 256
63 124
85 103
59 115
17 207
102 150
101 105
156 195
170 181
81 97
51 240
87 200
156 232
16 178
153 206
66 164
21 219
21 107
245 246
90 251
28 231
26 46
201 202
59 61
113 240
163 201
173 190
117 148
141 183
3 103
66 229
10 12
0 34
19 199
36 92
157 160
98 102
21 250
14 205
2 210
18 97
52 189
57 80
1 218
149 248
166 235
36 98
151 229
55 68
107 132
127 186
164 203
91 126
95 153
107 175
6 94
74 253
91 254
208 212
39 132
13 165
64 208
50 232
84 232
148 162
144 146
59 103
32 121
38 119
63 242
20 208
175 186
35 84
36 59
138 212
26 161
66 156
179 203
0 156
19 30
113 190
35 99
53 190
144 147
194 196
70 229
24 234
81 104
57 170
116 247
33 104
31 176
194 253
78 188
37 103
94 207
206 253
113 129
125 222
55 79
17 79
176 215
214 248
141 151
56 193
139 181
32 161
95 150
47 154
162 174
37 49
24 224
36 135
173 193
0 4
149 231
76 236
135 230
171 242
86 148
13 248
65 250
137 207
27 239
105 196
157 254
79 174
72 114
143 194
38 94
65 164
99 126
54 201
94 154
4 155
16 62
63 199
48 81
162 176
219 220
19 249
124 133
72 122
120 251
9 48
150 222
62 73
30 236
63 65
16 158
39 178
25 198
63 101
23 248
223 246
101 234
30 189
124 196
45 201
10 33
44 188
167 174
10 232
93 231
8 133
7 49
80 149
204 208
20 66
10 226
103 138
7 162
54 215
119 218
28 218
49 61
8 156
124 155
55 187
87 185
107 117
63 159
44 112
82 181
5 80
98 169
66 249
18 252
65 179
200 243
19 205
195 205
114 151
16 18
82 162
96 121
71 205
32 145
83 100
151 200
62 75
25 200
103 111
127 217
63 246
73 124
2 78
7 76
76 120
95 219
163 225
87 198
60 230
58 88
0 195
57 228
240 242
173 200
110 154
165 222
53 56
0 163
53 240
94 167
30 218
38 132
81 131
39 101
96 236
92 175
2 96
143 215
43 75
188 211
204 247
94 251
215 254
9 82
146 155
167 195
162 252
25 84
176 251
27 94
180 191
157 181
17 194
74 244
15 103
126 222
193 241
71 188
15 135
137 188
51 87
139 148
177 189
71 208
85 255
131 161
122 224
67 247
123 209
68 113
109 139
124 226
23 251
195 213
71 107
111 225
110 242
87 217
9 62
149 167
210 254
90 152
145 171
121 186
62 136
88 207
212 251
73 115
64 158
8 217
66 240
40 67
127 241
3 165
88 172
132 142
32 241
66 110
182 186
28 162
201 251
20 143
187 253
117 176
6 181
5 215
156 219
105 135
186 223
73 86
155 172
56 225
49 220
68 171
153 181
1 164
59 162
109 147
72 228
73 111
21 31
173 198
27 174
51 113
77 247
68 95
103 120
31 234
85 104
210 242
76 78
104 213
88 117
74 164
0 86
12 157
112 210
98 202
39 144
230 252
60 185
173 181
19 236
74 241
51 253
12 231
156 190
46 160
105 237
96 172
25 30
60 169
237 250
189 245
76 109
102 252
176 200
6 243
28 134
61 64
48 147
127 246
41 173
168 217
182 187
1 107
33 107
212 213
213 214
161 174
181 228
101 166
106 175
2 87
97 150
151 187
101 135
22 30
11 32
102 227
122 176
1 79
207 244
38 122
178 216
51 184
63 139
202 207
142 159
221 226
148 190
61 247
61 79
30 97
116 145
132 246
0 160
64 195
194 229
57 255
32 193
140 248
137 210
130 177
203 237
22 113
49 205
15 150
24 153
96 181
110 115
121 185
13 130
17 42
38 78
52 201
7 109
71 123
119 124
157 174
50 195
92 129
34 74
121 143
7 85
50 108
58 101
144 217
13 173
6 220
60 211
15 76
27 208
6 192
75 79
9 254
82 164
56 161
57 176
186 219
138 146
115 173
104 114
44 247
84 154
120 246
28 110
25 43
243 244
49 219
71 133
86 165
1 127
57 212
84 91
133 155
74 238
23 176
50 58
33 100
42 154
152 214
55 191
70 179
167 242
219 229
169 224
55 69
89 202
119 243
125 224
34 130
1 78
70 192
222 251
99 200
4 58
92 103
143 232
22 157
27 211
56 79
46 111
100 191
86 161
166 255
93 180
39 225
155 241
46 199
36 148
117 231
73 200
118 226
140 148
81 114
86 195
181 197
105 211
1 47
122 226
97 121
22 98
84 115
86 135
126 131
159 179
106 153
214 238
8 232
61 195
62 98
57 179
179 219
55 204
25 155
88 156
142 147
142 181
29 32
14 26
90 153
129 249
4 230
98 184
118 170
114 169
139 189
14 53
219 240
150 173
190 242
207 212
49 210
222 256
36 214
24 170
217 221
59 154
138 218
23 56
146 217
155 234
66 152
6 174
144 192
61 101
29 109
8 256
138 230
43 212
198 232
54 165
72 173
57 93
54 250
72 121
23 174
149 196
17 84
33 138
73 166
95 149
4 245
83 171
90 127
12 249
96 98
17 92
11 160
14 144
38 62
116 120
38 98
218 221
104 245
13 198
116 209
62 113
24 60
2 160
185 254
1 163
2 90
89 148
23 218
26 176
14 176
47 142
95 242
160 216
56 106
161 246
232 239
216 254
111 256
0 30
229 245
62 208
17 224
25 64
195 217
195 221
68 147
3 210
12 199
138 139
66 250
118 133
97 240
63 153
87 179
177 196
12 16
57 136
84 223
62 161
154 171
161 198
3 150
177 225
59 134
44 201
79 101
174 181
109 214
0 59
131 171
186 214
98 173
62 176
52 63
47 220
28 242
23 24
177 249
125 245
138 251
3 81
27 98
6 14
33 92
43 102
233 248
5 8
100 219
110 136
180 206
116 159
103 213
24 147
101 112
109 113
78 207
31 106
67 70
24 253
42 67
63 207
121 182
39 253
24 76
64 198
139 199
88 234
197 207
188 206
75 156
46 195
26 169
190 237
137 174
41 199
28 239
10 104
61 170
112 222
69 108
191 236
44 182
147 251
66 256
157 251
56 130
7 8
36 235
11 39
109 114
42 111
53 78
56 103
129 251
2 170
215 241
25 230
17 154
26 236
29 215
56 143
64 90
75 114
169 194
45 229
70 201
18 114
32 101
103 116
91 209
71 187
23 199
99 179
118 154
8 151
201 221
148 169
46 132
154 245
103 254
34 102
78 116
214 256
70 82
114 219
63 248
204 231
87 235
230 247
12 223
93 131
147 193
225 230
29 230
36 106
184 217
10 22
103 165
215 252
183 246
23 159
198 211
42 201
58 179
144 253
61 93
215 244
22 206
96 109
91 148
23 196
27 53
40 185
4 59
149 175
66 90
124 180
44 181
131 250
95 131
89 172
31 90
15 99
49 201
50 132
57 207
126 188
129 228
96 253
30 32
101 177
63 107
74 236
209 246
69 244
74 223
106 142
35 38
60 71
74 88
106 223
96 161
16 183
5 151
32 204
128 178
146 193
109 201
177 218
91 127
121 156
15 234
77 80
144 158
135 174
60 204
118 256
45 177
67 209
6 248
73 249
29 227
134 174
246 248
116 239
62 150
128 194
51 54
5 188
90 210
38 149
125 174
136 219
186 254
46 162
20 94
50 75
81 256
53 124
153 168
158 198
100 164
57 191
41 66
88 228
44 212
69 166
75 84
138 174
92 192
66 100
123 134
17 244
23 46
16 80
141 222
145 158
88 254
190 203
40 81
119 212
46 248
187 194
106 245
29 128
1 142
126 194
30 144
101 199
211 217
39 160
103 135
55 120
57 209
126 211
147 202
101 205
107 139
104 129
76 202
7 203
12 204
57 164
78 189
22 151
109 126
82 168
154 184
149 234
102 170
94 118
42 168
22 134
200 247
28 144
142 191
36 252
25 110
129 145
209 228
178 214
112 235
70 198
160 243
25 100
69 254
158 159
40 52
111 174
66 121
59 229
241 256
179 205
12 125
58 136
60 76
220 244
173 219
100 123
125 152
19 107
43 95
13 39
20 151
157 234
223 232
32 34
33 243
205 233
35 204
202 220
43 254
109 237
105 108
165 179
20 126
76 112
66 223
45 107
2 8
221 225
131 248
68 83
112 198
2 48
10 89
10 220
59 232
91 245
139 247
82 249
127 196
50 179
59 94
69 177
78 166
194 219
148 156
169 173
76 100
101 146
150 237
37 110
125 217
212 234
29 147
140 219
50 154
23 112
130 204
27 68
93 107
22 193
78 130
17 85
45 143
82 246
167 228
78 236
193 233
221 255
33 66
136 226
184 188
87 92
11 49
89 239
97 230
47 57
46 97
85 114
203 244
18 60
29 78
97 141
43 165
24 241
68 199
92 213
142 243
28 82
13 216
128 199
53 161
69 118
107 154
10 96
80 159
96 190
88 146
52 251
161 205
86 162
131 223
30 31
149 256
25 81
108 205
75 200
61 239
105 106
179 218
17 170
146 161
24 194
233 239
22 200
13 251
1 137
135 144
163 170
27 61
189 211
84 226
98 217
31 208
63 173
50 209
65 69
103 198
93 159
184 191
26 214
1 243
17 101
60 91
216 253
119 208
131 165
51 117
34 142
75 248
35 70
168 243
101 153
46 103
125 177
38 106
152 238
44 56
7 144
5 81
25 137
117 119
203 219
40 86
75 122
12 107
55 225
165 177
45 212
23 98
11 111
96 176
118 239
193 220
108 220
3 214
16 56
42 207
108 231
163 179
42 142
184 252
165 250
165 201
64 207
105 231
86 117
128 148
183 248
13 212
1 15
143 188
174 241
