260
10
12794
60
66 2
69 2
70 2
78 4
67 2
74 3
72 3
68 1
67 4
71 2
81 1
61 1
64 4
65 1
80 2
67 1
63 3
77 4
73 5
69 3
73 2
65 1
67 3
68 5
80 2
67 1
81 5
64 1
70 3
78 4
62 4
65 1
76 1
64 2
76 1
68 2
63 5
76 1
62 2
76 4
63 4
77 2
75 4
61 2
75 5
76 2
81 2
82 5
83 4
71 4
83 3
69 5
79 2
77 2
70 4
76 2
77 2
80 5
64 3
63 1
75 4
77 2
80 3
61 1
72 2
72 3
67 4
62 2
73 5
76 3
66 2
63 4
83 1
67 1
70 3
83 4
78 3
79 2
77 1
63 3
62 5
66 3
66 4
64 2
80 1
70 5
66 4
61 1
68 1
66 3
74 4
83 2
66 5
77 3
61 3
76 2
80 2
71 4
66 5
76 4
79 2
71 4
64 1
78 4
79 4
72 3
82 5
63 5
68 1
65 2
67 5
71 3
69 3
71 4
76 3
75 3
81 5
76 1
66 4
63 4
67 2
69 1
68 2
64 3
76 4
77 3
77 2
67 3
62 2
80 4
76 4
73 1
73 5
62 5
79 3
76 3
67 5
71 2
75 3
65 5
61 4
67 1
79 4
68 5
82 5
77 4
83 4
78 2
65 4
63 2
74 3
61 4
83 3
71 1
73 1
76 2
81 1
64 2
62 3
80 3
74 1
67 2
75 2
67 2
79 1
74 5
80 1
71 4
74 3
66 2
76 3
65 2
66 3
79 4
82 2
77 5
69 4
78 1
80 2
70 2
67 5
80 4
66 2
83 2
68 2
78 3
67 4
68 3
80 4
66 5
81 3
73 2
80 5
78 4
66 4
66 4
63 1
82 4
70 2
78 2
70 1
64 4
71 3
61 2
75 4
67 1
79 5
82 1
77 5
72 1
81 3
77 2
77 3
79 1
64 1
74 2
76 3
76 2
80 2
66 2
78 1
62 3
81 4
70 1
63 2
72 5
67 3
80 4
75 2
72 5
66 4
78 2
73 3
68 1
69 1
82 4
73 2
77 3
79 5
68 5
69 4
69 2
71 4
83 1
83 3
69 1
69 3
63 4
78 4
76 5
63 4
75 3
67 4
65 5
77 3
77 3
82 4
63 5
62 3
81 4
132 228
75 169
178 246
203 248
140 255
134 251
195 249
66 211
174 245
83 180
132 195
74 254
3 39
13 45
36 67
2 78
37 165
91 167
125 188
6 57
6 51
104 106
34 232
59 132
73 232
117 204
213 224
103 111
200 242
136 149
1 88
132 213
73 253
58 74
184 192
14 199
30 150
218 230
224 251
19 252
53 131
28 188
12 217
49 244
25 254
75 107
85 150
141 180
45 250
185 189
144 190
215 257
42 209
7 256
38 105
12 253
152 249
114 163
157 186
27 32
86 168
104 229
154 180
209 234
56 98
38 191
93 140
91 178
96 160
18 83
120 128
57 238
89 152
60 174
4 204
61 222
19 185
79 198
100 117
80 206
201 208
200 224
74 228
93 217
16 115
178 208
124 200
101 239
28 101
43 48
23 109
70 168
108 233
164 175
3 246
34 254
105 194
22 202
7 40
137 224
163 182
98 186
239 257
6 84
141 152
11 226
112 186
0 30
132 242
65 151
20 157
103 140
133 185
28 226
28 48
11 160
32 79
116 208
41 139
1 220
32 204
146 257
43 182
178 255
93 144
164 197
62 209
93 209
173 220
10 108
36 199
157 165
187 216
7 62
147 163
175 249
50 188
116 249
70 230
148 224
203 259
21 48
3 153
72 103
36 238
253 259
44 151
58 242
96 257
52 111
10 189
130 200
111 164
50 90
60 246
50 176
194 199
182 220
109 196
26 93
194 252
18 67
106 195
56 76
111 195
197 245
88 229
189 203
99 177
77 80
5 149
75 241
13 204
181 201
96 134
24 174
99 152
2 211
141 190
198 246
85 212
149 246
57 146
125 233
129 210
5 130
118 217
33 78
96 172
45 62
14 26
47 57
38 248
168 214
18 220
138 141
71 151
227 239
61 77
34 247
11 87
132 227
1 136
70 146
47 143
51 65
32 156
81 109
11 45
140 190
44 141
162 199
42 82
20 40
122 239
54 185
108 249
207 255
120 156
123 171
68 180
168 173
64 75
11 171
106 123
47 118
66 123
16 178
31 51
85 86
4 138
9 48
13 177
177 222
32 230
0 80
88 163
16 134
197 210
117 148
197 226
39 63
139 190
76 98
2 160
1 186
149 163
63 85
148 198
55 61
11 62
199 259
168 233
0 71
205 259
30 228
219 247
193 210
93 231
153 154
28 29
26 87
188 242
22 180
1 46
11 168
46 206
186 224
34 174
11 38
126 162
120 240
213 226
22 150
173 257
51 198
62 259
34 43
14 209
28 39
141 213
152 192
172 246
195 225
22 75
210 259
93 202
119 175
152 187
97 148
48 191
49 222
130 189
18 68
48 103
147 182
112 239
0 246
174 180
15 223
90 256
225 235
70 75
26 216
181 218
92 206
25 30
35 52
185 207
149 186
38 122
101 107
115 206
177 245
186 223
33 177
14 83
67 144
41 191
149 229
96 128
26 86
23 170
13 173
112 216
185 239
134 219
1 208
38 151
98 177
157 162
10 35
57 204
2 256
9 65
28 240
219 234
30 94
85 101
19 196
22 203
43 163
160 236
34 210
187 224
152 247
2 122
187 229
69 259
153 231
50 214
162 213
92 146
123 215
60 227
17 192
0 254
62 116
74 258
7 239
74 113
125 179
176 236
169 184
59 194
202 207
40 211
157 207
47 59
160 195
142 190
98 106
242 247
50 229
77 232
53 185
104 232
57 205
68 129
3 148
99 105
224 247
44 221
27 227
153 221
199 209
71 222
59 120
137 211
67 201
73 256
222 246
165 188
126 150
64 207
98 164
24 180
126 148
53 207
118 196
57 115
112 217
23 210
19 110
80 188
165 202
110 115
22 45
85 224
167 174
23 54
132 235
107 168
214 230
67 127
133 213
86 141
185 253
100 135
174 183
79 87
148 170
181 223
26 200
160 242
83 199
24 211
130 241
105 125
162 204
68 244
88 109
36 155
2 227
87 232
30 215
252 255
25 80
21 153
55 254
222 228
180 222
55 238
9 196
96 251
82 116
37 256
49 63
11 77
161 197
107 242
1 207
46 196
42 248
228 238
76 231
128 207
48 188
34 238
219 224
10 93
50 95
80 118
70 142
129 170
51 150
103 176
115 156
79 93
140 206
23 199
11 257
41 173
74 108
65 116
24 93
118 124
86 222
129 230
125 138
100 247
203 250
53 214
20 178
226 254
123 213
103 161
4 158
83 115
107 257
83 107
100 222
47 212
76 154
52 241
116 161
174 239
130 169
119 131
4 213
27 252
121 124
3 191
177 195
115 187
72 97
143 174
117 140
59 146
95 123
87 127
22 173
44 66
134 138
160 170
101 180
237 259
23 24
138 173
53 137
86 236
83 192
37 39
158 196
133 172
168 191
46 160
60 245
185 222
85 172
81 167
206 246
139 197
5 69
82 118
22 212
202 253
88 110
208 249
198 233
155 230
165 215
169 236
50 110
231 243
59 98
198 253
33 112
56 249
81 158
39 157
130 202
35 200
208 236
40 86
136 153
25 141
9 52
3 180
57 64
39 120
82 228
241 245
48 163
19 156
19 130
133 225
153 162
117 187
204 249
8 98
31 175
8 217
64 254
76 258
215 220
12 94
27 173
1 212
83 162
37 157
113 142
55 96
46 73
145 200
53 135
75 216
1 95
135 223
45 153
200 215
29 231
1 222
153 195
57 85
9 209
21 253
122 145
136 171
63 218
175 247
102 151
37 210
186 237
64 221
17 187
192 217
120 227
35 151
72 243
42 257
54 71
4 130
126 205
166 191
12 162
49 169
137 244
60 141
56 59
24 33
114 208
66 192
71 207
8 245
182 184
56 127
81 135
120 144
99 163
18 171
15 249
210 215
207 254
238 247
29 108
235 239
204 253
26 29
8 10
50 225
94 223
35 40
110 186
53 255
70 107
128 229
202 216
208 251
59 74
159 249
199 248
50 205
176 258
203 225
66 155
60 100
101 224
164 254
42 192
174 178
84 226
21 137
25 115
203 251
169 244
72 189
110 172
21 195
26 135
27 196
144 188
50 201
23 156
41 238
7 134
70 228
62 236
98 248
180 253
17 60
4 178
118 175
33 65
80 236
61 185
181 194
134 167
182 191
106 238
87 174
133 234
101 206
25 135
68 185
54 136
90 133
56 240
11 61
183 252
99 252
79 157
69 90
115 192
58 181
113 232
181 234
88 216
141 143
23 230
18 214
33 74
6 23
65 233
0 64
48 106
58 78
100 146
16 189
113 162
174 209
225 250
167 213
94 168
52 181
206 235
83 94
95 153
123 210
5 162
219 239
88 115
8 234
33 135
39 200
32 116
153 160
45 67
105 166
167 225
225 251
77 146
230 256
3 19
25 73
197 205
2 142
185 236
210 219
62 172
66 199
48 92
151 175
165 207
45 97
127 236
122 172
80 171
58 75
98 109
32 72
78 217
55 245
6 215
71 95
54 56
54 232
40 179
55 111
145 239
128 213
57 189
16 216
86 174
42 147
94 195
123 236
136 231
75 178
56 184
114 235
117 144
23 49
29 187
97 237
32 61
36 176
99 201
210 241
10 151
82 130
131 208
98 217
164 223
13 77
5 9
90 194
90 216
111 129
207 208
103 208
68 173
43 69
76 169
98 145
139 150
168 236
123 211
53 68
173 190
16 199
90 131
241 248
20 246
151 231
90 254
20 98
92 221
129 195
28 129
154 230
165 195
10 17
199 238
25 40
155 182
140 159
28 90
187 213
138 214
17 57
65 176
112 218
41 148
168 187
14 243
148 230
108 171
68 78
54 87
154 256
9 141
98 199
77 116
30 207
186 214
153 218
0 251
48 138
93 204
165 252
26 224
179 194
22 56
19 192
162 186
44 67
118 144
100 130
138 218
84 228
202 214
212 223
43 176
180 197
142 218
9 243
15 135
25 144
0 252
71 126
46 205
114 236
126 225
45 72
123 146
148 226
91 105
15 22
48 197
77 211
179 250
131 167
36 251
16 192
106 226
87 133
101 172
120 152
30 160
209 244
38 84
108 156
3 20
9 103
80 195
175 185
31 94
64 248
104 154
18 41
73 104
67 101
21 198
18 243
54 186
87 253
64 184
110 183
131 236
1 29
45 102
107 210
187 192
191 200
202 231
48 172
93 191
93 147
141 248
212 250
5 135
82 150
75 207
185 223
66 237
175 218
21 234
198 259
13 157
184 213
162 216
158 240
1 84
170 252
188 256
8 248
172 217
94 108
180 252
15 212
0 184
147 250
46 187
172 204
77 228
45 113
37 196
35 186
111 177
92 207
131 155
23 246
177 183
60 82
7 20
202 227
97 142
61 155
230 257
171 185
8 80
3 213
42 252
69 126
7 169
136 228
53 232
147 211
144 189
49 70
78 164
38 217
37 107
71 91
136 236
174 233
7 124
103 232
11 58
34 178
70 103
139 144
3 210
0 134
111 179
137 162
53 104
19 48
141 241
187 244
22 194
93 173
172 243
112 156
29 50
73 101
10 152
71 153
89 241
38 99
2 167
16 220
26 244
136 185
81 101
111 224
120 126
0 139
125 141
25 208
103 246
139 232
54 81
8 9
37 108
19 215
170 217
130 214
133 219
43 171
40 50
101 240
5 89
1 122
48 90
103 150
109 247
122 160
5 85
108 117
16 184
180 230
19 133
199 247
74 138
109 204
9 51
14 203
14 217
31 212
28 42
99 196
25 111
0 93
190 243
65 186
98 220
123 232
67 73
101 223
27 108
29 207
30 107
161 229
15 126
57 141
170 230
210 226
3 9
32 135
150 158
118 255
145 189
8 152
92 188
36 166
27 42
200 255
41 47
68 222
133 160
64 133
65 194
111 133
14 213
86 130
33 167
89 256
0 234
54 99
48 86
24 87
159 251
114 180
219 240
94 127
8 43
138 206
172 253
78 192
97 151
92 170
50 213
6 259
60 70
63 179
218 231
63 222
105 227
131 181
153 181
151 216
180 203
107 200
9 72
165 170
156 244
95 259
39 154
81 212
24 29
89 213
40 73
30 108
11 209
17 127
3 121
148 220
137 254
50 195
40 117
76 93
187 236
205 210
119 234
116 158
31 111
34 70
41 115
234 245
70 93
243 254
62 185
226 247
44 48
117 149
8 17
15 192
18 136
184 204
45 84
8 156
69 215
43 250
62 224
13 240
158 185
27 256
157 244
13 94
74 257
175 256
47 142
1 237
97 222
5 247
80 219
204 247
219 232
63 121
12 160
151 225
19 154
38 259
74 180
9 81
28 82
70 140
60 114
55 137
56 119
130 240
123 203
89 258
15 80
44 61
95 205
178 234
73 105
48 62
127 229
190 205
256 259
61 92
22 210
20 37
29 204
146 211
115 251
32 50
111 161
40 97
137 236
116 165
151 155
26 89
13 42
77 164
182 204
196 209
43 252
152 226
73 226
68 72
112 238
103 177
58 200
76 164
42 68
22 110
40 204
152 159
91 232
77 238
89 243
81 166
204 217
145 215
32 158
135 218
95 121
80 222
79 180
24 152
63 230
133 150
92 173
49 123
136 191
2 197
48 49
38 97
49 79
44 258
38 169
249 254
73 209
33 172
30 234
37 156
65 78
39 70
116 213
37 103
10 31
134 193
138 171
42 125
95 219
63 258
95 159
22 132
63 67
118 123
14 251
101 205
39 100
15 16
146 232
86 182
69 133
177 194
80 116
87 92
105 133
55 92
54 101
225 226
23 74
208 232
23 253
52 205
40 215
5 64
60 176
211 244
35 241
104 199
157 178
17 252
48 217
61 209
135 240
51 88
126 128
72 253
54 184
68 133
42 238
72 173
125 152
143 235
67 157
3 61
90 180
133 200
13 163
7 80
20 188
7 146
78 134
21 84
109 158
6 164
151 207
130 217
45 206
90 185
1 197
84 195
6 35
183 251
102 222
177 221
144 216
20 187
182 248
142 234
179 254
72 198
22 244
193 229
41 251
69 151
212 215
155 225
75 243
90 146
98 228
25 238
142 253
241 255
33 97
31 34
79 241
6 46
27 148
6 28
41 152
61 194
98 181
59 217
95 122
29 34
12 194
206 212
118 233
45 247
43 142
33 95
139 202
42 101
210 244
112 242
228 235
148 178
237 253
18 19
99 166
65 141
38 224
75 173
101 241
23 121
57 122
23 104
137 153
7 113
131 184
81 114
135 136
111 142
40 199
24 102
224 235
165 189
189 200
50 81
58 117
86 105
14 192
188 241
220 238
234 235
104 107
14 48
75 80
68 258
50 149
138 257
66 81
40 155
5 44
41 46
144 217
156 235
212 226
101 252
197 200
142 217
44 143
24 124
29 87
54 170
74 249
29 114
80 98
14 66
49 51
38 50
212 225
140 223
203 258
218 236
70 207
8 30
145 235
92 138
67 195
43 247
118 245
113 118
111 158
61 138
129 196
168 179
23 205
44 256
41 54
108 212
114 207
11 73
32 179
22 113
170 213
81 227
101 153
103 183
112 154
89 187
57 174
128 214
116 140
181 241
12 245
46 75
147 207
2 158
100 120
138 159
11 150
105 197
51 115
75 151
159 237
60 211
38 153
35 205
114 133
35 87
65 90
53 140
70 197
204 259
69 237
13 56
71 206
54 190
123 130
117 185
175 199
42 89
43 111
67 154
112 241
36 178
22 164
87 121
26 34
22 241
11 22
163 244
171 210
130 173
140 234
138 188
29 31
108 140
52 110
158 216
8 188
71 87
8 19
51 134
139 209
5 233
168 171
171 186
57 217
155 250
76 115
77 201
35 213
12 138
64 183
85 139
33 49
99 237
155 255
120 190
14 103
32 47
150 227
131 254
30 93
118 209
32 64
88 235
148 218
107 208
129 179
20 62
120 153
135 188
50 163
45 211
79 118
130 188
147 153
125 257
34 139
137 176
55 211
126 229
105 257
155 160
1 38
39 62
5 100
0 243
17 79
44 223
21 42
123 143
147 189
124 161
40 102
22 87
29 49
38 195
32 109
49 152
116 179
29 124
55 220
5 7
138 162
89 174
61 240
150 202
120 206
58 90
95 230
46 232
141 205
66 90
16 259
162 172
79 144
181 245
12 59
51 86
78 83
218 223
113 250
105 250
46 180
57 224
25 61
46 115
48 225
80 221
43 117
164 217
49 95
4 152
116 174
183 186
139 211
2 31
61 246
38 200
150 187
176 254
43 168
98 254
71 139
69 101
67 147
46 47
41 51
74 92
71 121
138 205
121 185
196 242
43 191
181 236
61 68
28 131
133 163
70 239
73 116
34 112
93 152
96 193
7 142
9 185
11 108
53 92
87 196
78 125
29 112
45 140
60 88
54 229
5 121
28 230
92 234
67 137
2 175
98 170
87 228
34 46
116 230
229 235
106 175
92 179
22 214
38 129
158 176
1 185
162 212
174 258
54 215
108 247
102 210
22 156
1 21
169 207
107 155
70 104
1 47
73 87
196 197
170 221
43 75
8 74
73 215
122 155
177 244
97 201
165 201
15 248
47 167
44 128
122 154
61 90
31 103
122 218
140 152
220 228
161 181
12 184
35 238
27 79
122 224
21 213
200 232
154 251
21 106
59 188
208 230
27 186
63 247
30 201
8 108
71 164
33 180
136 246
50 228
62 136
125 191
91 225
129 224
10 85
80 142
78 156
35 50
12 234
46 74
103 210
119 236
134 212
183 194
100 172
79 248
27 151
32 107
85 149
4 203
11 194
164 230
49 161
62 258
66 250
91 147
36 114
142 220
38 240
32 77
136 155
146 199
98 257
94 97
150 243
101 184
214 248
55 68
16 103
176 179
229 255
106 189
57 236
103 145
29 120
40 231
162 181
21 145
126 134
64 86
114 188
51 214
10 60
140 219
77 167
71 88
141 220
109 232
177 200
175 232
84 221
97 221
89 146
148 213
16 72
148 180
141 166
57 74
19 113
82 155
204 207
143 239
42 109
226 239
117 160
93 114
130 158
120 237
14 35
23 146
101 131
31 101
12 16
15 220
188 212
96 173
176 240
37 258
194 229
57 153
45 163
37 55
125 183
102 181
113 206
164 249
16 237
139 193
74 201
93 214
176 184
34 60
26 257
96 211
196 229
10 115
219 245
39 97
54 248
74 200
23 138
226 228
22 259
2 34
67 132
32 219
117 181
221 246
3 83
36 96
44 75
144 218
199 228
20 35
27 221
175 248
190 219
150 255
58 244
0 8
151 257
10 72
174 241
76 188
45 159
11 95
51 73
122 211
16 57
103 113
145 216
78 92
223 238
59 159
14 64
120 161
46 214
59 103
108 231
4 71
118 231
40 95
91 195
29 117
6 199
168 225
2 248
11 82
1 112
59 209
8 229
67 202
73 235
1 201
53 218
21 61
12 210
49 75
10 256
127 206
80 228
90 113
5 186
118 218
91 254
108 241
108 121
56 63
67 78
97 166
21 155
111 126
16 68
88 191
222 238
116 163
14 131
22 27
50 247
33 212
27 87
18 149
6 33
88 170
92 114
153 248
27 63
5 167
36 130
206 209
2 192
80 163
30 168
97 145
133 249
110 158
22 30
169 217
47 50
10 20
236 250
92 120
189 257
64 237
55 218
146 227
105 182
5 58
152 178
58 240
50 245
50 69
27 171
50 94
138 146
94 238
18 57
58 249
165 254
62 211
26 228
23 30
155 226
109 152
53 149
252 254
57 211
32 40
49 115
41 219
101 196
64 206
121 222
47 239
57 92
1 78
3 226
6 30
155 185
14 86
147 259
84 160
20 203
54 115
43 122
116 259
49 189
71 252
159 197
22 230
16 211
222 231
153 223
65 117
191 254
49 140
44 168
72 172
46 245
36 177
55 151
0 9
36 138
14 215
25 162
76 172
154 247
16 69
29 186
86 122
22 80
161 253
9 102
9 175
23 123
29 100
194 203
14 34
151 186
12 47
95 240
172 226
75 159
15 90
57 124
13 168
112 172
161 234
194 235
66 246
135 181
29 89
21 165
35 204
53 123
105 187
90 239
34 80
68 92
6 59
131 175
43 173
205 219
80 242
74 174
172 240
236 256
75 94
32 91
72 175
17 219
26 126
10 40
231 234
26 109
64 80
140 214
44 172
94 258
147 249
49 116
159 231
65 91
29 125
35 210
178 187
26 259
138 157
152 161
65 190
67 200
146 213
38 168
186 231
12 86
95 201
21 47
142 162
62 119
98 178
143 246
40 65
124 191
179 213
30 121
63 256
190 193
81 243
40 94
40 240
18 203
125 146
100 237
3 82
60 180
97 137
166 190
118 180
77 168
4 225
112 212
22 133
2 89
7 100
119 148
63 254
108 234
147 188
102 217
31 238
206 242
145 213
92 182
135 141
24 135
20 123
237 243
40 237
113 200
125 135
153 158
6 136
185 230
29 211
192 209
136 207
215 259
173 258
121 142
55 207
15 94
105 196
20 238
49 177
54 225
228 233
41 59
66 75
42 212
241 249
9 184
83 245
111 176
39 143
10 11
221 232
110 191
65 96
82 219
29 85
4 148
3 42
144 147
66 148
68 125
1 217
2 206
8 251
100 181
81 107
112 194
52 121
106 219
21 176
159 162
26 221
1 179
68 169
78 198
37 151
13 183
146 240
11 43
174 224
41 52
22 219
8 153
200 206
77 151
204 252
0 92
11 36
129 183
71 227
42 182
158 255
18 204
23 132
39 248
131 193
20 245
108 163
27 223
3 200
30 96
76 250
86 246
124 131
131 149
98 119
60 123
6 91
36 141
171 258
4 221
201 250
52 248
48 226
130 178
0 14
75 186
87 173
149 241
1 100
104 134
11 86
85 143
76 146
132 258
151 158
38 141
1 3
27 144
39 149
227 243
105 161
137 214
79 159
147 150
16 66
79 134
180 226
34 44
134 149
2 82
33 123
212 231
96 105
86 173
58 233
187 188
14 139
99 135
54 113
85 157
72 257
115 182
74 151
245 256
104 141
91 115
159 190
74 156
40 143
75 208
23 137
68 168
236 257
89 183
33 35
57 165
19 219
36 56
134 172
31 158
73 233
16 251
44 201
97 202
171 181
50 238
123 193
156 166
3 190
89 115
214 245
52 167
131 233
93 99
58 184
17 191
96 150
46 71
90 116
37 242
4 244
151 241
68 131
137 217
64 73
187 197
102 168
65 137
60 222
72 211
40 142
154 199
78 255
108 191
73 120
43 200
55 90
66 165
102 145
72 224
124 250
147 238
123 162
11 72
67 80
52 226
69 108
226 234
46 165
83 238
18 25
124 224
62 208
6 15
23 167
89 167
96 196
14 18
56 226
81 149
32 38
12 126
10 64
165 183
73 219
104 188
35 153
3 189
5 195
122 219
3 250
3 53
19 76
45 88
81 224
159 169
161 251
116 212
92 122
27 36
184 189
14 55
54 112
121 168
141 199
159 243
82 88
124 127
37 248
164 176
17 43
158 178
87 208
163 170
177 226
233 239
137 144
66 68
60 85
110 162
109 257
32 37
26 239
0 31
60 158
225 253
20 153
80 218
32 103
15 69
82 172
23 160
6 233
84 190
21 185
67 117
153 256
99 148
59 177
156 227
77 192
114 241
33 85
9 201
158 241
75 182
112 127
140 163
54 63
54 94
64 256
71 138
1 132
93 106
17 167
131 237
227 237
44 247
13 167
147 256
164 184
106 227
140 153
250 255
152 228
31 170
105 240
36 46
29 121
194 210
75 96
15 105
5 48
99 130
33 103
82 204
23 95
142 228
61 117
2 36
140 203
10 117
136 138
29 45
21 113
19 24
152 162
138 238
138 149
139 173
80 194
163 229
16 242
224 239
26 229
11 229
34 56
106 202
14 105
247 255
136 188
61 226
89 113
210 222
13 133
140 145
105 243
39 131
24 68
51 187
29 99
73 125
25 166
53 80
101 151
108 114
1 171
89 239
191 198
17 238
113 138
100 123
124 199
151 246
138 245
27 131
5 229
61 215
139 174
111 147
30 199
58 114
71 90
213 216
136 165
50 68
171 179
135 215
25 174
68 181
103 151
147 154
180 234
89 220
182 203
96 147
9 154
47 162
134 181
88 154
154 235
208 252
124 206
63 212
31 242
78 133
148 235
3 89
69 211
124 197
158 166
171 202
27 191
181 248
107 120
85 98
81 182
53 219
77 253
209 212
104 220
3 76
91 97
64 196
48 146
98 190
31 244
132 135
126 192
127 152
26 51
86 186
23 76
186 229
154 255
94 212
161 195
114 168
191 229
27 155
2 181
41 223
25 225
37 101
35 106
142 191
89 208
0 61
109 182
120 163
29 46
37 182
68 174
97 247
162 235
74 114
41 182
158 249
67 186
158 252
140 227
46 227
157 236
20 184
205 225
85 230
77 163
100 175
52 221
83 234
201 237
65 178
30 208
45 225
49 198
82 149
193 245
68 118
249 252
35 65
47 228
176 188
2 237
135 251
162 183
109 212
2 72
133 255
23 79
30 66
43 64
78 175
103 125
217 236
150 164
52 197
37 253
186 200
182 211
48 252
104 204
101 106
112 223
115 159
153 175
80 145
132 214
145 181
72 157
17 72
97 184
63 93
86 220
173 226
105 175
240 256
84 253
42 194
129 226
2 144
35 109
198 234
47 69
65 214
95 194
31 162
48 190
155 181
71 178
187 250
15 226
93 249
194 232
187 205
54 254
45 182
23 48
53 69
144 227
197 256
15 102
67 188
190 207
0 153
66 114
60 209
114 231
20 77
157 237
211 246
80 161
68 201
23 85
52 101
9 132
80 108
44 74
98 153
18 252
43 220
105 235
189 249
160 231
145 248
142 204
166 249
35 253
57 111
29 222
107 251
104 254
173 227
100 205
59 161
1 40
166 192
154 241
15 188
99 172
12 118
223 257
114 242
43 124
5 10
52 141
88 111
57 258
173 215
74 157
205 209
208 238
48 55
62 94
136 142
66 174
63 90
100 138
8 111
34 193
15 77
86 177
200 216
137 246
62 68
9 20
5 218
74 222
48 110
16 227
0 225
2 45
181 212
49 248
101 109
41 116
158 193
124 156
145 175
67 102
4 55
59 244
114 204
81 240
178 239
44 136
152 185
197 215
126 154
3 231
25 67
159 256
73 168
27 259
21 232
208 209
236 248
138 203
166 210
72 209
231 258
17 109
149 169
25 119
64 233
153 205
9 205
168 218
53 59
48 111
184 252
24 259
8 77
185 249
1 184
139 255
78 200
75 160
46 70
43 103
166 180
20 177
138 242
84 185
92 143
90 227
177 214
147 184
139 170
184 214
117 196
29 243
153 247
30 177
27 165
44 89
99 195
63 160
89 180
13 174
18 111
3 163
2 14
65 131
26 47
194 216
36 172
137 219
18 229
65 179
61 202
121 200
47 192
63 187
65 188
0 44
89 181
105 205
224 231
110 123
23 32
114 161
104 127
18 39
212 252
96 136
21 92
51 132
119 203
58 230
104 233
79 199
97 208
96 240
49 110
166 182
97 245
108 154
228 237
118 168
145 238
100 201
11 98
51 177
18 215
18 189
140 254
192 239
22 143
48 215
20 232
105 126
63 130
147 227
17 232
113 231
12 255
53 73
69 93
17 254
183 242
64 130
113 242
19 93
87 166
2 35
1 71
102 207
141 155
53 216
201 207
47 64
124 190
68 253
27 241
85 171
75 233
142 150
108 192
38 136
48 64
27 240
17 21
105 254
52 179
108 138
18 202
68 152
141 254
100 115
211 231
111 254
87 231
54 100
24 90
124 138
1 107
144 212
107 217
95 204
128 216
79 190
9 194
108 207
78 239
46 192
0 103
23 125
22 151
153 170
40 223
45 85
66 227
99 161
22 247
90 213
39 72
90 92
129 200
15 230
68 70
67 145
98 213
185 217
26 138
32 63
73 175
122 223
22 23
4 259
16 233
178 222
247 249
108 167
20 253
201 252
73 85
191 240
100 160
210 256
8 146
111 209
56 247
10 246
85 243
104 252
219 235
40 247
241 242
134 249
166 252
29 102
48 140
238 256
53 175
23 166
99 162
40 233
16 102
73 194
11 211
1 252
99 209
17 128
68 71
100 202
1 18
195 221
13 156
123 253
72 160
1 19
106 134
18 191
143 161
77 191
19 162
18 237
163 209
2 145
92 249
216 241
178 242
18 227
178 198
87 247
127 182
159 217
0 142
14 95
31 193
42 188
100 240
57 149
216 222
37 126
42 117
135 244
131 165
58 207
21 169
36 208
9 137
87 115
11 217
60 134
66 196
25 140
15 199
41 85
230 244
137 163
32 122
90 115
9 170
66 249
241 253
12 169
75 89
211 259
11 249
56 168
213 231
38 132
149 249
75 193
96 98
18 123
199 232
91 182
108 254
106 228
0 244
40 77
22 93
20 111
156 198
66 230
195 201
49 230
69 251
38 148
76 237
52 182
0 235
141 234
31 192
66 231
101 256
56 84
72 74
29 156
100 218
41 131
115 234
76 194
79 166
74 145
56 69
76 201
22 111
50 248
127 216
73 243
43 102
5 33
39 55
96 157
2 147
76 191
63 177
145 176
40 106
55 62
141 233
72 176
49 171
45 258
87 94
74 223
110 126
184 186
81 186
5 145
7 121
17 64
79 214
171 244
4 228
72 138
119 136
127 187
195 242
62 70
33 77
103 160
64 259
109 116
113 188
42 152
122 232
78 184
207 234
76 92
70 218
69 134
146 251
34 99
131 194
55 129
206 207
178 226
1 257
90 145
147 243
187 194
112 182
26 49
135 174
64 81
35 188
30 56
143 201
60 229
11 218
95 199
64 258
125 132
174 184
219 259
59 198
89 132
155 207
161 194
27 140
91 108
125 229
12 25
207 213
40 144
176 192
93 124
52 187
188 251
51 72
40 78
116 189
56 109
152 177
237 257
16 73
95 110
0 83
159 252
173 188
22 43
30 202
90 138
1 169
69 201
78 98
103 251
12 123
190 230
154 178
100 142
36 58
76 86
38 253
16 150
111 259
53 57
80 84
111 119
156 206
13 217
60 113
133 151
175 259
2 215
44 217
154 233
59 254
80 130
25 128
86 183
112 126
163 249
41 133
161 252
1 85
32 39
24 151
10 43
1 146
219 227
49 147
14 181
177 253
204 215
6 224
65 182
20 100
57 66
140 179
205 257
3 74
132 166
131 201
2 220
151 196
133 157
193 255
79 259
133 221
204 212
36 109
75 137
143 240
33 124
140 173
72 135
11 165
75 229
242 255
106 133
52 156
110 145
132 133
6 102
22 39
143 256
99 115
86 193
7 215
20 133
66 257
48 84
104 111
49 218
4 236
90 108
21 45
214 258
177 197
52 66
225 256
35 76
64 192
52 53
154 221
10 180
149 183
1 106
99 145
52 162
183 201
25 251
115 258
35 107
2 179
54 117
153 243
17 133
63 194
105 130
231 236
26 187
193 244
143 163
97 154
137 241
96 112
121 183
6 162
25 210
161 173
62 206
18 47
7 227
11 47
131 210
164 208
165 256
229 246
172 216
88 92
83 117
34 89
60 202
86 224
35 178
118 162
24 121
36 240
24 242
74 211
65 238
1 129
121 172
188 205
43 201
119 241
7 93
66 163
27 239
103 159
23 65
10 75
61 82
98 237
92 180
50 51
109 126
97 227
198 236
27 130
17 122
49 219
42 208
26 127
24 126
144 199
2 59
108 176
9 94
39 197
217 225
0 45
8 134
26 188
12 164
144 201
162 240
76 140
31 234
151 254
144 250
18 234
3 91
27 101
10 208
143 223
32 139
84 94
45 132
154 216
129 259
186 188
0 91
67 86
14 156
169 228
14 191
16 75
43 231
190 245
76 209
161 177
37 71
93 94
127 136
29 41
9 157
169 170
143 193
68 231
90 143
36 187
109 198
41 80
126 179
147 237
164 200
20 88
207 249
2 13
118 126
203 234
0 132
74 226
65 118
30 162
88 135
178 189
132 256
120 123
51 257
78 99
152 241
121 184
31 73
123 192
146 224
54 150
30 246
58 211
145 256
118 230
4 26
100 194
24 122
93 130
53 220
187 200
192 240
139 143
15 243
102 152
125 221
65 124
5 163
86 194
78 170
168 169
64 138
110 254
2 222
61 153
109 210
26 182
59 222
213 215
24 27
35 168
127 222
33 151
74 225
137 166
80 190
6 152
120 162
18 65
96 195
133 205
112 229
3 36
0 16
73 248
71 237
72 178
110 187
116 128
94 102
136 232
57 183
186 189
85 99
155 243
102 214
184 187
78 108
16 111
178 186
24 204
141 247
111 210
140 240
42 108
119 243
34 172
20 31
68 247
118 149
157 198
250 257
184 188
13 257
127 189
125 197
181 195
1 161
9 248
16 106
1 125
78 165
194 256
103 194
69 228
148 201
57 94
5 165
14 21
213 239
215 252
162 245
162 187
47 85
144 223
77 120
235 255
66 170
127 153
68 162
139 226
70 73
6 72
108 118
166 188
70 246
56 159
171 212
91 106
20 39
2 218
68 132
9 75
93 145
97 171
54 259
27 121
125 185
226 245
167 178
29 109
187 230
50 192
22 99
22 171
25 44
138 211
90 147
108 146
121 230
2 141
30 113
16 22
139 184
14 225
28 124
57 196
100 103
122 156
42 175
49 193
45 148
125 172
29 86
131 177
102 250
196 240
129 255
112 183
91 203
11 163
17 119
77 132
136 157
19 257
12 45
39 259
69 188
58 108
18 173
34 159
23 240
26 94
83 232
31 169
151 203
218 255
52 62
16 25
162 230
39 217
109 139
137 204
137 227
191 202
139 224
60 228
199 207
0 201
90 121
64 215
120 172
86 106
114 243
6 26
120 137
26 78
132 243
77 104
71 203
156 179
189 218
28 145
106 213
40 134
71 170
17 157
4 212
27 236
21 209
169 197
58 131
220 233
66 125
79 110
121 219
84 118
64 127
36 197
15 154
70 221
163 231
63 106
130 239
21 43
8 87
102 167
9 246
27 247
57 107
153 253
10 45
92 116
18 61
104 112
72 177
58 148
127 178
36 97
139 167
22 216
31 211
196 201
17 259
92 245
70 258
9 220
33 86
7 204
77 249
109 200
67 244
17 214
239 250
46 223
92 93
36 171
51 71
81 187
10 59
28 179
54 250
79 168
59 195
59 93
144 154
235 241
8 175
96 152
201 210
187 207
218 246
9 152
93 107
7 44
108 122
162 253
127 156
173 236
2 128
86 121
192 215
40 151
112 189
60 175
122 176
108 217
152 258
72 164
91 184
6 166
87 204
48 59
72 114
199 213
19 69
106 166
48 132
34 218
51 122
78 111
31 44
134 162
17 49
40 171
9 55
54 169
66 99
187 237
126 164
15 96
201 204
12 52
195 247
33 187
60 67
82 112
81 226
19 181
33 140
88 231
129 233
30 52
248 257
129 218
39 83
74 253
87 188
13 245
95 185
23 162
39 66
35 43
10 30
47 131
45 138
0 27
240 259
80 159
161 223
21 97
62 160
80 208
73 119
129 152
87 207
115 119
12 97
9 221
37 160
133 232
43 110
151 223
106 157
46 174
53 200
17 171
35 138
160 182
113 129
14 118
37 206
43 82
98 222
79 240
21 105
222 226
170 247
23 60
6 197
92 254
159 207
32 145
47 100
198 203
123 182
6 148
5 175
142 223
41 147
71 108
152 195
93 127
153 199
24 185
125 187
2 119
174 177
17 153
44 179
91 180
43 195
64 141
46 179
10 247
81 175
66 86
6 237
42 203
28 32
166 248
44 108
63 234
91 227
60 112
69 85
31 251
192 251
37 46
52 220
5 188
60 129
84 182
40 128
126 140
159 259
103 221
38 165
27 198
55 170
153 183
13 110
23 196
157 169
193 235
34 258
25 108
162 219
187 222
46 121
58 212
47 127
118 193
234 243
91 124
4 12
86 125
85 246
3 212
12 95
111 135
121 221
24 186
32 234
115 223
53 108
23 174
181 182
88 151
103 109
33 161
77 88
249 250
118 222
166 245
150 198
85 187
72 199
18 50
153 259
121 227
55 185
88 90
170 255
59 60
92 117
168 230
62 84
135 224
145 241
189 238
3 29
60 90
37 139
105 135
145 163
51 258
96 234
70 158
68 221
60 240
240 242
17 207
83 136
218 233
9 38
34 206
81 160
101 218
63 87
116 207
137 143
55 57
20 58
78 126
20 242
43 209
84 127
18 181
123 147
146 206
123 134
22 51
4 145
68 111
138 228
154 232
70 124
236 242
127 235
138 199
116 234
42 146
26 70
86 209
14 52
106 152
90 242
80 99
53 115
166 255
102 132
45 176
121 196
240 243
79 212
104 251
89 236
203 240
35 104
38 70
26 85
188 239
48 204
47 201
107 173
187 195
116 195
150 225
25 165
117 249
134 207
6 81
20 89
129 199
163 253
49 122
63 166
150 224
17 36
98 165
80 225
3 22
13 252
7 170
72 194
72 120
242 245
3 256
127 137
6 22
59 129
45 125
92 124
24 145
95 147
119 223
152 179
33 129
19 25
150 185
31 100
155 256
21 227
140 209
130 231
42 201
43 97
5 227
48 51
76 127
43 132
4 197
131 133
99 211
73 148
0 68
8 93
85 221
26 62
56 162
12 238
116 177
34 191
87 187
80 115
55 155
133 199
135 247
136 179
9 77
164 218
181 230
41 121
51 186
84 142
81 218
175 205
85 216
100 183
213 247
29 134
139 176
19 28
13 72
67 153
70 194
15 45
45 232
128 219
60 102
109 143
36 38
21 237
78 167
109 149
36 120
7 47
10 57
135 205
67 259
41 257
69 208
137 234
156 220
75 240
146 246
144 157
38 119
131 195
27 175
27 180
41 205
125 129
8 206
23 90
64 111
46 185
103 146
200 256
59 142
89 147
165 224
2 129
57 200
66 129
55 181
90 96
19 140
39 117
7 79
43 59
154 200
84 164
73 145
87 218
37 51
78 227
51 196
64 147
72 234
73 206
25 113
0 204
128 156
11 212
100 122
114 215
119 156
134 257
224 233
34 230
68 184
96 221
124 246
24 244
24 79
5 49
86 138
187 219
153 249
43 232
192 203
144 208
44 103
3 216
31 118
60 135
19 128
122 251
0 157
86 99
243 259
35 134
56 190
17 140
149 189
44 236
173 248
6 64
124 195
31 146
168 211
208 253
38 86
28 50
7 252
60 256
4 224
167 236
26 139
151 173
17 34
28 164
43 46
5 65
189 241
100 104
64 108
42 58
32 35
153 167
71 242
50 108
158 215
69 236
135 243
139 258
30 80
58 144
64 166
7 234
4 147
24 227
59 134
10 210
142 207
94 216
32 108
177 255
196 207
103 170
52 166
44 203
190 221
143 227
160 216
102 255
13 25
48 56
2 185
59 234
59 232
53 82
14 129
165 220
0 203
143 211
121 199
65 210
10 163
148 169
149 228
86 145
114 198
24 219
159 184
192 237
45 222
198 207
88 213
42 131
97 114
95 225
206 226
62 72
111 186
69 73
12 218
22 227
73 83
57 179
54 258
131 163
98 193
75 194
133 175
0 152
27 224
1 142
232 239
49 124
214 243
88 98
13 208
73 92
121 255
41 259
50 161
4 200
122 240
85 131
7 192
79 191
12 211
117 207
130 139
89 117
70 205
69 223
90 141
28 44
151 238
162 207
38 45
145 146
58 224
15 144
25 229
87 259
98 204
21 174
93 142
148 243
169 249
158 210
235 242
80 214
68 112
173 241
209 221
104 225
30 195
22 72
70 161
34 115
94 112
138 152
39 256
98 159
16 198
20 50
142 186
23 87
51 156
106 258
39 163
14 197
70 214
43 154
6 77
31 178
4 241
54 159
74 177
84 230
99 113
112 122
170 193
71 232
39 61
87 99
29 129
58 122
3 173
108 216
75 166
144 202
157 205
40 66
53 250
129 178
68 228
101 164
65 243
43 144
15 255
187 201
3 170
0 97
193 207
55 121
136 200
28 189
113 165
179 200
69 132
12 14
61 80
152 206
217 233
112 233
11 17
21 187
29 164
33 84
220 254
151 177
16 123
67 183
213 238
147 166
96 244
55 70
11 254
249 258
26 57
182 212
129 242
33 198
171 252
99 184
21 91
57 77
163 255
38 245
0 127
135 140
29 39
145 159
43 239
114 220
0 5
152 199
22 34
11 111
162 247
36 75
69 222
148 248
114 246
36 66
26 148
4 33
93 138
120 212
137 175
6 218
217 224
231 250
74 234
67 175
122 203
49 104
101 155
113 202
49 57
94 208
29 165
42 65
59 163
26 166
77 95
29 140
135 228
196 203
129 188
164 173
183 253
129 249
53 228
86 150
31 148
20 91
19 190
109 225
82 99
128 201
24 36
163 186
99 189
70 179
162 200
43 135
99 197
71 244
116 211
93 121
54 141
35 184
21 212
124 217
185 187
234 253
45 90
46 176
125 222
65 168
34 48
241 243
35 173
164 178
32 194
36 162
62 139
142 254
117 157
32 62
21 96
51 53
133 197
65 74
158 199
74 125
103 119
50 96
66 95
28 33
8 189
69 209
14 245
172 254
44 132
158 204
187 259
12 151
149 159
108 151
126 209
220 249
125 139
32 74
102 254
146 205
9 13
129 171
5 13
51 121
48 149
192 234
118 251
35 100
65 170
45 145
168 182
167 187
203 209
38 125
38 161
102 143
185 216
36 104
214 227
24 88
73 153
48 77
132 181
58 151
23 183
25 231
48 112
82 236
211 243
141 240
152 157
41 99
125 239
0 78
54 188
55 213
126 169
11 234
148 254
24 250
112 187
53 122
66 176
34 149
150 175
207 237
33 106
26 41
183 197
206 228
101 141
13 230
208 225
15 138
98 240
35 96
104 190
110 227
147 242
160 202
211 223
67 91
3 241
139 241
90 127
29 236
76 125
127 259
79 85
170 237
42 249
112 246
13 17
127 256
142 212
12 185
123 189
59 139
97 191
44 189
107 150
131 212
0 199
40 250
12 128
141 243
170 208
169 222
25 155
52 61
203 257
21 250
93 167
45 107
72 168
95 105
143 221
40 177
223 236
52 171
9 257
105 192
150 152
33 60
17 73
130 191
156 178
144 187
14 50
44 163
15 81
79 100
88 189
19 146
48 141
71 243
28 257
147 190
75 161
68 144
27 28
117 137
7 175
62 243
73 192
11 135
4 176
185 186
79 221
19 258
15 242
43 192
45 64
84 102
185 228
34 90
193 234
23 67
72 88
47 178
16 21
80 197
114 230
69 82
9 43
77 159
50 243
121 198
154 163
64 143
10 70
10 94
235 251
16 209
128 191
173 231
155 249
68 151
139 183
9 127
115 139
120 183
50 237
235 252
58 123
68 115
35 202
214 228
235 240
54 223
156 247
139 257
11 154
35 36
38 67
82 180
156 258
214 237
76 238
134 190
88 185
19 248
11 23
101 165
183 250
171 220
83 121
37 89
72 128
9 233
77 235
216 244
77 152
143 248
48 233
58 102
9 100
151 253
46 69
64 205
2 54
215 248
96 259
239 259
0 180
82 230
32 227
79 162
11 205
2 200
39 186
45 203
52 165
176 201
188 193
9 64
227 255
67 107
0 249
127 131
27 117
127 172
100 244
26 102
41 248
159 187
189 248
67 206
222 236
65 85
204 206
66 193
1 154
92 108
21 192
132 246
102 135
196 230
73 229
59 233
89 166
140 198
117 258
147 175
20 230
11 112
20 25
58 116
120 217
81 178
12 23
11 116
18 205
53 110
129 232
193 200
140 160
177 243
40 137
88 190
64 131
153 207
108 134
6 25
41 198
72 235
22 152
123 127
195 219
173 214
171 241
91 169
4 255
100 219
5 170
31 90
148 250
83 108
29 76
68 91
76 129
80 107
28 178
45 175
50 139
17 250
220 244
126 141
2 94
38 124
31 33
142 244
109 187
108 235
6 137
30 218
42 124
22 213
37 198
51 240
84 130
62 252
2 17
98 188
137 164
213 252
10 132
76 145
117 170
57 164
52 108
82 142
90 156
9 97
117 254
169 171
102 124
16 153
125 156
132 157
168 176
2 231
84 98
119 259
125 232
102 111
130 167
27 245
57 219
73 225
56 147
50 80
179 216
51 252
142 256
37 202
113 134
17 251
113 141
140 242
47 183
110 230
17 209
78 115
142 185
91 123
31 53
192 246
149 254
160 241
72 174
79 83
2 214
194 224
47 77
121 234
175 211
70 128
120 235
0 43
100 108
9 17
137 184
23 35
71 220
84 196
221 238
159 221
58 107
78 226
86 175
63 104
13 74
63 154
141 165
45 119
135 158
71 216
124 179
27 41
154 228
90 124
126 239
2 245
17 155
187 238
31 223
49 255
137 203
96 146
56 239
159 255
46 51
36 112
176 218
13 116
148 171
20 194
133 253
193 231
62 214
57 231
90 247
150 182
190 220
108 124
224 257
44 138
153 229
32 159
78 206
12 76
3 58
110 119
83 186
62 124
85 104
130 236
37 193
199 244
53 96
111 184
25 212
5 50
112 117
188 218
3 201
131 220
109 136
20 193
160 253
34 129
211 256
29 256
74 216
126 135
35 37
130 155
105 248
0 173
191 232
37 185
205 241
86 249
39 145
148 232
64 186
42 104
101 200
94 109
156 219
39 235
192 230
40 241
83 118
15 115
53 62
180 198
198 239
168 255
109 111
145 259
67 221
117 163
241 246
106 222
11 54
67 229
51 191
115 199
19 200
76 206
132 233
222 255
92 99
30 105
210 240
3 107
181 203
115 161
139 243
132 143
105 219
6 171
143 259
180 232
124 189
70 233
28 112
156 157
37 113
89 112
12 247
26 121
129 231
175 243
73 197
153 201
19 254
67 217
19 35
60 198
93 100
68 122
63 192
253 256
38 227
117 124
75 213
56 201
104 148
16 205
99 122
155 246
24 254
82 176
181 205
131 230
80 224
94 167
83 250
137 154
100 209
183 245
102 177
71 102
127 225
117 250
62 228
19 172
189 227
49 233
110 124
32 225
101 143
35 72
119 229
144 203
14 98
62 147
111 253
47 103
19 207
113 176
56 169
153 224
56 241
182 205
126 223
4 126
28 210
19 150
206 217
156 252
55 166
57 136
38 98
187 189
171 204
158 181
144 255
107 228
22 92
3 97
59 202
91 156
17 172
176 234
221 242
68 194
73 239
17 212
219 230
75 139
87 105
7 30
209 233
31 224
71 172
18 91
66 221
139 201
168 202
137 195
49 242
76 233
66 175
149 165
99 165
36 81
59 86
222 235
117 146
37 145
214 259
102 190
91 159
12 257
23 193
58 64
36 47
122 186
66 236
35 127
81 208
8 44
15 157
132 206
43 211
153 203
192 236
147 241
112 167
212 239
86 247
146 226
38 42
31 49
89 131
192 211
73 150
77 101
70 234
100 250
113 217
101 158
61 236
59 180
156 159
113 255
86 210
153 156
70 226
159 238
57 134
87 125
122 236
77 205
51 153
114 165
144 180
30 206
40 64
198 238
22 145
112 211
47 164
186 220
58 140
78 247
75 230
70 98
107 230
74 129
73 147
92 131
77 148
60 106
13 115
25 98
50 231
100 234
202 237
243 253
152 191
148 229
46 91
219 237
54 80
70 131
157 230
92 177
108 147
146 194
151 205
23 236
146 201
191 237
65 251
42 225
126 254
25 161
53 157
179 238
120 252
28 232
41 239
22 256
84 172
24 95
136 175
67 256
178 200
138 143
28 83
66 216
107 234
74 202
121 177
195 246
113 190
84 135
112 249
237 242
79 223
189 258
212 251
163 247
40 192
109 125
120 258
190 250
200 250
147 217
26 128
133 171
165 200
3 99
102 107
92 255
55 112
49 188
73 135
93 172
85 258
134 153
79 153
101 189
56 161
37 109
176 190
18 236
94 218
138 210
169 216
94 197
227 231
150 253
10 231
37 102
78 177
8 222
212 221
126 242
167 208
113 216
69 98
232 250
70 244
77 256
231 246
86 185
12 50
16 78
163 164
57 240
180 208
74 132
116 148
182 236
55 56
164 195
167 200
1 206
100 173
39 175
63 198
19 20
18 198
40 68
123 250
109 110
65 200
77 142
251 254
196 216
20 251
159 198
13 21
57 255
64 223
159 161
73 205
122 259
94 150
1 236
68 200
1 10
59 92
21 254
26 65
28 141
77 102
120 209
158 242
48 222
140 187
48 121
16 229
72 158
79 193
48 207
183 189
50 88
82 136
117 131
54 127
62 231
17 193
66 69
229 250
31 137
112 169
41 233
149 210
140 189
35 161
136 257
39 50
86 227
145 242
118 228
118 184
125 147
105 153
68 100
22 177
121 208
62 123
38 103
56 188
172 237
36 131
85 128
181 231
149 156
33 136
15 229
11 220
58 149
118 254
14 160
101 253
92 198
60 96
53 132
15 258
64 150
35 236
46 58
127 155
101 145
206 223
185 205
88 145
92 165
123 220
95 186
179 181
5 25
248 258
41 138
51 194
8 180
40 49
1 33
62 109
29 248
26 185
19 197
12 170
41 244
121 176
185 257
75 246
10 217
33 211
13 137
200 240
29 128
109 172
136 219
15 178
35 83
11 231
187 235
4 220
34 236
35 132
185 245
157 212
108 205
35 192
124 146
17 216
78 109
86 164
92 133
178 252
152 218
203 216
219 257
13 212
191 227
35 45
155 177
163 173
109 160
83 188
40 183
21 108
124 209
92 219
19 223
102 115
65 217
108 149
174 229
55 75
39 224
72 76
124 169
146 237
141 216
142 232
247 253
36 134
75 100
2 252
132 178
175 230
96 226
15 127
159 242
111 228
115 124
80 150
46 119
86 165
218 237
8 27
51 110
69 131
113 218
34 126
52 67
40 170
139 222
111 165
167 176
170 174
10 239
116 206
63 83
102 246
21 161
98 150
164 166
214 225
195 217
59 236
89 143
171 215
125 204
178 225
84 86
53 106
98 235
15 79
157 197
70 125
121 147
90 215
159 206
175 251
8 241
48 169
8 96
40 76
146 189
91 133
43 133
3 57
75 221
52 64
240 248
102 221
43 141
88 243
101 159
13 138
36 243
114 203
231 241
3 80
236 259
54 173
90 179
45 252
57 103
86 197
176 241
198 200
44 196
11 146
8 135
91 186
26 99
13 119
94 133
53 210
25 180
130 224
113 210
40 140
182 199
68 155
138 247
25 48
153 230
11 202
128 249
12 51
101 122
206 253
148 173
177 198
141 223
82 145
58 152
192 247
216 259
1 172
190 224
8 13
89 141
213 232
150 226
71 259
24 175
166 183
37 120
36 203
21 244
28 74
113 205
74 96
89 203
224 244
7 24
74 155
19 40
80 201
38 75
163 250
182 223
68 150
105 259
170 245
60 253
78 185
39 57
8 110
4 89
29 213
16 154
173 247
41 110
11 113
63 109
98 112
3 101
85 181
19 246
161 242
91 255
43 81
110 178
7 8
107 245
36 101
108 153
116 242
176 207
150 160
89 124
193 206
207 216
105 209
21 114
80 135
96 149
73 221
20 126
31 80
20 124
102 146
95 183
10 142
8 84
62 138
34 132
161 180
150 176
80 258
66 204
221 243
167 195
36 254
89 255
203 252
124 225
99 207
165 178
72 179
67 143
56 149
33 155
143 157
133 187
112 205
170 207
5 54
3 37
57 129
147 247
125 168
69 80
102 105
23 101
36 239
31 58
57 221
70 71
39 56
15 59
170 188
38 225
185 243
5 152
98 195
71 193
98 182
71 171
45 93
71 72
174 228
13 37
23 97
169 229
3 112
25 209
0 115
83 129
111 211
7 240
101 147
168 177
33 58
63 206
230 241
182 183
215 217
69 205
71 113
33 143
71 198
33 98
82 200
3 151
20 168
66 116
112 221
80 167
78 132
42 218
130 197
55 74
61 205
152 244
85 244
8 201
56 198
68 140
178 247
216 239
71 119
128 142
126 143
0 147
108 252
122 130
20 222
13 222
19 183
89 246
104 169
126 173
193 214
53 76
29 122
6 126
93 184
180 249
14 78
182 253
43 181
20 170
117 243
204 205
39 180
77 156
229 239
164 204
4 102
12 49
112 192
21 50
124 165
135 160
170 218
125 207
104 176
221 250
161 204
60 87
174 231
27 213
106 145
38 189
12 74
19 208
13 59
26 45
160 165
214 254
15 104
152 200
172 206
99 200
84 99
20 118
107 177
190 217
11 41
96 166
110 199
121 127
120 188
52 120
232 254
108 225
52 151
35 259
189 212
52 55
20 55
17 134
68 134
169 209
76 108
141 258
3 238
109 164
109 216
98 103
91 204
94 153
103 169
153 166
58 109
5 199
68 82
6 159
200 219
154 220
103 226
144 169
166 203
94 139
119 134
158 168
135 145
171 216
44 147
85 194
171 177
42 247
31 225
197 237
155 229
17 235
194 196
74 229
40 161
95 256
145 221
246 258
111 131
139 244
14 60
83 228
133 211
79 109
25 257
83 138
139 194
57 172
50 143
58 141
15 82
128 169
164 233
68 105
6 189
57 82
168 200
175 184
6 252
79 117
49 165
134 158
6 209
167 259
2 47
133 203
59 187
34 179
55 198
37 226
214 218
45 235
85 257
55 247
128 196
57 137
145 191
39 249
23 224
209 228
24 44
84 243
93 213
168 174
25 203
113 115
70 185
182 186
76 114
185 220
233 258
33 176
183 212
181 187
72 126
128 220
18 239
117 152
167 190
94 226
136 197
152 186
120 175
42 226
57 127
57 142
54 160
18 81
113 199
34 189
18 235
17 161
108 183
170 238
69 252
82 162
70 156
16 194
188 230
45 78
151 212
74 193
141 244
51 181
53 223
142 148
20 54
205 256
78 238
90 173
31 196
113 161
75 201
54 69
123 149
165 259
124 194
58 103
127 217
42 204
96 127
102 213
62 111
96 190
33 114
142 153
0 166
59 77
15 146
154 219
78 246
19 142
127 167
34 49
8 181
44 183
37 199
236 254
57 248
137 255
48 230
7 255
100 116
191 236
2 28
40 206
239 258
140 230
120 236
73 114
108 136
164 183
157 214
144 245
212 240
20 93
164 259
51 182
10 182
153 255
4 24
53 224
77 203
116 223
193 248
73 117
71 146
30 70
23 234
117 222
92 252
91 202
170 249
9 153
158 234
11 157
60 139
139 254
129 136
46 76
192 257
65 218
29 215
69 137
101 123
211 214
134 144
0 35
0 12
137 140
109 246
107 134
113 246
119 128
100 153
78 131
72 117
68 124
13 104
154 204
139 187
107 184
82 84
64 116
88 128
174 236
96 241
46 96
69 189
66 154
88 102
133 188
72 86
142 225
198 215
171 256
116 175
66 185
236 244
76 177
69 182
41 184
55 143
11 26
22 88
80 213
95 103
93 132
83 247
31 248
37 181
76 251
30 257
63 248
127 232
124 130
104 236
11 188
58 246
23 180
6 213
119 154
36 118
130 211
63 84
43 243
26 231
82 211
78 149
99 233
102 131
9 23
50 236
9 159
128 132
17 20
238 251
241 251
44 120
17 120
23 72
34 38
50 124
99 235
22 236
32 58
145 194
34 163
17 111
1 239
53 127
121 187
71 167
80 164
13 16
68 199
198 208
65 172
97 257
92 130
94 193
109 255
97 107
11 184
39 237
69 255
21 122
186 221
6 67
51 120
7 71
20 259
52 92
130 212
68 250
17 56
45 81
154 244
4 164
88 195
101 212
38 232
74 243
222 227
8 70
6 9
66 140
34 182
197 216
42 206
23 220
36 241
57 257
210 227
2 96
3 159
122 206
5 74
109 222
49 228
116 196
78 168
22 221
4 120
150 207
164 201
2 251
206 256
30 219
101 210
204 250
138 212
15 128
120 141
134 171
34 50
3 225
131 255
117 227
177 216
29 250
106 220
100 113
115 233
128 224
236 243
138 142
177 238
12 53
52 217
2 189
43 58
33 68
31 130
70 101
156 167
221 255
59 136
14 113
181 253
106 205
74 166
136 213
69 244
8 123
0 154
87 199
41 97
22 139
32 78
80 230
89 95
167 184
163 233
140 258
26 167
19 129
70 237
147 169
85 167
13 32
200 220
3 63
88 192
173 187
93 135
89 254
184 247
41 98
81 91
83 254
8 221
85 135
14 70
210 252
182 188
146 219
121 203
235 248
107 124
83 89
139 186
12 153
110 188
76 232
22 155
44 216
48 108
32 258
109 248
34 164
18 145
43 210
60 164
117 252
8 205
170 191
63 79
19 163
236 252
79 185
32 195
41 65
28 195
123 129
39 49
13 106
27 65
143 203
4 151
29 145
134 252
35 254
150 166
159 245
18 79
6 134
63 117
205 244
15 122
48 238
56 176
104 151
3 242
213 214
176 255
107 118
36 154
91 168
151 250
127 213
117 192
176 220
150 214
1 215
12 40
106 111
169 172
59 185
165 241
14 40
171 175
199 227
89 159
46 128
167 209
41 88
89 134
48 242
26 144
115 149
154 162
1 50
170 204
25 62
130 147
123 199
113 192
167 229
67 99
94 154
104 137
137 151
7 174
197 255
134 142
63 239
246 248
171 205
6 62
16 136
118 179
173 201
74 75
56 164
89 101
3 161
12 142
60 80
122 196
16 36
52 236
78 118
35 234
189 209
73 162
62 81
14 220
46 242
122 134
20 248
134 191
3 65
126 213
34 198
219 241
188 203
114 182
103 154
188 223
16 32
17 130
47 225
6 221
55 171
97 246
212 222
46 188
128 162
100 129
195 213
81 169
55 239
64 200
70 92
38 215
145 169
177 199
104 241
184 245
113 253
149 218
85 201
73 247
63 255
75 83
167 252
137 170
200 217
51 189
13 228
2 69
125 230
25 99
41 216
40 242
69 109
45 201
79 106
175 258
158 177
13 26
95 207
85 163
37 70
60 167
176 191
100 176
230 259
89 186
132 251
21 257
143 181
100 149
76 84
207 229
3 255
165 191
8 78
109 171
44 169
173 184
32 67
99 230
160 225
152 154
98 255
102 187
166 240
25 59
129 164
199 245
7 103
41 66
92 125
149 193
227 254
108 208
19 214
29 185
87 100
157 201
19 29
72 81
3 198
11 179
201 228
1 34
62 156
148 206
192 220
3 24
9 118
165 176
139 207
1 56
10 121
73 184
53 221
1 189
129 221
215 222
105 129
175 212
104 144
125 140
64 191
127 219
118 249
13 131
15 18
158 163
1 164
120 186
110 180
32 222
158 248
0 175
124 257
144 184
14 235
96 204
166 202
5 30
85 129
61 189
54 194
121 215
48 198
73 165
41 155
149 238
41 104
77 150
183 227
63 82
31 54
225 249
47 74
199 220
108 119
203 214
197 246
226 243
93 234
162 251
80 239
34 181
21 101
71 141
91 121
132 183
64 231
76 200
88 238
211 225
155 186
50 118
9 12
102 191
234 236
101 234
120 143
66 142
59 226
157 221
96 223
46 81
86 253
143 145
91 164
124 163
4 140
35 125
7 211
49 59
136 203
25 216
178 240
199 231
134 140
53 130
98 191
219 223
41 132
203 236
219 243
197 233
60 237
63 100
15 197
161 236
143 151
69 75
135 227
14 88
77 173
96 148
59 150
75 247
23 252
38 235
31 246
91 139
190 208
19 103
108 222
78 144
49 102
52 232
49 129
170 214
65 203
86 258
170 180
43 107
4 31
141 172
91 187
99 234
16 34
94 219
62 230
28 150
184 193
32 193
5 101
7 241
186 241
104 228
85 253
72 190
51 200
76 195
2 138
36 116
94 161
52 119
70 109
89 251
82 163
163 251
29 147
91 131
28 54
192 198
225 236
115 212
32 98
130 222
5 168
63 164
60 154
70 211
81 103
151 170
51 207
4 242
76 155
55 105
56 61
33 224
50 130
74 158
59 96
7 208
193 216
88 121
128 241
32 106
222 237
156 172
114 145
98 136
14 30
225 244
135 144
100 147
24 37
139 213
70 80
27 35
176 195
207 252
89 140
120 165
24 53
92 218
59 128
234 246
120 202
3 186
125 259
39 113
14 185
155 218
50 151
85 238
114 218
19 31
4 79
45 120
97 109
32 241
53 163
138 183
194 228
104 120
51 57
105 156
165 237
222 251
232 249
51 95
2 50
175 193
81 228
39 216
97 117
131 196
130 208
88 234
27 179
78 123
36 62
72 185
89 92
6 256
50 83
193 230
24 143
61 156
133 180
8 56
134 239
102 104
45 162
51 105
238 240
4 87
81 216
39 203
19 87
99 202
162 237
114 187
189 195
96 180
49 216
56 116
141 214
132 142
67 135
141 228
107 224
202 247
163 217
52 112
28 123
38 72
148 225
31 127
33 226
57 123
1 105
9 144
26 240
27 187
39 81
198 220
150 157
74 120
13 249
90 202
124 170
159 234
29 258
157 249
125 203
188 213
38 47
202 208
51 131
226 256
182 239
27 255
54 103
91 241
15 120
25 69
11 137
54 238
67 242
76 89
1 149
163 246
67 70
113 116
160 215
85 126
110 138
154 254
69 212
31 38
77 137
22 79
184 248
43 253
155 194
166 225
155 209
195 232
98 104
10 153
9 126
26 61
34 146
12 30
1 241
132 189
25 100
169 239
76 175
93 227
17 68
224 237
17 19
32 238
33 196
226 253
104 170
117 159
76 88
227 245
42 54
62 135
202 218
124 180
87 165
197 203
76 159
59 212
85 209
103 142
191 245
10 197
167 204
50 202
6 86
195 206
120 147
74 148
226 252
3 219
113 164
185 227
61 98
9 172
54 86
0 217
10 24
7 74
14 59
36 250
31 177
113 181
103 256
73 191
31 144
87 184
55 154
52 138
148 210
130 234
195 229
63 240
95 242
21 26
51 229
4 27
43 71
97 138
10 27
79 165
20 96
190 234
115 166
179 242
92 230
215 221
201 230
119 237
101 187
84 165
163 194
15 227
206 229
132 253
93 120
18 213
122 187
45 122
84 159
224 253
5 214
20 163
115 232
134 234
59 249
117 242
76 156
192 213
23 98
106 229
46 247
148 191
33 218
24 74
92 257
18 138
187 233
30 118
46 104
35 98
220 234
37 234
44 224
98 129
142 159
110 208
96 214
73 100
80 212
159 173
73 139
41 74
193 247
85 115
39 95
244 255
58 191
8 31
160 187
4 85
21 22
7 181
135 155
45 253
171 247
156 199
1 86
67 83
9 228
129 151
104 138
191 215
16 225
29 80
223 253
67 170
50 200
74 112
119 174
118 147
36 87
16 222
94 136
82 259
6 96
122 209
25 32
164 227
196 256
69 88
37 82
38 198
71 173
44 178
69 164
179 192
69 180
125 215
153 157
75 126
129 174
87 220
92 209
15 204
68 74
54 176
47 226
83 152
52 222
130 198
39 255
79 112
130 206
36 163
165 187
26 226
118 178
17 234
105 139
35 85
53 245
43 193
115 186
75 235
77 169
51 250
100 169
157 220
56 114
192 221
61 108
40 44
190 211
93 178
210 236
89 216
3 66
7 136
61 188
187 204
3 77
32 121
94 144
26 35
5 67
51 172
240 241
104 191
195 248
203 208
108 130
23 88
135 220
73 123
96 174
26 123
108 258
53 159
22 65
130 132
110 190
47 229
86 219
144 224
155 228
91 244
191 256
124 184
48 63
73 115
136 146
203 239
22 33
8 14
2 170
55 73
215 224
65 84
56 78
137 196
119 212
11 236
0 1
17 230
56 157
121 259
181 213
69 232
231 242
90 231
58 179
1 48
11 27
49 101
168 175
110 148
122 165
138 155
100 190
120 160
171 195
129 197
1 210
208 239
63 200
152 183
6 18
14 204
30 53
5 55
127 250
38 229
14 158
22 158
219 238
111 234
126 153
158 159
197 258
15 134
28 72
125 218
130 135
194 253
113 185
167 171
175 195
200 225
14 163
22 67
30 182
22 142
116 245
106 154
211 241
167 207
64 217
69 105
63 151
47 259
97 253
98 113
105 234
84 232
179 253
8 218
181 257
96 138
82 198
190 199
128 233
104 182
208 218
15 228
4 186
50 210
15 149
22 190
55 164
90 117
168 220
107 255
98 127
14 211
25 43
137 160
59 82
24 216
11 170
83 253
23 212
12 163
49 64
33 109
60 230
77 140
119 214
43 51
54 140
15 78
153 227
40 249
10 52
173 200
15 161
43 139
228 258
43 155
60 89
183 222
138 194
9 200
28 167
34 118
142 193
39 45
64 197
8 233
4 179
141 196
125 242
73 242
159 250
69 226
70 208
53 170
171 189
23 157
20 132
3 258
136 148
137 216
211 226
5 213
19 38
47 168
36 160
143 180
130 251
19 152
40 98
79 167
65 244
172 179
55 203
171 243
174 211
69 104
160 251
194 223
22 109
20 148
18 66
119 240
110 141
55 160
87 257
159 168
3 103
218 219
46 251
25 89
117 205
194 197
23 176
91 112
127 211
36 124
132 194
90 212
189 240
10 177
78 225
99 168
89 104
46 57
0 20
0 213
56 135
21 193
31 173
105 146
150 210
78 194
171 245
21 178
10 29
12 250
92 153
1 123
167 203
25 121
168 259
46 138
5 234
173 253
70 254
118 235
26 246
33 179
2 49
132 216
117 166
157 247
246 247
14 127
73 173
69 86
145 193
199 236
101 117
156 208
60 183
142 229
189 244
32 247
61 217
81 202
96 162
155 253
131 192
143 222
40 256
122 188
68 206
13 235
195 204
209 232
113 201
140 161
109 178
85 152
167 249
80 83
4 112
177 237
27 103
34 69
80 82
45 216
97 192
11 172
55 81
53 183
84 246
85 241
40 257
33 183
99 170
103 242
121 128
58 250
59 101
106 176
148 242
23 31
14 74
39 65
2 105
38 107
76 79
197 244
44 91
55 134
1 198
86 226
37 174
1 66
186 255
6 93
108 237
168 257
141 173
78 173
63 207
96 170
181 199
25 258
186 205
48 205
84 218
31 188
13 100
35 126
42 133
166 213
44 199
9 171
106 214
130 162
98 206
152 227
88 241
156 170
129 155
54 235
13 220
205 231
19 148
64 120
17 37
25 205
220 246
119 144
12 33
193 227
56 111
6 21
151 166
70 116
71 136
52 129
203 207
0 161
115 129
13 128
38 202
61 118
2 26
136 248
69 249
9 240
126 175
44 145
172 235
140 176
103 127
133 233
4 233
226 237
119 159
185 195
70 83
26 77
41 143
30 152
21 168
147 162
10 130
110 215
14 247
83 197
39 111
19 116
100 159
99 119
151 252
164 220
79 211
59 95
86 111
152 182
65 155
149 177
40 131
32 73
3 62
218 240
89 150
8 102
30 214
191 224
20 97
111 194
158 202
167 202
114 226
137 238
19 216
33 214
12 122
37 188
15 206
66 76
152 209
96 131
5 203
31 157
16 127
2 11
20 205
25 114
46 256
145 247
161 212
23 140
147 214
1 104
105 116
124 204
159 196
89 190
93 197
105 159
58 106
73 216
90 149
197 204
9 105
55 177
10 55
34 196
83 155
144 168
140 180
35 219
4 211
6 43
39 185
32 209
169 180
49 237
61 196
135 164
7 128
46 237
172 247
45 96
1 124
111 144
54 88
5 62
140 181
185 235
12 168
57 96
79 218
38 201
114 186
2 74
42 237
186 219
77 135
46 136
92 256
196 210
110 231
122 252
25 45
62 101
170 200
202 212
137 206
68 232
135 250
10 178
93 194
1 183
157 183
23 208
3 123
37 179
167 205
36 225
145 230
75 191
132 200
166 179
84 237
56 166
47 124
134 165
46 53
103 190
153 197
78 117
71 85
139 235
33 108
49 76
97 150
57 180
92 203
64 152
34 153
61 247
13 224
157 185
205 214
62 86
121 169
71 93
118 170
8 224
146 214
33 215
29 153
45 103
23 40
11 33
23 70
26 71
15 99
208 222
99 248
54 226
121 232
2 98
32 59
30 197
161 240
43 99
92 118
33 81
45 76
79 88
193 256
13 238
14 28
101 142
62 148
35 142
117 142
8 253
31 252
62 200
121 191
17 22
86 96
104 255
240 251
1 115
81 112
9 187
96 198
53 201
9 79
17 241
191 210
64 211
186 232
111 247
24 214
81 93
94 160
70 180
50 53
81 204
147 185
58 129
57 93
101 115
225 252
61 78
72 91
23 130
37 217
74 259
94 98
158 226
86 109
40 216
5 92
17 205
66 203
216 254
167 212
108 123
160 207
38 59
20 223
58 147
92 216
37 54
47 189
79 245
1 152
95 111
90 234
26 44
139 256
5 240
180 243
194 230
93 134
202 259
50 116
142 175
162 164
158 160
49 183
170 236
53 208
173 225
152 230
47 150
73 207
23 189
123 246
185 218
70 163
4 7
134 146
29 208
135 217
170 253
70 183
84 174
128 155
120 133
39 115
120 251
13 184
107 113
122 125
70 78
186 240
18 154
109 189
108 211
86 128
30 186
145 166
199 218
88 221
141 198
118 240
13 38
87 114
200 245
72 82
17 67
54 243
65 173
24 134
124 259
28 148
86 251
129 130
40 159
1 153
175 200
24 25
192 206
1 80
180 217
114 254
50 138
8 225
152 169
103 129
179 197
71 240
150 237
30 35
6 112
32 60
149 152
23 257
47 112
107 121
71 199
72 78
10 164
167 210
67 74
64 118
76 198
34 205
101 124
11 149
83 198
199 206
74 217
102 212
86 196
73 127
20 167
42 176
110 169
96 231
11 29
212 237
69 118
167 193
1 203
73 204
47 190
35 225
151 247
59 112
103 231
94 211
43 63
24 208
215 254
182 189
74 248
101 103
170 185
24 238
53 79
29 38
46 207
125 130
55 153
163 178
175 201
0 119
59 85
200 207
200 251
156 191
174 252
99 180
104 164
8 240
220 245
147 172
99 149
62 128
40 188
100 236
119 224
2 162
196 250
30 172
172 183
30 39
15 246
192 216
138 207
206 238
144 196
13 169
5 141
63 190
113 229
129 234
14 15
0 49
186 195
54 246
51 228
137 188
134 168
127 177
193 233
69 150
6 36
18 225
20 109
94 220
107 235
118 239
22 108
53 138
25 160
60 238
70 96
26 52
116 190
152 223
38 228
90 188
19 74
118 197
55 136
56 183
8 246
140 251
229 236
7 197
44 97
34 184
33 93
0 26
73 223
47 236
81 95
37 65
54 214
179 193
134 222
113 117
102 113
49 93
82 253
118 165
47 207
6 117
217 256
70 106
65 222
84 254
55 214
22 148
239 245
130 137
73 201
68 176
1 229
39 94
3 152
148 192
17 112
32 102
162 211
205 223
164 177
43 215
88 105
117 167
122 254
69 167
12 243
60 74
207 245
97 224
18 95
90 162
140 154
47 130
27 230
54 97
9 129
98 210
84 250
161 232
91 234
47 65
151 198
15 51
54 187
115 165
72 167
116 155
136 210
79 228
220 251
174 221
103 205
58 113
120 135
95 155
61 91
82 214
84 224
123 155
154 212
104 142
201 259
62 183
26 122
44 165
9 57
173 177
19 101
36 79
86 235
138 195
138 229
29 227
17 237
88 222
126 255
67 185
96 213
115 242
112 118
135 258
48 158
205 234
146 165
182 252
196 218
24 240
207 250
58 189
27 80
203 249
23 96
135 170
233 259
142 237
151 191
66 179
69 250
140 226
14 250
41 202
28 127
135 182
21 99
189 223
37 147
71 144
37 183
17 256
71 92
28 216
145 195
20 65
57 151
72 133
93 193
50 224
82 98
88 196
56 144
94 137
21 68
35 58
8 202
34 94
113 204
53 89
204 232
102 244
13 192
114 148
9 204
36 159
37 56
178 238
47 165
30 129
87 222
0 238
20 240
61 199
9 148
94 121
155 241
57 152
157 161
213 227
203 243
109 220
18 64
211 251
0 230
67 126
62 142
186 244
186 248
56 221
69 247
16 257
134 215
2 127
115 205
96 111
1 119
86 90
171 172
2 95
27 120
83 146
2 9
149 244
156 215
46 201
171 201
42 160
61 173
77 225
168 184
107 188
44 238
128 165
179 188
96 202
18 199
41 201
50 103
8 119
47 82
171 225
123 139
135 203
36 40
6 13
44 65
30 32
35 182
213 259
68 166
98 238
107 256
173 240
113 243
101 217
20 241
99 126
106 239
77 154
34 156
16 158
35 148
38 114
44 210
118 236
24 30
44 173
34 71
136 145
87 141
188 210
180 238
74 115
68 108
61 104
182 247
133 257
52 99
68 83
48 91
15 195
110 181
41 125
183 235
65 247
144 149
55 150
153 194
1 162
36 249
45 129
8 116
106 240
6 60
58 120
41 162
126 257
47 109
202 246
58 257
33 201
10 96
52 93
49 58
45 185
73 258
163 242
32 250
52 184
42 93
32 254
101 120
90 104
70 162
28 103
97 203
115 226
18 186
191 243
144 175
68 225
150 209
101 258
68 245
76 245
202 220
5 242
112 168
52 68
194 214
86 146
212 232
15 29
91 185
143 206
209 219
223 235
4 143
177 211
66 77
101 169
202 257
176 250
12 26
189 202
36 192
24 46
141 169
56 243
202 249
55 83
94 148
89 212
30 115
4 162
5 205
65 81
145 174
46 145
121 216
11 30
128 244
93 175
87 246
22 175
56 252
41 159
22 149
45 172
123 212
126 234
95 128
68 217
99 191
5 125
73 199
198 224
8 103
73 186
104 131
31 226
47 156
72 237
104 212
94 200
4 91
14 63
46 220
125 190
142 213
107 175
171 194
89 191
118 210
51 256
75 214
140 192
132 144
19 58
116 185
12 226
45 215
52 143
72 216
52 146
131 150
218 252
114 178
19 92
125 206
40 141
0 245
89 109
54 138
122 204
133 183
179 228
30 137
2 233
24 119
80 191
45 208
148 249
223 255
98 183
68 141
23 42
87 135
38 237
48 162
73 228
134 250
90 251
24 129
120 176
31 126
40 175
62 246
138 156
141 185
87 161
182 213
9 14
117 136
47 155
179 237
104 234
4 14
36 139
123 218
56 171
99 213
199 226
16 219
101 139
66 138
57 199
123 235
143 215
99 219
105 123
102 128
75 157
48 181
31 171
27 66
77 136
41 211
224 242
81 99
149 257
145 233
100 179
92 167
60 259
48 192
191 214
8 106
138 239
13 187
43 55
126 151
198 206
172 181
110 194
37 238
156 165
18 70
24 190
153 200
70 102
109 138
17 85
20 92
217 241
172 249
28 201
9 104
23 168
206 221
167 231
98 142
122 182
36 45
29 226
26 98
46 177
153 177
207 259
9 115
5 17
195 203
48 101
192 229
58 79
107 211
102 258
160 164
11 158
74 251
66 254
8 59
63 127
206 237
128 242
61 100
110 157
62 107
7 214
47 161
57 188
90 140
136 193
244 245
124 214
33 230
47 78
33 243
77 113
185 258
144 162
163 221
74 239
99 160
146 229
48 194
122 247
200 228
2 79
236 237
29 69
16 203
127 204
23 110
91 161
58 177
76 259
14 43
220 240
81 177
162 197
77 183
185 210
207 215
42 234
133 190
177 182
85 176
51 249
88 142
96 101
40 254
18 208
83 208
193 240
23 250
67 178
95 175
68 85
10 143
12 242
91 104
139 171
225 233
53 86
125 211
38 180
63 119
105 138
61 96
79 98
94 229
86 225
19 193
156 222
84 251
128 217
26 125
145 255
21 67
106 184
74 159
6 89
102 256
173 176
26 250
142 181
28 166
213 250
33 241
20 224
50 142
131 241
158 171
7 231
181 232
83 149
96 246
31 81
0 82
37 191
234 256
101 202
91 213
177 185
27 118
30 50
7 210
9 107
203 242
117 132
128 159
54 234
28 144
74 207
49 214
163 204
99 167
7 84
122 207
20 197
148 216
30 67
13 109
11 178
59 76
114 197
193 215
16 197
244 258
41 215
24 45
160 162
27 192
2 258
38 250
94 215
116 168
185 197
106 199
57 194
21 230
9 78
106 210
158 180
60 66
177 246
160 235
160 186
47 248
103 225
84 206
125 160
176 252
16 122
18 59
139 229
168 244
38 213
64 123
21 214
69 175
221 233
36 88
115 248
30 45
7 196
73 214
86 187
77 198
148 245
44 59
15 74
6 66
21 118
79 102
17 76
0 65
165 204
42 80
122 221
126 188
71 181
67 152
97 139
29 130
90 207
153 220
46 112
65 128
48 152
90 244
40 210
180 220
107 167
56 90
136 166
0 224
42 135
0 77
180 244
13 123
13 88
96 188
213 241
224 258
197 257
105 109
134 152
43 202
1 135
156 246
27 30
89 107
71 97
1 216
84 187
65 114
181 215
9 53
2 7
37 245
72 134
137 141
206 249
3 217
25 200
18 78
12 254
88 141
130 210
74 213
73 166
54 119
32 115
99 178
25 133
153 241
73 81
213 248
3 6
7 250
117 126
127 188
72 93
241 254
52 246
0 87
155 165
0 117
5 71
112 134
40 132
209 226
86 124
14 107
78 248
116 164
161 196
20 155
97 215
238 243
135 242
147 195
112 161
62 213
62 83
18 36
175 222
155 220
7 219
61 227
55 88
32 114
54 155
56 245
110 214
116 194
24 69
120 124
80 223
159 227
227 233
205 206
34 151
79 242
62 120
88 162
34 120
55 77
160 173
115 202
232 242
113 239
105 193
96 254
52 91
13 210
108 187
43 126
121 190
47 180
81 110
26 66
233 238
141 217
195 254
24 195
80 101
12 180
35 56
55 227
176 208
159 165
10 119
226 250
70 195
14 126
79 183
38 258
22 239
113 122
83 187
12 99
77 161
229 248
16 138
96 164
12 36
80 227
135 201
123 158
97 172
4 159
4 75
32 97
81 254
29 59
66 180
60 196
140 151
169 224
127 200
5 158
62 193
26 219
86 102
17 26
7 173
3 179
67 114
57 78
36 202
25 134
148 174
144 195
48 104
12 24
93 199
6 254
98 233
229 245
68 130
128 176
66 173
26 42
108 168
10 215
90 159
125 136
7 183
10 237
17 217
68 256
47 61
51 253
57 215
216 249
6 179
123 209
8 46
116 130
35 71
99 246
183 184
116 200
80 186
60 170
156 234
87 170
78 199
59 83
154 201
134 178
57 167
184 212
105 118
17 148
71 200
65 100
5 104
61 88
5 245
47 252
160 214
120 214
46 137
38 126
123 132
63 159
72 214
9 37
31 106
94 209
135 245
10 249
4 67
67 155
38 104
89 229
46 167
127 170
44 205
12 31
121 143
78 230
28 41
95 193
49 201
113 172
64 238
53 199
50 252
63 114
148 219
58 81
128 157
130 193
193 197
144 179
42 96
34 64
192 224
213 217
110 134
76 249
36 233
167 230
79 216
32 220
119 184
31 200
151 217
118 182
17 136
198 223
43 73
13 65
97 229
140 210
158 219
91 246
46 162
90 148
57 218
45 243
143 165
223 226
143 159
172 215
29 101
33 148
156 228
66 223
100 139
194 218
25 185
192 228
72 139
18 73
9 158
227 253
170 254
10 230
219 249
179 257
8 126
45 242
54 64
191 253
37 52
1 17
67 252
79 257
161 199
94 206
63 215
208 223
131 256
55 94
33 182
165 209
107 174
18 194
122 238
144 254
1 248
63 172
133 250
93 174
99 205
76 133
23 238
19 234
28 191
104 122
11 141
12 225
155 239
63 249
81 192
229 247
96 99
154 222
3 251
153 182
105 224
67 207
27 248
214 238
24 157
14 24
109 252
15 159
155 190
8 22
132 175
148 166
54 133
14 153
69 153
64 175
161 193
47 107
119 253
31 93
95 107
5 83
132 240
136 208
185 250
17 186
133 181
99 129
68 177
160 197
99 223
135 207
112 131
3 40
200 231
84 184
71 152
114 175
63 228
157 199
201 206
199 242
60 220
126 241
131 245
39 48
78 95
131 225
1 231
141 174
52 244
62 202
115 120
16 20
31 115
42 106
114 185
12 58
134 187
183 254
24 109
10 193
10 71
152 164
85 113
46 208
103 107
14 80
143 149
28 165
142 156
110 201
18 63
78 216
76 211
225 232
132 187
55 104
9 125
108 181
89 249
144 209
84 238
20 113
125 166
17 179
221 235
155 212
82 216
219 236
68 84
0 193
164 210
76 214
73 177
122 173
85 249
171 197
175 228
168 216
131 158
149 154
20 234
32 80
0 7
37 79
197 225
1 82
108 179
76 91
210 251
125 213
130 174
75 84
166 215
101 166
109 224
18 127
24 83
67 167
179 251
133 159
117 121
74 86
177 228
8 18
90 237
102 141
125 194
107 112
108 125
11 31
24 59
175 255
56 115
64 72
144 225
120 213
219 231
41 229
28 229
147 244
28 160
180 231
158 184
145 212
20 211
55 199
31 210
129 247
166 239
181 202
25 78
30 245
137 138
130 207
48 156
117 155
52 88
69 210
162 224
64 129
35 147
131 216
76 158
88 91
2 23
55 216
1 90
105 206
100 192
249 251
9 35
3 85
176 224
17 78
112 137
93 200
49 160
131 248
60 117
168 188
37 104
174 204
42 57
10 150
74 119
47 253
17 144
1 224
112 178
231 253
41 71
141 193
106 170
40 232
166 223
176 203
168 193
13 209
40 88
32 190
27 94
69 81
24 164
208 229
67 169
139 225
18 24
62 173
29 188
172 192
133 174
209 240
0 110
73 99
89 184
51 254
7 33
38 166
14 58
208 237
141 188
27 88
10 98
78 148
81 128
134 159
88 126
173 196
52 202
29 66
96 116
12 196
119 194
41 44
131 199
53 230
154 191
82 148
22 131
1 98
142 165
70 238
225 255
147 170
107 194
95 154
20 70
58 192
143 172
45 143
145 257
82 225
63 186
34 72
3 221
91 99
129 167
121 218
160 168
28 211
39 166
150 191
140 195
2 236
113 137
67 82
65 127
192 231
60 225
117 234
242 253
48 258
129 184
28 208
67 226
13 39
128 254
77 194
112 184
14 136
11 132
43 137
55 192
153 204
147 236
196 214
70 257
17 80
38 181
59 255
138 230
157 257
173 203
4 192
91 249
0 86
208 248
51 142
40 61
154 250
48 83
53 55
140 205
21 149
140 241
213 246
172 210
28 197
169 220
222 259
114 152
73 155
248 250
140 149
63 99
167 183
36 180
70 169
74 88
160 201
39 193
47 166
115 201
53 181
18 32
96 109
208 213
202 258
128 222
9 93
152 193
22 49
133 192
75 188
8 107
58 210
115 196
16 207
48 68
115 227
49 178
174 205
28 200
162 258
67 97
118 133
89 209
147 206
24 107
3 54
41 118
234 237
0 37
80 204
9 156
90 245
43 156
29 151
24 173
56 137
155 234
24 63
36 83
171 209
117 259
144 228
70 188
55 133
164 255
88 165
185 196
54 253
45 168
148 167
172 245
51 103
65 101
162 166
189 206
75 134
63 232
5 105
8 198
150 217
74 221
21 62
187 208
68 139
41 94
119 143
72 152
116 244
78 79
153 189
8 129
85 90
2 114
6 52
7 61
25 184
134 183
46 204
25 175
226 255
60 234
163 236
125 154
103 186
77 131
26 203
50 112
90 172
175 225
6 129
85 259
65 231
58 112
161 198
148 151
119 256
25 64
91 196
5 136
52 74
221 247
174 203
78 190
0 189
129 189
95 191
143 175
74 240
0 145
55 144
9 120
22 25
46 131
25 256
67 212
54 93
28 51
7 189
6 156
78 120
190 246
10 111
188 235
119 235
41 112
132 172
220 223
4 121
190 252
26 251
73 189
48 195
0 168
28 214
7 229
6 37
14 152
94 123
157 206
155 224
114 248
160 167
137 146
49 215
107 140
4 116
195 236
22 64
114 134
117 172
36 157
70 141
16 236
91 257
1 76
165 229
10 128
4 106
29 141
5 181
32 56
83 191
27 231
25 171
34 119
166 206
192 201
106 158
112 234
13 218
61 65
43 169
168 254
63 211
161 247
48 251
153 233
49 258
108 230
220 239
66 98
131 206
180 229
120 239
77 149
242 243
121 258
116 147
113 177
85 170
67 168
31 161
12 159
192 258
128 182
56 229
126 212
26 222
106 223
62 165
129 245
87 104
75 219
208 214
120 169
113 193
73 84
94 135
29 209
53 74
24 172
56 194
87 137
58 238
28 174
8 179
72 228
173 233
48 193
76 184
98 249
141 187
39 188
36 217
239 246
60 191
157 177
46 101
103 241
114 141
60 182
157 164
24 64
146 250
115 133
68 145
192 197
126 191
3 122
108 182
57 170
0 255
49 55
69 87
155 213
192 199
16 88
180 239
23 200
95 178
244 247
9 96
12 190
60 71
35 175
207 226
4 172
46 164
118 119
52 210
147 178
71 217
13 31
57 207
91 111
134 189
142 167
194 255
153 176
2 107
30 90
163 254
115 151
127 196
163 198
105 171
191 193
210 248
7 64
30 75
62 132
142 247
142 241
4 161
234 244
131 224
18 244
22 24
34 117
73 129
0 105
1 219
116 133
10 154
131 204
35 112
43 49
89 202
94 235
56 235
29 228
71 177
26 169
36 190
108 169
33 141
69 128
113 128
115 137
31 185
165 197
98 118
133 194
71 213
84 249
24 168
53 161
151 226
83 177
49 53
28 212
49 212
216 257
0 231
35 222
63 170
9 237
96 238
5 51
119 170
115 132
78 142
3 218
162 196
44 155
131 227
180 216
9 226
10 240
17 224
185 221
107 166
61 212
25 35
15 244
67 71
114 222
147 209
82 146
49 181
132 146
55 172
109 130
56 124
180 255
46 193
4 132
109 239
108 204
9 197
7 60
226 240
91 92
22 207
217 222
14 206
105 112
90 163
62 152
233 234
45 245
227 259
84 203
102 166
100 249
158 189
43 242
70 76
139 234
136 244
155 222
86 148
12 174
36 258
84 177
182 201
7 37
5 255
10 50
14 224
88 172
114 151
9 234
33 210
11 197
247 254
22 73
73 144
76 165
35 136
186 203
79 207
132 174
166 218
45 178
167 197
195 228
139 168
26 206
40 202
2 137
62 229
18 29
126 247
162 215
165 244
87 122
131 182
224 248
68 147
113 148
75 133
253 255
70 222
211 237
73 244
5 179
124 174
2 61
70 255
83 176
27 222
78 145
188 200
56 82
81 132
55 208
6 222
143 179
72 247
61 195
5 150
119 167
58 88
34 74
133 136
96 176
46 182
84 155
130 161
47 101
37 93
56 102
4 96
28 186
36 77
80 168
5 133
109 121
54 114
95 217
64 203
195 237
36 198
193 203
61 210
14 108
117 135
28 110
127 230
28 151
77 176
115 130
15 247
99 203
111 134
122 227
75 259
247 250
28 202
62 82
148 176
46 83
116 145
7 115
37 169
10 198
1 2
86 216
107 192
49 202
5 223
7 28
75 174
29 200
24 138
106 107
107 165
179 186
73 78
105 238
71 111
175 227
4 108
89 253
28 185
82 238
13 135
93 203
88 244
90 155
166 212
88 193
96 184
116 191
136 218
122 152
62 241
13 43
127 240
67 129
42 229
248 251
116 236
77 127
33 43
89 126
106 138
94 222
24 257
34 137
51 112
151 229
142 259
34 75
83 233
197 220
53 222
53 83
184 258
92 150
232 235
132 162
22 135
56 173
118 141
128 200
15 113
56 211
122 135
32 125
117 173
72 162
157 232
136 178
118 157
71 184
166 227
82 83
22 60
178 212
131 179
47 177
120 257
191 234
150 259
149 198
211 239
149 175
11 118
160 205
26 83
160 196
115 228
186 225
215 226
18 209
119 209
118 187
223 239
176 228
56 125
11 219
197 252
1 52
77 158
13 193
67 193
105 191
80 112
157 188
172 214
52 139
26 30
7 99
1 258
164 188
28 173
98 245
94 175
163 223
66 235
109 142
234 259
58 213
49 186
108 239
16 182
57 169
110 202
17 102
4 137
177 247
197 217
40 176
123 183
34 93
36 54
124 230
4 218
201 257
63 131
7 218
73 137
67 196
31 125
183 217
18 190
116 251
92 201
6 47
36 210
136 183
21 243
95 208
41 109
22 31
166 216
66 79
96 151
16 146
67 98
105 185
80 114
161 209
14 226
91 205
74 237
31 114
217 248
56 94
139 172
162 192
94 115
58 221
90 158
44 243
61 69
52 87
25 37
23 219
9 45
148 247
76 228
5 235
83 220
23 69
30 136
117 194
76 149
234 248
85 218
74 95
218 241
96 243
41 76
177 208
231 240
18 20
3 236
136 249
199 256
54 134
121 235
5 202
86 178
240 250
103 212
104 249
197 202
165 250
107 233
45 87
109 205
121 204
195 245
86 107
207 232
41 222
97 158
68 117
69 129
25 31
50 181
29 44
153 240
6 143
54 120
23 36
87 103
88 143
197 242
90 97
105 155
58 80
27 91
49 249
214 241
82 194
38 158
166 229
24 118
33 225
67 140
146 204
24 73
84 153
54 102
114 176
170 248
6 32
19 253
95 151
47 237
14 151
109 170
193 259
35 245
60 166
105 242
2 71
163 189
45 186
93 165
143 144
28 119
173 175
88 259
104 226
98 218
3 257
106 218
98 187
47 70
102 185
18 22
183 249
149 252
29 92
21 40
65 246
76 197
71 185
11 122
137 231
61 73
22 198
27 188
69 78
89 235
222 225
174 181
182 228
183 241
26 247
57 125
141 235
67 90
78 93
101 163
119 181
18 183
37 246
120 171
2 22
31 39
43 151
105 236
41 203
14 242
94 225
156 164
222 245
105 122
115 140
14 248
62 215
82 237
123 150
75 131
237 254
128 164
91 155
60 255
39 82
110 130
11 190
168 201
66 107
36 41
195 227
118 181
122 180
169 189
31 61
84 157
128 187
21 121
68 203
35 123
63 237
231 255
178 218
51 244
170 250
244 249
112 115
178 254
69 168
181 214
220 242
73 126
143 232
55 235
67 251
7 198
27 174
115 170
29 62
63 173
40 90
110 253
77 84
130 235
63 103
45 212
77 195
59 84
5 217
16 152
134 156
109 175
194 248
32 100
173 179
36 200
20 75
24 231
20 114
1 113
29 126
169 182
8 54
107 186
123 187
111 117
209 210
132 257
16 35
10 245
144 256
151 172
91 145
81 238
24 66
37 50
20 57
64 222
21 38
157 228
36 195
154 177
8 138
0 4
37 158
146 176
122 189
87 176
3 81
38 177
71 74
17 188
37 146
28 107
96 130
23 178
224 236
19 255
50 145
58 95
64 239
144 172
39 86
29 230
237 247
213 257
97 239
49 106
35 244
98 200
230 238
87 155
22 48
132 249
150 200
71 250
84 158
11 169
87 144
135 161
152 235
79 250
197 218
12 173
92 258
204 222
74 167
142 216
9 49
48 100
67 138
31 168
76 100
62 219
61 253
186 222
4 100
135 166
155 191
0 58
86 98
170 181
96 167
140 249
4 198
21 147
125 180
30 87
125 220
63 123
89 103
93 104
132 204
50 253
161 179
120 222
150 206
77 218
60 192
181 247
0 228
5 96
124 157
78 220
62 227
56 131
55 195
170 242
104 224
215 232
149 230
117 123
157 195
25 241
114 237
71 179
180 227
162 228
62 195
108 158
111 215
38 178
95 234
174 232
17 62
9 251
35 176
83 87
53 129
216 220
146 168
25 218
175 192
1 196
127 157
32 200
56 242
65 99
106 122
189 198
18 246
86 180
55 147
37 62
23 57
36 43
1 195
197 209
13 211
3 124
6 108
24 207
95 143
47 244
83 170
129 206
245 248
85 204
166 168
127 144
149 206
145 167
76 143
134 185
50 147
199 203
38 171
58 219
1 173
104 108
27 113
67 122
55 99
90 249
13 154
0 144
51 259
38 89
145 231
73 250
5 118
24 188
125 225
4 146
26 84
82 201
142 149
47 160
34 176
53 72
90 134
28 204
154 169
89 224
25 93
114 169
25 201
113 203
7 85
90 252
188 253
83 216
79 194
114 160
39 213
138 251
160 210
163 252
1 256
40 101
27 44
175 181
36 76
30 146
95 120
118 213
143 229
31 163
103 157
169 223
40 100
18 179
77 96
99 222
194 247
28 35
38 109
37 201
141 175
203 204
17 98
141 251
3 114
174 175
0 197
180 210
7 75
114 239
44 206
121 211
142 206
27 251
125 126
5 252
53 126
82 232
65 219
10 155
130 230
67 123
80 166
187 243
232 253
69 178
11 80
108 221
211 248
127 194
35 185
57 140
81 127
41 62
126 161
157 167
176 233
120 146
169 215
34 169
57 109
101 127
24 125
16 97
135 178
56 233
33 153
98 171
183 257
67 124
112 227
68 255
138 254
8 86
184 211
181 188
165 221
83 92
177 207
172 177
222 256
158 205
140 156
170 258
147 222
3 23
95 145
164 202
119 257
118 201
172 223
198 228
118 256
23 94
184 221
31 166
30 49
88 120
111 202
65 160
128 152
144 241
153 216
150 221
80 132
86 114
83 137
65 136
2 151
235 259
111 258
224 232
46 183
38 142
201 241
157 226
61 250
97 179
193 196
187 245
82 93
68 187
165 203
92 106
46 248
98 146
132 254
105 168
20 215
57 63
159 188
29 251
177 187
2 81
85 140
150 169
94 96
6 188
37 127
40 217
111 185
104 118
109 141
51 126
15 233
52 203
90 130
27 100
229 232
69 136
65 235
242 252
207 218
26 75
232 233
66 70
41 129
106 155
47 149
67 96
48 127
115 179
22 127
12 175
118 139
41 170
129 194
32 180
53 186
118 140
83 240
30 134
107 172
84 101
67 115
44 198
30 128
97 214
100 231
42 44
36 59
169 211
4 98
62 127
85 206
95 248
16 83
207 253
78 143
12 130
161 186
30 100
166 232
70 84
40 55
9 10
133 198
123 186
19 176
34 136
13 198
20 64
162 234
122 171
139 259
17 124
62 78
30 240
36 236
111 152
110 224
92 160
66 232
86 191
44 222
13 150
79 204
99 175
110 116
122 197
140 182
74 110
61 64
50 62
103 235
53 194
88 184
66 152
217 229
185 198
162 198
161 206
7 52
4 195
65 76
87 131
54 123
7 54
54 193
72 222
5 59
57 80
158 231
142 170
13 41
122 214
109 235
139 200
195 209
185 231
27 71
166 235
82 169
43 67
39 212
212 233
53 176
244 251
137 180
1 134
79 188
152 253
49 50
44 248
165 210
100 133
151 218
86 155
18 128
190 194
165 247
1 174
8 203
12 113
70 152
110 128
118 183
248 252
145 218
51 141
5 228
106 212
187 202
22 178
82 221
227 248
79 200
107 111
62 151
93 166
14 115
121 180
131 188
51 135
123 180
182 238
123 172
146 154
61 102
150 203
90 204
202 213
119 221
146 161
164 181
86 244
123 228
10 192
105 180
138 169
102 154
6 38
136 254
218 228
109 241
197 253
80 151
74 227
113 167
42 91
170 186
4 16
105 157
202 210
24 236
102 133
102 229
154 237
65 174
29 221
44 129
56 172
111 225
79 129
186 228
37 99
101 105
43 248
44 167
56 259
229 233
31 63
63 92
169 179
99 249
63 208
38 244
106 130
115 127
176 256
127 207
90 236
22 63
59 90
62 153
0 233
11 185
6 167
39 225
133 165
76 190
140 236
82 193
103 202
26 160
162 250
49 225
236 258
186 243
181 200
167 255
20 71
53 202
179 203
172 230
4 207
219 246
129 251
113 187
168 203
12 73
42 253
128 243
35 91
97 182
91 220
117 162
127 202
9 253
56 218
9 168
35 114
154 253
179 217
19 86
44 69
82 121
19 59
166 241
126 147
28 113
7 77
24 239
89 105
16 113
7 89
146 236
43 218
82 254
60 258
90 91
17 248
32 123
14 169
136 164
131 137
152 201
111 227
43 85
18 201
171 230
75 79
107 125
174 248
132 234
13 53
60 197
61 239
102 103
81 97
2 57
36 167
54 158
110 195
58 104
82 158
49 197
47 218
111 236
34 217
74 80
112 255
106 174
92 147
101 173
63 191
27 250
40 121
109 124
10 113
78 234
110 143
73 75
12 248
138 223
7 130
37 173
176 227
54 105
61 203
49 224
28 117
101 246
114 194
55 101
86 159
86 101
194 244
21 143
43 121
29 195
26 196
35 38
75 237
89 138
1 102
149 227
224 249
81 161
117 238
115 236
226 251
36 85
132 259
26 119
141 203
75 192
94 194
91 207
131 222
103 244
102 197
140 244
150 239
14 150
40 214
219 244
135 257
20 68
46 168
18 178
31 43
77 165
92 210
104 222
13 246
205 216
64 161
112 155
1 137
74 130
9 199
148 152
2 5
88 186
101 249
88 177
8 139
7 216
106 209
45 217
34 209
26 110
42 167
69 234
87 237
164 253
21 186
160 213
1 228
61 248
15 30
81 191
11 40
28 87
203 228
52 238
19 206
183 199
59 156
168 245
3 51
52 159
105 183
109 253
249 253
91 189
54 245
69 144
15 60
66 121
53 244
221 253
67 104
144 198
7 151
179 218
217 228
142 160
17 228
74 170
136 159
41 186
177 213
166 204
14 249
26 189
119 157
155 208
20 36
194 231
28 133
34 108
151 176
136 141
135 234
99 144
64 95
158 203
82 167
69 77
131 240
180 205
0 177
28 258
111 153
20 258
138 250
163 230
104 179
152 220
5 178
44 255
54 172
38 252
5 129
20 130
161 249
96 104
80 138
80 182
135 186
133 202
142 240
36 158
136 150
41 142
106 236
55 117
144 236
27 143
33 76
74 94
115 239
107 114
34 128
52 224
72 202
156 160
98 155
99 109
143 220
80 252
90 125
53 258
77 115
58 62
20 24
131 214
179 233
67 216
26 140
7 184
139 185
149 239
95 239
13 176
14 25
131 228
14 27
94 234
25 176
134 173
52 239
76 119
39 129
46 150
133 134
18 62
25 242
47 122
54 175
29 148
27 212
85 195
150 248
67 245
192 207
24 39
12 233
18 119
114 179
157 252
75 144
69 220
31 97
105 186
0 41
88 169
23 233
210 250
97 141
21 127
41 164
96 139
176 223
126 231
57 113
45 117
147 161
127 257
72 148
78 188
100 255
141 177
76 193
173 246
80 170
51 160
68 136
101 148
166 242
40 103
79 116
21 160
163 175
76 111
170 211
238 242
76 203
96 207
129 137
20 45
66 124
126 232
52 212
65 212
177 201
166 196
61 220
32 34
107 237
26 114
16 39
143 249
170 256
95 174
26 154
108 186
29 63
219 242
41 122
37 247
93 176
112 232
12 13
110 165
79 90
51 116
107 252
65 167
75 156
118 190
215 231
131 235
204 251
204 237
18 157
23 203
127 243
24 62
184 253
10 54
7 188
34 170
170 192
116 238
145 217
41 195
21 88
249 256
82 111
141 242
118 229
11 151
87 186
76 151
13 136
173 217
141 194
81 239
61 136
2 238
49 81
18 175
58 252
30 111
111 208
54 247
48 126
11 124
43 79
54 104
145 207
183 202
56 104
188 222
112 257
220 253
224 250
9 106
39 68
103 197
33 258
80 155
198 243
50 123
144 191
179 226
53 65
121 253
60 108
156 233
148 240
54 242
149 151
142 258
32 71
15 43
74 183
54 89
93 232
21 90
130 257
242 258
97 155
8 169
24 137
7 106
37 129
147 198
24 147
101 216
82 217
94 128
151 199
83 175
92 166
204 230
198 232
19 88
50 207
182 196
89 182
44 98
138 201
1 157
28 143
74 169
77 242
79 224
102 182
2 103
46 147
36 245
123 245
10 135
128 171
25 75
102 174
163 216
50 102
164 199
64 110
30 97
120 225
81 163
6 121
70 94
103 149
151 156
53 231
50 258
146 182
128 202
55 80
45 240
27 164
28 187
39 134
136 161
26 97
10 235
34 231
92 220
131 146
51 219
69 221
177 241
85 105
140 225
202 205
86 120
12 166
88 253
75 234
163 202
52 178
180 195
192 219
189 220
10 34
73 86
42 244
153 202
14 65
39 116
11 81
2 240
82 185
43 113
114 174
78 179
127 258
21 245
45 111
146 209
55 191
167 182
109 122
42 130
56 193
197 214
23 213
177 240
67 164
63 217
12 48
146 254
51 206
50 117
165 190
160 257
208 240
208 224
70 192
41 225
11 214
44 114
138 225
167 219
134 143
174 249
27 57
215 241
19 39
30 126
4 253
138 145
120 254
19 115
132 192
20 166
161 226
85 175
123 252
30 54
95 137
55 206
112 210
66 147
90 135
91 154
253 258
120 232
132 165
204 209
128 235
28 78
43 177
60 223
147 202
19 136
84 144
26 220
12 150
72 89
6 228
57 58
211 218
145 244
6 176
212 248
78 236
20 94
161 182
15 111
21 35
134 184
61 235
111 149
23 115
101 199
19 191
52 257
65 171
19 155
147 179
139 204
241 258
43 259
118 148
109 166
91 211
77 222
88 114
13 19
143 191
38 247
36 86
147 204
198 244
0 94
53 121
146 185
126 258
165 255
187 203
67 94
79 249
159 213
107 221
44 79
3 134
15 108
72 229
131 211
255 256
99 259
59 191
8 41
153 212
17 52
93 163
6 82
178 259
140 164
15 40
68 179
202 244
135 153
117 220
148 205
132 171
211 250
161 214
169 258
125 216
118 145
149 232
178 223
102 236
39 123
144 246
85 205
131 168
10 134
10 138
69 197
107 133
79 125
34 242
8 204
0 50
166 251
17 246
110 223
99 110
12 120
51 117
84 138
29 35
121 247
49 131
242 257
85 186
193 243
26 137
124 253
99 210
75 171
12 156
148 177
23 214
82 141
104 189
68 218
55 69
141 145
163 203
92 189
56 103
5 174
23 112
59 133
153 187
199 208
17 132
61 182
131 226
36 170
25 120
24 202
188 194
100 182
41 253
155 203
130 229
28 219
117 239
139 230
99 117
31 198
149 188
230 236
124 192
152 233
111 233
148 158
196 247
90 246
6 16
60 155
48 87
76 220
7 110
170 222
183 214
162 241
61 174
35 61
182 225
59 102
153 234
145 165
39 51
13 134
21 224
23 165
110 232
182 187
193 195
7 36
7 167
123 168
7 132
38 65
88 164
65 103
149 174
130 141
15 44
78 204
205 222
83 171
168 234
95 224
171 211
73 79
65 162
133 178
34 114
13 161
183 215
226 259
7 166
125 189
142 164
110 238
62 115
57 100
148 258
180 246
125 252
112 128
135 172
6 172
85 211
82 244
59 245
22 107
89 210
103 255
66 115
51 127
88 178
68 191
40 208
0 48
5 243
123 202
54 122
47 83
120 219
5 94
163 213
153 211
41 178
170 259
47 108
63 252
101 167
94 207
34 67
21 75
20 120
38 85
220 222
164 212
232 252
110 117
102 203
125 192
41 220
34 123
150 173
111 138
74 82
172 201
129 237
96 189
181 190
94 181
123 184
87 214
4 62
35 57
164 170
55 79
78 201
1 22
193 225
3 106
60 148
33 152
57 104
13 170
135 154
193 242
119 133
80 173
115 128
93 242
28 184
141 224
30 183
0 56
42 187
81 209
100 214
28 198
232 241
119 152
71 106
127 132
5 220
140 212
25 122
191 251
54 143
23 89
223 237
149 182
15 143
8 232
59 248
183 232
205 235
174 200
129 246
234 239
107 258
83 224
223 251
175 241
111 154
67 238
90 208
73 181
109 211
8 239
11 50
133 208
168 199
57 75
116 149
40 236
147 194
70 81
150 246
44 46
3 215
76 174
225 241
41 174
137 209
6 227
48 109
104 253
76 179
13 214
70 133
65 241
119 183
57 131
179 184
19 188
217 231
124 148
16 166
177 229
35 196
210 254
28 254
14 69
156 231
28 49
12 71
152 248
58 178
178 211
137 173
43 70
141 189
183 248
135 185
61 175
165 206
83 120
100 189
62 207
23 228
115 174
52 186
121 249
58 87
57 68
152 165
167 175
101 136
69 113
105 110
122 184
220 235
152 184
118 253
74 161
117 219
24 103
45 127
149 203
23 149
52 144
166 178
5 241
110 197
134 160
114 250
52 65
144 194
45 59
80 147
175 239
44 96
165 196
46 238
78 187
30 79
50 160
92 142
35 42
61 150
24 35
177 205
143 243
71 82
37 200
84 213
90 167
105 198
106 180
100 144
45 50
42 149
92 204
4 142
11 143
12 221
40 116
19 99
55 157
91 201
29 93
122 174
109 191
48 231
122 246
43 213
56 150
194 258
37 75
16 258
43 93
127 197
77 184
61 66
16 213
62 90
72 250
50 185
222 248
14 47
205 246
27 53
101 160
86 88
203 206
44 180
4 30
181 238
37 84
215 253
197 221
90 224
15 254
182 256
65 195
141 181
67 211
125 174
144 152
112 198
1 145
9 222
60 186
160 185
40 149
136 162
117 130
57 208
12 207
145 208
99 141
92 171
113 209
30 250
107 110
137 221
48 164
21 258
55 119
120 249
10 170
162 254
20 108
28 252
130 238
49 210
105 169
11 253
72 124
13 68
60 219
0 146
11 55
2 8
81 250
2 195
61 70
189 239
132 151
94 129
8 38
71 226
113 171
209 243
43 84
69 111
251 257
125 209
6 236
154 231
190 206
221 251
40 79
108 129
13 197
63 238
103 250
27 226
128 248
143 255
163 219
85 96
176 251
10 56
36 133
16 163
149 235
30 73
131 243
47 184
71 156
117 178
71 235
106 135
99 179
61 238
132 164
124 151
74 104
32 92
136 177
2 166
203 221
58 59
14 93
48 243
138 198
183 207
13 67
175 238
25 190
2 68
123 190
9 62
72 92
165 182
43 138
64 252
9 91
94 244
56 257
25 125
1 37
8 168
219 256
22 76
64 68
49 141
99 242
13 221
202 242
218 249
65 153
24 232
5 6
139 180
2 84
114 153
81 150
102 161
47 200
121 250
226 238
56 200
31 50
3 172
48 239
20 181
57 112
49 133
156 232
63 108
33 216
83 179
189 236
20 252
128 231
164 231
51 208
64 117
70 189
105 231
91 212
66 104
16 201
136 158
81 229
57 147
34 79
98 219
28 135
127 226
156 248
237 241
7 34
94 251
9 247
35 193
119 196
27 75
50 206
83 196
98 227
35 77
6 97
39 171
129 236
121 237
144 204
135 212
2 177
19 66
156 181
54 107
102 209
23 225
186 250
58 94
83 135
7 249
214 252
85 141
103 234
146 151
102 179
96 153
49 61
49 156
139 203
203 232
118 129
33 137
15 56
37 236
41 217
79 80
115 153
104 194
67 182
0 22
118 192
8 199
59 223
55 141
34 62
125 165
2 40
28 45
118 200
32 147
84 194
31 176
34 65
34 83
28 221
61 192
16 179
67 208
207 248
33 207
42 228
22 81
38 100
17 118
94 186
109 215
67 222
42 98
53 154
15 167
194 204
16 48
63 158
220 248
177 212
16 188
186 211
14 41
53 142
20 46
19 107
95 200
78 181
114 139
19 240
130 259
114 171
184 254
113 186
15 156
62 239
169 237
32 175
102 125
35 39
3 31
47 163
132 148
6 78
149 192
3 68
100 215
178 248
34 243
35 90
78 153
26 142
21 173
119 232
38 214
72 217
202 233
95 246
79 124
158 233
38 210
41 149
110 212
32 117
238 241
90 102
119 172
69 225
154 210
88 174
91 224
115 252
82 183
13 28
67 231
137 229
187 231
22 125
44 245
45 128
25 193
89 123
44 181
69 141
48 102
142 161
129 202
52 124
40 172
90 190
9 146
30 205
73 196
129 214
201 215
168 178
72 147
148 200
61 163
15 225
2 139
145 179
49 117
93 223
205 240
16 124
129 173
58 183
139 162
114 136
152 225
4 47
1 70
97 167
35 133
82 140
204 255
150 208
5 194
207 247
75 250
94 143
119 220
118 189
7 159
2 75
103 148
194 259
73 103
152 205
51 143
157 229
6 163
174 185
62 223
144 167
28 93
208 212
75 92
38 221
110 179
22 248
92 181
156 193
188 254
74 164
95 138
18 86
59 197
92 197
48 119
24 218
71 137
80 129
97 131
1 79
2 255
90 123
164 238
180 257
186 256
192 223
138 166
135 189
111 137
184 197
142 246
72 116
22 181
54 67
153 215
4 208
114 211
119 213
24 104
62 95
34 175
26 55
181 222
21 125
73 102
243 258
117 183
49 120
45 189
103 200
34 246
148 223
128 206
206 236
27 139
86 184
138 244
229 244
67 119
4 222
162 243
29 172
15 76
42 51
129 223
22 192
216 250
73 157
76 229
77 229
23 29
165 216
78 196
203 247
89 172
15 92
29 194
49 85
94 259
199 230
44 171
189 243
84 131
52 54
46 64
52 75
0 151
26 198
136 199
158 253
10 191
123 256
55 145
109 195
38 123
45 53
47 233
52 174
6 185
90 218
103 239
231 248
40 130
49 179
22 193
87 194
21 181
25 46
131 174
83 132
191 249
128 210
14 111
88 215
153 236
32 164
4 84
89 160
91 141
75 190
73 152
209 238
3 96
57 81
7 25
169 186
209 237
72 200
239 251
110 135
55 205
94 131
16 162
227 252
135 177
43 101
111 235
86 143
4 191
137 239
177 186
90 211
93 250
113 233
201 212
146 179
217 245
1 93
15 201
57 182
40 244
78 193
34 226
248 255
198 248
151 201
23 78
133 242
62 131
192 243
172 184
149 184
77 109
155 166
137 257
65 82
86 198
146 245
30 34
94 158
129 201
77 126
72 231
34 233
210 225
81 225
12 19
35 208
39 199
29 238
179 234
15 124
164 203
7 65
62 89
111 219
28 67
68 257
90 154
31 187
192 226
12 187
71 148
107 189
20 146
229 241
109 242
139 159
65 248
57 161
13 232
123 175
132 218
20 69
89 221
2 48
113 259
164 165
13 171
141 176
102 176
25 29
125 182
190 197
183 236
33 52
99 183
141 215
182 244
19 106
111 156
3 143
211 253
90 165
7 41
41 93
244 250
107 163
78 210
93 156
205 249
112 191
48 150
59 157
116 258
62 250
167 242
27 38
196 255
3 41
129 161
84 141
55 182
77 153
0 36
55 236
94 142
211 238
57 101
116 182
117 165
240 257
94 221
25 150
25 220
38 152
134 148
38 212
42 198
130 232
27 125
125 235
34 103
199 246
131 217
74 230
135 210
6 243
122 202
64 165
33 229
80 246
21 222
78 82
49 176
44 127
29 257
10 221
134 177
120 195
229 253
65 154
93 133
84 95
230 235
12 251
199 254
13 247
163 174
68 170
106 143
131 170
104 123
32 235
121 155
161 166
62 104
60 104
48 139
170 175
14 165
134 213
12 85
53 56
45 193
38 140
143 170
30 124
32 94
61 133
34 223
137 230
74 233
89 222
81 121
61 76
12 136
35 102
64 125
148 241
76 221
123 242
128 161
5 112
35 155
57 198
76 161
92 161
4 93
65 215
61 71
125 251
98 203
193 194
119 163
103 117
22 195
57 61
128 223
6 239
14 79
91 252
55 234
201 223
36 230
108 253
237 239
35 258
105 226
163 234
152 208
27 158
24 42
30 185
225 247
113 178
141 229
10 220
20 81
43 148
115 204
33 173
33 101
123 145
100 243
201 221
51 204
21 249
40 75
82 249
76 182
31 140
140 155
190 253
132 238
10 91
181 224
12 83
10 79
141 249
108 131
36 108
13 216
77 186
209 235
98 169
133 243
207 210
18 230
7 221
220 236
47 92
55 84
159 193
47 147
7 203
23 136
178 191
93 131
24 212
85 235
109 207
58 93
40 198
34 42
223 252
168 170
204 226
93 188
89 165
25 187
73 124
142 252
250 258
169 198
150 171
112 213
34 185
81 157
141 202
36 193
73 208
22 83
190 241
10 125
120 246
32 141
101 242
71 104
53 248
71 127
79 149
89 178
21 189
133 210
204 211
51 60
72 118
181 252
67 232
102 224
51 205
105 204
40 165
4 22
214 236
131 156
19 232
30 164
53 143
236 241
136 204
136 253
107 190
13 108
77 187
77 208
106 248
64 232
31 42
122 230
17 210
161 167
204 239
176 237
177 210
10 122
240 246
130 133
84 193
31 215
92 169
38 187
73 74
144 248
164 209
75 153
201 232
169 231
59 243
10 63
30 101
76 97
69 125
130 218
36 52
125 249
22 137
173 202
200 213
141 156
134 253
130 153
42 254
43 249
29 33
192 241
164 248
2 216
4 129
110 163
215 229
153 172
117 138
165 240
114 143
62 161
64 210
97 132
171 182
25 252
114 117
60 214
101 156
38 106
37 161
174 259
16 147
186 202
143 253
40 167
167 180
23 181
95 148
2 221
20 29
8 88
157 225
65 73
51 221
66 245
9 63
164 194
110 133
143 190
67 249
78 211
169 199
245 254
58 111
39 108
7 161
161 248
31 218
40 219
185 214
11 13
43 68
15 103
157 250
18 112
183 211
162 202
182 249
97 159
3 167
196 254
58 98
84 188
32 90
16 18
214 224
63 144
17 183
116 255
13 44
9 203
30 59
59 141
95 206
0 191
142 245
87 97
109 244
97 174
0 101
71 238
41 254
176 212
221 228
42 73
83 230
55 258
21 29
29 234
97 170
19 105
24 225
120 245
49 149
122 175
58 206
7 199
118 241
82 119
54 74
93 110
154 186
84 133
51 185
146 188
158 223
28 43
34 121
74 187
126 172
92 129
52 163
15 209
133 223
58 236
136 181
46 257
201 227
79 160
53 215
179 183
221 249
170 223
9 67
89 111
186 192
25 118
69 99
119 173
40 48
9 47
96 182
172 219
176 231
102 153
82 97
72 155
123 231
228 240
57 88
42 241
17 33
87 195
46 254
47 204
76 207
26 158
41 193
168 190
41 241
228 236
111 188
67 174
0 89
78 105
33 247
126 198
109 179
3 8
25 116
41 231
182 192
138 192
4 38
155 172
98 243
166 169
122 216
73 241
14 122
39 214
116 159
63 193
14 56
77 117
7 144
46 130
174 199
90 144
41 70
22 134
57 160
158 212
33 64
108 177
36 51
163 166
71 246
221 236
53 179
180 241
95 114
42 60
45 239
143 216
57 252
44 73
34 187
40 225
1 130
32 245
108 120
13 130
20 206
107 241
83 231
137 171
125 167
23 232
118 221
81 90
53 101
142 202
150 174
243 246
97 124
114 142
89 245
134 199
23 245
31 164
94 182
156 259
68 123
14 102
99 106
188 208
42 63
103 215
25 38
50 222
186 190
18 256
7 222
143 173
10 83
69 157
40 118
163 225
224 245
124 226
52 194
127 251
127 233
15 211
15 147
87 118
81 122
8 150
4 25
39 169
70 236
153 169
119 168
43 160
148 181
182 245
1 166
119 193
41 197
99 214
116 235
47 171
19 220
181 246
160 198
49 199
12 227
128 211
27 133
110 170
192 225
124 143
73 142
62 88
39 88
8 127
2 134
114 191
58 174
15 49
24 235
44 55
228 252
5 42
2 123
118 174
228 229
61 110
88 205
70 202
23 131
172 202
163 212
19 189
8 230
46 253
126 171
6 44
40 112
163 226
36 169
48 173
65 213
89 192
227 230
40 227
122 123
70 253
75 252
148 149
21 74
39 196
164 186
104 171
217 221
234 252
22 112
0 165
193 208
45 214
133 215
121 151
18 180
68 96
114 244
98 211
164 237
19 54
24 230
126 146
51 159
30 142
106 241
12 209
31 216
130 220
39 170
184 242
55 64
83 102
48 202
212 241
25 213
44 182
46 123
47 97
62 166
14 17
46 235
13 144
42 168
216 232
1 91
111 193
234 257
12 44
62 248
32 170
108 162
18 158
62 196
31 128
127 160
34 188
28 246
52 63
108 193
231 238
121 238
16 208
0 256
25 27
37 69
73 111
11 239
152 245
109 131
136 222
37 231
16 180
31 88
134 192
51 242
86 171
57 133
200 204
24 34
121 210
53 256
29 56
0 149
7 17
146 152
51 64
53 168
78 207
66 242
4 183
58 76
3 240
25 36
3 135
197 198
49 232
24 187
76 130
147 180
129 154
108 248
63 180
76 81
188 199
32 243
77 254
117 225
91 188
43 72
3 18
12 252
132 205
166 181
20 202
58 169
26 212
166 238
83 128
126 190
201 242
58 69
135 199
87 156
16 247
77 122
111 200
54 65
172 238
7 22
117 151
93 233
128 250
143 168
63 69
126 245
77 100
139 227
84 123
152 219
38 128
58 220
137 183
12 222
24 92
101 116
114 127
36 95
51 108
196 239
89 234
172 251
57 192
31 62
12 139
37 192
14 207
11 90
121 251
96 163
94 166
127 147
177 204
5 8
104 172
91 125
165 238
64 103
98 116
91 226
192 222
117 119
25 104
10 166
50 152
132 252
19 165
127 159
26 217
47 257
51 124
62 182
33 205
4 15
46 209
7 10
215 256
56 181
61 132
159 167
57 69
47 211
25 223
118 163
199 253
62 143
103 128
191 258
64 170
175 177
8 174
3 228
65 158
44 227
14 75
196 232
119 207
64 153
131 142
132 139
198 212
117 202
149 207
94 119
101 178
22 159
174 182
68 233
97 226
93 148
80 134
87 95
156 205
40 146
141 162
117 184
87 219
193 199
117 195
154 211
38 173
121 137
76 224
112 119
131 178
109 132
50 144
0 6
17 182
105 137
190 210
