262
12
6154
60
78 2
18 2
89 2
9 4
81 2
22 3
63 3
68 1
78 4
24 2
38 1
29 1
10 4
84 1
45 2
72 1
54 3
19 4
78 5
62 3
67 2
87 1
30 3
54 5
43 2
25 1
11 5
59 1
7 3
28 4
71 4
77 1
61 1
61 2
72 1
82 2
63 5
84 1
26 2
13 4
54 4
14 2
17 4
24 2
82 5
85 2
11 2
89 5
44 4
36 4
54 3
14 5
65 2
71 2
57 4
64 2
8 2
89 5
72 3
34 1
88 4
77 2
78 3
38 1
9 2
71 3
35 4
77 2
88 5
51 3
21 2
59 4
5 1
8 1
74 3
20 4
71 3
34 2
12 1
16 3
28 5
22 3
45 4
24 2
42 1
43 5
79 4
28 1
61 1
33 3
53 4
64 2
64 5
68 3
18 3
21 2
72 2
86 4
76 5
67 4
56 2
13 4
30 1
81 4
18 4
86 3
11 5
12 5
29 1
17 2
53 5
10 3
51 3
62 4
26 3
57 3
78 5
65 1
33 4
5 4
89 2
48 1
13 2
10 3
77 4
19 3
80 2
63 3
64 2
50 4
86 4
26 1
58 5
15 5
23 3
80 3
53 5
55 2
61 3
29 5
58 4
12 1
69 4
79 5
22 5
66 4
63 4
36 2
11 4
7 2
61 3
59 4
25 3
74 1
29 1
77 2
33 1
56 2
27 3
37 3
40 1
9 2
43 2
12 2
15 1
10 5
26 1
42 4
52 3
8 2
61 3
37 2
89 3
14 4
65 2
87 5
70 4
26 1
38 2
66 2
81 5
60 4
14 2
68 2
44 2
83 3
60 4
20 3
39 4
6 5
43 3
73 2
82 5
29 4
23 4
14 4
62 1
71 4
20 2
42 2
63 1
28 4
14 3
71 2
7 4
7 1
48 5
73 1
88 5
21 1
71 3
88 2
38 3
64 1
60 1
77 2
25 3
54 2
56 2
33 2
75 1
86 3
78 4
27 1
42 2
83 5
16 3
78 4
70 2
43 5
75 4
63 2
43 3
56 1
57 1
60 4
47 2
27 3
55 5
77 5
8 4
46 2
48 4
45 1
76 3
52 1
38 3
9 4
81 4
78 5
68 4
28 3
21 4
52 5
44 3
74 3
6 4
81 5
80 3
16 4
55 3
36 3
66 140
41 147
173 246
194 257
138 201
32 193
121 170
4 214
113 247
129 255
236 260
74 123
0 16
231 249
35 227
5 159
110 160
101 259
85 219
4 29
5 27
0 244
230 248
190 257
115 204
144 155
168 224
17 123
55 83
133 242
64 199
159 174
73 118
57 150
140 256
5 255
206 253
87 182
211 245
38 94
114 216
39 182
49 71
19 218
1 109
49 116
28 75
99 144
86 172
179 207
242 257
60 191
65 95
116 245
39 250
12 230
149 222
131 140
52 141
26 219
85 184
103 189
150 249
107 118
47 195
18 106
202 206
228 233
90 169
37 189
77 222
8 178
139 182
50 123
4 239
0 47
11 83
78 243
98 247
31 134
155 219
75 219
94 238
92 192
35 46
173 206
37 213
145 149
34 176
42 177
86 238
69 224
160 192
185 225
42 102
116 187
31 172
40 147
24 159
106 164
159 205
97 138
119 203
0 253
10 18
97 165
188 259
18 84
51 164
64 214
20 120
234 239
131 145
13 209
71 172
139 252
31 245
86 143
41 52
109 251
48 69
150 228
68 182
38 227
71 228
160 214
17 238
92 184
23 36
10 87
153 239
165 255
181 204
19 80
74 166
5 51
56 245
115 159
70 95
28 112
28 194
20 65
48 157
71 157
106 166
224 244
44 60
58 117
95 219
60 261
114 168
128 180
110 111
49 204
41 102
56 241
31 155
177 188
144 209
187 215
60 78
128 257
24 203
45 239
189 240
153 181
132 199
182 243
5 109
132 148
240 256
37 179
175 259
42 223
63 165
4 241
98 123
58 240
190 225
179 198
134 140
8 52
56 198
123 241
226 261
6 204
61 233
30 178
38 249
30 202
13 248
14 148
38 171
14 201
18 187
109 139
1 157
136 239
60 148
10 205
130 197
20 51
72 245
190 244
63 220
90 246
18 182
80 146
45 71
25 228
64 155
3 177
51 84
32 91
85 181
15 198
228 257
110 216
190 238
60 179
7 233
147 163
63 135
124 261
211 216
46 243
0 131
53 135
164 229
47 229
88 137
120 153
13 154
167 218
60 237
12 233
87 177
87 250
102 187
82 242
17 204
110 142
173 261
48 86
147 243
46 190
132 235
211 230
46 213
27 49
11 41
80 154
196 240
80 103
125 221
111 210
181 210
18 162
92 208
107 153
27 211
20 191
17 239
22 139
49 89
11 147
180 224
137 194
34 115
99 166
124 166
45 107
75 240
169 208
65 135
74 260
161 237
19 108
28 83
39 220
139 155
208 231
27 107
51 123
158 249
19 37
68 239
210 247
149 154
80 122
48 98
15 27
84 90
124 177
47 225
99 111
111 185
169 216
86 193
221 253
89 250
172 199
39 95
226 238
27 83
63 80
24 227
179 223
86 141
11 171
22 201
99 231
172 254
17 250
32 56
33 120
161 207
66 205
146 215
176 213
13 40
74 161
23 131
121 147
179 251
1 227
87 93
129 215
107 170
72 128
65 218
38 222
38 216
67 168
207 253
162 204
54 219
4 93
84 122
37 153
13 205
100 143
145 187
44 159
149 220
194 214
136 241
84 167
150 193
22 89
5 224
50 119
25 120
181 221
60 98
2 142
16 115
71 88
74 127
42 246
69 230
123 189
129 171
38 156
127 251
137 187
40 126
153 246
156 234
9 230
69 130
96 222
68 206
56 253
19 260
53 78
61 250
11 133
67 185
211 239
27 92
241 251
44 130
150 185
189 234
56 151
21 203
174 214
135 171
74 164
210 221
19 209
63 233
124 154
97 116
159 230
134 236
176 183
38 84
116 238
39 79
111 161
23 171
85 97
63 64
7 39
198 226
85 211
163 185
23 103
34 136
100 220
203 235
207 238
131 173
119 162
180 182
14 56
99 101
153 165
87 134
176 192
63 146
151 241
74 143
56 82
35 196
143 254
103 241
158 235
221 227
87 121
36 90
24 151
224 236
86 243
92 213
51 136
21 112
209 252
48 206
21 202
55 117
8 173
95 213
84 112
81 148
55 184
157 232
104 172
57 249
119 260
95 230
42 161
62 242
92 197
126 197
115 190
207 241
34 179
237 244
19 82
79 125
69 198
54 198
51 57
102 131
97 259
27 251
12 211
42 122
70 244
100 207
12 170
73 158
117 253
47 126
160 185
194 259
8 144
3 30
3 39
69 215
36 214
24 235
115 118
30 141
25 45
50 149
11 123
23 204
51 140
62 254
39 149
52 136
85 122
82 175
231 241
129 249
6 176
27 203
56 166
172 202
93 260
7 238
83 180
140 228
58 219
51 151
195 216
34 235
121 163
131 225
153 180
219 241
39 66
21 94
110 122
23 150
52 238
85 250
120 257
154 237
250 260
164 200
130 201
60 116
4 6
88 243
197 216
9 126
80 200
60 175
2 22
28 229
81 150
199 205
86 140
26 47
152 174
161 226
166 218
133 233
148 215
36 165
250 255
57 63
210 220
84 211
71 163
83 196
128 182
71 199
35 141
133 246
115 150
97 127
29 211
59 210
18 196
221 226
81 258
77 231
15 72
48 70
131 187
216 221
179 202
115 237
6 189
21 253
144 163
204 212
50 210
58 84
5 202
238 260
16 220
114 136
82 185
103 198
52 56
54 187
152 235
18 79
82 248
75 81
191 245
25 88
201 257
105 207
95 126
150 161
209 217
9 188
70 189
203 216
184 219
136 247
93 187
50 79
3 180
199 250
4 68
185 208
7 248
17 158
118 261
111 181
185 195
8 145
1 48
33 89
5 153
78 160
7 118
49 74
137 255
59 217
164 203
15 88
113 144
101 229
15 148
176 236
21 177
55 211
84 201
80 172
137 253
198 221
2 25
161 231
44 256
195 251
126 169
100 132
11 215
24 177
130 150
163 229
20 122
58 104
109 136
235 253
199 207
126 223
36 203
191 221
42 150
88 109
101 137
45 57
29 256
53 152
27 103
24 187
198 203
11 63
169 214
60 104
36 80
21 96
29 177
62 205
116 128
71 243
221 255
150 166
60 169
188 197
31 132
24 88
6 88
23 117
126 178
70 93
175 233
97 212
237 238
99 238
3 208
216 235
130 238
67 191
60 254
67 169
10 38
123 192
24 65
68 183
127 149
11 99
117 219
17 256
174 232
200 229
178 217
50 178
18 184
98 221
54 193
106 225
113 252
65 163
37 60
47 86
25 69
138 207
104 216
163 188
61 113
29 97
65 102
177 241
62 212
57 154
62 109
47 118
125 204
44 207
172 217
82 141
93 148
52 78
38 127
67 101
121 228
68 81
117 121
51 124
47 128
188 205
3 35
39 119
35 108
16 27
212 226
193 202
215 241
100 193
128 149
189 200
133 255
96 247
86 248
0 59
8 53
198 242
61 242
144 153
41 103
161 218
77 124
143 250
125 228
12 94
41 168
79 205
11 100
125 161
204 241
149 151
41 43
75 120
208 215
54 121
92 115
142 261
148 219
23 113
138 216
48 154
85 190
55 72
121 254
134 193
21 244
74 231
9 240
52 211
103 124
31 123
119 140
31 255
159 166
25 129
117 125
47 78
85 199
120 135
209 223
160 238
48 164
111 168
197 232
8 67
89 210
18 154
59 118
154 234
171 200
66 96
87 162
136 228
128 251
105 250
46 170
33 181
225 259
110 187
16 170
12 51
131 190
66 100
89 248
231 235
127 185
151 183
191 211
161 206
231 259
25 177
151 237
108 145
137 230
72 225
2 119
89 231
136 172
155 174
36 217
4 19
116 161
36 46
34 230
70 224
147 180
107 125
53 183
74 226
84 173
180 214
23 147
27 223
77 137
152 209
111 121
60 181
68 70
174 187
99 104
27 60
158 219
21 252
8 193
110 236
193 226
135 246
201 254
31 130
133 228
175 187
83 102
72 104
178 214
36 81
21 251
242 256
21 47
70 177
194 234
113 164
7 89
165 176
155 214
87 151
1 174
14 261
174 247
64 255
93 177
154 244
62 88
3 19
105 178
71 92
70 148
9 14
56 183
43 87
54 82
153 247
9 82
0 101
109 233
79 231
31 37
23 152
128 170
24 225
83 160
120 175
44 51
134 232
54 75
79 241
109 113
233 243
72 88
5 7
184 212
106 159
17 107
79 159
169 203
92 164
8 69
92 120
83 96
80 229
34 253
179 237
4 36
170 247
27 112
111 166
178 243
153 227
90 114
158 247
11 179
166 235
34 57
65 211
94 131
168 182
43 141
92 254
96 142
144 242
58 61
221 233
71 214
37 160
236 240
44 238
81 197
19 150
102 170
107 216
172 190
105 221
28 38
25 148
28 172
21 122
60 226
5 123
28 59
181 259
179 250
42 165
60 110
42 232
26 205
115 234
154 158
141 236
8 137
177 183
45 83
95 206
37 40
152 256
8 260
80 246
28 141
102 189
18 124
14 96
56 155
136 222
115 142
61 215
0 19
31 202
181 226
139 183
40 118
172 251
193 259
63 166
29 129
129 204
6 19
110 152
104 183
0 232
40 131
88 244
71 174
139 140
100 247
162 166
79 139
80 138
110 169
38 54
123 151
71 121
192 240
165 167
34 153
112 251
85 227
94 220
131 179
128 194
18 118
5 74
58 188
13 113
79 213
40 63
14 176
102 103
108 196
120 180
214 222
106 221
166 180
1 42
124 160
3 188
73 188
34 140
2 139
64 141
19 160
39 106
66 176
93 193
27 91
4 120
172 197
111 232
97 178
121 250
124 205
100 184
112 193
158 165
200 222
2 75
8 149
166 217
26 95
93 258
146 251
62 247
7 223
192 216
119 158
42 97
23 62
15 30
25 101
76 77
132 153
9 133
63 193
6 124
48 214
5 114
54 254
47 105
85 142
27 43
33 110
106 246
207 261
153 178
82 257
11 80
113 122
167 221
136 164
111 252
25 60
116 211
102 212
77 240
11 18
5 178
90 118
13 103
4 252
101 116
149 260
164 168
175 191
108 231
67 232
106 149
236 238
173 218
100 160
80 253
248 249
75 90
15 189
53 98
88 216
81 223
5 65
143 206
56 83
39 113
181 218
181 253
173 202
70 124
75 143
62 81
118 135
25 34
11 162
222 235
90 258
224 260
53 229
25 64
2 141
61 253
80 125
115 201
27 86
185 201
191 254
18 103
70 236
105 171
243 258
69 82
62 95
1 248
56 177
90 202
171 185
16 212
82 214
12 89
195 245
48 101
207 251
46 92
41 78
80 82
86 113
12 54
77 138
13 19
128 145
125 253
12 105
73 232
62 174
69 196
57 167
55 203
128 222
24 67
45 226
136 173
232 236
43 189
41 139
224 256
73 121
72 158
131 189
45 227
170 192
31 112
167 214
28 145
163 230
16 80
112 209
19 201
18 77
169 256
96 159
188 218
47 197
176 258
18 27
135 250
40 57
119 153
68 105
186 202
4 167
116 189
189 237
139 232
34 150
54 128
212 257
148 242
173 215
195 215
90 221
25 46
0 179
142 241
219 246
37 218
13 203
133 186
21 185
33 252
63 144
63 93
78 225
123 198
10 65
149 165
139 228
54 150
23 60
47 175
48 194
43 149
164 199
62 245
45 221
73 76
14 122
30 177
77 247
249 260
115 121
13 136
44 139
22 105
94 258
38 69
63 121
35 163
50 101
51 248
109 223
75 152
228 234
100 164
143 233
8 216
14 235
43 171
85 198
39 74
82 107
43 233
86 103
103 249
171 187
54 171
110 225
198 235
201 230
66 76
242 260
181 257
99 184
23 91
52 105
41 45
103 159
14 178
48 124
61 82
133 208
50 201
124 132
54 73
72 118
113 139
42 151
36 107
71 227
13 26
27 205
7 94
89 174
56 157
105 183
25 111
18 233
17 166
77 251
20 46
77 182
16 54
78 150
30 243
81 254
79 90
90 194
61 119
172 232
157 189
101 178
177 218
13 165
186 211
33 175
165 208
201 246
79 164
1 161
41 166
28 93
127 223
68 210
93 170
8 77
96 226
97 188
78 168
75 198
56 129
0 178
33 164
106 200
117 147
0 156
80 211
34 64
196 248
7 46
94 97
68 207
114 258
81 213
15 68
200 240
132 247
213 246
137 154
56 77
219 237
135 232
57 214
10 179
45 204
68 133
77 243
176 247
64 204
38 147
0 211
87 208
100 206
45 66
149 199
129 154
137 165
59 119
211 227
64 237
155 234
14 157
161 200
132 244
208 211
182 213
162 172
105 191
65 79
55 250
14 224
186 238
44 199
102 217
72 169
57 95
28 186
134 173
188 247
2 93
40 70
153 170
181 227
108 157
163 174
164 232
119 248
138 230
74 218
35 97
140 159
54 59
29 36
201 256
195 201
1 169
206 259
48 166
119 223
138 169
38 110
26 75
12 218
142 255
242 244
23 54
39 118
76 90
60 245
14 52
25 235
133 249
164 186
109 256
6 37
16 96
50 58
36 173
45 247
107 252
134 198
43 46
20 253
6 260
78 232
100 112
27 248
233 236
245 253
230 240
57 123
48 169
80 123
18 253
126 218
46 165
49 174
39 234
43 127
74 208
17 82
104 156
164 231
60 82
108 218
195 255
45 103
31 85
21 222
121 251
51 238
30 173
63 251
144 229
69 104
71 73
168 169
4 37
115 235
67 153
55 70
44 151
66 215
90 261
190 208
59 183
22 123
6 259
160 166
167 189
26 104
45 125
49 256
157 237
136 155
200 207
10 125
59 82
120 235
54 196
10 31
29 32
168 241
164 180
218 234
15 234
65 193
133 214
39 177
208 230
1 47
75 165
76 252
210 252
25 133
114 212
32 216
21 240
100 155
76 241
129 226
71 220
7 121
22 155
129 207
106 181
134 242
44 122
127 171
208 245
118 185
133 158
119 181
27 95
128 168
51 94
56 74
124 128
23 138
107 258
151 213
75 243
65 156
118 138
104 212
38 205
3 194
19 147
7 112
11 126
47 174
41 131
133 182
122 177
105 176
96 255
185 187
46 122
132 203
84 236
114 225
70 153
55 99
19 216
147 177
183 186
52 234
96 134
11 29
57 166
10 101
94 203
139 147
109 129
176 216
20 21
135 174
172 220
52 62
181 217
37 100
64 150
45 69
60 73
180 199
56 258
82 90
97 225
3 135
160 232
32 158
37 53
80 84
177 232
44 233
54 151
106 122
241 246
2 202
12 70
128 209
52 196
69 205
43 81
157 229
8 82
179 182
68 162
40 184
21 194
8 61
73 142
119 213
31 49
36 167
11 115
53 209
130 255
54 217
79 146
154 218
114 128
96 143
95 157
34 53
136 167
7 194
11 87
100 157
41 188
251 256
14 27
33 143
101 117
79 206
48 217
147 208
56 137
24 155
97 122
100 205
56 256
177 231
55 189
190 242
154 209
91 169
15 52
158 243
170 207
188 213
238 249
110 241
129 199
9 157
188 206
26 138
22 115
31 58
42 243
0 192
69 160
181 241
72 140
146 149
91 172
26 78
6 84
161 212
96 158
74 99
18 172
41 241
38 44
120 174
20 245
177 203
41 173
157 218
68 99
34 182
4 219
3 172
160 183
120 242
42 197
232 245
62 241
197 213
40 59
38 97
155 164
79 239
24 160
135 190
33 169
60 62
91 236
40 221
76 131
123 201
31 126
15 191
99 141
75 231
34 96
100 187
7 242
77 204
37 157
177 244
118 137
185 243
21 51
70 198
15 19
108 149
73 157
13 138
84 166
162 246
53 134
62 129
3 202
66 123
50 196
181 195
100 257
114 142
203 253
133 248
72 121
29 60
214 245
219 252
171 195
208 225
83 244
87 161
107 164
43 261
13 101
77 184
103 212
25 168
41 185
51 90
139 156
54 166
35 223
5 164
30 206
138 165
89 125
52 63
170 259
176 227
159 226
107 210
237 250
32 246
104 255
99 172
195 205
24 209
185 236
48 201
43 229
119 246
84 145
27 195
34 84
38 113
107 115
99 236
128 142
119 129
100 222
192 211
9 108
161 163
29 145
0 258
105 225
95 139
15 93
231 253
9 156
56 234
97 137
45 74
123 193
161 164
219 258
31 36
188 232
15 141
53 189
191 236
128 171
14 165
79 144
13 58
5 82
212 228
8 131
96 97
149 255
54 137
49 60
73 254
14 47
23 99
191 199
66 195
115 231
32 160
60 165
10 116
40 75
171 179
127 210
52 172
171 222
19 239
66 74
58 119
126 132
89 119
56 203
95 142
0 171
83 137
14 57
137 203
45 70
126 216
11 45
70 166
143 222
66 200
92 128
151 166
77 140
118 193
17 125
14 39
68 75
116 251
140 255
107 187
184 221
143 176
164 234
32 59
29 109
2 186
48 213
38 252
107 222
227 238
66 261
33 193
56 96
188 251
19 226
21 22
125 200
11 234
48 149
17 25
68 141
19 204
117 122
90 243
201 231
107 197
210 211
78 200
167 240
29 90
14 123
109 224
1 186
114 209
9 249
42 204
128 195
58 236
64 231
6 186
23 241
163 192
118 206
2 79
119 202
221 261
2 175
59 122
74 154
6 132
21 57
131 211
133 261
37 196
183 213
190 216
37 55
66 258
46 173
122 248
46 157
69 168
56 123
20 258
33 68
127 176
138 166
161 201
3 26
214 224
4 25
12 235
135 229
93 212
50 183
40 177
229 258
152 170
41 160
58 98
116 143
45 90
224 247
57 86
129 145
50 122
192 249
96 162
41 134
198 206
52 256
2 161
104 168
35 55
2 118
157 210
10 158
63 70
98 234
75 83
1 253
28 241
138 240
42 253
115 169
100 165
185 186
150 187
24 90
23 125
143 248
64 180
24 71
30 31
46 204
1 79
38 258
133 151
107 247
36 112
14 24
88 249
142 190
163 203
92 160
14 188
155 188
158 191
61 93
101 165
23 44
49 253
26 58
148 150
43 130
211 234
13 82
4 54
94 213
13 207
129 211
39 245
100 131
17 64
84 113
68 77
221 235
27 258
150 200
66 119
140 166
21 124
196 204
52 224
35 145
104 146
52 259
9 119
77 85
33 250
103 167
149 259
81 125
158 260
215 247
157 159
53 75
91 176
74 149
71 229
10 19
17 190
90 101
33 259
109 124
4 84
59 219
93 234
0 98
84 111
63 172
111 115
40 65
148 244
195 232
127 140
105 199
231 239
191 248
7 206
43 151
41 96
23 76
118 128
115 174
1 223
92 171
141 174
34 129
98 260
122 207
45 92
63 119
0 183
8 107
18 121
32 71
186 194
44 133
8 34
84 251
162 199
99 205
95 259
5 10
116 224
62 70
98 163
77 174
42 229
197 212
144 178
63 117
117 194
98 180
161 197
23 82
142 239
84 154
42 228
9 125
95 167
28 146
234 247
83 144
185 200
2 252
123 145
59 144
48 55
147 261
44 138
169 196
11 122
29 160
86 170
213 244
114 204
13 171
18 136
64 93
221 232
215 234
95 238
40 192
151 222
139 162
7 90
14 69
152 225
35 58
186 244
110 123
167 204
165 241
66 130
62 224
235 238
33 57
141 192
44 217
121 187
65 210
67 181
33 234
85 155
172 231
21 242
126 154
155 193
28 30
80 144
61 205
124 155
103 132
204 215
143 239
30 87
170 171
37 84
77 246
70 194
10 223
91 204
38 182
5 66
20 161
79 96
188 249
76 202
127 175
54 68
107 158
41 61
139 222
8 115
44 163
64 138
6 119
23 93
175 196
35 85
30 220
74 248
20 239
122 147
216 227
80 203
167 235
50 102
48 58
13 135
45 129
36 76
101 124
151 256
87 231
146 225
78 176
33 87
43 117
151 226
74 239
147 233
60 88
48 139
84 160
72 229
42 112
69 91
12 169
109 117
42 244
144 148
71 241
202 203
35 230
83 118
85 252
48 75
85 225
91 166
180 258
92 244
82 188
11 98
94 239
41 135
48 54
154 246
63 184
212 260
24 233
33 209
118 140
113 244
194 242
12 132
219 227
11 53
7 25
154 242
73 208
47 192
37 208
186 252
61 261
12 223
88 184
131 257
114 172
94 191
50 214
106 204
31 101
2 261
93 109
1 233
89 113
117 119
171 226
107 128
177 233
29 54
156 195
69 147
91 243
58 59
9 217
185 251
81 109
130 132
49 245
89 120
18 190
19 230
135 179
63 133
15 78
68 72
64 200
101 128
86 244
30 197
45 59
72 76
41 151
21 88
46 227
107 147
144 226
90 236
212 232
96 205
121 176
66 97
86 161
185 235
66 143
43 106
29 187
104 235
4 64
11 165
84 175
82 261
17 208
36 144
99 178
59 90
88 168
45 49
14 109
161 194
66 85
80 182
34 254
39 179
83 120
72 162
73 86
248 260
22 187
3 94
58 192
14 258
158 189
79 226
125 258
163 212
120 123
96 237
179 192
2 210
38 224
67 246
139 141
10 225
72 103
154 213
122 143
217 228
81 118
159 193
14 236
39 103
16 258
191 204
246 259
11 220
44 146
65 130
105 109
12 109
22 103
109 110
108 206
87 153
164 196
65 226
28 44
126 242
32 40
26 208
127 166
148 245
43 120
153 162
23 121
37 99
119 154
10 27
22 135
97 195
16 58
10 153
59 190
40 253
6 115
64 176
137 234
82 199
110 219
53 192
4 122
146 252
70 193
160 199
168 243
16 109
73 197
66 70
50 64
186 249
137 224
231 238
250 257
15 119
55 58
33 166
96 203
210 232
40 150
54 96
79 236
29 70
74 151
23 151
152 237
149 173
46 198
67 260
138 149
115 192
7 155
95 100
31 136
33 81
84 246
211 231
136 196
110 244
39 56
77 84
185 247
157 231
55 178
225 261
23 160
1 119
66 120
3 62
105 152
122 136
51 120
83 209
57 261
88 118
137 216
78 202
17 191
104 200
30 234
3 87
19 197
152 173
29 48
72 180
100 110
2 17
228 256
96 183
148 220
88 242
125 173
94 217
156 231
0 200
15 101
5 139
127 246
193 199
59 108
61 63
156 176
82 198
70 143
133 258
40 145
58 218
33 36
53 197
104 248
73 165
44 80
32 190
2 63
12 101
112 214
70 165
20 61
47 71
25 106
81 105
108 118
145 228
3 12
54 242
154 199
47 148
14 36
8 171
167 183
93 95
88 222
42 238
16 255
36 207
114 208
105 226
28 76
53 112
18 140
6 61
4 76
77 118
85 103
97 145
61 213
147 150
60 206
125 148
81 177
178 250
58 79
31 214
96 169
85 202
97 235
93 188
6 195
119 177
50 242
112 258
24 192
41 138
147 170
113 225
54 203
97 133
4 49
63 260
118 195
78 93
71 90
17 259
96 202
196 210
26 42
84 226
200 201
76 253
192 258
101 129
211 232
30 191
18 23
66 114
31 159
103 140
186 227
43 157
99 145
8 182
66 117
82 255
48 131
79 246
98 160
65 232
99 200
47 183
31 247
55 144
95 255
76 231
26 232
40 160
101 194
131 217
45 75
30 236
52 220
180 200
98 156
138 192
29 244
44 204
48 181
52 94
26 69
55 71
8 194
149 252
39 63
13 198
20 25
55 202
100 153
142 219
219 256
79 179
80 245
190 215
26 142
59 104
10 72
146 164
85 236
38 81
104 134
92 182
72 214
25 242
52 87
187 195
173 213
221 241
94 169
37 125
59 228
129 230
77 167
75 106
92 226
62 182
44 174
90 230
70 168
9 229
142 157
52 170
201 232
250 252
66 247
187 242
25 207
60 80
222 258
1 22
84 155
169 174
102 132
127 178
63 168
78 86
183 207
41 243
136 161
13 15
66 86
83 236
157 166
18 219
222 252
104 192
69 93
145 195
101 177
136 191
169 180
132 174
62 150
62 68
48 224
44 241
162 203
6 136
99 177
14 171
26 90
195 259
66 219
155 194
156 161
113 168
168 256
20 195
170 237
51 249
21 98
87 123
13 184
131 178
90 142
61 164
213 243
79 162
65 238
18 87
56 185
87 96
28 92
79 142
61 184
72 223
61 138
5 214
51 237
73 85
6 131
66 230
74 89
19 140
59 239
0 220
132 160
212 251
142 213
15 29
58 154
9 225
36 50
149 152
130 259
223 242
198 227
192 253
62 146
156 192
124 158
161 191
81 240
36 43
216 234
7 205
54 227
162 225
20 99
93 154
146 153
16 254
172 259
150 171
116 259
6 33
158 193
126 205
179 259
25 76
142 237
158 238
125 233
47 233
48 53
42 216
127 144
24 216
162 185
46 139
137 151
116 119
233 257
136 200
144 174
37 151
6 152
196 199
27 46
136 248
101 215
81 111
0 110
124 195
20 69
8 213
186 255
29 192
159 246
62 223
35 258
1 49
51 142
3 175
135 194
80 109
5 49
48 115
121 221
135 181
193 213
211 223
61 69
60 176
128 136
172 235
47 101
146 188
141 251
138 148
88 182
70 92
77 189
15 22
94 156
102 237
40 82
22 231
124 133
213 248
97 245
58 105
193 197
162 189
103 193
25 124
49 214
110 246
185 230
30 124
95 181
116 212
95 250
99 232
27 108
99 173
104 185
121 179
12 216
158 160
95 254
0 133
182 206
69 169
12 81
6 10
164 243
178 207
0 39
192 226
52 174
112 178
68 152
153 209
44 135
59 158
37 191
18 47
65 157
138 219
13 62
114 236
44 58
49 104
118 230
101 243
58 88
68 122
139 211
84 188
30 91
21 69
33 251
58 180
55 81
12 47
45 56
40 62
21 111
18 214
9 181
18 169
98 243
139 246
71 141
53 198
197 211
64 235
58 200
70 98
70 172
94 177
50 226
45 88
127 238
111 213
65 131
78 235
107 161
74 193
24 26
92 139
103 152
53 159
44 210
41 73
86 178
157 217
179 231
39 51
64 241
89 92
22 46
87 170
173 211
17 229
18 179
173 222
182 204
184 248
200 252
148 223
29 197
70 138
78 156
114 165
153 187
1 172
107 121
117 165
44 164
114 253
19 69
111 251
56 128
219 255
5 260
4 154
40 162
85 86
163 173
90 178
65 198
71 202
129 157
30 192
130 246
75 232
177 225
73 195
98 135
30 193
14 174
117 185
80 117
207 231
68 228
66 166
0 5
42 172
19 194
81 154
205 216
4 73
14 103
178 194
104 242
7 160
9 215
173 244
173 196
235 251
102 148
91 231
36 137
122 192
125 170
44 171
56 105
69 247
146 210
103 191
4 230
121 199
56 230
8 196
64 227
10 20
137 193
124 178
140 215
215 219
88 178
6 135
21 128
245 259
52 198
228 248
221 234
150 221
233 255
26 260
202 249
98 258
232 261
3 163
21 157
191 203
53 109
10 40
7 84
146 231
82 158
29 150
16 155
3 199
34 190
94 188
17 109
231 245
63 134
148 232
137 243
90 173
14 259
105 180
61 83
66 146
48 145
34 70
152 165
66 103
43 178
27 159
69 120
119 252
30 172
79 178
99 132
27 106
19 251
31 135
14 113
97 159
42 54
64 168
114 143
7 142
7 216
55 153
15 157
115 178
125 208
17 161
177 179
50 153
132 207
37 136
73 110
54 111
95 125
3 236
117 223
39 212
227 251
139 175
146 178
40 193
41 192
50 228
49 76
187 261
40 43
86 105
12 88
167 225
108 226
44 189
43 98
27 236
21 232
90 119
197 260
147 190
62 122
216 241
175 236
15 50
102 113
134 208
193 225
120 250
95 127
5 64
184 193
50 77
67 215
251 254
181 182
14 81
62 80
30 130
54 235
37 93
51 243
156 249
1 179
60 105
10 76
133 140
75 145
69 259
39 54
6 254
60 100
169 224
123 196
29 234
27 59
47 98
173 225
59 71
14 250
85 154
41 205
7 200
182 225
141 227
127 168
6 228
223 250
203 240
19 188
117 234
148 256
52 84
21 138
114 237
55 193
3 249
156 186
29 261
79 103
19 187
93 252
183 253
129 187
56 251
30 58
17 248
175 248
150 247
31 67
135 184
142 224
0 84
77 146
7 166
201 255
79 149
112 191
150 209
53 222
58 237
85 223
70 230
7 56
130 243
44 123
2 231
61 187
13 194
44 126
129 259
15 171
196 215
101 201
83 150
195 213
41 46
120 126
16 161
57 91
196 238
46 233
65 169
72 91
28 87
170 194
7 73
49 52
186 233
149 235
111 240
0 9
154 236
148 164
1 251
189 235
8 121
15 79
174 252
39 242
131 181
137 261
85 203
9 114
235 248
141 168
37 173
20 72
191 258
52 157
82 88
15 151
39 136
206 234
168 187
129 232
93 115
7 128
141 184
204 206
26 87
14 222
183 254
69 210
18 216
66 154
172 204
173 201
102 221
66 206
25 253
68 159
12 102
20 246
89 112
146 165
1 99
49 77
151 194
49 225
34 202
123 260
101 193
27 192
215 249
78 210
117 233
155 190
131 218
0 57
25 208
139 226
62 257
89 193
170 180
86 168
198 230
27 41
32 127
113 137
135 203
157 208
49 261
152 229
135 215
106 233
62 77
161 261
115 140
19 136
54 117
69 79
134 188
62 190
102 197
73 98
18 246
52 75
71 237
74 96
181 260
116 206
85 238
145 206
6 181
128 253
48 176
48 236
30 134
190 217
64 226
66 246
147 166
7 108
52 163
60 131
228 247
68 115
59 209
39 109
169 185
6 8
193 195
205 244
57 163
28 215
128 139
64 161
76 205
29 124
204 251
13 21
61 87
37 149
13 116
83 114
118 257
159 167
10 195
148 228
141 250
22 146
32 155
14 68
26 143
72 147
31 173
24 244
180 190
195 206
18 201
166 232
10 192
99 162
67 115
127 245
43 230
50 104
16 64
136 197
176 195
172 241
82 238
157 214
65 167
15 240
14 181
145 251
233 252
160 173
33 88
11 191
131 154
111 222
194 243
43 198
15 112
68 98
71 153
20 233
33 80
43 256
53 160
22 258
15 170
22 134
116 168
65 236
39 80
39 69
248 255
164 241
121 174
149 214
57 173
118 159
87 149
143 227
18 108
90 150
152 247
109 257
166 212
53 244
13 34
11 43
74 242
117 132
89 211
148 163
42 208
48 59
36 197
75 261
29 243
125 185
94 208
234 256
49 219
101 112
164 178
104 143
16 77
51 172
13 115
136 225
16 186
77 218
82 146
109 204
210 250
76 155
125 218
0 61
145 245
101 147
10 186
23 223
5 90
157 187
131 165
95 159
124 210
12 191
12 23
118 192
15 125
40 188
111 175
7 219
170 230
76 121
178 225
108 180
24 193
196 207
11 59
22 59
104 249
101 170
84 120
64 184
139 189
12 249
97 194
105 220
13 127
41 240
110 155
8 37
2 233
187 219
175 253
71 134
105 154
167 186
37 127
123 207
202 257
204 242
56 111
49 260
145 188
42 124
11 139
90 168
70 106
37 103
102 151
91 101
2 26
37 200
189 215
53 143
11 185
116 198
142 155
10 25
2 8
105 239
64 215
65 234
137 178
162 197
80 213
64 247
167 193
46 148
55 243
28 49
80 216
109 220
34 144
90 97
88 226
102 248
96 128
5 6
47 68
163 189
123 195
102 192
6 159
21 248
186 196
124 139
169 215
93 215
115 226
20 91
247 249
5 219
29 193
114 224
137 161
228 259
135 240
84 97
133 169
109 157
120 176
24 59
107 186
19 163
61 121
49 98
108 125
28 100
127 241
132 210
19 81
74 196
93 221
109 183
41 121
133 250
189 225
174 238
63 196
57 184
162 241
30 154
57 237
58 258
20 141
184 214
204 247
36 91
158 259
82 253
114 153
13 235
162 163
0 162
233 248
71 224
135 189
137 176
19 91
75 119
34 117
28 181
125 134
7 198
75 153
68 203
152 224
130 209
118 173
50 130
231 248
34 257
102 114
23 78
26 33
8 239
78 162
25 247
103 179
31 51
187 236
158 211
77 215
26 212
21 168
27 187
18 236
78 132
149 150
95 150
13 251
109 163
103 164
78 155
17 148
69 203
134 160
150 215
18 229
213 215
188 210
78 238
95 218
111 165
5 243
97 157
131 220
57 224
111 154
44 175
17 160
96 135
88 180
220 228
60 230
119 121
42 210
23 122
91 227
89 260
1 176
84 200
6 91
147 256
37 228
67 109
50 206
195 240
98 229
90 249
249 252
230 252
207 215
36 106
99 122
83 212
14 94
55 160
32 199
76 123
185 206
195 236
13 105
129 213
209 243
5 111
91 251
63 82
2 90
41 110
53 164
86 235
138 185
42 56
40 66
115 222
59 251
120 196
43 61
151 261
111 133
13 145
73 239
90 175
7 253
241 252
17 63
86 150
86 215
97 164
44 172
109 153
210 238
17 100
102 126
61 125
91 118
30 217
122 196
2 110
115 224
124 168
223 251
191 260
56 67
20 26
47 179
164 182
126 172
69 103
58 248
29 228
127 221
39 158
81 144
26 116
87 243
221 222
69 127
64 95
30 167
24 68
58 238
86 199
16 90
38 209
82 133
25 104
158 159
90 174
139 150
150 224
1 147
69 105
168 252
79 193
72 81
88 131
46 230
16 177
125 155
200 217
99 197
20 223
169 211
13 96
193 234
80 259
59 66
123 130
5 182
9 167
45 210
109 217
110 254
97 180
42 213
111 221
152 249
97 201
85 220
26 135
11 186
168 191
64 207
5 230
31 240
121 198
149 164
46 225
150 165
50 257
54 154
6 70
195 260
92 104
104 171
123 197
52 79
113 202
8 24
24 142
96 213
225 251
90 171
185 240
17 124
25 191
238 256
163 171
65 148
46 224
80 208
63 97
231 255
30 47
164 197
33 219
60 129
24 137
68 144
88 205
36 243
186 217
1 154
174 200
9 242
158 232
153 206
27 154
54 257
121 139
133 225
26 51
64 173
47 49
93 131
46 58
90 238
205 217
174 180
167 255
60 259
34 199
51 224
32 239
95 252
43 168
15 55
174 198
52 178
11 228
30 113
119 247
143 225
46 133
20 251
184 197
155 162
36 55
84 119
147 173
76 188
101 159
73 196
174 239
150 223
117 126
33 104
168 251
42 180
104 148
119 253
118 226
166 182
58 135
39 78
143 145
68 252
94 256
133 192
15 216
209 222
70 111
11 38
39 251
142 203
15 122
93 224
98 227
103 251
75 117
128 234
68 88
214 248
99 246
24 211
52 186
30 56
23 45
82 163
151 164
134 227
148 175
106 206
30 254
48 244
143 209
89 159
245 258
113 157
151 185
106 140
121 148
77 176
107 190
110 193
136 186
69 179
133 148
154 190
39 200
71 183
220 242
89 116
194 249
2 104
8 95
9 135
11 210
45 166
25 260
89 236
182 211
154 176
78 229
100 252
14 230
21 179
78 196
73 109
135 210
139 218
47 84
7 69
37 220
151 212
37 252
215 222
118 126
77 259
83 130
116 150
147 197
167 192
127 189
38 210
25 122
92 255
90 153
54 148
158 184
33 75
25 187
88 251
84 218
82 120
3 36
37 128
20 87
134 230
130 232
148 258
14 116
126 182
62 166
44 250
152 196
50 108
111 204
17 62
24 102
53 235
90 158
11 202
138 155
65 170
31 43
16 245
3 88
151 254
30 142
96 211
25 91
89 135
43 45
119 218
62 251
75 177
132 219
52 171
147 218
178 232
41 189
230 238
22 32
160 221
203 207
53 136
9 250
71 123
134 143
79 153
80 165
72 77
119 172
28 155
5 35
36 53
2 89
0 70
51 93
51 197
16 180
136 254
99 153
65 221
35 167
88 228
79 259
126 213
69 250
95 176
38 102
15 39
3 109
8 226
39 87
107 245
33 59
38 124
25 67
143 245
74 237
41 172
178 210
89 103
48 231
141 200
118 167
51 253
48 180
75 103
25 39
181 225
123 139
26 77
27 129
123 138
23 49
107 124
98 120
154 226
101 258
237 247
257 261
91 97
228 250
244 250
15 32
39 67
44 202
5 208
116 239
19 105
5 127
16 219
55 137
47 94
206 237
211 225
86 229
204 253
77 133
51 103
199 234
17 41
52 121
2 60
79 214
185 196
49 114
157 199
79 172
92 133
150 207
36 48
71 200
29 215
21 228
34 171
8 236
111 126
45 176
85 150
119 170
170 199
13 16
43 231
34 255
199 209
146 171
77 178
31 61
56 221
41 150
54 248
62 225
21 121
132 197
147 153
163 214
211 250
58 91
25 219
119 225
183 199
43 53
87 218
177 227
12 225
145 208
6 74
59 180
79 176
0 15
42 175
149 244
88 225
22 58
8 83
111 248
176 209
73 123
187 232
188 216
4 134
1 40
157 179
137 210
57 220
104 186
110 253
44 216
30 78
226 249
29 258
128 242
61 248
235 246
64 121
57 133
99 161
118 129
24 40
102 121
44 112
22 203
14 145
51 170
208 219
159 188
63 162
59 107
8 148
33 92
145 156
142 147
94 228
196 260
119 227
155 213
131 192
50 78
114 249
33 72
77 245
7 97
146 147
116 163
54 134
12 128
113 136
119 204
52 107
19 199
11 208
61 142
164 213
0 72
8 224
12 19
56 260
68 132
110 133
205 207
45 51
94 110
77 83
91 210
65 117
28 162
83 256
96 190
91 202
27 175
20 146
31 143
120 138
134 158
41 174
120 258
0 12
52 249
111 223
110 162
150 258
30 94
115 257
1 94
78 121
12 188
45 109
70 134
149 195
97 115
218 237
101 253
4 23
145 234
154 251
12 222
97 160
165 250
89 227
236 255
87 140
112 173
6 95
133 150
26 230
36 64
173 235
181 213
74 223
135 150
143 257
103 185
25 28
156 237
92 258
16 103
20 118
46 110
45 127
139 253
196 243
84 87
13 238
46 257
37 192
105 210
5 217
70 79
5 16
46 206
105 135
214 216
39 90
66 207
2 117
6 26
153 244
111 236
139 210
29 252
186 187
30 40
60 172
154 222
29 78
0 2
81 203
152 219
106 202
74 221
43 209
205 260
65 112
43 57
174 193
41 125
104 251
163 167
31 83
165 194
71 242
40 233
73 214
114 148
65 92
18 147
113 117
146 198
102 234
46 161
0 135
144 162
54 212
111 179
11 66
96 119
54 214
60 214
120 225
16 94
115 194
167 222
222 242
135 243
131 244
117 160
53 255
22 254
80 231
68 155
139 254
205 235
149 168
27 33
142 201
64 238
24 122
173 185
9 28
32 129
1 128
28 220
216 220
21 230
91 156
33 151
0 87
112 141
97 153
113 172
9 80
177 201
22 182
64 209
188 212
194 202
108 186
2 57
9 54
70 207
30 135
106 148
100 114
226 227
93 184
188 261
30 223
46 63
160 190
18 256
133 196
93 223
13 147
105 129
127 235
16 201
17 173
26 45
9 96
51 127
159 209
126 191
192 239
158 233
75 130
93 253
108 174
72 249
120 139
179 205
47 190
221 224
26 185
115 119
92 96
91 173
99 130
56 240
122 235
135 160
105 144
67 105
56 112
154 229
59 88
1 2
46 209
3 95
12 220
20 39
77 173
140 194
237 257
131 157
52 187
109 199
105 261
28 183
184 225
52 137
185 253
11 117
154 245
49 177
49 210
26 82
47 119
35 80
69 76
10 97
63 228
163 242
182 251
106 230
55 210
123 149
148 207
119 186
106 261
15 150
205 256
127 161
101 110
153 156
100 173
205 259
47 70
48 56
105 142
88 105
123 178
45 54
123 218
90 181
34 91
31 154
60 248
15 208
6 133
62 239
130 151
43 206
11 182
121 149
148 240
10 37
72 208
108 179
74 85
120 230
197 198
123 247
72 205
82 87
89 207
198 243
165 197
52 96
38 194
90 110
78 244
20 243
75 176
176 219
246 254
111 131
126 127
26 131
59 151
141 149
87 181
96 199
99 261
103 247
9 110
97 204
93 104
213 228
165 227
82 254
40 104
12 13
34 261
43 223
3 198
6 20
17 211
36 103
206 228
192 193
114 230
125 250
18 185
75 175
89 249
15 127
116 121
96 148
129 180
80 199
46 81
36 104
166 199
115 248
139 185
210 249
53 191
32 169
11 173
19 54
18 83
117 175
121 185
51 173
146 241
44 232
26 254
40 92
147 212
63 243
9 34
111 260
52 70
31 211
87 187
196 229
42 179
124 219
92 206
144 180
79 184
76 185
27 104
205 219
52 247
10 35
59 89
87 201
78 145
91 126
94 172
63 231
115 187
90 116
23 144
17 110
11 111
37 197
61 110
25 85
12 157
23 226
127 212
135 244
71 162
48 97
49 132
116 118
219 238
73 203
143 252
91 134
47 256
132 213
70 74
21 149
113 160
58 217
63 203
169 184
203 233
11 106
126 179
35 64
218 235
54 63
147 244
26 247
67 207
54 220
17 71
158 188
84 115
115 229
188 253
148 205
0 86
77 207
9 87
80 223
76 195
4 186
53 238
91 239
76 149
178 215
61 137
24 173
35 70
47 145
167 199
113 243
177 207
204 238
88 207
149 155
135 166
42 61
19 99
66 181
55 66
141 176
39 188
74 92
199 214
195 230
40 85
77 100
6 171
64 72
23 112
181 248
44 167
96 239
168 189
29 106
37 87
164 175
10 173
10 143
5 231
81 260
73 120
209 258
151 152
78 207
25 79
24 248
48 223
29 161
90 134
27 133
214 231
0 95
103 106
5 37
32 100
29 170
79 138
67 71
37 134
48 128
58 129
0 55
112 163
0 175
21 250
52 73
125 180
106 256
214 230
58 195
14 128
107 236
126 230
62 198
86 226
131 158
172 252
37 52
4 82
19 229
126 252
50 138
150 173
121 162
92 230
7 230
108 165
94 234
173 200
22 230
113 181
48 78
178 240
104 204
249 255
7 185
25 55
83 204
61 144
114 247
48 95
241 257
4 71
47 100
100 215
99 189
193 257
18 81
85 215
148 193
110 151
82 135
2 87
138 194
62 66
113 151
56 233
75 234
140 182
73 133
63 147
56 259
75 84
32 101
153 226
170 234
23 50
187 260
211 254
97 140
12 116
51 145
14 221
127 254
75 158
181 199
79 88
67 236
178 224
47 123
92 109
165 182
52 147
119 229
129 256
68 109
81 174
114 154
197 261
22 167
110 170
174 209
40 174
87 128
53 258
140 185
79 137
55 231
177 187
95 199
47 152
12 199
140 196
186 261
22 190
73 114
51 157
22 211
46 251
39 124
157 176
119 188
111 233
43 137
135 222
109 180
37 198
35 189
84 147
24 121
118 252
67 240
165 225
32 89
70 173
89 258
119 127
104 119
159 163
103 134
2 50
34 148
12 61
12 171
79 169
28 231
58 133
44 157
109 219
84 183
181 220
200 205
69 195
132 252
78 91
44 244
126 202
20 158
40 175
76 154
186 213
80 145
65 155
26 163
108 126
135 163
183 243
56 120
56 89
211 249
28 113
56 91
63 114
147 159
136 237
6 34
191 217
57 106
150 191
62 85
133 217
34 89
200 249
9 143
37 158
118 240
96 225
110 258
15 194
9 26
169 244
201 240
48 109
128 218
91 188
94 154
82 207
13 166
28 124
127 188
196 224
129 188
184 240
42 144
162 212
110 131
5 256
232 256
141 160
29 121
72 143
84 109
112 135
94 190
7 179
92 126
92 143
15 239
153 154
124 230
36 191
32 221
3 162
112 225
107 233
48 163
4 30
179 234
5 152
17 178
95 186
40 156
113 235
157 191
165 170
200 236
10 152
107 244
82 145
103 240
4 259
84 182
14 211
115 215
107 217
176 185
39 126
228 239
20 231
99 222
110 134
16 39
126 222
200 245
90 255
7 114
129 242
152 200
16 154
5 179
19 72
23 92
96 242
122 205
104 174
141 198
32 36
150 167
107 255
22 158
127 219
33 162
35 71
72 241
42 196
87 89
19 112
13 155
146 190
174 178
103 142
62 255
15 257
54 250
175 261
56 80
47 200
58 224
6 15
46 252
39 43
120 169
182 261
134 185
101 216
18 64
98 240
88 165
68 254
81 208
107 132
136 181
85 234
9 91
83 97
10 28
132 155
247 261
89 185
185 210
0 36
60 113
28 247
37 139
141 252
108 224
116 216
162 164
50 175
10 17
109 150
106 158
59 213
104 225
56 122
68 204
75 76
48 218
30 77
36 171
1 21
167 185
17 116
140 181
209 256
207 249
54 125
142 185
42 252
103 232
184 229
59 75
28 223
106 177
130 174
151 240
84 225
15 230
54 76
39 247
150 248
107 230
0 182
74 172
108 249
48 61
39 94
100 208
31 163
34 45
135 155
70 229
49 217
152 171
0 77
24 107
2 167
58 161
58 140
15 209
76 96
202 211
81 142
66 156
109 145
106 239
101 150
37 78
230 255
171 191
48 151
24 91
66 67
80 149
35 207
143 229
62 210
104 161
118 248
95 103
19 245
62 148
102 179
117 259
40 61
152 202
110 261
171 212
192 205
67 224
82 138
88 136
156 168
70 99
145 168
24 34
76 148
57 88
7 254
112 162
67 89
76 97
180 220
5 68
112 200
4 109
5 252
52 116
0 188
37 47
56 169
94 221
76 254
85 131
57 216
99 212
58 112
25 221
58 76
157 167
117 134
45 148
57 112
149 158
159 191
145 222
165 261
165 254
86 203
82 130
16 141
183 260
9 128
18 113
143 197
154 183
26 159
53 178
104 162
120 127
81 143
55 134
91 167
174 237
239 247
188 192
124 256
31 99
98 256
71 118
173 198
161 171
52 258
29 83
202 223
54 231
44 209
181 228
134 139
4 106
94 246
126 250
91 228
184 198
240 250
148 154
159 242
66 89
106 183
218 231
11 214
97 189
73 256
31 206
44 140
83 161
126 148
111 195
35 74
131 133
51 138
82 174
109 249
124 225
42 187
93 227
107 112
54 201
91 235
85 243
201 252
187 234
2 105
93 161
55 245
25 137
72 190
100 148
129 153
81 132
136 168
215 259
9 153
37 42
2 205
28 202
164 177
163 219
73 139
19 167
124 244
33 157
46 260
27 32
111 160
40 159
159 187
177 208
83 235
70 109
221 251
181 205
25 225
160 212
36 158
36 201
175 210
48 220
3 130
96 132
117 137
16 160
77 210
62 261
61 107
155 225
129 209
99 143
122 131
55 69
88 185
34 228
14 136
46 155
232 233
80 180
175 204
4 198
201 203
83 198
74 200
101 232
32 99
155 175
83 103
220 233
73 74
170 179
150 192
37 188
65 245
131 212
28 159
137 256
28 90
129 243
7 162
163 206
69 255
112 147
57 137
54 237
30 98
48 114
100 229
36 68
21 135
59 94
27 144
123 190
51 171
137 258
37 206
13 227
134 219
69 87
111 113
38 193
113 183
16 23
209 231
168 198
21 46
81 120
44 125
33 215
79 249
91 107
233 247
53 213
125 227
91 212
211 252
180 253
14 254
6 153
54 188
89 209
117 156
179 221
220 229
139 216
23 211
54 87
144 169
48 137
25 113
73 179
45 180
230 257
59 227
100 104
187 188
121 238
65 257
35 177
193 251
180 186
143 242
136 217
165 191
14 149
39 187
104 261
136 147
13 25
51 101
74 104
70 228
10 56
76 141
32 53
0 82
233 246
179 257
23 166
6 48
194 225
134 181
150 222
231 256
68 189
25 50
103 235
35 225
31 141
173 252
137 191
16 144
13 239
5 212
170 191
22 63
45 201
227 228
107 159
44 81
98 144
91 121
117 144
95 128
115 137
131 150
93 130
119 222
27 166
15 190
50 61
38 225
133 183
96 123
209 235
129 219
116 159
132 191
44 194
114 138
61 219
122 185
170 257
106 259
156 172
92 248
99 244
18 161
37 216
210 254
20 188
110 229
27 42
96 103
91 165
226 255
76 113
139 176
16 142
113 192
49 67
206 218
16 131
55 158
34 203
47 182
84 213
212 241
50 227
14 147
16 184
208 221
53 58
34 110
86 94
1 198
97 102
101 202
160 189
180 189
43 85
132 251
56 136
206 220
192 261
115 167
19 27
146 222
143 192
90 132
44 65
119 175
109 218
97 124
31 56
230 232
203 236
12 184
55 123
219 229
133 201
114 256
39 71
0 40
66 191
125 193
159 184
34 47
138 176
75 197
48 63
89 129
171 257
151 242
65 72
87 253
35 213
98 239
140 169
57 223
31 78
95 215
117 231
141 219
197 257
159 234
61 96
28 180
145 215
225 233
112 159
205 234
34 90
79 183
44 68
27 37
183 247
49 61
15 181
67 211
163 218
120 161
227 247
11 73
114 134
173 247
139 165
147 199
57 228
3 151
49 153
4 189
149 166
86 236
87 130
55 159
81 127
92 234
101 107
134 245
92 117
107 183
213 252
148 241
241 255
69 71
24 132
204 249
160 172
44 154
85 159
2 178
27 105
112 150
187 256
98 200
97 209
96 245
169 200
62 176
85 93
29 119
104 214
11 21
88 92
197 240
226 236
62 188
51 86
96 228
61 192
8 219
29 162
69 85
31 63
153 167
146 253
55 129
84 198
3 253
64 118
157 211
209 253
101 161
124 218
53 214
4 10
91 220
107 109
194 261
106 126
209 234
95 117
104 166
16 156
147 155
15 18
50 182
141 205
73 88
65 246
101 106
116 127
38 133
183 234
0 228
232 257
106 224
32 103
191 207
117 184
41 84
230 231
5 122
88 258
131 147
184 211
3 244
132 177
29 171
105 113
9 115
11 194
56 210
0 247
179 255
33 98
111 149
220 239
47 178
116 257
57 96
9 88
166 183
42 51
111 156
65 213
36 174
170 177
25 86
183 224
97 134
45 209
150 220
6 222
0 248
165 232
144 175
76 248
175 182
83 187
42 52
113 221
227 252
37 171
33 105
56 222
24 25
7 21
126 189
26 146
11 27
64 202
238 247
218 244
50 180
78 184
5 93
128 129
226 229
25 244
145 256
70 255
33 84
126 156
147 164
81 232
210 228
7 197
62 231
101 122
111 167
134 180
77 180
59 223
128 159
129 169
195 203
92 235
204 219
42 85
120 150
175 229
92 97
21 186
119 182
242 243
25 121
28 117
183 250
39 185
103 125
102 140
58 130
10 119
41 54
0 124
8 231
252 260
116 144
144 183
39 99
48 67
109 206
203 259
166 207
18 159
28 192
132 254
42 127
29 130
123 217
72 92
93 190
169 249
66 92
65 182
156 202
146 232
111 138
26 259
20 180
49 137
59 220
149 175
20 225
46 150
17 212
110 248
100 238
57 67
190 250
23 69
114 240
87 257
69 133
28 39
164 169
17 143
191 249
58 138
154 184
100 237
97 238
6 129
2 100
165 214
142 254
107 179
91 198
59 181
51 167
21 25
106 207
39 91
189 232
62 232
63 107
4 116
78 182
90 195
186 237
82 104
87 186
77 102
10 127
30 83
141 218
167 195
223 237
102 183
1 118
32 80
117 180
65 145
65 154
34 208
12 212
8 154
5 55
54 209
142 243
7 165
3 103
40 76
259 261
102 207
111 220
131 171
137 196
113 178
33 95
146 174
102 149
12 226
160 248
137 146
82 251
170 215
203 223
113 161
43 228
28 137
118 136
25 119
67 161
45 134
131 245
67 112
1 261
87 163
131 163
68 131
98 110
114 192
49 70
252 261
0 216
7 133
55 198
16 182
106 244
8 86
148 225
142 227
57 89
176 238
89 255
85 96
9 90
82 193
4 140
251 253
178 179
80 106
78 256
80 204
15 195
125 207
86 147
200 209
11 169
128 151
111 207
24 256
163 205
66 68
125 175
14 166
87 133
134 161
93 200
118 207
56 208
56 133
4 63
47 116
53 254
81 188
32 108
148 182
161 239
30 72
103 129
2 173
39 219
112 144
26 40
41 50
206 210
84 93
178 238
6 21
81 194
138 260
139 209
11 26
53 116
12 178
162 171
72 153
65 207
172 233
47 56
14 161
61 117
155 243
1 135
78 103
111 255
51 97
94 261
20 53
184 244
84 177
49 164
52 72
15 254
98 141
33 128
78 237
100 137
210 216
93 235
38 164
36 177
139 168
44 92
106 163
135 217
122 254
90 96
36 182
40 223
160 200
85 87
65 261
3 258
32 45
161 174
27 201
84 203
142 173
46 116
77 136
62 143
72 233
47 244
80 228
185 246
12 42
127 258
73 237
200 258
115 129
158 212
27 121
6 258
67 104
96 201
133 239
87 94
70 201
140 211
92 162
94 134
137 206
124 185
215 252
97 152
75 226
6 42
68 230
131 231
103 200
1 67
88 201
243 250
99 245
46 151
62 197
29 164
241 256
44 259
6 122
117 170
47 209
171 254
181 252
55 141
99 123
16 230
1 51
71 171
29 191
76 99
183 220
180 221
162 258
81 112
147 186
65 216
68 248
2 241
9 197
5 168
114 221
90 144
56 207
35 40
3 245
58 196
87 137
175 216
24 89
12 129
3 225
75 225
13 230
71 190
54 162
50 132
113 141
100 221
59 96
118 122
35 61
58 121
30 186
50 145
87 138
23 227
44 211
117 200
62 151
45 194
39 259
86 104
38 135
212 249
3 255
190 191
80 94
43 249
81 149
33 103
30 65
64 245
111 239
20 154
68 103
202 208
27 87
193 235
62 112
176 234
18 178
28 225
43 112
78 188
43 136
119 215
52 228
30 138
135 188
24 152
68 147
96 212
57 148
237 255
17 121
22 122
95 231
36 155
108 153
206 235
151 195
238 240
108 204
39 58
177 217
128 192
63 178
26 220
81 145
160 229
50 237
107 174
56 162
147 235
240 244
47 168
205 209
197 226
38 155
109 166
51 212
87 207
90 128
65 202
131 256
45 147
174 213
63 69
7 50
120 224
32 208
34 123
160 218
105 116
158 162
89 219
49 206
38 60
8 44
114 173
218 255
7 158
40 181
80 143
30 32
136 170
77 216
146 150
118 175
130 207
34 219
68 179
209 244
116 130
9 73
47 54
10 260
22 91
223 234
96 155
135 225
25 226
176 226
49 203
66 171
155 230
52 114
100 179
9 130
116 172
26 206
94 100
96 99
119 237
91 150
134 175
131 260
171 234
96 197
5 101
79 256
168 235
163 197
40 119
73 220
71 112
200 248
11 180
179 193
49 93
168 238
89 132
123 146
208 259
121 227
218 243
52 199
176 240
179 190
84 184
7 60
73 217
12 239
44 136
145 197
59 134
20 157
10 62
69 131
103 118
101 241
119 231
182 230
84 152
15 25
153 237
42 188
127 261
108 222
64 225
70 152
4 258
36 227
15 124
20 124
60 177
109 138
47 240
43 123
13 87
85 141
67 157
29 93
220 223
34 105
179 232
197 251
146 259
6 44
44 165
53 171
15 232
37 59
36 161
132 220
28 144
62 130
36 250
20 252
28 69
72 206
11 227
16 93
29 94
148 224
61 211
21 116
203 234
29 155
49 239
102 261
246 253
97 169
32 172
129 231
161 252
202 230
6 79
35 95
105 205
8 80
20 168
119 228
41 176
20 73
56 211
47 80
148 159
44 47
75 146
58 71
223 225
26 221
245 246
62 178
56 180
120 227
132 183
12 53
14 191
31 156
84 244
210 242
90 218
128 230
131 229
134 235
168 246
138 248
182 245
95 180
85 239
89 163
88 91
14 170
49 54
179 248
173 209
34 120
70 180
3 18
3 14
120 216
129 202
33 86
59 184
182 197
83 214
35 146
80 120
14 58
9 120
216 249
190 260
78 88
86 171
39 50
149 243
35 175
53 83
28 168
57 142
20 156
6 38
44 66
191 247
62 144
