264
5
9720
60
613 2
172 2
585 2
343 4
100 2
496 3
623 3
375 1
481 4
214 2
376 1
216 1
326 4
76 1
275 2
203 1
307 3
292 4
251 5
177 3
174 2
628 1
293 3
96 5
270 2
543 1
87 5
211 1
442 3
322 4
434 4
297 1
302 1
332 2
575 1
420 2
205 5
119 1
460 2
529 4
223 4
457 2
287 4
663 2
342 5
381 2
451 2
565 5
78 4
68 4
531 3
653 5
554 2
558 2
526 4
400 2
426 2
517 5
478 3
554 1
463 4
215 2
140 3
672 1
67 2
469 3
664 4
228 2
199 5
637 3
577 2
563 4
553 1
431 1
618 3
372 4
215 3
137 2
181 1
350 3
213 5
303 3
200 4
229 2
134 1
110 5
237 4
198 1
565 1
567 3
148 4
100 2
634 5
69 3
572 3
538 2
91 2
579 4
276 5
535 4
596 2
523 4
354 1
651 4
162 4
653 3
306 5
354 5
555 1
315 2
98 5
556 3
341 3
329 4
192 3
323 3
257 5
643 1
211 4
170 4
416 2
433 1
67 2
155 3
604 4
158 3
515 2
266 3
461 2
577 4
382 4
550 1
401 5
472 5
493 3
392 3
112 5
335 2
300 3
441 5
220 4
671 1
614 4
196 5
589 5
135 4
102 4
121 2
210 4
668 2
154 3
654 4
338 3
247 1
257 1
389 2
581 1
534 2
181 3
88 3
520 1
157 2
440 2
579 2
458 1
420 5
169 1
418 4
130 3
72 2
403 3
77 2
509 3
621 4
254 2
318 5
445 4
520 1
117 2
238 2
301 5
77 4
222 2
266 2
75 2
127 3
154 4
448 3
626 4
630 5
99 3
486 2
529 5
356 4
312 4
444 4
311 1
252 4
282 2
431 2
473 1
257 4
145 3
386 2
392 4
448 1
251 5
446 1
142 5
209 1
276 3
656 2
401 3
340 1
144 1
541 2
669 3
553 2
98 2
407 2
568 1
447 3
221 4
450 1
563 2
97 5
426 3
194 4
435 2
118 5
625 4
355 2
666 3
401 1
269 1
339 4
130 2
89 3
630 5
648 5
556 4
223 2
219 4
628 1
286 3
170 1
574 3
413 4
146 4
658 5
646 4
72 3
352 4
461 5
300 3
216 3
97 4
373 5
385 3
420 4
583 3
513 3
521 4
264 5
1 233
5 162
170 216
190 262
136 151
138 197
119 194
135 207
13 112
81 185
226 248
148 188
51 79
222 254
35 136
159 191
53 146
72 181
2 35
65 238
142 159
54 107
34 80
229 256
0 110
182 225
165 215
41 66
153 250
131 220
114 169
128 185
180 262
56 235
138 198
203 231
29 249
78 136
124 226
54 93
52 123
12 159
65 250
60 206
11 85
48 219
9 154
91 109
42 54
175 256
28 123
230 246
122 149
0 214
21 165
25 246
147 166
8 256
10 85
47 125
84 153
101 235
38 226
74 95
126 215
12 37
169 228
88 112
16 163
30 249
82 199
181 244
53 212
10 129
2 139
6 182
19 73
122 243
97 173
55 139
153 159
99 237
73 89
91 154
16 41
170 172
10 188
119 139
36 196
42 74
19 244
154 253
83 251
157 225
100 240
152 182
39 257
21 205
66 218
14 61
156 245
95 246
213 250
20 204
21 148
104 212
44 227
6 45
8 95
64 71
100 151
224 249
204 244
1 190
11 106
248 250
146 225
174 207
194 241
52 104
246 250
93 166
44 210
43 259
197 202
157 247
44 234
91 146
11 56
76 156
196 250
5 182
177 251
85 136
14 250
43 67
49 193
115 249
69 115
28 37
108 178
42 179
27 239
70 174
0 204
217 237
113 226
77 113
94 168
51 106
6 98
138 141
148 242
57 132
14 29
55 99
139 207
173 239
8 68
183 242
59 156
12 223
56 236
137 210
186 190
25 252
82 218
179 206
117 214
130 136
128 202
229 237
1 216
172 231
140 194
0 92
96 223
8 204
152 232
186 248
8 25
83 85
56 75
122 124
219 238
29 70
32 208
13 140
187 213
100 250
2 8
113 246
38 80
36 204
31 117
5 225
17 184
207 241
59 226
3 89
2 150
27 237
68 225
5 70
0 207
11 205
30 223
139 155
25 112
43 162
103 203
41 113
77 220
79 194
37 62
85 250
202 261
37 263
97 149
64 198
240 259
161 179
62 204
72 175
58 60
8 240
45 124
17 163
4 203
47 120
198 225
39 141
29 185
5 198
42 153
110 129
86 140
100 243
10 228
193 220
1 224
129 158
134 228
194 199
145 199
53 160
143 216
1 8
65 235
33 116
11 161
79 146
161 235
192 237
50 66
101 144
127 178
90 219
128 142
107 111
18 82
7 35
22 82
9 111
58 169
0 156
135 150
177 187
10 236
232 262
122 188
90 246
56 214
166 204
129 160
50 198
24 46
60 234
55 241
136 227
78 151
118 255
50 218
75 128
63 107
177 203
89 182
104 226
204 261
135 159
47 202
45 114
237 248
17 229
97 191
141 253
184 252
85 159
19 45
130 159
88 209
206 228
37 55
26 104
26 252
20 144
187 235
34 124
176 187
91 117
143 147
7 77
78 137
169 227
76 210
33 202
65 245
51 232
144 161
110 263
54 79
73 155
93 236
13 113
40 87
176 219
121 260
85 114
18 207
178 219
65 67
114 175
33 53
130 253
66 225
80 230
54 104
29 193
83 98
40 162
2 60
77 158
95 194
34 60
177 263
41 118
3 141
82 94
78 141
147 248
49 219
27 117
79 115
59 176
99 231
1 6
8 218
86 111
91 227
68 253
145 178
121 211
162 258
58 142
199 221
39 258
105 256
151 184
90 212
154 170
95 166
124 260
214 245
5 96
5 102
77 184
61 119
73 256
74 245
76 84
26 159
205 259
43 242
147 238
135 217
185 261
70 110
19 126
133 141
26 103
19 156
39 118
122 174
34 237
95 224
90 97
117 147
122 172
115 134
60 100
144 194
90 113
19 22
51 201
51 206
18 142
36 52
87 228
61 106
88 248
172 186
165 196
67 123
198 256
129 173
152 186
169 234
176 233
110 151
16 194
63 74
3 57
172 251
149 193
55 170
98 139
68 206
153 208
20 70
156 169
85 259
35 224
9 207
9 46
85 209
50 87
217 227
116 198
55 175
251 259
204 219
54 210
122 127
174 213
83 90
102 197
37 221
48 67
102 218
155 166
105 108
133 178
42 58
97 110
208 216
77 232
136 200
69 228
15 65
202 220
57 172
178 257
226 258
67 122
105 132
30 248
46 201
121 212
19 145
87 157
60 242
90 163
220 236
78 165
219 245
114 200
73 178
88 211
8 172
98 124
194 245
103 247
82 169
68 78
207 224
30 64
10 209
28 211
248 258
1 34
119 177
46 224
68 234
39 58
121 262
81 151
4 94
46 90
4 46
112 242
9 114
55 252
13 22
169 173
70 168
138 170
47 59
58 92
39 225
34 142
14 207
45 196
129 221
150 230
113 180
14 174
212 261
150 159
114 165
84 221
1 86
81 201
152 171
161 252
161 193
128 199
59 194
10 62
8 200
1 5
79 196
193 209
3 88
38 99
108 180
64 204
16 114
25 217
194 252
20 34
149 231
183 239
65 236
227 233
209 254
160 226
1 200
234 238
70 180
21 201
24 114
71 81
68 196
179 221
131 224
86 196
63 131
174 197
166 195
38 172
80 241
1 185
214 226
47 174
19 42
102 127
14 40
114 124
191 248
34 205
34 85
48 240
18 46
8 24
199 226
96 171
28 170
14 64
81 165
36 219
2 215
90 193
177 186
200 246
35 120
107 203
9 229
49 124
44 171
188 189
67 221
132 218
147 212
55 250
88 206
21 157
124 200
131 242
141 158
48 175
49 179
46 163
16 209
52 114
63 152
129 200
181 243
117 157
79 105
132 152
2 111
50 99
60 260
12 226
139 239
100 136
2 30
51 245
59 90
96 138
130 201
65 107
29 137
16 216
2 218
173 205
39 192
79 164
56 194
94 241
200 206
72 164
194 206
18 139
213 220
127 213
211 247
191 252
0 221
72 196
2 151
34 112
107 174
161 222
52 243
14 148
124 239
225 253
57 225
49 239
187 238
29 177
82 181
21 149
112 146
31 231
68 132
63 92
35 128
193 257
166 210
14 115
49 68
175 263
62 74
114 164
107 158
59 137
127 135
65 138
20 215
116 180
148 240
12 112
2 131
79 169
15 189
99 178
105 183
172 209
44 222
119 203
226 250
66 226
126 191
66 204
23 184
113 121
115 195
124 152
10 219
125 159
25 27
67 82
16 208
70 209
26 190
120 134
174 260
97 155
54 76
18 251
112 141
157 262
11 133
18 137
109 151
136 157
23 130
17 220
66 213
123 211
64 151
49 66
42 185
56 239
26 27
74 128
12 109
123 230
54 126
206 243
178 239
51 176
37 261
67 211
81 101
218 219
144 260
94 235
85 263
16 125
65 116
154 229
185 220
57 214
182 189
81 159
168 224
85 183
206 244
189 215
209 239
100 146
185 225
53 78
159 253
10 202
61 111
92 170
28 129
76 115
141 165
158 248
98 157
123 258
78 200
31 81
6 69
31 158
59 99
97 262
18 247
57 65
17 209
52 249
126 131
39 106
140 215
124 221
95 205
80 128
84 159
101 166
51 141
120 135
185 206
68 152
137 172
193 242
52 237
58 233
138 167
86 225
32 42
13 143
92 96
145 236
1 91
80 143
127 186
1 209
33 146
158 168
37 82
88 169
64 69
87 225
193 225
162 181
50 192
11 74
102 177
2 33
134 188
50 106
50 159
15 17
108 217
71 171
62 169
68 84
214 229
88 207
46 188
109 220
11 71
125 197
61 66
222 244
69 172
183 223
187 228
39 149
149 187
222 262
193 256
28 66
133 261
92 248
25 248
10 65
35 180
161 189
101 246
198 203
105 169
5 44
57 222
149 155
10 83
100 194
27 154
119 247
177 179
56 258
72 214
29 44
67 104
116 228
28 258
170 242
90 199
81 102
155 258
48 122
114 224
92 142
134 136
76 162
189 239
131 208
197 223
171 240
137 231
9 30
21 64
72 222
194 229
70 205
51 237
111 198
84 230
119 184
18 209
86 114
227 246
13 137
116 132
75 256
79 229
62 205
9 175
103 228
37 69
25 138
83 125
117 260
29 259
148 164
104 144
133 140
11 196
37 109
78 222
84 180
76 102
18 102
126 180
70 121
9 239
36 138
28 30
28 87
78 232
57 259
24 253
127 214
69 114
120 236
104 205
115 215
177 227
180 249
59 112
91 126
36 57
90 258
122 161
12 100
10 203
145 176
97 261
11 176
41 152
167 228
96 137
24 78
11 146
175 204
177 190
156 181
7 70
87 113
92 251
91 164
72 177
94 254
15 142
23 159
8 153
142 204
37 65
158 165
71 217
52 260
12 155
34 260
90 150
226 228
34 93
82 141
168 257
100 154
146 239
46 75
121 194
60 172
13 207
209 240
42 62
90 253
72 130
59 188
25 236
44 248
108 202
139 176
48 130
76 201
34 208
46 101
1 12
53 191
82 259
150 202
97 236
49 72
20 109
38 143
45 139
134 182
28 212
126 241
55 223
30 215
138 255
187 197
39 250
178 196
91 110
22 246
165 193
45 115
134 157
71 166
20 242
87 198
143 151
0 197
29 198
57 220
31 225
131 258
108 197
79 130
67 75
51 248
121 171
52 130
182 235
135 140
15 170
22 217
3 58
188 259
33 134
129 179
86 227
77 142
155 177
15 219
3 233
100 161
41 144
106 247
97 103
166 263
171 173
22 225
10 257
113 120
75 97
122 180
48 186
120 262
70 139
14 191
97 258
137 196
96 234
97 107
24 241
163 187
28 259
96 119
236 253
120 131
27 261
36 193
29 77
25 96
19 211
37 228
155 202
26 28
2 219
195 262
31 222
62 116
2 128
140 163
155 239
8 224
8 110
26 160
188 233
92 222
34 36
22 187
77 100
62 262
48 103
1 46
46 208
84 115
50 217
49 246
92 196
15 22
28 32
108 166
129 201
150 228
202 238
19 56
133 253
170 223
165 205
182 191
57 210
4 142
6 140
151 239
99 176
63 191
131 251
154 211
79 209
147 198
246 249
133 154
235 245
118 199
98 230
54 254
192 222
176 248
170 184
225 263
147 191
52 193
4 216
19 235
57 82
139 203
74 90
11 203
2 126
34 138
148 230
74 140
178 188
24 207
116 169
14 229
80 156
78 195
70 131
84 206
211 229
28 72
215 220
87 241
207 217
217 253
18 197
2 3
16 54
22 136
116 190
68 107
60 94
190 213
61 163
3 115
16 165
109 165
42 157
99 241
248 255
192 256
27 255
21 211
144 182
40 201
84 257
191 246
76 129
202 230
59 89
10 197
0 159
79 87
3 209
38 131
68 219
5 36
41 151
132 256
126 232
169 196
26 120
8 235
164 226
145 218
97 254
170 204
227 263
20 145
223 228
65 243
37 71
217 249
165 182
16 35
68 118
140 248
99 256
162 263
85 236
113 208
4 246
47 86
166 246
3 125
20 184
235 239
184 243
117 187
47 211
49 208
39 103
34 98
137 206
75 243
53 210
87 227
21 253
3 226
136 198
146 198
119 239
87 200
119 217
93 118
191 214
11 55
6 240
131 166
38 257
77 205
10 34
75 237
27 197
110 205
12 172
132 133
54 248
61 80
47 62
48 83
237 259
27 191
169 260
80 184
216 248
30 100
5 94
38 122
25 62
113 155
170 193
32 196
7 201
37 199
35 68
29 237
233 259
62 190
33 39
11 189
98 234
11 181
30 184
53 109
76 220
141 197
84 167
69 236
220 231
81 87
102 134
13 51
54 66
16 24
140 262
22 214
206 219
167 256
140 240
126 127
51 200
23 30
51 222
196 263
8 144
55 201
121 182
123 251
219 251
60 155
131 188
50 86
125 134
53 165
151 171
49 167
147 255
50 52
54 242
27 138
6 124
88 135
36 126
142 165
48 102
106 241
34 79
15 256
76 173
0 62
22 77
5 227
80 237
73 132
156 226
13 217
81 135
77 150
99 240
5 18
72 76
169 207
65 214
1 176
174 184
191 235
20 168
24 156
182 236
7 247
67 242
125 233
197 215
88 101
95 170
96 129
240 258
239 260
182 192
33 79
214 236
65 178
13 164
27 30
186 203
55 243
57 188
125 146
92 217
75 235
38 77
75 105
73 115
192 245
57 130
127 241
32 179
236 250
75 213
138 257
196 213
112 226
45 97
208 213
48 194
212 255
71 145
63 260
99 110
195 255
124 166
130 165
139 197
132 213
39 57
127 160
14 116
58 196
108 117
39 246
62 103
5 124
205 243
117 130
158 230
38 104
125 132
56 185
178 258
101 113
148 192
36 249
211 219
73 129
13 198
6 260
32 94
132 151
39 202
92 252
73 244
204 208
150 220
79 232
8 219
34 228
161 227
125 194
195 259
25 176
53 151
3 159
34 75
186 243
1 102
37 107
127 243
135 246
197 225
191 200
83 137
201 253
46 123
201 206
75 86
82 207
23 173
25 158
55 115
108 133
112 249
26 229
40 240
13 175
18 194
31 232
94 127
184 248
32 37
5 128
3 130
101 188
46 80
26 106
73 160
156 260
87 146
24 166
12 187
32 167
58 229
173 181
18 240
223 250
173 222
55 263
146 263
41 100
28 246
44 254
5 80
106 262
53 238
97 248
4 75
136 220
128 246
63 209
39 199
44 198
191 258
114 159
70 90
61 232
156 184
119 168
114 122
54 149
18 206
3 113
109 209
80 233
1 83
79 109
58 260
25 159
17 157
32 166
22 94
21 234
164 181
11 15
133 235
47 110
43 198
142 224
152 191
60 137
149 242
20 206
125 238
32 172
50 136
13 155
41 217
161 177
149 251
74 162
75 246
39 73
11 38
63 221
83 134
202 254
7 140
103 107
29 170
237 241
244 260
22 98
127 234
104 225
6 7
29 240
86 210
104 203
77 242
9 189
125 183
137 164
132 200
48 232
77 145
69 140
126 178
55 162
40 213
122 148
74 244
68 112
103 104
109 228
149 163
38 114
1 137
55 85
15 165
104 150
0 104
56 112
103 226
131 162
120 197
49 84
168 212
13 238
83 206
18 77
113 117
112 234
194 195
36 114
83 147
133 211
94 246
195 219
166 237
29 121
125 196
93 153
220 262
136 219
107 137
74 227
32 110
77 171
155 244
173 185
40 256
192 198
199 259
91 195
20 234
137 180
118 211
133 172
118 151
85 108
78 256
33 138
82 90
158 162
173 234
100 116
73 174
45 207
243 246
73 120
37 257
33 244
52 85
248 249
52 192
76 152
67 194
229 247
60 108
152 164
72 149
139 151
30 202
117 245
33 80
15 152
100 179
26 40
42 104
128 259
39 101
35 157
99 191
94 108
123 133
103 113
148 202
147 211
82 229
85 173
18 154
28 48
39 89
11 171
111 155
20 213
0 192
6 143
128 186
157 228
12 251
85 205
56 135
104 162
169 208
90 122
208 243
19 105
151 260
7 101
109 115
29 174
156 177
167 190
105 251
22 58
7 220
25 28
42 140
25 205
68 185
227 252
184 231
105 154
49 259
6 198
143 218
73 95
95 100
115 150
27 81
84 100
158 242
256 259
118 204
51 235
134 211
119 122
27 61
57 215
26 237
14 86
154 258
50 117
42 94
124 184
42 57
86 133
124 126
200 258
77 88
93 108
105 178
24 32
44 204
62 65
69 239
59 136
56 186
49 233
29 111
121 223
74 232
133 198
105 202
76 193
8 39
100 225
133 238
14 106
85 105
116 171
16 155
51 227
81 192
174 208
37 66
45 111
33 185
39 111
17 18
61 249
140 218
65 159
29 181
170 241
137 233
224 258
170 237
36 223
131 226
51 170
35 126
96 164
124 173
44 122
79 134
199 210
117 254
168 171
238 244
29 128
208 263
85 92
34 221
106 261
132 156
35 132
122 158
111 148
35 104
83 167
135 242
10 231
75 212
11 104
5 65
32 163
27 110
179 187
190 215
82 228
143 160
112 233
137 240
43 122
52 107
89 114
31 201
227 230
105 155
191 204
37 249
71 230
111 263
207 209
126 148
117 165
10 76
97 122
159 205
43 243
42 186
15 252
92 221
59 144
107 109
21 145
56 113
44 183
4 129
36 119
121 215
56 245
141 213
184 204
222 258
158 194
21 166
7 185
5 152
99 202
94 126
184 263
5 109
11 141
168 211
167 209
59 91
53 229
132 144
16 260
43 181
206 254
106 207
114 118
7 239
228 250
43 96
9 173
71 195
187 216
6 206
52 61
118 179
167 250
202 245
57 197
118 233
113 114
103 235
82 118
46 81
57 194
8 198
16 258
14 204
51 137
9 166
26 131
29 89
225 227
171 191
205 209
53 113
116 235
45 231
67 129
105 235
170 259
49 78
52 77
29 184
222 243
98 169
104 156
161 229
32 157
85 184
53 148
66 106
134 147
72 115
69 142
55 184
3 156
26 115
50 171
65 194
204 222
49 260
9 87
89 199
203 255
105 245
71 158
120 136
65 179
21 59
258 261
107 256
165 202
14 252
86 168
33 111
204 229
39 115
62 263
23 180
15 167
23 73
79 179
79 119
33 221
79 147
174 243
25 230
22 26
15 135
12 169
178 261
94 214
42 217
235 255
107 144
188 244
28 107
84 186
162 206
89 220
68 193
114 255
212 230
32 213
161 196
7 60
47 82
16 68
51 219
57 193
29 127
19 220
155 255
92 167
133 195
22 29
34 44
42 184
109 118
24 99
26 116
149 227
193 240
12 196
9 115
56 171
4 103
221 245
47 105
102 214
50 263
177 208
52 143
9 45
12 30
186 215
14 22
74 80
230 235
44 203
154 250
47 197
42 165
81 146
66 241
249 259
101 244
102 247
59 251
230 249
147 240
36 260
117 234
10 204
181 219
129 238
137 254
106 142
80 122
58 127
170 185
31 165
21 29
82 167
15 242
91 122
68 162
32 130
160 207
8 14
94 175
190 191
13 45
155 228
119 211
13 219
40 202
145 219
93 163
48 118
15 20
39 154
25 108
78 101
21 151
15 64
39 133
75 111
65 155
121 162
38 107
35 50
137 241
29 203
118 125
144 210
195 215
130 211
0 34
45 246
106 187
30 47
192 201
72 227
28 65
58 170
73 145
70 244
251 252
146 149
22 165
88 231
182 244
11 175
24 158
209 245
31 182
92 189
14 214
109 137
146 163
8 261
181 240
35 56
50 249
65 114
114 219
146 200
66 104
43 44
45 202
40 219
2 190
94 181
86 258
38 97
93 160
137 173
138 238
54 206
99 123
120 227
20 170
171 195
62 188
21 88
19 149
80 87
38 137
242 249
41 81
114 127
10 223
94 208
4 166
3 27
115 116
159 220
42 126
35 230
0 147
69 84
247 248
54 65
141 257
115 236
94 98
144 152
20 157
140 189
193 205
94 118
24 29
61 261
31 167
54 191
52 250
3 19
212 245
25 72
43 250
42 159
168 180
181 237
60 132
224 257
15 70
79 101
166 190
2 171
26 85
17 160
148 212
88 120
40 101
41 243
0 10
208 211
88 246
222 263
108 153
214 230
123 242
6 39
169 180
68 92
130 237
83 197
144 244
40 145
142 193
203 237
76 246
66 216
10 41
21 187
97 231
72 160
91 231
63 157
79 136
51 226
67 105
72 154
152 239
98 173
18 215
76 233
4 63
123 191
150 219
12 118
33 122
11 25
166 250
53 58
126 141
75 196
250 252
112 168
0 157
41 213
125 187
109 148
1 259
8 169
10 123
39 78
39 117
109 146
90 231
30 141
29 195
243 251
78 213
103 148
120 167
103 259
33 103
61 173
59 70
178 227
17 208
6 160
237 245
86 194
184 234
24 72
149 216
73 235
144 173
154 217
37 49
20 169
61 221
122 141
95 99
145 189
53 202
114 253
14 213
102 162
70 256
109 112
121 126
66 259
207 245
84 223
14 185
141 226
9 232
44 251
33 127
116 226
122 179
140 242
230 263
47 156
5 221
35 91
177 223
156 218
27 143
83 150
28 152
131 187
125 218
25 142
12 229
72 207
215 251
39 190
144 204
92 228
82 129
21 51
139 189
32 119
14 203
212 237
16 20
93 139
129 253
4 207
72 111
77 140
34 150
53 232
167 219
30 254
88 185
128 210
49 253
86 254
22 57
44 59
51 162
32 259
121 186
27 220
87 161
87 246
151 169
180 226
40 112
66 222
76 242
133 149
67 106
229 234
73 146
94 209
37 253
71 88
21 33
37 40
105 191
161 262
22 150
30 231
97 108
93 176
114 117
112 131
142 186
108 221
119 200
65 181
14 45
155 165
201 202
91 219
160 252
54 141
206 260
94 249
191 251
30 89
166 233
251 257
49 228
139 215
28 55
6 81
47 58
79 178
20 155
92 194
39 90
77 260
158 224
13 150
46 195
21 142
12 52
19 41
1 250
103 110
98 107
88 133
43 137
180 182
155 226
26 154
233 247
148 200
175 180
151 159
256 261
131 179
52 248
120 163
107 207
19 201
91 233
151 262
137 188
145 198
95 145
43 258
156 233
132 164
210 250
31 124
106 252
179 241
42 238
158 225
20 61
65 75
198 259
10 175
232 253
128 200
22 202
80 187
21 89
10 200
151 209
29 218
15 260
96 219
150 214
172 176
8 167
32 169
72 228
4 153
73 231
108 249
135 188
38 57
45 132
69 211
5 181
53 77
238 246
163 259
15 120
91 251
256 258
47 257
142 210
207 239
205 226
135 178
41 188
77 258
74 195
38 203
216 258
67 245
40 59
183 202
67 141
191 199
65 86
96 203
99 168
156 230
234 240
137 239
6 189
135 226
104 130
44 200
83 218
56 78
123 179
175 209
234 261
146 161
105 217
44 55
4 108
5 37
64 218
132 150
5 226
103 206
205 249
69 100
90 166
177 213
82 192
86 252
216 228
114 213
7 159
195 258
125 127
20 72
28 203
21 214
166 181
98 180
41 82
147 173
232 246
45 253
135 149
27 107
160 168
15 58
97 177
0 5
146 172
23 186
79 183
134 249
27 243
92 158
240 248
220 253
57 69
69 165
11 127
32 181
131 236
165 210
153 221
1 63
67 78
43 192
141 231
110 234
51 183
3 31
93 233
225 234
59 187
106 166
147 175
69 255
11 52
23 35
31 102
62 144
143 182
79 153
25 90
87 178
51 199
120 233
151 250
104 115
155 173
61 116
164 173
2 120
43 175
28 220
76 109
100 144
5 246
68 213
95 250
177 238
93 180
7 17
227 255
58 109
127 242
123 172
90 207
57 157
117 170
21 132
92 143
33 181
111 128
90 181
155 164
56 204
257 258
11 250
36 165
74 183
100 202
54 88
5 82
4 86
5 57
116 237
40 212
95 146
27 151
250 251
96 258
0 233
64 86
186 195
49 131
152 229
121 145
18 153
62 152
5 213
46 110
192 207
247 258
39 232
109 140
227 229
189 203
57 74
5 132
68 240
65 81
69 240
182 252
38 216
6 63
99 254
46 242
216 246
63 153
106 193
96 113
64 262
182 203
129 215
42 92
5 97
56 218
56 187
144 199
60 128
146 215
224 242
51 192
62 75
176 251
98 117
8 149
109 191
34 73
189 210
16 231
127 257
84 236
70 226
2 64
99 245
76 208
118 165
84 205
124 210
177 260
131 209
199 201
91 144
214 219
31 235
186 236
142 207
26 66
93 119
99 249
128 223
38 258
76 148
49 258
139 179
91 188
178 206
183 222
133 162
22 190
117 224
103 114
139 216
52 59
130 195
93 232
31 238
51 220
64 223
54 253
63 201
59 184
151 218
202 256
140 192
197 199
139 175
179 185
181 188
165 263
7 165
42 246
102 240
29 49
37 254
0 152
12 40
179 252
9 211
154 208
34 199
113 244
23 157
21 206
127 209
48 113
38 148
65 74
166 172
17 174
13 145
69 257
65 259
159 224
78 159
111 202
141 256
9 97
51 257
158 231
98 220
51 136
41 125
68 178
191 262
12 33
167 218
47 68
65 87
48 258
69 182
77 180
108 230
31 246
27 166
61 260
18 217
60 257
18 169
73 83
60 215
104 154
39 221
125 176
98 144
61 202
59 110
11 107
79 248
130 148
140 151
12 57
65 203
113 124
50 232
111 164
73 260
12 133
128 263
185 235
85 238
47 183
67 159
228 260
93 210
127 155
179 213
76 168
6 245
54 112
194 212
80 232
153 259
212 228
159 238
12 177
41 201
210 216
147 224
63 166
143 201
124 223
36 139
155 230
47 124
165 186
87 135
98 263
176 229
122 167
95 117
32 115
3 262
114 197
114 149
134 160
159 210
14 39
82 194
141 255
155 167
134 208
137 174
31 175
148 149
16 145
81 122
0 247
188 206
13 190
2 65
206 209
177 234
165 180
68 256
74 177
63 250
23 28
183 208
47 239
112 246
19 209
64 99
49 74
101 206
46 204
125 166
143 235
112 261
86 203
18 143
186 193
25 87
38 43
205 239
91 211
39 214
1 177
45 215
101 239
65 150
81 195
57 183
50 134
93 116
114 233
30 232
95 144
74 228
43 115
184 246
30 57
97 247
221 254
122 207
208 215
116 260
13 189
149 230
117 230
182 184
0 122
153 228
47 226
12 197
68 160
61 263
110 196
57 162
6 46
79 142
67 184
97 194
20 166
16 140
54 178
174 252
88 146
7 223
32 33
59 173
136 169
107 141
1 66
48 205
12 263
67 154
23 213
83 164
60 118
137 157
85 244
166 209
104 126
201 248
44 165
164 232
54 176
44 106
111 179
32 120
97 169
18 165
108 227
37 167
63 150
237 256
53 83
141 242
44 155
49 58
172 252
245 263
77 215
55 97
105 209
49 164
149 232
45 209
63 110
26 137
154 171
40 47
88 130
74 111
8 99
12 125
24 130
87 218
68 244
23 50
18 128
43 201
27 219
148 180
23 58
31 150
180 224
176 199
71 242
46 234
43 171
226 245
3 33
20 161
170 188
62 221
18 260
149 256
216 222
97 208
181 205
197 214
104 200
196 225
55 212
69 208
83 234
14 239
40 71
0 258
168 254
64 245
183 217
202 231
214 223
256 257
126 186
55 254
96 235
213 229
86 169
6 99
5 101
44 126
243 254
66 166
8 221
80 135
106 143
87 133
60 250
7 215
103 136
148 198
78 189
14 34
11 79
197 226
8 120
244 261
165 260
44 160
90 192
25 190
5 12
200 227
170 212
169 255
78 143
123 200
1 110
65 122
29 227
183 201
8 206
56 109
225 251
65 146
10 15
131 192
70 171
122 198
39 187
40 231
24 170
9 125
12 43
52 87
65 111
183 221
7 49
21 204
141 160
148 165
99 167
29 150
209 227
41 226
99 195
76 186
113 154
32 198
214 234
220 245
144 177
28 36
198 212
23 205
27 118
187 220
103 230
97 235
33 238
58 112
198 243
121 198
146 186
35 158
68 131
43 202
62 195
177 257
37 205
9 240
75 96
81 132
49 154
1 232
18 108
33 184
1 57
21 263
5 84
40 169
7 183
112 183
5 21
77 191
236 247
229 250
16 223
74 246
58 187
37 39
42 130
137 166
0 11
27 205
93 243
34 174
185 216
37 166
45 183
50 184
32 81
136 247
73 90
83 159
30 206
48 177
84 249
55 93
107 114
15 251
52 120
141 204
21 177
148 216
135 181
3 223
219 258
164 211
108 176
184 213
115 226
10 109
91 171
75 153
60 217
7 166
93 245
4 34
119 136
76 221
66 250
193 251
14 188
16 240
190 257
127 168
120 126
43 213
81 247
54 120
170 196
74 142
88 187
80 150
177 229
9 91
11 247
130 252
125 210
173 210
96 253
49 168
59 178
6 185
11 188
150 235
84 125
122 215
166 214
55 185
53 254
88 229
49 185
18 166
14 210
121 261
64 206
24 71
5 190
116 125
128 162
93 242
113 127
179 184
34 254
78 94
146 214
9 103
92 207
97 112
46 263
212 259
74 247
153 231
88 93
22 55
68 93
196 212
76 135
23 26
55 251
18 243
180 213
164 192
150 225
32 234
0 245
37 67
70 193
169 226
80 96
51 258
148 153
53 173
59 60
128 247
56 210
97 218
15 191
65 260
66 152
25 58
36 212
9 116
40 171
25 174
49 129
118 158
25 214
24 45
11 227
86 255
125 204
20 149
48 151
234 237
121 128
50 215
191 212
51 196
11 92
135 202
30 259
65 164
192 235
8 47
47 229
37 203
5 188
183 184
36 250
4 219
129 181
35 178
138 232
52 244
107 157
135 198
184 236
34 43
6 152
231 243
59 128
104 220
51 108
25 257
214 253
138 250
129 154
68 233
25 133
101 117
53 234
7 212
9 158
3 90
62 111
19 51
87 238
3 62
1 17
106 141
60 78
199 220
51 249
44 148
42 257
143 230
225 228
50 258
10 245
7 48
7 236
11 152
23 170
70 107
15 199
23 161
33 242
147 260
7 57
19 53
222 259
66 162
11 207
143 227
24 95
7 222
209 247
108 256
133 171
117 243
23 235
133 181
6 204
159 175
183 249
103 173
90 96
127 188
53 209
72 109
39 71
70 252
23 103
116 252
233 236
84 209
34 252
21 53
114 248
35 225
6 25
37 136
48 65
48 125
143 162
14 108
64 83
119 153
178 228
79 141
54 109
86 115
93 190
45 224
41 196
179 195
37 165
95 126
17 211
29 45
186 238
95 253
25 128
13 79
83 185
22 159
20 100
139 186
37 240
26 263
76 160
24 248
0 25
88 124
117 153
200 255
78 115
246 248
103 167
90 109
21 172
22 85
165 172
118 147
4 263
61 98
58 93
31 228
16 19
66 154
172 218
57 124
148 229
125 255
120 222
96 148
176 241
92 180
28 134
57 128
78 79
174 191
107 119
85 192
36 135
28 145
71 208
205 232
123 156
82 147
68 169
67 130
75 261
35 256
81 158
76 98
39 171
32 260
21 116
74 205
53 126
8 170
224 233
69 170
130 247
190 248
29 261
30 40
7 205
119 198
37 202
60 152
3 169
116 197
147 158
62 201
84 160
119 234
141 189
30 112
2 67
50 253
43 73
20 253
115 172
74 260
179 199
44 259
4 167
99 172
3 135
191 253
26 259
197 242
16 139
121 253
125 227
8 127
84 179
233 244
107 234
41 157
18 63
161 175
8 81
76 126
69 152
188 210
125 140
197 261
103 137
37 180
123 244
5 201
135 261
17 23
3 82
94 110
14 179
170 257
129 167
110 199
20 140
153 255
46 171
131 149
106 228
112 220
116 176
218 229
99 230
24 151
27 52
21 102
83 96
187 231
39 60
63 240
4 143
148 234
108 185
23 89
33 110
74 169
63 109
33 253
103 208
67 146
4 243
86 191
50 152
113 220
21 80
117 228
87 204
216 260
121 229
32 228
0 120
100 211
24 118
183 246
89 227
37 105
143 146
30 133
6 199
36 170
72 150
7 56
115 191
198 220
250 258
139 212
6 243
19 172
5 24
108 242
162 233
134 262
211 263
19 256
107 252
69 131
19 190
79 212
94 263
116 134
10 177
17 38
49 67
164 185
182 241
50 133
19 168
85 142
53 188
147 193
121 217
3 154
10 218
4 211
207 215
178 182
249 250
66 187
34 180
14 66
124 246
25 77
5 92
67 110
134 222
53 230
6 242
97 161
154 233
3 193
118 206
100 103
48 199
80 186
31 171
95 195
26 114
109 149
232 257
130 196
93 206
66 145
72 261
90 91
7 123
131 228
191 225
8 109
72 170
57 63
24 184
151 167
130 255
58 101
35 243
15 198
159 250
112 193
25 223
108 130
5 88
10 130
106 136
124 168
110 153
156 195
180 251
51 95
74 150
177 204
110 238
37 75
7 242
84 89
123 160
41 256
63 73
116 211
175 207
194 231
224 229
150 170
53 142
30 204
23 61
69 245
0 50
21 113
92 98
126 199
86 153
127 167
6 18
4 82
162 188
103 209
203 208
155 248
37 50
62 256
99 223
1 60
146 218
70 243
74 259
109 187
7 225
45 90
198 223
56 65
180 232
148 159
74 161
52 129
18 92
70 246
87 138
57 103
35 166
123 196
84 250
129 254
29 192
184 235
124 128
90 188
83 176
110 225
52 112
66 239
2 204
76 105
66 148
54 263
85 257
89 205
35 240
116 178
61 136
213 243
39 247
79 216
77 193
69 230
53 231
55 189
6 162
37 46
182 205
17 161
168 250
156 236
211 249
185 188
127 263
85 201
204 260
138 148
66 134
40 206
123 176
135 262
181 241
109 155
51 229
59 122
118 224
161 242
133 202
126 129
63 196
123 207
85 181
236 260
149 207
177 188
128 134
83 162
117 244
50 241
16 217
102 211
25 104
129 243
39 218
7 76
23 203
62 219
29 229
67 90
36 214
33 104
121 207
229 251
159 229
155 229
56 252
58 218
80 125
194 217
11 31
86 206
112 114
125 231
43 227
115 251
24 202
171 197
56 182
216 241
81 113
178 205
40 48
32 61
22 80
13 194
16 73
244 253
231 259
13 42
163 247
152 168
25 26
214 222
155 196
62 161
82 127
23 119
69 138
47 129
42 138
48 140
165 251
85 177
78 244
45 191
52 186
80 250
45 103
109 243
17 132
53 208
96 121
93 154
84 189
47 123
34 50
108 136
102 255
95 243
204 217
189 247
31 234
95 201
46 112
34 121
119 222
44 250
50 140
53 88
69 181
67 114
146 232
147 216
24 79
30 253
111 244
121 219
56 213
219 263
80 256
112 120
73 78
21 176
63 70
0 175
23 36
107 219
79 204
38 81
11 128
3 53
5 33
17 52
62 166
160 175
103 129
160 204
182 194
7 252
56 138
16 188
48 196
59 76
4 112
1 189
122 164
71 251
34 184
158 193
147 200
54 144
21 160
150 258
58 117
183 259
28 181
122 155
91 130
4 200
16 184
57 165
177 259
23 84
88 245
115 217
32 48
164 245
11 177
211 227
52 67
89 206
118 136
86 134
30 168
75 182
139 193
141 187
55 87
93 162
42 211
102 190
79 261
23 246
172 198
115 164
17 213
83 180
216 244
114 134
148 167
118 142
171 204
68 87
89 229
114 239
61 100
119 261
114 145
140 217
102 136
199 257
39 160
74 114
25 242
139 262
46 104
20 229
195 249
67 120
25 166
71 139
2 223
136 138
138 221
203 246
34 56
213 254
12 71
113 147
40 255
167 255
132 203
48 133
61 118
84 242
102 108
43 263
108 223
141 169
2 79
82 138
119 172
142 199
62 137
130 199
148 245
257 262
41 52
140 172
17 165
55 79
57 120
7 189
212 222
68 76
45 59
99 154
232 237
78 120
4 152
129 176
52 105
189 226
17 44
77 237
45 88
201 204
44 191
37 127
213 255
37 159
49 116
0 181
26 178
11 238
113 135
40 120
11 112
97 152
114 186
95 183
25 162
52 195
89 109
45 50
144 263
86 103
124 138
83 192
58 251
141 210
156 190
65 168
181 236
78 260
36 60
27 60
223 231
16 259
160 180
44 143
20 197
214 243
6 50
102 145
136 226
38 241
46 49
32 215
175 247
30 196
26 211
115 209
135 232
8 212
2 44
8 88
118 175
103 229
110 169
99 171
90 245
65 254
32 41
40 188
96 166
186 223
220 233
28 244
45 118
113 115
15 38
79 111
23 107
70 142
75 118
78 144
129 161
160 238
3 200
131 252
25 170
40 182
9 105
246 254
42 116
50 186
66 127
51 80
46 228
87 184
112 180
198 228
198 231
69 79
47 235
32 38
44 130
44 232
51 133
124 229
106 140
74 165
99 219
2 103
106 148
14 245
1 263
41 73
5 48
13 34
61 82
21 181
74 102
141 211
64 109
47 71
116 205
96 248
65 106
51 241
93 250
100 157
121 159
37 59
44 162
136 156
62 240
238 257
58 88
89 223
3 138
56 82
23 215
52 144
87 222
96 246
165 244
11 248
32 124
64 76
148 213
74 179
229 230
85 195
98 193
237 261
51 253
49 150
7 122
110 149
157 160
27 137
57 146
11 84
220 247
90 141
56 92
231 242
70 261
115 244
94 134
16 229
78 155
205 241
191 229
142 242
84 121
45 69
148 151
0 163
112 222
78 255
92 116
46 249
43 157
41 232
65 132
59 84
41 51
174 211
34 206
167 180
143 236
4 132
16 81
62 94
215 225
232 254
65 130
120 231
144 211
37 143
117 257
9 145
194 256
161 213
67 115
153 242
55 191
42 72
108 188
108 156
160 253
2 211
126 251
54 82
60 80
179 246
3 85
147 253
139 241
109 125
4 231
6 134
61 262
135 164
34 97
90 133
74 141
29 50
24 121
97 239
22 207
185 212
100 181
195 217
126 252
184 241
20 124
143 173
169 241
112 148
12 213
76 90
55 179
167 179
42 133
37 38
44 158
107 175
60 230
101 224
78 199
219 226
130 150
60 218
49 128
174 225
59 161
113 139
55 108
12 65
111 158
24 113
11 47
181 263
18 23
13 19
143 210
9 112
86 190
36 56
230 247
108 163
192 259
67 164
8 98
60 219
71 148
56 139
7 171
10 69
53 239
92 216
26 163
129 137
112 140
95 134
21 229
81 94
39 243
1 145
157 250
109 245
210 224
10 241
5 108
11 192
119 144
77 103
83 126
21 178
143 255
114 142
128 180
86 256
68 115
49 112
151 155
146 158
67 135
146 231
36 53
56 184
57 177
3 166
96 101
17 202
13 156
64 79
55 217
35 198
34 235
93 203
152 185
34 90
162 240
13 147
24 201
21 215
211 250
195 206
166 188
18 176
45 127
91 222
133 201
52 240
141 223
160 162
37 97
43 251
57 186
17 191
63 171
69 99
71 167
81 170
23 223
2 162
8 118
38 254
65 247
166 219
135 249
3 205
48 78
142 149
70 118
69 192
128 148
57 77
64 120
73 215
22 127
151 182
149 182
75 230
9 72
26 134
44 89
14 247
254 263
35 141
87 108
16 134
89 158
158 247
182 214
234 263
35 155
56 193
110 128
60 158
44 102
64 141
170 250
160 171
162 180
83 95
17 248
85 126
22 79
201 209
27 42
18 174
43 94
18 100
141 241
85 210
67 210
173 192
114 190
53 255
4 39
133 209
82 103
4 148
115 202
216 252
136 186
96 261
236 240
117 172
28 143
145 238
139 258
104 169
111 180
59 189
72 144
176 190
143 185
41 262
35 144
16 28
68 114
28 102
179 249
37 52
22 69
27 204
5 43
112 126
132 233
197 220
73 97
98 184
57 80
36 248
18 140
164 205
78 149
209 261
92 139
48 61
62 128
49 213
92 136
117 258
75 136
31 129
184 237
131 176
38 63
16 99
186 231
39 79
125 245
84 133
157 223
7 207
69 89
106 222
25 97
36 140
187 199
218 242
26 118
153 232
44 152
63 261
156 249
113 153
90 228
156 165
34 258
108 260
118 149
54 255
120 255
66 144
11 231
145 152
175 254
55 196
9 122
211 237
43 117
3 206
55 135
97 227
22 59
214 224
138 140
0 28
27 178
41 227
4 224
129 159
19 200
190 247
42 121
48 80
46 222
49 99
136 188
150 247
21 155
2 50
126 207
152 179
144 236
100 107
24 172
99 170
111 258
142 171
98 225
188 218
147 249
203 224
14 222
196 256
89 124
136 148
118 207
47 160
15 49
46 129
179 218
69 186
21 50
150 208
26 191
47 179
38 156
132 196
49 189
57 134
60 121
45 184
73 79
201 205
97 102
47 90
9 40
118 153
3 142
44 185
80 249
117 162
203 249
146 196
93 238
122 130
4 215
27 98
53 169
156 256
109 153
2 16
82 85
122 241
65 89
102 132
86 144
163 229
95 133
85 168
147 202
104 166
192 261
124 151
96 143
42 188
91 234
194 228
1 54
51 203
65 232
175 227
64 244
151 263
18 134
16 103
131 155
13 210
74 172
52 86
28 195
86 197
29 87
72 252
78 102
79 203
137 225
37 196
104 145
5 218
83 170
52 239
74 131
83 89
127 190
94 177
136 257
27 181
130 224
143 217
65 104
181 222
145 260
163 194
12 39
196 242
40 248
230 239
145 156
154 197
26 247
168 170
22 90
63 112
204 263
84 90
117 158
164 248
139 174
91 168
63 115
6 145
77 127
42 131
7 12
86 166
141 259
47 152
58 164
21 209
14 89
90 169
113 223
12 256
193 198
15 121
97 120
79 191
21 259
129 192
42 218
20 23
187 247
82 119
72 182
23 201
29 82
114 152
194 205
101 238
189 216
82 107
46 143
111 192
78 224
103 194
102 169
26 55
75 204
58 90
116 162
102 111
24 144
232 248
73 85
37 91
219 259
66 81
124 199
12 144
211 259
166 176
246 258
114 116
7 40
116 257
24 186
35 48
4 47
44 74
150 232
211 260
198 254
90 202
71 205
53 123
211 248
79 213
80 193
130 134
196 254
47 203
69 202
86 162
164 174
146 247
98 127
65 219
60 107
88 220
32 49
88 201
164 191
138 240
65 161
27 221
67 205
56 263
47 244
176 196
144 218
94 170
97 203
63 136
135 233
12 75
199 254
80 243
77 187
72 133
169 220
213 252
24 185
120 158
10 150
41 134
54 245
51 160
168 199
178 216
88 140
73 169
31 250
24 37
207 257
123 190
124 130
7 177
66 110
2 164
18 218
63 204
29 242
72 204
204 225
105 236
120 212
16 55
147 245
1 186
42 83
82 99
0 30
110 255
262 263
20 208
162 169
41 74
94 213
36 61
31 183
117 143
41 47
9 160
26 162
60 214
91 192
119 186
102 252
39 184
145 226
169 225
147 226
88 138
62 260
71 112
174 193
23 102
141 181
155 195
32 226
113 137
169 259
43 245
129 162
60 221
108 181
105 252
9 257
66 184
143 257
154 239
74 176
78 134
72 224
9 162
145 210
5 211
149 180
95 127
123 148
171 218
80 228
106 184
105 239
73 142
86 110
19 75
53 104
126 163
95 248
82 249
39 229
50 238
61 191
151 164
96 126
28 84
74 192
46 226
29 263
17 182
99 148
88 111
80 155
204 212
100 168
117 261
17 91
80 154
147 259
162 164
139 150
7 129
78 128
74 171
26 145
112 236
232 244
101 214
56 179
94 148
22 152
55 114
124 134
49 83
171 172
109 255
17 131
32 154
2 144
113 228
42 250
86 123
218 241
74 164
56 152
20 127
62 248
64 166
40 118
201 214
35 251
43 138
183 214
0 55
42 206
68 209
149 184
18 56
63 194
119 127
167 253
78 162
13 141
59 223
63 195
70 108
71 188
66 129
141 228
235 247
156 201
64 182
172 210
75 148
62 86
23 252
13 71
130 238
120 215
197 248
148 241
51 90
33 217
164 194
7 199
100 196
51 175
132 261
178 190
55 204
42 205
5 118
44 58
187 211
62 157
52 111
75 177
13 251
182 238
144 219
12 61
56 191
87 174
134 221
43 65
259 260
147 246
150 157
40 104
236 258
76 241
46 179
206 216
26 196
148 258
30 75
36 255
61 65
187 234
108 161
72 192
108 237
222 261
166 232
42 82
50 130
25 92
127 198
102 241
31 103
138 222
73 77
11 99
154 230
227 253
197 209
260 263
22 253
69 160
135 155
106 126
181 197
41 135
122 254
192 221
91 173
6 122
23 25
64 142
186 249
33 154
40 65
223 246
17 193
81 125
35 261
44 177
2 82
83 158
140 233
103 224
62 196
113 249
199 233
172 194
8 137
29 148
10 108
83 237
37 78
214 227
89 211
128 201
67 99
35 94
108 184
195 227
13 128
196 209
7 91
178 183
172 233
76 85
34 202
106 150
107 231
124 204
139 140
149 259
13 31
75 135
5 216
133 258
23 54
125 229
147 218
9 104
72 75
46 127
39 251
107 243
98 189
57 179
119 173
99 150
100 113
11 81
14 228
75 178
55 168
21 150
217 234
149 247
28 75
5 91
80 191
6 114
132 163
84 203
172 235
89 94
3 104
6 126
70 178
9 31
111 221
6 38
44 123
98 174
141 166
107 112
123 135
179 230
28 31
17 258
139 190
84 116
10 185
114 258
186 207
37 110
78 235
22 31
67 238
59 86
128 256
55 206
48 107
12 28
181 245
64 164
0 64
109 134
83 173
45 136
233 239
104 221
168 204
139 238
53 217
122 185
4 80
164 175
58 150
148 222
51 211
24 254
29 30
39 156
10 100
99 112
72 119
65 208
165 248
33 187
58 131
202 228
100 216
195 218
7 69
120 226
9 51
132 253
243 253
143 220
3 46
102 121
105 123
57 237
53 93
47 97
85 128
7 44
143 169
3 24
94 135
170 187
23 80
35 116
144 150
118 234
131 235
190 259
38 245
149 236
165 250
146 183
147 222
93 221
109 133
83 114
167 260
141 191
29 258
78 168
197 239
93 258
59 111
236 262
199 237
128 226
8 29
110 180
36 217
59 214
222 232
149 261
110 220
3 127
137 182
56 173
153 162
142 246
58 208
153 213
119 140
38 167
75 250
160 182
93 171
186 240
198 245
33 247
118 203
101 136
102 174
13 245
104 223
74 92
177 183
119 129
10 40
115 174
85 169
22 149
0 259
56 197
229 248
102 204
130 179
69 183
30 175
143 176
146 226
34 117
75 159
25 231
156 231
18 19
215 219
53 63
141 157
11 20
230 231
182 223
151 232
91 183
114 257
64 169
44 260
25 53
123 142
56 133
80 169
115 233
39 161
171 202
114 259
98 237
24 122
104 227
131 248
7 11
180 256
72 255
65 129
184 217
117 235
46 79
239 246
29 46
103 153
228 239
18 116
145 223
169 244
129 178
178 198
197 251
212 244
51 98
42 84
180 235
48 108
129 133
39 127
7 136
110 219
49 242
13 30
90 259
71 202
57 101
228 263
87 159
75 175
80 117
2 38
55 128
57 88
92 149
30 194
133 257
73 204
67 152
66 70
35 127
46 243
117 150
34 175
37 146
12 96
207 233
2 94
197 221
123 130
175 197
36 63
160 221
7 146
0 111
124 240
4 79
210 235
72 185
76 199
209 257
111 215
61 235
156 227
97 223
181 182
173 259
47 163
29 60
18 147
157 245
160 217
17 128
42 242
199 219
14 142
100 129
79 176
142 253
4 257
44 241
171 231
71 257
162 231
217 219
153 172
85 215
68 100
116 150
92 93
27 250
14 246
21 227
60 92
47 173
124 248
51 251
0 9
152 219
133 173
44 94
155 215
47 134
42 213
130 249
7 157
47 218
8 62
80 149
22 128
70 223
37 113
109 135
65 156
26 51
34 147
173 206
112 122
18 80
38 102
208 258
132 197
42 163
8 207
62 147
115 120
115 170
89 233
121 179
82 183
111 199
32 43
61 161
10 242
48 202
23 259
47 178
41 46
165 189
99 120
172 257
89 117
11 233
64 129
55 209
126 257
43 53
5 155
40 49
53 179
51 83
17 79
9 259
32 242
18 55
30 81
117 126
178 223
93 111
223 245
176 185
59 200
78 172
60 98
63 67
63 122
39 98
2 113
37 154
50 194
216 242
13 41
219 257
10 212
237 242
53 110
92 226
102 120
6 172
33 69
176 237
28 29
35 134
64 110
77 212
132 159
84 188
11 109
55 161
34 204
101 126
63 123
8 233
114 157
54 163
68 157
176 225
76 95
89 247
3 259
44 167
5 263
12 258
170 220
224 227
190 232
1 55
167 170
16 43
63 134
80 201
134 151
81 197
19 247
90 162
120 247
105 145
60 182
186 187
20 252
122 199
18 94
200 224
169 250
120 205
108 257
134 186
25 250
137 247
116 144
172 232
90 118
40 187
43 74
189 202
216 226
167 236
153 217
167 241
4 17
3 150
247 259
37 206
69 105
8 54
80 206
10 94
105 244
99 262
40 85
134 258
97 226
51 62
27 112
94 217
95 210
54 145
160 189
162 256
7 83
16 39
37 131
188 220
127 179
164 256
107 250
219 232
120 249
76 106
56 80
151 174
47 88
95 232
182 201
117 207
64 106
153 175
10 43
30 165
7 198
86 249
65 227
20 84
94 131
4 226
98 190
148 172
33 125
9 141
9 130
35 122
255 259
161 178
170 251
147 169
213 260
137 178
156 164
36 184
85 190
96 130
56 61
142 250
209 252
186 204
212 239
168 235
69 97
21 71
41 166
78 178
61 72
43 180
8 247
130 245
34 96
66 246
126 216
166 252
6 166
52 150
13 259
19 208
115 171
21 249
142 236
71 209
108 190
136 237
24 53
31 67
52 194
193 218
182 190
14 101
15 177
145 147
87 104
200 245
67 125
54 252
107 194
145 150
146 234
36 45
28 98
110 168
72 151
113 160
73 136
67 103
43 93
219 254
131 201
62 109
141 168
78 228
109 156
38 41
116 136
86 226
46 197
157 205
77 190
59 202
90 197
42 227
219 233
95 172
116 194
92 178
16 126
29 153
61 240
67 239
83 174
79 225
24 162
60 176
114 133
105 147
258 262
54 222
144 195
102 210
105 164
2 4
83 144
168 201
100 166
175 179
102 253
193 233
81 229
12 128
146 245
107 129
71 125
110 193
36 62
83 215
38 42
167 237
86 183
61 77
96 182
164 172
97 134
87 212
56 192
65 121
0 32
112 195
42 187
203 256
191 194
70 248
2 74
20 180
98 99
109 171
192 236
129 149
12 189
15 155
56 87
47 117
15 96
16 112
5 249
59 92
41 169
82 88
170 217
187 224
56 181
3 41
47 153
24 40
11 58
118 257
69 122
221 249
44 111
163 170
176 223
69 147
13 59
82 170
17 197
161 263
160 186
6 252
68 82
25 101
8 125
162 218
87 165
139 183
75 163
17 124
47 80
83 169
67 143
137 197
33 108
124 209
32 229
125 152
161 166
209 224
188 238
56 128
109 189
20 117
6 43
58 77
198 213
52 215
143 206
131 143
81 137
53 259
123 177
60 151
28 116
45 109
109 176
114 261
81 106
233 254
200 225
21 93
114 225
227 250
32 84
163 169
15 209
162 195
39 49
108 194
122 171
36 118
20 139
40 179
107 236
196 224
180 248
12 212
3 160
172 205
38 232
84 234
191 202
61 172
66 165
4 176
93 161
36 113
29 166
235 236
120 201
208 247
46 152
68 102
121 239
22 241
229 261
81 112
23 69
99 142
14 198
126 205
13 50
2 178
22 248
92 254
174 189
93 110
48 62
253 259
199 216
139 169
245 249
110 253
21 31
31 200
14 146
2 25
79 116
117 189
4 57
105 229
29 221
13 215
129 144
69 218
4 18
51 146
223 239
210 239
154 179
160 244
106 125
65 216
166 243
190 199
162 198
14 216
111 177
125 158
33 167
195 233
240 257
43 173
188 193
17 119
148 233
139 156
8 188
26 230
27 133
43 168
151 252
113 174
30 97
115 224
101 103
138 229
23 165
48 201
185 259
47 219
183 188
100 209
39 208
93 181
140 197
172 178
6 85
19 66
147 171
37 80
242 243
133 160
83 177
55 247
242 248
174 259
0 123
142 203
131 219
152 226
169 236
20 182
124 175
45 156
21 202
39 228
50 202
158 178
54 63
42 108
167 198
14 63
59 258
19 102
9 195
236 245
6 258
160 240
154 245
50 89
54 174
83 248
10 205
85 188
198 244
61 120
113 198
79 94
23 124
115 255
197 244
73 181
109 229
82 248
49 117
49 80
103 261
28 256
12 139
43 199
241 245
173 207
5 166
64 173
261 262
49 52
172 219
211 217
24 84
101 177
80 171
132 139
110 227
116 249
173 248
110 162
14 28
53 139
35 147
105 181
103 181
234 246
106 163
224 234
11 187
128 174
12 204
69 98
163 224
52 66
12 122
46 216
59 95
137 155
196 258
52 184
80 164
29 47
110 124
25 183
20 216
47 259
44 100
109 154
159 171
2 43
52 226
93 213
136 168
80 198
161 212
159 196
9 179
96 243
96 184
51 168
16 130
153 183
77 93
31 259
77 136
60 88
30 187
36 261
17 251
11 228
124 148
232 242
80 262
155 251
37 251
128 138
34 191
181 201
212 234
86 101
26 195
21 180
38 178
48 190
145 216
139 232
26 227
213 251
26 241
61 211
157 233
148 161
123 229
27 54
50 182
158 204
75 248
69 219
98 226
195 201
77 160
89 147
55 121
50 166
58 151
91 124
16 148
166 211
175 239
39 63
67 262
98 156
182 198
22 24
57 114
15 220
67 230
45 257
23 45
129 225
149 260
15 203
196 231
97 201
76 174
150 229
151 163
6 201
60 241
104 177
115 214
151 243
148 217
46 196
54 234
14 128
94 152
78 157
80 103
168 230
68 83
64 263
142 231
166 262
160 214
66 191
82 153
112 263
86 100
95 239
72 113
178 220
97 182
164 223
11 33
40 244
229 255
16 32
249 258
212 224
36 243
25 54
78 248
24 131
19 180
75 114
82 137
102 217
108 212
15 158
123 254
49 245
41 253
2 59
105 144
49 159
39 168
115 242
79 82
80 81
109 261
79 139
28 236
15 236
142 227
58 70
39 239
65 212
26 256
49 241
19 46
23 178
19 32
85 138
16 180
85 234
20 130
213 224
214 232
80 144
98 205
77 98
14 168
25 91
117 247
20 112
95 156
43 195
186 212
87 256
145 234
94 178
73 226
106 250
173 203
8 55
3 217
126 173
62 139
108 160
54 229
2 147
83 231
54 113
34 82
9 117
44 99
126 200
146 189
27 247
148 257
219 222
131 263
136 246
24 74
56 168
112 260
49 169
117 133
64 249
32 125
150 209
103 168
36 252
201 235
56 217
105 174
29 162
116 170
118 254
0 198
147 217
25 85
119 223
49 95
76 205
112 217
34 126
171 180
26 143
82 203
139 181
99 115
193 219
164 208
58 125
11 88
10 244
116 215
119 125
114 166
56 253
167 251
78 223
116 262
42 50
13 130
60 238
65 209
133 191
42 86
9 153
19 214
165 254
70 181
30 155
212 223
24 200
150 158
77 132
62 82
103 152
40 88
118 124
53 220
204 209
132 153
173 195
72 156
51 85
137 140
31 156
123 169
87 262
89 248
78 175
3 241
38 176
55 147
15 218
3 66
108 114
160 201
39 74
32 123
41 146
117 188
90 244
140 201
76 219
19 167
165 225
122 189
18 57
175 240
31 243
83 130
104 121
160 202
107 110
117 263
196 221
33 98
173 209
134 224
107 176
21 197
27 153
34 231
211 256
42 236
197 230
44 228
33 245
66 192
86 163
32 175
123 157
84 202
110 189
25 229
28 67
32 53
42 113
4 147
56 142
36 157
97 246
41 173
40 62
212 232
184 190
17 76
194 221
130 206
21 61
101 153
31 241
130 193
5 231
6 215
17 199
32 89
34 226
104 111
71 89
136 259
257 263
89 115
82 128
151 207
168 249
146 178
79 247
13 49
19 80
158 245
133 232
97 132
58 173
60 119
41 123
14 118
14 140
92 124
103 177
30 98
251 254
159 178
57 149
138 219
123 257
83 216
0 73
101 139
85 225
48 262
8 248
32 185
44 78
22 164
19 110
68 148
232 247
97 178
186 198
132 211
126 240
66 235
12 201
60 216
4 22
142 205
51 244
120 244
36 93
97 232
173 196
215 256
190 221
165 241
118 244
9 129
22 53
81 172
231 254
156 240
127 210
15 221
163 219
179 210
118 182
100 165
20 188
144 184
34 48
68 208
70 81
127 211
111 142
45 260
33 93
95 108
178 226
54 103
38 55
178 246
92 262
97 183
107 173
4 170
52 80
8 38
120 178
68 173
114 119
52 65
158 195
79 198
83 249
157 240
169 177
110 218
155 263
25 129
83 194
175 236
110 161
113 201
188 191
191 205
93 151
73 194
53 164
60 106
44 84
161 167
56 58
70 143
67 202
77 133
98 246
71 80
167 258
39 84
13 171
155 245
38 255
1 44
59 114
82 162
172 258
200 247
135 171
198 218
132 172
9 27
138 245
146 165
209 242
17 116
106 168
89 174
176 242
88 194
9 98
97 135
158 232
75 124
15 216
59 142
154 202
97 233
23 211
89 239
143 248
45 82
13 197
160 167
43 153
15 151
94 221
151 178
15 240
40 165
123 189
54 223
207 256
26 193
9 200
56 195
39 252
28 216
61 95
12 152
14 170
76 259
188 190
36 156
185 186
58 201
12 119
35 97
192 248
52 209
32 127
132 167
7 203
199 228
108 145
167 222
35 151
63 124
45 106
27 48
21 118
16 202
141 196
153 198
152 225
119 207
182 187
121 234
202 211
29 54
11 209
31 145
62 203
83 124
143 187
118 130
159 232
245 250
72 180
83 241
2 203
13 73
30 150
105 109
176 260
187 208
133 142
13 223
64 210
70 184
78 208
190 230
109 240
206 242
193 238
21 221
12 123
160 255
79 90
207 213
128 159
57 246
178 213
13 38
149 191
9 218
25 146
49 121
37 242
81 89
94 136
151 198
58 176
45 168
0 65
95 227
211 220
111 124
58 214
120 199
17 196
73 80
20 71
98 164
108 192
132 145
147 207
129 223
51 172
170 210
54 261
16 222
15 32
151 229
185 255
190 250
66 201
218 251
186 201
112 256
67 166
45 80
35 117
45 77
58 96
75 218
193 214
1 52
23 152
35 99
1 13
60 188
92 212
29 48
180 195
63 242
76 183
5 31
189 248
103 171
84 241
59 148
115 221
43 143
36 98
53 101
196 246
27 155
23 153
103 151
32 51
117 219
61 169
144 170
95 225
117 227
175 184
135 169
41 68
30 51
74 240
49 158
133 136
87 208
84 134
196 248
48 259
101 122
29 124
188 256
107 190
229 243
112 159
112 248
130 141
234 249
28 228
5 104
197 224
145 203
62 96
5 119
206 229
14 129
59 224
74 202
79 132
72 211
1 38
54 238
57 247
50 176
130 209
16 61
137 208
95 196
26 172
124 249
75 187
66 91
96 107
113 206
173 241
130 220
139 145
129 156
68 163
87 131
7 96
1 182
2 188
206 237
53 163
58 74
222 228
116 239
50 147
91 105
74 127
102 231
253 254
122 150
149 219
11 59
153 226
211 230
162 243
51 132
0 200
18 256
26 236
70 153
238 247
70 156
246 251
72 193
81 230
41 231
46 111
15 179
49 137
94 188
58 105
29 186
4 68
159 174
127 170
44 256
210 234
126 198
144 166
70 254
15 63
11 140
99 128
62 127
105 112
151 205
2 173
52 146
129 142
116 148
40 111
96 186
142 247
45 133
124 133
30 230
107 228
113 179
58 94
20 221
78 212
16 176
212 263
202 209
104 217
179 198
46 95
86 148
84 110
16 177
139 160
37 129
16 109
143 172
48 260
111 186
19 177
56 81
14 143
55 146
144 208
38 87
26 128
186 222
80 86
51 129
88 157
42 220
99 175
52 224
47 61
151 230
154 195
153 207
107 199
175 191
59 150
189 233
24 180
178 236
4 232
148 204
10 253
23 253
2 122
25 144
136 258
207 226
17 146
233 261
65 171
93 117
111 152
118 159
107 126
149 153
169 222
157 201
154 192
75 180
159 161
95 164
39 241
149 197
55 260
184 205
175 221
55 127
14 54
123 186
13 28
26 57
33 229
220 242
3 175
69 72
19 134
128 165
24 145
160 262
13 53
71 121
51 110
162 230
28 247
147 177
24 193
19 129
205 247
141 150
168 175
31 78
189 243
207 223
173 194
74 206
164 188
207 247
76 209
20 88
45 171
121 250
2 243
183 260
10 190
23 38
97 157
73 216
116 221
29 96
11 22
23 116
101 107
4 255
2 156
176 207
207 222
9 191
110 144
13 89
168 198
93 196
233 250
171 187
63 143
59 71
21 133
54 128
143 179
93 165
126 226
65 69
79 259
31 185
35 217
3 137
111 141
98 181
224 236
111 173
70 240
20 235
180 217
15 137
102 178
53 141
70 255
171 208
122 165
15 78
182 195
18 73
128 221
227 243
13 35
109 129
41 186
156 257
98 188
112 181
6 13
82 168
32 109
130 188
205 207
48 75
22 238
206 208
111 203
20 207
83 152
90 198
166 189
113 190
19 246
159 217
45 121
144 146
10 102
250 253
8 103
107 192
134 153
77 144
4 228
10 214
171 203
58 168
2 209
174 177
182 256
64 200
174 219
157 176
38 39
62 247
6 259
63 85
85 243
28 207
109 214
154 160
37 232
215 236
45 108
68 90
22 184
128 151
7 65
69 254
125 151
61 107
47 238
72 167
163 221
36 141
108 173
3 50
35 156
115 258
12 45
0 202
91 246
61 220
22 124
110 240
11 183
74 261
20 163
79 171
11 16
52 160
241 251
158 172
59 195
101 222
147 180
170 240
121 247
100 248
81 126
9 44
26 184
83 143
70 79
0 126
135 193
115 220
27 114
102 140
107 160
188 222
126 196
26 153
10 136
13 29
6 56
42 239
21 244
112 137
158 228
97 219
145 161
52 233
75 214
22 56
58 246
113 192
181 249
54 227
9 138
178 235
14 135
145 188
61 133
95 237
101 195
196 205
47 247
18 45
50 229
37 197
91 254
95 177
184 219
198 253
104 204
24 38
40 230
50 172
250 261
16 174
131 168
153 230
213 253
221 237
4 233
107 178
78 100
125 257
113 230
102 115
149 229
30 109
50 91
45 98
39 114
181 221
3 131
81 147
48 233
48 230
148 244
145 214
38 141
172 180
104 113
24 245
60 83
27 253
199 230
86 253
116 149
118 170
42 172
86 235
226 236
187 229
101 111
34 159
173 204
18 193
107 134
48 105
29 112
32 117
209 253
24 82
157 238
2 73
161 181
100 252
4 123
125 199
146 220
194 242
57 202
102 244
160 191
9 19
108 207
13 16
107 169
124 135
4 177
61 228
172 242
20 218
12 105
202 236
17 20
233 241
0 79
73 221
9 56
188 199
4 234
103 158
72 94
24 243
16 246
113 193
12 171
95 152
19 197
12 98
67 198
41 98
81 84
24 55
86 233
24 106
137 261
109 184
77 119
56 157
75 152
80 211
97 172
134 257
173 199
129 211
2 86
2 12
22 226
147 227
94 120
16 150
54 138
38 253
24 173
176 238
66 227
57 233
103 221
198 233
8 23
77 259
13 152
88 210
127 249
32 195
42 241
21 228
58 243
33 186
231 239
147 244
116 151
146 203
25 105
63 145
43 55
37 195
0 180
161 214
18 199
28 41
133 241
47 95
21 161
13 192
40 67
33 201
208 236
14 124
35 255
58 185
26 255
96 160
106 233
105 128
10 154
104 119
153 229
78 203
27 45
101 217
55 232
71 181
102 189
230 259
28 122
144 186
20 85
56 146
196 245
106 161
15 161
22 32
33 70
0 260
18 54
44 230
67 246
16 253
63 75
83 179
164 233
14 107
0 184
24 206
15 62
154 228
116 175
54 134
152 245
2 200
166 193
0 18
113 178
88 233
1 214
133 190
88 165
9 155
221 224
170 183
118 195
36 145
101 129
45 141
60 123
68 216
96 245
6 218
189 262
15 212
95 147
121 122
38 88
78 187
3 220
3 184
90 94
24 141
22 244
27 50
3 248
48 100
60 116
10 165
45 157
69 141
118 210
121 139
125 198
46 151
86 193
17 97
166 198
151 228
52 156
76 118
140 167
71 240
187 226
34 181
67 186
17 84
40 245
32 105
215 255
59 132
26 208
33 83
135 187
98 262
127 166
33 112
110 217
118 236
15 133
90 226
183 258
3 224
3 106
135 186
77 204
19 21
78 104
99 101
131 161
124 225
18 213
50 181
87 158
169 219
100 255
223 237
200 230
176 204
35 159
126 249
128 220
112 178
33 41
135 165
57 203
96 247
102 107
35 153
141 206
48 184
48 179
73 234
225 231
191 215
152 240
9 21
83 253
82 247
63 205
84 211
62 133
72 184
144 228
152 230
55 63
136 187
98 249
73 167
8 205
50 56
150 245
52 196
161 259
45 211
34 198
172 229
47 216
103 218
1 156
3 197
96 103
102 254
9 148
89 190
26 29
157 172
86 214
124 187
22 163
113 157
80 127
87 197
78 193
233 253
192 213
84 194
81 188
43 156
27 249
182 234
98 155
88 174
115 232
55 80
22 102
127 139
22 192
156 242
123 161
62 67
0 3
21 257
124 197
104 128
177 200
61 246
12 99
120 210
62 125
10 117
25 63
129 193
39 145
247 254
165 187
33 190
79 211
27 125
105 184
28 196
53 192
6 125
10 143
206 263
79 231
33 170
61 125
109 190
41 95
1 20
146 180
23 138
74 89
56 221
31 160
31 131
94 257
147 221
149 196
141 172
30 80
28 104
137 251
94 230
108 169
87 152
60 180
181 189
201 257
47 209
111 188
61 144
54 260
18 231
12 87
157 242
83 165
160 219
146 242
7 128
63 215
154 189
6 34
31 88
140 221
159 203
46 56
142 164
191 231
102 160
40 41
28 50
87 251
116 196
221 257
153 163
153 178
146 191
57 61
90 255
38 225
160 218
130 194
101 108
44 154
11 37
49 182
12 237
2 263
81 253
32 67
48 152
25 167
40 204
76 86
25 199
45 241
24 152
82 93
130 244
108 119
162 193
116 214
22 195
188 242
6 62
165 199
23 169
229 249
53 71
70 197
111 146
176 215
245 261
43 97
60 154
75 176
33 196
45 155
134 179
97 133
119 156
92 95
48 161
75 199
7 32
189 237
68 147
222 251
131 198
151 160
174 228
36 241
227 241
36 65
17 58
13 199
236 241
100 205
38 45
35 105
30 211
114 201
31 140
120 232
52 254
147 214
47 85
68 200
45 244
41 147
116 222
63 84
183 219
90 146
7 27
19 23
154 255
84 114
151 162
103 260
1 159
61 114
35 137
117 225
141 177
28 257
10 50
114 256
117 134
33 73
9 213
18 195
13 149
23 123
125 240
15 187
225 248
97 153
25 137
38 147
93 114
53 207
87 95
39 93
49 231
160 185
53 177
106 181
30 35
24 225
173 256
180 190
31 112
227 231
109 194
65 180
61 87
108 258
55 205
83 258
117 251
124 205
205 218
92 188
12 51
119 259
47 48
2 32
154 224
59 241
8 126
125 200
60 105
213 263
162 175
68 259
98 148
89 207
98 251
92 103
66 207
79 122
15 56
39 67
13 111
55 202
70 162
121 131
206 214
99 132
132 258
91 206
191 223
152 203
105 113
206 245
12 74
7 148
1 218
8 50
11 216
105 263
13 121
24 125
90 161
25 208
160 225
154 184
32 112
88 189
181 226
190 243
135 162
111 201
17 228
183 220
229 253
18 249
148 152
2 98
1 4
172 199
151 244
49 119
82 214
174 227
156 160
85 174
200 262
155 236
29 202
72 87
166 170
163 177
153 260
104 188
96 169
65 137
113 191
224 260
86 90
156 180
23 135
17 133
124 165
139 255
14 94
217 262
47 168
70 95
105 213
171 227
202 243
177 201
187 206
4 256
30 185
77 235
86 198
58 181
113 260
72 80
188 223
80 138
27 85
18 101
65 66
183 229
21 164
130 239
42 95
140 142
126 165
101 102
48 53
11 17
49 102
225 236
167 210
111 216
195 213
57 115
57 224
148 256
171 262
134 165
49 145
90 233
20 102
71 97
11 78
54 213
36 179
5 242
29 76
99 228
95 158
148 239
64 68
198 221
92 171
6 35
187 192
71 247
160 223
81 207
95 103
84 181
23 202
94 144
50 76
12 255
33 99
15 172
53 124
56 77
144 223
61 250
110 201
46 202
197 237
150 263
85 148
38 250
168 208
20 93
105 198
58 212
70 112
69 127
114 137
20 171
23 250
199 260
50 210
21 34
75 193
110 176
112 115
52 69
0 23
96 111
187 256
225 244
188 229
1 21
202 241
147 196
156 241
96 257
44 194
17 74
167 184
1 179
65 167
13 120
147 149
203 220
116 159
22 162
8 43
96 191
124 216
1 118
10 29
37 88
233 235
13 255
193 201
18 126
26 83
62 122
12 156
1 191
51 178
66 143
241 242
165 178
53 227
182 240
79 97
238 248
172 238
22 137
3 152
243 244
78 88
65 228
10 99
101 219
68 177
19 70
24 256
146 254
22 27
88 143
58 162
60 254
54 142
153 222
43 118
136 147
44 182
132 260
24 26
33 263
20 22
38 199
92 190
107 167
22 148
190 263
46 250
109 231
208 244
68 199
130 176
79 124
127 177
72 124
6 90
86 211
83 203
53 181
116 182
156 214
15 213
157 200
66 253
46 258
16 182
80 203
38 146
72 81
121 218
10 145
31 121
103 105
181 206
130 258
213 238
20 99
121 249
113 253
192 205
14 259
119 158
89 225
58 219
87 194
157 227
23 24
225 235
10 74
96 109
20 35
80 91
48 60
89 179
48 220
103 205
145 233
53 147
50 245
27 160
98 255
20 152
112 247
115 210
139 185
228 231
92 263
173 263
121 170
18 204
70 127
4 19
115 197
116 209
203 226
88 155
148 225
80 126
38 69
64 196
189 225
155 203
70 73
204 232
241 254
52 81
84 96
162 216
35 55
66 103
165 217
94 128
51 55
20 205
112 191
102 146
34 104
76 204
62 230
131 206
45 164
118 184
133 145
22 199
19 50
106 153
0 226
231 234
189 250
194 202
74 91
130 250
52 251
63 262
44 68
3 40
55 91
39 62
159 263
28 101
120 260
211 218
65 248
19 143
69 167
21 114
193 228
22 216
17 45
64 256
91 128
70 204
131 157
143 207
99 260
84 88
80 113
28 86
99 105
10 248
88 131
6 72
182 215
33 177
14 163
17 143
23 40
110 260
35 228
52 79
11 206
17 246
14 36
132 161
110 177
170 208
194 209
6 211
19 230
30 174
150 250
96 176
60 145
77 163
117 194
55 164
65 225
39 193
32 97
198 208
112 254
93 224
55 110
75 129
61 81
64 157
177 205
177 209
90 149
144 165
24 181
83 254
235 248
14 88
140 246
81 149
22 196
150 204
104 181
70 230
68 98
63 223
163 246
60 113
86 88
76 83
166 251
115 146
90 203
124 171
36 40
14 80
170 236
168 196
130 205
7 25
114 184
226 256
166 207
131 218
124 191
34 256
31 75
96 141
55 203
65 217
119 215
110 208
36 202
198 240
11 27
21 128
96 199
61 137
33 237
68 188
114 187
58 205
129 226
11 94
26 59
24 25
120 196
115 180
131 214
19 158
125 201
30 221
59 116
77 197
205 260
181 198
194 197
109 192
40 140
54 84
89 108
3 192
117 226
228 259
64 165
121 255
163 218
54 124
49 73
49 87
21 85
3 225
248 253
163 215
15 50
55 71
31 148
182 255
9 60
25 123
122 222
75 161
19 233
64 230
188 248
19 93
54 207
51 88
95 102
77 96
232 250
26 37
167 227
157 195
25 222
170 255
83 105
139 162
104 246
31 179
148 218
182 233
12 26
126 169
178 243
157 258
189 245
14 240
251 256
150 227
98 200
144 158
8 124
19 242
45 84
31 93
8 166
39 94
0 43
195 204
169 189
164 257
11 149
9 41
124 224
136 183
238 254
113 122
35 205
193 222
7 99
48 171
168 214
94 147
122 137
45 86
160 170
63 200
40 195
91 112
123 247
21 203
56 158
174 233
41 50
75 255
137 211
37 200
119 254
68 220
143 171
51 223
170 211
186 226
11 69
170 177
113 164
43 208
7 224
38 153
71 114
17 192
92 133
165 232
0 171
27 167
71 103
201 262
87 150
154 181
72 134
246 247
86 95
32 102
162 225
115 152
27 106
122 145
65 109
30 36
21 40
60 89
17 154
74 233
113 165
111 138
193 232
138 249
41 185
99 204
86 248
255 262
13 148
226 238
202 210
129 145
1 15
143 192
42 178
8 184
66 232
171 190
113 177
121 127
20 178
71 177
183 199
178 221
45 107
14 154
18 67
63 210
9 126
39 222
151 199
156 200
27 226
136 199
40 193
5 17
137 218
138 147
18 131
86 229
98 170
44 226
16 70
12 238
43 182
187 214
58 263
99 152
68 168
65 242
179 181
56 159
74 221
6 154
10 111
103 252
89 154
150 155
202 213
54 125
144 185
99 190
97 229
140 207
7 64
5 236
90 108
130 184
63 132
140 212
12 192
28 74
59 208
180 261
53 190
186 210
67 126
12 103
107 182
24 236
150 156
14 26
218 263
28 63
42 49
164 235
27 32
0 235
65 189
95 202
45 58
117 185
18 28
88 224
111 160
100 119
89 222
165 201
201 221
140 176
147 194
253 261
105 116
203 211
59 66
113 212
20 58
138 215
181 255
86 220
78 118
203 235
62 131
30 54
65 163
41 88
94 215
55 244
65 80
3 162
134 261
14 83
106 169
88 95
101 248
21 39
68 215
55 183
149 220
224 248
132 135
7 63
87 132
88 259
22 67
125 150
53 170
10 222
143 148
215 226
131 163
225 250
124 212
58 215
69 226
93 120
39 223
23 95
90 137
161 236
200 222
123 224
42 44
75 122
2 205
212 217
64 246
29 207
75 228
79 206
0 85
60 156
34 246
30 247
219 261
31 80
0 134
13 33
1 207
66 82
70 247
81 219
88 225
24 216
12 253
66 186
149 168
107 224
91 240
94 153
63 121
7 188
12 20
121 243
77 125
138 174
101 262
35 209
103 186
206 226
140 229
4 146
82 254
32 90
32 171
246 257
99 155
218 221
5 194
35 206
3 103
3 253
62 261
97 116
141 146
112 192
61 101
49 184
139 199
101 204
111 211
247 263
36 253
65 202
21 45
68 70
55 261
57 204
58 189
38 171
61 143
21 37
205 248
135 203
76 195
24 247
24 133
211 240
104 243
124 167
53 215
2 6
22 105
5 214
128 208
61 206
174 231
32 164
57 227
56 178
182 220
22 109
20 26
32 80
71 215
126 179
47 83
223 254
31 60
1 128
22 210
29 232
104 245
3 219
58 61
215 239
32 183
73 102
152 153
175 262
43 63
62 134
181 214
11 156
48 185
121 201
98 244
24 209
154 212
31 94
63 203
37 248
102 161
23 70
108 250
68 71
143 237
112 199
75 238
43 80
20 260
143 188
67 108
63 245
12 117
114 231
203 248
49 79
83 191
130 191
48 238
14 230
204 226
94 210
23 113
34 200
65 253
105 200
24 234
225 243
123 221
23 248
45 129
88 197
106 155
162 171
46 131
23 176
55 195
27 256
42 261
88 190
102 110
150 195
123 166
15 261
8 102
46 203
138 210
186 200
54 151
61 242
129 235
13 17
104 250
198 222
118 196
129 208
23 247
21 147
12 81
206 217
82 123
127 193
66 167
29 239
82 196
122 217
172 243
132 201
111 127
35 81
25 260
59 124
16 121
86 118
27 170
39 48
93 121
70 215
147 258
88 97
96 255
17 245
69 201
0 185
4 182
70 164
50 61
22 261
71 263
139 254
99 209
83 209
111 165
21 55
10 101
84 107
95 114
74 207
187 191
214 235
10 225
51 197
40 63
109 127
150 191
20 200
195 251
62 207
41 120
46 209
54 100
149 221
13 100
61 74
96 238
213 216
139 149
55 210
124 228
119 197
22 86
106 147
118 129
68 137
1 30
36 244
102 194
78 84
78 258
2 260
92 106
112 151
33 203
60 263
110 204
16 242
207 235
39 69
105 185
153 257
1 141
16 261
42 175
107 225
56 104
56 132
210 227
102 119
108 170
78 122
86 152
23 171
49 256
88 128
109 244
72 152
85 175
46 108
210 249
22 180
25 189
125 214
68 99
26 261
40 221
80 246
9 214
42 151
82 190
238 241
33 48
152 220
11 254
119 196
16 27
96 251
26 181
78 262
4 180
208 256
121 236
135 176
160 220
8 231
29 223
29 262
28 160
43 161
84 85
123 220
21 143
65 215
9 174
88 244
2 110
152 212
139 182
17 240
101 155
28 140
49 143
11 45
69 262
28 243
44 45
58 158
246 256
91 226
28 83
113 258
85 139
8 148
16 204
71 178
84 158
208 253
136 252
115 213
56 175
3 144
2 214
35 234
82 149
14 235
245 260
200 235
97 151
78 80
229 241
40 60
30 228
85 147
41 214
119 163
174 194
98 151
16 172
85 90
24 65
133 262
121 238
118 227
37 128
31 166
36 122
26 86
38 209
143 244
56 222
80 216
119 170
53 185
98 179
188 254
7 200
1 248
116 232
37 161
87 188
164 250
185 260
201 216
13 84
49 148
195 257
31 87
222 256
123 188
3 176
13 195
12 136
11 144
35 54
143 166
85 100
166 199
58 120
61 247
22 181
139 166
182 204
27 109
6 32
78 117
59 185
107 122
44 138
47 263
75 110
161 231
48 84
197 263
145 248
114 115
120 172
169 200
116 121
6 244
160 245
20 37
97 204
87 117
181 196
88 103
59 190
69 223
0 201
110 191
50 132
77 159
88 98
7 232
25 117
108 196
24 171
70 187
19 103
204 249
37 116
165 171
14 258
20 118
87 100
17 61
184 256
12 200
10 120
104 206
0 107
42 125
58 113
3 208
66 156
163 236
45 262
207 255
104 167
43 66
45 258
85 86
13 134
53 68
166 175
54 68
194 226
15 193
119 142
88 215
30 200
56 228
86 105
30 113
74 180
158 250
30 240
51 97
55 61
143 197
158 257
26 32
189 260
68 105
93 187
241 263
71 136
148 235
0 150
102 221
96 227
85 206
89 224
56 180
35 53
59 229
84 212
208 255
23 162
185 196
199 200
22 175
56 229
46 246
128 153
4 90
105 168
135 215
38 165
169 202
44 180
63 108
4 37
155 162
67 72
158 253
113 184
173 190
129 143
108 253
42 65
86 131
39 56
188 205
228 262
118 259
154 172
151 176
45 186
27 195
187 232
74 193
38 100
123 139
106 213
68 242
143 203
39 244
227 257
123 256
168 184
94 211
145 246
102 151
61 192
61 141
140 168
22 45
31 159
182 237
12 235
33 246
43 159
53 180
63 178
45 225
83 110
174 262
16 128
60 157
137 163
31 161
190 195
76 251
45 166
100 167
105 179
245 246
17 175
128 163
139 196
152 174
12 249
111 197
145 200
9 106
149 213
206 225
38 179
79 107
80 229
23 175
143 245
37 238
71 244
113 140
83 240
202 232
30 134
90 191
121 242
12 58
167 234
37 83
185 247
6 197
134 227
77 135
186 205
54 55
39 255
12 244
73 135
126 160
121 245
11 118
40 100
5 68
90 128
11 193
89 230
104 105
128 255
104 240
146 251
97 190
108 218
179 251
35 168
64 241
23 194
1 253
193 230
42 136
160 258
26 95
145 186
142 194
7 179
117 139
86 155
16 179
39 195
76 92
152 159
118 251
10 260
12 180
17 242
123 235
172 188
125 243
16 67
172 236
42 243
176 202
35 146
113 243
32 238
7 73
12 101
70 93
33 71
159 247
127 194
85 241
71 235
26 164
139 237
40 75
156 189
54 192
77 178
171 249
13 144
17 32
130 155
8 111
171 228
31 122
49 226
127 228
73 170
216 245
19 160
19 139
52 206
103 174
46 133
9 100
64 227
240 254
78 109
151 153
153 256
59 81
74 79
6 20
87 121
22 235
91 202
62 199
142 219
210 211
82 134
79 193
83 172
239 261
2 187
194 232
27 246
77 262
76 247
69 194
71 164
120 221
25 103
2 230
13 243
54 202
16 250
70 161
102 256
73 141
32 113
50 237
194 240
23 115
49 227
56 103
11 117
15 48
7 62
56 64
48 164
162 228
41 119
71 172
116 131
87 244
9 95
141 245
162 185
29 216
139 221
166 257
11 235
44 161
162 249
140 231
10 131
97 148
12 90
53 80
118 225
57 138
206 248
67 160
96 236
38 218
33 87
125 169
135 218
59 246
39 68
65 183
31 215
101 146
51 125
181 257
24 58
89 263
63 99
59 174
66 130
23 260
68 142
29 34
99 183
24 182
142 184
33 132
0 80
10 211
214 251
5 46
54 166
226 252
11 60
67 231
31 212
181 252
151 240
10 138
221 222
125 206
76 244
134 259
3 107
57 84
148 263
135 228
165 243
36 148
136 137
59 85
128 252
121 248
164 228
52 56
51 256
111 112
136 235
75 95
135 174
110 210
100 112
142 262
142 195
30 237
123 134
148 236
60 150
3 69
110 249
2 244
216 234
98 133
154 178
77 182
66 254
101 106
190 218
194 216
10 87
38 188
143 211
226 260
222 242
41 116
35 161
70 101
193 194
180 212
142 156
52 238
84 253
98 258
58 239
78 242
32 63
53 186
133 170
50 243
86 159
10 55
156 225
32 194
65 144
183 191
34 153
149 235
55 104
114 194
80 170
211 221
178 199
44 258
12 34
35 245
142 228
59 230
86 142
179 211
157 219
108 263
145 229
40 123
73 183
113 238
158 200
45 143
165 195
21 105
62 164
133 148
34 178
28 124
64 184
155 238
231 240
72 251
38 210
177 241
2 194
64 167
137 167
73 188
100 201
51 159
65 124
57 238
69 155
92 141
67 227
44 202
27 58
136 242
70 182
75 172
88 127
126 247
114 223
138 158
27 190
26 75
157 189
207 225
89 141
160 192
36 84
21 28
17 205
175 245
116 191
146 211
44 246
47 198
76 225
105 249
126 219
9 93
54 159
37 74
125 191
203 260
10 226
167 173
66 116
19 125
28 148
31 59
35 62
25 127
28 215
14 249
59 127
171 199
26 217
8 223
180 231
157 197
11 23
178 254
98 199
241 257
121 125
180 237
33 218
9 258
121 178
235 261
202 260
149 225
97 104
46 99
111 210
83 228
177 240
184 209
13 233
63 140
151 201
153 249
57 117
5 64
187 263
29 69
192 220
235 258
48 229
99 210
60 194
3 64
104 146
47 112
103 162
45 51
93 146
122 159
5 53
159 166
133 177
89 132
181 233
81 226
163 193
36 39
81 176
59 212
147 252
146 177
73 131
47 262
76 130
57 167
154 169
127 182
143 158
155 222
112 239
117 167
92 135
203 214
172 183
94 155
230 245
30 99
9 215
31 114
55 194
48 242
54 97
214 241
168 177
111 135
122 240
125 241
138 185
93 195
10 192
33 191
11 226
140 174
18 98
159 189
62 217
65 158
57 191
9 71
80 258
134 159
20 177
80 162
136 201
38 240
101 164
47 204
59 151
1 258
46 167
12 84
166 180
20 225
59 140
141 215
66 236
137 238
151 197
8 251
115 151
83 195
213 239
181 229
39 172
43 221
21 125
64 126
67 178
48 59
29 106
21 219
134 248
181 231
95 163
23 217
105 162
25 48
22 245
27 91
172 195
45 181
25 192
35 237
5 219
193 243
80 161
64 117
215 228
102 172
40 183
66 114
22 35
72 136
117 249
0 161
229 263
3 86
64 77
28 150
36 176
78 198
73 112
32 192
56 242
2 199
157 209
64 163
196 217
132 175
156 261
127 202
8 241
14 208
79 108
11 225
112 227
27 135
21 73
72 178
127 180
152 224
211 228
88 134
107 145
55 200
105 167
120 128
95 178
116 220
52 168
17 40
5 45
71 132
132 222
57 242
95 135
37 176
100 204
145 261
79 140
50 92
82 252
37 192
46 212
36 153
158 238
52 149
160 190
24 80
20 223
22 185
43 176
90 230
200 243
153 160
34 68
29 251
76 181
115 254
60 165
11 160
15 98
48 256
68 120
83 222
35 40
98 137
231 255
15 197
40 258
111 182
44 242
176 203
183 203
29 156
108 252
57 108
34 251
120 246
154 201
173 216
106 236
14 156
88 213
99 186
189 236
172 211
141 250
148 219
98 126
10 258
45 47
13 146
80 182
133 193
52 142
61 91
51 173
207 210
76 166
68 159
135 142
30 143
149 223
141 254
66 211
210 245
1 68
207 261
112 164
149 183
46 119
66 133
229 259
82 186
45 104
128 230
21 104
48 127
68 181
221 225
193 216
80 108
2 104
169 204
24 41
57 116
6 254
5 159
184 203
157 230
134 206
216 227
124 142
24 199
41 189
14 169
159 244
41 159
226 246
65 211
58 203
127 158
96 104
66 150
14 164
151 193
55 106
12 46
12 246
123 218
71 219
1 29
171 215
7 81
185 208
15 24
89 102
75 173
217 233
4 115
151 185
89 159
2 24
54 184
42 132
111 113
56 249
19 254
60 141
142 183
45 199
135 259
93 100
77 148
77 172
149 166
36 72
28 193
7 233
18 129
186 239
126 217
106 122
27 185
205 250
13 181
53 222
182 210
113 221
7 169
19 28
101 212
236 242
18 236
108 109
111 236
89 90
43 92
123 252
47 161
70 147
54 168
61 234
104 185
112 237
29 179
13 228
38 177
89 210
43 140
90 145
84 201
3 158
150 217
216 223
24 259
15 211
139 243
137 158
226 247
16 95
20 32
87 210
37 235
6 117
170 234
18 189
174 179
91 140
169 254
111 229
46 68
86 177
113 129
97 136
11 62
33 215
86 170
85 98
46 58
118 202
22 227
103 140
23 145
159 240
71 157
110 173
26 53
92 151
124 125
64 156
71 99
73 125
30 214
0 131
204 256
54 91
103 184
216 235
80 183
79 163
144 164
50 114
26 136
115 237
103 123
23 256
43 207
55 140
0 206
53 168
55 62
113 257
175 243
62 167
100 143
33 120
210 220
78 95
125 153
133 230
112 258
232 258
17 216
108 155
17 137
170 176
143 226
117 181
181 199
85 123
145 182
112 175
122 190
15 153
1 93
9 108
75 183
59 199
102 192
150 203
154 182
104 238
83 190
101 210
199 232
55 92
64 128
155 205
2 137
75 87
75 94
111 248
25 38
84 154
152 236
9 52
128 171
33 262
3 44
17 50
5 77
65 79
52 210
44 181
138 155
108 206
48 64
172 246
32 170
139 247
124 170
242 246
26 35
185 239
18 211
235 262
86 261
4 208
211 243
169 229
14 181
14 256
205 214
189 223
66 100
71 204
27 94
19 240
141 142
149 198
113 199
73 122
102 186
93 131
18 89
16 42
127 244
131 256
93 237
5 134
7 80
65 199
67 139
31 109
67 137
63 103
59 257
4 30
60 139
55 58
24 70
34 216
73 152
245 252
88 113
155 180
34 225
45 67
103 211
234 243
42 167
138 194
71 258
70 102
156 157
62 107
61 108
88 152
80 139
47 154
94 154
74 196
28 136
18 31
190 217
1 120
138 262
100 227
101 255
17 183
166 179
119 237
187 246
96 174
132 189
211 232
84 163
118 150
53 115
58 65
28 198
66 83
209 251
106 200
78 185
81 184
37 112
223 251
48 160
14 50
11 180
213 262
129 244
224 237
67 222
83 84
42 146
235 241
98 171
19 67
33 236
157 204
245 256
123 249
205 245
53 103
59 79
72 157
123 259
0 143
57 78
84 222
141 167
65 241
138 254
66 159
4 155
221 244
194 261
111 136
32 36
34 113
26 129
36 201
100 104
63 167
50 94
183 186
6 93
14 262
24 119
163 232
91 102
79 177
86 125
103 222
138 146
109 236
86 230
122 237
8 160
1 76
0 255
50 108
52 227
165 213
83 178
24 36
103 122
52 165
8 158
93 208
12 22
54 198
35 76
189 218
87 192
18 254
133 161
144 153
2 241
59 220
30 38
145 230
72 120
56 83
228 246
113 234
188 196
14 98
41 206
162 186
40 154
173 251
43 187
114 211
112 182
18 76
116 245
51 68
0 59
223 229
3 117
143 209
132 180
131 221
111 246
27 210
3 236
119 188
2 238
5 6
12 158
133 234
26 197
138 206
85 135
24 187
91 261
3 232
130 192
55 181
28 262
137 229
118 228
212 256
239 263
