269
4
7930
60
250 2
269 2
352 2
344 4
151 2
243 3
432 3
426 1
98 4
319 2
419 1
163 1
183 4
311 1
212 2
176 1
264 3
299 4
388 5
140 3
167 2
277 1
142 3
131 5
311 2
386 1
248 5
326 1
97 3
395 4
357 4
358 1
167 1
331 2
184 1
169 2
366 5
300 1
111 2
222 4
112 4
98 2
170 4
140 2
189 5
102 2
236 2
392 5
355 4
243 4
198 3
192 5
247 2
177 2
165 4
345 2
403 2
110 5
239 3
243 1
312 4
178 2
165 3
169 1
262 2
416 3
331 4
103 2
282 5
334 3
328 2
136 4
180 1
156 1
403 3
251 4
136 3
242 2
232 1
411 3
336 5
116 3
163 4
314 2
355 1
281 5
168 4
237 1
156 1
262 3
209 4
263 2
355 5
240 3
297 3
243 2
206 2
430 4
239 5
278 4
293 2
104 4
249 1
150 4
335 4
270 3
287 5
255 5
128 1
110 2
233 5
335 3
388 3
272 4
279 3
366 3
254 5
406 1
386 4
161 4
335 2
284 1
390 2
130 3
137 4
123 3
280 2
335 3
334 2
202 4
251 4
315 1
134 5
181 5
342 3
305 3
379 5
98 2
297 3
146 5
191 4
404 1
255 4
379 5
358 5
212 4
305 4
280 2
123 4
153 2
243 3
205 4
271 3
176 1
292 1
114 2
176 1
203 2
126 3
179 3
339 1
182 2
247 2
138 2
195 1
395 5
188 1
179 4
289 3
359 2
270 3
144 2
356 3
218 4
115 2
217 5
374 4
107 1
280 2
275 2
238 5
100 4
203 2
151 2
246 2
98 3
399 4
399 3
393 4
125 5
158 3
333 2
342 5
329 4
403 4
247 4
402 1
117 4
377 2
416 2
252 1
216 4
334 3
129 2
377 4
163 1
138 5
339 1
333 5
158 1
329 3
209 2
288 3
299 1
193 1
146 2
276 3
230 2
99 2
364 2
293 1
196 3
224 4
217 1
244 2
412 5
155 3
199 4
382 2
277 5
390 4
362 2
235 3
268 1
236 1
198 4
127 2
168 3
233 5
131 5
301 4
252 2
404 4
219 1
363 3
287 1
423 3
292 4
271 4
387 5
151 4
433 3
153 4
238 5
91 3
129 3
384 4
388 5
400 3
225 4
354 3
370 3
420 4
195 5
266 1
221 1
413 3
214 5
302 5
49 175
7 94
162 178
179 225
131 141
133 167
115 201
130 207
38 125
79 155
205 210
142 183
36 184
202 254
34 182
152 180
35 267
70 214
42 107
64 116
136 220
10 191
33 136
206 261
55 261
172 220
157 242
17 183
147 190
126 260
110 221
123 255
171 190
33 199
133 168
189 217
29 88
76 127
120 188
19 47
51 63
12 75
64 128
44 46
38 162
47 175
10 15
88 188
41 54
166 254
27 207
207 223
118 129
5 103
21 38
21 213
141 172
57 181
9 22
26 203
82 102
98 234
42 184
72 114
122 159
13 133
161 203
85 215
42 181
23 160
80 162
171 254
48 173
33 77
7 142
10 228
24 65
118 223
94 204
37 207
146 220
96 252
71 115
88 233
15 191
161 240
4 170
115 146
27 57
49 257
46 112
148 182
81 207
150 238
97 247
145 255
33 253
55 60
65 90
225 268
150 152
93 118
196 256
46 173
44 126
101 187
43 207
8 33
35 224
62 160
97 158
203 263
190 211
11 27
18 137
214 251
140 242
165 219
182 225
53 67
214 220
90 229
37 158
32 170
184 218
150 260
16 157
88 225
58 105
74 161
184 200
12 161
235 242
82 263
31 266
24 266
48 143
112 136
67 169
3 231
105 121
6 143
2 156
68 221
50 104
199 223
110 129
75 111
91 223
225 251
20 174
132 246
142 237
47 263
19 24
48 133
134 167
164 265
10 33
173 222
58 62
30 91
54 187
132 190
175 217
23 207
80 181
169 246
113 239
125 186
124 128
206 242
9 212
164 167
135 144
42 137
93 262
30 183
146 183
176 183
6 204
80 228
54 214
117 254
200 245
14 115
36 198
39 58
176 224
97 257
0 239
110 149
37 104
44 168
4 175
14 117
47 86
192 226
58 132
9 217
20 144
16 178
67 85
26 147
21 249
3 127
23 64
133 249
254 266
56 250
100 186
40 121
75 218
77 178
18 179
83 192
188 266
37 62
94 180
63 82
212 221
153 258
61 100
70 208
56 185
38 129
24 242
6 122
56 218
8 41
185 223
43 200
28 263
3 174
28 60
106 217
83 259
97 250
220 260
181 221
44 172
124 218
129 238
182 183
139 227
24 37
137 266
50 265
64 113
14 169
38 41
77 130
154 200
180 255
29 166
98 143
122 258
88 126
123 212
103 226
51 262
31 152
11 35
5 165
6 207
49 141
130 150
167 257
0 132
208 242
118 168
88 153
57 113
158 218
124 220
49 148
33 215
26 236
43 134
131 217
76 142
115 118
49 168
73 140
61 203
168 173
87 96
101 201
220 221
130 159
2 155
17 122
210 251
235 240
94 222
229 262
174 217
83 101
16 171
125 209
86 130
191 233
25 190
48 86
20 82
11 59
176 246
52 198
167 171
88 196
137 197
17 94
76 128
161 202
74 215
7 186
64 123
50 178
138 200
107 190
37 49
71 181
91 122
39 95
25 249
167 203
117 249
82 241
46 49
169 175
63 149
110 227
26 133
126 161
65 97
78 207
29 32
47 221
80 241
3 185
14 49
75 156
92 241
18 182
168 233
38 187
24 44
79 245
76 132
141 254
24 149
18 113
77 99
58 82
96 246
26 175
59 165
83 230
89 127
218 260
139 206
117 200
155 211
56 267
186 201
48 230
102 223
145 146
88 119
147 219
92 213
120 222
197 229
1 144
57 171
75 182
59 229
72 86
72 264
74 89
54 203
191 207
28 137
141 244
130 217
175 211
68 157
24 71
128 161
59 172
38 132
2 143
118 154
5 187
93 96
87 184
243 261
118 152
111 177
54 212
138 233
87 200
1 265
52 108
50 154
2 137
26 84
85 156
59 216
86 169
163 226
157 223
65 191
185 254
124 233
145 259
161 209
167 217
106 239
52 205
61 170
33 84
164 187
143 177
54 96
95 162
66 267
147 148
27 236
149 194
83 201
7 102
30 187
39 268
83 151
20 177
199 213
112 232
20 267
215 246
189 264
53 144
117 257
165 225
80 233
99 188
46 246
12 66
99 209
148 203
234 263
128 198
57 115
94 141
192 256
75 230
131 190
68 82
9 190
188 225
31 212
169 213
205 220
65 190
101 265
45 76
26 266
117 201
35 94
84 268
39 221
87 250
201 219
76 156
200 252
110 252
71 204
86 132
19 231
95 147
182 229
100 230
80 132
66 139
192 209
4 141
48 199
41 183
214 259
20 197
115 184
41 73
67 94
50 182
117 251
79 121
45 60
26 218
57 225
109 153
54 182
36 80
54 225
160 255
68 215
133 140
51 84
56 217
33 194
0 240
13 175
24 58
248 255
144 203
109 241
32 50
196 217
143 256
110 217
82 170
24 82
79 171
145 244
154 217
154 158
124 125
58 100
17 114
40 106
250 268
77 180
181 210
30 137
44 184
105 123
63 88
7 68
3 207
182 236
49 198
143 215
173 219
64 114
205 231
194 199
153 203
25 235
209 218
68 227
7 55
36 146
69 121
66 257
169 261
126 264
84 131
61 227
165 209
158 209
11 197
78 218
18 174
197 210
51 164
247 268
99 118
51 200
110 176
180 195
29 228
225 236
18 225
7 222
23 70
186 206
93 210
17 179
33 91
79 135
49 241
50 100
88 100
167 256
187 208
51 67
104 154
43 151
41 117
22 48
177 184
66 87
127 248
141 218
21 30
86 127
40 268
120 162
127 141
135 230
48 131
2 76
16 255
19 263
30 107
61 248
124 260
171 253
113 182
77 89
242 244
34 227
9 193
32 176
3 24
134 199
97 143
6 10
57 206
53 168
93 177
125 251
63 189
59 130
23 56
47 80
164 231
16 174
77 148
21 85
92 120
186 249
70 197
182 190
216 266
196 226
123 148
195 224
180 199
15 171
70 229
43 70
14 56
104 125
154 187
11 65
20 32
120 201
204 241
56 145
28 255
176 249
25 148
80 144
51 189
108 216
35 162
66 193
61 188
34 260
181 258
158 224
40 254
41 239
166 261
60 177
110 216
104 109
44 256
122 215
63 220
27 102
112 214
142 235
10 207
8 180
77 153
32 161
238 263
102 150
163 249
41 69
115 210
205 212
65 98
122 135
65 76
0 207
109 182
111 238
119 262
14 243
120 259
2 139
65 150
52 55
68 256
24 55
116 132
166 170
94 186
52 225
11 91
108 211
151 158
262 263
20 255
105 248
131 147
51 224
37 263
65 85
119 182
62 240
22 223
0 237
55 163
1 149
72 147
26 73
119 201
53 60
191 248
169 195
37 60
30 40
66 77
78 260
199 250
139 170
92 114
83 205
32 47
63 198
148 158
174 263
43 69
172 184
79 129
160 212
83 125
191 249
178 194
193 258
97 153
174 268
26 59
152 242
37 240
59 221
89 241
29 74
74 120
135 237
151 249
95 180
119 229
76 191
21 225
30 226
19 130
57 199
233 250
24 194
55 195
51 191
52 153
121 221
22 74
135 165
120 183
92 252
78 105
82 108
98 165
21 27
116 133
174 249
66 213
132 152
181 243
19 210
30 244
133 137
84 160
4 80
38 205
89 167
139 264
21 125
78 120
122 266
46 232
11 126
151 169
10 252
86 90
62 158
85 153
181 226
154 247
37 111
2 210
99 168
49 54
129 198
9 67
6 246
9 11
105 160
69 211
61 65
66 145
197 213
86 128
15 43
106 155
33 209
121 150
27 240
202 244
67 226
173 203
228 264
52 218
143 171
202 262
181 257
9 46
129 142
90 141
7 176
34 226
26 45
153 268
98 245
185 201
102 136
45 125
22 194
142 264
44 240
97 201
39 163
115 254
167 249
28 40
70 247
11 43
65 172
112 262
12 72
162 204
88 106
78 261
149 176
51 202
111 119
89 213
129 146
74 167
178 218
126 248
184 239
163 189
132 211
24 204
20 257
70 255
182 213
68 252
217 240
108 117
82 179
115 191
32 60
83 233
205 244
43 108
112 166
73 268
77 213
61 101
36 101
100 211
48 166
18 168
80 268
114 131
36 171
142 159
101 119
128 160
27 184
29 260
76 213
82 129
74 107
18 84
122 124
68 168
231 245
44 124
222 225
41 156
76 223
56 179
46 158
123 149
234 240
116 234
101 180
111 258
248 252
171 177
57 228
88 205
16 115
88 165
118 141
27 225
231 240
139 204
95 119
45 47
22 189
159 229
93 176
9 51
30 143
166 202
167 260
149 206
32 40
84 224
90 144
88 243
70 210
92 133
36 120
12 71
56 57
136 265
11 73
151 166
69 257
26 67
51 136
22 254
87 237
204 253
27 179
80 104
160 245
97 161
140 256
4 100
117 183
58 210
21 42
193 259
223 255
88 160
70 163
223 249
30 168
219 230
105 145
134 136
10 184
74 206
20 164
34 55
52 131
2 236
80 222
144 175
247 255
223 265
44 113
7 178
14 21
129 192
38 137
122 185
10 28
27 36
240 257
176 208
15 41
168 251
88 189
50 259
157 220
3 70
129 167
69 206
22 199
85 126
137 201
12 42
6 256
22 100
5 61
127 157
105 140
77 114
65 143
33 165
117 160
33 116
172 230
130 140
5 156
4 238
5 120
177 254
8 108
124 239
84 162
75 140
148 214
15 226
42 87
97 168
15 220
252 254
94 134
159 168
162 227
3 8
21 170
109 181
73 109
118 160
40 110
116 260
68 186
54 125
95 116
132 176
94 99
94 138
28 103
155 240
7 141
93 158
210 230
116 129
5 168
2 25
53 55
8 201
51 226
57 253
148 239
51 158
31 53
183 229
7 224
60 219
55 67
134 246
149 157
29 85
24 105
39 97
177 228
90 115
23 196
51 79
75 98
61 158
45 176
43 124
37 109
81 250
20 120
47 242
89 267
10 67
37 152
105 109
124 261
144 201
188 243
42 191
129 134
162 185
157 232
172 186
21 119
220 242
15 90
145 201
96 191
62 81
127 150
147 260
77 193
141 204
214 219
128 174
209 253
114 215
95 253
52 63
180 240
167 232
161 252
204 251
141 197
41 95
24 94
53 139
37 264
134 163
72 109
38 178
33 190
238 243
142 225
72 159
168 243
16 44
112 203
56 166
78 133
76 186
68 178
241 268
195 206
34 59
197 252
85 169
192 202
199 239
36 108
21 142
12 87
30 257
112 224
66 168
5 131
178 265
60 65
4 227
3 153
105 262
54 153
96 256
214 256
181 187
24 233
56 97
242 266
44 127
82 206
180 193
74 134
188 235
5 128
23 240
8 173
76 262
7 98
35 139
67 79
31 238
53 228
128 146
122 176
161 171
42 74
30 110
156 266
139 246
95 112
162 166
205 261
43 199
202 268
64 121
14 76
199 235
157 209
34 145
66 179
135 198
97 100
155 216
83 178
110 111
242 255
20 48
158 260
51 116
1 69
209 247
174 208
113 212
44 198
32 129
3 72
21 126
132 186
73 255
29 145
85 155
3 136
44 146
131 188
140 215
115 246
85 128
115 224
90 181
179 249
32 221
27 198
126 206
17 34
75 203
45 133
73 249
47 87
107 132
16 202
127 163
22 195
59 190
41 260
27 202
250 260
22 32
228 235
78 161
222 255
37 146
21 162
6 71
14 60
109 216
161 261
50 111
29 76
34 116
12 153
48 151
209 210
61 86
33 62
6 8
95 257
37 172
51 261
57 233
74 225
136 137
82 116
68 90
201 214
78 246
99 125
54 241
9 131
32 166
135 212
26 138
191 224
222 224
135 190
121 217
50 168
23 214
7 45
184 213
13 113
46 190
117 171
119 222
200 258
58 268
126 228
44 204
120 234
34 114
144 256
59 180
141 261
53 174
16 263
32 212
35 50
259 262
230 263
136 226
20 268
103 200
41 77
38 195
74 178
29 238
8 250
11 211
78 214
71 158
149 251
41 119
79 105
75 148
96 255
1 70
70 109
161 182
64 92
31 261
165 196
223 268
40 73
38 184
172 231
54 129
66 108
121 186
184 231
85 204
92 217
93 168
212 220
211 255
172 187
8 181
197 220
63 260
6 177
57 83
175 230
6 103
46 208
120 246
90 110
73 247
36 117
73 117
71 141
180 263
17 247
123 176
21 23
210 227
73 225
133 227
183 247
249 250
47 66
192 253
37 80
196 211
69 185
227 265
96 125
183 222
120 128
125 215
134 157
127 243
30 233
122 240
57 108
19 146
104 223
24 83
60 206
41 211
190 268
113 155
151 231
58 211
120 232
25 109
169 214
98 112
142 187
8 162
195 196
71 155
46 71
38 216
55 152
127 181
26 209
90 145
72 74
189 253
144 193
77 216
20 178
28 35
154 192
121 147
183 226
230 253
36 52
48 240
25 94
176 178
50 191
23 59
123 178
130 246
184 241
179 235
81 93
188 197
31 94
187 230
73 98
80 170
50 127
18 82
4 72
104 239
109 160
27 63
6 136
31 63
40 85
31 99
91 182
174 213
12 103
45 50
44 210
98 187
33 81
50 253
71 186
150 167
84 257
19 122
33 112
41 210
44 247
164 207
20 28
203 225
164 248
37 59
141 153
51 246
34 141
21 40
30 70
103 221
58 66
95 106
29 168
131 210
124 172
62 99
217 234
8 65
180 205
110 211
68 137
60 134
149 209
115 175
110 174
21 180
36 183
24 253
106 144
78 210
7 125
226 228
29 126
241 263
44 128
48 97
5 55
33 121
156 221
42 186
128 255
19 100
54 133
137 154
145 264
58 250
143 226
49 84
121 191
0 263
40 225
38 100
55 103
153 256
143 235
72 181
73 258
13 69
31 195
62 111
81 90
188 259
52 88
99 258
9 235
210 244
213 249
53 195
123 169
101 200
1 94
15 87
84 145
101 178
75 240
44 92
121 136
132 144
127 230
46 176
75 143
67 194
121 268
19 182
31 263
118 128
72 263
66 173
99 255
106 163
143 147
38 193
42 232
1 185
9 107
101 125
51 92
27 249
100 209
126 202
116 195
30 264
160 200
32 119
81 162
12 117
109 178
225 229
181 265
16 136
81 103
128 231
92 125
183 186
158 251
55 175
121 149
90 216
201 245
131 209
103 252
72 246
50 208
75 169
149 162
164 211
45 189
180 216
235 247
89 95
13 227
132 160
114 227
128 192
114 167
82 235
76 247
44 254
79 241
219 228
164 260
97 123
71 200
9 35
213 216
71 146
50 242
11 201
46 109
214 250
56 162
74 157
65 262
206 252
30 34
145 237
70 182
133 245
48 190
114 116
49 123
41 104
223 243
30 259
52 251
124 185
40 150
15 225
96 206
91 163
118 253
99 264
142 197
141 217
80 192
83 115
21 89
58 91
20 222
18 79
107 234
8 150
9 111
12 148
123 256
150 241
27 206
83 147
55 61
101 137
161 183
87 209
193 208
4 150
145 222
21 172
105 212
58 65
149 202
159 191
102 218
41 140
40 236
15 256
55 130
50 109
250 254
205 250
174 196
102 121
6 65
5 215
137 268
71 121
92 147
111 193
23 103
81 235
151 243
247 252
114 220
52 188
129 221
115 129
24 202
56 135
231 253
15 126
148 187
28 190
37 247
120 146
28 244
83 252
119 236
187 220
75 86
90 171
102 145
32 191
14 202
60 168
68 93
220 253
13 268
0 247
38 63
117 212
72 251
128 218
102 169
74 198
38 191
97 232
128 258
11 127
82 232
112 205
30 262
44 85
79 162
165 220
229 237
7 140
16 256
51 171
31 104
60 151
135 168
63 241
37 96
162 203
132 213
204 208
162 199
50 118
126 266
29 250
3 65
93 203
120 135
42 142
77 118
186 190
114 125
159 267
211 215
39 63
193 228
82 219
0 86
103 220
127 186
29 206
118 138
107 227
2 37
81 123
130 242
2 126
73 224
10 236
55 142
9 12
25 180
224 255
178 267
228 251
137 210
109 144
132 220
39 236
29 133
86 209
19 268
205 228
102 122
179 239
22 154
70 72
108 182
192 194
121 238
113 190
34 137
94 153
152 194
19 67
14 254
26 169
90 114
43 163
103 224
27 69
54 252
41 222
50 155
24 116
117 204
9 56
136 153
173 263
202 258
151 195
59 126
3 248
18 41
96 217
91 181
174 228
36 187
47 119
160 199
159 210
12 143
42 120
127 174
48 247
53 257
191 259
103 166
110 170
12 24
206 221
20 181
50 177
220 244
176 227
34 173
29 92
114 195
159 251
188 250
57 179
114 249
109 175
100 218
80 81
6 109
11 95
15 172
7 209
28 167
17 124
17 57
26 88
6 228
204 215
162 245
190 234
39 262
113 114
38 156
65 197
247 264
162 221
1 58
35 168
3 224
202 243
95 192
101 131
251 255
11 39
83 126
34 63
64 181
129 157
70 148
67 196
46 57
13 244
2 10
40 149
64 72
189 267
39 239
14 160
87 113
189 241
102 212
69 198
116 134
63 261
54 117
216 252
104 207
157 229
9 34
84 103
29 157
190 196
7 184
61 159
37 185
21 140
33 42
77 163
77 103
14 234
77 131
165 255
29 106
47 128
36 131
31 51
169 217
92 93
30 249
209 263
103 259
177 239
44 239
82 135
155 159
87 134
66 254
111 150
195 258
36 150
154 161
28 174
28 205
56 109
39 234
47 267
49 224
48 233
226 247
89 238
128 215
40 67
43 179
20 52
105 215
6 132
10 51
143 211
181 241
51 81
55 97
1 152
12 32
202 204
12 235
99 205
51 87
168 178
16 103
38 229
43 183
175 242
58 151
72 99
207 212
48 114
148 179
24 180
47 151
233 241
65 113
215 221
98 243
99 238
41 47
207 226
141 246
17 259
113 259
57 59
171 229
125 155
221 233
102 266
78 99
11 161
161 253
22 39
16 214
80 130
12 258
88 201
250 267
17 140
153 184
14 176
91 230
178 243
12 144
148 265
115 218
57 245
22 176
139 247
90 226
31 205
23 83
24 260
7 62
76 92
7 149
29 171
44 142
73 123
63 237
117 151
9 175
16 249
132 221
233 252
114 141
138 249
182 267
125 261
27 234
27 149
103 146
17 162
180 219
70 260
57 84
3 71
71 171
69 92
215 239
140 166
35 48
86 152
172 239
251 256
49 225
193 264
57 208
89 260
1 252
105 234
140 180
29 141
171 250
23 268
31 268
63 196
111 114
140 217
64 179
3 210
28 186
20 26
22 142
91 236
84 193
55 120
90 223
132 153
133 208
229 267
222 245
260 262
33 201
162 249
61 84
11 247
228 241
77 254
34 207
212 254
29 239
110 179
30 75
91 263
248 253
41 126
111 159
152 209
0 155
41 196
52 144
67 138
218 232
40 205
136 197
112 123
91 153
138 191
20 238
135 139
181 206
227 244
48 216
60 163
14 226
48 140
57 167
28 159
196 201
45 73
52 175
22 179
160 168
171 247
22 187
204 207
8 143
77 85
158 204
2 196
39 109
27 74
142 207
85 223
18 162
32 44
221 227
192 251
86 167
202 263
104 259
230 248
119 213
54 58
160 262
222 242
126 145
81 153
139 154
32 203
136 254
189 223
74 251
65 88
20 194
12 106
94 262
70 193
89 131
61 253
77 120
51 52
65 173
70 187
146 190
95 196
222 241
74 238
44 252
119 162
144 192
2 240
23 30
17 258
158 264
24 164
121 231
73 208
215 227
108 238
45 243
11 146
121 140
105 245
34 36
59 134
5 106
29 34
16 38
105 243
88 138
35 260
245 252
213 221
76 204
100 131
116 165
100 242
2 60
60 75
14 106
169 183
44 88
11 20
210 248
84 129
174 199
34 218
143 200
71 261
138 212
147 266
228 259
58 129
60 123
118 121
92 146
139 217
17 163
111 148
20 204
99 153
69 104
105 209
219 246
65 131
192 230
82 172
32 183
136 166
32 35
4 250
27 220
112 260
118 159
135 192
207 240
15 79
0 97
29 115
168 193
149 243
6 142
81 106
8 98
126 227
121 171
53 103
1 162
70 240
198 213
221 240
138 243
90 121
80 92
25 47
134 149
30 86
54 264
195 265
243 252
90 202
125 170
238 252
70 144
75 138
48 193
35 145
159 220
41 231
86 106
124 136
217 235
84 189
50 110
11 154
11 212
55 267
117 175
53 160
85 89
85 174
261 262
170 251
15 189
65 94
74 247
128 169
65 174
206 239
71 172
91 264
47 124
69 128
41 226
41 229
102 158
154 227
52 110
54 253
94 139
90 239
110 169
108 201
136 247
105 164
115 207
63 263
40 204
148 202
187 226
89 119
153 229
2 144
191 265
92 128
180 198
4 126
158 247
215 244
235 267
134 175
38 102
36 92
41 144
77 162
35 56
89 265
15 248
75 258
151 225
11 220
1 198
18 145
25 242
3 230
24 68
99 261
95 130
85 236
22 97
170 207
148 263
34 187
208 257
142 195
166 178
144 244
216 241
126 219
2 145
116 161
104 158
18 53
89 133
145 224
132 168
139 226
92 192
30 192
149 258
127 194
194 248
49 117
103 211
170 183
30 258
151 226
15 32
63 157
185 257
6 245
208 233
124 126
234 268
78 164
6 96
17 255
145 171
27 32
55 170
93 258
144 187
163 216
13 201
37 92
230 255
59 164
71 257
228 242
130 188
4 130
51 229
67 265
27 190
13 265
211 217
156 200
32 201
89 151
216 238
27 47
137 140
192 224
190 251
130 178
7 196
75 256
72 214
28 142
198 267
244 256
30 147
173 182
65 209
179 234
63 168
93 242
96 183
149 255
209 220
132 219
58 172
130 226
101 105
51 220
81 174
40 242
119 150
166 207
209 241
140 178
102 184
20 147
51 231
45 126
226 267
127 180
20 98
100 189
191 197
67 154
87 253
168 183
80 155
84 187
198 237
110 265
8 142
183 225
120 227
28 29
10 237
19 260
158 195
225 266
36 74
141 179
208 226
25 246
130 149
1 215
152 260
38 95
94 208
20 180
140 189
15 127
77 167
129 259
8 76
89 229
211 266
201 236
46 266
67 219
28 108
218 266
127 135
157 237
147 161
24 137
65 146
15 69
136 171
107 161
18 254
42 245
91 119
204 222
10 20
103 125
141 181
68 109
33 137
17 253
8 50
60 247
233 259
77 137
15 165
85 106
227 241
116 231
145 212
100 257
148 210
59 226
156 213
51 151
57 135
47 138
74 114
97 151
34 234
67 73
93 122
168 208
90 243
0 216
205 253
58 192
123 177
119 143
88 114
51 267
113 195
3 99
89 214
40 45
107 207
87 268
148 201
35 205
216 244
2 29
22 229
72 202
97 209
6 155
19 248
17 260
42 75
113 116
11 49
92 193
45 107
215 226
94 123
31 118
62 175
175 222
17 142
146 180
117 134
43 226
60 255
14 127
27 143
180 225
214 244
32 231
105 237
205 227
178 182
37 234
53 177
67 100
63 163
68 94
172 247
39 77
32 77
97 98
16 208
198 255
61 249
103 152
93 152
63 146
172 198
125 132
11 142
20 232
55 113
49 88
138 238
50 140
140 232
203 256
36 134
60 178
167 235
95 140
13 67
226 250
15 98
178 189
52 204
123 192
82 185
223 264
36 239
96 260
74 213
114 181
82 154
120 172
168 230
126 249
185 263
88 223
197 203
3 101
238 255
136 268
31 166
90 182
96 264
124 149
44 138
74 153
43 50
134 139
88 267
168 261
173 202
128 182
6 265
113 249
99 265
134 176
44 182
125 245
91 118
17 222
28 118
63 107
58 64
238 245
33 44
145 180
188 261
135 142
184 215
134 135
169 225
171 198
158 180
21 81
14 42
99 231
5 112
15 21
20 155
1 208
170 194
57 81
147 257
54 208
110 147
25 191
1 109
123 144
23 186
16 166
63 156
158 186
9 27
12 59
68 111
64 137
152 213
76 150
108 121
136 196
51 82
50 84
151 232
95 243
45 252
43 259
66 239
180 209
27 247
159 219
7 117
63 169
46 155
67 236
75 178
105 173
3 113
27 243
60 162
50 70
59 163
8 215
71 109
46 227
101 129
52 64
121 129
95 167
60 104
34 230
35 248
77 232
125 198
134 234
26 68
64 81
109 185
34 45
107 243
72 90
14 130
124 189
175 185
83 180
57 259
65 227
206 231
91 96
122 235
169 253
74 173
32 111
5 49
182 196
240 249
147 199
195 256
152 227
37 150
13 25
194 214
141 230
61 262
137 251
120 185
40 144
148 267
44 59
157 213
84 246
96 114
167 213
118 147
92 164
17 233
38 177
110 249
110 201
129 170
152 199
47 182
80 157
136 195
148 204
129 218
132 154
58 259
142 144
45 265
79 92
23 153
177 201
28 264
15 146
191 214
168 204
157 207
67 116
72 196
62 140
45 224
173 188
45 172
109 157
24 181
62 188
22 40
98 205
17 65
120 266
138 155
109 172
84 138
47 162
175 220
43 233
44 191
190 264
89 111
5 212
28 203
49 82
98 238
63 232
79 165
48 53
7 187
90 179
111 128
44 220
92 191
72 247
52 186
174 211
8 54
95 105
202 213
118 187
192 255
113 139
46 188
143 214
113 255
172 179
41 207
147 168
25 167
13 253
66 221
60 165
107 123
226 240
50 220
77 126
65 252
94 225
11 113
31 95
42 158
165 264
85 249
47 161
45 46
10 248
131 159
103 256
32 162
20 192
26 206
65 222
10 233
81 120
58 116
132 137
83 186
158 223
100 268
188 192
11 263
157 161
7 234
11 236
107 258
46 252
94 200
14 198
105 170
51 235
61 246
210 259
40 206
136 182
10 62
21 233
164 188
214 216
75 213
34 126
228 233
39 55
143 216
239 253
61 206
56 106
147 220
29 137
85 233
72 130
225 242
25 112
227 264
85 146
67 104
8 15
30 218
29 113
45 202
142 175
251 266
9 246
170 249
226 229
70 84
54 215
37 123
205 207
42 264
13 258
161 256
61 117
21 219
143 240
198 231
94 239
218 245
184 230
101 175
183 259
48 104
67 262
81 190
18 75
13 96
37 181
160 242
63 129
173 197
188 236
197 207
216 237
122 130
50 179
94 100
196 235
84 104
18 206
3 156
224 231
213 224
64 241
22 261
78 112
102 267
84 244
34 92
20 79
100 119
142 193
76 180
15 186
7 135
184 242
11 42
213 250
235 253
5 247
88 99
25 51
29 89
187 189
162 174
161 230
76 134
119 171
2 57
63 204
12 27
173 181
54 248
7 147
204 239
63 228
31 122
126 232
68 218
118 178
0 18
12 16
50 244
2 233
11 149
50 71
63 193
173 201
19 222
28 149
135 232
142 160
96 182
5 169
193 246
51 130
96 210
74 191
109 215
19 145
197 218
201 228
138 216
10 21
185 210
6 100
48 260
176 231
100 213
94 266
56 237
42 190
185 241
117 187
140 203
5 122
66 192
42 204
61 91
168 227
4 37
43 78
73 108
79 102
50 241
39 61
39 181
4 98
261 268
4 222
34 229
11 225
34 201
108 253
9 92
75 189
210 224
206 255
50 137
72 265
28 49
23 124
31 96
132 146
49 201
4 147
91 129
49 134
174 259
40 99
28 258
16 209
52 185
131 237
71 116
81 115
58 159
54 177
82 198
23 172
103 229
23 212
20 199
136 144
21 135
142 211
130 181
59 148
200 265
156 251
105 119
174 178
237 264
31 214
88 250
73 165
37 75
48 129
221 249
4 202
115 143
74 226
65 122
181 252
46 56
23 142
179 220
122 248
116 124
53 54
79 217
29 55
161 264
72 161
86 108
78 127
168 199
53 190
40 76
126 160
121 163
164 236
94 118
55 228
44 242
33 124
2 11
144 208
81 260
118 195
158 228
18 266
13 70
86 150
22 35
29 132
45 96
117 250
63 90
48 235
50 130
112 159
123 232
91 128
109 188
169 224
45 116
76 85
140 231
30 52
90 100
94 143
18 133
196 215
72 266
147 171
85 196
15 31
66 154
183 246
74 140
14 239
18 107
12 121
228 239
156 232
144 198
18 123
51 259
242 246
68 240
161 201
77 263
52 113
142 148
7 239
41 214
124 173
25 73
94 249
57 116
64 138
64 227
45 90
1 258
14 71
220 250
0 67
18 96
114 174
32 234
47 111
36 86
84 190
121 157
9 229
27 142
209 217
116 268
21 133
179 247
55 138
36 231
130 202
30 185
63 246
180 253
28 45
33 167
14 207
39 46
172 259
57 153
16 216
124 241
7 214
133 202
8 60
104 108
130 198
174 201
6 48
50 54
207 252
12 98
101 195
26 35
27 110
197 237
133 220
124 214
67 93
225 230
98 116
7 191
31 246
31 218
242 256
60 214
50 135
85 166
33 200
17 195
102 265
23 33
186 200
17 131
49 210
15 164
138 150
204 216
19 175
233 240
233 246
26 56
26 213
23 137
68 154
41 148
44 122
17 143
141 266
37 63
24 49
202 259
64 237
29 165
138 147
0 177
9 87
193 266
246 248
128 191
113 268
48 160
128 201
21 161
152 164
231 260
100 156
87 183
122 268
57 175
70 142
48 196
69 100
34 72
113 131
208 246
82 158
46 244
47 83
240 265
18 26
14 120
20 182
32 226
43 209
137 212
11 120
62 172
115 160
169 184
77 125
36 195
83 234
90 253
7 261
57 198
169 235
40 245
92 173
47 181
11 241
175 265
93 125
8 221
25 162
81 141
54 191
23 108
134 146
47 258
15 140
74 165
32 54
15 107
85 227
113 178
187 217
76 106
214 218
100 150
87 196
40 70
9 196
157 199
114 163
23 179
59 208
17 139
46 64
31 190
64 229
163 258
18 255
254 263
121 208
116 220
225 226
167 225
89 251
219 236
16 32
75 262
165 203
103 234
83 134
41 102
12 122
69 248
190 257
119 127
80 110
66 230
65 198
74 79
5 248
79 128
74 103
51 197
37 220
226 243
72 224
29 112
15 20
203 247
67 224
126 155
227 250
5 96
7 202
29 179
115 205
38 197
44 98
29 184
112 231
141 164
61 97
82 109
115 241
135 261
3 130
43 239
8 205
33 125
58 227
111 215
73 84
169 239
0 253
222 267
96 187
23 239
180 200
0 180
184 258
44 264
117 242
121 180
40 165
82 128
208 254
104 185
7 107
16 230
153 254
58 208
74 131
67 206
177 205
120 240
185 194
100 120
3 105
119 215
4 58
130 261
48 239
39 105
230 246
45 219
162 219
124 227
228 248
32 260
147 195
43 176
126 189
103 187
109 131
112 210
199 260
96 245
9 101
43 166
4 198
80 239
176 242
40 147
62 130
55 244
142 229
105 128
33 76
29 96
72 188
61 205
49 102
100 191
65 214
6 182
84 126
25 65
110 123
14 80
113 253
85 132
199 200
117 218
36 135
29 211
97 218
19 152
173 226
87 141
25 42
137 196
3 73
46 169
27 262
70 183
24 74
111 234
185 218
215 233
134 172
24 244
227 252
20 96
105 185
155 186
130 134
195 240
21 66
104 203
67 185
47 92
77 196
92 142
112 168
9 223
54 145
54 190
156 225
172 236
4 54
56 98
83 84
48 147
141 199
117 206
41 51
25 239
33 232
192 200
168 237
214 265
64 262
15 58
3 49
120 208
27 107
25 200
65 178
129 232
47 155
32 122
94 192
148 162
40 266
114 222
97 110
3 250
78 163
18 89
92 242
43 208
105 246
208 237
125 246
91 92
64 220
71 97
87 178
35 96
126 268
179 260
55 193
70 203
25 38
6 206
144 252
126 163
19 234
49 169
43 251
152 239
108 263
36 215
104 236
2 239
221 262
102 260
120 130
106 241
149 220
171 179
11 78
72 169
168 174
107 165
50 219
44 106
81 224
119 131
30 36
61 169
112 245
166 205
182 215
203 243
143 267
18 66
20 198
11 14
68 99
217 253
20 67
89 169
122 143
84 88
122 247
29 185
27 125
154 254
100 192
189 194
149 166
35 61
61 152
96 238
29 247
140 235
69 91
73 83
106 122
0 187
31 250
185 221
55 246
170 257
142 154
72 180
54 82
55 231
69 94
84 249
221 242
4 109
119 167
82 199
125 171
58 214
174 200
119 238
88 95
223 241
232 244
1 83
65 111
246 249
74 110
64 223
36 96
83 199
87 119
10 190
112 212
59 246
196 249
52 169
77 200
75 191
68 84
45 54
47 152
1 39
23 208
224 260
39 245
160 238
149 261
195 226
174 231
123 198
83 143
190 227
132 253
64 209
18 227
119 147
130 262
171 251
105 252
16 117
50 260
114 240
154 207
128 222
121 219
62 86
119 178
83 123
210 237
143 191
167 258
123 204
81 118
114 115
16 104
29 68
99 202
3 132
125 160
226 237
28 227
39 185
61 115
13 114
65 158
39 200
3 245
117 196
206 256
152 218
148 266
29 162
35 164
78 102
247 253
36 39
84 141
108 184
121 184
17 165
112 138
12 115
162 251
54 249
198 250
79 83
168 260
220 238
23 62
13 214
31 209
2 92
213 242
207 268
37 61
156 188
145 241
48 202
197 206
148 233
60 264
80 90
44 119
67 192
37 265
44 77
15 247
158 168
83 119
76 235
23 247
41 110
78 227
29 62
106 178
22 222
46 241
93 160
90 217
82 138
31 65
0 199
104 242
99 246
93 115
189 262
220 237
49 90
92 248
45 178
34 70
115 229
20 157
11 248
39 139
67 235
65 182
140 249
141 222
39 167
50 243
108 163
117 208
5 64
201 203
78 233
108 190
71 104
26 143
61 166
28 187
12 178
104 170
77 188
57 65
3 9
4 128
25 70
265 267
61 62
152 267
100 112
153 181
172 189
41 87
235 250
57 192
45 118
217 268
10 147
2 224
118 144
70 93
53 78
151 194
141 206
22 71
4 219
144 231
14 55
173 239
52 62
118 135
88 209
31 48
42 229
23 26
168 229
53 235
86 166
111 260
55 180
157 174
30 239
195 204
13 92
87 120
114 152
83 253
32 73
239 266
134 153
135 259
9 251
90 225
52 100
99 181
77 245
42 218
163 238
111 207
16 213
81 136
198 253
110 186
236 261
114 158
162 258
66 148
87 143
111 134
59 210
115 268
110 197
226 256
99 127
186 237
13 151
72 133
49 208
134 222
9 258
2 110
183 216
65 188
40 173
69 179
50 232
130 265
133 191
189 232
47 91
196 260
26 201
109 208
10 133
159 256
127 233
58 128
59 228
82 191
98 268
2 99
105 166
135 241
10 257
80 101
115 179
136 260
60 240
125 249
142 240
216 248
43 257
134 255
23 60
16 66
17 248
35 49
195 250
66 137
35 231
96 169
208 217
76 111
25 266
124 236
33 228
178 205
1 222
75 235
16 227
187 228
27 230
0 215
196 261
5 155
227 266
1 15
11 75
14 113
109 196
4 151
12 198
94 183
110 238
92 230
6 163
26 142
86 204
26 77
139 173
83 222
119 248
81 148
36 242
136 150
149 215
63 250
171 246
76 251
5 19
38 256
203 206
21 237
153 157
29 266
32 41
197 227
7 230
99 136
131 216
22 267
50 254
19 88
166 245
21 52
41 134
111 252
130 232
29 33
25 136
31 103
114 191
100 212
106 257
96 186
88 152
64 132
30 252
25 237
93 205
175 250
201 216
20 231
27 155
109 176
50 207
77 95
59 113
68 189
73 130
76 135
124 221
153 215
50 221
127 151
45 196
253 266
49 244
214 224
49 86
3 228
64 202
6 129
36 228
85 112
108 250
185 226
185 229
67 133
0 184
21 54
10 204
20 112
57 211
120 191
102 264
72 184
96 234
2 123
103 107
26 144
40 210
3 37
46 248
0 48
59 192
41 165
72 121
136 151
62 198
19 224
112 239
94 113
63 188
15 161
91 136
97 164
117 148
4 64
42 231
131 146
61 136
211 228
4 197
87 137
37 219
21 255
10 231
14 26
85 150
94 111
158 161
24 101
46 110
62 165
142 208
72 198
206 235
83 137
95 216
210 264
33 55
25 108
47 173
106 237
150 173
58 251
4 178
22 214
201 230
87 228
42 200
207 251
69 109
112 131
91 189
42 112
76 146
190 266
179 264
137 172
81 256
41 237
142 146
17 118
109 133
76 246
89 187
10 170
37 72
57 200
63 214
19 89
5 54
165 223
4 35
159 181
138 156
29 252
36 173
60 197
197 257
208 234
63 212
116 229
138 250
238 262
114 128
41 72
182 240
154 178
65 183
147 182
6 162
42 225
105 131
104 262
153 230
24 190
122 195
33 148
48 61
170 188
43 93
141 259
134 201
105 222
23 87
16 265
60 164
130 164
7 159
87 220
72 160
15 182
56 205
95 97
43 118
174 255
97 188
183 184
122 196
174 206
16 110
137 223
161 216
108 218
25 262
243 248
19 29
159 180
26 55
41 205
57 96
104 126
4 258
98 223
76 190
200 233
125 200
5 34
53 248
165 237
226 236
109 200
29 263
59 97
107 237
16 53
4 225
172 177
4 61
19 217
137 260
27 169
84 125
45 105
207 224
105 106
181 190
65 232
4 50
23 238
69 188
55 94
30 130
7 157
47 116
90 109
22 139
124 197
108 210
92 181
15 215
78 253
27 80
25 197
150 263
106 180
194 222
16 260
54 201
13 246
115 151
75 101
81 82
24 215
138 175
236 253
123 250
84 191
66 176
35 93
144 240
140 175
65 203
140 248
19 189
21 88
31 234
217 231
93 140
4 23
5 264
62 168
33 144
12 116
58 242
90 266
145 258
59 78
155 193
30 207
31 38
29 43
195 227
182 258
158 202
45 114
19 257
89 122
128 221
245 268
136 163
152 254
0 85
56 124
46 81
23 139
61 267
67 153
69 207
79 140
248 258
3 14
35 186
5 48
64 125
158 233
130 249
56 174
38 61
136 210
68 165
67 246
123 218
2 211
62 209
71 241
58 156
144 267
143 166
73 242
27 145
29 47
42 90
22 102
216 228
50 181
84 219
41 142
86 253
151 248
172 209
209 243
48 228
45 77
106 216
53 115
30 149
62 230
162 212
241 250
154 246
80 238
20 228
82 253
52 200
187 233
50 91
12 252
37 155
5 262
136 181
83 152
66 76
164 218
110 242
56 70
30 123
128 229
79 254
14 119
111 245
198 261
131 176
245 255
210 217
113 197
45 109
139 266
134 218
254 255
107 259
27 49
70 177
219 237
137 235
6 241
0 16
21 257
66 175
29 130
170 191
6 33
15 23
5 27
9 213
108 196
127 263
184 236
71 123
95 207
48 163
8 160
5 138
156 245
76 140
194 206
89 210
54 120
60 231
15 122
89 207
114 129
73 148
26 91
174 202
126 216
48 144
24 147
175 258
28 152
121 198
81 268
150 236
23 191
67 143
103 181
5 46
227 263
176 210
200 205
19 156
218 235
31 160
62 151
150 156
109 214
88 135
149 190
51 64
105 203
114 165
18 265
116 253
64 219
54 126
139 180
166 252
33 171
4 8
195 214
14 227
27 221
26 230
94 258
15 249
197 208
132 245
45 190
48 49
15 216
51 240
124 219
0 98
179 210
25 253
8 166
27 256
8 226
131 178
144 220
28 132
0 165
122 151
145 252
139 146
97 114
33 175
96 185
108 177
136 232
95 248
177 213
141 255
189 210
43 142
184 206
86 219
131 138
114 223
14 186
48 146
48 139
169 258
67 240
30 206
144 181
45 93
14 181
46 52
127 226
1 51
58 236
2 160
40 175
71 105
217 264
94 133
59 75
6 230
114 169
8 61
5 236
218 222
113 187
189 235
140 213
91 124
117 260
44 216
39 254
59 106
150 163
105 250
11 104
79 236
228 250
63 171
99 123
83 263
156 170
92 180
83 110
141 208
101 141
181 192
119 261
93 182
48 130
89 134
182 212
0 113
21 175
64 110
166 225
63 128
145 225
12 31
5 196
126 195
56 238
72 191
42 198
44 163
84 132
2 215
71 88
76 93
77 187
220 258
239 258
101 120
38 107
81 126
7 154
72 150
80 232
123 125
91 232
131 247
49 218
126 132
137 267
63 186
171 232
140 160
155 247
34 189
184 192
51 98
207 216
139 184
147 246
10 24
159 266
29 258
61 208
190 230
81 225
113 183
157 177
133 268
88 247
61 211
46 263
75 125
4 36
2 7
84 101
136 199
40 258
55 220
14 31
8 132
225 249
110 126
41 218
181 199
31 33
94 151
77 175
47 191
124 252
59 85
54 205
176 258
238 267
70 215
6 88
28 211
110 204
182 189
98 237
178 195
79 258
16 52
108 111
76 215
100 177
99 160
56 215
235 268
3 93
112 196
99 102
41 241
208 228
71 111
52 95
200 266
64 156
120 161
55 70
195 236
158 190
214 228
110 168
36 112
113 136
33 160
10 85
45 216
1 129
244 251
195 237
185 252
88 109
69 245
26 199
195 225
77 197
78 170
125 184
184 204
0 212
67 256
84 97
156 214
140 264
95 150
64 97
46 206
86 141
18 224
86 122
156 231
133 210
63 243
11 264
66 71
22 101
31 147
167 180
138 257
91 225
94 234
61 232
130 233
46 121
186 234
78 220
75 185
70 166
161 195
196 258
50 108
116 156
54 221
20 133
52 196
49 237
160 187
169 172
85 243
71 195
54 157
19 59
192 242
119 161
119 240
9 222
64 185
48 254
4 191
62 94
33 206
70 237
190 192
102 203
116 210
35 221
141 251
4 5
19 70
79 250
8 219
107 182
216 264
6 240
154 235
30 89
91 268
38 198
224 233
113 168
3 268
46 144
16 59
29 191
89 92
115 193
99 243
15 179
139 254
161 200
141 232
85 241
61 156
69 152
165 205
0 8
135 253
148 232
2 122
109 198
161 234
59 123
124 222
33 109
105 124
102 219
11 200
231 241
138 177
148 168
72 195
76 125
70 257
29 156
139 238
40 163
143 164
92 174
118 268
163 167
78 205
103 143
102 206
71 168
83 229
49 190
21 224
121 253
93 120
80 212
1 255
7 128
60 93
144 249
93 165
26 260
72 211
8 64
27 112
238 247
96 163
85 214
78 132
189 257
97 175
114 132
241 264
78 131
141 265
154 230
133 244
23 136
76 119
72 190
5 56
109 147
208 224
98 213
9 187
91 203
0 82
32 152
119 244
36 133
162 226
106 190
34 146
52 262
14 98
110 131
6 148
83 242
200 204
72 183
37 252
6 154
61 144
62 255
16 205
187 238
50 173
22 95
173 194
26 257
14 94
67 69
143 168
54 118
62 84
115 134
159 254
76 153
42 55
43 119
62 85
68 155
69 228
64 204
136 168
209 255
149 226
63 66
163 250
73 160
60 189
49 254
28 207
126 146
116 213
236 266
142 236
19 264
10 14
156 234
8 209
97 203
54 134
128 151
168 245
50 268
19 151
10 239
36 95
176 222
60 260
2 52
73 189
7 218
172 233
138 258
232 247
25 132
85 102
129 231
19 227
216 255
141 252
143 254
44 120
210 235
74 246
47 82
191 221
40 257
142 253
22 76
59 173
49 78
176 245
104 267
70 225
105 180
202 261
158 246
43 224
50 201
11 68
123 133
99 232
16 50
133 192
71 103
219 226
148 159
205 251
184 225
216 261
30 99
67 214
130 155
102 250
171 207
34 170
118 234
180 239
88 252
33 237
1 9
62 231
176 184
2 39
4 95
203 221
43 62
79 95
38 91
54 211
7 185
81 114
135 183
100 207
61 92
110 152
186 213
163 234
19 76
9 18
13 141
81 193
2 220
197 211
87 125
124 127
65 167
10 73
105 127
183 194
255 264
183 243
28 78
168 238
164 169
74 90
39 64
103 109
104 182
120 166
133 234
143 243
27 163
73 147
9 13
129 139
9 99
121 182
141 224
7 18
70 108
49 167
56 95
104 194
95 212
28 196
115 180
96 165
97 120
1 177
9 100
73 190
7 99
48 198
199 220
143 231
5 161
6 156
78 168
9 160
127 193
82 152
164 171
86 189
54 71
55 212
68 225
18 132
108 140
26 109
10 241
95 197
135 238
103 227
118 255
170 172
22 72
44 86
134 150
81 251
4 93
111 153
175 234
54 62
76 226
57 202
66 104
5 151
124 182
13 90
30 94
51 104
171 255
62 253
53 74
105 231
81 129
4 193
208 249
101 196
160 192
134 198
9 211
118 165
57 64
156 215
10 245
142 217
6 104
32 243
16 120
1 24
3 165
96 127
70 152
64 86
158 165
35 223
25 245
188 233
97 223
183 185
22 188
116 224
13 30
128 143
213 223
138 140
9 184
99 112
101 256
18 245
2 261
32 148
82 255
10 181
137 219
1 154
91 190
161 255
55 151
42 211
220 262
114 250
127 134
179 222
18 21
143 220
158 167
140 200
141 228
91 107
105 230
80 257
159 261
135 263
53 169
76 159
184 255
91 144
30 100
210 239
186 217
124 152
58 120
106 268
56 253
30 66
202 232
143 245
247 256
55 99
132 162
57 120
146 223
137 176
50 160
147 153
115 147
31 123
223 244
153 159
90 234
175 267
185 243
17 206
114 219
98 135
99 165
25 80
101 198
72 111
167 253
115 136
23 80
111 217
83 111
30 144
4 30
22 244
206 253
99 195
125 229
67 237
6 233
137 226
140 243
51 215
73 171
8 25
149 256
56 131
197 251
15 159
135 229
41 213
207 208
172 218
220 257
88 262
111 152
62 258
51 89
55 59
118 262
13 39
78 146
112 120
239 241
162 256
111 154
95 260
24 247
101 202
127 147
25 196
171 184
71 91
63 211
174 182
113 260
33 186
211 241
41 147
100 136
206 210
56 228
139 251
161 219
124 238
168 253
184 267
196 200
24 140
29 160
170 260
18 183
124 193
46 73
59 154
107 146
55 229
35 211
88 166
69 242
17 32
206 234
85 87
73 187
78 94
2 44
53 93
17 173
89 220
10 254
129 138
71 230
65 220
64 145
236 237
8 28
222 251
40 228
28 99
35 105
192 218
3 163
184 237
118 250
230 256
2 109
234 237
19 31
6 140
120 202
11 259
194 233
70 218
74 204
194 202
108 134
60 137
149 252
94 254
171 192
165 182
23 76
23 189
47 192
150 258
153 194
21 100
53 96
186 199
42 62
97 136
77 160
137 183
14 126
58 238
163 180
70 99
155 184
199 205
146 233
83 157
66 161
112 184
225 239
46 94
21 141
57 100
39 158
3 63
120 210
34 248
42 216
146 170
128 193
22 265
148 252
36 143
21 67
126 157
56 102
49 216
40 56
78 126
21 178
69 71
10 127
105 232
63 238
6 212
15 175
164 232
108 192
1 259
29 196
193 223
127 227
31 105
30 37
60 250
111 163
111 213
87 147
117 168
80 146
108 118
29 183
60 63
40 262
9 88
18 166
4 223
30 47
157 216
96 135
164 193
86 212
55 250
62 218
34 130
122 201
16 210
32 254
24 152
11 118
9 139
56 244
11 45
57 216
38 110
0 163
113 151
169 179
90 174
203 220
167 169
49 144
76 163
20 94
61 163
61 218
12 92
27 111
28 151
32 196
198 251
40 74
200 264
2 247
210 245
35 252
90 119
99 111
52 104
13 206
167 221
22 55
33 258
62 199
75 210
127 189
82 137
34 86
1 65
43 147
98 125
61 219
1 226
110 209
48 218
66 218
167 209
74 100
229 232
24 56
38 244
21 241
48 113
162 182
203 241
179 195
43 71
159 171
38 64
61 230
78 178
129 161
79 167
24 252
87 249
116 245
102 112
23 84
175 214
4 91
118 179
27 28
186 267
161 225
116 203
105 200
220 251
28 221
132 227
112 178
164 168
87 205
20 185
15 235
178 181
198 235
159 237
147 157
159 242
44 246
28 81
214 245
8 200
67 159
19 83
78 183
39 56
102 211
97 106
6 68
129 268
94 257
43 222
20 245
92 96
92 257
18 252
153 166
155 209
53 81
57 98
54 150
177 215
122 259
157 185
104 201
200 239
116 247
74 111
37 222
144 259
3 242
93 104
172 196
113 232
62 195
146 236
250 261
32 181
53 150
84 184
64 105
55 114
91 186
3 157
95 213
142 167
17 102
11 62
54 61
6 145
216 232
229 249
162 213
141 175
196 266
132 158
149 189
58 194
83 132
93 169
21 159
137 180
194 197
175 231
195 267
160 223
67 151
59 71
54 55
76 169
59 182
28 106
10 66
126 153
22 105
65 118
122 160
158 266
23 261
8 92
39 72
23 173
111 214
40 128
137 166
69 249
105 133
234 251
26 120
25 110
13 264
181 219
172 185
2 225
53 184
139 175
84 215
187 207
65 193
12 20
104 145
139 178
140 251
32 263
12 36
106 256
70 184
109 221
71 162
65 171
28 161
200 261
126 241
60 212
135 240
76 219
105 253
9 224
112 170
84 161
58 108
150 218
75 188
4 235
88 104
48 96
200 240
92 219
112 228
89 249
39 263
220 240
60 142
66 105
233 260
77 209
12 210
53 156
110 185
102 114
216 253
51 251
138 234
99 201
102 131
7 14
81 100
160 189
97 173
166 177
99 244
181 234
79 199
10 16
140 262
103 244
69 165
107 120
17 167
81 171
6 252
159 238
84 118
59 187
93 221
156 212
94 165
85 140
32 67
63 203
254 259
108 265
32 112
189 242
179 229
69 96
47 174
0 103
95 122
105 268
180 254
124 209
54 226
35 176
37 132
55 254
9 249
57 210
11 234
39 210
55 260
79 239
162 179
176 235
24 221
17 63
0 31
0 219
3 57
115 120
67 176
202 208
225 244
155 223
167 207
67 201
56 236
80 133
26 28
154 228
153 163
16 137
66 143
35 126
4 82
155 171
85 93
134 143
73 175
59 174
31 98
81 125
65 211
132 177
15 99
120 171
38 154
120 252
153 245
193 243
177 233
4 18
106 124
44 83
40 151
5 147
185 211
47 62
137 256
126 183
79 107
58 264
119 148
38 57
57 212
52 140
106 111
111 156
78 265
208 264
186 268
1 194
111 120
205 248
39 191
155 222
46 141
154 261
35 239
105 137
118 151
6 217
41 80
51 58
222 259
183 258
171 176
11 109
11 123
163 245
45 120
82 183
179 237
60 74
64 240
40 120
90 224
1 22
52 70
209 244
239 246
193 212
9 110
66 163
117 228
219 241
206 266
79 82
34 49
96 157
15 156
122 149
6 82
7 87
238 256
90 147
165 201
90 173
1 190
215 267
186 196
133 263
213 256
107 180
48 250
234 236
3 221
38 199
249 254
113 214
8 94
102 196
49 212
237 241
124 204
68 72
24 208
44 118
203 214
221 228
147 228
153 221
102 249
64 94
158 257
178 251
154 264
32 207
107 256
120 258
38 48
183 200
212 219
6 152
177 188
241 266
142 228
133 250
16 261
53 171
45 98
16 193
145 214
109 235
35 89
111 267
98 102
133 199
52 243
15 139
175 209
1 151
172 263
97 216
4 245
90 244
135 147
163 218
33 67
13 81
224 245
26 265
212 248
128 180
81 133
231 267
212 253
166 169
59 146
136 264
126 259
146 177
161 211
51 88
120 137
3 119
18 218
17 199
43 235
151 179
58 164
45 245
159 199
39 99
47 200
40 229
53 104
229 240
49 231
153 217
148 174
36 72
235 239
81 204
48 67
83 130
185 242
59 230
234 244
77 78
21 266
112 142
226 254
71 207
106 164
242 261
51 190
50 164
100 244
4 261
40 263
26 219
212 229
164 233
23 263
62 262
216 262
19 164
163 259
194 267
19 38
98 176
78 148
127 169
107 154
113 128
165 171
106 250
53 127
25 243
31 112
102 148
100 164
209 226
103 122
203 248
30 124
123 244
8 37
67 152
156 165
16 153
0 19
51 155
11 131
132 135
184 208
40 241
218 234
21 34
106 212
49 265
21 43
47 223
27 43
105 251
152 160
45 162
11 69
91 99
131 158
78 175
154 177
152 185
14 146
94 108
93 223
35 129
14 81
146 244
75 91
37 48
75 134
26 103
1 12
48 184
44 268
23 171
119 258
208 222
78 239
224 236
32 105
123 208
1 189
171 211
195 262
83 220
22 242
35 177
22 259
41 75
139 244
134 192
51 176
196 257
16 222
60 113
150 246
142 156
119 200
55 266
18 247
151 205
73 260
68 73
95 249
182 253
75 158
86 242
25 177
4 63
17 120
88 203
44 233
224 247
166 237
28 176
66 128
95 179
217 250
46 60
32 118
28 162
66 96
21 56
1 121
125 142
143 244
45 164
183 265
94 232
74 179
144 202
144 248
59 147
33 239
101 152
111 257
145 205
142 212
11 245
22 50
22 46
91 207
76 148
78 80
160 218
66 144
63 147
137 161
159 167
153 191
64 266
80 116
109 174
83 219
93 111
70 146
169 176
94 213
156 263
27 257
29 129
206 260
10 160
215 220
195 252
31 259
49 130
76 239
40 259
48 111
73 126
80 100
99 208
105 155
233 265
119 225
241 257
59 84
5 249
102 111
21 256
7 66
112 129
222 248
77 248
106 196
77 123
22 106
56 195
137 157
32 177
48 77
64 90
21 118
43 100
49 153
11 64
16 128
82 265
7 220
83 176
233 262
196 230
197 216
78 121
95 228
75 96
41 209
13 220
114 118
3 171
92 203
0 29
175 239
85 184
139 262
91 233
71 252
103 209
164 229
43 83
8 232
121 263
60 242
104 266
39 86
49 177
81 187
36 181
49 109
2 85
48 121
122 144
140 206
31 187
142 252
200 229
217 227
131 236
31 126
35 123
109 171
35 220
113 158
63 133
17 158
144 182
100 151
2 230
187 259
41 103
102 141
16 146
112 204
115 117
31 196
141 223
9 161
115 230
47 268
74 210
109 128
18 99
162 234
32 189
80 166
134 141
96 130
250 251
156 248
27 70
41 50
1 124
112 249
115 132
110 218
41 86
159 252
76 214
113 141
57 184
56 156
34 232
64 87
128 211
9 234
38 136
33 123
158 171
68 228
223 254
195 251
22 30
143 255
75 130
60 185
100 135
6 147
114 140
17 73
189 254
127 183
164 221
70 189
38 86
131 256
15 47
119 140
85 190
87 162
76 166
54 245
7 240
234 266
5 121
13 31
104 220
225 261
32 96
10 199
39 211
113 213
88 151
135 151
74 224
21 152
157 252
118 169
22 164
166 238
5 71
81 86
100 263
153 179
103 225
114 134
183 255
22 134
164 235
129 234
104 127
31 237
41 264
46 249
195 233
1 193
184 246
7 215
22 111
64 267
84 98
28 93
119 128
82 151
107 116
46 127
26 215
50 217
26 224
22 54
42 89
34 148
95 104
12 100
1 128
195 260
173 249
31 151
182 205
125 256
20 66
98 152
9 42
125 243
27 176
6 11
2 104
2 221
4 188
100 253
69 129
131 249
216 249
86 210
80 91
145 169
160 237
140 195
77 231
44 121
18 44
151 246
128 252
94 163
6 260
58 234
2 18
47 204
3 218
89 195
100 160
15 224
215 241
152 167
16 83
133 189
119 228
81 172
5 238
98 138
83 167
7 188
3 197
49 173
59 108
5 53
32 55
66 209
208 227
94 209
175 225
127 241
122 184
65 107
8 202
5 229
27 175
136 266
37 164
116 242
31 135
94 263
164 222
198 218
179 184
157 268
114 260
9 205
45 227
79 142
207 263
149 265
123 145
30 121
156 160
169 250
114 198
97 172
7 146
138 223
0 162
67 68
68 128
123 146
107 221
24 182
43 229
92 155
169 182
56 233
56 222
169 202
90 155
94 214
104 124
1 176
5 91
42 257
116 176
66 234
110 171
57 136
151 196
77 182
81 205
150 253
160 259
107 145
149 181
43 201
81 150
166 234
106 249
109 262
177 186
179 240
90 214
71 220
9 216
5 41
0 102
153 246
3 196
68 190
66 68
75 131
96 97
69 120
159 259
25 225
57 230
149 163
24 34
56 242
39 178
80 125
164 194
187 209
130 171
185 216
127 202
47 180
133 215
140 182
193 261
3 54
103 127
87 88
167 226
86 115
1 110
94 166
151 233
73 136
18 173
26 32
147 251
94 264
4 14
87 153
138 168
6 9
12 219
152 259
5 185
25 173
228 255
144 263
14 70
12 35
119 160
1 172
192 241
16 77
45 221
22 239
0 141
43 76
59 205
44 179
46 210
74 264
177 185
51 153
174 229
22 182
3 255
30 54
180 266
15 71
9 210
127 197
41 149
186 208
104 251
159 223
43 204
61 220
18 156
52 264
232 239
55 184
135 268
146 259
146 176
115 214
172 182
117 223
188 216
29 222
43 141
52 115
61 99
80 267
137 237
114 146
152 221
213 257
218 223
81 197
6 87
15 155
35 195
101 242
167 244
176 219
128 162
27 264
63 94
68 231
76 199
179 193
106 175
191 247
181 239
9 65
8 21
153 232
76 265
192 198
123 229
14 177
224 259
234 264
143 175
30 59
28 202
26 111
57 88
78 248
91 191
145 160
8 145
31 153
57 126
93 99
195 197
107 203
16 141
116 197
6 81
71 106
9 180
95 187
105 135
127 175
141 213
125 140
23 61
162 172
10 19
12 249
18 251
145 191
175 205
179 213
65 73
200 214
175 228
109 167
65 234
56 221
9 116
30 198
22 209
73 230
181 215
58 67
8 157
39 252
26 221
10 209
90 105
50 129
170 220
62 132
74 188
18 260
178 227
100 154
82 190
37 241
111 264
43 103
34 205
27 222
184 196
3 103
236 247
100 134
22 57
113 244
60 71
138 209
93 97
113 252
166 182
130 169
40 158
59 111
72 259
19 161
128 156
85 136
82 83
184 198
17 50
98 121
38 175
177 251
104 141
206 248
108 229
109 159
125 191
209 229
36 100
28 241
184 240
139 231
60 199
51 214
191 234
53 170
10 31
72 221
77 116
70 244
48 137
14 173
50 76
36 267
125 259
5 30
132 188
92 243
231 252
120 211
73 199
64 166
93 146
109 267
164 267
126 128
133 239
124 216
66 224
84 242
15 160
23 204
27 116
191 242
28 226
55 258
202 228
113 118
31 161
88 184
227 240
99 222
215 262
118 130
143 203
35 204
147 166
195 207
155 196
56 92
40 239
51 95
31 106
68 200
211 218
68 203
214 221
70 226
79 200
34 105
6 219
39 186
44 55
91 243
24 191
10 32
38 166
152 163
122 250
256 266
194 232
122 142
138 205
69 102
58 207
27 84
96 143
60 230
101 245
145 167
23 44
17 174
124 202
112 182
19 134
93 225
137 177
13 267
119 243
56 219
104 179
109 240
16 212
39 156
76 203
23 101
196 219
188 214
101 192
169 238
12 44
83 267
81 245
25 147
133 254
10 104
21 252
137 222
54 220
107 265
7 41
240 255
56 158
50 121
138 247
30 87
11 135
175 249
77 253
53 149
85 260
35 119
96 190
48 172
0 35
145 192
147 244
146 268
104 150
166 189
53 165
178 212
24 70
169 192
56 234
142 199
7 27
17 168
52 159
55 136
131 248
192 211
37 182
209 212
63 253
90 180
107 231
114 175
103 241
142 262
161 197
150 214
147 241
73 192
151 266
92 211
19 180
143 181
10 45
173 264
166 219
44 96
16 243
119 157
47 144
57 129
53 199
201 225
19 115
67 126
1 115
123 235
0 66
252 264
36 247
69 161
37 211
231 248
12 257
141 183
34 88
44 147
191 195
135 222
160 163
0 172
178 222
192 208
164 220
72 225
156 228
192 232
74 214
40 194
27 172
117 239
55 217
225 260
8 77
41 223
94 188
251 258
112 255
51 221
47 202
55 240
98 106
1 161
57 247
167 191
192 207
18 54
106 232
7 85
160 186
90 259
208 260
162 241
61 239
39 188
25 45
45 71
137 229
90 228
122 170
63 151
77 243
9 178
2 242
59 168
107 220
95 204
203 250
107 252
69 88
16 219
170 242
227 261
99 169
47 254
69 103
162 262
118 145
10 131
172 190
40 244
124 147
205 241
38 160
105 226
0 208
150 164
95 211
108 251
44 176
80 131
51 94
125 238
190 232
33 222
52 154
191 213
108 122
5 7
81 108
88 105
158 203
109 251
26 172
152 206
18 70
138 185
1 138
215 228
49 69
241 254
129 163
75 142
57 82
43 253
162 257
17 218
24 173
165 189
172 251
63 84
165 231
150 189
11 108
61 143
11 217
61 181
83 185
44 214
106 149
147 209
46 97
197 268
41 89
66 151
35 181
123 221
45 119
68 108
120 251
59 217
29 224
70 200
156 162
31 108
105 116
25 204
26 30
112 145
48 192
18 98
89 146
60 122
8 44
107 167
10 180
73 85
231 254
77 155
7 210
16 200
212 235
151 173
14 40
98 221
141 186
162 202
117 236
97 255
79 96
218 225
54 148
81 99
68 126
10 240
130 193
111 263
45 263
99 131
104 111
177 217
122 140
26 181
5 201
51 175
30 112
32 169
34 154
108 207
151 229
94 250
139 189
53 183
73 226
4 267
248 249
222 253
171 259
10 244
25 58
169 191
18 55
139 216
59 243
93 109
98 194
183 239
5 24
49 122
32 193
26 188
89 154
92 224
174 184
185 251
101 179
43 85
4 166
32 225
215 236
7 96
126 208
147 170
196 259
201 262
47 189
104 129
76 91
121 210
110 133
99 106
143 213
40 161
53 153
19 34
18 153
171 231
14 261
79 117
41 217
24 167
142 239
139 242
51 149
163 220
100 255
53 264
45 236
24 179
186 210
84 188
112 183
114 186
2 167
84 170
204 261
176 240
98 110
25 238
164 230
249 264
103 249
1 153
12 244
14 230
194 198
43 67
150 251
14 195
153 260
97 259
26 231
121 152
140 237
182 226
4 196
99 235
153 168
35 38
105 150
33 63
104 120
119 245
11 25
60 130
164 178
29 57
1 102
188 241
39 247
208 251
55 156
71 247
25 53
177 194
17 159
100 141
70 127
7 97
20 134
109 254
258 266
92 199
51 143
36 147
65 266
57 75
78 243
24 47
84 168
59 101
132 241
106 119
75 117
48 165
73 164
78 188
94 203
129 267
164 225
125 128
8 27
53 72
34 106
141 233
91 175
53 70
8 191
53 181
58 183
167 222
65 99
25 228
100 204
185 231
12 61
75 257
42 71
86 131
123 184
229 252
54 235
53 245
15 61
31 236
207 248
141 250
112 185
140 220
52 220
61 241
21 204
14 47
57 152
154 179
13 132
16 237
128 261
35 138
8 123
54 163
1 96
13 218
193 201
16 203
258 263
36 224
45 148
93 199
103 192
101 261
36 243
100 261
147 169
76 194
41 247
98 216
48 188
69 221
99 180
207 236
3 227
138 225
13 237
23 49
184 195
103 120
17 46
21 111
7 139
261 264
47 59
7 198
66 112
38 82
61 171
81 135
157 162
55 144
53 68
1 116
5 234
148 157
112 209
50 112
146 196
4 40
158 207
10 151
109 239
86 154
24 35
128 210
85 268
24 186
201 249
161 251
114 211
18 253
98 128
53 242
37 137
67 76
94 110
231 249
178 241
5 164
92 194
116 262
10 54
76 178
33 47
19 262
87 181
6 190
20 33
47 51
16 233
20 101
0 133
27 61
13 47
67 195
114 226
117 128
121 151
57 104
84 128
39 257
218 263
145 190
32 137
74 123
134 250
70 82
176 237
19 116
65 254
57 248
17 93
47 127
198 217
19 206
54 111
5 74
130 187
96 113
122 246
30 81
224 249
114 252
4 69
88 133
173 238
29 177
223 239
130 186
75 202
29 190
76 95
96 116
126 201
120 187
20 191
52 146
85 86
161 194
97 262
203 212
187 192
167 188
47 139
122 193
124 146
108 248
15 28
130 165
35 245
94 112
98 267
47 69
136 146
32 52
35 128
71 260
204 219
179 250
146 191
36 79
81 209
80 210
62 95
82 160
60 236
70 217
138 267
146 181
236 258
131 177
96 100
71 193
7 263
37 85
144 218
9 31
154 224
34 109
22 172
164 165
32 117
100 201
19 213
24 210
93 142
99 245
42 144
87 104
24 171
150 185
84 149
120 149
38 146
109 218
78 104
85 125
76 184
208 263
180 231
82 143
79 158
42 154
23 182
172 229
95 178
86 95
112 119
25 186
19 253
122 219
47 198
149 267
119 132
60 170
29 90
22 130
120 159
101 103
168 170
60 148
10 163
116 208
60 228
39 60
49 242
124 253
0 74
214 240
157 214
25 250
77 195
40 101
102 151
33 251
41 91
32 68
38 192
191 268
77 215
29 152
59 235
106 125
36 202
16 152
140 197
18 35
72 108
0 225
0 173
12 200
92 136
141 227
143 180
135 244
36 234
6 189
132 231
92 109
105 112
84 263
11 181
171 199
188 201
224 261
107 267
59 254
44 249
8 214
13 167
150 255
81 121
153 196
140 259
13 173
62 105
147 238
29 216
13 229
135 171
152 192
34 44
218 237
179 266
99 151
20 62
20 103
85 179
112 230
202 216
146 224
146 239
140 208
26 183
88 162
2 228
153 195
125 244
225 232
47 201
50 152
23 121
52 150
6 181
79 223
7 201
39 104
54 70
229 248
74 91
38 103
8 207
17 98
262 264
126 152
104 225
154 259
225 228
25 198
177 237
53 102
157 226
34 122
206 254
47 48
68 244
107 225
167 199
213 268
24 60
41 64
73 188
26 43
52 99
129 189
94 164
224 242
89 166
17 204
73 211
43 242
178 216
66 208
202 251
126 238
144 245
165 240
38 133
226 248
3 200
33 95
12 52
210 218
97 212
16 34
40 155
24 250
110 253
20 73
116 230
220 225
141 220
25 247
66 261
32 56
28 101
112 256
61 180
173 199
87 233
6 266
32 127
148 184
81 249
144 247
100 243
15 114
59 224
19 265
113 250
135 249
59 135
48 167
111 151
113 159
48 181
9 182
31 227
46 228
37 139
121 193
52 147
204 236
94 184
34 169
30 180
90 177
27 136
239 267
16 253
52 78
153 162
18 121
103 140
27 64
17 256
165 179
170 215
50 57
205 229
106 129
63 262
59 197
105 201
18 150
81 214
114 122
120 167
190 243
238 268
3 219
115 266
47 178
51 135
148 153
41 143
52 168
121 153
5 89
197 198
154 241
67 119
95 171
87 121
96 102
89 174
65 79
77 106
49 236
50 200
220 223
40 183
68 209
117 120
191 219
96 147
128 148
89 106
179 258
146 154
101 246
191 250
1 147
17 209
6 91
8 135
56 148
257 263
28 156
12 40
87 248
5 143
153 202
147 233
53 73
86 110
171 236
179 206
130 162
108 120
15 141
173 200
206 258
16 195
142 147
20 250
45 249
163 239
145 206
40 171
80 177
165 239
149 185
83 116
187 224
149 154
22 192
70 120
158 184
155 230
147 200
101 163
93 208
63 219
109 252
204 210
83 209
149 205
23 156
2 61
120 127
134 215
38 131
199 248
22 152
68 142
102 180
163 176
188 248
168 171
176 217
32 220
25 261
75 233
84 133
30 160
110 163
70 113
177 218
78 115
24 144
58 149
63 148
173 209
0 135
126 147
25 90
134 225
121 255
98 101
23 181
28 224
45 94
204 224
159 211
108 135
182 265
28 126
49 85
142 251
163 211
129 175
49 113
88 140
39 62
69 137
11 231
4 232
6 34
8 85
42 146
96 243
92 205
258 262
62 157
185 219
89 242
52 75
176 203
70 89
153 200
79 177
92 150
82 130
11 257
91 199
45 193
54 216
3 118
56 243
20 50
55 100
138 262
60 152
107 128
25 260
184 253
144 236
83 90
58 93
160 196
246 266
102 165
16 63
68 159
67 181
110 189
43 198
0 45
220 249
30 136
6 227
73 205
106 264
108 185
31 129
9 125
246 256
231 255
204 232
177 224
237 259
188 246
141 202
149 266
94 122
29 225
20 196
159 185
12 243
63 249
59 177
141 155
189 206
112 193
12 29
9 247
93 230
120 178
17 156
27 101
26 152
208 245
55 64
181 202
50 247
49 178
60 225
26 229
47 107
48 76
64 218
212 226
157 205
10 115
172 235
77 81
211 219
164 174
27 30
44 245
213 214
222 228
64 106
28 262
98 218
66 238
31 239
57 76
141 144
54 76
85 246
45 218
24 249
4 163
147 162
42 133
131 137
35 171
128 150
50 187
47 55
5 243
58 267
89 261
104 118
57 197
179 226
32 143
106 166
193 209
66 260
125 226
77 108
122 257
70 157
51 213
84 146
81 159
0 63
112 216
149 239
31 242
150 213
65 125
38 77
26 244
78 180
15 181
70 114
117 207
49 154
52 230
240 242
171 216
126 166
196 244
6 250
117 238
110 156
180 223
13 102
115 165
87 139
1 86
85 122
150 240
14 34
204 223
36 84
93 148
3 189
77 258
20 130
87 93
47 50
100 188
139 261
0 264
35 180
31 226
96 106
4 108
109 158
111 253
134 145
205 264
90 156
165 186
117 159
40 59
68 174
14 78
111 240
112 243
189 212
85 258
142 220
78 103
48 253
63 80
178 204
148 240
68 120
190 199
212 238
52 122
81 231
155 169
6 236
64 178
157 244
91 183
28 53
11 240
242 247
99 137
31 100
74 209
61 126
126 246
13 51
114 200
128 165
51 193
10 82
103 112
49 235
207 243
178 229
182 186
72 110
126 158
33 181
62 152
12 170
7 106
1 112
26 154
152 252
4 192
116 258
194 268
64 126
48 179
67 221
33 182
181 229
54 250
56 265
63 140
88 207
227 229
126 197
137 257
97 104
81 223
78 90
35 41
96 120
50 236
85 234
28 92
172 210
14 157
20 216
224 254
9 261
107 187
14 69
20 118
4 70
18 248
6 44
127 191
106 265
162 170
182 193
47 75
54 90
42 64
144 223
93 215
27 122
75 161
113 219
53 194
64 103
13 139
9 179
185 206
109 165
91 110
29 103
73 141
59 191
232 233
168 175
168 179
87 236
138 204
34 56
81 210
209 256
14 62
135 196
79 119
24 121
144 177
101 156
69 78
66 159
62 113
156 187
56 58
83 207
74 88
158 265
111 189
88 110
120 133
240 266
22 75
162 198
160 184
125 255
43 266
110 236
205 218
158 221
237 244
120 153
54 139
31 197
93 180
34 40
64 95
115 222
107 135
22 201
185 238
9 171
7 73
93 238
59 247
23 165
66 249
110 239
28 172
125 143
37 210
39 175
259 265
116 194
111 223
126 254
41 259
121 154
47 171
49 258
75 195
191 208
171 208
181 267
106 127
56 140
19 32
86 203
53 58
113 251
206 230
62 254
117 244
156 159
27 191
55 205
56 254
23 155
22 237
214 254
155 268
45 68
50 117
49 252
172 250
36 256
3 167
118 202
73 173
45 64
63 114
177 243
18 80
34 68
38 243
92 149
75 94
208 230
11 227
159 228
150 208
9 134
162 217
80 248
133 256
101 221
42 215
142 213
172 228
30 96
121 259
169 199
151 154
178 224
223 240
215 243
144 200
95 223
138 197
17 146
9 255
2 192
5 58
31 184
8 152
47 131
237 268
161 164
157 186
54 138
17 85
120 186
131 173
211 225
109 183
7 238
181 223
2 175
46 193
160 202
91 202
117 267
14 142
152 262
62 90
49 203
88 191
119 218
46 75
224 230
165 245
59 141
73 267
132 191
42 207
115 261
67 80
137 221
28 80
162 173
175 253
8 32
243 254
109 225
23 110
58 75
28 259
69 154
37 133
89 204
157 259
51 60
14 152
69 143
188 206
84 261
147 230
70 167
214 217
83 214
14 46
