275
7
2260
60
92 2
101 2
121 2
210 4
44 2
56 3
71 3
118 1
35 4
158 2
193 1
87 1
183 4
209 1
142 2
104 1
168 3
106 4
152 5
89 3
169 2
102 1
186 3
69 5
150 2
127 1
136 5
48 1
92 3
175 4
65 4
45 1
19 1
179 2
180 1
66 2
147 5
67 1
180 2
171 4
189 4
199 2
37 4
208 2
146 5
103 2
92 2
203 5
196 4
132 4
151 3
117 5
159 2
195 2
177 4
186 2
109 2
173 5
89 3
39 1
116 4
34 2
140 3
183 1
74 2
76 3
41 4
207 2
174 5
120 3
163 2
81 4
151 1
17 1
63 3
133 4
50 3
94 2
49 1
38 3
25 5
191 3
50 4
74 2
59 1
132 5
196 4
60 1
40 1
94 3
113 4
209 2
207 5
28 3
130 3
47 2
117 2
85 4
82 5
89 4
61 2
55 4
133 1
190 4
196 4
176 3
56 5
184 5
68 1
64 2
83 5
68 3
81 3
212 4
40 3
139 3
113 5
79 1
37 4
47 4
133 2
174 1
118 2
144 3
147 4
133 3
171 2
59 3
67 2
35 4
110 4
40 1
51 5
208 5
82 3
71 3
170 5
21 2
30 3
135 5
31 4
111 1
153 4
92 5
74 5
51 4
157 4
58 2
24 4
172 2
194 3
125 4
196 3
78 1
45 1
102 2
189 1
187 2
104 3
24 3
170 1
41 2
196 2
84 2
151 1
151 5
91 1
177 4
84 3
203 2
113 3
62 2
210 3
179 4
188 2
54 5
92 4
98 1
166 2
164 2
47 5
167 4
81 2
51 2
112 2
65 3
28 4
70 3
205 4
180 5
40 3
171 2
117 5
27 4
62 4
120 4
151 1
99 4
199 2
119 2
123 1
33 4
44 3
53 2
161 4
112 1
107 5
107 1
66 5
121 1
146 3
55 2
64 3
86 1
85 1
20 2
189 3
90 2
81 2
162 2
18 1
110 3
125 4
96 1
50 2
54 5
47 3
88 4
66 2
168 5
148 4
67 2
17 3
146 1
147 1
210 4
148 2
190 3
115 5
118 5
21 4
66 2
149 4
97 1
151 3
204 1
142 3
78 4
145 4
49 5
147 4
129 3
70 4
48 5
132 3
149 3
204 4
39 5
38 3
184 4
113 3
23 3
176 4
89 5
76 1
112 1
66 3
206 5
105 5
63 3
134 4
131 1
140 2
21 1
51 5
48 197
36 107
153 207
167 246
125 253
18 203
111 172
6 162
104 263
118 228
187 230
69 113
1 188
185 259
33 197
3 47
101 242
94 178
0 90
3 127
33 56
50 242
185 228
165 187
106 176
130 194
149 225
23 214
51 220
121 271
45 256
142 198
68 136
58 228
127 256
8 71
174 247
81 188
177 205
64 187
105 210
19 205
46 214
17 94
75 231
46 103
6 76
92 103
39 256
157 201
188 270
10 57
15 210
107 195
49 108
8 154
134 265
119 219
16 23
47 239
79 224
95 246
135 264
98 266
44 218
22 230
172 175
184 239
84 118
38 211
72 166
9 17
126 208
38 68
44 243
12 67
38 127
73 169
91 226
30 170
139 228
52 82
88 111
86 103
23 228
153 167
29 194
131 161
4 163
40 42
68 127
65 95
143 186
225 231
15 85
107 137
21 100
78 168
63 98
201 221
142 229
90 137
109 251
17 96
50 274
90 164
239 250
47 257
254 264
27 233
20 88
186 245
119 224
43 271
14 149
127 131
23 106
80 166
3 33
193 249
19 212
135 243
56 247
9 240
16 220
143 208
74 256
86 95
11 134
79 207
138 170
147 225
158 243
14 57
35 77
63 225
47 66
106 131
65 155
26 261
13 128
57 100
51 107
66 209
98 160
183 202
41 129
72 258
88 258
238 262
105 162
117 177
101 193
46 191
192 243
47 54
71 98
155 252
234 264
162 259
56 126
117 254
16 99
255 269
164 208
137 248
120 253
240 244
52 175
120 202
188 230
57 92
154 273
64 163
60 157
59 69
91 102
213 232
164 264
244 255
122 144
53 93
68 255
113 197
184 200
24 149
33 72
36 180
33 150
35 81
14 52
36 102
18 104
39 167
12 30
100 243
19 54
124 193
1 243
23 163
119 146
73 266
65 73
165 174
24 179
84 195
0 274
213 233
15 215
198 268
4 115
45 78
34 220
75 102
28 220
57 251
184 263
102 126
165 168
192 226
5 81
132 262
25 81
114 194
176 273
29 256
43 241
18 151
248 249
17 112
82 124
110 178
59 81
148 251
0 4
10 77
81 183
81 256
94 265
19 83
37 165
232 260
153 222
12 248
191 227
193 256
121 136
177 190
17 168
233 243
13 243
244 267
168 254
250 272
115 131
102 270
158 249
77 188
86 119
99 126
44 161
45 252
48 215
246 261
34 158
64 211
222 257
124 272
3 154
242 261
113 259
65 82
76 197
150 177
48 60
61 142
144 201
26 57
71 137
54 217
126 181
175 233
17 249
71 94
142 171
58 218
9 114
197 251
134 197
55 251
16 262
17 136
78 135
113 270
203 234
91 252
102 245
150 185
80 216
182 188
83 218
152 193
25 169
183 267
76 81
32 198
11 50
262 267
80 164
35 214
25 132
92 190
152 248
42 110
64 237
50 186
144 171
71 107
132 200
155 193
69 149
52 169
75 117
111 149
157 245
2 37
81 95
118 188
99 143
74 142
52 201
32 227
3 146
53 120
175 202
144 267
18 117
46 149
78 171
12 89
3 212
252 257
131 199
76 149
134 263
248 256
124 195
77 173
135 208
47 90
16 34
60 81
34 196
158 260
49 134
22 196
57 223
69 117
267 270
0 143
195 213
113 145
118 144
55 132
116 272
124 265
12 216
138 177
140 214
64 210
10 201
89 241
28 151
23 49
260 261
58 71
12 195
63 100
57 140
177 199
67 73
188 245
47 248
135 200
164 202
221 226
55 56
153 262
123 150
17 116
176 228
59 232
249 268
113 247
90 115
209 271
122 240
217 271
53 91
107 188
75 101
102 221
17 216
49 57
34 36
25 155
169 262
77 192
145 217
19 241
52 227
93 159
172 262
175 187
119 252
109 210
157 257
20 78
91 242
137 232
268 271
155 172
42 163
136 228
13 209
10 259
24 203
130 176
96 120
142 157
181 254
81 125
6 103
20 40
183 194
80 264
86 124
7 67
51 270
176 208
8 63
51 252
23 99
33 188
88 252
75 228
215 229
10 21
141 183
96 208
43 148
110 144
88 269
74 192
70 257
86 108
115 242
106 162
175 190
70 102
187 238
73 247
63 200
47 240
26 87
43 260
94 209
90 258
54 220
38 205
0 190
34 109
93 146
6 202
4 76
108 181
216 222
143 179
167 248
37 172
34 169
10 191
77 166
2 250
27 108
105 258
47 120
11 121
76 107
5 79
44 142
39 241
49 87
0 163
50 74
79 162
43 244
229 263
118 222
10 12
53 61
7 11
152 196
87 152
66 144
75 167
127 228
32 216
22 192
167 271
211 250
111 165
120 150
137 247
181 187
42 140
34 95
101 204
245 248
34 149
80 98
111 119
139 140
190 220
146 201
119 150
16 254
22 197
82 230
169 189
75 104
56 273
8 149
24 146
75 230
36 167
170 199
20 61
48 110
136 270
144 190
148 157
121 262
134 146
54 253
190 215
52 242
176 227
41 122
33 107
66 251
117 179
255 260
51 117
122 123
106 122
90 126
36 194
25 40
219 261
181 253
45 79
19 149
10 36
1 168
119 266
179 225
200 264
106 209
18 202
215 230
130 202
173 195
243 254
4 126
8 27
238 265
34 269
105 130
53 178
95 255
14 30
33 181
137 194
49 189
69 261
42 117
165 245
44 69
171 269
97 222
88 165
231 253
175 271
29 225
37 226
172 243
160 263
124 201
86 266
19 132
0 6
170 244
60 70
212 217
12 193
209 225
109 167
102 241
161 202
50 92
56 171
23 50
11 125
46 65
22 123
56 62
125 184
6 228
146 204
68 230
104 160
94 148
21 138
155 216
35 73
11 20
74 271
11 217
125 182
169 257
8 69
144 195
31 137
168 200
115 214
92 252
69 136
32 186
118 254
145 261
50 85
50 83
100 240
187 198
170 201
115 268
54 229
165 221
24 228
82 96
93 236
50 87
3 256
13 116
39 204
59 222
169 239
56 152
150 183
20 80
20 82
6 44
79 173
67 88
106 245
73 135
182 190
135 181
15 89
163 203
52 139
70 116
65 153
48 239
115 223
79 137
154 247
90 211
187 232
92 197
29 56
179 239
119 187
63 84
23 175
16 238
67 79
113 148
47 237
2 186
116 170
63 158
108 147
23 136
154 160
171 181
156 246
22 54
51 114
91 200
70 94
98 219
104 268
53 154
12 251
8 105
38 56
125 259
236 272
145 220
9 111
61 67
270 272
156 187
9 108
58 127
70 107
12 226
114 273
5 269
152 211
251 259
86 227
36 72
20 51
76 186
111 230
49 106
107 215
60 89
36 274
163 211
32 219
248 273
33 98
10 51
177 235
215 260
179 200
93 132
117 146
164 168
122 132
89 266
26 273
36 244
58 63
170 174
47 165
130 192
71 268
144 182
51 165
130 172
115 138
74 125
16 240
205 227
22 248
114 230
173 224
134 194
70 154
50 265
175 217
45 216
85 214
129 209
134 150
70 254
125 268
228 229
79 230
42 70
111 256
122 197
34 264
50 79
41 130
29 255
95 181
12 94
109 188
208 243
142 190
9 237
107 219
1 40
75 242
110 160
176 179
143 232
7 70
102 228
169 205
60 183
225 250
63 144
37 238
138 272
226 246
56 149
81 168
124 182
117 248
97 265
16 234
48 179
183 253
101 269
2 254
44 110
119 269
10 52
239 253
185 245
116 206
136 170
199 240
144 170
185 269
8 216
136 224
242 259
125 159
50 196
0 36
83 199
124 126
139 183
19 243
60 201
243 262
62 163
22 41
4 60
133 138
98 273
3 50
38 145
227 247
158 173
22 39
25 29
18 113
137 168
102 181
11 52
11 104
153 235
91 245
234 238
141 273
0 127
26 174
102 146
166 255
123 225
171 266
40 204
121 257
154 201
69 214
58 128
156 243
195 268
65 241
188 269
80 111
248 257
167 223
104 180
70 132
146 273
139 223
81 157
57 98
72 135
154 175
36 269
86 256
139 147
67 105
4 272
97 193
40 170
65 216
14 220
16 122
57 241
2 100
138 178
3 94
74 149
101 164
204 222
19 195
26 231
117 167
23 194
65 160
110 200
44 221
205 251
58 178
67 120
100 217
186 222
73 122
23 91
160 256
98 153
21 212
8 78
150 172
263 271
20 58
85 219
7 266
56 91
75 264
157 231
75 125
151 184
210 216
102 226
247 259
138 158
83 253
142 169
241 247
148 174
40 224
51 73
87 190
149 183
1 6
86 165
89 161
131 138
20 223
181 260
33 93
22 101
187 210
49 158
36 169
10 144
94 248
99 189
152 184
97 236
64 231
236 242
56 274
199 272
39 264
21 165
199 264
224 229
157 244
77 90
218 247
2 208
52 79
106 206
138 196
128 210
72 156
155 247
70 142
211 232
200 208
137 215
71 129
12 57
43 72
94 267
3 118
58 134
67 177
208 252
237 249
37 255
228 248
214 270
158 265
126 209
8 142
152 245
167 181
38 270
43 129
118 177
25 47
101 234
96 219
75 159
15 74
82 231
3 241
126 166
93 186
144 229
63 103
32 134
101 251
39 149
112 268
6 254
230 247
146 264
10 186
104 119
36 227
208 273
119 258
117 191
18 64
44 131
74 133
37 174
27 253
74 214
218 245
250 262
100 148
110 205
178 230
98 215
147 245
68 204
113 253
25 177
247 268
28 35
24 96
27 156
8 167
12 245
52 159
86 272
8 134
27 208
152 191
103 121
90 177
209 222
114 138
93 123
103 231
141 219
171 174
69 82
7 10
148 156
67 167
87 150
132 236
44 179
34 92
166 177
109 206
11 51
23 125
11 212
49 201
25 129
120 207
11 145
31 106
69 102
30 40
60 255
1 135
26 40
79 182
52 173
224 234
98 240
175 210
232 233
72 178
76 178
104 138
148 254
123 268
103 141
4 138
107 161
95 111
224 260
218 268
38 176
83 257
59 265
49 249
93 215
135 164
146 169
201 260
100 183
52 74
98 143
187 208
153 179
93 99
49 257
244 260
11 171
20 133
29 160
82 203
54 82
32 212
129 272
34 160
32 230
158 257
159 177
153 163
72 130
39 201
209 223
108 206
41 172
17 73
182 209
84 207
183 218
21 105
24 208
80 249
53 230
15 208
106 173
47 55
161 208
165 254
64 164
38 130
97 186
203 211
2 67
194 201
40 51
44 167
84 151
209 253
18 144
231 254
47 182
168 194
231 241
175 200
19 107
72 80
8 241
80 136
35 185
1 41
34 145
117 142
212 237
16 76
250 253
52 114
35 263
13 61
41 248
117 219
7 183
27 255
124 127
186 187
67 188
18 157
235 270
5 92
62 145
119 268
39 79
150 252
58 264
148 247
39 231
145 262
7 96
103 247
44 220
30 189
150 225
89 178
258 274
66 250
155 238
69 192
123 229
19 91
109 201
39 222
162 172
26 186
229 273
191 273
126 258
5 59
29 173
177 266
134 173
153 176
167 270
84 170
31 246
31 223
129 189
222 253
34 253
11 172
121 215
73 151
218 225
45 247
2 45
12 176
219 274
212 230
134 208
202 241
28 218
13 240
29 38
58 261
68 92
146 200
13 96
39 71
34 215
12 64
28 122
35 234
190 209
105 261
31 120
68 149
80 137
88 131
29 57
49 176
34 172
36 174
50 159
101 154
40 254
184 240
93 103
130 155
195 235
75 145
191 257
76 172
8 100
198 273
51 90
80 126
96 128
151 214
52 229
102 135
169 271
171 242
15 228
188 273
159 181
92 143
45 133
78 266
54 222
95 216
55 215
12 34
55 271
121 237
63 104
113 225
15 50
67 72
104 155
57 164
1 99
15 245
19 105
28 47
80 209
83 142
59 257
97 198
11 81
72 126
17 174
34 86
14 185
24 40
76 140
68 237
18 90
51 256
76 222
84 143
78 89
152 226
140 273
94 97
156 164
5 272
162 181
54 100
147 178
171 258
64 102
54 180
73 242
192 204
116 244
31 34
86 249
229 231
89 245
90 187
46 270
52 217
2 183
49 162
10 160
266 274
107 241
49 78
13 161
53 228
168 262
30 273
87 156
69 109
105 252
30 208
28 44
211 260
121 148
178 207
124 232
54 93
181 183
202 233
80 95
21 213
26 181
63 255
65 133
155 227
66 194
61 68
31 71
81 214
93 145
68 74
134 242
228 265
195 259
66 156
177 187
33 203
139 243
6 205
144 164
121 145
175 213
159 216
266 267
193 215
72 247
27 57
0 128
162 208
69 123
95 116
1 42
237 241
6 215
122 177
163 253
62 102
37 126
137 237
158 266
100 109
145 206
146 233
110 132
126 134
24 174
21 162
127 159
37 265
45 177
171 268
167 256
40 91
174 253
6 81
109 271
125 221
40 195
40 146
11 119
129 203
188 257
28 211
26 125
75 81
30 95
81 86
12 14
122 126
146 187
227 265
213 256
52 69
3 184
12 159
50 102
213 241
122 202
39 213
75 162
53 60
41 188
92 232
40 180
186 215
189 232
185 220
54 88
69 114
63 93
43 213
115 263
49 200
9 223
22 244
1 71
228 254
238 243
204 265
146 232
35 39
100 170
168 204
46 96
64 121
59 250
111 253
66 121
225 265
9 72
130 268
24 100
63 68
201 223
21 61
106 207
42 90
16 209
76 136
55 250
84 210
164 247
46 245
47 259
30 102
143 160
148 222
7 131
5 68
4 25
141 188
123 259
170 262
56 115
263 269
110 260
9 120
66 272
269 270
149 242
146 181
180 231
29 234
70 139
121 243
201 202
175 232
221 251
16 28
80 193
176 259
78 209
105 206
196 203
68 269
93 94
72 74
118 199
80 223
24 209
0 219
118 180
98 175
122 246
66 269
116 192
175 247
108 256
121 187
109 229
61 208
117 165
63 263
70 223
113 221
61 121
99 231
136 200
2 28
66 222
108 209
96 248
42 75
47 254
17 183
30 59
22 205
52 199
31 146
121 211
112 156
97 191
89 274
161 194
23 42
120 257
27 252
105 219
49 187
39 175
61 205
133 135
159 267
13 210
89 153
32 85
30 120
35 40
87 262
126 173
100 233
155 196
73 115
123 153
152 214
60 132
158 256
69 218
63 271
51 167
3 205
157 274
16 219
55 247
90 224
74 179
244 263
210 254
249 259
43 121
194 197
26 243
208 241
98 116
188 240
51 169
5 233
117 206
63 151
63 268
42 157
141 180
26 147
157 176
199 256
23 201
33 50
43 190
71 123
109 261
51 140
260 268
61 188
58 272
119 204
67 187
64 195
138 256
105 122
89 162
88 196
7 93
123 271
29 70
11 54
93 96
6 14
190 226
77 184
31 210
93 216
4 192
69 226
133 166
17 75
53 153
90 121
93 144
21 25
156 177
25 234
165 172
138 247
85 99
15 32
142 165
150 267
163 219
212 224
102 151
118 172
17 98
163 212
47 132
67 181
67 172
74 252
24 44
13 153
159 165
68 98
195 214
85 102
16 206
19 187
262 271
89 177
18 270
204 230
18 266
238 274
110 199
54 219
155 267
40 62
141 169
28 240
39 179
35 262
25 167
143 177
209 272
14 101
186 196
223 243
198 207
198 210
21 110
139 173
66 79
9 149
123 169
13 254
57 243
85 166
70 209
64 107
113 157
42 253
0 53
92 100
71 79
73 182
93 126
58 224
31 266
1 257
156 190
108 208
161 250
75 247
69 242
50 71
100 101
58 199
78 219
36 94
272 273
34 273
32 66
80 85
72 235
48 248
158 234
93 196
105 136
173 179
191 244
51 80
44 53
178 253
216 239
151 222
175 227
72 128
81 167
99 137
0 204
60 229
33 165
95 269
48 76
48 153
58 74
126 182
75 223
14 239
200 240
24 260
202 259
83 93
1 238
151 196
155 207
142 250
99 183
187 244
78 117
97 114
92 131
167 260
78 220
161 243
71 97
77 168
233 254
74 272
49 234
51 88
55 107
98 263
92 195
117 139
232 240
93 161
166 172
26 131
143 257
42 129
55 131
97 240
88 178
13 234
185 263
53 261
13 48
90 136
217 236
113 149
143 258
181 204
48 63
163 238
33 124
12 54
165 236
117 168
16 87
46 51
51 56
30 171
177 237
68 268
89 116
135 159
17 221
62 133
41 53
70 98
4 121
165 199
14 108
106 203
57 79
207 251
35 255
13 65
151 206
116 231
46 83
151 249
35 187
26 70
42 125
115 177
83 87
16 264
88 181
25 159
68 169
1 223
125 132
61 172
115 261
50 163
197 213
130 144
24 207
197 220
136 153
218 228
108 264
197 240
32 263
35 117
107 201
127 255
99 160
160 265
129 242
217 265
13 149
12 175
13 118
2 104
52 210
99 195
184 211
39 124
20 42
21 104
163 257
38 223
48 59
114 269
66 83
30 89
8 172
67 178
232 256
107 216
84 192
171 243
99 170
176 218
62 258
148 273
24 33
15 59
101 155
32 60
223 258
19 147
6 258
227 240
213 260
20 154
35 167
75 129
145 224
109 112
19 198
109 250
182 196
29 165
74 117
32 155
43 214
22 168
120 136
122 138
5 45
160 180
164 255
27 258
222 244
60 88
112 227
36 51
6 207
62 84
46 195
48 136
116 197
125 218
144 165
49 98
178 232
76 143
222 271
123 208
87 104
29 91
62 230
185 207
203 215
56 245
45 239
106 260
15 246
183 205
75 187
117 274
52 177
166 210
89 181
16 67
169 242
42 149
41 164
217 248
194 221
75 197
141 161
71 134
80 167
91 213
26 63
6 31
66 171
126 144
248 265
106 141
93 104
161 193
135 202
20 205
13 35
130 170
33 64
195 249
13 136
70 204
4 7
79 139
121 180
191 235
16 115
4 19
82 236
129 138
145 235
85 259
203 235
139 197
141 245
25 242
93 264
30 237
73 108
41 152
133 221
12 199
177 194
31 225
19 193
231 242
28 88
118 184
205 229
92 251
61 271
31 244
26 67
181 262
31 70
135 215
26 209
127 166
77 124
168 218
44 172
28 135
96 182
194 243
11 264
26 230
68 242
95 224
135 163
24 65
142 182
179 206
140 243
22 187
85 106
4 152
19 59
13 137
224 240
83 240
9 88
100 228
19 188
207 252
87 126
206 270
40 234
35 260
102 175
28 243
134 175
168 181
116 161
97 214
185 249
165 248
37 119
21 198
67 69
51 246
108 199
202 249
79 247
85 270
128 148
36 135
91 239
112 186
36 249
12 228
211 248
22 32
53 210
30 207
162 164
40 94
17 220
196 232
144 262
92 164
89 113
26 213
107 174
39 180
91 142
59 116
14 121
247 272
130 217
14 125
108 122
91 159
144 161
27 212
129 187
27 96
9 172
41 207
231 247
18 161
213 226
8 210
161 207
62 260
112 262
11 155
5 8
133 219
7 244
150 165
46 71
50 194
39 224
178 205
105 198
11 205
203 256
41 214
181 259
179 193
199 212
69 126
136 209
126 188
52 160
3 274
137 184
245 262
162 214
101 205
148 237
147 211
28 163
60 153
186 270
255 264
128 166
39 159
111 189
49 77
48 192
26 158
30 224
152 225
79 249
115 199
139 202
63 140
45 112
218 233
113 248
95 189
194 229
130 161
10 218
239 260
70 238
60 71
59 183
55 244
85 134
26 72
222 265
37 85
28 80
163 255
26 137
210 245
4 95
99 131
211 245
126 248
31 186
10 224
8 188
13 265
33 271
154 210
191 222
1 222
75 239
49 210
112 126
179 231
58 248
148 268
65 184
202 265
35 86
246 274
67 198
93 223
136 243
81 237
132 210
58 173
56 136
11 211
136 213
34 182
133 191
62 128
78 213
49 59
67 86
251 260
59 193
42 226
100 221
42 197
130 187
30 163
171 274
73 105
32 251
80 100
68 85
76 161
85 96
158 217
86 155
76 117
26 83
88 112
3 74
67 154
198 245
37 197
177 269
35 110
78 227
108 211
104 260
167 231
69 251
180 266
60 75
232 241
207 254
53 143
14 24
32 224
162 222
0 80
69 132
82 171
211 239
105 166
87 250
58 208
98 198
217 232
41 235
86 188
66 210
204 259
107 213
226 270
99 101
156 179
51 268
140 175
50 78
85 173
9 130
25 38
161 258
36 48
118 236
63 182
83 88
21 135
54 161
208 211
40 231
67 108
227 261
34 176
93 227
51 102
18 85
0 100
50 63
50 188
