275
11
13563
60
205 2
220 2
101 2
391 4
148 2
164 3
215 3
195 1
225 4
186 2
120 1
416 1
222 4
276 1
247 2
99 1
51 3
416 4
375 5
149 3
374 2
144 1
37 3
296 5
90 2
287 1
363 5
411 1
414 3
370 4
178 4
269 1
198 1
228 2
319 1
164 2
405 5
91 1
128 2
45 4
271 4
201 2
259 4
331 2
314 5
277 2
43 2
81 5
126 4
268 4
351 3
321 5
222 2
378 2
194 4
296 2
170 2
261 5
374 3
146 1
55 4
339 2
340 3
340 1
191 2
213 3
332 4
124 2
95 5
153 3
93 2
231 4
297 1
175 1
286 3
192 4
263 3
261 2
229 1
398 3
185 5
199 3
172 4
201 2
334 1
310 5
361 4
170 1
233 1
235 3
120 4
376 2
226 5
345 3
240 3
358 2
139 2
323 4
248 5
279 4
188 2
115 4
402 1
243 4
210 4
93 3
278 5
174 5
71 1
59 2
70 5
72 3
313 3
149 4
88 3
219 3
305 5
387 1
335 4
142 4
236 2
405 1
115 2
127 3
44 4
206 3
107 2
390 3
281 2
397 4
278 4
218 1
145 5
292 5
85 3
212 3
160 5
307 2
348 3
261 5
40 4
339 1
206 4
396 5
409 5
183 4
150 4
93 2
258 4
184 2
278 3
246 4
82 3
371 1
381 1
209 2
325 1
278 2
229 3
364 3
112 1
281 2
260 2
399 2
202 1
392 5
293 1
314 4
254 3
120 2
223 3
49 2
101 3
61 4
302 2
214 5
37 4
188 1
165 2
58 2
273 5
277 4
346 2
390 2
351 2
175 3
202 4
192 3
66 4
298 5
375 3
230 2
349 5
176 4
360 4
416 4
359 1
148 4
102 2
99 2
65 1
305 4
41 3
358 2
364 4
344 1
375 5
190 1
190 5
333 1
248 3
400 2
145 3
236 1
192 1
209 2
337 3
221 2
298 2
75 2
312 1
343 3
345 4
194 1
79 2
145 5
398 3
90 4
407 2
90 5
217 4
175 2
410 3
373 1
89 1
387 4
254 2
289 3
222 5
164 5
300 4
43 2
115 4
372 1
258 3
294 1
90 3
81 4
118 4
250 5
390 4
120 3
248 4
129 5
196 3
416 3
373 4
193 5
357 3
88 4
327 3
333 3
37 4
388 5
289 1
268 1
334 3
89 5
397 5
323 3
352 4
50 1
112 2
158 1
37 5
48 197
36 107
153 207
167 246
125 253
18 203
111 172
6 162
104 263
118 228
187 230
69 113
1 188
185 259
33 197
3 47
101 242
94 178
0 90
3 127
33 56
50 242
185 228
165 187
106 176
130 194
149 225
23 214
51 220
121 271
45 256
142 198
68 136
58 228
127 256
8 71
174 247
81 188
177 205
64 187
105 210
19 205
46 214
17 94
75 231
46 103
6 76
92 103
39 256
157 201
188 270
10 57
15 210
107 195
49 108
8 154
134 265
119 219
16 23
47 239
79 224
95 246
135 264
98 266
44 218
22 230
172 175
184 239
84 118
38 211
72 166
9 17
126 208
38 68
44 243
12 67
38 127
73 169
91 226
30 170
139 228
52 82
88 111
86 103
23 228
153 167
29 194
131 161
4 163
40 42
68 127
65 95
143 186
225 231
15 85
107 137
21 100
78 168
63 98
201 221
142 229
90 137
109 251
17 96
50 274
90 164
239 250
47 257
254 264
27 233
20 88
186 245
119 224
43 271
14 149
127 131
23 106
80 166
3 33
193 249
19 212
135 243
56 247
9 240
16 220
143 208
74 256
86 95
11 134
79 207
138 170
147 225
158 243
14 57
35 77
63 225
47 66
106 131
65 155
26 261
13 128
57 100
51 107
66 209
98 160
183 202
41 129
72 258
88 258
238 262
105 162
117 177
101 193
46 191
192 243
47 54
71 98
155 252
234 264
162 259
56 126
117 254
16 99
255 269
164 208
137 248
120 253
240 244
52 175
120 202
188 230
57 92
154 273
64 163
60 157
59 69
91 102
213 232
164 264
244 255
122 144
53 93
68 255
113 197
184 200
24 149
33 72
36 180
33 150
35 81
14 52
36 102
18 104
39 167
12 30
100 243
19 54
124 193
1 243
23 163
119 146
73 266
65 73
165 174
24 179
84 195
0 274
213 233
15 215
198 268
4 115
45 78
34 220
75 102
28 220
57 251
184 263
102 126
165 168
192 226
5 81
132 262
25 81
114 194
176 273
29 256
43 241
18 151
248 249
17 112
82 124
110 178
59 81
148 251
0 4
10 77
81 183
81 256
94 265
19 83
37 165
232 260
153 222
12 248
191 227
193 256
121 136
177 190
17 168
233 243
13 243
244 267
168 254
250 272
115 131
102 270
158 249
77 188
86 119
99 126
44 161
45 252
48 215
246 261
34 158
64 211
222 257
124 272
3 154
242 261
113 259
65 82
76 197
150 177
48 60
61 142
144 201
26 57
71 137
54 217
126 181
175 233
17 249
71 94
142 171
58 218
9 114
197 251
134 197
55 251
16 262
17 136
78 135
113 270
203 234
91 252
102 245
150 185
80 216
182 188
83 218
152 193
25 169
183 267
76 81
32 198
11 50
262 267
80 164
35 214
25 132
92 190
152 248
42 110
64 237
50 186
144 171
71 107
132 200
155 193
69 149
52 169
75 117
111 149
157 245
2 37
81 95
118 188
99 143
74 142
52 201
32 227
3 146
53 120
175 202
144 267
18 117
46 149
78 171
12 89
3 212
252 257
131 199
76 149
134 263
248 256
124 195
77 173
135 208
47 90
16 34
60 81
34 196
158 260
49 134
22 196
57 223
69 117
267 270
0 143
195 213
113 145
118 144
55 132
116 272
124 265
12 216
138 177
140 214
64 210
10 201
89 241
28 151
23 49
260 261
58 71
12 195
63 100
57 140
177 199
67 73
188 245
47 248
135 200
164 202
221 226
55 56
153 262
123 150
17 116
176 228
59 232
249 268
113 247
90 115
209 271
122 240
217 271
53 91
107 188
75 101
102 221
17 216
49 57
34 36
25 155
169 262
77 192
145 217
19 241
52 227
93 159
172 262
175 187
119 252
109 210
157 257
20 78
91 242
137 232
268 271
155 172
42 163
136 228
13 209
10 259
24 203
130 176
96 120
142 157
181 254
81 125
6 103
20 40
183 194
80 264
86 124
7 67
51 270
176 208
8 63
51 252
23 99
33 188
88 252
75 228
215 229
10 21
141 183
96 208
43 148
110 144
88 269
74 192
70 257
86 108
115 242
106 162
175 190
70 102
187 238
73 247
63 200
47 240
26 87
43 260
94 209
90 258
54 220
38 205
0 190
34 109
93 146
6 202
4 76
108 181
216 222
143 179
167 248
37 172
34 169
10 191
77 166
2 250
27 108
105 258
47 120
11 121
76 107
5 79
44 142
39 241
49 87
0 163
50 74
79 162
43 244
229 263
118 222
10 12
53 61
7 11
152 196
87 152
66 144
75 167
127 228
32 216
22 192
167 271
211 250
111 165
120 150
137 247
181 187
42 140
34 95
101 204
245 248
34 149
80 98
111 119
139 140
190 220
146 201
119 150
16 254
22 197
82 230
169 189
75 104
56 273
8 149
24 146
75 230
36 167
170 199
20 61
48 110
136 270
144 190
148 157
121 262
134 146
54 253
190 215
52 242
176 227
41 122
33 107
66 251
117 179
255 260
51 117
122 123
106 122
90 126
36 194
25 40
219 261
181 253
45 79
19 149
10 36
1 168
119 266
179 225
200 264
106 209
18 202
215 230
130 202
173 195
243 254
4 126
8 27
238 265
34 269
105 130
53 178
95 255
14 30
33 181
137 194
49 189
69 261
42 117
165 245
44 69
171 269
97 222
88 165
231 253
175 271
29 225
37 226
172 243
160 263
124 201
86 266
19 132
0 6
170 244
60 70
212 217
12 193
209 225
109 167
102 241
161 202
50 92
56 171
23 50
11 125
46 65
22 123
56 62
125 184
6 228
146 204
68 230
104 160
94 148
21 138
155 216
35 73
11 20
74 271
11 217
125 182
169 257
8 69
144 195
31 137
168 200
115 214
92 252
69 136
32 186
118 254
145 261
50 85
50 83
100 240
187 198
170 201
115 268
54 229
165 221
24 228
82 96
93 236
50 87
3 256
13 116
39 204
59 222
169 239
56 152
150 183
20 80
20 82
6 44
79 173
67 88
106 245
73 135
182 190
135 181
15 89
163 203
52 139
70 116
65 153
48 239
115 223
79 137
154 247
90 211
187 232
92 197
29 56
179 239
119 187
63 84
23 175
16 238
67 79
113 148
47 237
2 186
116 170
63 158
108 147
23 136
154 160
171 181
156 246
22 54
51 114
91 200
70 94
98 219
104 268
53 154
12 251
8 105
38 56
125 259
236 272
145 220
9 111
61 67
270 272
156 187
9 108
58 127
70 107
12 226
114 273
5 269
152 211
251 259
86 227
36 72
20 51
76 186
111 230
49 106
107 215
60 89
36 274
163 211
32 219
248 273
33 98
10 51
177 235
215 260
179 200
93 132
117 146
164 168
122 132
89 266
26 273
36 244
58 63
170 174
47 165
130 192
71 268
144 182
51 165
130 172
115 138
74 125
16 240
205 227
22 248
114 230
173 224
134 194
70 154
50 265
175 217
45 216
85 214
129 209
134 150
70 254
125 268
228 229
79 230
42 70
111 256
122 197
34 264
50 79
41 130
29 255
95 181
12 94
109 188
208 243
142 190
9 237
107 219
1 40
75 242
110 160
176 179
143 232
7 70
102 228
169 205
60 183
225 250
63 144
37 238
138 272
226 246
56 149
81 168
124 182
117 248
97 265
16 234
48 179
183 253
101 269
2 254
44 110
119 269
10 52
239 253
185 245
116 206
136 170
199 240
144 170
185 269
8 216
136 224
242 259
125 159
50 196
0 36
83 199
124 126
139 183
19 243
60 201
243 262
62 163
22 41
4 60
133 138
98 273
3 50
38 145
227 247
158 173
22 39
25 29
18 113
137 168
102 181
11 52
11 104
153 235
91 245
234 238
141 273
0 127
26 174
102 146
166 255
123 225
171 266
40 204
121 257
154 201
69 214
58 128
156 243
195 268
65 241
188 269
80 111
248 257
167 223
104 180
70 132
146 273
139 223
81 157
57 98
72 135
154 175
36 269
86 256
139 147
67 105
4 272
97 193
40 170
65 216
14 220
16 122
57 241
2 100
138 178
3 94
74 149
101 164
204 222
19 195
26 231
117 167
23 194
65 160
110 200
44 221
205 251
58 178
67 120
100 217
186 222
73 122
23 91
160 256
98 153
21 212
8 78
150 172
263 271
20 58
85 219
7 266
56 91
75 264
157 231
75 125
151 184
210 216
102 226
247 259
138 158
83 253
142 169
241 247
148 174
40 224
51 73
87 190
149 183
1 6
86 165
89 161
131 138
20 223
181 260
33 93
22 101
187 210
49 158
36 169
10 144
94 248
99 189
152 184
97 236
64 231
236 242
56 274
199 272
39 264
21 165
199 264
224 229
157 244
77 90
218 247
2 208
52 79
106 206
138 196
128 210
72 156
155 247
70 142
211 232
200 208
137 215
71 129
12 57
43 72
94 267
3 118
58 134
67 177
208 252
237 249
37 255
228 248
214 270
158 265
126 209
8 142
152 245
167 181
38 270
43 129
118 177
25 47
101 234
96 219
75 159
15 74
82 231
3 241
126 166
93 186
144 229
63 103
32 134
101 251
39 149
112 268
6 254
230 247
146 264
10 186
104 119
36 227
208 273
119 258
117 191
18 64
44 131
74 133
37 174
27 253
74 214
218 245
250 262
100 148
110 205
178 230
98 215
147 245
68 204
113 253
25 177
247 268
28 35
24 96
27 156
8 167
12 245
52 159
86 272
8 134
27 208
152 191
103 121
90 177
209 222
114 138
93 123
103 231
141 219
171 174
69 82
7 10
148 156
67 167
87 150
132 236
44 179
34 92
166 177
109 206
11 51
23 125
11 212
49 201
25 129
120 207
11 145
31 106
69 102
30 40
60 255
1 135
26 40
79 182
52 173
224 234
98 240
175 210
232 233
72 178
76 178
104 138
148 254
123 268
103 141
4 138
107 161
95 111
224 260
218 268
38 176
83 257
59 265
49 249
93 215
135 164
146 169
201 260
100 183
52 74
98 143
187 208
153 179
93 99
49 257
244 260
11 171
20 133
29 160
82 203
54 82
32 212
129 272
34 160
32 230
158 257
159 177
153 163
72 130
39 201
209 223
108 206
41 172
17 73
182 209
84 207
183 218
21 105
24 208
80 249
53 230
15 208
106 173
47 55
161 208
165 254
64 164
38 130
97 186
203 211
2 67
194 201
40 51
44 167
84 151
209 253
18 144
231 254
47 182
168 194
231 241
175 200
19 107
72 80
8 241
80 136
35 185
1 41
34 145
117 142
212 237
16 76
250 253
52 114
35 263
13 61
41 248
117 219
7 183
27 255
124 127
186 187
67 188
18 157
235 270
5 92
62 145
119 268
39 79
150 252
58 264
148 247
39 231
145 262
7 96
103 247
44 220
30 189
150 225
89 178
258 274
66 250
155 238
69 192
123 229
19 91
109 201
39 222
162 172
26 186
229 273
191 273
126 258
5 59
29 173
177 266
134 173
153 176
167 270
84 170
31 246
31 223
129 189
222 253
34 253
11 172
121 215
73 151
218 225
45 247
2 45
12 176
219 274
212 230
134 208
202 241
28 218
13 240
29 38
58 261
68 92
146 200
13 96
39 71
34 215
12 64
28 122
35 234
190 209
105 261
31 120
68 149
80 137
88 131
29 57
49 176
34 172
36 174
50 159
101 154
40 254
184 240
93 103
130 155
195 235
75 145
191 257
76 172
8 100
198 273
51 90
80 126
96 128
151 214
52 229
102 135
169 271
171 242
15 228
188 273
159 181
92 143
45 133
78 266
54 222
95 216
55 215
12 34
55 271
121 237
63 104
113 225
15 50
67 72
104 155
57 164
1 99
15 245
19 105
28 47
80 209
83 142
59 257
97 198
11 81
72 126
17 174
34 86
14 185
24 40
76 140
68 237
18 90
51 256
76 222
84 143
78 89
152 226
140 273
94 97
156 164
5 272
162 181
54 100
147 178
171 258
64 102
54 180
73 242
192 204
116 244
31 34
86 249
229 231
89 245
90 187
46 270
52 217
2 183
49 162
10 160
266 274
107 241
49 78
13 161
53 228
168 262
30 273
87 156
69 109
105 252
30 208
28 44
211 260
121 148
178 207
124 232
54 93
181 183
202 233
80 95
21 213
26 181
63 255
65 133
155 227
66 194
61 68
31 71
81 214
93 145
68 74
134 242
228 265
195 259
66 156
177 187
33 203
139 243
6 205
144 164
121 145
175 213
159 216
266 267
193 215
72 247
27 57
0 128
162 208
69 123
95 116
1 42
237 241
6 215
122 177
163 253
62 102
37 126
137 237
158 266
100 109
145 206
146 233
110 132
126 134
24 174
21 162
127 159
37 265
45 177
171 268
167 256
40 91
174 253
6 81
109 271
125 221
40 195
40 146
11 119
129 203
188 257
28 211
26 125
75 81
30 95
81 86
12 14
122 126
146 187
227 265
213 256
52 69
3 184
12 159
50 102
213 241
122 202
39 213
75 162
53 60
41 188
92 232
40 180
186 215
189 232
185 220
54 88
69 114
63 93
43 213
115 263
49 200
9 223
22 244
1 71
228 254
238 243
204 265
146 232
35 39
100 170
168 204
46 96
64 121
59 250
111 253
66 121
225 265
9 72
130 268
24 100
63 68
201 223
21 61
106 207
42 90
16 209
76 136
55 250
84 210
164 247
46 245
47 259
30 102
143 160
148 222
7 131
5 68
4 25
141 188
123 259
170 262
56 115
263 269
110 260
9 120
66 272
269 270
149 242
146 181
180 231
29 234
70 139
121 243
201 202
175 232
221 251
16 28
80 193
176 259
78 209
105 206
196 203
68 269
93 94
72 74
118 199
80 223
24 209
0 219
118 180
98 175
122 246
66 269
116 192
175 247
108 256
121 187
109 229
61 208
117 165
63 263
70 223
113 221
61 121
99 231
136 200
2 28
66 222
108 209
96 248
42 75
47 254
17 183
30 59
22 205
52 199
31 146
121 211
112 156
97 191
89 274
161 194
23 42
120 257
27 252
105 219
49 187
39 175
61 205
133 135
159 267
13 210
89 153
32 85
30 120
35 40
87 262
126 173
100 233
155 196
73 115
123 153
152 214
60 132
158 256
69 218
63 271
51 167
3 205
157 274
16 219
55 247
90 224
74 179
244 263
210 254
249 259
43 121
194 197
26 243
208 241
98 116
188 240
51 169
5 233
117 206
63 151
63 268
42 157
141 180
26 147
157 176
199 256
23 201
33 50
43 190
71 123
109 261
51 140
260 268
61 188
58 272
119 204
67 187
64 195
138 256
105 122
89 162
88 196
7 93
123 271
29 70
11 54
93 96
6 14
190 226
77 184
31 210
93 216
4 192
69 226
133 166
17 75
53 153
90 121
93 144
21 25
156 177
25 234
165 172
138 247
85 99
15 32
142 165
150 267
163 219
212 224
102 151
118 172
17 98
163 212
47 132
67 181
67 172
74 252
24 44
13 153
159 165
68 98
195 214
85 102
16 206
19 187
262 271
89 177
18 270
204 230
18 266
238 274
110 199
54 219
155 267
40 62
141 169
28 240
39 179
35 262
25 167
143 177
209 272
14 101
186 196
223 243
198 207
198 210
21 110
139 173
66 79
9 149
123 169
13 254
57 243
85 166
70 209
64 107
113 157
42 253
0 53
92 100
71 79
73 182
93 126
58 224
31 266
1 257
156 190
108 208
161 250
75 247
69 242
50 71
100 101
58 199
78 219
36 94
272 273
34 273
32 66
80 85
72 235
48 248
158 234
93 196
105 136
173 179
191 244
51 80
44 53
178 253
216 239
151 222
175 227
72 128
81 167
99 137
0 204
60 229
33 165
95 269
48 76
48 153
58 74
126 182
75 223
14 239
200 240
24 260
202 259
83 93
1 238
151 196
155 207
142 250
99 183
187 244
78 117
97 114
92 131
167 260
78 220
161 243
71 97
77 168
233 254
74 272
49 234
51 88
55 107
98 263
92 195
117 139
232 240
93 161
166 172
26 131
143 257
42 129
55 131
97 240
88 178
13 234
185 263
53 261
13 48
90 136
217 236
113 149
143 258
181 204
48 63
163 238
33 124
12 54
165 236
117 168
16 87
46 51
51 56
30 171
177 237
68 268
89 116
135 159
17 221
62 133
41 53
70 98
4 121
165 199
14 108
106 203
57 79
207 251
35 255
13 65
151 206
116 231
46 83
151 249
35 187
26 70
42 125
115 177
83 87
16 264
88 181
25 159
68 169
1 223
125 132
61 172
115 261
50 163
197 213
130 144
24 207
197 220
136 153
218 228
108 264
197 240
32 263
35 117
107 201
127 255
99 160
160 265
129 242
217 265
13 149
12 175
13 118
2 104
52 210
99 195
184 211
39 124
20 42
21 104
163 257
38 223
48 59
114 269
66 83
30 89
8 172
67 178
232 256
107 216
84 192
171 243
99 170
176 218
62 258
148 273
24 33
15 59
101 155
32 60
223 258
19 147
6 258
227 240
213 260
20 154
35 167
75 129
145 224
109 112
19 198
109 250
182 196
29 165
74 117
32 155
43 214
22 168
120 136
122 138
5 45
160 180
164 255
27 258
222 244
60 88
112 227
36 51
6 207
62 84
46 195
48 136
116 197
125 218
144 165
49 98
178 232
76 143
222 271
123 208
87 104
29 91
62 230
185 207
203 215
56 245
45 239
106 260
15 246
183 205
75 187
117 274
52 177
166 210
89 181
16 67
169 242
42 149
41 164
217 248
194 221
75 197
141 161
71 134
80 167
91 213
26 63
6 31
66 171
126 144
248 265
106 141
93 104
161 193
135 202
20 205
13 35
130 170
33 64
195 249
13 136
70 204
4 7
79 139
121 180
191 235
16 115
4 19
82 236
129 138
145 235
85 259
203 235
139 197
141 245
25 242
93 264
30 237
73 108
41 152
133 221
12 199
177 194
31 225
19 193
231 242
28 88
118 184
205 229
92 251
61 271
31 244
26 67
181 262
31 70
135 215
26 209
127 166
77 124
168 218
44 172
28 135
96 182
194 243
11 264
26 230
68 242
95 224
135 163
24 65
142 182
179 206
140 243
22 187
85 106
4 152
19 59
13 137
224 240
83 240
9 88
100 228
19 188
207 252
87 126
206 270
40 234
35 260
102 175
28 243
134 175
168 181
116 161
97 214
185 249
165 248
37 119
21 198
67 69
51 246
108 199
202 249
79 247
85 270
128 148
36 135
91 239
112 186
36 249
12 228
211 248
22 32
53 210
30 207
162 164
40 94
17 220
196 232
144 262
92 164
89 113
26 213
107 174
39 180
91 142
59 116
14 121
247 272
130 217
14 125
108 122
91 159
144 161
27 212
129 187
27 96
9 172
41 207
231 247
18 161
213 226
8 210
161 207
62 260
112 262
11 155
5 8
133 219
7 244
150 165
46 71
50 194
39 224
178 205
105 198
11 205
203 256
41 214
181 259
179 193
199 212
69 126
136 209
126 188
52 160
3 274
137 184
245 262
162 214
101 205
148 237
147 211
28 163
60 153
186 270
255 264
128 166
39 159
111 189
49 77
48 192
26 158
30 224
152 225
79 249
115 199
139 202
63 140
45 112
218 233
113 248
95 189
194 229
130 161
10 218
239 260
70 238
60 71
59 183
55 244
85 134
26 72
222 265
37 85
28 80
163 255
26 137
210 245
4 95
99 131
211 245
126 248
31 186
10 224
8 188
13 265
33 271
154 210
191 222
1 222
75 239
49 210
112 126
179 231
58 248
148 268
65 184
202 265
35 86
246 274
67 198
93 223
136 243
81 237
132 210
58 173
56 136
11 211
136 213
34 182
133 191
62 128
78 213
49 59
67 86
251 260
59 193
42 226
100 221
42 197
130 187
30 163
171 274
73 105
32 251
80 100
68 85
76 161
85 96
158 217
86 155
76 117
26 83
88 112
3 74
67 154
198 245
37 197
177 269
35 110
78 227
108 211
104 260
167 231
69 251
180 266
60 75
232 241
207 254
53 143
14 24
32 224
162 222
0 80
69 132
82 171
211 239
105 166
87 250
58 208
98 198
217 232
41 235
86 188
66 210
204 259
107 213
226 270
99 101
156 179
51 268
140 175
50 78
85 173
9 130
25 38
161 258
36 48
118 236
63 182
83 88
21 135
54 161
208 211
40 231
67 108
227 261
34 176
93 227
51 102
18 85
0 100
50 63
50 188
44 264
60 273
99 120
130 265
84 185
177 241
89 224
111 178
36 237
80 184
228 264
7 220
53 108
66 232
96 271
77 141
52 179
238 269
22 190
40 112
25 202
92 137
23 248
82 155
67 192
56 176
144 158
25 71
9 10
9 70
34 154
21 73
0 107
21 43
190 197
31 53
58 203
7 75
195 216
141 243
9 80
115 168
145 244
110 148
89 256
157 186
36 258
72 227
11 182
126 167
75 200
41 215
138 251
112 122
180 182
5 164
142 217
21 171
55 226
61 186
165 204
189 253
2 124
7 150
206 213
97 124
6 216
61 191
100 214
199 223
81 159
146 197
46 64
44 163
116 129
76 88
6 112
116 187
134 176
45 211
137 229
75 220
16 70
109 202
3 223
191 246
90 194
69 227
50 127
14 211
65 257
76 272
20 241
125 163
32 103
102 129
81 104
62 186
132 237
12 48
143 193
149 244
53 68
38 51
26 64
30 125
162 219
125 153
185 248
190 217
73 124
69 139
41 57
89 222
176 239
43 108
49 55
13 110
56 236
51 55
76 120
137 196
134 216
198 248
38 161
125 201
106 164
77 160
88 139
31 220
79 104
3 4
177 191
124 150
102 154
212 243
1 147
161 254
141 182
50 148
183 255
49 208
202 258
74 270
0 205
201 219
112 115
2 188
7 91
22 141
82 105
125 145
67 210
45 66
96 236
15 18
11 268
6 218
136 269
11 265
25 106
92 230
26 151
200 247
89 202
134 151
196 268
114 242
88 90
140 211
65 205
66 80
45 209
116 267
166 228
69 108
5 135
140 156
63 154
246 269
122 135
3 225
72 223
65 227
44 96
97 107
68 209
61 189
2 74
26 178
66 93
103 252
202 211
76 245
18 74
66 214
5 242
99 244
131 240
33 169
4 271
138 237
58 154
52 193
27 119
148 216
86 174
82 209
33 249
33 223
194 234
105 202
200 217
23 70
4 270
6 255
18 126
56 256
30 192
7 45
90 144
33 256
132 249
57 136
114 217
38 257
157 162
50 187
30 250
89 188
19 115
90 234
86 267
54 158
109 225
1 253
104 126
21 221
36 85
132 269
104 241
42 240
90 132
233 266
67 257
108 266
50 154
23 204
193 269
89 221
168 224
79 84
59 84
170 256
2 13
166 219
232 265
177 192
42 191
60 219
61 269
54 228
95 197
162 197
77 135
92 104
1 121
191 253
18 170
12 219
47 186
91 139
1 113
92 159
47 87
15 274
204 243
89 109
42 43
35 126
64 71
94 113
120 142
48 270
201 247
10 251
158 159
91 135
125 244
259 260
225 264
51 261
74 88
39 143
28 248
22 236
135 156
8 265
219 235
8 249
50 166
92 273
129 167
181 202
14 87
78 180
164 254
5 141
65 190
21 159
132 149
268 272
37 43
96 170
86 93
75 157
246 260
41 245
162 239
153 174
181 268
87 228
69 243
18 63
118 203
49 121
77 91
86 137
17 189
49 71
84 179
220 236
66 238
128 250
56 128
171 244
190 212
27 180
163 175
50 256
198 238
182 232
40 216
74 115
149 267
94 210
116 199
3 158
26 66
160 174
31 211
123 265
56 133
51 53
1 185
140 250
53 87
182 226
96 228
27 53
131 207
94 96
124 145
149 273
120 228
40 120
40 209
66 95
62 161
144 266
0 184
92 136
54 246
48 214
168 208
42 50
256 272
140 141
104 184
149 257
47 169
151 174
43 243
81 127
27 245
61 201
119 257
198 206
14 72
207 235
20 136
49 266
57 221
11 181
57 175
29 110
69 83
51 267
72 171
33 245
56 82
11 273
25 139
23 138
14 29
210 260
47 269
16 62
64 249
120 214
177 260
129 161
22 49
41 240
16 268
1 9
134 195
119 208
182 254
208 246
166 214
51 150
140 172
113 251
144 155
195 241
39 184
179 238
29 236
36 148
145 159
34 187
86 233
195 239
75 92
152 253
135 186
107 209
15 188
141 247
115 250
157 253
42 249
129 185
142 160
115 143
76 101
27 244
72 192
116 165
13 189
218 230
10 178
124 229
106 236
186 236
124 154
130 213
219 229
78 79
168 213
241 270
124 202
94 134
42 174
78 190
114 128
56 155
9 44
162 225
10 112
142 270
60 176
25 110
44 174
56 87
44 124
123 173
60 224
56 224
59 155
111 223
123 160
166 242
177 183
37 219
35 149
117 133
152 229
42 199
132 173
128 225
125 200
82 169
3 30
63 124
54 183
87 215
95 136
51 210
231 234
113 226
178 209
90 244
12 157
166 226
144 252
95 250
44 169
53 184
102 156
161 237
63 149
88 220
107 162
89 104
201 237
53 134
92 132
96 221
111 181
58 213
141 214
89 108
49 125
159 209
209 260
70 176
74 251
146 244
156 236
46 77
166 187
31 207
231 273
47 171
138 140
33 48
27 141
54 164
207 255
80 200
125 271
1 3
105 230
42 111
37 201
109 136
94 162
27 114
51 216
126 237
45 72
35 202
31 231
47 83
30 51
45 195
236 267
66 193
3 224
24 76
42 143
0 192
12 120
208 220
126 272
29 148
7 158
169 184
43 144
15 200
200 270
78 104
87 236
28 79
8 225
116 259
102 273
76 91
18 192
99 134
58 84
2 90
85 238
95 209
14 261
12 138
10 99
32 271
141 168
157 225
27 179
46 94
82 251
67 260
81 176
153 172
4 273
81 100
153 183
159 207
161 179
171 204
134 154
67 170
36 84
38 63
105 159
137 254
3 176
98 269
195 212
23 147
105 247
1 171
103 140
30 110
181 201
61 163
79 120
12 23
53 65
145 205
202 222
9 140
54 188
198 264
241 251
119 195
6 235
156 171
60 169
216 240
73 86
4 141
225 267
75 234
206 233
33 186
18 150
11 166
6 259
10 27
56 191
173 255
26 214
3 104
156 223
97 101
53 114
7 47
153 205
153 157
187 196
94 226
85 161
10 103
112 171
114 239
53 127
15 251
8 139
132 195
95 248
59 258
111 201
14 25
80 213
49 149
252 261
124 271
113 271
127 215
178 273
82 165
2 258
15 61
189 238
9 211
184 254
181 261
135 236
186 234
10 98
172 218
91 237
186 212
52 149
27 111
165 203
39 258
67 99
37 131
132 216
78 196
80 155
26 202
55 102
2 30
87 247
35 240
185 255
70 260
134 163
125 172
84 122
214 243
97 195
67 129
18 108
70 263
53 166
136 261
38 222
191 194
52 255
2 20
110 136
70 220
70 222
91 273
39 211
53 62
49 94
253 257
90 158
73 137
70 225
105 137
16 94
17 196
34 103
50 255
106 150
115 118
70 75
155 243
70 215
120 261
6 73
226 257
7 53
88 164
20 62
108 151
72 113
184 224
126 201
132 163
67 223
79 189
207 236
7 61
163 194
71 207
80 128
73 185
148 258
236 252
19 257
35 198
57 177
25 50
252 262
169 233
133 148
32 188
179 245
237 239
218 273
94 191
122 212
166 254
111 112
88 166
51 158
160 237
5 85
48 74
190 224
158 221
32 185
76 147
77 143
25 175
59 140
0 92
140 229
22 265
56 148
52 133
121 169
3 257
18 143
33 110
220 240
55 136
150 193
113 152
76 213
2 164
58 190
153 186
7 179
79 194
44 48
48 260
12 234
159 228
128 201
116 189
51 194
182 262
172 267
37 196
108 162
134 187
24 27
73 225
237 252
14 190
4 89
202 245
38 144
64 150
78 194
87 144
160 220
118 160
80 235
4 102
39 121
154 262
135 262
73 269
123 163
129 172
259 268
2 184
78 95
171 267
53 238
103 229
135 224
29 233
38 165
61 218
9 76
204 257
119 192
55 223
20 103
43 272
77 82
239 274
118 232
7 65
199 233
94 120
20 47
167 268
9 138
110 151
80 273
48 274
168 252
22 134
27 98
35 238
247 269
150 254
26 255
75 205
162 203
135 139
103 129
31 89
138 274
133 235
19 36
164 203
4 135
22 102
154 180
12 230
119 260
125 190
58 226
191 201
187 193
128 142
6 156
22 178
165 258
21 56
209 243
64 132
65 81
174 228
250 267
118 205
86 194
42 74
128 158
173 189
21 54
33 228
160 221
6 239
205 215
205 221
196 245
153 162
95 120
3 139
25 127
0 10
35 165
53 54
82 271
132 150
23 130
14 246
136 181
10 102
76 273
113 216
94 112
210 261
179 208
58 273
108 161
139 199
120 143
29 188
6 139
126 252
225 229
83 161
150 240
3 167
169 266
36 266
27 243
104 153
123 182
141 159
238 268
137 188
123 194
98 227
14 19
144 225
106 112
18 134
23 181
217 230
122 192
45 187
95 96
12 19
2 111
69 100
31 51
25 165
159 184
107 156
62 271
131 218
241 243
117 250
25 150
12 205
69 141
164 256
39 220
4 148
132 265
46 109
77 210
68 235
184 253
29 132
62 156
12 213
150 154
13 207
193 247
174 183
13 47
4 85
117 136
224 244
28 201
26 38
173 234
30 91
74 206
3 129
32 223
14 238
109 163
142 191
60 140
134 159
128 224
57 260
200 256
78 148
62 243
28 121
35 219
48 105
157 265
167 261
239 268
148 171
44 92
92 121
45 194
116 266
31 76
41 242
40 70
124 151
155 175
243 257
67 226
141 165
191 241
11 253
42 142
131 263
186 231
143 167
44 203
50 262
119 233
103 111
167 232
23 24
1 274
23 235
19 248
17 148
61 199
28 230
78 170
61 182
198 256
34 208
107 118
60 209
24 243
57 95
190 192
201 216
111 176
134 257
22 84
108 230
81 155
130 149
73 180
84 99
137 206
101 188
148 151
70 241
22 117
192 225
58 174
223 255
83 179
133 234
39 140
3 142
48 199
64 215
18 21
114 254
87 267
186 262
39 185
93 211
146 179
203 221
12 99
203 254
222 225
124 179
15 145
23 92
10 15
211 265
176 257
38 89
115 128
49 204
131 257
93 246
72 98
10 173
18 191
240 247
119 244
233 246
114 143
69 162
23 117
108 263
37 104
11 130
102 235
46 250
243 253
67 77
156 254
100 132
14 32
168 221
6 32
13 239
97 108
93 269
79 245
26 52
126 215
51 75
90 193
97 235
61 158
66 153
244 252
18 181
75 198
162 263
154 267
24 122
97 169
148 219
23 227
113 163
172 226
173 225
36 43
1 226
131 200
18 124
44 103
84 117
46 95
39 90
94 229
84 220
13 133
35 207
164 183
5 47
61 197
227 256
128 248
240 242
64 209
97 254
43 70
23 112
124 256
144 260
73 148
53 69
148 226
23 36
1 98
17 270
26 71
101 151
47 70
83 236
82 213
95 147
89 147
16 68
51 199
145 221
113 151
94 270
10 44
50 252
162 166
113 232
150 184
87 107
106 198
4 56
189 257
11 65
48 217
105 218
124 239
184 265
123 219
40 57
121 198
100 261
110 201
14 38
99 159
22 142
0 208
26 254
230 244
28 129
116 262
120 264
43 229
65 238
87 113
101 114
67 215
198 265
164 193
154 166
43 267
35 220
192 195
42 217
16 141
34 235
201 204
222 272
173 230
70 95
142 181
26 204
105 147
54 272
144 226
29 77
186 227
60 64
123 168
124 254
42 98
71 233
1 54
3 69
114 203
40 153
246 271
42 168
137 183
119 158
108 244
26 185
185 258
11 202
94 192
65 252
79 135
23 77
236 273
34 69
95 236
226 240
163 169
141 265
21 87
73 94
49 186
18 105
58 138
58 189
134 193
88 189
27 267
198 247
95 221
64 143
43 141
54 268
122 164
135 230
219 264
199 254
163 216
28 32
88 257
102 225
49 267
90 156
120 145
46 84
102 214
6 164
24 29
233 249
82 167
181 215
62 237
109 169
22 172
71 258
85 157
83 228
44 97
65 264
193 262
133 214
6 213
51 273
41 92
168 189
91 208
84 198
190 201
185 232
174 263
42 100
91 263
43 55
37 203
20 212
50 99
40 144
161 213
168 185
77 270
197 258
176 199
16 85
85 181
49 165
56 131
28 258
80 258
32 261
125 237
47 103
64 197
106 194
28 114
247 250
50 250
136 248
102 193
29 220
33 57
241 269
25 174
188 246
31 126
80 238
15 114
90 163
78 239
100 257
246 265
21 271
94 204
21 262
84 237
75 259
112 175
76 185
106 196
113 261
182 263
165 260
18 76
51 115
234 252
146 183
115 217
193 223
56 173
13 63
116 242
3 5
15 234
21 48
81 249
181 249
227 273
58 188
7 166
47 153
15 138
80 222
3 165
40 106
53 247
74 113
202 220
84 123
126 176
135 239
52 99
44 105
149 253
10 270
201 220
82 118
28 184
32 122
114 224
170 272
92 156
197 265
150 180
28 52
166 263
14 273
9 251
246 273
5 44
7 186
207 253
101 148
102 164
90 179
46 188
103 110
137 208
90 200
38 121
1 212
65 223
149 192
63 192
38 149
21 70
111 200
134 207
57 247
135 180
27 240
12 156
61 110
168 209
85 203
96 207
254 274
13 73
104 218
0 43
10 171
89 232
183 245
196 218
161 247
19 176
7 248
187 273
145 203
7 109
30 64
32 258
11 157
185 265
13 218
146 198
54 170
44 72
74 84
51 182
225 226
33 70
162 187
45 198
153 248
3 227
142 154
137 273
26 224
27 129
111 141
121 254
60 131
25 70
8 54
86 210
28 72
84 187
173 256
153 228
149 163
59 133
10 153
34 210
34 178
89 106
16 236
50 76
153 246
19 124
71 150
68 212
206 273
130 147
79 147
33 80
160 241
139 171
17 247
16 133
201 253
67 98
93 258
37 122
264 273
135 238
107 220
56 132
149 252
231 266
221 238
220 237
109 132
147 247
64 93
239 244
129 211
32 128
88 129
121 221
53 66
176 178
32 221
49 137
51 185
129 151
8 43
87 116
91 206
96 130
1 130
117 231
226 271
178 256
92 205
50 146
26 110
27 195
3 166
6 217
136 151
122 231
133 246
98 200
39 160
63 82
130 131
83 127
189 237
104 173
136 172
98 134
111 150
21 184
99 163
102 103
124 140
16 50
121 177
138 228
32 250
10 64
181 229
83 84
167 238
73 249
5 36
63 108
71 225
41 136
234 244
83 204
159 214
227 248
195 232
93 191
60 265
25 211
31 125
46 154
230 274
126 244
34 82
72 177
35 68
136 199
4 58
179 181
108 197
58 245
13 103
106 267
223 253
148 225
116 210
12 15
75 207
86 166
84 102
18 130
141 238
76 251
78 271
82 238
6 212
17 19
20 162
30 173
13 44
122 234
203 232
134 189
210 222
115 227
11 259
52 219
137 155
61 135
222 273
247 271
5 205
72 77
221 249
33 140
125 207
26 268
59 150
58 267
8 96
136 241
62 166
89 230
30 115
83 103
213 221
109 266
44 121
230 242
120 273
72 108
133 176
156 261
32 255
185 218
42 248
143 215
172 234
47 226
0 245
78 126
122 147
40 147
20 164
219 236
109 220
8 32
75 156
53 246
28 117
59 247
21 197
25 213
4 27
251 270
92 112
18 57
59 77
82 215
69 229
115 258
34 165
88 215
69 164
23 83
45 191
48 218
41 116
99 218
70 79
60 236
50 230
130 167
17 165
6 87
156 239
194 258
4 10
128 174
108 238
235 262
71 159
206 258
13 75
158 264
112 256
33 214
70 242
112 255
34 163
221 256
91 99
138 264
94 177
187 241
190 270
84 216
232 253
191 225
25 258
4 24
59 206
46 101
260 265
74 75
24 164
6 196
54 232
4 204
174 231
177 185
80 252
173 236
7 121
40 228
170 228
61 170
41 81
46 70
69 241
161 203
65 110
141 150
54 135
251 252
135 222
36 70
29 115
6 29
201 250
72 122
3 191
102 186
207 262
79 190
109 218
150 259
35 178
58 241
47 235
170 203
132 156
79 209
34 40
81 108
39 274
29 229
2 235
78 82
120 251
132 252
145 246
177 210
17 128
238 242
109 273
160 166
22 179
81 224
156 173
46 209
131 220
19 267
235 240
42 55
66 161
0 38
135 148
82 212
65 96
54 99
103 137
155 189
55 67
163 165
163 222
41 181
61 120
140 263
125 139
221 255
96 222
221 247
232 274
5 29
184 188
58 186
117 239
10 20
187 191
201 231
17 271
92 120
108 200
55 172
94 199
9 13
18 112
23 223
8 67
223 233
142 212
36 175
19 86
13 185
57 155
131 168
128 240
88 101
168 274
110 111
139 222
119 271
64 193
105 243
20 99
29 169
38 272
131 274
107 113
63 240
51 66
104 152
109 252
67 168
5 38
32 243
37 73
146 214
69 237
51 177
17 259
40 217
62 206
223 240
173 246
206 265
87 169
54 186
85 140
21 152
2 244
201 206
89 209
85 132
40 82
26 89
71 269
194 214
122 162
64 172
111 120
29 135
30 79
103 112
101 244
135 273
41 239
106 229
34 216
10 22
6 273
37 192
24 261
134 238
90 114
180 234
94 172
29 68
131 246
139 154
4 57
90 159
147 220
83 195
187 225
81 146
103 211
22 229
121 179
74 178
44 66
153 196
158 252
73 160
123 129
130 179
95 242
193 218
140 217
86 169
20 46
4 74
6 195
19 159
127 132
168 257
16 111
62 149
32 69
24 265
97 225
29 109
66 151
64 179
17 120
97 150
178 224
56 220
77 138
69 211
62 236
138 175
103 125
126 236
71 196
161 269
64 273
71 133
138 260
208 274
210 238
0 223
137 178
98 196
68 228
0 252
174 199
34 136
43 105
153 241
60 270
97 110
193 228
15 136
147 164
13 84
2 218
8 169
105 142
27 40
17 266
104 133
132 183
222 226
66 237
26 245
130 201
24 81
102 239
223 234
89 138
232 245
205 274
110 250
26 111
106 166
148 255
182 216
123 222
120 169
107 254
9 183
226 273
46 264
27 165
127 133
173 274
134 211
27 166
214 228
38 242
41 64
152 267
232 268
53 122
23 89
26 198
179 224
3 130
85 86
70 262
47 84
103 179
90 152
104 188
57 66
155 265
217 226
59 60
163 218
167 191
100 138
6 185
257 264
24 178
48 84
202 231
92 234
183 256
86 263
163 267
21 236
29 228
143 184
65 131
121 225
87 115
224 269
97 144
261 274
21 209
5 229
10 157
1 73
37 210
142 233
115 236
166 200
142 155
35 251
87 145
194 238
15 140
110 164
157 199
26 51
181 251
7 112
105 259
85 195
85 103
91 271
47 267
112 214
123 139
97 159
3 220
69 178
138 267
46 197
59 261
44 140
17 244
23 173
6 97
68 195
127 194
187 251
119 236
5 72
101 130
98 100
80 187
160 269
36 183
161 260
25 126
139 148
58 254
32 246
212 255
9 151
31 167
43 81
78 127
8 183
145 274
159 254
98 224
36 178
206 229
134 138
109 234
196 214
12 250
174 195
116 182
93 209
137 223
93 112
174 198
57 81
44 224
97 157
82 92
113 134
67 238
113 174
84 130
27 95
69 81
62 144
8 155
76 95
202 257
118 255
79 163
63 237
111 151
134 171
209 232
11 87
100 131
63 167
110 255
169 171
113 203
253 265
8 246
83 175
170 175
147 167
77 128
55 218
83 249
59 136
27 218
79 201
155 199
189 248
102 191
115 172
27 123
3 131
127 269
81 187
89 218
193 264
96 126
34 59
90 203
86 183
178 189
147 197
48 187
6 126
63 197
21 57
18 123
62 219
68 252
69 112
21 137
174 222
165 262
105 224
115 160
46 97
3 238
83 217
37 229
106 238
89 167
118 153
45 105
78 247
20 192
147 264
106 220
126 211
176 256
48 244
20 238
46 206
59 242
210 264
107 269
111 187
52 108
132 226
6 9
32 187
13 193
133 170
3 235
43 125
103 149
42 268
9 220
81 193
168 243
72 272
114 152
86 117
211 221
31 254
59 230
2 134
173 258
27 264
46 119
20 129
81 207
57 143
84 245
87 231
47 159
106 159
83 255
3 71
11 190
3 245
55 177
27 167
69 224
223 273
61 154
116 233
123 223
72 83
55 80
228 237
106 235
181 184
34 63
130 174
84 253
50 209
120 267
63 122
5 245
104 176
25 78
26 252
150 153
172 260
42 118
115 224
63 86
180 232
57 138
133 202
41 260
50 175
44 166
14 265
141 242
13 71
230 270
191 255
199 259
55 151
10 79
23 90
4 182
255 266
228 261
76 96
85 169
57 69
156 244
12 158
62 119
45 149
7 256
148 232
104 259
155 271
173 221
82 194
134 198
123 145
75 193
27 222
61 136
1 143
237 250
51 143
74 211
170 208
168 179
51 179
39 177
68 138
48 238
24 37
159 172
76 146
89 258
149 190
54 216
24 200
146 176
71 189
1 209
216 251
19 138
69 165
176 214
136 139
32 228
78 186
62 205
15 78
60 128
83 273
34 231
178 239
2 262
95 163
200 216
50 125
192 235
0 259
55 58
68 112
34 38
35 147
31 61
103 201
47 141
201 230
11 270
114 249
98 250
178 238
54 72
6 88
99 209
116 117
12 31
55 146
119 237
152 246
57 141
59 190
23 102
116 139
204 218
135 188
111 164
86 141
19 177
100 117
88 107
153 161
57 181
104 197
28 202
156 269
96 240
190 204
20 116
25 45
1 183
72 206
201 264
70 153
188 251
76 200
29 158
93 154
92 148
258 263
15 63
62 208
133 264
101 233
48 102
210 256
125 246
251 266
104 167
7 262
195 197
127 182
58 141
209 219
21 121
17 37
9 143
138 157
191 243
70 169
163 193
177 214
90 139
34 85
36 91
30 176
117 118
35 223
232 234
20 117
3 54
156 253
2 226
85 208
147 152
65 138
110 113
237 255
52 142
73 257
105 148
220 241
40 220
101 252
153 257
68 132
81 134
24 91
127 185
204 209
18 222
155 251
88 238
19 117
64 229
127 196
162 231
14 219
16 108
15 264
65 235
17 60
19 79
140 260
109 236
103 122
18 254
123 201
101 111
20 153
21 51
49 260
5 155
109 158
17 245
147 195
54 211
74 89
83 226
109 175
96 155
142 187
95 191
63 209
72 218
48 166
0 174
81 106
71 116
46 147
0 200
101 150
71 247
158 259
170 260
64 83
121 153
204 256
49 173
115 247
35 100
15 241
195 234
162 183
24 212
197 234
3 89
99 252
123 142
160 210
6 90
249 274
177 209
29 248
28 177
74 110
132 258
124 191
230 255
165 217
13 99
135 206
77 246
121 246
230 264
171 201
209 262
57 231
109 146
89 244
102 168
5 257
195 240
150 213
171 252
31 85
117 215
85 118
87 213
12 66
35 58
46 252
116 209
168 238
118 161
161 171
69 79
145 146
101 213
8 57
186 207
128 134
0 178
39 49
28 98
103 173
87 249
5 67
85 225
85 242
15 23
137 221
114 163
19 133
16 144
6 175
103 263
99 206
11 150
59 126
157 228
78 84
12 185
88 225
21 89
234 237
141 142
146 267
171 188
12 140
99 217
78 235
96 119
0 134
237 247
28 244
106 187
99 190
155 165
26 223
184 245
66 94
92 181
101 216
67 95
115 267
171 197
84 204
53 110
118 215
137 159
26 219
34 256
18 93
17 34
89 261
112 184
96 210
128 172
43 179
135 182
99 228
27 93
116 240
78 206
52 194
14 109
81 91
23 152
19 102
26 173
132 175
153 226
95 199
64 144
27 248
52 117
155 156
13 58
14 170
66 184
72 85
76 92
69 209
110 194
159 264
122 189
94 135
4 35
91 219
82 152
37 246
7 171
99 105
124 135
37 170
9 246
47 199
29 133
120 209
189 269
83 153
161 217
238 271
2 110
3 162
1 55
128 226
100 176
107 166
144 227
21 254
35 47
225 247
98 152
29 191
96 261
58 206
31 268
30 206
4 266
0 111
55 140
47 201
148 218
57 198
127 181
176 212
175 198
196 249
129 133
14 163
96 111
160 273
263 264
31 153
98 171
119 123
136 227
25 146
54 74
26 189
77 114
135 263
99 203
0 135
43 49
240 262
70 259
46 100
93 147
5 167
61 102
123 134
75 224
9 215
136 267
53 241
47 215
0 87
26 69
255 273
11 161
61 261
172 180
12 266
28 222
100 249
98 233
93 249
19 247
185 235
151 218
65 130
66 190
56 175
49 120
28 190
130 151
41 90
96 197
109 154
88 142
55 138
78 189
94 257
108 187
32 88
137 161
102 171
151 239
165 274
231 244
43 47
82 123
140 148
37 169
131 180
37 64
234 256
78 112
71 216
103 200
9 50
54 95
158 179
63 211
103 238
34 100
47 188
251 267
32 87
23 232
53 213
88 94
221 239
5 256
21 129
92 171
250 271
3 26
198 211
216 224
107 228
27 138
10 104
228 253
142 215
131 234
147 231
147 224
255 262
58 162
64 65
160 227
39 217
58 81
129 263
138 221
22 130
61 85
96 198
110 152
66 111
191 272
85 97
154 165
208 265
163 198
114 189
75 268
91 235
41 209
153 159
143 265
9 176
6 252
172 192
61 245
191 264
158 267
122 143
48 174
88 119
208 225
85 158
160 242
270 274
133 225
142 266
233 239
98 177
180 228
46 50
90 188
51 124
15 107
24 222
24 25
115 193
102 255
241 258
206 249
200 237
52 156
101 180
114 158
58 156
87 119
98 260
37 218
85 165
203 266
171 264
163 167
31 249
86 240
5 126
62 169
19 154
92 268
118 126
4 159
123 272
179 218
0 136
214 252
18 186
234 269
146 178
145 251
37 222
75 126
114 177
27 132
51 68
78 103
102 220
68 198
142 211
155 272
75 243
26 157
182 186
158 244
33 163
143 206
40 58
51 202
154 224
40 260
231 238
89 151
107 231
32 89
57 85
0 209
75 84
139 234
118 182
92 102
111 272
44 219
82 172
70 155
10 243
9 180
185 272
17 159
154 218
77 161
239 242
2 239
46 189
94 151
41 185
139 184
0 130
181 220
25 116
150 239
135 207
13 194
204 229
120 137
28 242
125 185
68 131
118 216
32 107
145 238
23 244
103 185
10 203
57 60
76 105
12 133
93 168
62 222
39 77
19 33
7 164
228 260
4 207
125 187
75 202
5 83
122 223
74 167
102 173
1 163
104 199
20 83
176 187
149 199
9 99
74 156
4 52
42 237
224 270
84 226
186 226
13 217
115 137
85 142
177 212
158 212
11 233
56 70
37 103
83 177
107 250
157 215
181 216
126 242
28 259
34 162
247 252
76 179
43 195
31 152
8 197
185 237
5 149
92 224
162 232
111 240
51 91
57 174
167 173
157 261
130 164
124 171
147 161
70 85
26 194
97 120
123 251
10 13
63 269
21 98
33 172
14 56
63 186
19 203
52 155
186 225
157 251
64 212
49 90
167 214
122 185
135 237
185 266
37 235
54 142
96 114
51 183
4 267
153 213
124 269
13 154
35 141
59 264
150 251
23 95
35 113
184 201
198 205
50 130
91 123
84 240
107 238
88 167
106 109
119 229
86 209
109 270
32 184
8 41
217 233
3 254
121 212
89 142
176 191
118 192
107 109
120 245
62 195
105 132
66 148
224 257
151 194
98 253
239 261
86 159
92 203
72 145
65 147
176 261
47 155
102 139
40 168
89 122
85 95
184 194
2 179
126 202
41 232
104 208
71 242
174 212
39 273
13 191
14 86
78 226
52 248
177 250
44 222
31 270
3 259
175 223
43 256
15 20
4 128
31 206
90 101
94 121
143 183
157 264
27 101
121 152
20 54
174 214
166 222
106 139
33 46
132 207
129 258
83 271
1 75
109 223
202 214
90 123
26 233
185 212
172 263
32 264
47 91
180 268
121 230
105 250
66 174
60 250
41 163
114 262
142 208
32 170
125 228
12 260
26 104
83 97
152 162
136 229
57 129
81 259
30 254
91 218
127 169
28 173
74 230
88 254
108 159
128 193
169 230
142 258
43 167
24 190
131 227
183 227
103 197
173 273
0 52
17 202
54 107
1 169
160 214
34 93
14 241
16 157
145 250
110 186
184 220
74 200
105 128
153 208
126 191
216 227
50 214
31 69
23 267
57 154
134 209
32 57
210 236
198 221
51 89
86 145
93 206
122 249
206 208
204 231
178 213
134 172
191 226
205 239
56 172
173 232
143 166
39 225
50 204
35 157
2 243
103 188
163 189
91 179
90 208
89 264
150 169
57 229
60 237
12 62
220 226
26 220
81 271
169 213
183 265
50 149
70 252
215 253
7 167
48 155
258 273
0 158
245 270
137 234
132 238
68 253
38 62
38 252
28 85
141 162
176 209
93 260
114 151
0 30
74 91
85 150
98 257
167 250
214 226
176 190
88 156
96 202
39 263
132 254
28 272
61 233
128 179
9 139
78 131
93 205
106 244
34 127
160 201
26 29
186 208
98 218
36 130
165 207
108 112
0 159
185 211
200 272
82 245
119 226
160 255
53 197
120 231
24 108
252 271
20 24
26 28
13 108
11 257
157 249
1 263
230 231
181 226
77 167
107 207
71 208
4 90
147 248
10 41
102 216
22 90
54 128
255 274
25 144
160 191
90 133
23 180
135 235
38 76
77 251
147 202
130 214
64 154
154 196
75 271
37 147
104 237
184 225
52 105
1 259
49 138
39 126
50 57
199 203
51 86
39 186
61 143
187 264
180 241
76 116
43 165
72 124
117 126
183 258
228 250
131 268
78 98
27 181
115 201
132 263
76 226
176 235
20 255
43 259
93 221
102 227
122 184
28 61
53 170
117 156
118 142
167 258
247 248
173 202
34 161
110 175
154 243
85 196
71 245
109 230
197 219
35 53
26 65
160 217
34 179
95 182
94 218
26 74
207 258
0 217
193 244
71 267
194 269
106 261
130 222
73 218
55 228
101 137
173 185
205 247
19 43
14 80
121 155
211 264
31 199
113 173
58 252
86 269
150 218
39 131
71 117
140 182
132 217
102 198
25 65
198 235
79 237
33 114
134 218
207 237
48 224
207 227
102 158
93 177
197 198
192 224
30 93
105 234
81 263
12 124
209 221
146 170
35 43
165 249
18 75
138 222
93 176
90 237
16 78
59 106
147 184
129 202
99 152
85 128
24 78
240 254
21 248
247 257
77 212
202 204
9 18
37 213
11 80
57 209
200 230
162 207
40 243
81 192
192 258
204 240
41 238
200 269
148 228
182 249
94 261
5 113
27 203
201 272
230 241
23 97
69 101
20 213
1 120
52 89
42 189
129 191
70 206
43 91
59 187
191 192
95 106
203 210
119 250
124 274
204 255
17 273
206 217
94 227
8 52
143 242
124 224
50 158
205 257
172 250
104 177
17 231
230 233
108 207
5 33
9 25
67 259
120 170
4 66
51 255
81 169
192 234
1 194
90 272
105 186
23 100
190 240
12 264
21 96
30 121
74 201
98 238
49 69
134 156
129 175
75 108
155 218
83 223
39 116
23 252
67 155
249 261
190 223
156 208
61 89
78 139
192 219
69 134
115 117
80 170
170 264
27 178
117 148
102 267
47 108
145 237
196 234
114 244
28 167
81 139
122 165
87 92
109 113
5 96
22 127
24 104
21 257
1 162
50 53
26 105
199 263
144 203
15 223
95 186
39 257
48 54
103 182
29 189
47 151
174 204
26 37
156 267
37 134
2 216
126 164
126 235
68 157
31 79
44 114
144 234
35 72
234 248
152 227
73 163
36 46
23 222
139 252
25 207
1 190
103 144
56 213
88 134
25 204
161 175
43 139
9 262
28 54
29 141
91 120
45 164
18 271
92 257
197 249
87 127
26 212
6 145
126 194
33 255
235 237
260 267
112 233
83 235
40 87
58 161
143 194
200 232
75 132
73 200
196 200
143 268
5 268
1 195
196 257
58 143
67 202
71 214
42 255
29 259
10 135
161 253
208 219
117 122
203 243
171 210
105 269
141 266
50 88
11 245
27 270
89 220
121 268
38 87
8 36
127 211
85 261
87 193
125 135
221 232
179 211
90 151
80 261
57 205
70 267
120 156
95 257
43 46
82 188
189 196
245 266
65 77
8 263
64 138
188 250
40 119
6 199
107 264
47 73
152 159
159 176
61 181
91 264
13 216
226 241
12 164
31 48
6 78
160 187
158 180
145 192
16 32
133 144
25 173
47 116
17 139
39 234
199 216
105 215
84 93
21 114
59 110
44 269
54 199
81 143
154 230
35 49
24 217
10 212
191 238
17 151
68 175
61 90
47 112
104 157
205 241
37 216
108 193
53 260
74 189
75 172
46 225
81 144
77 220
66 270
108 128
0 68
43 193
0 254
5 267
65 220
259 264
6 7
164 230
57 272
55 123
0 28
11 170
1 177
48 165
103 128
3 123
222 266
172 177
76 182
166 264
53 249
155 214
0 227
48 91
248 261
64 204
61 144
109 263
23 264
36 86
123 167
56 111
4 232
89 231
17 69
205 237
46 269
37 109
88 270
21 53
100 105
174 229
136 182
187 257
100 156
10 108
156 163
117 189
9 141
20 160
2 168
143 223
61 167
99 147
51 225
243 270
188 218
35 161
173 248
169 199
11 148
100 270
7 169
81 213
83 267
8 163
120 181
15 96
153 261
17 119
72 160
110 249
2 65
39 252
143 212
209 263
141 216
83 187
53 269
17 197
38 258
231 265
180 252
64 69
9 126
77 158
37 261
123 274
22 251
206 256
108 246
119 156
15 260
38 129
176 200
106 247
55 72
32 226
244 256
42 154
182 246
206 211
123 204
39 43
155 206
258 259
11 75
139 239
40 143
217 274
21 40
107 122
75 229
87 159
89 118
110 121
84 269
122 179
120 185
151 261
89 216
18 98
38 193
149 236
145 229
225 254
63 163
61 166
171 200
2 236
157 187
7 28
149 239
83 100
112 263
175 261
111 229
180 240
78 237
222 242
157 184
22 115
74 229
27 146
55 85
54 206
131 209
40 236
44 120
68 97
26 45
95 175
94 160
110 115
159 233
19 200
14 28
138 168
67 93
117 125
100 174
50 260
64 269
30 68
55 181
19 160
33 42
195 224
100 242
80 269
63 241
21 139
67 236
28 89
20 201
181 210
244 269
157 226
169 224
132 244
41 101
64 241
52 67
6 91
44 189
212 231
120 274
47 191
194 245
39 106
4 248
57 68
51 223
75 175
67 146
2 88
134 155
40 56
66 119
172 261
77 207
7 37
95 160
189 247
90 168
256 260
118 204
144 216
204 266
54 258
2 42
97 220
81 110
37 146
110 112
1 268
17 68
41 274
56 143
133 230
68 249
30 54
267 273
182 237
9 89
189 225
24 54
228 266
110 252
120 237
79 102
239 251
52 118
36 166
254 265
84 167
117 227
214 274
122 239
149 247
126 152
159 248
88 219
13 78
83 131
237 263
46 251
74 219
157 242
153 170
69 122
235 241
72 112
7 254
206 218
118 175
3 150
43 187
159 200
53 243
64 161
43 140
5 142
38 88
265 272
165 190
80 194
49 127
24 267
135 147
22 194
1 156
64 228
43 164
4 106
6 33
70 80
165 247
55 214
149 154
49 258
152 200
157 183
75 106
12 125
145 186
88 110
10 23
68 130
37 91
137 156
148 215
75 211
13 100
81 196
37 98
85 233
174 175
146 171
40 159
172 224
230 271
78 273
256 262
106 135
123 205
103 236
131 157
129 130
87 260
11 162
27 186
99 175
151 244
90 113
240 243
4 100
131 177
148 203
12 107
2 241
16 30
119 166
5 241
49 180
56 112
144 166
159 185
57 84
178 191
68 258
71 88
2 169
0 131
91 260
106 254
36 133
23 169
77 116
145 193
219 256
25 201
99 246
226 261
91 178
138 171
66 187
78 262
7 73
18 248
1 59
37 89
57 263
167 233
173 197
126 150
204 248
50 51
47 207
226 251
157 232
77 198
96 201
68 123
54 146
45 102
59 227
60 96
223 245
61 243
151 178
29 153
166 194
208 270
38 187
116 230
33 257
122 193
57 148
28 196
120 129
139 190
68 199
50 227
198 222
36 120
139 207
90 122
165 193
227 246
34 203
27 120
177 231
101 199
112 250
200 253
4 193
9 79
100 232
200 246
206 209
30 76
110 125
78 199
18 199
29 64
107 173
6 184
128 263
77 164
2 157
94 242
251 271
33 132
146 155
47 157
60 82
7 129
180 206
104 159
109 116
11 247
7 143
118 257
55 166
0 155
24 256
4 119
138 189
45 185
62 168
55 204
99 213
86 180
48 250
86 134
167 234
69 140
131 169
119 173
19 90
181 194
189 228
153 201
101 139
162 186
191 271
112 158
171 191
17 18
145 226
122 171
120 152
65 254
123 233
25 111
104 122
54 196
120 195
98 211
160 198
29 98
2 113
92 214
100 250
206 259
95 103
55 253
0 33
11 78
12 165
60 168
17 234
27 148
247 274
72 136
60 248
186 265
56 151
174 192
101 268
20 123
47 229
24 39
190 248
239 273
58 121
46 143
156 258
30 43
176 237
75 209
20 257
62 212
262 263
80 120
17 125
20 258
70 219
216 247
109 239
59 83
102 188
149 184
109 247
73 226
41 190
184 243
9 155
5 139
79 130
14 103
71 93
46 231
95 195
132 211
47 266
40 93
133 205
52 58
6 249
90 183
117 199
259 273
177 182
79 122
22 186
74 241
68 226
100 258
185 231
67 252
5 11
155 254
169 255
20 218
73 154
8 38
64 218
67 130
26 153
52 259
116 122
96 263
29 223
116 127
55 64
180 216
151 246
85 108
123 249
10 81
48 210
90 165
243 259
34 37
162 235
24 89
66 178
136 258
85 206
108 268
228 244
24 244
5 27
7 85
119 157
113 223
179 258
66 191
78 120
19 143
105 238
23 259
21 124
29 103
68 208
88 272
223 236
42 245
117 226
104 166
32 67
46 221
85 234
156 211
13 102
73 246
216 254
236 249
39 41
118 139
181 189
117 185
89 95
227 271
47 184
19 239
7 270
153 260
42 192
17 157
55 84
159 240
152 257
208 250
220 225
3 134
115 152
96 266
82 218
73 132
226 239
52 167
74 141
104 169
164 240
44 249
181 274
240 252
106 113
89 272
115 257
15 187
100 103
8 125
131 230
117 132
96 161
166 249
148 191
128 196
29 60
46 170
68 186
105 208
177 261
159 192
56 120
117 190
252 266
20 142
35 48
104 172
24 49
7 13
178 264
68 218
163 171
132 232
4 216
62 235
12 180
215 225
178 233
161 264
59 255
181 272
19 223
1 133
163 184
84 248
175 177
143 162
136 192
224 235
98 237
89 144
99 230
18 42
18 241
78 272
136 236
29 185
0 110
130 234
87 226
144 207
48 186
108 131
0 157
24 127
104 146
33 101
166 259
100 194
164 166
209 210
226 258
37 124
201 213
128 147
118 265
228 247
64 225
13 127
6 16
151 226
167 197
53 63
131 181
86 115
139 229
29 172
149 216
177 259
32 260
58 131
61 133
106 183
99 211
8 123
21 188
78 193
50 119
157 233
68 216
144 189
67 213
82 110
12 177
17 170
165 226
20 261
3 226
24 94
149 258
108 252
76 203
27 201
68 72
202 229
193 214
115 241
111 215
66 103
123 235
19 113
159 223
147 189
160 224
168 191
114 124
162 242
30 203
50 195
117 213
155 157
74 182
67 70
13 122
103 164
201 266
47 49
248 259
120 255
35 209
73 114
2 133
176 258
208 257
26 258
142 241
161 211
32 244
249 273
54 104
55 209
209 211
123 227
92 150
92 266
43 54
77 92
159 237
6 125
38 168
1 32
14 77
131 190
96 172
38 264
120 256
35 99
56 240
49 144
136 147
191 239
102 167
45 128
55 158
92 238
29 177
182 221
78 229
179 184
112 114
131 239
36 103
31 238
82 174
10 129
139 251
215 263
68 221
34 189
10 97
77 232
140 202
18 160
104 135
47 76
137 203
100 262
55 115
16 221
62 188
78 185
220 222
9 16
54 202
145 153
62 173
18 218
264 274
62 126
81 107
116 162
19 78
77 254
46 246
3 243
21 214
122 191
16 57
206 212
100 215
19 118
18 46
143 236
108 148
45 134
153 233
26 263
196 274
86 195
97 106
52 246
101 227
58 117
113 184
5 197
7 177
31 196
211 244
33 167
113 181
103 256
29 232
13 151
47 271
50 75
143 269
139 259
161 162
161 221
117 175
85 129
171 184
124 219
160 179
63 265
35 232
58 183
27 43
71 180
26 172
148 197
64 81
163 200
158 229
185 199
181 225
128 165
104 264
96 134
40 86
46 146
108 236
2 261
156 191
79 167
92 98
60 79
229 269
56 68
55 203
171 241
76 142
99 191
100 161
80 188
62 220
161 195
9 194
86 201
49 247
22 61
0 83
14 177
173 199
136 268
189 273
152 272
190 202
20 38
182 250
40 142
86 144
212 216
62 142
3 192
38 120
184 257
80 91
179 216
76 236
44 186
100 244
84 182
183 207
14 112
155 164
82 256
100 121
47 263
170 189
82 104
1 167
243 268
77 106
37 202
31 163
108 186
110 167
189 271
40 201
59 64
127 175
146 185
97 239
29 66
112 183
175 208
35 231
33 236
11 178
165 253
190 264
109 254
162 170
200 259
95 114
56 243
100 202
84 145
12 149
115 154
44 136
60 215
2 26
19 135
71 223
27 251
154 206
195 219
15 171
49 263
2 214
44 99
12 20
84 149
96 232
101 261
42 193
120 135
53 128
103 257
53 175
232 257
47 86
6 209
155 210
261 269
106 127
77 142
203 222
103 187
89 227
71 210
97 125
51 174
23 251
127 190
81 114
154 188
63 266
85 138
140 185
3 267
126 132
24 109
77 256
241 268
12 218
32 40
3 17
167 189
216 268
50 178
88 208
73 205
19 67
20 91
9 136
50 72
51 135
32 83
27 230
64 274
0 154
116 175
165 246
34 171
47 227
115 213
82 254
24 206
11 255
108 188
44 183
3 51
79 125
65 135
141 198
49 251
171 224
214 239
177 198
123 256
133 184
140 164
1 193
11 108
4 65
99 273
36 179
19 185
125 166
13 237
3 36
22 43
122 252
27 79
176 220
177 196
9 270
232 269
34 74
246 256
194 262
22 98
244 257
51 172
48 65
148 272
127 236
33 176
54 124
48 242
140 272
204 226
128 213
23 160
139 208
259 274
43 74
142 194
16 151
228 232
36 110
246 262
189 234
84 221
142 268
139 209
125 178
206 274
221 248
51 149
84 101
15 160
65 105
241 259
24 101
64 101
32 33
131 145
184 249
83 242
133 228
48 101
33 131
105 182
72 186
16 180
188 267
60 145
165 209
111 209
91 122
30 37
109 134
12 162
150 173
150 216
200 234
37 260
147 148
138 217
155 177
199 252
119 131
56 102
189 216
131 143
112 240
162 271
81 240
73 274
52 135
57 123
184 259
43 269
129 177
17 46
26 117
31 122
226 265
135 229
186 274
79 265
10 245
168 223
155 235
118 135
19 170
163 231
127 272
15 270
44 153
39 187
186 267
73 118
8 61
73 235
5 154
85 193
125 161
115 254
40 199
93 131
44 253
97 264
44 109
129 222
20 211
11 139
103 184
22 67
45 231
29 138
81 122
0 126
35 41
47 142
82 187
119 151
88 193
79 118
28 99
74 138
41 177
98 226
95 98
91 124
63 201
102 136
97 141
94 268
190 205
154 271
224 253
97 226
58 202
138 248
34 134
146 271
168 230
78 86
126 141
97 238
37 232
71 217
113 205
83 109
142 260
93 134
64 175
162 179
99 168
75 184
206 234
16 162
158 270
31 58
110 206
117 141
164 171
193 267
90 161
65 255
67 171
133 199
97 181
62 172
17 53
181 234
38 175
54 255
214 222
99 267
2 17
193 266
84 85
218 267
108 118
4 55
142 188
3 250
101 118
54 75
115 222
236 238
238 247
6 165
63 73
1 176
212 221
54 204
134 222
119 274
0 226
6 257
77 216
130 197
136 219
53 102
200 248
53 237
5 184
237 259
7 210
174 257
134 157
62 76
249 265
47 139
46 262
60 200
52 121
29 30
48 78
23 69
9 47
28 87
14 107
185 210
35 89
163 251
91 270
249 263
139 146
185 219
193 265
10 226
127 176
43 135
19 85
6 229
145 249
108 165
200 260
147 205
155 225
24 252
14 21
9 181
26 95
100 229
87 198
203 218
101 223
130 243
54 63
139 232
220 224
214 245
61 214
173 188
111 271
200 258
1 37
46 129
188 242
17 105
43 176
121 204
265 269
193 245
59 167
1 81
20 76
206 264
120 262
28 179
97 202
46 184
14 199
60 192
44 255
96 154
77 151
48 157
0 231
157 241
18 110
43 88
14 98
27 89
166 253
121 159
201 245
190 273
12 153
38 105
50 213
95 99
68 155
3 64
232 243
71 144
35 182
64 202
197 255
27 206
5 226
76 177
220 239
14 60
176 203
193 248
43 117
138 153
147 260
111 132
189 252
104 142
210 266
4 154
155 215
1 242
121 247
25 46
31 154
56 107
50 56
3 248
59 214
53 156
40 117
53 82
58 79
135 178
22 274
32 39
56 208
1 240
256 264
25 156
19 99
78 133
199 229
13 245
157 206
62 226
4 215
163 185
5 239
108 243
70 108
67 243
84 103
130 139
33 49
4 78
109 214
85 123
50 229
14 166
109 245
84 193
207 270
107 164
15 237
48 98
25 235
72 91
97 227
18 236
8 131
32 150
4 50
21 140
216 258
181 241
72 260
23 135
57 224
115 157
89 260
17 263
58 91
255 270
197 253
5 148
69 256
30 252
43 226
140 268
158 189
193 272
115 230
65 218
65 107
188 263
200 227
154 246
53 67
105 204
48 148
52 232
119 223
52 187
8 199
233 236
117 138
93 226
74 231
20 31
117 252
119 139
150 230
0 243
188 248
74 216
65 236
139 170
85 156
162 250
25 138
89 242
58 214
162 237
108 171
175 273
92 198
187 189
110 190
140 228
11 27
8 258
52 123
22 269
12 208
81 130
232 236
206 232
44 84
39 146
177 234
252 255
44 59
105 178
17 43
190 216
0 23
99 186
125 137
21 274
141 253
149 271
83 196
148 162
198 220
12 178
91 161
181 250
69 99
24 118
165 191
105 170
61 255
62 95
64 216
29 199
166 167
120 158
203 255
117 222
24 132
75 203
117 266
115 184
41 158
186 190
112 119
106 125
106 233
199 205
108 240
192 193
45 173
104 183
20 236
222 261
84 171
79 269
0 221
75 188
101 166
21 234
90 173
63 109
22 220
137 238
214 217
153 166
55 87
112 163
151 170
44 46
106 250
46 68
165 170
140 165
134 137
121 244
165 177
5 34
54 62
82 202
64 261
1 213
65 92
34 246
47 162
8 42
13 247
105 216
184 267
43 83
104 196
172 178
211 218
132 259
69 210
43 127
51 109
46 90
154 212
198 203
53 95
77 130
114 166
35 71
173 227
89 233
54 267
29 175
210 269
100 133
169 218
30 159
55 202
132 260
65 167
165 237
166 173
181 255
69 105
79 252
84 227
144 269
19 244
7 146
28 157
42 146
14 198
111 219
121 166
189 265
39 229
37 88
15 244
175 256
22 258
142 225
127 177
72 117
31 112
169 181
150 263
92 186
180 209
135 160
51 141
191 248
150 248
137 256
11 188
16 128
193 195
3 138
48 256
199 200
68 193
149 151
158 240
162 185
91 132
128 221
96 215
15 271
11 93
45 267
108 198
85 177
30 271
7 182
15 76
64 167
24 84
156 167
90 255
27 231
41 75
101 106
239 262
230 240
123 245
35 156
13 242
55 152
77 182
73 219
71 187
6 182
103 214
134 235
270 271
136 191
219 255
98 168
15 192
26 53
138 186
156 195
218 219
45 219
33 173
52 214
64 254
68 106
18 116
50 233
36 168
239 258
125 249
64 242
18 224
3 177
54 265
144 211
74 233
6 65
26 138
168 222
72 153
127 231
186 271
25 248
42 66
48 66
51 98
191 200
10 252
103 255
3 262
50 62
130 224
75 189
76 106
135 161
102 269
157 194
55 139
216 234
92 97
143 188
22 204
28 76
140 247
121 175
87 233
75 77
113 183
3 86
116 125
144 271
33 123
111 134
174 232
34 271
106 191
122 264
4 112
133 237
166 241
81 121
33 209
84 218
177 248
35 168
191 267
76 157
237 260
82 227
54 102
73 201
246 266
32 178
145 256
107 260
74 258
39 228
105 197
189 205
20 89
77 202
84 206
3 160
242 251
87 202
108 242
149 227
153 254
169 253
40 115
59 160
238 256
123 179
230 266
83 162
155 226
73 190
32 265
50 91
147 153
156 168
35 56
141 270
43 205
161 166
103 221
201 269
248 274
19 93
87 187
159 260
32 204
7 217
172 269
12 128
152 270
132 215
65 263
47 100
43 231
235 252
121 165
220 221
56 259
13 177
96 140
91 125
220 272
66 239
22 91
11 249
38 146
229 239
49 141
38 206
21 183
86 152
14 202
221 231
9 100
17 222
75 210
83 201
26 210
7 25
186 228
4 73
172 214
204 242
4 162
153 199
19 26
82 114
20 230
228 256
58 102
65 166
7 238
35 129
137 265
164 231
179 265
163 237
122 187
158 199
158 203
64 196
92 201
73 107
57 249
257 266
18 139
104 106
207 271
80 256
9 55
65 170
70 243
25 151
187 236
109 142
9 165
207 216
132 202
51 57
16 92
137 217
96 196
148 186
66 136
6 18
90 100
119 213
76 238
88 118
71 234
97 134
172 246
42 158
79 140
26 182
33 55
61 150
191 209
185 208
214 229
115 196
61 202
41 151
1 179
107 200
81 132
17 164
33 237
62 117
98 129
25 261
115 216
121 270
155 253
188 220
106 265
44 95
93 212
67 221
43 169
151 179
162 192
189 260
56 88
63 135
90 201
51 122
46 185
8 90
62 265
8 269
98 203
27 157
2 64
51 162
97 170
58 108
217 252
132 139
167 188
111 213
122 242
148 160
158 206
120 144
86 102
48 86
90 222
116 239
30 104
48 164
33 81
189 194
159 259
41 247
113 189
43 252
8 191
194 247
1 170
4 183
153 210
90 225
69 246
166 261
225 270
9 164
15 84
143 156
64 259
16 212
162 223
204 233
69 145
95 215
58 75
154 236
191 254
6 26
18 268
8 103
40 242
11 115
170 200
70 273
12 273
8 141
31 151
9 94
174 242
115 141
31 260
82 265
10 180
59 217
46 63
152 212
149 169
52 238
13 104
4 37
89 199
64 103
40 181
12 13
127 260
168 227
28 260
79 198
18 125
91 193
129 170
174 180
60 124
164 244
10 220
92 246
35 270
126 137
178 186
219 226
131 229
53 236
23 110
30 71
66 128
63 194
211 269
215 222
135 141
17 192
43 172
68 80
112 211
85 247
11 160
114 126
67 134
103 209
188 219
111 232
195 210
80 181
169 256
187 218
121 226
108 189
104 109
56 261
40 191
19 87
69 257
56 264
174 273
165 244
152 175
230 268
14 146
40 148
150 224
63 152
164 177
50 171
14 68
32 105
16 38
52 61
12 258
107 206
37 227
5 93
105 227
23 73
40 131
117 253
153 273
169 258
74 98
242 269
24 225
39 221
97 180
131 254
174 182
5 52
110 247
128 243
110 238
60 136
179 201
160 225
104 136
188 195
104 187
58 135
112 228
50 199
17 101
106 111
8 243
93 245
120 272
236 265
201 270
13 17
5 266
39 188
45 97
126 130
65 76
126 153
161 172
5 144
31 149
121 174
10 143
49 93
72 172
209 240
164 228
130 148
196 223
160 270
5 234
59 262
56 178
0 73
29 33
166 238
238 255
24 181
92 218
53 115
64 122
244 268
194 271
153 252
139 191
77 149
174 211
58 196
96 118
137 169
70 239
40 226
148 274
97 217
48 111
70 211
53 272
97 152
84 274
92 108
112 221
105 237
20 190
161 229
65 164
23 170
228 257
34 91
28 246
112 269
110 224
243 251
1 220
50 110
109 199
135 158
27 39
19 192
90 93
52 274
110 227
117 150
227 258
8 234
10 156
76 153
18 103
43 242
60 256
240 273
205 211
44 51
36 265
92 245
11 86
37 189
94 141
184 223
4 256
13 260
94 133
198 213
69 128
81 265
43 58
2 232
197 214
1 273
33 154
26 188
198 227
160 163
131 202
0 34
17 26
28 256
21 174
83 106
89 248
2 129
134 184
30 242
27 59
131 241
71 86
83 268
6 272
158 226
114 267
91 112
184 185
22 146
75 114
57 156
17 214
62 267
25 52
162 180
37 108
199 248
63 64
29 53
27 164
94 184
53 74
53 138
31 182
34 108
134 200
231 246
77 111
88 108
33 201
35 125
29 48
2 92
5 222
115 253
12 241
72 270
65 229
35 64
46 247
10 208
113 177
100 181
74 126
147 169
133 154
3 234
190 196
54 243
115 252
57 269
52 161
167 240
180 224
39 171
123 237
90 138
41 251
9 45
15 193
153 182
2 171
16 241
97 149
131 259
198 267
31 47
38 249
186 217
13 105
134 228
103 203
103 269
162 165
28 166
72 150
25 119
42 186
54 231
58 78
4 229
53 160
142 251
115 190
5 40
68 125
40 205
77 200
38 84
32 75
32 215
231 268
24 83
47 56
135 245
157 205
227 242
57 216
44 184
72 261
65 198
59 241
48 265
1 78
174 202
5 31
75 109
141 258
196 213
137 152
33 178
20 207
140 254
33 47
176 180
49 88
101 194
153 206
170 202
37 273
13 219
125 232
29 128
33 100
113 137
141 164
97 177
71 204
98 195
122 166
69 98
29 118
43 62
164 269
131 248
45 214
54 125
93 192
84 113
31 56
124 161
72 274
243 248
75 179
121 172
40 198
164 218
34 120
27 85
172 228
53 259
51 181
65 230
2 265
40 222
230 258
243 266
6 237
94 212
89 115
31 55
196 254
83 173
81 99
7 123
46 52
128 168
39 92
3 93
75 135
204 232
60 243
83 206
13 138
9 85
111 245
210 233
155 166
9 252
35 98
102 242
19 157
12 45
35 127
74 86
185 214
31 143
110 193
54 121
13 41
60 180
49 212
96 104
251 272
137 192
125 152
78 81
65 247
160 199
132 233
135 218
211 255
117 187
66 199
66 116
46 236
26 192
55 273
62 77
56 238
126 218
71 211
17 260
85 124
114 247
87 230
92 241
214 224
227 251
91 130
64 221
237 268
35 212
72 240
17 147
223 225
189 202
7 59
57 188
18 41
235 238
76 260
81 198
6 132
180 207
79 174
65 94
121 239
7 228
66 180
115 125
14 136
39 129
71 128
159 203
0 101
48 162
163 206
11 234
146 228
74 181
204 258
45 272
73 215
15 102
140 190
236 253
48 209
33 103
56 230
18 253
13 221
177 257
134 152
4 218
26 271
241 248
42 265
51 226
105 107
6 74
28 57
96 121
202 256
73 251
234 242
44 241
32 77
96 188
97 160
126 185
103 222
129 246
64 133
109 200
99 114
93 166
13 16
27 263
1 219
191 269
27 139
106 134
209 261
193 255
92 168
1 74
200 228
145 166
82 132
77 271
45 152
42 269
110 188
41 221
111 174
104 137
102 104
225 233
62 115
38 244
66 96
183 225
51 219
5 180
135 157
188 234
55 148
17 156
23 116
173 263
8 113
38 71
15 252
2 122
36 114
82 168
57 204
79 152
128 216
67 196
11 168
12 217
9 73
175 197
85 273
31 203
50 144
134 244
10 116
201 273
94 138
184 215
86 175
94 130
156 176
68 219
50 202
91 214
11 44
95 162
44 188
35 196
245 256
66 115
1 184
239 269
131 156
62 152
7 154
12 38
65 168
93 122
185 236
113 260
129 228
37 68
42 190
20 253
128 271
46 91
5 48
132 164
221 273
93 116
120 229
103 166
47 128
131 159
34 121
12 86
73 212
185 222
161 259
74 92
42 221
34 147
230 257
134 168
29 87
241 253
251 269
78 258
21 170
114 233
43 94
12 79
131 224
97 190
32 245
256 258
184 193
160 271
144 167
25 74
110 146
87 261
128 141
115 188
146 237
185 242
27 78
56 160
128 202
167 215
73 260
71 232
67 216
176 244
65 269
47 95
27 70
38 232
204 245
94 106
10 236
13 59
65 144
158 176
34 159
108 158
100 188
124 261
173 214
215 228
40 256
253 260
30 106
88 168
98 106
170 173
12 210
84 184
20 134
108 267
102 152
62 245
119 239
161 256
117 140
0 187
192 252
91 101
2 207
45 91
126 250
91 246
58 68
77 236
141 185
36 182
34 202
11 262
58 251
20 270
155 185
178 247
29 136
6 271
166 208
42 242
70 157
163 183
172 270
86 261
147 249
30 77
19 274
111 118
215 238
11 18
104 230
38 213
58 146
238 248
243 264
182 238
82 130
0 122
150 175
53 245
120 157
3 163
185 198
136 232
4 153
29 52
165 257
52 93
204 250
88 106
0 77
13 159
17 140
5 255
46 244
165 215
63 148
141 181
91 106
89 96
12 207
14 181
11 230
80 97
3 215
65 273
10 217
47 197
15 216
140 216
147 250
119 220
51 192
215 270
200 236
27 47
20 124
37 234
212 242
64 125
147 157
0 85
64 89
51 251
19 44
43 160
178 271
128 153
72 139
7 174
25 64
160 181
111 247
67 237
102 249
156 248
57 117
15 106
18 175
22 100
190 198
63 132
55 103
17 227
71 255
105 154
19 123
211 233
97 172
104 204
70 237
232 266
11 220
72 208
175 204
35 237
61 88
113 194
45 135
164 188
140 197
126 243
136 254
118 263
30 62
24 106
13 62
123 149
2 97
110 120
3 208
128 232
31 49
76 132
100 198
169 208
203 212
46 139
9 66
82 239
22 149
128 211
94 187
98 178
138 160
125 220
117 259
69 127
131 249
93 247
10 168
149 237
79 126
102 218
54 113
138 156
139 187
18 38
68 154
14 96
224 238
28 100
184 241
32 239
56 109
31 256
119 200
61 196
30 112
42 114
101 174
71 149
33 184
27 55
14 61
66 252
130 271
154 227
85 105
138 259
183 233
21 208
244 271
85 200
95 253
81 253
49 230
109 149
6 122
28 174
182 267
98 225
21 185
38 204
51 232
16 246
25 90
116 254
187 263
19 23
174 188
142 177
19 28
32 117
33 220
28 38
124 263
118 157
154 187
119 137
109 140
106 179
68 95
9 171
130 258
60 77
12 51
48 264
23 186
27 187
164 199
198 215
150 215
51 168
23 132
118 193
151 193
161 220
42 160
97 140
60 272
20 148
5 57
76 173
42 124
151 252
165 238
170 187
104 223
48 116
133 204
6 238
126 161
12 40
169 188
110 216
12 214
7 87
90 166
14 118
41 228
46 167
174 206
97 137
18 30
119 211
106 138
53 121
72 155
26 222
40 75
78 249
104 217
3 116
112 180
129 144
138 184
148 239
102 108
52 91
67 190
36 240
48 245
69 72
99 247
37 75
25 83
150 268
6 256
71 125
36 213
130 203
226 230
75 262
150 156
36 100
29 79
191 215
108 168
161 231
96 244
10 163
47 74
135 199
35 177
16 156
100 124
125 158
42 208
222 268
47 61
90 249
60 172
83 86
44 155
46 228
1 117
116 178
47 133
51 206
14 216
3 185
195 245
125 193
37 148
8 11
2 194
9 144
73 268
118 208
130 263
78 182
67 245
101 184
201 241
106 274
6 211
138 229
88 237
103 118
84 256
205 273
149 249
78 274
223 274
136 188
52 182
119 193
106 172
9 69
108 111
114 140
185 243
124 142
169 267
167 202
67 240
81 199
23 59
25 188
49 233
72 116
27 237
125 203
41 154
125 239
131 196
24 147
154 156
178 190
140 222
63 134
10 14
126 189
114 181
234 261
40 152
155 203
45 199
134 205
39 55
121 260
201 238
40 157
148 263
31 239
104 110
77 107
49 68
192 249
212 263
103 228
69 208
16 117
130 235
142 209
123 175
52 132
65 142
243 265
115 183
64 247
189 211
65 115
19 204
154 228
136 274
150 174
93 109
32 164
101 198
218 271
16 233
36 232
107 227
143 180
13 192
89 236
34 105
72 115
143 264
131 166
59 96
263 272
123 146
158 233
22 37
107 108
103 165
66 230
31 204
217 266
38 174
28 55
46 107
35 225
29 36
21 167
37 244
46 213
183 269
154 186
25 109
212 249
90 206
92 179
56 140
29 219
62 266
36 157
135 221
27 80
102 145
13 77
54 69
22 212
143 150
71 140
126 247
85 174
176 194
86 88
61 65
209 252
143 181
132 191
131 152
30 118
65 210
192 248
24 74
97 252
205 235
127 212
200 201
94 219
24 119
111 239
72 182
160 238
161 228
62 211
127 199
159 212
108 226
37 41
160 244
45 111
175 238
116 200
34 112
143 158
190 265
91 207
34 47
163 188
72 114
19 42
75 183
210 244
188 227
46 113
108 231
99 174
113 120
45 176
7 130
1 53
136 264
59 272
54 224
40 132
57 62
86 248
9 216
83 237
223 261
1 76
2 196
112 199
47 107
202 213
20 179
74 96
24 270
46 204
239 267
135 219
188 201
97 112
220 255
144 204
30 111
56 182
104 190
32 121
31 191
0 237
63 183
99 197
2 132
45 110
3 219
218 240
145 155
38 214
15 239
13 79
166 240
19 202
74 262
198 212
123 190
80 99
85 175
29 72
234 236
77 228
131 214
108 145
27 163
111 145
118 149
1 16
31 101
151 228
58 219
8 60
11 13
11 124
116 185
17 72
54 191
105 189
7 105
30 147
36 125
158 168
29 63
181 213
210 229
141 172
14 76
116 252
37 179
191 195
200 250
9 267
103 160
195 266
161 199
22 214
45 226
101 232
138 147
31 265
80 138
79 85
45 181
58 158
92 111
141 262
32 76
35 245
1 150
169 223
126 155
82 150
56 231
63 254
43 116
38 177
90 274
28 270
8 140
126 170
5 179
14 65
165 198
25 152
213 248
33 222
49 84
18 84
112 117
53 183
10 83
64 256
27 56
171 196
10 105
130 209
132 199
124 242
62 209
51 139
146 150
59 174
92 173
126 264
87 212
88 236
1 161
9 170
180 214
1 83
143 170
181 246
11 12
186 264
142 245
31 84
61 79
88 115
45 212
109 265
114 259
127 251
100 129
12 236
159 175
9 235
151 182
7 46
148 199
118 165
27 83
122 201
9 124
39 261
118 154
164 169
92 207
173 271
45 179
230 239
221 244
124 255
24 232
7 192
105 177
17 38
141 160
99 161
120 167
144 172
14 134
8 165
133 267
74 249
72 237
3 45
135 259
113 176
1 173
129 270
4 240
167 255
55 206
133 270
74 254
46 75
98 271
65 222
157 229
125 274
69 154
72 134
61 70
142 151
186 254
9 31
36 73
24 227
55 175
254 262
177 247
172 271
85 197
42 211
127 219
11 102
36 186
154 249
176 211
52 212
188 254
75 258
89 160
25 128
15 273
101 259
47 251
79 108
184 274
98 107
136 150
121 240
64 214
9 119
254 256
32 217
104 168
15 103
60 173
21 125
265 274
170 194
62 164
136 262
36 137
62 193
22 206
187 228
100 140
136 220
59 172
18 94
64 236
118 252
83 263
153 202
39 142
78 97
143 273
9 243
93 225
92 174
75 121
85 240
63 79
47 135
4 130
4 62
58 153
98 246
158 170
91 221
4 263
3 10
63 118
86 230
145 167
3 91
62 239
13 202
83 165
114 161
68 247
146 210
38 166
46 205
118 256
167 171
233 261
6 106
12 111
222 269
76 181
21 259
101 136
38 162
143 169
18 23
53 265
114 261
88 250
178 262
38 100
22 257
102 138
80 156
5 30
55 235
203 219
42 136
161 265
20 86
77 260
6 50
23 145
31 43
41 49
57 58
168 207
3 157
4 63
110 174
59 266
52 101
56 211
60 178
204 246
18 210
182 253
106 144
155 173
131 167
27 205
77 245
140 151
186 224
67 142
23 271
33 68
46 220
156 217
40 186
75 206
84 129
23 109
221 223
11 59
115 134
41 65
195 227
106 157
99 200
46 258
49 239
26 197
123 217
92 153
2 147
195 233
23 184
0 176
35 96
153 227
0 228
43 210
122 168
19 145
216 264
101 163
98 166
34 164
95 109
23 63
6 10
70 144
29 71
225 261
178 206
19 130
53 149
118 214
88 91
167 201
145 161
99 219
102 248
144 151
31 251
0 272
129 208
51 163
71 136
59 135
159 227
179 244
224 250
115 144
9 212
52 168
54 70
1 116
52 204
8 255
31 36
81 211
125 224
16 167
76 84
52 247
4 147
87 88
34 78
161 173
80 133
158 186
0 137
97 105
24 55
82 98
54 190
173 201
117 135
149 156
153 171
123 243
181 273
4 269
132 197
97 208
38 212
97 147
8 256
116 164
26 236
132 144
52 120
57 246
95 190
219 239
192 256
35 267
110 274
190 267
109 195
233 263
48 212
113 263
1 211
86 130
117 128
27 28
94 163
164 180
70 261
237 248
192 200
101 207
77 94
80 180
102 272
166 239
81 88
30 212
29 147
61 195
33 104
78 269
139 265
85 144
106 174
118 150
104 129
39 113
30 36
35 111
104 224
152 250
22 116
199 204
205 245
84 219
143 203
59 189
61 124
67 222
157 204
143 213
7 32
6 222
97 262
65 200
224 258
144 247
14 45
120 189
47 268
135 171
85 230
17 40
239 270
62 74
52 237
100 256
229 254
48 160
110 183
63 145
225 245
30 204
48 158
145 165
50 216
122 151
218 237
141 197
38 43
70 145
156 255
87 240
122 262
165 229
88 158
142 147
180 218
7 264
18 77
179 214
33 63
131 252
29 208
29 263
124 204
70 173
186 233
216 265
50 167
36 111
29 86
75 238
169 229
144 241
127 254
265 273
58 112
181 212
60 115
126 266
125 210
36 214
36 221
128 227
19 94
181 244
128 170
88 244
35 259
3 53
128 249
211 241
122 215
50 153
86 184
127 173
110 143
73 229
194 228
2 114
27 109
53 257
242 267
1 93
106 218
157 180
181 222
79 234
211 243
55 168
105 144
95 266
50 135
60 271
39 81
68 170
36 119
100 106
208 228
76 151
55 231
0 89
29 37
129 273
220 244
204 224
62 94
10 241
28 216
0 162
5 100
16 75
148 172
50 69
121 126
128 164
76 247
218 251
85 126
25 194
17 224
27 61
15 262
77 243
51 238
149 223
59 130
4 99
32 132
16 226
117 194
26 217
6 96
111 127
56 190
95 265
127 200
168 269
229 257
60 189
2 68
53 101
58 244
90 175
143 189
9 71
152 167
99 169
139 189
199 201
47 149
132 192
75 195
97 185
30 160
205 253
43 218
131 171
147 172
52 244
77 240
31 66
227 252
100 203
70 130
197 228
6 105
70 78
126 203
21 215
113 210
168 203
179 186
35 218
21 118
50 108
108 274
103 253
42 58
151 159
109 212
3 211
44 233
15 120
48 269
64 123
0 255
93 250
63 178
111 166
40 174
6 80
217 222
104 220
175 257
200 245
206 219
194 267
120 260
127 268
66 168
251 265
202 268
64 131
115 218
146 156
174 260
224 231
137 236
0 253
3 266
100 182
10 55
83 169
130 168
123 221
78 80
2 46
208 227
223 247
49 62
191 256
128 136
2 58
97 182
179 251
129 226
71 206
84 255
213 269
102 115
71 151
55 180
25 268
149 229
115 151
116 166
120 168
96 139
25 93
46 190
185 268
158 272
219 231
136 205
133 207
11 144
147 181
201 263
50 80
83 202
28 106
78 197
33 73
119 174
41 208
99 250
76 85
82 113
52 192
66 226
172 244
46 49
88 228
217 259
42 243
3 49
178 265
45 190
48 253
84 150
107 181
19 179
19 136
62 176
213 246
55 120
23 146
184 199
100 237
111 221
53 130
9 272
5 24
12 259
4 212
82 106
53 173
139 141
168 245
132 274
78 166
231 239
204 239
219 246
213 270
89 213
31 234
134 247
31 109
119 164
162 190
125 147
158 181
73 223
90 155
48 83
81 149
19 150
125 192
5 146
31 133
44 86
210 270
18 60
8 228
128 217
107 155
27 104
175 245
102 157
84 215
132 189
15 139
39 109
173 207
13 143
245 265
34 244
121 161
111 224
44 148
155 200
35 221
72 225
125 247
141 167
88 174
215 220
79 148
76 189
92 217
164 225
61 101
188 216
7 77
138 165
59 166
212 259
71 264
191 204
101 254
95 119
49 183
165 270
12 110
112 152
35 109
40 66
31 52
77 178
21 155
150 241
16 265
133 156
19 227
195 244
106 147
13 187
219 260
151 160
65 72
77 132
180 187
12 136
122 186
8 73
9 258
54 252
87 266
91 262
132 167
36 273
28 53
47 144
5 235
13 274
250 251
23 263
9 24
64 207
6 157
93 199
24 189
0 119
29 47
5 116
70 167
13 169
144 236
99 135
16 196
76 264
32 233
79 236
44 94
11 243
29 140
9 137
5 195
114 209
128 139
17 130
23 195
34 250
112 182
53 140
67 91
6 204
113 129
12 235
129 199
11 15
16 270
44 165
63 216
9 185
14 256
130 156
40 258
12 21
7 142
76 82
66 100
113 191
55 69
61 93
41 184
12 46
48 228
6 191
139 230
6 230
167 204
87 158
8 119
41 134
76 232
143 168
23 269
0 260
83 159
77 119
112 188
14 154
18 177
23 158
180 201
83 214
28 64
31 96
123 187
187 253
138 231
67 255
103 186
147 196
222 262
70 230
17 109
211 216
104 118
171 246
197 262
106 210
179 262
70 265
183 257
221 264
74 90
126 143
124 241
181 182
126 219
55 269
0 21
202 227
78 173
216 225
194 212
197 229
4 239
194 264
110 123
99 205
142 166
137 271
117 209
255 272
57 271
228 252
54 116
0 160
13 22
31 60
97 268
191 237
114 257
164 248
104 227
210 252
176 236
44 147
147 190
156 270
27 150
76 192
25 97
0 240
211 238
249 272
152 208
42 161
149 198
121 173
166 190
126 148
152 185
231 233
32 236
148 155
135 153
166 223
124 166
157 163
24 230
71 175
139 254
149 187
103 223
35 102
21 27
79 175
77 196
28 128
102 233
37 262
185 247
16 45
55 149
93 136
161 216
113 258
196 217
96 238
195 221
107 252
3 110
73 172
48 131
128 264
32 100
25 160
51 257
56 163
118 174
165 266
19 264
54 120
49 160
67 153
181 252
169 215
146 255
213 225
152 188
55 92
214 265
197 269
4 259
51 254
83 111
102 111
90 97
38 39
179 242
44 272
38 83
20 251
180 250
116 179
25 105
37 136
61 69
10 263
167 219
27 102
18 182
61 97
86 149
62 99
19 168
33 138
115 149
36 193
14 148
176 251
46 273
47 223
40 97
127 216
16 160
2 5
72 79
85 222
135 211
127 197
45 56
13 15
29 266
64 79
20 98
11 88
69 199
21 60
25 73
37 65
16 60
120 147
56 167
181 190
55 225
242 254
29 171
133 183
205 269
147 186
51 155
131 235
30 150
49 272
98 113
179 219
139 161
112 191
46 163
189 191
48 92
92 158
258 265
215 258
143 195
174 193
20 111
152 265
134 258
157 200
111 206
72 229
166 268
32 49
53 186
104 273
196 246
218 234
73 175
152 243
91 98
10 182
75 169
99 201
70 105
38 115
212 245
91 236
11 126
30 180
19 249
172 174
43 162
142 153
44 79
76 223
178 254
121 272
101 105
157 237
26 132
20 193
124 205
21 55
100 166
59 205
30 216
6 267
22 70
19 189
16 39
160 186
186 268
9 29
145 210
89 133
33 133
150 197
155 213
126 263
134 267
98 242
178 185
211 225
2 252
199 253
34 51
45 71
158 227
18 39
145 228
180 199
151 237
23 34
65 68
9 173
149 248
106 126
69 86
260 262
70 148
18 72
142 178
76 156
37 97
200 262
91 240
51 173
73 171
29 253
35 204
124 231
11 40
166 251
174 245
44 245
131 182
151 263
113 188
57 82
118 131
98 124
100 180
66 229
97 179
47 68
143 192
111 198
111 188
109 137
137 224
39 157
100 252
36 200
122 170
110 176
61 123
33 239
4 48
250 256
111 248
83 245
158 187
229 247
136 197
31 222
61 238
58 106
104 215
183 261
69 258
17 85
93 213
15 118
146 238
127 264
156 227
25 49
58 149
71 106
119 177
135 198
61 247
70 212
16 147
134 251
114 208
103 150
36 256
154 260
4 42
34 241
147 158
227 267
59 244
136 255
219 272
92 188
34 126
41 47
175 216
98 202
69 200
74 124
38 132
80 241
119 206
10 47
0 114
6 248
96 274
41 200
97 194
238 239
134 203
2 259
21 194
128 245
20 48
203 241
21 272
55 95
149 214
127 139
127 195
94 237
59 194
54 238
116 258
200 202
228 249
102 250
52 202
236 255
116 124
193 252
10 209
114 265
196 255
43 182
26 148
21 147
63 70
115 221
115 249
78 121
225 251
103 170
42 112
46 89
25 222
113 220
29 74
56 116
134 213
50 191
67 90
112 179
1 229
160 195
54 61
150 232
150 257
148 242
218 232
80 272
7 214
0 246
82 97
68 71
28 107
22 30
7 117
25 37
6 269
204 241
129 232
128 187
84 92
105 117
162 251
63 95
161 272
198 269
133 250
204 269
62 108
16 35
139 167
69 252
2 229
57 109
72 226
151 272
7 267
35 55
56 61
70 164
20 44
122 152
73 234
56 227
12 188
92 250
97 139
101 263
57 158
57 176
15 97
102 261
90 210
33 58
135 265
135 220
132 198
78 93
40 203
62 131
218 250
175 214
168 237
60 152
10 45
36 123
157 214
87 241
27 151
239 249
0 116
194 270
118 247
135 253
63 246
60 259
18 195
118 163
239 264
40 267
127 142
18 136
62 136
28 274
71 176
128 169
68 196
5 261
86 253
167 226
243 246
208 226
37 115
244 254
15 45
36 217
107 263
89 225
26 49
139 241
138 249
55 93
28 83
182 269
34 270
64 77
214 269
55 94
143 262
181 238
64 109
140 234
37 120
260 263
55 270
67 83
63 219
176 198
32 235
49 223
93 153
75 128
47 96
12 50
57 103
111 143
7 19
30 166
91 195
146 253
126 261
126 212
59 63
113 167
48 117
1 51
25 164
68 238
10 96
181 208
152 216
117 186
68 122
66 160
136 250
29 124
257 271
15 261
133 211
80 96
145 151
96 178
190 214
72 111
126 249
16 215
39 144
122 129
125 266
48 231
90 103
18 165
71 142
91 233
23 85
2 192
261 270
9 43
208 251
121 261
143 144
118 185
36 209
125 214
19 224
32 130
245 257
185 252
78 256
217 258
7 234
91 96
22 239
141 241
13 158
251 258
77 146
40 214
8 53
68 162
28 221
0 14
210 240
210 227
88 249
121 224
37 217
127 178
14 89
140 213
63 267
53 177
62 215
59 209
188 253
221 272
70 160
20 33
183 229
95 244
62 70
56 255
178 270
132 208
16 154
39 141
143 227
97 192
10 181
25 66
97 233
23 72
83 182
48 233
71 192
171 198
162 202
5 61
42 81
15 199
44 55
133 177
94 254
44 258
44 106
106 240
94 258
48 185
194 259
69 189
187 197
93 203
75 122
136 143
49 66
114 204
111 177
81 234
100 274
65 88
25 84
61 258
224 254
151 268
160 243
41 193
106 142
78 267
181 191
11 122
228 255
70 217
22 72
8 20
64 205
89 117
15 128
58 242
46 272
94 230
29 195
7 247
24 161
139 256
205 216
47 117
179 191
175 199
126 145
196 271
61 151
11 43
81 109
34 218
152 202
175 212
44 240
92 180
168 198
66 107
168 184
60 141
81 251
16 86
144 270
116 148
88 210
66 189
114 167
172 205
68 96
32 56
34 204
164 245
8 124
201 222
96 249
249 252
124 141
115 147
72 262
1 144
208 245
74 176
157 193
8 240
109 123
4 127
23 157
42 79
41 80
58 194
184 258
161 240
9 134
10 76
35 154
80 231
92 155
107 184
25 36
226 263
146 218
147 252
106 214
147 235
149 259
138 234
191 236
87 225
80 251
7 36
175 260
138 150
15 165
71 85
26 265
75 174
65 192
45 243
167 185
70 152
156 198
55 145
226 236
55 220
20 235
88 144
32 242
56 90
135 175
80 220
56 241
41 225
182 191
22 218
153 269
164 252
47 185
44 223
132 137
8 164
48 213
8 187
126 260
131 266
101 235
62 182
89 198
137 244
26 124
145 212
62 268
26 208
110 161
131 185
130 225
38 236
102 263
84 194
82 160
127 198
43 152
18 158
226 274
46 203
205 243
26 50
155 230
8 34
89 131
203 267
1 187
73 271
33 192
47 193
52 191
206 241
112 251
47 247
32 35
146 222
197 221
73 195
126 245
38 184
86 187
25 115
60 187
94 194
59 219
0 179
142 263
92 161
143 210
3 228
193 207
115 202
117 158
101 125
141 200
34 167
184 226
0 84
117 204
75 100
161 219
16 199
143 185
13 180
71 165
72 251
109 165
135 241
88 255
152 244
218 253
38 92
138 204
70 73
14 126
18 187
79 229
21 111
183 259
54 182
199 257
94 122
30 266
142 249
15 220
33 136
36 162
18 242
125 223
132 165
52 188
9 21
2 8
82 170
102 172
84 265
13 212
177 186
98 264
15 183
28 141
193 235
121 264
70 256
62 167
35 153
68 183
81 269
73 127
115 162
145 227
130 175
53 188
236 262
216 245
122 270
23 45
50 101
141 145
116 218
72 76
14 63
167 262
33 177
123 253
21 266
7 193
114 192
51 222
22 86
175 194
206 210
16 172
37 245
4 174
23 54
26 33
163 205
171 214
37 60
88 223
130 162
75 253
209 268
210 263
199 208
79 176
174 262
0 232
128 144
40 81
130 229
28 108
66 195
98 188
111 274
21 62
252 258
78 108
118 239
147 241
49 103
164 262
33 156
18 174
115 274
2 175
131 160
57 145
196 221
72 228
64 182
132 158
165 206
120 239
41 88
9 33
57 244
36 218
216 269
120 194
105 133
49 175
42 109
183 208
54 97
48 176
50 273
159 217
130 274
91 181
130 233
45 144
151 163
14 203
167 186
62 97
124 234
134 256
36 149
43 78
107 138
171 248
8 80
29 43
63 218
127 221
147 183
215 266
33 59
9 63
254 263
38 160
114 193
24 157
5 152
44 195
19 95
39 199
151 243
25 30
56 72
123 141
33 211
59 90
131 208
55 240
132 271
92 117
27 209
185 194
8 174
23 193
85 235
65 120
162 195
13 230
118 245
32 269
22 132
33 190
25 191
32 59
12 161
24 246
24 195
10 82
206 263
189 195
200 263
72 175
12 202
13 72
11 29
219 230
68 211
185 254
94 111
46 218
7 250
85 190
79 82
61 86
51 200
75 201
12 76
35 222
13 42
24 59
222 250
110 155
163 256
31 64
78 122
178 263
216 272
90 245
31 94
112 246
34 198
7 207
205 233
86 224
108 150
97 166
17 57
125 261
207 233
9 241
49 264
118 167
131 261
70 271
95 202
97 158
12 56
131 204
194 199
147 233
82 173
161 257
26 156
123 143
187 262
5 227
149 262
17 223
40 151
156 210
124 260
106 257
151 269
43 100
89 170
101 220
24 143
148 150
58 192
272 274
28 150
172 237
15 62
141 272
67 183
27 34
22 24
83 208
1 225
25 135
55 187
221 263
88 231
63 193
18 250
50 128
86 208
144 272
63 120
72 196
143 174
53 232
111 184
37 266
141 199
242 274
84 223
78 188
1 250
57 220
69 151
7 104
63 238
89 168
46 157
152 223
16 81
41 112
86 176
50 155
87 256
14 221
99 128
27 154
44 190
33 159
174 238
78 238
126 255
159 201
220 263
76 160
30 144
81 261
196 222
52 254
57 230
44 231
83 113
135 190
76 111
186 239
63 195
101 119
79 88
85 170
91 138
14 133
67 80
208 247
111 222
162 177
30 245
109 155
59 99
175 191
38 66
73 142
68 150
56 185
69 184
68 257
216 229
7 223
149 167
140 235
44 197
92 244
48 77
130 182
177 244
29 145
30 31
75 191
15 37
26 145
108 247
8 221
48 55
118 240
46 186
88 192
111 202
168 234
44 138
38 99
10 214
1 155
4 164
199 227
108 143
193 209
209 255
60 238
194 207
121 147
165 208
24 245
55 188
58 164
221 240
71 76
24 177
52 269
26 31
43 87
156 222
62 231
185 215
129 266
132 267
34 124
114 197
150 209
62 214
112 131
120 149
177 223
44 254
41 171
114 232
263 268
54 274
78 128
55 163
163 187
150 210
17 25
174 197
133 175
171 202
19 68
162 206
37 82
163 233
185 190
66 258
30 41
146 213
70 203
195 205
72 75
192 272
67 118
98 205
105 191
153 225
7 42
8 212
121 229
100 255
152 232
100 112
137 233
79 199
218 226
52 92
193 236
56 198
2 76
192 260
12 225
6 114
67 209
128 229
156 242
71 171
31 178
146 250
107 190
27 239
61 224
175 248
87 257
144 243
146 270
11 118
98 126
24 183
37 132
122 261
134 179
62 165
149 250
85 205
54 60
72 245
0 96
100 168
204 238
41 83
103 171
53 216
110 157
55 193
244 245
190 208
104 252
24 170
11 37
144 246
185 229
16 218
86 185
6 108
4 72
8 166
41 155
6 75
167 213
92 147
74 101
59 253
169 254
43 95
36 210
64 95
68 245
39 194
4 176
20 194
17 241
71 231
135 269
25 178
56 135
126 222
104 192
12 155
210 231
111 129
46 179
174 205
59 216
164 184
6 101
37 153
14 175
70 156
32 171
45 139
171 189
113 156
72 127
181 218
13 213
22 234
57 197
14 67
23 171
144 175
3 15
110 219
60 135
111 126
21 146
58 142
114 258
68 153
88 251
2 264
55 185
51 145
15 25
60 214
159 191
98 262
177 188
119 185
10 151
3 240
35 258
157 216
63 191
145 242
215 247
70 234
29 31
32 163
151 242
170 226
8 120
24 263
79 138
182 274
41 258
126 149
172 185
241 252
192 266
71 96
170 245
17 103
56 138
235 263
163 273
71 152
54 227
30 86
89 235
142 205
130 150
92 265
5 103
115 181
160 196
147 213
98 104
233 269
99 181
27 174
34 237
117 217
146 254
15 229
176 265
72 213
97 229
18 176
59 100
4 171
103 192
24 237
31 32
118 223
13 259
59 98
123 135
44 158
62 234
12 92
96 164
42 214
74 236
152 172
195 223
134 202
69 106
45 159
113 175
246 248
15 132
85 100
30 179
140 161
173 204
175 253
11 216
15 41
35 184
68 172
103 154
67 89
58 160
110 158
153 154
9 112
167 184
197 273
98 229
74 144
53 214
81 236
151 202
175 230
52 171
14 62
23 221
36 215
34 90
112 146
122 145
68 99
1 186
177 245
86 177
120 218
111 190
123 260
45 155
21 245
45 257
76 221
60 198
111 210
260 272
203 261
182 217
50 123
25 219
143 153
217 267
109 238
90 145
209 248
168 258
12 28
5 71
67 161
58 191
101 138
162 274
77 265
23 220
182 248
59 176
17 255
124 212
108 172
113 186
105 120
151 203
57 187
35 143
35 54
251 264
73 130
43 171
76 202
215 218
90 180
75 123
35 91
83 233
54 209
68 145
115 270
36 170
70 77
173 183
64 117
12 16
126 146
76 211
75 190
139 235
167 230
48 191
158 205
4 9
146 240
214 259
137 185
105 262
30 177
195 215
117 268
37 248
14 259
192 199
9 268
26 82
7 84
39 75
15 248
86 202
108 170
183 263
110 145
118 151
121 209
59 199
8 101
219 252
30 191
169 251
152 221
47 260
62 185
96 123
65 116
54 56
34 76
1 202
72 252
57 150
197 272
102 105
101 200
99 239
88 160
19 233
11 219
94 269
87 137
134 164
19 191
34 192
18 80
22 208
12 166
43 96
22 191
141 236
75 227
137 142
10 246
58 237
113 133
41 127
68 143
24 34
39 269
107 194
34 132
150 160
136 246
38 194
149 269
186 192
206 216
27 247
44 122
81 218
130 152
19 131
0 264
38 96
160 257
106 216
29 117
168 193
86 245
32 152
15 153
31 166
63 142
18 217
209 242
28 149
7 187
14 243
121 214
25 255
153 209
147 208
79 225
87 232
186 260
0 263
20 69
90 232
141 233
13 224
184 192
38 60
89 102
107 183
11 123
61 108
166 193
94 222
73 95
20 170
238 253
181 237
136 154
101 201
212 228
18 169
39 130
64 94
27 110
27 159
108 204
21 216
34 224
119 160
16 20
186 237
11 110
183 232
53 97
17 191
29 257
104 123
200 235
202 272
213 272
108 146
21 176
18 168
123 170
104 257
26 227
100 266
223 242
87 206
21 83
79 231
9 221
109 156
119 264
75 139
61 273
154 204
38 207
31 73
62 213
221 270
82 115
70 146
11 198
49 82
236 240
70 89
0 196
177 204
105 112
55 62
67 186
116 184
104 170
86 111
138 197
196 220
124 194
73 207
214 246
89 143
132 152
20 52
6 67
69 135
215 269
122 256
161 223
137 195
48 163
82 258
143 266
97 126
238 264
74 129
108 194
39 115
146 194
158 211
62 224
113 138
128 190
10 50
61 237
154 251
235 250
46 78
185 260
169 179
42 206
129 274
156 260
182 213
74 87
244 258
4 166
77 205
27 106
12 247
174 246
135 194
89 107
42 209
8 55
9 14
31 50
85 117
20 141
192 198
151 220
25 43
260 266
233 272
127 186
96 265
5 157
235 271
89 172
131 228
56 206
30 230
11 236
37 175
23 190
7 259
151 209
0 22
126 234
39 150
160 168
100 259
77 180
84 131
200 239
167 183
64 72
82 164
85 176
68 272
224 233
124 156
200 229
94 235
72 188
62 192
116 232
25 221
205 248
44 143
168 195
122 188
45 80
96 241
45 270
59 87
53 112
123 159
21 101
15 186
185 256
206 231
54 83
237 271
112 235
170 237
13 134
42 266
26 187
229 266
51 111
213 267
122 167
53 55
58 256
26 250
178 218
112 116
61 127
34 254
184 204
23 234
69 235
168 259
27 192
35 174
225 272
76 224
66 81
30 162
7 156
164 237
174 219
237 251
141 229
128 268
122 142
91 257
1 63
88 246
8 121
85 151
161 241
21 49
46 81
11 47
15 75
21 181
236 274
146 168
75 131
178 248
11 149
247 251
81 235
129 268
76 258
38 69
135 195
29 127
94 145
50 192
2 3
30 33
125 126
130 134
14 268
136 208
230 234
131 272
71 118
8 213
78 137
1 140
239 241
15 240
25 265
3 143
178 243
90 216
89 129
137 163
40 101
28 212
38 82
63 234
225 273
103 218
20 271
123 198
94 108
15 135
38 192
143 214
30 215
18 156
18 264
7 43
236 258
79 243
133 233
86 217
24 273
79 254
75 107
123 195
168 244
127 241
95 232
40 189
111 191
78 232
219 265
27 269
41 135
16 96
22 221
156 228
143 176
7 76
10 145
82 156
3 6
16 101
60 160
83 185
129 182
171 236
92 189
15 100
114 215
93 231
175 265
51 196
12 197
96 199
181 247
213 231
196 197
109 232
126 183
82 211
152 209
57 135
185 244
14 50
13 52
112 123
63 215
103 242
11 24
76 112
84 86
146 159
135 205
13 145
65 71
50 268
65 152
165 227
21 39
178 251
192 205
116 172
107 217
58 193
107 191
52 197
7 63
226 237
25 67
23 124
77 233
120 160
8 239
21 134
224 262
170 198
222 236
106 189
117 211
173 194
71 274
62 135
131 183
242 262
29 84
8 39
189 224
27 268
121 207
34 141
79 223
3 239
197 201
7 55
185 274
142 262
42 228
142 221
24 205
117 163
107 196
0 170
109 131
183 222
202 205
52 64
100 111
77 179
117 271
19 194
23 243
9 271
26 235
59 184
166 205
185 271
151 245
116 263
109 231
17 22
16 227
23 212
108 259
140 183
70 249
52 256
95 243
12 49
70 185
33 95
74 259
192 208
180 270
78 136
166 234
6 89
166 203
110 138
208 244
115 192
33 199
43 237
33 74
204 252
30 222
123 255
13 70
44 268
135 256
8 145
20 240
89 204
29 45
113 215
223 241
25 232
11 200
148 230
84 268
115 262
170 235
169 207
15 272
47 236
37 161
15 99
66 78
122 213
1 17
10 149
192 242
84 190
38 64
21 267
34 212
34 44
44 244
21 153
126 197
36 246
22 189
20 245
28 39
10 183
10 119
172 197
105 109
6 168
108 115
56 257
178 234
154 268
183 188
20 108
125 155
19 71
187 214
92 170
198 209
33 200
126 217
205 266
120 163
25 172
190 243
36 255
37 135
170 250
95 263
167 264
8 232
138 172
91 256
22 34
221 252
53 262
60 93
98 231
60 195
21 269
33 206
10 257
172 268
79 133
178 188
14 152
2 44
88 187
1 145
14 157
61 140
97 146
89 238
211 222
207 257
30 196
197 256
63 111
168 186
100 108
42 272
98 234
82 153
41 115
200 207
100 199
193 210
57 108
96 233
65 126
100 159
105 165
78 236
51 71
130 195
185 217
37 267
20 216
66 207
165 243
87 96
189 258
117 257
42 104
5 150
157 167
152 160
52 116
6 148
106 130
141 153
26 159
14 184
141 173
21 263
108 177
1 233
213 271
96 213
53 56
149 178
110 273
143 218
42 274
19 197
30 239
98 131
135 189
54 91
2 212
123 215
82 248
66 75
29 184
186 206
244 270
11 191
88 135
56 80
11 89
12 72
130 218
117 195
190 262
2 155
69 181
187 268
54 80
164 219
215 252
158 161
134 206
47 261
22 255
112 202
47 156
94 271
53 92
144 206
148 192
114 125
21 246
87 171
117 201
19 34
186 273
60 116
107 271
10 271
151 267
4 103
31 252
75 95
7 211
217 247
145 223
168 235
172 256
30 63
107 151
50 105
17 144
34 255
83 141
115 208
0 132
54 55
220 232
14 26
29 54
130 237
158 258
17 240
0 241
147 176
167 259
127 246
112 147
45 151
39 262
0 172
55 74
110 154
108 180
76 131
28 171
82 182
262 270
96 106
122 156
231 264
135 217
109 170
76 214
185 195
67 148
89 135
54 159
74 104
0 70
44 61
258 267
59 267
166 209
3 147
39 91
145 150
44 154
12 22
4 144
102 178
230 252
106 137
3 214
44 270
123 131
87 238
33 105
10 127
5 246
77 131
135 270
10 39
176 196
2 51
129 257
12 80
88 274
54 225
57 194
37 251
85 116
109 185
33 207
157 269
137 225
63 264
6 92
51 186
253 255
90 131
37 166
134 140
119 262
74 122
113 267
77 223
51 151
8 215
66 261
37 159
194 266
109 168
122 149
14 40
169 246
40 74
257 263
223 264
123 156
20 264
105 168
70 231
128 159
117 152
139 185
8 198
153 197
43 185
48 268
2 98
100 223
57 236
25 113
9 225
80 117
82 103
222 249
103 244
15 148
136 214
71 143
32 106
91 121
5 236
38 106
13 181
108 215
42 127
37 52
86 186
49 231
148 217
120 241
81 173
71 126
114 139
16 73
4 81
22 237
166 260
139 156
77 203
29 80
154 176
154 237
13 232
101 217
20 139
18 146
142 213
119 167
98 247
131 135
182 199
22 184
30 158
133 160
51 161
116 136
25 53
30 153
5 66
121 171
195 251
233 238
83 108
131 211
63 94
92 95
60 244
168 211
143 197
41 168
24 214
98 121
137 261
4 30
141 194
177 195
219 271
40 80
81 204
122 259
111 136
30 172
113 135
153 224
200 215
113 178
6 188
6 142
127 146
67 141
164 273
58 90
82 224
44 75
13 24
91 186
21 108
11 136
28 197
78 263
144 255
161 225
174 184
86 241
199 268
60 118
193 219
15 255
135 150
112 223
19 171
197 231
213 263
64 151
7 205
249 253
148 249
178 199
74 199
159 221
141 218
105 194
10 66
84 98
78 222
29 201
57 195
10 166
68 206
65 129
195 226
165 166
11 232
80 152
108 142
177 265
90 110
1 231
76 215
115 246
11 97
7 232
174 179
78 204
91 162
117 174
30 52
23 203
112 138
132 243
42 145
53 174
77 103
142 259
180 220
57 132
27 176
161 234
6 60
189 210
100 222
196 264
63 251
107 168
55 104
155 233
163 209
31 150
159 271
172 182
180 193
71 253
44 237
34 207
169 196
27 169
51 76
4 252
32 220
3 222
109 122
81 225
41 180
184 219
12 137
58 176
143 246
119 254
35 195
62 90
41 63
74 132
74 114
85 114
17 33
22 111
27 31
132 234
54 137
143 209
179 187
89 158
230 256
113 243
31 33
40 265
117 197
129 160
58 137
175 263
104 186
143 249
51 245
58 87
90 202
165 220
25 131
0 156
143 247
11 246
27 137
91 111
203 263
180 213
98 147
100 236
220 252
92 215
37 242
45 122
43 151
47 204
4 45
34 110
166 188
195 260
59 251
144 169
11 83
119 141
97 242
17 41
43 92
5 183
13 54
35 265
49 128
34 213
120 204
165 222
86 238
129 223
68 185
159 180
201 274
58 259
5 109
46 181
38 185
99 122
123 261
130 211
83 247
146 202
201 218
4 46
56 71
8 266
19 169
99 210
28 213
7 172
52 81
80 239
11 147
43 173
192 218
39 250
58 114
117 208
55 129
131 210
1 57
33 266
42 169
41 195
54 173
4 185
80 89
148 265
55 252
145 191
203 269
5 153
15 110
77 84
156 265
38 52
127 233
84 128
67 135
28 34
134 231
192 230
71 160
13 98
43 249
23 210
106 226
48 88
139 192
68 139
47 81
89 208
127 222
13 233
149 213
99 107
155 249
268 270
173 229
176 253
50 95
122 273
77 187
77 211
6 247
27 175
150 158
36 181
168 233
43 159
23 262
15 124
52 176
28 60
52 264
15 81
164 234
163 173
110 159
58 73
35 105
17 193
174 236
88 170
42 64
21 66
89 251
86 225
193 206
98 270
103 162
9 217
46 196
45 116
58 61
15 33
106 143
65 209
78 240
108 251
211 240
64 223
83 265
34 209
131 243
116 207
113 272
53 165
200 267
63 210
146 148
61 138
23 189
89 97
70 194
76 127
234 241
150 189
105 174
54 114
160 200
110 162
47 50
118 211
223 249
94 161
34 118
65 111
28 97
32 45
60 170
18 97
111 211
177 184
43 166
53 192
88 199
6 120
223 227
162 184
55 241
16 150
60 226
46 171
7 108
93 204
113 122
197 236
4 137
61 249
72 138
51 190
109 213
11 241
20 229
54 149
128 257
7 163
47 253
58 72
63 168
247 254
168 219
28 78
131 238
67 110
47 264
82 201
102 119
113 219
20 242
181 243
222 229
85 253
96 132
77 145
115 266
26 36
4 38
48 208
18 95
38 267
43 265
95 159
25 157
71 250
66 98
5 207
88 188
205 267
10 155
93 105
165 256
104 209
155 231
137 167
43 251
108 271
28 86
184 261
76 167
52 73
48 152
151 266
78 138
225 237
96 98
74 212
114 130
117 169
226 243
154 257
168 266
178 184
101 264
50 58
41 268
24 26
250 268
66 132
89 215
201 242
53 135
111 160
66 142
247 273
5 185
84 205
79 264
115 122
46 110
120 235
57 86
33 218
4 117
44 194
74 253
93 135
81 223
49 206
163 217
183 244
8 247
66 134
139 162
206 244
103 114
61 232
41 204
117 245
47 270
145 157
39 84
108 227
198 214
49 172
8 204
111 161
71 161
153 212
80 268
4 105
11 242
125 262
38 128
12 186
60 86
123 151
104 254
87 252
105 236
203 259
73 206
195 261
61 204
1 214
87 118
15 163
148 221
74 246
5 124
1 25
2 52
83 176
32 225
191 274
92 259
174 220
10 198
119 196
169 268
107 167
17 36
104 200
87 237
54 273
170 193
79 132
32 201
159 179
27 223
13 115
74 152
52 85
55 144
171 257
67 195
12 212
42 96
80 168
157 188
126 165
111 153
160 267
95 212
32 46
65 106
113 262
111 208
11 107
121 189
197 257
16 217
124 247
0 249
95 196
22 126
94 264
160 167
50 174
196 261
58 157
37 233
180 246
41 227
12 106
43 98
16 61
109 217
61 137
141 147
95 171
158 218
54 86
2 75
229 264
37 237
174 227
197 246
0 271
15 162
144 174
106 251
82 148
93 141
30 90
1 210
148 152
213 238
15 38
66 183
141 174
72 96
63 123
43 99
148 252
246 264
169 200
225 240
113 139
124 267
101 228
152 213
95 231
202 269
71 237
70 71
80 92
80 165
1 30
18 37
208 231
142 197
35 112
108 250
75 80
140 170
133 152
10 207
101 115
102 212
139 198
105 196
85 167
162 188
113 214
197 261
170 225
136 174
185 201
17 100
76 138
19 153
80 94
28 228
200 209
184 266
160 268
27 162
211 257
70 111
22 65
103 147
39 111
7 271
159 269
63 256
73 217
86 105
11 101
60 171
32 240
5 43
59 180
92 99
174 256
103 230
102 120
164 209
102 121
60 62
140 157
72 199
40 262
45 89
67 272
122 160
33 164
83 272
149 274
0 222
145 156
4 145
225 246
31 134
35 140
2 85
226 266
60 156
162 211
16 135
61 213
238 259
95 121
58 76
183 239
52 76
52 208
126 135
23 37
241 250
33 265
107 129
41 138
19 237
158 196
91 153
110 117
98 204
168 236
61 173
156 199
49 53
216 255
27 184
87 128
1 228
48 222
91 113
120 184
29 32
63 147
55 59
2 95
46 115
78 203
214 235
15 158
93 197
198 253
156 196
158 253
27 142
100 147
17 107
49 244
45 193
45 218
25 142
33 60
25 192
203 247
131 132
8 17
89 217
18 86
217 260
34 173
153 190
155 187
22 260
254 259
172 220
157 159
183 247
154 263
98 248
112 187
32 259
85 149
55 183
79 244
235 244
234 260
13 56
27 227
130 181
47 78
27 152
116 198
39 148
138 141
22 138
3 16
129 168
53 215
30 201
192 197
95 217
156 263
120 222
199 241
56 197
29 274
48 124
71 182
89 184
22 106
23 202
110 114
230 260
72 232
59 221
56 219
87 178
82 161
9 233
75 168
21 244
160 249
40 166
163 186
73 164
172 258
18 179
142 170
99 171
80 246
155 242
212 269
0 233
5 49
21 97
97 200
23 53
170 191
181 196
46 215
38 142
198 223
40 238
168 273
65 66
68 244
10 31
56 78
18 251
194 250
20 159
193 212
67 174
95 267
236 243
28 91
16 155
167 237
259 270
47 134
159 243
109 258
45 49
43 128
54 122
76 162
88 230
48 271
31 195
14 172
6 46
35 169
59 124
126 154
85 120
13 64
6 102
24 82
190 199
17 51
198 242
125 241
56 266
216 217
53 171
91 164
87 186
176 181
32 253
23 43
24 253
25 273
38 45
140 257
30 48
48 70
68 168
132 248
98 118
133 146
72 110
209 249
81 221
45 52
208 222
47 118
67 125
77 261
147 223
13 119
19 222
15 175
21 32
38 253
94 224
176 226
54 171
196 239
70 251
187 205
69 220
5 168
220 249
10 272
90 229
162 262
46 92
160 175
36 93
59 207
11 141
67 229
22 47
128 157
130 193
34 116
206 222
24 224
114 149
17 181
8 59
30 187
21 122
2 193
6 198
87 167
111 163
47 48
246 272
20 155
109 111
21 223
146 151
104 206
35 122
19 27
11 76
12 146
150 166
166 229
32 38
58 130
28 183
74 143
4 236
15 109
48 103
7 231
81 175
16 247
68 259
17 113
36 242
89 257
4 40
196 262
135 251
17 173
18 22
188 196
83 213
173 208
37 221
170 261
133 142
184 264
115 174
140 270
174 269
72 221
38 163
104 140
53 187
43 184
154 264
156 169
195 200
138 145
49 221
27 105
41 111
151 257
50 222
9 77
147 268
90 96
249 270
62 151
122 190
171 270
172 273
39 173
52 65
211 212
84 163
111 263
178 192
53 72
17 70
6 146
140 225
25 137
8 176
42 151
220 245
26 205
36 203
87 140
56 145
101 272
113 235
102 243
5 19
4 122
109 241
163 172
34 214
65 128
204 254
4 61
88 153
13 220
51 65
7 134
106 160
100 185
37 177
56 162
98 252
94 189
80 149
40 244
71 158
174 258
167 220
180 257
92 185
182 233
43 245
101 225
29 76
52 97
81 150
70 177
104 214
51 79
6 54
142 224
63 257
181 265
50 84
103 227
57 107
197 254
123 188
229 237
42 153
82 242
83 168
5 10
15 105
52 90
38 260
19 259
197 230
100 260
125 146
127 147
37 178
39 54
13 135
100 247
25 82
22 240
7 148
39 61
24 120
208 240
81 200
99 154
168 199
54 87
6 186
108 255
51 126
122 181
76 271
191 199
8 272
117 170
10 204
39 251
116 153
43 230
39 147
11 189
149 240
30 269
168 271
6 264
14 263
30 78
61 272
99 223
43 111
15 134
87 138
65 70
72 259
162 217
53 268
222 264
79 142
102 169
49 196
102 155
7 128
114 127
127 267
23 40
55 179
82 166
50 82
140 201
45 158
22 31
131 231
116 241
11 197
92 261
216 230
31 116
83 239
216 231
129 259
69 245
32 79
115 127
71 249
72 81
147 156
64 90
168 170
180 267
13 244
16 235
198 217
4 167
83 193
171 263
48 121
182 206
22 174
47 249
91 175
119 140
14 91
2 195
59 127
24 198
97 249
34 193
98 179
194 274
95 142
110 208
90 263
233 245
185 241
186 197
174 267
52 241
68 240
72 159
64 99
179 221
159 244
94 260
178 203
