277
8
6116
60
81 2
88 2
85 2
83 4
80 2
92 3
91 3
83 1
77 4
82 2
84 1
84 1
82 4
88 1
79 2
87 1
79 3
80 4
87 5
77 3
90 2
80 1
81 3
92 5
90 2
91 1
83 5
79 1
86 3
78 4
78 4
85 1
90 1
88 2
91 1
80 2
89 5
83 1
88 2
77 4
91 4
85 2
91 4
83 2
82 5
89 2
79 2
81 5
90 4
80 4
79 3
89 5
86 2
90 2
90 4
92 2
86 2
81 5
90 3
86 1
91 4
83 2
88 3
92 1
79 2
81 3
84 4
80 2
83 5
89 3
77 2
79 4
85 1
91 1
86 3
80 4
83 3
85 2
81 1
90 3
81 5
91 3
84 4
81 2
82 1
90 5
89 4
82 1
81 1
83 3
80 4
80 2
86 5
81 3
88 3
86 2
87 2
79 4
80 5
83 4
80 2
87 4
78 1
87 4
78 4
89 3
78 5
78 5
87 1
87 2
78 5
88 3
81 3
85 4
92 3
79 3
77 5
79 1
79 4
86 4
92 2
77 1
79 2
87 3
88 4
90 3
79 2
86 3
89 2
77 4
90 4
82 1
77 5
84 5
89 3
84 3
92 5
91 2
88 3
85 5
88 4
91 1
82 4
80 5
89 5
83 4
82 4
85 2
78 4
88 2
86 3
90 4
78 3
83 1
77 1
81 2
81 1
82 2
81 3
84 3
84 1
89 2
84 2
79 2
86 1
80 5
85 1
78 4
78 3
84 2
79 3
89 2
89 3
89 4
90 2
90 5
89 4
84 1
81 2
90 2
89 5
89 4
90 2
86 2
87 2
91 3
86 4
92 3
78 4
82 5
79 3
82 2
77 5
80 4
84 4
88 4
83 1
88 4
86 2
91 2
85 1
77 4
77 3
78 2
84 4
92 1
87 5
90 1
90 5
77 1
80 3
92 2
77 3
80 1
92 1
89 2
89 3
85 2
78 2
83 2
84 1
91 3
89 4
78 1
79 2
77 5
86 3
78 4
79 2
82 5
77 4
79 2
86 3
77 1
89 1
79 4
78 2
85 3
82 5
84 5
88 4
91 2
87 4
80 1
90 3
86 1
90 3
89 4
78 4
78 5
82 4
84 3
92 4
89 5
88 3
84 3
77 4
81 5
77 3
80 4
83 3
77 3
85 4
84 5
85 1
80 1
86 3
85 5
81 5
87 3
80 4
78 1
92 2
90 1
85 5
87 4
81 3
47 238
4 86
151 191
165 242
124 129
125 275
109 262
123 210
7 149
76 117
184 271
134 147
10 15
183 215
33 130
216 250
34 210
67 275
4 260
61 243
129 133
35 164
32 89
186 203
53 264
159 274
147 221
23 169
138 211
120 167
105 181
117 204
158 265
20 62
125 276
173 217
28 85
73 122
114 179
18 130
49 106
11 217
61 255
21 139
37 84
45 258
8 252
84 242
39 187
155 191
26 222
186 226
112 148
40 100
27 190
11 196
133 152
55 164
8 114
24 271
78 228
94 168
41 78
69 153
116 122
2 239
150 235
82 111
15 169
38 143
77 113
159 212
46 246
6 54
23 248
11 30
23 101
112 242
90 186
13 168
137 258
92 210
68 165
85 96
23 183
150 272
17 29
109 207
26 72
48 92
44 205
139 186
248 254
141 208
219 259
137 171
21 28
53 63
62 206
197 274
140 257
89 112
179 184
44 266
2 59
96 264
232 233
10 247
31 173
60 93
93 104
184 197
174 187
7 233
14 114
191 218
132 238
154 175
168 176
51 90
190 272
86 259
36 85
7 257
169 231
141 230
19 182
85 88
56 78
71 178
169 213
4 152
202 243
79 192
16 88
11 109
46 216
106 239
64 263
26 216
100 146
39 128
22 155
66 94
48 157
180 265
104 260
72 117
87 241
197 257
31 127
220 234
212 248
251 260
25 263
46 206
126 259
153 240
29 229
160 255
55 255
19 54
52 200
125 163
162 208
22 69
77 132
157 244
232 259
118 264
117 221
185 274
39 253
152 265
127 220
9 251
89 256
212 232
137 221
162 266
12 86
77 179
52 227
112 123
181 260
27 128
0 28
36 107
163 194
93 203
13 192
105 109
17 116
11 261
10 263
34 113
45 169
175 254
56 105
8 82
6 29
0 60
64 179
3 49
17 85
5 49
24 36
126 207
209 214
54 243
95 276
38 264
72 224
74 162
28 171
80 110
173 187
35 231
90 162
60 220
189 250
144 177
58 260
67 269
54 178
18 99
26 273
33 195
54 211
14 240
170 213
27 269
3 164
0 92
19 106
101 229
215 266
93 196
195 200
167 194
37 94
118 153
226 244
167 242
131 239
24 263
130 164
49 91
61 240
7 225
226 274
74 114
144 233
166 250
31 228
93 259
116 221
84 180
117 161
99 100
50 79
2 50
9 179
225 275
237 252
47 204
123 153
217 246
4 104
187 216
234 256
84 207
55 96
148 179
254 262
47 211
218 259
25 260
19 232
124 205
73 137
109 179
47 231
70 168
59 146
156 191
83 162
97 99
194 242
123 162
228 252
1 8
188 254
202 241
252 259
211 224
161 229
79 215
33 256
119 130
82 208
227 228
25 122
46 159
16 141
32 131
163 216
50 231
246 268
84 250
129 241
2 57
73 123
150 234
71 232
12 130
61 250
48 231
130 228
102 189
9 78
68 231
87 140
37 246
27 159
155 241
112 118
79 170
44 142
212 234
61 72
105 187
9 268
119 224
62 213
75 180
5 88
46 74
77 192
4 62
7 171
72 162
88 247
37 39
156 251
33 233
238 266
76 207
73 127
133 234
17 159
19 122
74 83
55 275
92 204
34 125
57 128
80 148
85 169
193 266
248 259
111 233
145 226
54 260
170 273
47 74
98 109
136 201
84 173
220 248
88 219
114 213
179 228
0 93
55 154
72 188
57 192
69 125
70 97
71 106
52 216
174 260
5 169
133 224
264 275
162 202
65 240
18 122
121 194
57 135
37 54
4 51
112 173
6 171
89 90
83 250
205 274
112 171
106 124
213 226
130 261
83 266
19 250
50 141
48 207
25 108
21 120
81 246
57 179
82 247
152 220
147 202
63 94
170 244
118 168
137 175
150 241
155 255
101 251
50 238
59 113
18 140
153 162
134 266
52 109
91 132
64 160
138 169
15 76
140 181
80 119
3 273
42 59
19 251
79 265
22 120
180 255
107 166
31 226
191 266
173 264
51 167
112 126
154 181
77 184
95 110
45 108
21 65
95 131
139 207
202 231
121 231
55 98
90 123
176 184
72 236
124 178
65 165
18 162
172 249
34 144
157 211
185 190
63 93
97 163
43 179
34 253
111 234
254 269
81 175
38 136
84 124
182 207
73 151
181 267
105 212
68 254
82 210
211 255
91 117
168 180
96 140
77 83
63 244
175 237
4 268
46 272
213 247
191 226
15 170
109 245
213 266
64 188
48 235
112 120
76 83
43 163
19 74
55 208
223 261
52 195
6 257
52 238
150 180
66 88
125 248
49 127
54 210
5 85
20 244
24 238
31 108
207 239
135 275
104 214
36 228
178 242
135 204
105 177
79 99
4 159
76 133
137 160
144 250
144 191
117 218
56 73
29 69
34 108
208 221
74 164
167 183
35 96
33 125
100 148
60 226
33 151
0 164
168 187
47 261
135 163
160 252
61 241
185 201
176 276
143 254
4 142
187 251
66 100
33 40
9 204
66 193
64 150
157 259
120 171
243 249
59 170
154 165
148 170
17 266
75 191
2 164
179 209
49 207
207 232
94 221
49 243
105 136
166 190
15 179
197 242
9 183
210 266
0 86
229 263
89 204
235 239
34 202
76 97
231 257
48 153
84 154
156 174
171 256
49 110
99 192
41 272
27 185
5 179
163 245
63 192
121 141
133 198
18 96
82 205
3 26
114 153
120 189
128 158
46 204
41 265
22 245
28 208
7 131
59 191
118 195
159 211
107 271
73 275
205 232
18 133
7 39
35 36
23 106
127 142
92 272
2 113
55 189
51 191
89 171
119 172
61 112
57 93
9 261
45 163
153 206
8 48
74 132
35 274
88 126
171 216
67 258
167 249
192 254
178 251
116 256
177 275
166 194
32 119
68 82
31 189
31 272
99 163
144 220
21 217
9 212
249 255
184 239
54 138
29 149
237 263
14 215
77 95
49 232
103 202
19 235
64 86
59 131
23 141
167 231
148 185
21 219
2 83
155 198
58 130
105 176
99 147
21 218
116 178
61 143
9 166
107 148
134 199
18 127
31 123
74 137
23 127
204 212
97 214
152 243
17 69
109 271
184 273
62 214
115 258
62 192
40 238
104 155
106 185
113 267
227 232
114 250
43 152
62 266
50 88
66 129
9 66
110 179
154 228
90 168
50 258
39 93
103 197
141 245
210 221
6 207
100 273
124 135
49 267
18 260
62 201
113 187
230 232
12 266
9 191
53 166
12 193
69 186
4 171
113 206
51 83
175 200
260 263
15 131
7 268
63 182
75 233
181 197
131 182
88 120
80 123
36 201
61 121
139 162
161 275
15 34
250 257
76 91
149 263
79 239
175 201
211 237
176 261
93 99
162 166
2 99
143 178
41 69
57 184
86 93
34 203
71 137
128 165
142 202
91 150
113 234
73 186
4 157
25 187
20 101
55 182
201 258
14 134
53 198
49 234
50 186
115 198
215 242
127 241
114 174
88 258
75 78
78 234
94 99
29 49
110 180
161 261
64 106
124 276
167 216
29 198
249 250
216 246
80 262
4 85
0 157
85 209
131 276
9 205
75 93
116 229
45 94
12 124
141 256
6 170
82 168
60 91
81 243
167 199
145 149
14 245
14 75
94 271
47 117
122 216
12 242
16 195
23 68
100 185
67 74
58 225
63 250
179 212
82 206
33 101
101 167
2 179
115 127
37 219
183 205
65 109
160 236
199 238
50 251
134 260
183 223
167 230
7 26
234 254
86 171
7 183
17 127
25 194
144 187
94 179
170 191
97 200
235 247
25 262
134 228
10 194
93 147
21 244
110 149
156 167
20 135
68 100
32 50
63 75
107 196
24 171
151 217
84 160
75 234
140 163
49 245
105 236
85 255
122 164
71 184
164 257
120 155
169 252
152 183
125 184
26 238
24 140
68 108
167 272
221 247
193 196
102 276
79 108
109 252
4 69
80 151
185 214
34 165
106 269
71 91
74 197
58 261
16 64
96 121
46 239
31 111
77 219
108 206
17 82
133 265
96 196
121 193
17 176
15 61
73 208
78 255
71 124
5 68
115 247
65 251
200 257
18 227
195 258
40 55
73 218
54 172
44 251
116 257
202 208
111 116
96 257
106 205
207 236
158 252
55 211
84 259
19 269
84 219
112 160
17 57
200 252
131 216
90 274
5 32
12 70
149 172
89 170
21 180
8 267
154 260
156 178
140 193
30 134
81 131
86 174
233 252
67 271
88 139
38 261
25 124
53 272
129 178
212 214
228 264
67 120
23 217
49 179
40 66
84 111
184 251
9 103
76 254
150 170
93 107
132 252
4 74
249 275
56 183
39 195
229 252
196 253
84 214
67 224
196 247
27 241
249 254
100 170
213 256
34 152
71 223
19 61
8 183
50 164
28 268
77 173
135 247
207 219
196 263
42 224
256 270
24 234
122 210
24 261
116 148
21 170
37 186
204 263
230 246
14 268
222 254
84 243
49 85
147 199
17 172
122 185
67 69
39 206
81 216
129 245
14 233
14 188
1 273
6 30
120 205
100 165
74 98
62 259
7 55
111 193
27 72
160 168
123 143
4 27
0 52
5 194
224 239
6 249
118 174
80 264
72 146
139 218
0 66
42 189
93 114
0 83
219 236
90 116
148 238
151 240
213 254
260 275
104 154
70 137
112 179
39 242
111 142
65 269
52 138
90 271
125 149
238 250
90 120
0 101
145 255
36 200
89 152
188 233
110 176
24 147
41 219
51 78
0 90
49 269
55 236
139 243
49 201
5 45
168 265
33 51
58 172
53 70
127 189
140 144
37 248
8 50
21 223
164 177
86 145
2 173
49 122
72 104
59 101
44 47
25 31
31 80
78 190
18 22
46 95
86 119
38 211
0 85
100 134
118 196
218 270
172 267
34 69
122 152
151 198
147 211
159 240
30 234
194 263
40 176
136 256
92 149
59 230
120 198
220 262
74 177
133 184
190 271
121 207
188 198
109 123
91 223
50 96
166 235
253 265
151 159
184 249
133 177
15 276
36 195
51 162
237 261
126 255
69 148
32 163
28 166
229 241
134 189
69 198
156 261
41 165
107 137
54 159
75 106
73 181
65 261
205 230
177 257
21 62
179 251
81 259
175 230
181 186
8 204
11 77
267 276
40 173
107 158
63 273
13 227
165 193
57 236
16 125
33 132
215 248
52 166
92 214
191 223
166 269
38 128
54 90
205 254
9 240
225 244
166 188
71 151
172 259
16 164
18 188
34 78
73 257
36 260
19 99
64 173
38 245
51 251
121 179
116 139
150 203
239 273
18 154
236 248
131 258
90 267
151 179
185 231
22 67
183 229
61 248
27 180
181 182
229 240
3 225
64 72
127 274
92 229
145 231
80 96
104 242
205 243
22 26
148 221
49 159
40 175
188 192
161 220
108 133
11 131
17 68
39 153
38 250
125 159
71 78
23 134
81 245
16 93
223 273
124 176
132 211
110 141
81 218
110 119
86 211
165 266
14 48
34 186
119 269
4 182
72 209
217 242
71 72
45 170
102 131
13 263
120 211
21 88
57 153
43 124
219 222
208 213
8 269
199 209
75 134
196 208
28 176
34 148
41 57
20 213
104 189
151 168
48 164
4 267
25 239
38 257
46 224
187 243
58 246
3 158
36 101
91 227
5 266
50 78
55 216
71 242
128 197
78 242
65 173
182 202
75 219
229 253
52 254
8 159
11 68
128 140
37 198
175 176
195 257
237 239
115 194
48 221
17 189
10 106
169 226
4 143
45 52
111 204
113 227
181 273
56 241
120 135
39 181
114 225
1 149
136 188
57 143
133 241
51 197
10 55
7 144
17 244
209 265
200 238
129 139
6 139
98 251
14 58
22 211
71 195
19 47
6 33
38 151
75 187
68 208
140 238
6 61
236 254
72 154
92 213
231 272
67 170
150 214
61 219
19 104
153 274
196 266
30 157
8 16
160 169
52 142
63 213
115 163
169 244
82 100
88 223
89 162
189 249
189 228
159 241
14 121
179 219
223 227
26 103
55 66
162 221
7 240
45 70
114 237
219 268
70 275
35 267
70 145
68 191
166 258
38 161
117 125
247 252
188 230
70 253
126 185
169 176
207 253
45 149
176 181
41 243
178 236
66 257
198 276
91 267
168 258
114 119
119 136
126 249
121 136
37 182
116 203
55 91
27 207
99 261
41 217
58 159
8 70
174 244
107 244
252 255
56 184
114 223
31 92
157 212
93 228
221 253
1 236
177 247
248 249
44 164
19 222
53 155
120 229
31 68
86 175
69 113
173 253
230 238
74 200
6 175
16 236
255 258
115 124
168 262
200 228
9 70
47 84
37 196
162 261
48 244
28 144
117 127
123 249
169 254
165 252
77 231
172 221
40 73
172 174
70 126
77 121
48 180
26 78
30 34
100 101
104 133
30 70
15 67
38 228
21 79
17 182
87 200
161 225
17 220
43 151
29 213
94 121
2 241
49 79
68 236
140 272
81 164
40 107
16 260
43 125
1 108
153 182
40 137
183 251
153 223
16 63
132 276
50 63
18 57
1 164
10 167
98 272
55 259
90 261
17 186
124 198
117 265
231 233
192 273
14 190
166 200
105 171
65 220
58 87
140 196
109 236
105 134
220 239
2 6
13 92
101 156
75 183
17 43
197 276
9 194
205 225
6 196
46 170
6 64
31 114
230 273
5 152
122 134
26 191
52 146
129 198
137 180
56 223
135 174
47 147
115 168
39 129
26 89
12 66
53 106
144 175
135 183
69 220
71 81
29 184
0 55
59 260
77 228
173 180
50 121
95 180
216 251
188 247
190 247
51 218
117 118
97 98
0 250
4 120
221 231
96 255
72 246
23 256
114 274
124 268
121 123
44 269
72 149
65 77
115 245
20 130
12 115
112 147
70 96
64 66
95 177
101 175
134 236
41 124
215 244
26 264
41 230
96 202
49 135
22 158
96 119
119 265
110 242
15 189
149 251
17 65
78 102
22 250
104 151
197 235
167 238
43 138
77 241
121 264
88 131
168 222
148 212
53 178
115 126
86 246
182 233
124 197
99 126
70 79
48 261
72 175
140 149
153 186
44 60
166 211
202 248
85 137
0 193
125 133
109 135
121 225
108 242
79 164
73 242
1 158
76 203
194 201
153 235
92 252
68 250
9 43
190 214
68 196
49 68
9 64
44 202
191 217
54 155
71 174
63 165
186 194
7 176
137 153
67 243
126 203
46 263
108 191
47 186
31 213
196 241
35 206
51 59
118 120
6 44
25 182
92 164
87 181
245 274
95 186
134 161
133 197
77 143
79 229
26 71
56 64
14 61
16 42
102 233
10 78
3 138
26 171
117 205
141 211
31 124
79 261
53 64
96 214
150 215
83 275
176 211
1 39
137 138
38 129
100 237
55 258
140 189
148 261
98 104
10 34
9 272
29 218
53 133
48 162
207 275
185 220
161 208
97 185
22 148
41 83
130 166
68 171
88 153
106 140
14 206
78 175
142 196
207 216
109 128
50 221
122 239
109 190
246 272
54 128
200 265
41 123
234 269
35 193
4 221
114 137
13 138
80 170
113 241
171 268
72 92
86 201
97 209
262 271
18 273
58 121
65 176
194 274
32 129
1 21
23 214
111 245
70 84
121 251
97 233
71 215
23 216
230 261
122 137
3 93
217 253
107 139
28 274
42 196
76 124
154 176
199 250
9 238
7 160
49 214
223 264
220 269
127 244
61 164
31 245
151 216
125 186
184 206
151 212
48 171
120 173
21 160
21 59
89 197
114 126
40 271
74 102
170 262
108 200
149 210
188 275
38 159
176 231
79 148
33 98
98 271
120 234
25 216
112 157
102 226
35 60
77 261
123 245
24 213
70 252
30 127
53 145
40 118
35 251
197 218
165 195
199 225
129 254
104 117
125 193
21 208
35 215
83 94
5 97
217 259
97 186
165 256
239 242
67 133
103 168
175 222
115 215
108 111
40 83
90 135
142 263
43 112
37 275
26 84
86 144
5 257
225 272
40 119
52 265
3 10
48 208
28 90
111 237
31 161
128 213
161 181
183 219
142 148
57 89
8 193
14 27
92 175
87 199
161 240
18 152
45 202
149 250
149 153
40 249
41 235
120 222
47 91
52 56
175 211
98 217
105 130
13 30
185 253
26 63
48 230
194 265
163 197
11 145
6 165
108 270
149 194
172 274
55 162
109 157
104 148
96 128
76 231
3 140
12 119
25 112
39 64
0 80
3 76
3 122
238 251
234 259
184 213
151 258
174 210
37 78
107 203
11 75
63 100
207 228
151 234
13 210
1 23
33 265
183 204
91 162
96 208
208 225
9 133
79 240
14 167
62 94
122 175
213 220
65 79
44 150
39 55
25 167
34 95
61 199
173 267
34 240
23 151
83 179
173 241
97 276
66 270
110 181
61 184
52 130
192 240
99 245
147 208
226 238
257 258
31 239
173 274
9 134
59 102
20 145
20 109
20 60
74 147
74 87
29 268
218 240
154 211
9 214
221 254
0 141
30 31
157 215
88 99
8 145
228 276
99 133
164 188
10 133
78 261
145 174
83 200
64 147
105 267
178 211
19 160
144 194
34 123
21 96
54 102
32 51
46 120
48 59
47 77
198 217
86 90
121 248
22 185
42 66
9 13
100 240
25 119
21 209
135 159
217 258
49 124
53 100
15 141
21 269
182 258
19 22
95 127
49 130
156 196
40 130
32 38
42 70
162 233
56 124
69 138
186 215
46 187
139 183
19 128
45 234
201 249
62 229
191 241
94 177
95 160
5 14
186 229
133 226
32 136
108 180
54 263
159 187
118 233
195 220
98 152
74 273
215 240
151 160
35 184
6 27
77 81
13 22
84 255
268 274
41 149
143 235
36 236
87 248
165 171
30 174
139 269
110 113
55 228
2 132
131 259
86 256
0 206
39 268
36 176
3 145
73 87
33 44
41 45
28 220
70 151
61 160
111 184
225 232
247 268
125 194
201 260
108 216
131 132
168 218
119 182
25 257
14 236
98 197
6 162
166 214
68 113
55 67
29 259
249 253
66 164
191 259
132 162
31 136
82 230
257 259
208 226
48 60
176 267
55 191
86 112
0 233
100 259
132 176
15 272
159 208
218 276
40 161
61 119
105 231
132 213
62 92
212 228
5 57
4 101
28 200
87 254
81 100
53 123
86 253
125 126
126 166
200 204
196 198
209 273
40 214
151 262
268 273
24 222
199 215
74 238
30 144
214 243
23 116
105 139
14 235
88 93
207 237
33 217
105 276
143 145
30 141
26 168
50 177
64 232
193 238
11 39
128 257
106 226
87 171
130 219
37 220
127 215
167 179
198 255
47 60
238 256
41 130
46 213
55 150
7 83
178 226
43 176
50 208
8 90
149 219
159 205
32 188
184 205
27 68
73 271
148 165
2 183
260 272
2 206
134 171
82 119
4 21
20 175
195 214
176 179
82 245
183 224
100 121
200 223
113 218
52 71
150 187
195 275
119 208
78 93
131 166
33 171
129 167
173 223
71 268
62 204
0 142
28 79
216 218
67 254
85 173
59 196
74 104
243 253
63 76
67 248
137 228
91 166
258 260
71 255
1 89
113 167
135 264
26 153
239 274
213 242
148 225
1 14
115 208
70 236
228 261
103 224
44 114
232 243
115 117
100 270
39 112
57 97
15 130
217 252
17 71
100 268
84 192
263 273
206 242
190 219
73 199
95 221
110 212
96 152
22 195
57 246
18 175
157 181
14 112
13 50
188 251
80 231
161 211
25 132
135 148
69 104
130 240
139 150
199 233
56 102
58 76
112 140
88 152
131 229
230 251
105 265
29 43
94 256
66 176
100 234
194 219
62 247
175 258
79 101
5 120
128 226
10 239
240 267
38 269
107 194
112 178
127 268
186 243
24 250
26 265
14 200
156 211
140 230
12 18
77 244
37 126
120 134
115 148
51 126
11 173
68 93
180 186
195 227
130 271
86 151
76 242
41 167
126 241
6 237
53 54
178 218
205 265
86 232
118 248
203 273
67 205
72 144
46 266
26 80
149 163
41 158
82 184
117 229
192 274
81 96
48 163
0 251
19 227
53 270
111 208
51 183
219 256
81 264
210 214
158 229
35 219
62 210
71 264
121 202
63 77
185 271
68 222
88 94
45 207
66 200
9 239
1 231
97 222
144 260
50 143
52 266
90 121
86 269
105 129
103 187
129 160
100 189
109 268
61 186
37 184
139 206
171 274
85 161
144 148
15 158
175 217
88 134
166 193
6 57
148 208
222 268
202 268
126 267
3 250
37 65
0 22
74 146
18 120
86 117
231 259
72 264
142 178
21 30
7 40
36 88
8 52
14 193
42 157
95 183
91 100
82 132
2 43
158 185
139 267
20 225
187 231
134 159
154 236
136 176
192 229
120 126
7 168
110 208
99 196
23 60
85 175
137 140
125 141
131 238
88 198
33 225
140 245
120 242
177 226
47 180
98 262
158 161
29 105
142 179
22 157
61 80
273 274
16 81
187 207
117 219
202 236
75 137
27 178
26 88
136 226
9 35
53 173
89 252
135 259
152 210
0 235
21 203
200 230
57 127
69 100
199 216
123 191
34 232
49 272
65 148
41 152
26 62
189 190
146 197
5 145
85 193
192 226
8 61
129 184
175 252
174 227
123 181
238 261
72 262
69 253
13 129
180 240
223 246
25 121
160 215
63 112
165 251
61 91
89 236
92 141
140 242
187 253
125 192
56 145
123 229
96 182
49 263
78 114
41 154
113 155
154 265
187 274
132 174
97 248
30 135
49 274
43 229
198 237
120 228
5 11
96 99
174 250
64 248
84 127
156 201
77 106
81 94
180 210
105 225
22 94
168 261
114 218
26 267
37 262
43 107
148 156
197 272
39 250
133 159
187 200
8 137
123 152
5 147
143 196
11 112
233 273
26 106
132 185
40 245
74 151
123 124
11 164
85 271
189 239
182 224
45 128
65 102
5 125
193 272
120 183
147 216
138 182
23 62
62 262
11 122
128 231
102 160
38 254
27 33
87 137
184 220
30 57
237 260
133 161
65 192
15 125
13 86
0 16
58 200
201 267
74 121
9 216
81 196
198 252
111 113
136 267
96 167
139 214
57 189
146 210
49 194
55 118
45 221
71 131
93 97
21 191
64 167
89 116
156 226
86 273
20 86
185 223
56 165
117 126
113 148
84 168
50 84
108 116
38 188
85 256
28 178
102 206
84 142
139 205
37 115
192 232
11 88
5 29
69 241
93 155
40 82
28 181
26 181
27 192
107 205
29 132
88 199
43 210
191 246
90 105
18 49
60 108
162 213
26 158
137 218
111 167
262 265
58 208
29 216
1 145
166 220
191 211
17 271
100 262
185 197
164 221
20 206
51 200
64 194
61 86
65 177
160 185
32 120
7 112
92 227
20 34
180 228
59 192
98 203
89 146
61 69
215 216
118 210
10 149
25 114
53 116
47 151
211 272
48 193
132 228
184 190
12 216
58 131
155 273
91 110
9 220
198 220
32 216
164 228
261 263
117 141
79 114
196 262
245 252
226 273
225 269
108 256
79 83
114 163
156 248
120 156
170 253
218 227
179 202
1 157
203 276
129 181
32 236
86 212
92 222
117 242
7 199
71 170
42 267
126 231
85 130
157 160
160 235
121 215
11 85
108 170
95 187
126 268
41 112
119 166
87 136
14 136
36 82
60 245
55 257
265 271
220 266
136 235
215 239
220 252
169 228
126 227
157 223
158 273
147 269
25 265
4 10
95 153
3 179
34 106
7 81
19 237
158 172
249 273
139 141
52 221
105 107
7 138
20 264
116 252
20 116
5 202
61 79
147 275
15 157
27 203
216 266
61 264
143 149
73 145
103 107
128 256
49 125
48 137
142 185
91 213
44 123
42 146
64 132
166 204
14 24
149 162
26 258
61 92
44 248
244 247
72 184
100 198
9 207
23 64
58 115
48 123
57 126
13 254
68 159
45 89
96 206
50 97
114 267
238 252
261 275
12 43
37 132
74 216
118 276
127 177
16 229
61 208
104 158
28 158
102 242
240 260
24 134
118 124
162 176
80 98
55 242
63 130
185 263
87 114
116 198
157 251
71 190
19 37
39 113
167 255
204 255
138 220
178 209
143 163
33 82
31 156
177 192
133 210
59 205
130 149
114 176
38 190
139 271
42 170
147 192
81 153
91 256
155 251
212 230
88 170
0 136
3 89
105 209
219 232
122 188
142 268
45 265
77 108
128 255
139 208
122 236
125 127
56 232
133 250
44 136
75 254
25 179
163 262
13 31
17 56
174 267
156 222
147 186
64 210
69 235
60 73
44 95
160 221
43 275
104 130
40 48
227 240
36 96
94 139
233 251
114 257
130 183
104 145
80 240
45 245
162 211
43 69
34 248
174 240
85 153
0 195
16 143
47 145
94 172
61 155
76 127
46 126
16 233
86 209
105 245
27 220
88 197
70 80
50 219
161 223
8 139
90 260
182 267
224 275
176 183
107 228
45 50
135 162
108 176
159 233
15 193
138 189
24 149
42 159
64 114
58 118
102 122
198 210
48 273
74 110
251 252
90 207
34 263
41 52
37 239
154 220
82 145
45 244
23 117
1 179
124 147
99 130
14 60
23 247
28 78
63 125
28 265
77 258
56 89
124 261
80 104
148 184
96 178
172 216
35 133
146 269
14 180
16 113
102 257
45 114
90 182
41 256
100 195
50 52
59 189
188 262
36 102
128 242
4 199
227 248
153 163
190 268
72 219
29 171
199 207
41 204
135 164
204 231
59 149
54 99
138 241
34 233
82 129
69 169
197 248
4 263
198 275
81 236
64 198
34 245
6 197
15 107
44 73
134 139
208 236
32 86
158 227
198 199
67 145
52 228
41 156
184 268
8 246
29 81
151 163
59 60
27 108
135 188
180 204
90 221
193 251
169 243
96 252
169 188
46 177
65 145
78 130
33 154
25 205
37 216
150 167
60 267
160 230
172 260
179 206
192 225
260 262
48 232
89 268
178 260
80 206
13 161
33 38
196 273
190 222
62 154
0 197
75 85
98 153
81 151
41 101
38 63
233 256
134 157
73 175
12 20
211 273
169 255
32 218
220 241
202 254
11 35
84 153
9 258
39 131
171 237
151 187
150 262
73 129
113 176
13 250
61 127
42 149
160 214
52 261
8 148
184 237
61 151
1 123
120 139
66 91
112 197
2 54
31 254
49 70
36 210
12 94
48 124
61 116
160 234
25 224
6 267
128 160
133 266
92 140
24 128
176 249
49 173
92 168
71 208
104 188
24 246
179 217
182 216
130 244
9 14
170 200
20 201
47 104
163 201
96 123
90 248
54 230
29 245
170 231
111 220
132 199
14 34
64 85
6 229
58 251
156 245
8 254
8 76
70 136
75 264
49 67
21 206
4 178
40 218
210 220
34 171
34 246
18 177
16 110
103 239
219 226
72 195
188 227
186 197
48 190
70 98
27 238
39 226
40 178
124 270
47 264
20 276
87 147
47 197
241 272
19 273
4 251
1 141
50 218
124 225
68 166
77 253
56 132
52 190
79 127
9 219
99 103
10 180
221 224
128 204
33 238
134 175
123 184
57 111
182 186
146 248
100 144
161 190
203 255
257 266
85 113
70 193
30 265
46 202
195 236
31 244
109 204
71 243
229 262
167 225
44 149
13 67
165 237
241 256
110 171
51 77
76 179
214 224
230 236
69 200
82 186
75 100
225 265
51 213
25 125
119 223
115 140
153 211
90 100
53 231
24 199
37 133
10 143
136 140
78 200
112 214
148 189
6 98
4 229
82 228
32 263
6 127
43 199
215 243
60 228
47 79
48 183
106 262
117 181
87 146
104 161
157 222
43 219
73 80
132 227
6 136
86 130
90 125
20 182
178 240
70 99
138 192
82 92
7 212
63 259
169 175
71 157
14 54
33 269
9 124
199 213
146 229
135 270
26 107
50 76
205 234
66 113
150 233
74 247
50 146
133 254
28 115
14 126
117 266
26 192
90 231
55 99
245 260
62 140
43 193
9 37
18 226
194 271
35 200
6 71
108 249
21 241
45 194
2 207
81 97
115 134
13 16
18 77
187 250
111 150
27 51
165 264
53 141
9 135
123 205
25 215
61 169
273 276
16 127
18 173
7 56
23 267
160 197
55 136
13 89
118 176
2 146
126 160
39 88
99 146
123 201
161 213
32 172
48 107
186 255
10 136
96 272
16 47
30 145
179 236
126 178
118 149
64 187
197 236
222 227
17 209
24 25
12 244
205 244
58 167
48 188
81 256
21 110
1 95
240 251
12 188
170 272
14 182
47 273
31 66
130 178
184 214
6 114
201 248
201 254
1 218
40 45
9 29
65 237
5 205
5 262
17 39
133 246
39 216
31 118
183 220
62 150
24 220
130 175
22 164
2 213
176 269
206 260
121 224
108 189
46 233
121 234
0 3
142 233
200 272
95 246
219 257
116 231
55 158
67 203
46 269
66 172
34 183
107 220
187 220
79 87
45 106
45 166
204 271
11 219
24 180
25 118
42 96
36 191
129 256
35 131
60 105
109 221
157 182
74 109
15 23
80 152
87 94
39 151
55 181
157 233
18 269
88 179
45 264
233 248
162 256
89 119
3 215
43 88
78 81
52 204
10 153
126 238
225 273
5 236
71 182
37 193
15 273
82 123
107 267
171 265
73 101
190 270
95 240
83 262
43 100
33 111
219 225
108 238
1 194
57 171
27 244
44 157
27 137
216 230
152 252
20 193
209 211
115 185
110 267
197 232
155 263
86 103
194 209
19 220
72 268
154 159
99 108
79 248
4 261
7 27
232 251
174 233
113 132
76 260
64 123
63 101
71 96
36 151
76 90
71 120
49 240
5 239
198 213
251 266
3 63
12 27
183 273
65 107
119 218
198 261
26 241
41 71
0 276
109 266
15 220
18 111
3 92
107 165
133 144
58 257
78 235
110 136
128 189
249 265
15 275
36 138
237 255
211 228
106 162
70 112
157 237
23 240
196 220
92 145
1 85
166 195
12 52
169 271
31 192
111 275
115 157
10 138
78 254
187 228
99 223
12 241
20 181
144 173
56 181
71 148
65 89
163 266
114 231
170 184
95 210
25 158
113 220
18 148
123 264
47 83
25 101
200 221
247 270
151 232
118 162
199 222
6 225
138 216
36 233
119 252
98 238
103 276
107 144
181 207
92 203
9 38
42 139
15 117
77 190
163 212
17 259
60 63
53 247
134 193
100 153
15 113
35 106
69 227
59 148
47 165
96 101
63 117
24 210
80 228
4 214
104 254
2 47
108 174
81 222
180 242
111 251
12 156
9 154
93 164
5 119
160 259
83 207
18 134
129 240
18 89
44 262
19 87
256 258
4 114
106 181
170 208
191 253
126 264
5 151
198 263
39 126
100 210
145 201
123 137
178 193
27 63
99 241
259 276
45 175
74 180
88 148
106 271
4 70
52 158
221 270
146 222
160 174
232 257
54 91
79 198
225 241
133 179
258 261
0 78
26 122
24 233
175 228
156 255
191 232
62 175
26 76
36 69
114 199
1 135
11 264
63 81
122 250
45 238
5 270
90 174
139 166
40 87
109 130
92 239
24 66
75 136
24 105
88 248
15 246
100 271
187 211
119 167
87 110
62 133
68 147
83 244
11 70
120 175
166 167
53 196
67 264
28 80
30 55
136 184
119 226
39 193
47 232
42 138
143 175
103 249
32 171
99 274
22 127
195 249
98 146
114 121
101 253
140 207
158 254
39 40
69 208
156 192
102 164
48 272
26 109
78 164
113 136
7 218
59 112
107 179
154 263
167 274
183 269
135 215
20 120
7 242
37 215
65 182
235 256
248 268
85 211
115 266
80 190
232 256
35 176
237 262
145 156
96 102
173 194
140 153
19 98
59 95
92 196
22 204
132 231
66 163
70 111
101 134
15 260
0 162
170 211
215 229
158 235
133 260
69 219
52 95
53 234
66 166
81 156
195 229
16 117
113 172
79 128
118 249
56 187
161 212
214 270
84 149
196 239
201 217
37 173
62 227
206 261
71 127
62 136
20 90
80 117
83 185
11 78
107 146
57 209
249 266
227 233
74 184
72 197
65 167
43 155
45 235
39 74
42 241
197 223
14 110
150 163
140 248
178 179
161 243
117 147
79 257
174 203
125 226
62 122
23 238
267 274
123 265
159 209
101 102
28 207
49 86
109 148
144 240
121 255
115 196
59 235
113 183
79 237
188 240
135 139
156 176
117 153
77 256
108 190
8 195
40 156
95 124
38 98
118 238
198 207
27 235
237 268
58 275
267 272
62 274
7 122
25 37
233 276
186 198
143 154
139 270
32 74
6 91
74 276
207 217
15 197
237 256
103 170
115 161
4 31
106 241
10 240
151 264
52 262
180 223
75 245
157 159
194 259
23 179
3 246
20 126
24 102
190 240
186 271
23 190
146 185
137 157
46 275
179 205
139 237
58 217
76 240
43 45
65 75
28 59
42 188
40 276
147 257
79 233
73 230
13 273
27 228
75 200
38 173
101 190
27 251
45 103
89 154
86 247
78 264
32 259
21 198
100 104
95 168
89 109
173 262
194 258
47 153
88 254
44 49
38 52
110 124
9 62
237 264
41 82
65 118
63 85
132 245
133 202
42 173
49 69
103 149
111 241
2 79
182 191
75 206
103 176
68 154
8 211
59 109
19 133
25 188
99 208
74 172
54 269
39 92
10 179
39 236
210 237
58 222
143 203
95 202
143 232
254 267
3 200
202 251
55 175
43 221
193 224
20 229
7 36
112 163
67 154
51 101
142 147
133 186
8 180
39 94
136 163
13 142
160 272
50 95
112 154
84 263
16 104
24 198
42 255
156 247
51 258
82 244
106 207
53 183
147 153
9 122
177 255
16 121
83 186
108 227
80 171
3 40
204 244
126 245
128 187
37 122
86 255
50 133
95 103
74 229
38 77
152 232
106 154
42 181
77 274
180 226
105 146
203 221
108 233
151 271
63 253
83 209
105 251
57 173
110 163
105 157
198 226
94 230
171 204
20 154
69 172
47 271
127 165
1 173
36 94
168 252
225 256
38 182
66 251
49 58
123 268
126 149
173 232
45 174
231 271
227 262
274 276
39 198
149 199
121 126
56 101
241 257
79 120
94 202
22 153
100 191
128 169
23 196
246 267
221 238
129 173
58 193
119 170
134 204
192 236
34 174
127 198
31 263
32 183
21 221
26 235
178 203
63 242
35 93
92 127
187 191
73 106
7 234
118 171
25 237
164 244
43 46
72 241
12 166
171 276
10 145
19 149
179 189
16 32
199 200
34 191
13 68
27 248
104 169
18 244
20 69
90 165
105 198
88 236
40 132
221 262
83 89
13 99
131 185
80 140
113 253
78 88
38 179
128 210
140 202
61 173
159 204
73 246
41 43
260 276
183 232
15 218
143 208
17 253
5 237
179 226
30 74
94 239
124 204
30 91
49 80
39 267
155 182
29 232
17 164
106 199
123 235
38 53
5 247
36 256
108 266
96 122
101 269
92 144
84 206
61 259
0 273
30 54
89 199
217 260
182 204
27 104
38 84
104 149
216 245
74 79
57 76
65 272
70 158
73 130
118 156
143 266
48 274
120 199
44 67
208 267
48 79
190 276
47 149
4 71
62 115
36 169
15 198
81 202
103 236
170 216
170 219
64 227
24 91
25 168
41 125
40 112
246 263
114 182
214 244
69 223
92 192
17 115
98 158
40 62
4 19
247 272
45 110
34 266
57 155
12 233
241 242
128 211
237 271
10 20
107 173
90 95
61 111
36 147
220 238
93 110
111 181
23 139
41 196
124 134
59 79
189 201
20 111
83 203
39 230
10 70
29 252
22 122
81 240
90 93
147 250
21 268
44 203
229 232
134 172
69 237
185 267
79 251
91 186
188 267
4 238
41 145
45 256
101 249
141 143
56 224
8 234
11 28
182 218
84 102
22 144
186 254
66 181
106 234
87 207
34 237
73 141
174 242
166 171
129 216
78 196
38 200
133 252
0 191
104 106
73 241
85 229
29 117
38 213
55 183
61 137
37 152
40 63
154 179
17 169
148 251
130 184
28 58
240 259
58 150
179 256
187 208
61 135
110 276
131 133
204 211
108 203
32 101
168 191
144 211
63 86
138 203
37 63
21 50
100 156
100 124
144 149
12 214
116 158
23 120
46 134
158 166
26 135
133 239
127 144
100 247
3 30
30 87
58 117
123 167
22 217
84 94
69 199
14 192
54 198
90 252
228 257
161 267
93 134
168 220
116 159
161 218
42 103
129 267
150 248
103 204
12 247
205 261
2 4
148 250
253 272
216 253
55 79
216 243
9 259
94 157
226 258
181 248
119 121
15 19
51 271
154 193
198 206
104 173
6 152
57 60
102 236
33 244
4 205
159 231
13 213
11 46
130 158
3 85
80 227
43 208
186 227
100 131
166 272
63 135
34 209
13 220
66 260
53 97
22 53
17 58
45 199
86 139
30 72
118 132
103 196
88 187
42 220
75 226
28 194
10 28
141 233
101 192
177 200
15 185
52 214
6 276
109 212
72 107
77 220
218 222
130 203
203 213
117 199
81 98
64 69
32 97
136 172
132 171
63 106
132 244
9 57
10 177
14 191
192 270
89 134
34 135
11 57
60 101
0 100
36 259
56 215
87 107
137 174
56 260
145 208
29 90
9 69
24 262
214 253
168 209
148 163
43 217
40 77
85 164
121 254
206 258
128 223
143 190
212 224
54 117
44 174
40 90
59 210
64 247
250 254
76 102
207 242
31 154
31 190
28 184
61 252
148 194
123 252
54 167
17 154
128 270
65 248
65 129
223 248
9 54
60 142
69 84
56 129
136 199
134 255
70 270
25 148
9 96
7 154
42 169
192 216
48 234
81 126
0 84
215 238
142 201
159 263
187 276
47 72
43 180
101 228
51 138
1 197
60 163
151 225
205 212
145 148
77 189
15 135
79 182
50 233
172 177
48 144
24 226
19 152
27 186
128 241
79 266
63 181
153 193
105 202
54 63
17 22
121 262
76 216
13 93
106 192
180 234
124 164
206 245
188 220
108 118
43 212
132 134
127 161
208 270
251 276
24 110
67 238
194 210
130 133
27 119
26 223
24 78
215 268
21 64
158 169
12 164
42 183
221 240
3 268
103 182
121 156
169 249
68 173
91 177
46 236
15 182
222 248
146 242
73 135
226 254
85 252
52 133
58 184
17 177
85 249
108 204
70 176
14 175
161 214
120 123
46 217
42 111
162 249
36 246
115 175
78 208
141 206
2 191
64 237
98 232
25 45
198 274
163 180
181 220
32 174
193 241
42 156
60 84
140 261
104 187
84 189
140 177
49 107
100 228
108 240
25 254
111 135
62 132
52 139
131 192
155 189
18 115
39 139
250 262
23 176
9 192
9 199
90 240
17 222
179 207
125 218
44 61
46 122
1 113
50 57
118 154
30 133
165 227
5 231
19 28
23 59
13 188
124 166
136 152
32 179
32 62
115 274
137 168
131 158
92 243
6 84
92 143
103 163
129 145
91 218
163 274
133 235
173 210
7 237
169 219
83 104
124 126
109 131
5 92
46 219
46 212
157 256
65 123
5 66
135 253
43 196
35 110
44 145
120 274
42 52
56 209
9 27
38 239
68 155
193 220
90 115
56 257
6 216
108 244
14 218
38 86
193 228
107 276
173 235
132 209
87 142
112 129
43 122
8 229
57 69
140 268
100 275
1 165
76 198
199 224
61 94
94 226
80 181
146 167
88 186
79 224
133 188
96 218
166 274
113 266
89 176
46 203
85 176
167 271
239 250
242 246
61 237
155 162
60 266
137 141
23 230
21 227
119 258
54 231
69 230
42 274
36 38
80 234
21 94
68 138
73 88
74 171
195 198
204 236
96 197
5 75
77 264
42 237
69 189
77 183
116 233
87 250
124 235
48 53
119 195
130 165
61 109
159 190
132 156
145 262
26 230
169 205
49 141
186 219
131 196
138 267
34 90
149 209
7 20
59 151
174 206
78 165
107 272
147 156
126 226
85 110
59 154
45 125
72 131
11 250
26 269
243 246
128 259
35 211
53 223
35 122
31 120
197 255
216 240
38 47
167 172
27 217
90 133
74 159
45 274
118 187
56 267
52 218
163 228
226 237
67 276
19 88
2 104
105 164
167 248
94 171
164 234
76 220
21 93
102 270
73 210
95 267
94 263
54 208
202 269
33 42
107 130
94 205
6 128
187 202
68 161
50 128
182 187
62 69
114 152
53 73
178 189
148 151
191 195
105 128
30 177
107 225
30 80
38 268
44 87
18 58
206 218
178 190
170 242
84 163
67 108
23 258
177 276
74 181
75 143
118 262
249 261
26 86
65 139
80 199
146 211
132 260
91 120
61 224
45 68
82 219
25 172
82 200
146 228
126 168
61 166
7 139
63 176
8 214
243 255
155 218
131 140
87 243
90 216
59 175
123 236
250 261
248 270
75 193
72 191
67 227
150 227
179 186
48 161
110 203
52 234
10 217
50 229
48 72
149 238
157 170
82 139
68 245
52 170
32 196
175 270
113 166
113 245
13 169
62 98
47 98
20 233
59 243
265 273
68 90
173 270
97 267
110 257
27 32
133 231
5 166
38 196
76 212
35 68
102 181
192 252
20 198
144 268
3 131
88 98
41 197
196 275
107 257
37 137
44 237
222 241
37 170
85 134
224 264
95 165
4 131
131 266
150 232
133 212
82 137
59 99
66 224
154 161
25 161
128 181
139 236
35 50
104 171
150 266
57 86
118 157
11 247
100 149
98 105
7 148
200 253
130 205
139 172
69 234
73 120
68 110
0 209
131 250
19 187
134 253
88 180
113 124
152 161
75 178
98 194
97 270
68 218
80 147
47 253
21 78
115 230
89 114
77 163
12 51
14 59
57 264
136 181
89 159
244 271
69 250
37 242
24 156
203 268
92 121
82 110
240 273
173 257
93 121
108 207
205 226
75 104
133 245
144 263
126 202
18 153
73 114
69 229
7 79
104 120
187 198
94 147
40 147
87 221
13 256
15 274
225 266
7 57
151 239
101 202
11 123
51 70
36 183
104 262
40 255
80 160
230 252
69 222
25 29
29 51
59 87
60 188
29 109
172 182
48 226
21 151
160 227
43 132
24 92
64 163
134 257
52 131
59 233
109 195
149 197
73 148
5 50
34 91
59 234
65 238
67 91
62 117
128 228
188 200
244 272
60 204
152 244
70 188
58 142
48 89
12 154
119 209
110 260
203 226
134 200
35 190
34 270
146 231
211 234
93 149
52 147
121 184
156 263
49 94
27 184
3 141
22 272
163 192
58 213
42 133
70 217
21 132
160 171
131 141
201 220
12 171
81 192
122 249
5 267
192 243
133 232
135 202
39 163
188 238
71 263
45 165
174 274
11 229
134 217
34 89
57 136
47 141
245 253
100 129
68 78
100 205
224 251
148 207
32 52
48 254
36 254
116 241
95 154
22 177
126 150
68 153
194 199
139 163
185 221
169 238
192 249
37 61
65 97
123 158
98 136
159 165
28 49
112 253
166 234
85 115
14 69
28 64
60 164
162 267
32 54
2 7
183 247
36 136
75 257
33 88
52 224
29 234
77 252
127 259
96 117
58 252
105 112
171 180
152 228
20 232
40 179
4 170
78 133
15 43
179 210
83 191
117 220
63 70
9 114
100 152
168 230
209 225
169 172
15 225
156 256
227 261
71 107
8 243
98 160
99 220
114 157
126 192
135 191
26 174
230 244
17 78
122 157
33 159
115 159
133 204
34 73
67 169
47 230
54 88
99 232
91 182
23 107
109 241
92 123
92 249
30 116
25 181
70 218
21 137
46 271
180 262
135 179
27 201
35 268
75 141
35 144
120 241
79 81
152 269
82 267
52 84
53 215
66 98
15 232
103 126
15 48
39 208
91 167
128 166
99 101
112 274
157 268
34 229
3 14
126 242
78 191
1 74
105 270
162 225
52 75
73 221
55 185
63 209
14 119
117 275
36 148
16 155
49 147
159 213
60 186
51 97
100 256
77 267
42 195
187 223
96 273
149 243
127 141
11 48
231 261
54 268
146 212
7 125
134 181
15 147
20 222
219 273
33 144
39 76
91 269
67 213
61 213
147 254
34 190
12 159
172 257
93 169
168 221
33 110
110 271
30 266
121 176
190 221
130 168
32 108
94 215
97 154
32 60
226 249
25 139
246 276
17 40
129 263
10 64
87 208
151 162
53 154
42 54
195 202
218 242
120 182
165 239
29 84
233 234
147 256
132 196
133 208
255 269
100 255
77 208
149 204
128 191
51 192
73 154
169 268
87 162
31 33
188 242
211 248
117 245
56 93
102 106
54 246
11 180
183 193
135 193
207 220
53 102
125 135
55 103
137 261
244 248
48 213
138 174
109 208
42 124
196 242
143 210
86 264
162 258
170 233
6 119
109 127
93 251
94 268
4 82
96 275
225 234
156 171
109 197
43 49
106 164
79 225
1 228
254 274
40 234
186 195
95 117
119 150
65 120
6 151
129 270
132 239
49 258
70 199
24 176
140 243
54 124
216 235
13 53
128 157
25 227
186 211
215 267
240 255
211 257
105 269
60 191
49 132
53 62
113 118
262 273
75 119
106 223
204 219
151 269
105 271
243 251
34 48
97 100
120 195
36 249
158 259
68 141
61 134
161 194
108 181
39 217
189 214
16 129
95 226
185 242
54 221
131 263
150 251
118 173
156 271
225 260
178 225
16 102
24 175
158 238
18 145
118 128
44 166
57 117
102 145
210 247
9 41
84 220
67 105
20 171
185 266
81 177
70 215
74 268
226 266
51 116
34 44
85 262
8 182
122 156
69 73
63 123
61 272
202 270
39 100
196 204
9 115
3 183
18 149
175 246
2 116
169 250
112 269
200 231
20 165
202 205
3 108
2 95
114 193
27 85
177 211
68 71
71 221
177 180
103 120
58 90
140 239
90 236
158 267
153 260
27 194
42 108
245 275
228 247
143 245
5 128
51 119
170 271
13 130
92 265
74 144
129 227
36 50
56 211
152 174
67 160
145 199
180 247
137 271
79 271
63 266
107 118
197 245
44 187
225 228
55 83
35 79
41 108
114 201
14 67
36 188
137 208
121 226
36 51
139 256
4 48
33 167
119 220
54 95
48 51
14 53
75 99
23 199
66 143
1 40
100 257
231 269
34 175
16 258
153 207
103 178
29 185
40 46
176 226
120 275
14 223
243 250
58 203
236 258
106 160
83 213
111 201
77 97
103 104
37 208
57 234
21 263
29 101
42 71
29 121
14 260
147 195
92 93
153 168
222 264
53 253
60 151
42 227
116 164
40 198
36 271
211 250
34 169
11 14
54 237
17 121
55 199
26 126
31 87
107 240
157 177
86 204
219 249
155 207
47 207
245 265
7 238
59 106
59 161
17 125
18 118
32 213
14 243
180 224
15 229
182 185
41 161
188 248
6 87
86 149
94 214
50 137
237 270
155 259
28 40
0 96
60 132
72 216
120 237
78 263
11 103
41 268
22 64
93 241
59 162
41 227
105 169
47 62
64 111
155 247
71 117
199 245
36 92
25 267
36 225
46 186
151 195
183 267
165 212
25 225
148 241
12 205
59 173
75 151
122 179
76 129
32 117
84 123
111 127
97 176
39 120
162 205
9 208
112 198
32 71
171 234
150 257
110 250
100 225
194 272
27 87
125 200
214 259
152 266
83 271
39 252
32 249
164 220
180 208
149 180
138 178
149 185
212 251
17 70
191 212
35 97
64 253
40 236
75 156
38 67
97 275
92 235
21 245
123 133
90 239
22 265
23 250
88 102
88 263
31 207
143 217
145 224
51 104
55 81
52 163
163 276
116 222
147 164
99 239
181 254
111 129
71 128
33 116
136 191
32 270
89 98
159 250
108 153
60 128
137 274
208 214
32 224
51 173
81 91
61 232
53 117
87 204
6 45
91 183
133 273
26 188
29 46
52 74
38 68
192 220
199 262
151 226
133 155
179 194
125 131
140 176
56 167
79 246
89 163
22 218
129 224
176 274
162 222
178 220
149 274
64 245
56 253
52 68
73 164
57 145
28 113
26 104
119 216
25 144
62 234
116 123
148 227
4 65
21 35
24 230
38 246
106 161
14 64
129 210
67 112
100 158
202 219
11 188
16 116
34 149
167 192
159 239
16 169
51 207
131 187
81 122
171 255
63 96
28 182
99 183
131 190
132 247
23 253
34 193
101 268
67 245
104 194
68 212
63 74
1 207
181 276
120 148
58 165
128 168
73 214
101 103
9 105
106 273
80 263
56 81
141 188
72 194
30 152
84 158
46 169
181 255
88 225
107 162
86 101
8 163
194 261
58 95
63 210
201 268
74 193
29 102
51 179
105 145
97 178
192 241
210 245
130 262
95 123
97 195
11 82
77 238
149 240
93 119
154 235
95 166
215 227
76 161
38 134
132 258
99 118
66 237
102 119
19 212
78 111
40 237
149 181
80 220
57 150
245 250
146 209
90 147
81 230
33 259
61 126
208 274
103 251
13 149
173 242
165 246
66 168
45 257
23 261
91 92
101 118
166 249
118 144
52 239
6 93
13 160
223 266
219 240
55 193
41 135
41 212
53 263
76 201
151 192
163 205
26 47
4 196
7 250
30 260
13 270
109 181
64 270
182 262
197 250
145 238
155 245
65 84
54 229
77 84
22 123
144 261
143 214
10 188
63 248
17 63
9 266
145 186
81 183
223 275
70 203
57 137
19 118
77 263
63 114
125 150
33 199
114 162
9 98
114 243
144 164
176 246
164 182
243 263
101 136
24 28
41 195
18 224
170 201
45 145
130 154
119 246
75 269
56 237
113 153
4 275
55 195
50 173
101 123
105 273
75 238
187 238
171 235
31 206
105 237
185 218
0 1
145 237
44 234
145 163
43 80
100 162
222 256
21 61
35 53
49 101
196 212
169 187
158 251
34 112
25 268
152 239
43 223
79 112
165 254
57 245
62 153
23 132
86 254
17 270
50 103
188 189
204 224
237 266
16 151
63 268
111 261
194 214
186 208
254 272
5 273
92 115
2 9
115 272
8 197
5 117
204 205
86 177
154 157
86 203
34 227
192 203
170 268
126 221
190 254
102 179
47 94
202 204
13 113
30 32
207 257
108 135
238 249
97 260
47 275
203 232
118 139
65 155
37 131
31 70
183 240
195 215
138 249
143 272
98 135
61 221
148 218
165 179
145 166
41 50
102 255
114 249
33 270
168 236
189 248
17 212
163 249
205 228
218 253
126 208
7 17
51 194
43 201
14 271
136 269
104 208
6 62
106 214
93 218
126 157
50 276
3 192
162 200
234 243
160 201
93 162
232 269
86 274
127 223
152 212
37 164
42 110
197 208
28 238
190 191
121 213
77 271
201 204
190 196
154 227
57 109
129 177
120 166
137 215
150 243
49 131
224 233
261 268
42 122
221 265
39 133
141 266
56 137
44 116
148 269
1 242
46 53
12 226
51 127
199 253
48 66
143 268
139 178
7 265
202 240
78 144
46 140
79 244
242 267
57 193
202 212
73 264
13 153
106 245
198 224
224 225
101 176
205 249
49 233
48 217
96 154
39 47
36 170
2 275
189 258
153 208
37 64
60 195
192 250
19 41
152 253
177 245
29 108
94 110
75 121
120 217
102 153
107 217
153 249
101 262
51 150
16 252
7 196
97 212
95 254
187 259
239 257
183 274
0 91
117 193
12 184
64 246
146 162
39 147
19 77
49 198
12 104
124 259
169 221
24 138
224 262
4 219
101 224
48 100
9 67
46 76
22 216
100 276
142 229
43 265
41 86
87 117
124 146
75 148
144 210
142 254
31 67
89 276
89 217
26 217
17 168
138 144
72 97
18 230
72 140
2 226
18 104
46 257
34 118
6 156
113 263
187 196
75 212
197 199
33 188
117 157
3 193
159 169
178 215
80 138
8 69
30 233
32 168
0 8
131 256
127 135
49 219
179 185
10 102
58 66
141 216
133 262
113 205
53 269
16 216
142 158
71 83
65 156
91 219
168 204
212 243
83 127
14 229
35 153
22 101
84 257
9 94
197 210
155 174
7 146
250 258
91 149
193 206
44 153
2 171
3 182
63 201
3 7
242 257
118 220
135 192
43 267
169 194
90 214
71 196
135 274
136 180
57 110
12 33
96 229
259 260
136 260
134 176
5 160
18 204
43 64
87 225
73 143
74 254
149 269
223 260
61 70
129 205
148 237
143 242
62 179
76 266
104 147
80 137
89 105
67 207
157 174
90 195
146 260
2 5
236 252
268 272
39 165
191 240
178 205
42 172
47 193
73 234
18 116
46 184
70 154
220 261
95 130
100 180
201 273
113 230
205 219
56 266
1 83
229 257
4 206
18 24
106 232
196 201
74 232
101 208
74 107
41 159
54 188
129 201
14 32
46 150
61 217
4 155
22 131
47 216
24 214
12 158
79 194
2 269
80 94
201 270
178 255
179 215
75 94
91 198
72 102
5 189
2 118
108 193
27 177
88 209
4 88
162 230
81 274
131 274
87 251
69 95
98 260
153 204
23 264
245 256
115 240
58 195
100 128
34 62
47 240
78 127
18 199
47 172
37 59
46 194
115 267
132 202
6 60
134 216
181 244
192 266
124 224
2 210
14 178
104 144
35 214
107 247
60 271
31 151
135 254
95 241
36 156
172 203
8 247
97 205
21 111
107 138
109 178
25 238
133 203
16 87
110 125
46 121
71 227
103 273
12 146
151 247
3 37
77 117
126 233
91 272
207 272
260 267
39 219
235 255
0 260
107 183
109 193
105 178
37 192
149 195
73 209
107 230
55 167
54 149
6 231
61 214
229 250
9 102
13 259
10 45
147 260
66 101
196 252
178 204
16 86
135 203
72 136
58 138
95 225
36 247
108 215
29 89
173 254
120 231
153 196
67 250
7 58
124 244
41 128
113 145
82 86
83 228
73 161
52 258
3 137
235 269
30 171
25 273
99 258
197 267
25 78
2 170
31 265
244 267
84 205
127 227
71 241
30 84
147 231
112 188
24 163
155 175
40 133
77 224
96 173
143 230
98 276
108 209
169 184
42 117
153 210
122 252
99 165
16 115
25 248
45 111
178 186
19 179
169 259
30 122
39 85
62 180
80 200
15 40
113 133
79 80
102 115
44 220
0 153
48 270
13 183
13 243
19 205
33 173
90 259
0 35
19 69
225 253
161 167
11 154
167 264
119 177
249 268
93 268
22 143
119 164
25 63
29 75
38 226
40 96
31 130
96 163
66 201
124 237
192 237
83 95
76 241
136 224
150 162
132 191
74 215
39 221
33 46
142 199
122 131
90 145
263 264
56 207
21 108
46 57
22 209
85 237
95 250
34 219
191 261
142 236
26 219
126 147
113 233
78 112
34 74
93 254
80 85
37 209
19 23
47 236
57 71
33 74
26 270
64 102
187 201
90 191
162 216
243 267
116 147
62 223
5 156
31 109
20 202
129 179
