282
11
3962
60
545 2
411 2
734 2
610 4
239 2
91 3
441 3
853 1
323 4
140 2
774 1
85 1
228 4
510 1
644 2
199 1
874 3
881 4
425 5
729 3
305 2
308 1
247 3
811 5
486 2
660 1
319 5
511 1
484 3
229 4
262 4
131 1
111 1
837 2
872 1
606 2
497 5
534 1
757 2
425 4
494 4
161 2
558 4
186 2
780 5
717 2
465 2
541 5
465 4
878 4
181 3
248 5
191 2
544 2
317 4
130 2
332 2
513 5
822 3
717 1
688 4
816 2
179 3
426 1
393 2
680 3
713 4
343 2
408 5
604 3
90 2
214 4
165 1
674 1
742 3
86 4
825 3
603 2
92 1
833 3
179 5
719 3
492 4
253 2
636 1
84 5
689 4
285 1
529 1
605 3
844 4
147 2
324 5
863 3
168 3
108 2
745 2
880 4
526 5
741 4
172 2
213 4
805 1
405 4
865 4
342 3
137 5
654 5
715 1
553 2
494 5
259 3
682 3
788 4
538 3
726 3
526 5
224 1
131 4
369 4
682 2
186 1
159 2
253 3
735 4
352 3
578 2
577 3
253 2
693 4
412 4
479 1
355 5
258 5
183 3
224 3
366 5
315 2
204 3
885 5
277 4
298 1
853 4
316 5
192 5
547 4
885 4
106 2
653 4
93 2
642 3
377 4
148 3
417 1
864 1
412 2
614 1
769 2
524 3
574 3
668 1
787 2
373 2
861 2
218 1
387 5
361 1
771 4
527 3
713 2
146 3
646 2
345 3
886 4
402 2
194 5
552 4
283 1
279 2
844 2
400 5
387 4
335 2
748 2
436 2
330 3
875 4
151 3
458 4
560 5
370 3
127 2
534 5
537 4
642 4
278 4
459 1
513 4
848 2
400 2
190 1
822 4
339 3
718 2
600 4
673 1
533 5
100 1
305 5
304 1
792 3
271 2
675 3
122 1
220 1
470 2
547 3
770 2
90 2
554 2
727 1
538 3
409 4
304 1
882 2
95 5
623 3
731 4
422 2
801 5
141 4
212 2
522 3
121 1
780 1
697 4
340 2
197 3
345 5
434 5
826 4
385 2
766 4
263 1
373 3
405 1
846 3
766 4
516 4
111 5
766 4
611 3
725 4
867 5
579 3
187 3
162 4
540 5
692 3
433 4
713 3
880 3
280 4
770 5
308 1
734 1
345 3
217 5
837 5
268 3
436 4
642 1
610 2
266 1
297 5
312 4
421 3
93 5
352 5
489 3
116 1
303 4
19 194
34 44
145 188
157 262
120 168
18 41
106 255
60 113
100 249
113 227
174 221
66 269
32 157
173 182
32 184
2 207
97 261
90 274
57 149
25 281
27 224
55 128
172 259
155 237
248 276
124 205
141 266
23 27
50 77
116 234
13 173
135 198
236 279
9 191
122 147
14 186
248 258
78 224
165 280
62 174
101 185
24 255
26 258
10 280
73 119
44 230
40 54
88 221
38 205
148 254
175 241
15 71
9 161
103 148
11 175
7 256
128 224
114 206
28 201
24 124
76 280
92 142
129 210
95 132
43 111
7 35
161 225
172 181
81 124
45 254
223 228
11 244
120 271
14 108
10 51
26 106
37 82
71 75
88 162
5 77
132 270
50 165
84 273
83 89
26 247
145 148
8 229
125 159
236 247
43 158
253 269
63 73
136 172
201 276
60 153
102 268
19 275
75 234
247 262
185 214
135 229
86 277
105 182
48 259
45 131
87 110
209 272
7 146
215 280
49 175
19 175
229 259
114 211
44 91
21 34
121 181
36 149
77 212
57 185
179 221
18 220
129 189
35 121
16 74
9 251
136 194
72 153
82 279
24 194
76 263
131 226
140 155
149 280
0 276
17 129
45 182
29 149
101 274
63 133
26 53
0 93
51 104
38 271
64 178
94 212
170 273
14 60
70 173
85 224
209 249
101 137
112 188
97 212
11 40
178 236
28 200
68 234
147 203
207 246
153 232
57 163
112 265
0 109
216 239
154 275
131 168
115 228
210 229
24 190
115 177
175 201
58 262
146 239
62 150
7 85
43 164
87 231
194 204
155 205
212 227
116 259
51 161
237 264
108 256
171 251
12 170
35 143
21 49
39 266
13 102
2 128
35 69
11 183
9 196
27 78
96 273
7 80
119 120
21 259
21 179
114 133
71 172
62 269
155 224
6 120
81 201
23 155
194 205
47 76
183 232
38 45
251 274
59 76
72 198
2 66
56 64
172 205
98 134
155 218
178 219
46 202
126 247
24 138
109 241
165 251
17 252
12 76
229 269
213 263
60 275
79 150
105 273
60 231
141 167
10 20
51 229
78 219
79 90
91 171
32 263
55 168
206 235
145 203
36 263
177 241
179 228
115 264
165 265
13 118
206 259
56 117
212 239
158 253
214 268
110 166
98 278
150 155
74 264
258 281
95 167
3 105
10 242
25 233
213 222
42 57
62 198
200 232
119 199
26 207
211 241
109 146
62 278
267 269
221 280
46 171
25 102
137 173
28 45
68 273
52 278
120 244
271 275
9 35
68 230
135 171
20 213
24 249
182 237
128 156
22 210
16 193
26 131
75 201
220 272
186 275
88 188
98 253
142 211
77 262
169 279
80 234
144 189
16 34
171 228
73 167
14 164
20 194
217 278
77 210
3 66
32 239
89 116
144 244
1 175
62 224
39 48
269 278
68 243
126 185
146 278
67 91
17 69
72 213
106 232
149 166
1 190
78 131
113 187
95 184
71 248
9 204
34 202
10 38
246 253
164 198
137 239
44 276
7 117
75 237
18 59
31 125
215 232
238 262
73 235
128 222
213 270
119 122
74 249
129 154
5 259
36 151
2 191
54 195
150 166
9 13
43 173
60 99
66 273
218 263
1 40
180 243
108 204
113 143
55 66
112 126
119 192
16 109
131 233
133 242
62 197
15 193
86 197
255 261
260 267
217 247
56 94
34 100
61 94
0 195
165 274
64 249
175 216
46 131
129 146
154 269
199 230
40 95
145 243
117 252
36 84
165 206
57 248
214 240
234 247
234 241
191 257
117 191
197 222
51 159
103 141
72 197
98 229
47 161
52 187
21 57
1 222
159 244
74 268
138 175
43 146
53 92
89 266
162 193
164 183
114 239
105 141
149 178
47 172
88 178
131 152
218 270
146 257
13 100
130 161
12 87
7 193
13 199
247 266
92 194
135 157
169 253
78 161
17 56
24 163
170 265
78 107
83 110
56 273
50 129
230 233
50 111
26 271
41 123
34 229
85 218
256 281
241 242
17 269
134 197
93 94
38 209
105 239
85 235
72 89
68 190
83 94
110 277
102 126
164 186
67 248
174 229
71 153
61 194
42 157
11 263
4 40
91 115
87 204
37 160
21 260
33 86
14 154
89 253
23 48
30 186
104 123
196 200
136 165
157 264
50 258
32 109
5 261
74 242
6 162
19 147
101 233
0 54
47 212
73 193
35 267
6 188
47 191
39 82
22 232
42 141
76 218
14 46
204 260
113 221
51 133
19 128
14 104
144 192
84 128
64 113
72 263
121 278
19 109
16 169
158 164
192 274
106 248
115 125
131 167
169 186
2 6
36 176
97 223
212 249
30 109
77 144
106 202
132 182
176 255
139 145
114 137
33 154
16 159
79 256
159 171
72 200
46 188
11 249
18 83
73 118
50 242
160 164
60 228
16 123
130 203
137 162
140 213
116 225
127 258
25 163
176 250
51 97
165 205
15 237
23 25
64 220
112 190
216 230
2 164
116 238
101 265
86 266
19 94
18 30
198 240
169 252
43 116
27 140
53 181
227 232
114 253
167 262
184 280
102 173
6 256
195 235
124 213
162 227
211 265
17 195
33 248
209 252
29 248
101 105
52 55
92 151
43 194
10 89
130 264
40 268
67 203
51 180
156 170
0 130
161 217
94 98
85 131
205 261
164 267
15 259
51 267
162 174
151 268
119 128
83 252
38 192
7 259
160 209
32 113
193 215
6 259
191 211
104 274
98 249
152 191
22 121
1 135
44 184
54 226
48 263
1 89
221 241
119 260
57 71
139 148
66 181
100 146
90 244
60 127
147 167
9 106
35 104
72 168
253 268
119 258
159 239
14 27
137 167
29 125
158 199
110 249
89 178
67 78
30 255
113 253
138 219
48 182
19 220
96 270
174 189
160 166
111 133
39 280
155 271
13 136
79 122
90 152
18 170
32 176
38 153
57 238
19 167
159 221
58 102
142 209
10 257
25 28
56 246
234 256
64 264
102 209
70 251
169 281
128 279
1 51
154 160
30 189
67 262
63 131
12 159
110 258
76 193
146 213
87 157
174 223
89 123
19 68
167 276
114 174
61 78
60 123
234 279
64 255
108 207
24 160
10 171
111 193
61 152
103 266
51 98
145 261
160 249
148 182
49 202
38 111
88 136
67 240
94 271
100 254
5 159
18 141
59 98
7 139
120 174
208 258
138 178
59 63
58 240
218 280
147 256
56 152
19 47
67 253
49 252
223 255
47 131
144 207
214 278
83 213
60 230
45 122
73 272
107 139
35 237
103 168
30 63
40 182
154 168
44 171
214 220
22 215
228 235
166 195
195 265
167 237
89 239
112 157
154 235
116 247
86 222
27 147
56 86
58 256
159 260
2 281
124 203
69 192
137 154
268 281
124 183
110 173
71 231
14 37
188 220
0 19
109 277
162 256
128 153
68 87
13 124
164 213
44 52
82 210
123 233
127 262
68 187
120 183
203 258
77 82
26 225
107 165
117 148
48 176
219 229
0 164
9 39
91 266
11 170
105 119
190 254
135 190
3 201
103 172
54 80
73 130
265 270
164 273
136 218
34 94
98 236
159 187
0 57
202 216
61 138
238 250
132 179
202 260
50 270
78 204
118 271
112 259
237 255
4 61
11 118
171 214
98 105
54 168
8 132
114 256
15 129
209 275
172 276
111 229
129 254
183 279
137 142
173 192
8 161
130 157
211 239
119 235
32 228
21 175
80 215
118 215
132 225
21 118
40 199
211 273
60 158
6 185
20 167
126 264
95 139
21 114
54 230
203 230
149 210
34 182
23 86
5 226
130 238
98 189
226 259
4 253
145 216
88 181
207 220
135 141
258 277
29 93
98 154
157 164
118 164
161 214
4 30
116 220
146 167
67 156
58 118
148 179
181 198
63 219
175 240
77 157
213 271
157 239
100 166
67 278
139 217
132 265
78 193
3 152
69 261
145 276
14 185
83 242
132 189
64 281
39 107
93 256
61 171
63 194
4 146
55 279
61 89
15 198
131 234
8 249
71 255
97 183
187 239
264 279
22 26
243 269
39 65
63 138
106 120
53 96
188 244
27 162
65 80
230 259
173 233
70 238
37 213
268 273
94 205
54 132
25 277
142 198
218 230
13 71
82 215
12 161
56 259
73 152
149 152
72 221
143 195
191 266
98 234
213 247
131 214
80 269
135 169
210 265
140 230
26 229
54 88
84 166
141 224
54 82
83 151
86 117
125 136
44 189
169 259
26 31
16 185
174 201
2 111
10 37
60 255
91 154
95 230
144 180
94 112
62 218
208 228
38 213
184 214
28 226
23 274
184 206
219 233
221 239
74 166
197 254
33 198
45 159
102 170
131 252
122 247
70 71
147 198
68 75
192 256
184 224
131 135
68 265
20 259
26 126
91 173
21 38
61 143
65 137
190 263
208 272
44 220
203 277
195 216
150 171
120 272
4 148
144 241
157 197
229 257
45 197
113 176
24 271
97 253
93 105
72 255
42 74
79 257
21 93
120 229
90 102
137 201
1 177
21 119
97 270
56 59
108 166
9 182
205 212
139 208
36 273
100 105
28 221
266 280
261 264
112 202
26 226
271 280
242 259
24 149
7 254
256 276
197 252
214 258
96 178
106 125
167 172
94 267
140 175
66 155
109 140
26 193
239 267
6 154
28 241
25 142
32 235
26 245
33 222
83 258
23 257
52 67
144 187
99 118
87 123
191 208
109 185
89 230
99 228
134 233
160 242
66 238
11 103
140 212
65 127
84 126
126 221
246 274
234 265
156 210
105 137
24 182
2 200
48 72
57 208
42 257
115 182
51 276
21 225
66 258
29 213
35 113
27 278
22 269
76 238
38 98
261 275
95 106
164 206
206 208
70 93
73 264
266 268
141 170
118 207
99 138
30 196
103 114
91 196
201 256
197 275
57 102
80 273
58 162
55 250
90 131
128 262
138 255
185 253
96 213
5 175
94 195
174 199
145 160
89 206
26 246
212 232
29 205
48 203
7 278
79 229
48 137
8 39
124 139
22 249
30 237
150 163
150 198
144 280
69 256
10 239
191 209
104 148
18 176
23 271
170 189
81 213
171 179
1 224
34 276
78 92
17 111
28 203
102 137
21 29
152 197
156 179
62 151
56 138
93 249
186 252
42 203
179 253
9 176
242 270
81 157
191 239
52 244
205 262
39 134
158 193
205 249
164 196
242 252
69 206
58 192
77 182
21 153
38 81
6 186
112 153
193 235
28 168
214 249
39 207
20 164
16 158
8 250
112 230
14 264
57 231
118 216
173 198
65 148
16 39
208 218
60 140
12 165
114 255
12 265
142 278
46 100
141 163
43 113
138 220
45 129
99 244
25 71
33 264
142 251
86 134
217 231
64 219
147 189
67 134
118 168
38 171
105 132
52 216
152 273
243 276
204 270
178 184
121 161
34 133
44 100
166 226
259 275
145 157
158 163
81 176
37 55
1 132
123 213
200 228
29 232
29 109
116 178
70 267
197 232
43 89
50 149
39 169
198 253
193 228
128 167
186 211
26 176
35 107
57 62
48 145
65 258
139 144
29 107
34 207
27 188
30 121
0 256
1 249
176 244
101 236
5 68
66 100
77 183
85 97
33 269
10 122
48 256
39 191
20 266
97 173
49 241
172 182
89 210
124 166
180 265
72 241
177 271
73 258
49 178
183 237
57 195
77 172
92 202
249 261
11 187
98 143
159 253
161 190
43 257
175 244
150 202
88 261
46 55
76 127
55 153
92 112
45 156
49 84
15 216
116 200
61 98
109 112
50 143
64 248
100 141
36 161
18 156
56 127
2 87
38 159
77 255
80 158
15 28
93 261
23 103
232 270
225 272
9 115
37 272
20 200
73 226
66 188
219 246
57 179
74 101
81 149
75 155
237 251
222 239
90 193
147 233
54 74
153 154
33 240
139 249
251 279
62 89
7 33
71 148
178 197
111 267
48 217
83 235
204 228
86 201
87 133
3 47
265 272
57 265
43 275
6 246
218 260
103 194
6 125
41 122
39 77
158 261
27 73
84 132
66 265
101 227
36 71
41 168
193 196
115 276
166 263
119 159
43 222
169 182
186 203
77 141
13 261
58 191
20 159
63 111
147 178
64 163
4 268
36 212
78 250
89 252
65 240
128 201
204 217
181 189
64 125
165 262
220 268
133 137
16 243
136 280
115 273
164 209
150 237
218 253
179 187
70 162
36 168
57 181
153 181
66 279
91 201
55 272
208 264
0 132
117 128
154 210
7 94
33 41
131 157
150 172
96 139
138 164
139 177
105 227
120 197
36 226
9 41
121 209
4 271
17 62
161 216
157 272
6 99
163 267
6 103
105 202
120 136
25 170
14 90
31 60
123 227
175 228
29 140
16 83
72 177
6 35
78 122
254 262
116 241
138 273
203 248
194 228
15 219
29 270
0 17
31 123
194 213
117 153
43 260
72 258
39 117
42 105
89 158
53 139
173 226
176 183
172 251
44 179
66 270
25 65
27 239
111 128
45 169
18 92
42 196
19 84
204 206
209 230
188 189
139 176
20 116
96 200
158 203
30 154
62 108
23 163
107 162
64 90
202 231
10 222
124 279
61 62
25 47
185 216
22 70
102 171
37 271
54 73
73 222
45 134
81 216
155 188
40 78
36 121
7 263
136 146
140 278
62 70
8 116
14 161
134 202
118 198
160 227
38 147
218 228
106 180
15 147
64 241
218 274
142 144
138 267
168 249
12 220
68 72
116 206
185 195
164 228
199 255
2 74
77 239
165 237
75 275
101 181
181 211
66 220
89 201
69 200
113 198
77 269
19 242
41 88
113 179
94 227
117 197
64 238
111 215
164 243
104 198
116 150
105 160
38 70
112 176
43 172
68 156
108 280
34 112
95 272
130 133
48 79
64 191
104 151
93 134
30 147
51 122
46 120
7 151
44 101
22 113
4 225
116 174
107 227
93 254
86 230
152 183
23 199
115 232
48 58
101 194
59 201
5 55
53 213
126 261
151 158
22 238
86 109
3 176
59 111
21 191
84 238
120 236
96 263
228 281
70 231
117 255
144 210
43 265
150 162
67 160
55 102
44 108
59 90
149 195
41 280
8 272
87 170
72 76
212 235
192 215
214 231
37 65
179 249
38 182
190 252
94 168
175 211
41 68
59 194
112 217
255 279
61 262
17 22
134 194
42 89
148 229
184 198
24 183
24 231
19 41
68 259
105 192
8 66
217 254
3 235
5 127
114 191
65 147
62 182
249 255
100 277
86 118
85 162
61 183
118 210
30 213
13 242
89 203
9 260
176 261
74 260
41 247
90 132
28 239
67 168
127 138
0 155
50 183
86 261
89 251
19 155
147 246
33 109
155 222
132 154
82 95
39 47
135 165
143 155
154 176
257 265
98 159
113 171
21 145
154 169
262 276
65 141
65 132
72 149
33 97
25 147
150 186
65 264
180 244
82 98
10 155
28 281
218 219
86 133
22 111
187 247
27 265
209 261
106 119
13 164
147 218
29 195
134 183
10 128
30 219
57 58
53 178
136 163
191 258
7 154
173 207
200 269
182 269
182 272
54 155
132 215
63 265
61 211
117 271
55 281
24 129
82 162
68 142
62 94
108 216
42 247
30 269
88 218
68 215
71 88
89 233
29 275
231 270
274 281
147 259
104 150
152 239
73 135
67 184
56 224
96 131
3 121
76 80
59 279
262 265
23 95
47 125
77 131
70 150
25 94
149 271
90 112
101 111
162 211
177 258
47 134
36 244
167 195
196 217
143 233
164 223
69 254
78 203
95 178
29 266
22 30
46 187
92 165
24 66
38 106
7 48
120 245
73 111
17 121
184 256
35 47
186 229
80 109
25 151
143 207
147 158
135 250
95 224
174 235
75 183
93 177
88 249
157 276
76 81
152 232
68 233
74 244
206 270
72 169
13 193
39 95
25 176
95 129
89 121
112 150
206 215
89 268
156 205
258 276
136 243
51 199
1 212
94 116
85 144
52 100
173 186
5 222
3 154
86 276
196 271
108 208
136 244
169 203
18 32
154 195
29 182
44 170
156 161
112 179
49 144
56 125
1 88
46 51
166 197
66 219
85 267
128 257
60 128
8 217
59 88
67 244
4 68
155 249
55 119
102 167
9 228
190 196
44 208
52 260
143 217
111 254
0 69
143 260
24 212
10 119
10 135
110 212
80 103
37 81
85 147
39 268
66 120
42 65
119 208
34 176
111 126
13 24
182 199
124 155
51 158
182 206
129 237
197 235
104 206
182 226
7 131
13 240
103 154
122 146
95 201
151 270
123 266
197 216
44 88
60 198
51 63
38 73
12 83
95 236
171 262
37 178
34 41
5 244
154 214
54 188
15 246
110 145
63 269
53 158
54 202
65 138
206 231
103 169
81 198
161 191
95 211
165 196
57 131
141 189
27 179
34 52
97 174
47 104
201 204
55 72
26 43
203 223
194 232
10 202
28 184
72 225
138 182
104 219
240 275
105 181
170 176
8 169
71 223
59 270
27 41
40 175
114 277
116 253
20 222
151 185
155 196
24 88
200 219
225 253
108 125
52 256
46 247
9 226
39 93
37 234
111 220
120 133
136 281
1 83
167 174
73 229
200 246
118 147
83 277
48 74
15 138
225 257
186 256
8 41
1 139
102 224
48 80
170 276
73 75
113 117
21 130
156 243
86 137
12 149
159 224
51 84
25 108
197 199
179 273
73 85
134 175
68 270
77 213
88 149
44 107
33 44
64 140
120 207
213 279
234 281
228 253
152 182
230 239
11 195
60 217
124 181
2 218
180 279
1 173
68 137
227 245
76 195
116 143
177 249
19 139
6 21
79 262
123 162
138 193
82 255
186 276
132 239
134 259
23 56
219 279
7 67
70 224
27 117
127 193
58 106
165 269
16 156
30 247
205 250
40 81
113 183
188 222
89 177
47 281
25 43
29 50
169 261
14 130
129 161
10 121
121 216
74 200
158 217
59 188
45 188
92 256
180 194
53 212
36 203
66 193
92 120
230 281
19 21
135 182
167 243
133 271
4 127
82 102
221 271
54 109
19 171
201 236
80 256
32 121
96 258
39 171
190 197
84 102
189 239
24 113
9 40
98 183
60 196
128 134
158 180
111 184
93 277
172 280
156 173
50 103
5 25
64 245
225 230
104 141
186 219
228 266
82 266
122 185
31 134
88 175
107 257
32 276
61 265
192 272
38 275
51 240
25 260
152 265
39 103
26 206
181 240
137 234
89 90
85 264
49 253
103 127
57 134
87 271
28 61
36 250
213 260
124 228
245 281
103 241
88 95
136 277
57 81
123 211
11 114
17 140
31 120
234 251
23 214
194 198
4 132
152 196
7 229
108 160
37 46
44 194
127 191
38 173
142 191
19 226
26 123
1 33
166 261
101 173
50 250
187 203
18 34
169 258
167 230
183 251
67 68
130 142
120 251
1 147
1 151
130 254
212 263
153 187
97 224
141 153
219 270
5 263
61 90
173 281
216 234
122 203
60 191
106 272
10 33
52 148
52 218
223 229
144 221
77 101
110 234
132 244
16 119
40 93
197 240
109 135
91 274
179 281
124 172
38 143
210 211
68 171
56 234
25 184
1 68
82 130
37 131
200 240
3 198
30 187
154 212
224 246
192 206
42 272
95 172
192 269
121 151
12 228
40 201
24 117
36 243
18 173
146 176
177 236
25 107
73 127
39 137
107 197
167 268
2 223
141 184
63 162
186 235
20 205
213 235
65 158
90 139
130 176
78 273
126 195
16 225
3 54
50 248
130 146
57 115
127 163
19 206
75 279
6 142
64 262
214 279
2 251
15 79
96 251
19 121
124 198
5 158
161 222
70 221
51 60
77 146
65 251
73 247
82 92
149 254
83 141
73 203
35 192
84 274
15 263
65 114
183 209
19 101
166 229
61 231
76 88
104 153
100 246
157 247
67 193
169 172
51 209
206 216
190 199
49 129
25 172
30 111
153 195
45 232
67 74
79 197
192 263
101 141
84 226
35 52
94 250
196 267
8 163
83 174
64 179
187 276
103 166
203 206
95 142
147 248
5 118
133 203
7 45
82 169
35 74
61 96
152 247
57 150
113 235
61 176
80 104
7 28
25 265
190 222
26 212
65 68
203 244
222 237
90 143
48 160
27 262
24 219
52 112
17 100
34 150
59 253
95 161
124 276
81 191
166 201
86 180
106 261
5 138
77 230
204 216
58 82
36 54
64 201
93 157
74 217
42 234
209 256
9 144
59 241
13 248
88 255
10 172
79 181
65 152
1 74
136 274
28 109
31 176
7 105
31 47
29 91
20 21
56 228
176 232
48 155
32 227
47 52
180 246
134 257
44 219
110 203
138 202
105 243
86 212
148 239
27 40
70 142
17 116
120 230
73 88
1 95
132 158
107 193
168 200
15 109
135 217
18 174
53 175
14 116
155 254
225 262
5 265
8 37
188 274
93 187
25 180
34 40
96 244
183 262
78 195
139 141
58 202
4 75
111 152
73 174
18 73
111 210
128 135
28 247
131 149
73 108
32 272
105 133
58 163
177 260
87 140
67 169
26 159
15 228
63 235
74 151
32 249
119 239
17 80
98 137
78 140
7 228
126 222
31 116
136 179
142 146
55 78
272 276
30 98
31 32
153 192
119 229
172 279
176 252
70 240
67 81
40 265
86 178
165 217
50 76
55 59
42 100
40 150
37 116
73 206
130 266
128 175
183 212
7 235
226 229
102 128
74 236
85 105
26 137
76 160
11 159
165 266
258 264
98 162
193 241
10 47
152 243
134 196
32 169
171 216
49 257
186 228
72 167
42 87
185 212
107 186
1 16
36 231
12 167
79 131
119 221
65 170
25 198
93 122
30 33
5 80
13 143
130 202
29 191
0 66
89 156
23 33
184 263
86 158
127 263
181 276
230 235
84 252
133 239
63 183
63 266
7 182
112 121
156 261
66 264
23 158
133 184
61 148
213 230
116 250
32 183
70 138
63 205
59 183
93 170
66 160
2 231
13 93
0 210
63 279
99 249
258 274
74 124
22 179
64 183
36 37
96 100
125 238
32 236
32 210
132 144
48 146
55 114
10 129
140 272
83 160
79 235
236 255
37 229
180 185
101 177
184 233
45 266
13 80
26 237
36 269
52 220
60 221
48 262
87 90
17 147
259 261
21 44
109 264
16 136
148 215
42 132
27 257
86 144
49 214
87 180
83 253
28 206
105 156
12 120
100 112
29 162
50 52
126 254
100 227
16 176
86 272
207 208
65 217
104 208
15 203
60 182
179 241
86 177
224 237
76 140
20 69
160 221
43 97
156 252
206 240
165 267
43 53
59 273
31 259
230 250
92 93
153 170
74 211
235 276
9 69
177 267
38 241
7 169
40 194
87 268
28 175
88 277
29 271
221 277
187 260
85 260
17 216
47 147
13 220
90 209
115 117
27 273
185 240
5 15
149 196
87 264
120 159
217 232
202 230
22 148
239 275
28 148
3 229
38 155
128 254
23 91
198 214
19 258
49 258
89 199
123 191
169 201
57 211
75 246
155 195
5 85
63 168
57 147
126 134
218 271
19 44
92 244
82 277
72 253
213 221
59 126
153 212
145 155
169 267
84 204
67 185
40 110
113 202
47 175
74 167
83 123
19 105
60 184
81 185
198 269
64 207
123 129
10 201
161 192
176 247
0 254
153 259
37 173
183 202
170 212
7 17
71 221
142 169
91 116
257 267
18 51
35 133
151 179
43 70
118 204
51 155
25 212
32 50
133 278
27 33
170 206
93 114
39 59
125 205
90 192
118 234
142 175
115 203
25 203
57 69
63 281
47 91
137 238
4 192
88 254
1 53
26 93
158 207
2 134
216 260
133 169
100 170
142 159
59 252
143 185
59 197
78 163
5 278
12 255
114 244
182 268
30 188
189 271
55 259
24 192
55 213
26 160
16 122
25 109
66 239
54 129
70 86
38 194
34 62
46 207
3 149
7 58
20 157
192 221
53 236
60 98
62 236
115 189
166 220
123 185
32 61
15 41
17 88
14 217
128 154
114 195
170 234
190 257
156 247
10 221
133 200
109 138
136 271
180 271
43 151
167 275
10 103
33 205
137 260
58 91
83 219
221 222
72 188
229 241
129 132
103 162
20 34
134 261
111 115
149 174
21 60
123 209
135 160
110 178
73 187
16 188
70 107
111 188
230 234
197 237
24 268
119 156
102 200
173 247
118 243
124 224
198 208
75 145
158 212
211 218
119 129
90 230
0 45
75 256
109 175
42 253
6 253
153 198
11 269
135 270
2 203
40 127
58 227
10 212
27 39
117 275
36 180
16 36
42 49
107 132
117 262
156 275
165 258
36 43
240 271
112 144
144 225
4 240
126 158
122 262
119 276
231 250
61 118
4 137
50 67
84 191
91 221
0 47
205 242
228 261
166 265
87 190
60 145
156 259
137 224
92 146
37 209
5 273
235 273
152 226
16 250
85 186
103 115
85 255
185 230
41 219
222 268
93 107
106 264
29 171
224 225
85 259
14 36
150 230
191 246
68 109
72 148
139 188
148 172
23 105
156 220
43 112
205 281
61 277
131 196
40 262
37 45
36 160
190 200
254 268
120 186
19 34
101 205
34 175
50 73
104 243
90 258
50 102
40 252
121 140
5 65
35 90
41 54
48 230
58 75
4 242
208 253
64 162
42 43
15 68
23 70
36 236
17 128
190 231
121 175
12 177
35 109
159 166
57 256
31 146
185 190
248 252
84 212
6 231
14 48
112 113
98 281
73 177
11 95
95 175
48 281
12 236
82 234
92 105
47 80
39 66
13 155
15 105
134 182
148 278
36 73
36 163
258 271
65 220
78 212
145 153
35 51
78 136
145 164
150 228
152 168
160 272
219 276
65 130
51 95
3 194
101 134
131 174
36 246
95 135
180 242
57 215
101 222
59 157
99 137
48 100
169 200
27 258
76 176
3 279
32 92
138 163
186 192
20 199
14 266
183 228
210 269
114 182
60 256
147 240
36 217
196 218
70 202
57 90
241 259
73 122
189 202
13 158
6 232
1 277
7 93
14 57
12 234
163 169
13 123
28 223
148 159
93 164
26 252
29 51
145 186
144 274
174 187
91 132
82 157
37 182
107 242
110 115
26 239
18 109
57 274
126 180
92 144
47 253
107 110
49 133
77 259
29 201
215 236
119 198
109 158
121 265
167 215
79 191
53 275
25 40
176 189
16 71
172 196
169 260
129 182
173 245
53 143
161 268
88 173
173 223
46 190
28 178
155 253
40 82
252 277
254 265
126 201
75 262
77 201
236 267
17 26
27 229
84 223
24 265
173 178
68 193
127 275
119 248
81 128
194 275
93 258
65 89
55 108
68 196
2 76
130 194
26 240
177 208
31 241
38 279
105 231
68 153
68 155
88 209
50 147
242 263
57 175
215 253
87 104
70 253
68 158
101 112
55 154
9 278
50 264
44 188
102 114
110 153
67 221
147 194
68 148
115 236
13 122
229 274
8 108
85 130
8 214
103 270
69 239
171 275
120 264
126 148
65 183
76 245
189 272
4 172
222 273
69 131
77 174
71 91
141 174
208 238
55 215
24 198
58 117
27 69
215 237
159 215
126 274
29 37
168 169
208 262
197 280
91 97
117 163
157 163
106 195
85 132
31 135
151 242
4 23
26 272
176 259
149 258
50 159
73 233
74 219
4 21
12 168
54 197
133 257
30 281
45 174
6 97
116 132
53 188
28 177
42 177
249 273
0 170
142 219
108 211
74 92
45 274
56 135
145 167
5 37
76 250
233 257
8 131
50 51
150 249
122 238
111 212
24 63
170 242
162 198
9 65
103 281
128 146
3 92
71 131
208 275
10 68
11 190
186 215
36 177
62 137
75 260
84 120
151 225
113 159
77 281
48 254
7 46
146 228
129 208
71 175
117 265
123 196
217 240
54 77
243 244
161 215
42 171
99 226
129 170
57 251
55 94
20 80
15 44
232 239
114 179
44 162
0 48
22 86
74 158
210 225
113 231
30 214
183 272
90 216
47 151
158 161
226 249
105 246
78 116
32 226
158 251
2 70
15 99
53 279
213 257
142 280
1 31
73 93
153 176
128 237
99 126
1 120
132 181
127 207
220 251
154 270
1 172
230 278
145 281
48 65
114 247
119 266
54 147
177 215
174 184
122 179
54 184
31 215
156 183
27 254
191 229
62 119
62 277
163 242
214 263
113 204
250 274
48 181
122 195
162 221
33 221
13 50
151 226
16 61
188 208
188 214
181 253
144 279
91 205
24 209
21 35
39 92
35 184
24 173
80 96
126 135
6 25
13 253
129 265
13 145
74 152
108 275
90 208
192 222
167 245
60 252
103 280
132 241
115 118
58 124
6 265
121 155
201 274
80 177
142 266
49 124
159 248
4 131
30 110
100 139
118 121
134 173
209 255
130 258
118 133
94 279
24 218
137 197
101 255
25 121
4 159
196 265
239 278
35 227
91 181
14 216
18 130
66 256
58 211
58 184
150 205
103 109
60 274
125 216
210 261
112 261
54 99
44 236
67 83
155 197
29 43
15 171
126 250
38 264
75 80
66 186
172 195
39 210
46 134
1 62
142 180
14 149
179 219
163 197
27 252
15 108
112 147
201 240
57 167
51 74
162 266
15 230
72 103
30 85
58 145
13 216
104 270
135 191
26 200
127 271
122 261
42 219
184 272
75 214
17 120
2 28
13 73
9 153
149 186
157 277
210 219
140 227
10 189
88 239
16 125
112 120
15 43
19 81
5 113
118 240
146 260
211 268
65 186
134 179
177 255
20 99
61 202
125 261
173 242
227 243
51 194
13 270
114 220
99 108
157 248
6 12
59 195
33 241
32 59
15 173
20 110
235 269
75 236
8 19
183 220
258 279
102 249
41 116
21 194
48 280
176 227
185 209
106 259
128 216
47 57
104 172
78 191
253 262
71 86
81 105
130 276
97 207
140 207
68 174
32 62
178 218
258 278
200 281
80 195
127 206
39 254
0 5
51 90
62 202
30 118
110 130
84 243
173 273
26 220
90 127
138 265
186 262
37 42
187 201
269 277
118 268
13 114
0 99
7 38
193 201
165 235
42 72
110 163
35 269
125 255
90 162
69 224
31 87
29 281
210 232
114 231
206 262
222 266
230 258
18 19
104 205
8 107
6 79
98 243
58 171
211 264
64 253
148 190
96 162
46 125
158 220
11 273
19 189
93 171
90 185
77 97
27 130
120 278
22 272
87 139
94 111
20 35
64 122
212 224
19 263
73 86
153 236
146 233
43 78
93 232
140 275
12 21
108 222
161 276
162 257
43 198
17 220
125 198
40 223
28 121
81 123
9 188
47 240
91 135
81 226
59 193
45 56
154 250
25 183
2 177
203 239
123 127
210 227
62 196
241 267
233 278
51 139
119 183
137 232
70 264
45 186
141 142
8 216
5 223
7 185
25 168
97 170
19 73
80 252
79 239
91 232
86 103
15 268
21 172
138 179
108 210
91 176
32 207
53 127
152 267
109 119
142 210
83 280
245 260
3 27
176 208
24 71
23 181
101 193
119 166
271 277
118 158
13 272
116 161
97 107
106 121
244 273
95 200
39 104
3 41
4 149
205 209
27 167
112 116
115 239
41 126
220 255
84 89
97 133
65 175
183 229
154 260
145 267
28 94
55 124
178 188
14 101
9 84
2 187
185 197
200 247
162 262
67 241
135 181
5 242
101 122
58 71
137 198
31 216
173 238
17 242
117 270
119 181
3 118
69 157
33 64
17 172
109 250
20 170
213 232
33 46
130 253
114 145
104 186
15 247
173 181
3 261
91 98
63 230
76 191
226 236
208 259
30 240
92 132
202 254
153 253
134 279
32 201
70 210
45 77
32 85
32 223
51 153
128 152
85 155
48 239
183 211
92 117
62 130
52 164
35 170
116 279
129 176
198 243
184 196
154 173
58 138
85 223
98 233
23 80
87 102
115 120
30 60
98 222
37 119
22 180
219 245
79 193
169 214
32 141
104 276
31 232
69 182
82 153
80 244
27 96
63 242
179 234
273 275
38 130
15 35
14 213
158 188
88 144
81 204
176 236
172 263
227 276
13 62
88 199
52 165
53 261
31 133
46 199
60 224
152 202
158 184
75 140
182 244
165 177
42 216
82 177
43 236
35 48
46 127
78 101
12 262
120 152
259 276
62 184
102 158
27 233
213 238
228 265
130 181
98 201
40 105
233 267
211 217
15 33
175 217
26 152
78 81
33 260
87 109
76 100
97 103
213 226
35 252
91 110
53 260
81 243
73 147
107 246
73 271
102 160
109 148
170 243
156 185
2 145
59 269
207 234
138 269
110 252
179 195
46 206
25 188
111 265
226 264
23 123
20 264
79 83
169 248
203 256
39 155
41 264
52 86
56 74
77 268
53 105
236 270
8 9
71 219
186 190
81 129
120 239
129 185
21 61
29 189
142 155
15 254
185 213
79 144
30 174
15 132
109 271
160 237
88 274
182 251
142 206
29 249
157 172
10 140
46 113
213 234
61 151
0 12
190 198
97 167
98 172
87 125
232 259
99 107
252 272
87 146
59 240
16 55
63 201
141 233
61 186
48 103
56 60
107 109
128 166
3 19
128 278
8 150
57 216
42 278
158 208
82 199
92 281
216 225
235 240
100 204
10 169
10 13
86 188
171 206
181 226
152 236
3 248
18 142
174 264
138 161
54 93
25 179
17 149
32 273
173 188
49 270
139 142
251 253
21 280
71 190
45 119
201 271
43 272
153 160
11 68
145 229
42 73
135 154
131 193
11 39
48 245
106 224
116 217
19 57
48 189
55 86
83 196
30 148
81 193
163 170
145 209
141 204
41 273
19 213
3 175
40 108
220 233
13 184
34 130
245 259
35 220
69 74
66 163
189 242
124 158
76 203
36 126
151 246
132 213
1 138
52 274
185 246
64 274
90 174
53 252
218 242
129 184
103 173
3 215
142 154
205 274
199 242
198 270
104 239
140 177
62 80
209 266
123 235
55 142
85 95
116 184
4 182
164 272
23 177
41 217
25 95
123 175
18 93
84 92
88 142
92 204
56 89
112 242
203 207
167 198
89 131
38 107
48 238
33 34
0 127
61 133
129 235
238 245
127 218
94 252
61 76
40 155
124 142
80 143
176 188
100 159
129 256
94 186
106 233
52 147
95 204
98 111
118 229
26 222
116 140
132 135
14 44
24 264
169 228
80 100
157 254
71 155
61 102
3 68
69 149
0 222
207 226
80 220
234 261
245 254
180 262
90 107
4 53
5 122
3 101
13 171
205 239
121 147
36 135
70 92
40 240
130 132
0 8
167 218
262 264
5 88
23 220
102 231
200 279
140 281
111 233
47 81
73 95
83 152
81 108
57 273
134 252
74 130
76 132
79 264
49 195
43 91
14 137
14 70
42 114
117 185
186 273
128 148
191 272
110 262
33 237
10 16
130 225
29 124
200 248
213 259
61 156
69 203
199 253
57 168
120 122
37 108
35 88
24 239
0 249
130 174
48 170
86 186
55 209
80 119
193 280
105 197
46 159
205 207
115 248
69 234
127 148
148 197
23 239
172 249
58 232
136 201
162 165
23 201
14 192
75 192
116 262
4 44
28 205
198 215
105 151
6 226
72 252
57 201
54 240
3 251
14 178
52 215
46 220
215 223
88 230
37 194
52 139
79 241
67 171
111 123
52 135
85 181
67 106
8 47
58 239
38 100
45 69
95 259
67 225
61 217
243 281
124 178
33 167
48 78
148 175
180 209
53 130
122 211
104 180
208 210
69 83
189 227
43 177
150 170
108 154
