285
6
8094
60
50 2
57 2
54 2
68 4
81 2
93 3
92 3
100 1
78 4
67 2
69 1
69 1
51 4
89 1
96 2
88 1
96 3
81 4
104 5
62 3
59 2
65 1
82 3
109 5
91 2
108 1
100 5
96 1
71 3
79 4
95 4
54 1
59 1
89 2
76 1
49 2
90 5
68 1
89 2
94 4
108 4
86 2
76 4
68 2
99 5
74 2
48 2
98 5
91 4
49 4
64 3
90 5
87 2
59 2
91 4
61 2
87 2
82 5
107 3
55 1
60 4
100 2
57 3
109 1
80 2
66 3
101 4
49 2
84 5
106 3
78 2
64 4
86 1
92 1
87 3
65 4
100 3
86 2
66 1
107 3
66 5
60 3
53 4
82 2
51 1
91 5
58 4
51 1
66 1
68 3
97 4
49 2
103 5
50 3
105 3
103 2
72 2
80 4
65 5
100 4
65 2
88 4
79 1
56 4
47 4
58 3
63 5
79 5
88 1
104 2
47 5
57 3
98 3
86 4
77 3
48 3
78 5
48 1
64 4
55 4
109 2
94 1
80 2
104 3
73 4
75 3
48 2
87 3
90 2
46 4
107 4
51 1
62 5
101 5
58 3
85 3
61 5
92 2
57 3
70 5
73 4
108 1
51 4
49 5
90 5
52 4
51 4
70 2
95 4
73 2
71 3
91 4
95 3
100 1
78 1
82 2
82 1
99 2
66 3
101 3
53 1
74 2
101 2
48 2
55 1
49 5
86 1
47 4
79 3
53 2
96 3
58 2
74 3
58 4
75 2
75 5
106 4
53 1
98 2
91 2
90 5
90 4
75 2
87 2
56 2
108 3
103 4
109 3
63 4
99 5
80 3
51 2
62 5
81 4
69 4
73 4
100 1
73 4
103 2
60 2
102 1
78 4
62 3
79 2
53 4
77 1
72 5
107 1
91 5
94 1
97 3
93 2
62 3
65 1
61 1
74 2
74 3
54 2
79 2
68 2
69 1
108 3
74 4
79 1
64 2
46 5
55 3
47 4
64 2
99 5
62 4
80 2
71 3
62 1
58 1
64 4
47 2
70 3
67 5
53 5
57 4
108 2
104 4
97 1
75 3
55 1
107 3
106 4
63 4
95 5
51 4
85 3
109 4
90 5
89 3
69 3
46 4
98 5
78 3
81 4
84 3
46 3
86 4
53 5
86 1
65 1
103 3
54 5
66 5
104 3
97 4
47 1
77 2
91 1
102 5
104 4
66 3
66 5
76 5
62 3
61 1
102 4
87 3
52 4
61 3
24 256
2 43
142 216
155 157
117 278
119 244
104 275
117 207
14 71
254 277
171 177
127 146
1 210
169 256
32 83
194 249
60 244
65 148
220 276
0 227
122 207
7 149
249 261
172 178
235 271
150 163
139 169
25 123
131 150
114 206
100 246
112 113
149 171
9 195
119 245
161 231
235 253
56 80
109 127
55 128
47 145
3 240
2 252
2 229
35 245
44 97
30 184
81 173
57 193
146 148
25 232
172 201
107 122
19 171
11 133
7 116
126 166
26 37
24 39
7 271
75 225
90 182
39 195
60 212
110 217
6 278
141 277
78 269
71 120
69 74
16 216
149 235
65 245
18 191
53 97
44 186
69 278
107 216
86 248
56 224
130 212
88 248
65 248
221 265
66 207
142 172
15 224
104 220
16 69
38 102
264 279
131 262
211 268
133 252
196 255
129 279
19 211
31 138
60 115
181 210
133 166
85 186
166 195
14 261
28 82
92 254
204 211
3 193
57 244
21 149
89 130
170 216
162 181
47 234
20 225
176 190
125 267
145 149
157 163
18 246
175 267
83 168
34 256
23 174
158 199
133 274
24 214
81 210
24 113
262 278
158 181
73 179
184 256
76 178
10 262
45 46
12 241
102 109
62 158
25 226
95 276
16 278
38 150
5 177
46 206
167 255
100 154
69 166
84 139
181 193
30 102
197 199
191 274
212 280
44 273
33 93
120 214
144 231
25 227
150 260
63 194
50 265
34 47
119 132
152 177
43 238
74 138
148 167
204 237
113 160
112 130
171 271
39 161
143 273
121 161
231 275
86 132
191 258
130 175
152 235
28 80
74 187
11 157
227 249
168 229
13 171
34 278
8 118
152 276
89 229
59 124
100 174
9 156
5 235
2 190
22 143
10 183
163 228
28 38
8 82
233 259
25 219
69 147
7 164
8 65
20 32
23 75
120 162
189 232
18 59
91 278
59 160
66 247
71 175
13 105
77 85
161 201
40 198
86 224
28 244
174 268
136 173
15 136
65 142
18 73
57 223
12 33
42 260
218 276
16 144
159 162
64 146
10 283
2 224
8 120
226 229
194 205
89 222
179 184
156 200
12 87
112 220
200 269
156 248
124 283
47 164
123 223
59 163
29 257
8 32
201 216
44 228
136 229
155 275
42 273
90 91
111 143
81 111
111 242
241 282
58 131
3 16
251 281
200 250
206 278
30 248
117 150
195 215
26 122
172 280
205 240
81 138
27 221
139 255
245 278
32 72
196 198
9 199
24 165
118 188
7 123
104 192
20 44
247 263
43 168
146 268
80 104
92 268
178 250
117 159
202 209
34 179
174 185
184 254
213 232
190 279
151 216
76 201
58 226
113 183
79 161
201 219
22 127
54 177
31 97
20 127
153 167
34 74
211 225
81 181
123 154
28 245
29 280
141 276
14 279
72 134
46 282
21 30
124 127
98 107
66 96
71 216
239 240
25 163
27 262
146 198
106 269
76 156
64 129
191 260
40 138
100 252
59 92
113 277
49 78
10 191
44 143
62 223
74 200
8 23
67 90
29 189
85 134
42 191
224 251
7 236
207 253
73 218
60 176
126 248
64 176
26 117
53 252
28 138
88 242
57 209
53 182
77 123
82 89
178 192
211 273
106 220
137 206
36 107
159 222
14 75
93 265
129 170
81 104
278 282
85 106
218 259
166 239
239 275
16 17
55 143
60 117
17 221
28 196
45 147
17 178
162 254
45 230
126 238
216 251
152 171
252 276
11 152
115 219
72 162
17 219
68 166
107 147
57 108
85 164
224 261
187 209
107 145
101 176
192 223
124 160
80 208
46 256
19 29
253 261
2 88
12 38
78 210
24 59
79 200
143 228
139 150
23 63
159 193
112 235
129 283
141 283
146 212
97 181
56 269
40 191
13 54
144 153
127 265
48 272
87 182
4 6
130 261
32 171
132 241
77 94
16 263
62 275
68 284
76 251
50 153
167 245
102 205
42 239
176 238
161 278
26 75
106 277
145 155
74 192
91 112
2 21
8 261
91 133
131 283
184 244
115 256
35 180
86 185
163 258
17 248
118 161
3 275
33 86
160 283
49 59
147 270
171 187
41 274
93 141
2 120
262 267
106 221
214 217
78 139
20 22
80 258
168 270
19 270
168 236
100 277
10 43
79 163
191 217
87 167
157 167
92 130
3 130
71 244
163 211
45 102
1 189
192 244
176 198
35 153
104 258
192 263
0 83
24 261
106 271
73 86
60 96
8 16
6 80
199 217
2 93
11 30
0 243
141 222
42 173
119 217
4 220
53 119
53 139
20 149
37 51
3 118
188 217
128 259
100 108
36 59
165 274
128 188
100 242
76 85
73 136
25 211
129 268
136 246
136 187
112 127
33 50
20 99
38 64
188 267
23 129
222 251
48 140
72 95
95 278
14 250
29 123
59 259
157 174
44 203
128 147
150 257
3 51
171 198
164 230
135 266
72 74
173 204
55 216
63 231
37 199
67 216
68 246
148 182
114 210
209 260
1 232
144 278
139 246
12 142
72 205
17 273
166 220
6 21
188 210
90 235
15 40
100 201
155 215
7 50
180 281
51 190
190 256
6 158
202 267
241 280
205 264
252 277
46 202
203 271
21 137
81 85
146 251
160 186
66 208
95 146
45 183
4 210
4 83
153 196
69 261
115 166
237 269
62 256
79 158
51 109
108 276
114 228
121 247
55 76
7 152
50 87
57 122
25 191
0 93
112 262
149 234
103 129
1 21
186 264
26 125
21 128
44 51
3 201
256 275
89 115
49 216
66 259
46 273
85 245
113 225
24 48
36 41
49 280
30 211
144 197
71 145
12 139
40 123
84 212
234 247
238 270
156 255
177 203
165 283
111 178
165 209
155 219
30 164
7 239
47 271
47 269
95 117
136 216
26 260
65 81
212 224
170 258
16 80
2 154
207 212
47 273
28 208
37 278
99 108
57 60
19 105
53 258
18 235
156 237
227 250
24 205
56 73
146 155
63 275
100 241
95 101
23 24
110 273
7 75
10 26
102 187
127 198
62 156
55 199
27 219
66 262
185 271
93 192
143 251
66 100
104 284
171 179
60 101
110 193
8 232
37 217
99 233
101 237
225 232
201 223
109 198
60 175
10 37
38 117
26 135
17 185
105 179
145 202
86 230
8 255
48 199
99 103
134 139
190 211
37 231
96 215
117 284
36 178
50 93
58 102
108 148
202 282
51 165
55 201
18 248
63 84
66 260
35 276
108 167
46 226
163 174
215 253
59 261
30 196
72 247
29 236
167 282
124 226
84 206
77 98
274 283
59 76
131 238
151 262
253 266
212 252
73 94
141 179
76 225
163 175
191 199
164 215
89 125
151 267
0 98
135 190
247 264
40 89
82 203
68 187
62 179
121 254
134 230
87 200
108 195
50 147
20 275
235 244
258 279
20 191
184 197
48 213
13 78
19 195
1 226
110 133
193 271
121 182
109 122
85 145
23 224
75 231
90 113
57 171
105 180
151 248
47 263
118 259
156 222
70 203
212 219
194 245
77 237
15 280
3 42
82 129
125 161
72 107
60 220
111 151
0 268
54 275
134 150
245 246
79 121
45 264
78 207
156 205
136 276
20 52
67 131
91 92
5 18
116 227
9 120
12 134
8 117
96 127
42 114
12 276
11 182
166 223
79 159
46 141
96 284
12 244
109 236
40 150
169 246
12 228
150 241
182 227
45 55
127 259
169 264
156 236
66 261
205 238
82 281
10 82
18 38
60 188
225 251
90 193
158 265
93 178
205 272
51 276
127 227
72 280
89 173
18 39
105 149
146 244
60 197
63 192
48 98
23 182
102 235
58 233
142 242
218 234
8 179
132 223
31 90
101 118
82 175
241 276
21 41
154 190
114 194
158 220
143 191
119 153
56 208
29 221
62 244
247 280
197 267
177 228
98 194
76 94
104 265
38 101
77 126
171 211
45 67
102 139
59 136
6 103
16 177
30 86
92 111
21 127
17 107
74 227
103 232
55 99
126 279
92 186
115 218
29 105
70 240
25 196
75 252
62 214
69 117
110 182
52 112
183 221
48 171
179 242
70 250
231 279
64 89
15 62
111 179
184 221
105 281
92 247
221 254
188 214
149 158
2 234
81 190
53 153
81 150
107 134
27 96
183 216
124 260
87 139
38 55
24 246
140 231
85 244
51 166
41 65
145 234
146 255
132 253
26 144
78 95
82 284
204 273
17 143
84 225
65 239
40 105
25 70
122 252
191 240
202 221
70 229
0 27
28 282
10 163
80 245
170 270
55 266
47 144
141 212
89 133
125 281
21 276
212 244
22 47
16 202
202 256
180 213
81 145
31 181
180 207
33 92
212 223
261 272
192 253
68 279
48 191
4 257
30 252
3 164
257 275
74 181
128 231
188 197
180 223
2 269
214 259
41 49
116 221
27 202
110 243
44 87
16 267
186 224
203 215
30 193
198 242
81 174
18 197
139 147
279 283
116 196
16 240
244 245
78 180
123 158
51 176
20 260
7 66
70 148
114 244
96 107
18 219
2 73
47 254
106 180
11 124
150 173
117 140
225 254
12 25
43 246
199 247
44 114
112 241
77 239
20 39
132 142
49 75
2 149
89 140
13 125
196 232
231 235
140 170
142 265
240 273
215 265
99 232
65 249
107 153
45 219
106 129
26 267
25 60
87 136
118 283
207 237
86 182
60 274
137 235
14 103
85 226
173 274
105 176
28 261
0 199
16 260
50 260
24 49
32 74
132 167
2 64
56 113
157 252
31 48
36 161
21 237
121 130
132 204
14 223
36 140
11 150
264 276
82 255
42 132
7 139
4 114
38 81
4 234
34 248
22 192
75 187
49 227
28 122
82 229
258 272
5 67
95 264
112 263
196 209
161 178
14 20
116 163
142 223
139 159
149 263
42 237
178 271
9 177
129 225
88 187
47 211
114 237
197 227
11 19
126 198
175 266
115 232
173 239
104 136
87 273
59 147
249 265
213 261
142 184
170 268
126 191
35 261
13 266
31 127
207 210
120 210
16 127
23 236
30 146
202 245
127 188
68 253
256 277
1 68
102 176
23 191
0 222
6 113
0 146
186 262
165 191
18 43
166 262
78 223
163 204
167 271
44 229
8 263
234 255
61 178
102 197
28 66
34 230
154 237
42 80
18 173
1 150
219 260
67 224
88 252
176 195
229 259
71 284
31 54
187 189
15 145
200 219
155 213
21 229
161 170
37 206
18 174
65 200
41 68
62 70
49 272
264 277
39 85
2 77
115 204
110 234
141 245
208 221
63 246
206 235
125 143
87 132
142 204
171 228
8 136
169 270
39 262
35 241
167 267
221 227
20 174
42 226
121 215
88 267
137 211
76 278
100 136
186 275
31 71
140 153
9 96
32 114
173 233
151 207
103 159
11 210
52 57
34 255
58 125
119 128
34 125
33 270
78 209
43 207
199 229
118 159
125 240
105 141
78 182
105 119
83 120
242 256
13 178
39 138
114 152
43 245
69 260
195 211
42 202
49 228
234 281
20 31
114 250
13 90
16 173
34 242
196 218
188 259
64 269
182 198
46 91
179 272
35 168
6 49
29 284
64 118
99 267
142 193
48 146
56 185
1 76
34 272
19 76
173 196
18 118
48 109
34 51
87 277
41 55
33 100
28 254
61 98
122 124
75 239
71 164
168 265
24 90
202 257
29 61
23 268
2 35
121 229
14 245
162 271
248 280
206 265
110 129
43 127
46 271
16 257
158 194
45 154
54 208
106 191
108 188
168 242
62 127
114 174
45 120
109 173
63 259
129 157
23 82
126 255
15 221
27 225
5 141
37 284
189 283
183 202
122 213
22 284
94 217
68 249
40 91
1 101
37 152
6 36
72 201
8 74
223 237
217 258
266 272
206 241
9 130
88 251
204 206
37 120
141 256
52 138
37 186
144 265
180 226
54 99
64 260
150 174
21 33
12 261
109 272
158 212
237 272
85 110
85 236
174 267
174 246
149 264
65 145
166 230
198 268
21 99
23 219
152 190
40 241
245 248
109 185
196 264
35 210
16 65
1 220
26 169
155 283
41 46
111 206
211 238
173 271
25 146
120 140
157 270
188 231
40 149
163 255
59 240
165 268
46 66
182 188
88 121
157 245
108 242
219 283
120 204
115 161
34 224
111 125
19 90
13 218
95 215
2 23
33 170
26 101
162 238
102 283
213 228
3 15
109 171
12 223
147 271
89 254
197 273
66 68
165 181
211 263
31 201
46 127
50 181
114 268
1 209
83 84
31 194
161 267
203 207
14 172
33 252
48 155
214 227
109 233
157 249
183 192
16 269
9 46
11 125
152 230
33 185
18 177
111 208
117 246
158 222
155 167
74 239
160 255
67 191
238 257
61 259
49 173
38 131
71 188
54 271
95 231
99 211
42 211
15 167
267 279
0 105
2 182
84 98
151 212
55 168
9 125
9 248
90 135
38 240
19 173
56 72
133 181
78 128
7 162
64 152
28 41
7 181
144 173
27 155
170 178
144 214
4 168
126 147
33 49
63 235
8 262
28 93
94 238
20 49
87 126
2 45
118 181
112 174
203 247
177 222
48 175
155 225
100 236
27 113
60 85
132 256
104 249
100 199
197 204
33 111
53 132
96 273
72 196
44 237
181 212
59 254
186 257
54 125
41 123
14 283
11 248
203 242
48 206
116 145
67 278
58 143
122 272
130 134
63 88
128 158
241 265
109 277
51 137
17 93
58 140
51 278
136 171
128 167
16 60
42 283
9 198
4 241
53 245
74 236
161 194
39 231
91 182
194 250
174 178
175 242
30 191
111 199
92 267
40 205
48 58
197 251
92 245
230 235
56 88
109 222
118 251
115 148
69 198
11 202
16 237
110 180
58 154
67 161
107 121
30 244
21 208
91 179
97 105
127 235
45 236
193 273
63 256
58 87
92 192
22 38
2 216
92 109
114 148
105 242
47 100
141 167
62 218
75 99
6 225
99 229
180 274
156 244
27 72
74 249
116 121
84 217
157 209
140 144
3 194
109 235
83 155
169 181
118 180
94 269
41 148
69 224
57 182
132 209
144 177
51 63
155 236
271 273
81 259
66 227
118 267
104 148
115 250
103 268
76 150
23 228
55 132
73 214
178 209
144 226
89 95
27 261
36 165
175 209
49 95
55 74
27 254
61 66
176 189
28 210
44 220
41 204
171 281
38 132
129 261
39 66
240 251
49 76
103 217
34 191
11 26
180 201
11 104
258 262
112 187
48 168
47 70
88 202
83 279
210 274
91 188
127 160
126 211
222 247
76 215
1 147
63 184
47 148
15 70
98 151
34 77
51 61
9 168
112 114
133 255
7 65
76 247
67 119
92 204
141 257
80 217
164 165
38 168
129 246
34 37
96 179
57 173
132 249
140 193
93 260
69 155
61 256
3 31
64 141
9 80
188 253
171 217
151 195
242 251
64 275
65 254
123 225
64 264
84 239
101 192
9 101
75 172
134 224
188 194
104 141
70 109
268 277
104 203
211 229
2 226
183 229
14 278
205 253
52 239
40 196
108 260
17 132
77 145
108 202
160 198
45 86
83 110
93 187
216 222
250 253
55 101
14 275
178 282
57 254
18 56
67 147
222 249
14 150
115 276
93 211
14 107
41 60
203 230
116 148
58 255
195 222
102 178
43 283
70 116
47 255
145 150
182 239
55 221
23 60
59 87
199 220
197 234
121 185
250 251
46 220
142 241
119 155
170 225
142 237
32 169
114 212
243 265
36 127
85 271
108 249
5 111
50 239
159 211
103 226
140 269
174 206
30 111
164 185
76 134
53 189
94 237
114 273
7 262
235 252
98 144
0 219
74 269
117 242
24 278
39 123
66 101
52 190
61 202
232 260
180 257
154 239
182 214
123 167
99 195
119 162
37 121
4 248
79 240
27 274
195 228
93 164
155 171
207 266
4 15
98 259
163 196
110 150
103 137
12 251
86 197
135 142
37 221
226 284
50 229
82 254
5 193
200 247
1 215
12 183
1 212
5 130
17 238
106 224
34 52
122 140
227 256
169 260
134 176
65 161
14 104
12 165
88 213
84 97
151 227
18 29
65 222
141 166
140 212
27 79
59 159
114 261
10 170
63 115
163 185
94 183
100 195
36 50
171 250
10 57
39 257
178 273
152 279
44 50
27 154
104 116
140 253
161 185
67 214
104 170
99 226
92 118
4 208
26 70
9 243
41 180
12 249
48 113
53 133
68 203
207 238
205 243
170 232
142 283
162 204
9 28
102 242
218 235
0 62
188 206
142 259
19 65
61 283
5 216
169 245
87 212
92 198
188 271
50 134
76 226
65 78
22 190
116 186
192 217
73 183
46 103
13 222
9 200
11 203
30 104
247 255
52 221
64 147
80 121
161 255
93 254
26 93
105 181
30 212
2 31
177 189
95 199
139 156
200 263
214 266
12 196
162 166
33 189
40 54
62 279
13 95
55 144
28 97
28 263
0 122
195 267
145 185
41 228
197 274
41 212
70 208
147 274
84 185
50 195
202 233
94 276
153 251
61 264
75 258
137 154
271 278
12 222
242 275
165 243
46 108
136 190
70 201
15 57
26 31
33 139
40 173
31 132
14 222
181 231
82 200
115 273
47 108
43 235
47 163
96 182
27 152
253 265
128 143
195 227
223 238
50 130
57 233
40 177
169 206
7 104
91 129
13 271
146 273
25 26
61 209
66 210
152 202
59 264
16 134
172 190
13 164
131 259
72 236
32 193
222 277
13 208
176 213
90 191
91 162
57 273
219 220
126 240
66 171
103 206
4 87
149 210
224 266
225 234
94 118
3 186
193 269
142 185
24 258
16 199
57 142
57 133
81 186
218 266
35 251
135 247
29 259
84 146
154 215
30 53
132 193
105 113
43 158
31 249
125 144
83 165
11 260
30 156
12 18
29 234
59 83
263 278
65 153
47 137
9 54
41 229
106 171
200 207
211 254
119 163
184 199
103 242
124 176
157 205
113 235
52 273
65 194
94 163
42 203
155 239
66 84
15 245
39 132
212 222
50 123
176 231
125 191
70 211
79 183
214 267
188 272
260 279
164 221
57 184
82 222
37 50
96 201
125 205
13 211
149 231
196 215
22 116
35 209
101 113
125 242
15 32
191 254
15 124
49 182
58 79
84 152
77 270
10 111
83 162
118 260
120 121
182 269
179 262
190 197
10 273
143 146
217 220
63 118
182 204
276 280
52 162
193 211
38 226
229 279
61 103
84 179
188 215
51 198
101 158
135 157
61 235
27 60
52 100
40 266
177 270
11 149
122 184
101 278
83 269
123 278
8 61
121 156
156 185
181 269
47 168
207 243
16 188
10 269
5 265
12 39
165 258
36 173
3 253
19 243
229 275
149 228
224 265
170 224
42 123
62 71
139 241
4 80
215 262
72 104
127 170
78 277
30 140
43 176
179 198
163 253
222 271
169 265
95 251
183 187
108 179
28 232
141 229
179 259
113 261
75 90
124 210
38 167
222 253
161 237
46 164
51 168
18 182
51 219
194 217
71 117
82 93
21 98
60 157
209 264
8 251
56 64
130 182
238 262
215 217
13 94
37 268
108 128
128 248
53 126
208 222
192 239
140 157
10 103
110 143
4 68
202 218
99 130
30 96
204 221
109 226
96 212
71 96
52 250
5 269
195 221
50 205
96 210
81 123
216 237
187 247
175 214
60 222
91 223
105 212
92 142
32 98
6 264
12 175
277 278
64 106
7 183
231 254
77 206
151 198
55 247
128 132
73 235
124 139
131 226
182 222
62 257
30 269
107 114
84 238
124 273
203 220
101 147
47 284
90 270
43 76
96 176
178 227
26 199
163 232
76 87
31 34
122 153
5 45
208 251
21 61
102 233
107 152
121 209
172 218
29 136
26 273
64 123
147 151
133 139
248 274
74 252
3 67
114 173
109 257
39 131
31 121
68 76
167 176
179 211
124 170
231 281
25 90
3 264
120 196
36 149
5 283
165 250
187 200
83 141
113 144
185 260
3 94
53 211
46 212
20 135
140 222
5 54
79 137
112 138
177 223
77 266
34 148
219 284
17 128
9 143
106 195
60 119
196 252
78 228
190 204
148 270
57 230
52 65
23 109
115 227
64 77
171 268
48 60
84 180
64 86
42 270
47 247
24 158
93 200
136 256
12 49
59 63
86 183
83 178
220 261
98 278
232 265
96 131
104 281
9 215
22 65
131 282
160 204
81 283
136 144
73 186
163 191
84 220
155 218
24 168
139 284
198 256
184 281
120 222
53 282
64 163
64 279
20 246
18 152
243 244
224 268
60 92
134 206
18 90
55 279
3 66
24 140
29 208
21 275
91 185
87 150
79 85
66 197
148 226
132 191
56 77
173 184
127 158
145 210
129 145
177 178
114 165
54 279
105 208
95 150
37 227
82 95
129 248
118 275
124 282
84 284
8 28
133 154
114 281
164 279
31 206
94 228
148 202
25 61
134 207
13 179
11 159
217 246
53 163
172 271
112 128
184 249
12 60
13 129
35 234
129 195
72 83
15 159
86 128
227 240
143 218
20 222
66 172
183 194
73 115
74 143
182 205
117 188
13 123
36 266
9 281
51 129
36 131
174 208
138 161
4 146
82 113
238 271
0 70
122 258
163 226
218 274
117 178
207 248
61 144
23 284
73 277
167 230
199 202
46 252
150 220
54 112
155 166
0 42
86 112
88 179
133 151
173 206
119 161
28 182
117 226
92 172
56 136
75 111
68 147
108 116
145 239
240 256
125 203
93 226
3 53
21 146
217 268
181 251
114 267
48 50
91 281
162 244
72 88
249 269
146 278
74 110
77 264
167 200
101 107
14 40
157 248
109 166
25 116
18 139
6 145
139 232
181 208
37 271
126 173
172 264
29 167
117 149
70 195
135 208
17 188
220 262
43 203
125 214
39 191
70 89
117 121
4 196
82 191
174 257
169 172
42 145
60 171
42 100
178 198
221 230
139 164
130 274
12 115
62 230
49 203
122 158
97 264
25 135
58 135
83 235
170 239
22 104
207 209
126 175
15 218
52 238
61 174
11 256
4 56
184 206
32 109
27 116
78 160
181 266
105 278
129 236
92 157
132 138
31 120
138 174
68 181
61 284
222 233
26 152
89 123
8 26
23 156
85 190
147 166
226 267
15 18
171 220
18 45
111 207
108 109
81 99
73 181
103 142
27 173
82 176
43 256
98 124
80 276
131 281
1 228
177 181
241 284
41 267
25 168
89 181
73 184
5 35
32 252
38 219
102 244
59 211
85 86
45 103
176 218
86 167
40 219
2 132
152 182
61 221
130 172
106 154
215 284
68 91
9 163
237 247
155 245
176 183
40 186
96 204
171 194
153 284
45 168
45 153
35 174
33 234
40 71
150 190
31 160
57 87
88 265
35 65
167 218
51 113
94 169
85 220
46 242
193 245
112 277
65 111
49 140
42 51
16 93
191 234
34 106
125 257
170 209
73 225
10 278
146 230
87 160
20 173
181 234
63 243
154 161
215 268
111 222
76 100
180 222
210 252
228 262
200 244
103 282
75 277
109 111
147 188
114 195
159 202
195 254
166 213
42 133
185 263
122 255
63 79
83 121
88 260
112 151
66 190
47 81
39 229
120 186
81 252
147 219
150 240
115 240
12 188
103 196
91 189
120 223
6 78
113 219
83 234
10 52
46 144
19 49
66 108
216 258
197 231
129 204
193 268
197 217
158 196
120 182
147 282
149 179
139 217
43 229
25 130
91 155
50 232
69 171
26 202
16 148
148 213
212 242
131 217
25 124
100 172
56 278
33 107
111 174
69 73
37 180
245 268
269 276
46 186
55 280
194 265
40 253
135 161
8 190
98 198
122 183
15 61
11 68
134 213
87 263
58 236
43 274
71 190
155 229
9 173
140 221
46 172
55 79
32 131
210 216
54 266
256 258
24 150
4 254
65 242
45 269
53 188
34 165
60 196
274 279
92 196
43 57
109 215
207 239
215 280
64 96
16 198
15 22
113 172
120 281
32 58
28 278
99 236
14 268
98 160
208 244
2 96
112 191
151 277
258 278
33 62
70 95
171 260
83 212
111 120
148 174
42 264
253 256
48 182
156 261
186 216
131 159
165 241
135 175
26 196
46 114
164 245
126 224
34 73
123 208
109 124
6 64
252 257
237 261
139 140
78 117
88 110
146 208
191 256
84 256
2 186
10 76
100 274
196 228
116 199
135 147
63 148
74 112
231 263
131 284
116 247
118 261
1 198
126 264
59 214
55 180
23 153
153 213
25 27
37 233
222 263
147 162
138 279
57 270
32 178
54 100
63 166
150 226
10 152
99 208
41 164
201 231
23 214
90 153
204 272
109 205
123 242
99 223
77 215
33 157
152 180
60 141
52 87
162 234
81 275
55 109
7 268
72 164
90 186
15 41
12 124
32 205
11 29
83 118
101 127
29 148
84 283
16 193
12 280
151 210
57 97
87 125
169 215
199 283
163 257
102 267
56 61
128 146
103 202
149 256
51 74
130 281
39 171
225 284
71 123
44 69
97 226
181 224
34 88
70 79
212 272
86 269
21 118
66 177
15 210
145 194
79 98
27 256
226 243
60 249
118 130
94 273
4 92
219 242
28 227
49 152
10 97
74 266
43 189
118 244
77 79
139 260
92 168
160 250
31 277
138 233
63 175
12 263
98 175
2 53
86 244
23 175
96 137
7 223
40 77
174 193
35 53
122 169
52 218
201 239
144 154
175 263
24 100
12 229
182 196
16 94
128 148
186 192
66 199
12 199
131 180
70 183
79 82
2 232
181 184
29 179
237 257
235 247
10 204
39 273
7 145
71 242
64 231
127 138
188 282
53 277
148 268
181 213
42 225
27 175
0 241
171 174
64 139
58 231
256 280
16 83
32 107
128 172
167 194
86 283
177 283
158 211
92 242
157 282
270 284
9 164
75 127
50 210
20 200
53 159
141 209
6 13
150 235
161 171
166 217
176 281
215 252
61 132
86 144
166 174
77 181
1 140
69 93
180 233
175 217
72 99
251 277
7 228
94 119
78 115
31 216
64 98
204 277
127 156
19 150
28 129
191 235
158 223
30 229
197 206
184 267
23 128
81 84
11 234
37 62
160 167
142 212
142 162
19 86
108 137
70 115
57 96
13 258
150 219
63 94
60 194
170 256
257 282
26 68
114 178
58 260
107 171
19 154
3 204
40 154
4 157
57 123
220 238
19 269
150 239
8 43
5 59
121 249
126 280
88 178
10 260
164 203
40 172
88 206
41 203
99 266
49 70
166 228
168 279
124 143
34 67
235 270
44 130
27 145
152 283
92 113
87 113
36 125
36 245
159 180
106 207
125 228
247 266
239 255
6 276
67 199
147 185
22 271
24 255
0 95
42 223
57 200
67 252
27 265
53 83
231 270
49 226
8 100
67 196
41 134
99 145
196 222
67 163
173 268
171 284
65 86
24 186
67 240
52 180
66 228
118 253
47 128
231 237
83 245
4 33
209 216
50 129
37 54
54 175
47 170
118 208
2 44
74 261
34 58
64 268
76 113
25 177
94 246
65 91
197 244
221 226
11 39
127 174
117 181
3 60
168 249
138 212
95 274
151 177
185 242
214 274
81 235
31 233
62 146
54 119
179 220
49 94
104 217
4 130
202 266
156 231
31 41
56 260
154 281
262 281
105 171
73 188
67 160
192 283
203 205
53 254
79 139
0 279
200 240
12 254
44 277
113 276
109 249
224 248
86 162
27 127
45 267
255 264
67 130
128 264
75 197
107 188
139 265
28 52
17 86
79 181
69 201
18 77
49 262
193 272
10 209
62 131
57 161
102 132
111 262
83 244
99 239
147 281
0 68
18 178
125 256
26 253
269 278
86 187
61 164
165 272
30 129
130 284
78 250
39 235
48 107
157 269
70 158
25 133
38 244
3 200
182 202
138 193
128 254
18 204
34 143
186 266
53 137
278 279
1 33
64 82
126 268
38 271
24 221
112 175
10 28
87 96
61 117
210 260
18 70
22 265
34 98
235 258
178 279
46 246
11 38
103 275
60 231
32 125
15 49
77 267
109 243
3 159
37 151
173 203
106 137
11 51
155 179
4 277
21 39
218 220
14 233
48 204
217 248
53 95
8 101
6 170
3 146
150 202
46 156
21 130
112 243
40 152
119 279
4 135
95 100
117 198
151 200
32 152
7 260
172 230
62 84
92 262
24 99
60 64
166 247
120 133
112 216
18 229
180 275
198 215
58 217
2 12
46 94
186 276
40 48
31 108
78 220
69 129
46 101
208 235
26 237
159 221
39 188
45 133
65 203
123 237
237 277
24 244
258 261
184 193
56 123
12 152
59 281
53 173
70 107
42 177
51 174
126 260
13 134
6 135
220 244
31 225
24 94
123 234
48 209
21 141
164 223
187 265
115 249
238 279
58 89
115 259
47 74
134 261
183 236
91 248
196 253
111 153
29 83
28 262
66 185
9 222
39 112
102 259
172 284
75 281
33 153
57 256
186 232
23 248
249 258
9 118
38 48
9 207
123 169
43 126
66 88
104 234
147 241
17 112
11 275
77 127
83 192
11 66
260 262
148 156
26 225
84 265
53 121
204 269
152 225
85 193
29 73
12 168
75 78
31 210
3 173
120 193
200 248
29 185
56 276
25 254
3 23
233 264
103 125
160 195
25 173
175 265
91 242
80 204
59 275
42 96
196 221
103 264
27 150
11 211
64 108
59 115
32 203
194 229
143 260
27 121
189 229
110 120
105 267
180 271
146 220
82 213
178 217
64 197
235 251
267 272
94 251
76 234
21 168
219 280
204 229
162 227
107 269
22 95
5 51
2 78
54 151
19 110
72 90
15 123
20 43
30 195
181 227
213 215
8 157
31 140
170 200
23 217
113 271
181 275
40 233
4 183
53 283
104 279
19 250
65 227
1 153
102 204
126 158
1 265
75 232
225 278
121 278
212 234
19 249
241 278
206 281
190 283
101 214
70 277
148 160
67 110
179 284
88 183
34 275
155 220
42 195
158 239
54 148
106 262
109 266
49 89
232 263
173 181
232 258
236 240
74 89
136 169
8 205
5 170
73 172
153 217
109 179
158 258
91 212
65 95
108 181
68 219
117 261
27 83
3 20
183 185
211 256
142 257
112 229
182 211
14 113
131 155
23 152
114 135
94 204
99 182
238 248
168 176
88 241
9 276
19 125
68 221
74 198
153 163
65 243
30 281
60 241
127 192
95 283
47 116
27 194
18 164
63 139
25 55
91 283
71 275
11 99
221 260
11 120
254 261
23 231
103 200
78 186
167 232
106 238
37 160
14 237
89 190
58 283
150 264
80 149
13 227
123 153
41 161
27 168
46 215
214 247
34 175
101 233
158 282
176 225
120 219
14 72
181 277
64 202
96 152
137 181
117 134
165 225
3 278
95 195
215 250
63 196
51 122
84 234
102 141
65 73
27 266
198 204
138 186
150 179
204 235
8 214
224 245
260 264
126 193
215 218
44 153
23 146
61 275
163 202
147 195
176 204
38 220
23 101
6 150
109 147
44 260
13 69
7 180
116 261
24 183
14 128
86 236
131 242
43 222
104 143
88 277
41 199
23 115
30 250
85 135
38 149
240 250
172 275
113 220
83 208
47 86
25 126
80 186
44 234
114 214
247 265
1 38
67 200
14 54
34 43
129 153
113 279
267 270
50 64
0 141
135 187
99 155
54 75
95 228
51 196
179 233
94 112
108 244
97 183
132 267
149 160
30 78
33 229
146 269
97 268
32 213
23 162
75 161
107 273
32 195
19 102
102 218
145 237
156 280
170 196
128 199
10 217
1 217
22 70
15 259
205 281
211 282
262 276
110 201
77 165
204 234
69 190
207 211
136 283
91 284
161 208
132 213
50 228
54 277
88 234
33 280
125 260
61 106
51 235
96 251
30 121
5 279
159 160
193 258
148 276
126 274
54 154
31 196
1 252
15 71
78 120
179 213
62 188
108 133
76 114
113 145
59 269
151 199
193 238
80 283
180 199
183 256
21 55
48 231
187 266
36 87
37 64
40 107
77 92
80 127
71 197
102 185
13 16
212 235
201 224
38 204
0 200
60 94
62 95
48 49
26 245
10 69
180 262
0 234
141 205
133 157
165 211
151 230
111 228
76 243
162 197
119 195
57 164
60 138
216 280
117 262
149 232
96 219
30 36
45 194
104 161
136 236
115 280
110 131
65 257
108 144
76 223
173 281
127 279
146 253
111 234
74 264
103 216
60 183
18 276
91 126
2 26
113 134
181 221
19 262
207 217
18 280
216 278
29 164
10 216
37 59
205 218
172 173
135 166
132 194
2 223
23 215
20 185
188 195
26 249
206 282
98 261
109 270
10 118
102 111
6 60
143 148
38 276
167 213
10 104
147 218
178 267
41 142
4 194
44 175
70 204
175 235
172 246
51 90
138 149
129 265
6 157
166 216
132 161
67 198
28 284
32 162
4 274
15 276
70 262
31 223
139 205
76 219
0 46
226 270
8 96
11 90
218 257
97 120
45 212
36 203
85 228
83 156
75 261
36 231
2 74
95 234
91 170
85 183
161 276
178 266
62 226
85 141
53 89
24 207
105 124
55 242
207 213
21 89
40 56
54 256
125 274
126 216
46 171
7 242
98 240
238 244
6 217
168 254
24 82
98 267
71 185
2 163
269 279
3 235
21 34
95 162
42 76
2 39
53 152
0 253
13 96
190 227
31 204
135 215
91 204
135 244
214 215
0 215
184 264
26 270
32 62
177 256
3 269
57 235
107 137
41 188
52 69
134 175
126 200
40 256
41 139
129 132
64 242
150 277
42 69
107 128
81 194
237 256
19 149
9 239
147 187
35 283
79 197
101 259
36 122
138 246
3 123
165 189
67 283
80 128
103 253
77 146
33 124
186 205
120 200
121 276
16 200
252 262
64 65
91 105
39 192
53 82
143 240
101 206
19 160
74 282
167 216
100 211
185 208
103 259
143 155
59 200
80 151
101 133
23 107
105 163
260 269
181 240
90 244
159 258
16 55
18 32
2 63
120 269
45 191
22 241
157 239
200 231
73 74
61 247
36 214
117 265
119 268
161 246
37 232
204 205
201 253
217 250
22 230
140 258
115 151
60 99
208 276
76 106
90 216
31 147
96 133
121 258
62 173
211 224
197 258
122 247
40 165
113 223
127 203
177 185
66 142
121 139
24 185
227 265
21 238
25 128
165 235
70 142
53 261
88 165
172 255
12 123
33 178
112 238
48 142
154 177
0 138
8 17
47 219
160 206
19 210
19 185
166 200
17 47
182 189
3 39
29 230
8 204
99 247
36 91
31 106
86 227
100 263
85 123
224 273
197 282
233 242
29 96
124 229
77 115
108 214
75 85
70 278
122 137
132 262
23 114
247 278
58 83
47 119
215 266
169 273
62 265
135 220
65 133
58 168
166 237
71 118
90 253
118 187
69 181
54 171
60 179
145 277
58 267
55 146
101 251
117 232
38 75
67 89
24 132
104 112
217 263
97 199
88 182
81 137
17 100
49 103
21 189
85 273
195 229
168 267
68 229
9 255
99 227
194 244
45 208
0 197
13 65
54 239
32 248
112 223
135 278
6 162
114 238
29 229
189 218
37 126
175 271
0 165
62 122
33 40
70 268
33 169
78 166
99 142
159 165
159 168
43 185
28 202
5 199
251 271
2 203
211 220
109 130
193 212
34 115
88 230
35 69
94 124
31 214
41 72
211 258
40 69
23 48
8 145
21 174
208 261
122 138
207 220
7 67
102 212
86 157
21 152
16 57
197 203
89 136
106 168
69 217
10 173
220 243
31 51
174 219
10 201
80 145
45 268
49 210
14 214
237 278
78 204
86 155
139 198
55 176
9 262
202 236
127 171
37 216
171 264
76 237
87 236
174 198
232 234
6 147
37 65
97 179
133 187
3 55
37 104
70 181
168 281
80 236
66 188
223 267
51 269
102 104
84 105
36 65
6 144
251 257
155 196
123 129
75 193
51 216
126 266
22 205
99 184
38 199
82 149
26 262
38 100
13 103
34 129
52 73
31 67
145 153
54 111
140 183
123 243
8 116
208 243
7 148
166 267
172 272
42 107
105 276
124 177
224 232
103 229
6 171
157 178
136 207
23 77
276 283
7 15
233 267
96 98
95 254
136 145
63 147
110 253
8 151
7 88
148 207
9 167
126 253
261 273
96 189
55 141
70 255
28 184
117 164
24 200
80 228
14 143
19 235
65 77
234 235
202 214
151 254
89 160
157 207
110 254
151 205
24 233
123 180
142 148
99 110
1 70
187 196
17 46
238 277
213 268
194 252
54 246
194 242
244 264
90 171
200 283
229 264
113 174
30 89
27 190
145 167
181 220
99 251
30 71
35 161
98 154
54 270
15 33
149 254
66 255
23 218
123 217
35 278
77 202
27 128
172 202
95 261
156 169
39 164
1 128
66 184
3 138
17 268
252 278
45 185
13 239
82 249
45 59
112 199
99 102
84 273
4 263
64 162
26 201
47 180
133 277
97 122
164 253
16 192
69 156
61 186
104 225
10 85
74 228
195 249
123 262
185 200
111 280
77 268
268 270
57 252
129 141
125 200
54 182
125 273
7 121
26 82
0 262
177 219
85 208
66 160
11 71
38 210
35 125
231 241
50 55
83 205
129 282
45 228
137 188
240 267
58 179
45 159
193 221
224 225
139 239
28 39
9 153
82 84
115 279
187 263
122 150
135 202
191 250
11 85
72 232
40 63
11 195
38 200
212 249
5 250
188 220
234 248
63 137
9 69
74 75
139 270
117 249
30 47
38 170
122 197
46 72
24 91
199 204
68 113
276 279
41 277
62 207
129 168
127 254
34 223
61 79
21 57
65 182
16 117
176 272
218 252
78 90
10 241
193 267
134 229
150 152
173 229
33 231
15 236
97 158
44 245
7 248
262 277
142 250
186 244
136 275
233 270
63 217
76 168
21 216
244 260
3 115
35 52
68 154
23 203
122 168
76 252
31 260
144 184
100 267
4 102
19 174
116 119
21 112
8 139
101 244
167 224
118 147
187 250
173 261
103 144
23 265
125 163
120 265
189 221
213 225
41 120
43 177
178 218
123 192
29 163
45 66
4 198
249 274
16 45
148 210
62 274
65 256
197 260
56 125
98 273
115 181
158 217
32 240
87 227
33 196
46 56
198 236
138 206
25 237
200 279
82 172
67 241
17 76
25 48
82 169
103 230
30 124
18 189
151 201
114 162
25 246
43 170
152 218
41 144
109 284
75 205
133 250
70 71
10 93
94 198
5 27
182 186
152 262
168 189
24 280
177 273
63 222
52 280
133 170
99 265
81 120
132 237
26 51
96 170
103 266
33 41
106 122
73 143
71 198
124 236
145 284
63 70
13 40
212 257
12 144
1 60
40 116
87 105
59 236
166 218
242 266
37 193
61 172
13 27
13 231
112 221
28 177
154 271
40 137
56 69
54 145
11 83
118 149
128 276
24 30
16 209
110 209
129 276
124 202
88 281
70 253
88 181
98 254
122 219
87 268
153 225
235 261
161 224
6 102
158 187
79 250
117 275
104 144
14 273
56 105
8 269
148 179
228 273
54 224
128 237
64 209
30 267
65 238
115 144
21 142
3 95
46 244
35 207
48 173
177 252
86 177
26 46
72 213
103 270
65 199
38 218
177 260
103 134
161 249
125 238
83 240
106 280
53 100
60 140
3 246
133 177
96 217
14 246
32 185
182 213
29 67
90 240
77 156
137 277
84 272
76 210
126 202
92 208
156 171
231 250
85 250
12 103
82 96
156 277
207 274
209 224
72 158
145 257
67 87
129 249
40 170
40 99
114 141
67 184
27 247
44 91
2 187
77 209
43 99
58 279
14 19
3 230
179 182
186 197
92 187
39 183
74 272
15 282
66 107
74 191
111 155
84 148
118 218
14 244
113 248
123 224
70 83
149 213
125 185
137 242
32 284
158 173
57 213
172 194
124 240
131 206
30 166
140 268
52 267
38 248
162 200
75 162
251 279
138 249
120 181
81 232
64 188
73 199
4 247
62 63
42 280
209 257
122 186
54 234
14 100
218 221
23 154
181 191
194 239
42 86
156 178
70 271
239 262
32 189
18 102
112 254
35 271
33 255
153 179
200 262
16 180
0 184
25 275
100 229
156 254
90 185
154 167
74 125
21 133
98 188
12 72
91 269
90 277
17 49
184 282
240 247
102 169
90 219
67 188
172 266
33 76
21 29
168 250
48 125
108 275
21 86
165 221
139 227
175 275
100 193
19 201
102 264
29 102
28 132
60 86
17 228
187 223
165 222
159 191
81 94
72 157
18 91
165 210
20 98
10 158
113 158
212 230
56 266
67 284
77 174
138 175
225 235
87 170
44 158
57 106
79 172
67 148
79 153
227 236
120 123
71 85
0 113
9 144
46 210
250 256
146 175
233 266
84 141
86 278
72 207
117 233
212 256
211 284
36 225
230 254
73 203
141 269
166 197
24 122
105 203
240 268
66 112
59 231
57 178
141 154
147 229
79 92
1 111
37 100
6 211
163 244
108 127
108 206
52 173
21 75
27 245
22 98
54 155
216 260
39 200
161 284
93 245
105 257
36 83
126 245
0 76
17 65
29 37
1 248
98 99
177 201
44 154
136 264
54 232
84 184
10 125
180 235
103 115
36 254
34 76
198 229
2 9
81 256
199 272
91 167
54 272
125 151
141 274
126 226
79 90
44 76
59 178
144 274
60 81
121 270
132 160
5 161
99 249
142 166
69 114
112 224
27 170
95 279
93 261
70 152
183 217
123 264
131 248
13 206
5 117
25 284
15 230
125 135
6 72
127 252
84 266
107 261
143 169
2 122
94 160
93 248
7 199
77 122
65 281
51 274
110 165
85 188
74 171
67 107
25 255
68 190
129 150
85 233
210 240
44 173
72 119
16 175
185 255
88 159
78 268
208 257
161 271
89 147
103 233
186 258
46 131
126 259
251 262
120 157
5 263
52 172
19 197
65 92
99 198
172 262
90 161
28 186
84 119
56 243
18 187
228 243
7 171
219 261
97 132
67 262
67 79
67 146
100 156
42 108
77 135
203 221
253 269
21 135
61 280
0 75
12 43
14 86
160 216
18 130
23 88
150 232
30 112
24 85
67 254
127 256
64 177
6 54
224 259
140 256
7 131
33 208
44 141
258 265
228 248
21 255
27 92
122 155
173 241
210 241
10 190
143 252
260 278
36 152
72 238
13 137
113 262
105 260
185 213
127 199
1 255
31 172
138 195
191 196
89 175
248 249
115 209
147 203
3 170
15 64
38 60
249 256
152 274
38 110
26 183
69 143
52 86
150 176
124 185
261 276
45 200
78 156
116 260
13 155
177 192
126 246
128 186
61 150
173 279
73 128
15 53
162 268
37 190
253 276
55 158
48 180
38 59
210 253
95 259
15 267
96 147
199 259
139 283
225 267
38 253
47 228
111 163
91 156
12 44
119 269
15 250
252 281
131 239
171 218
158 206
177 198
28 78
28 225
117 155
94 102
149 188
20 264
107 227
155 259
81 237
34 283
65 131
9 36
152 236
2 24
66 196
170 174
32 42
4 151
15 138
24 88
42 112
74 260
121 200
258 283
25 184
100 177
159 234
143 236
2 281
66 223
36 284
75 130
9 70
272 273
80 133
112 129
15 226
55 116
95 282
157 217
189 243
157 266
12 264
147 196
201 252
58 249
68 210
94 126
95 174
239 242
120 147
128 175
56 121
230 250
8 275
116 168
27 59
109 268
126 218
40 97
68 92
24 224
44 190
236 275
87 232
20 188
104 254
88 161
89 92
237 270
32 76
1 214
8 48
72 153
167 252
128 163
63 193
52 156
34 50
16 28
114 280
75 275
143 277
79 220
61 243
50 113
27 32
4 139
98 217
50 86
53 162
87 217
121 255
94 244
107 248
148 191
64 156
6 62
120 197
75 188
3 112
101 152
152 194
8 18
39 108
15 74
37 139
22 93
112 184
63 266
67 150
0 106
149 236
28 148
236 244
96 198
74 275
69 150
173 176
92 263
141 159
120 245
266 274
203 275
24 44
138 176
9 229
127 180
19 166
38 153
196 269
28 49
48 93
88 123
8 259
52 141
139 202
33 244
36 44
161 168
89 195
157 208
40 161
105 271
51 151
115 201
175 216
123 227
33 140
90 229
254 279
58 262
200 274
17 102
211 233
11 45
123 176
31 47
84 106
142 187
23 239
29 262
179 186
195 269
114 221
154 283
1 105
204 255
139 204
125 225
126 222
214 238
96 197
74 216
140 263
121 280
13 180
67 247
158 236
234 259
40 231
173 283
191 210
230 237
0 229
97 210
32 208
16 92
169 234
128 177
188 198
59 132
118 269
68 135
130 215
210 217
26 90
130 266
104 221
220 240
180 202
135 222
227 272
152 227
159 182
34 137
104 140
89 277
90 282
8 14
92 265
200 209
146 248
104 210
28 64
101 216
76 211
52 115
214 222
59 204
171 282
91 119
113 203
27 269
35 206
123 183
125 268
58 120
16 66
31 107
133 152
60 178
194 234
60 268
121 246
35 171
172 186
194 206
208 239
191 219
219 278
7 233
72 133
32 216
107 255
216 224
58 282
101 275
185 278
143 153
101 153
209 262
73 229
92 269
114 234
2 157
149 165
41 243
23 216
151 181
103 207
62 221
174 232
6 120
91 228
171 239
10 101
125 148
142 151
112 240
147 211
200 235
165 257
40 64
64 191
148 279
21 284
234 242
8 146
24 159
97 249
190 237
16 121
81 151
21 207
71 214
250 268
78 141
11 69
9 277
201 208
7 78
11 198
82 182
42 187
116 167
0 242
62 172
66 89
184 283
36 112
179 268
52 102
71 199
241 244
163 220
25 155
158 218
107 243
183 195
47 84
184 218
56 154
68 277
109 141
12 107
272 274
5 23
22 281
164 233
98 211
66 95
133 148
87 101
149 173
144 251
59 244
56 58
210 275
202 204
135 257
52 145
3 165
250 278
43 117
89 108
61 195
123 140
67 93
240 246
143 182
53 109
137 179
167 237
130 225
76 257
49 96
102 157
226 277
55 136
200 203
0 283
32 147
9 254
109 149
12 102
27 217
130 162
115 251
0 24
132 180
64 270
72 113
113 273
43 77
9 261
51 244
52 224
61 182
57 253
51 102
96 199
203 283
19 253
55 185
144 198
98 269
40 265
9 95
164 180
115 145
69 194
209 261
25 136
206 245
101 212
80 155
106 188
48 181
98 195
272 283
13 74
48 208
13 99
229 239
30 62
14 206
139 143
88 131
144 159
224 237
18 162
53 276
45 266
110 259
56 226
57 90
191 212
10 261
32 60
69 102
31 237
18 192
42 135
15 284
102 279
147 236
83 113
196 245
146 164
18 244
236 266
36 281
17 271
5 213
27 158
40 141
66 238
238 275
167 214
47 278
168 248
36 79
174 179
247 279
82 259
90 228
5 83
207 219
146 216
13 48
61 226
44 253
34 102
114 276
75 260
12 158
17 58
68 167
89 267
57 102
24 136
100 234
60 146
224 230
146 204
58 63
182 234
67 154
27 67
39 77
39 74
142 220
170 194
154 256
72 165
140 173
70 199
6 65
16 111
116 190
17 84
31 213
80 257
106 114
93 154
13 225
152 174
48 124
107 172
66 90
160 164
254 283
105 250
241 250
178 280
46 110
119 169
193 227
143 274
244 273
62 148
47 179
153 283
167 198
230 243
130 270
249 281
191 277
20 92
176 184
30 118
68 161
46 280
15 190
50 174
93 253
88 273
43 79
117 130
87 104
46 149
5 174
84 188
85 150
53 150
135 229
137 204
17 281
30 202
37 242
153 227
111 144
138 257
95 193
168 223
106 116
59 155
36 219
129 160
32 92
85 172
149 273
252 282
62 181
130 228
188 260
245 284
68 256
77 261
54 132
233 237
84 102
246 283
87 233
127 130
33 131
22 185
0 140
8 231
176 276
182 251
142 251
126 169
166 205
118 265
132 236
10 198
76 232
85 237
15 265
123 137
164 228
152 191
165 252
241 272
30 198
6 20
58 167
21 193
39 263
23 31
51 239
113 269
27 275
26 236
110 218
140 159
68 140
34 267
49 232
61 239
101 213
17 71
220 258
14 36
96 100
184 232
31 37
37 77
2 29
156 198
149 262
67 98
49 179
124 231
78 86
160 185
32 117
63 120
95 137
277 284
125 276
6 266
53 278
97 198
226 227
99 272
11 32
70 246
4 141
168 245
114 187
22 169
121 257
55 87
96 220
42 205
102 143
77 238
43 204
133 232
49 202
15 158
81 89
48 99
168 224
85 112
248 256
82 211
23 67
178 269
71 126
19 177
184 207
60 131
27 213
15 231
100 210
93 156
177 190
190 235
124 161
91 125
93 173
28 214
74 246
141 156
89 145
145 209
91 168
193 256
231 280
38 251
126 129
94 261
37 224
97 223
10 196
75 108
57 243
140 240
77 195
28 192
210 250
138 173
86 209
78 194
13 147
5 202
189 225
99 157
44 208
161 256
155 161
44 252
3 114
29 244
87 142
96 235
155 274
112 211
59 68
61 193
32 190
199 222
196 236
42 220
2 242
73 212
18 134
17 153
142 217
153 156
65 255
35 63
19 27
46 181
38 58
104 194
8 256
169 210
181 186
137 218
146 202
250 273
68 244
60 100
43 240
136 257
135 226
61 168
26 134
72 282
47 246
137 166
78 147
257 277
48 259
35 100
224 282
74 271
19 220
118 284
56 97
109 110
36 255
223 271
231 240
164 200
153 245
209 274
96 253
271 275
33 36
72 283
158 275
33 232
123 213
114 129
254 265
38 54
108 114
58 259
33 54
39 230
96 240
101 155
69 257
173 191
160 165
9 97
101 119
171 215
27 47
137 217
69 249
137 143
22 215
96 104
198 244
229 249
36 181
28 252
179 276
226 271
149 157
53 110
41 89
143 247
17 180
76 98
155 169
13 191
4 217
5 52
83 163
12 99
5 239
173 230
185 283
207 215
66 77
1 73
106 248
178 222
172 183
214 220
13 50
88 153
16 141
110 207
47 190
46 96
185 264
83 86
144 270
224 252
11 116
176 259
159 217
120 176
175 249
97 283
9 272
184 217
49 211
29 191
188 235
103 161
207 236
93 238
56 171
185 219
112 206
21 282
13 60
14 51
169 281
179 199
131 188
135 284
94 101
21 84
140 150
154 223
137 146
0 260
259 272
109 197
49 68
157 223
174 266
59 140
153 200
186 260
195 280
120 163
4 199
29 177
66 91
49 257
129 238
100 102
40 66
101 266
89 244
119 276
71 282
18 215
152 169
205 227
150 206
249 257
204 247
83 183
121 164
143 220
55 186
73 174
180 247
73 76
175 186
115 238
74 279
183 243
175 191
145 201
6 261
122 251
114 205
130 169
142 143
5 162
199 241
215 273
50 256
252 258
23 95
134 160
23 28
14 94
140 201
6 77
27 260
43 254
9 116
182 242
38 125
135 280
131 254
41 155
184 253
75 141
21 132
76 230
209 245
36 251
184 225
22 23
58 124
102 115
181 238
199 233
97 106
186 281
53 187
48 143
268 276
45 90
7 150
30 34
174 276
144 199
270 275
39 70
218 264
72 135
143 261
230 273
40 250
90 124
25 141
114 256
97 257
102 256
242 257
97 192
1 163
34 269
45 262
93 190
91 256
173 212
207 281
170 201
58 127
111 274
24 154
47 198
137 272
46 218
70 241
69 138
16 156
118 242
158 189
15 248
199 270
31 178
97 154
31 238
16 102
53 155
36 192
236 272
134 257
236 237
7 35
83 215
118 129
56 120
136 206
134 282
31 186
86 152
86 93
262 273
34 69
130 236
11 151
46 279
26 277
68 179
23 98
71 108
38 245
25 107
108 224
172 260
223 230
180 238
40 283
111 238
50 271
149 192
165 247
77 113
55 217
52 124
41 206
62 94
125 141
120 239
22 41
166 196
68 133
15 243
133 260
126 276
108 166
16 70
3 28
134 186
61 134
37 125
87 269
157 191
191 269
79 273
7 158
41 62
28 147
81 188
56 65
180 249
145 269
6 275
257 274
87 199
177 238
20 197
49 214
33 164
63 203
67 203
209 235
113 116
128 176
22 26
158 162
86 276
62 80
128 258
129 149
41 43
72 166
92 219
215 234
129 229
127 175
35 265
10 223
6 28
84 123
40 279
0 232
141 185
199 216
0 73
247 253
140 169
135 254
30 114
42 243
99 225
77 112
85 179
72 214
147 233
86 257
138 224
6 23
206 239
217 219
67 217
176 212
165 237
68 98
17 64
5 137
21 80
52 175
44 217
197 226
91 132
96 122
184 212
108 191
186 251
39 212
34 93
202 261
35 226
18 163
101 284
179 265
4 163
97 138
47 141
1 109
23 249
122 275
27 114
68 194
34 186
40 73
26 163
30 256
60 189
225 280
76 180
15 107
76 276
184 209
166 169
166 226
220 257
87 248
53 111
4 174
3 62
223 226
44 261
85 96
6 254
152 199
78 238
125 159
84 149
66 117
94 226
144 195
218 284
210 256
110 175
36 278
95 258
0 135
44 185
75 124
58 200
6 163
28 29
221 282
110 202
125 231
2 36
127 215
168 213
177 215
260 263
3 176
19 237
99 222
30 177
235 279
43 69
11 57
128 238
91 243
38 114
160 237
41 255
93 183
36 105
102 177
104 191
51 179
126 217
17 208
105 125
31 123
59 258
99 179
53 144
142 272
37 81
46 262
120 188
88 126
188 250
215 257
20 119
205 280
52 187
102 222
104 206
100 243
56 81
140 254
23 141
102 269
63 211
64 76
39 245
5 218
202 254
64 88
40 234
67 244
139 208
43 106
180 212
165 236
35 197
128 187
248 275
25 249
91 227
30 238
103 241
32 102
161 268
114 270
144 187
69 176
24 118
118 227
29 227
107 282
78 244
80 170
13 128
44 46
25 111
206 216
1 173
42 124
95 212
181 203
28 270
3 183
32 47
210 236
81 136
121 168
31 240
5 110
139 179
107 162
29 47
145 270
9 44
74 232
92 163
135 242
94 242
103 235
157 278
4 101
144 201
116 263
95 119
0 18
20 155
12 79
165 218
12 252
158 227
21 126
39 145
230 276
77 175
19 64
107 270
75 274
221 235
38 277
31 282
16 169
66 140
64 112
2 245
39 274
87 124
11 176
41 96
241 274
151 154
38 116
156 270
113 230
212 237
90 100
50 263
113 217
29 246
22 249
64 115
0 162
23 37
92 153
73 250
118 220
177 186
79 241
52 53
129 193
141 204
125 220
1 165
69 157
53 263
134 227
228 271
86 207
216 228
50 117
67 100
18 252
50 231
82 157
91 252
11 75
176 233
134 264
52 194
119 266
108 194
249 279
33 105
89 280
76 267
23 254
39 177
60 158
62 77
42 246
31 259
7 69
172 265
86 253
152 185
209 278
110 242
27 57
6 231
10 142
41 154
122 253
38 135
106 111
35 128
236 239
144 188
167 181
154 245
139 195
104 181
17 66
41 178
10 236
239 245
133 161
111 175
47 87
137 267
148 171
104 119
89 144
52 58
124 150
71 192
209 244
17 109
111 176
98 138
55 126
61 244
84 247
147 239
34 208
21 159
147 259
203 229
86 258
95 116
1 3
6 106
5 159
105 223
72 140
100 196
243 254
134 177
39 189
75 142
133 267
141 226
97 248
132 228
61 196
236 277
145 266
97 191
100 129
153 198
155 172
83 153
4 145
65 284
55 91
69 186
136 161
27 188
21 131
35 140
17 149
88 93
24 68
140 261
22 81
24 128
132 210
73 284
25 129
274 280
32 214
144 160
160 187
117 171
158 280
115 120
65 212
120 128
125 207
164 218
35 270
199 277
80 96
146 221
79 146
209 280
86 210
134 214
51 121
4 120
14 200
131 211
87 111
39 156
80 161
204 216
28 85
26 165
135 207
53 255
30 173
182 218
129 164
54 219
34 40
108 126
36 269
233 281
57 146
49 282
69 124
57 92
7 71
26 72
45 61
10 194
72 212
153 197
193 230
151 228
216 250
201 265
197 248
156 158
0 252
23 93
114 284
48 179
159 229
95 243
140 225
25 53
25 149
68 213
200 222
183 251
19 202
122 123
197 240
130 168
105 109
149 259
106 243
160 274
25 67
56 100
24 216
44 211
74 226
123 194
103 247
135 169
202 231
177 261
250 259
38 194
55 229
7 257
93 118
146 239
152 271
115 220
69 238
9 259
52 279
71 77
154 254
97 117
197 280
156 218
53 86
42 81
136 147
5 270
163 200
111 259
44 215
180 261
184 245
127 263
64 120
34 219
20 146
17 118
5 158
84 107
129 184
33 56
47 280
30 59
85 167
165 182
98 120
71 156
105 244
14 181
59 154
66 157
87 207
96 102
114 262
126 207
113 114
12 227
142 210
41 168
73 257
51 252
129 215
152 165
154 274
28 149
168 198
152 188
99 218
7 11
58 70
27 135
22 113
26 246
46 243
156 194
1 80
68 259
213 275
55 193
56 178
82 245
6 58
239 259
210 283
57 59
29 266
154 199
91 246
76 105
13 185
101 263
25 43
1 131
31 84
158 177
65 173
185 194
91 226
2 83
103 191
67 157
124 136
85 165
103 199
145 214
117 169
7 189
210 277
54 167
207 245
115 214
78 190
75 206
158 179
49 218
89 263
214 265
153 263
95 133
210 251
99 121
99 210
113 165
173 215
71 113
8 89
158 221
125 128
225 248
13 126
211 221
47 80
214 263
46 207
35 213
2 27
48 167
32 274
64 99
72 180
113 233
48 129
119 130
85 136
208 246
109 150
46 182
10 44
85 214
100 134
144 233
113 244
120 152
112 218
26 114
78 113
47 177
46 229
35 249
163 168
33 95
4 43
169 230
102 246
24 175
81 169
181 265
91 146
176 254
249 266
128 135
39 174
130 279
165 192
137 191
19 236
203 270
192 258
19 50
42 147
174 209
19 20
175 268
41 187
43 93
2 177
63 271
27 141
2 169
84 159
21 27
48 270
63 182
134 260
111 135
198 238
164 263
110 200
124 132
16 71
205 249
33 53
88 139
30 239
93 121
129 191
4 133
35 68
112 204
102 155
195 245
86 95
123 134
70 232
212 236
19 257
95 171
100 107
2 6
33 158
29 174
39 100
259 273
160 272
92 259
148 159
51 204
77 160
75 182
12 172
120 167
39 217
47 204
123 179
53 228
98 182
31 76
186 222
0 244
199 234
124 174
39 282
60 192
152 209
197 224
65 170
79 109
29 110
88 186
59 267
43 119
129 216
131 204
130 260
95 142
145 221
204 245
154 184
66 264
147 249
7 214
127 162
50 216
37 140
8 182
62 264
202 219
163 213
41 165
173 198
67 281
83 119
98 148
103 276
94 258
204 246
208 279
133 228
131 201
37 53
134 247
85 104
5 206
127 269
31 157
151 169
145 251
193 255
67 137
108 123
195 236
64 130
52 263
168 276
59 64
7 90
71 92
111 265
31 66
189 201
58 166
28 180
38 222
183 224
54 161
126 177
67 121
47 136
162 242
212 214
140 273
69 72
154 194
163 210
144 186
226 281
138 189
211 270
38 128
38 260
49 102
106 259
68 124
181 202
27 43
22 62
86 232
188 274
102 228
56 167
69 101
20 67
89 248
58 218
0 65
146 186
163 209
71 152
97 174
3 213
141 153
83 198
173 187
142 279
22 32
39 48
14 241
63 257
123 186
83 167
110 228
3 227
2 214
18 65
41 70
242 253
98 137
87 224
170 203
98 169
10 31
24 31
148 261
182 184
91 93
25 162
45 205
143 159
107 138
58 273
149 267
25 159
112 149
171 208
6 105
96 193
63 252
133 178
87 231
99 143
44 168
59 206
62 211
113 212
162 202
32 103
46 135
226 236
98 199
12 119
74 254
81 90
139 240
100 118
37 123
135 154
64 195
123 272
1 121
176 220
18 213
208 217
116 192
45 58
19 260
16 20
241 261
58 129
25 158
144 258
150 194
5 198
145 161
133 203
246 270
59 195
230 272
4 66
77 78
69 79
96 278
260 274
65 132
214 276
21 94
42 164
25 157
111 251
51 156
0 193
109 190
30 106
23 121
32 53
137 269
42 241
95 271
43 160
33 240
102 118
194 277
48 161
82 108
25 40
48 100
254 269
66 118
25 185
183 230
16 112
232 257
193 252
174 282
134 154
47 259
90 169
224 283
142 240
106 256
89 227
73 90
177 263
211 253
203 208
29 60
55 257
117 193
101 262
18 37
90 248
95 103
153 229
110 198
5 69
68 97
30 79
45 244
232 251
19 226
98 284
134 210
87 97
124 245
1 253
10 29
68 267
188 211
179 270
149 240
42 216
53 174
147 248
26 53
124 272
36 53
85 177
90 142
157 262
202 229
64 179
28 162
196 254
224 227
85 117
151 183
159 190
92 246
71 224
5 115
4 171
176 228
42 193
114 154
130 283
166 198
169 198
4 5
95 121
50 76
110 122
275 283
90 223
128 145
73 82
17 211
56 169
40 57
149 212
253 282
199 225
54 235
3 18
127 202
125 139
24 222
143 222
92 155
43 80
5 197
13 279
159 231
77 265
102 156
104 107
24 231
77 247
170 278
153 161
89 252
204 228
144 196
188 245
94 266
33 262
1 135
9 157
164 229
222 278
133 265
29 39
136 175
89 231
52 232
109 238
125 262
157 164
12 90
192 204
135 231
29 210
96 117
47 223
95 112
108 211
30 234
12 104
143 284
205 278
14 112
161 176
51 83
215 240
70 145
52 128
14 238
153 206
62 191
281 282
36 145
34 90
52 160
100 121
189 278
85 92
49 110
22 248
50 105
50 137
67 257
69 172
77 245
247 270
119 183
96 248
25 235
61 64
11 283
204 232
86 247
117 129
144 191
202 207
57 113
28 34
73 135
126 227
84 91
16 170
15 147
22 50
47 72
146 217
222 244
264 283
92 104
159 170
4 238
52 274
19 272
79 162
111 214
211 215
42 106
32 184
6 137
32 138
172 226
126 244
102 158
125 245
6 214
63 122
3 259
58 107
62 136
136 208
8 54
9 15
116 151
24 251
15 269
191 253
16 234
0 265
163 278
16 253
189 275
33 69
0 145
85 267
94 209
93 137
13 168
216 279
130 282
37 87
17 67
90 164
20 113
4 22
91 104
218 250
46 214
124 152
19 194
14 176
158 176
94 137
61 255
17 246
23 193
190 206
45 223
193 201
64 138
29 203
8 168
74 281
138 234
48 236
54 176
24 190
50 54
131 237
102 182
31 280
130 188
9 129
139 244
37 185
216 242
79 185
55 88
115 268
79 117
37 76
169 185
142 183
104 132
15 189
89 270
254 272
6 268
197 239
86 154
183 225
212 283
26 111
85 87
234 273
71 182
34 81
28 272
210 266
198 226
46 161
22 225
29 89
28 159
53 210
70 256
64 229
36 153
47 214
104 147
106 148
109 237
22 167
77 205
26 107
178 195
129 214
205 208
16 104
121 134
49 93
153 158
22 136
28 87
41 112
38 96
10 20
167 180
272 277
72 78
207 226
117 187
267 276
111 131
2 129
180 251
104 173
2 210
81 118
150 276
70 130
180 197
117 186
1 106
16 124
49 91
88 112
114 147
109 126
39 219
49 82
78 140
141 268
89 234
169 279
160 170
146 183
18 195
110 251
197 254
99 140
28 256
117 165
6 76
86 156
90 215
230 261
122 133
14 35
21 265
35 229
213 214
155 182
130 183
44 92
75 146
74 169
66 110
75 283
26 69
44 191
198 281
130 173
185 205
118 148
88 96
1 20
39 167
38 242
128 274
21 114
136 253
199 238
2 209
143 271
71 261
92 101
65 213
46 174
85 210
91 169
4 138
80 112
15 219
133 199
77 226
108 263
56 218
99 269
54 251
78 179
37 148
173 190
155 251
75 266
7 34
61 212
3 243
150 172
87 198
79 126
101 274
28 68
19 131
110 277
28 127
133 163
107 274
24 28
67 132
44 84
108 273
92 170
250 264
25 222
214 255
105 255
201 259
205 265
21 248
112 255
8 53
176 179
139 141
57 251
3 148
63 74
93 193
34 215
46 50
23 147
41 222
163 194
25 58
192 277
6 239
96 254
57 135
25 207
125 222
9 223
204 281
64 192
2 260
45 139
84 228
126 221
127 268
208 216
231 236
239 258
119 173
84 201
95 267
78 134
6 263
149 180
160 259
180 263
98 184
73 161
51 193
40 94
34 236
133 269
203 225
135 259
191 227
44 123
21 219
208 209
46 254
2 146
121 188
135 140
2 283
177 275
155 198
265 270
22 222
50 94
78 233
102 203
169 218
130 216
130 231
207 283
73 213
81 147
32 241
135 258
113 218
180 277
49 148
21 227
2 40
73 198
236 252
16 114
17 26
216 229
35 166
182 250
48 232
24 172
55 230
193 254
190 212
113 268
95 217
137 141
180 273
70 84
153 249
63 78
139 153
49 281
171 283
29 81
61 216
98 142
146 194
175 261
211 257
9 141
35 246
47 270
27 259
116 218
86 208
180 244
82 128
3 11
15 196
52 174
154 188
56 279
169 253
114 184
129 146
145 170
33 193
181 232
24 46
31 187
73 219
173 262
89 184
17 245
54 248
63 176
100 278
12 268
105 277
178 254
260 272
49 83
1 9
27 80
26 221
102 229
48 207
232 253
80 241
22 283
42 79
131 264
229 258
129 148
92 143
48 192
42 188
51 152
103 197
121 266
71 144
1 208
101 150
103 106
45 201
38 145
38 51
55 111
41 240
109 279
14 183
170 253
86 228
22 118
242 246
83 116
69 168
186 206
209 282
17 174
135 225
23 230
94 157
72 248
196 214
144 248
148 234
57 112
171 196
96 258
14 165
248 252
96 168
46 120
75 151
103 223
108 281
162 213
185 276
22 173
105 161
11 123
29 50
131 233
201 245
212 263
109 239
65 179
166 208
191 245
251 268
87 191
80 129
227 267
82 136
49 169
68 114
44 209
54 123
178 252
13 188
23 165
106 140
162 266
209 270
201 249
81 270
155 190
130 146
93 122
163 176
65 231
46 191
65 109
0 163
12 217
189 265
40 110
41 231
80 256
223 247
135 265
131 193
8 220
79 141
149 217
154 267
117 162
98 197
45 141
150 238
172 175
64 267
126 267
23 202
59 67
143 241
129 230
65 264
74 134
145 169
132 232
76 216
160 202
132 201
61 230
19 106
139 221
137 225
131 160
92 230
229 233
27 167
100 119
170 227
200 243
132 252
39 144
256 284
108 241
120 262
30 90
167 280
71 212
43 188
93 222
143 178
161 183
146 266
152 269
16 86
51 249
19 268
77 210
40 207
273 277
27 172
153 230
27 156
260 275
69 113
34 65
150 247
50 122
113 263
10 153
120 272
110 167
89 243
42 126
10 115
24 62
230 265
140 213
98 212
157 203
50 74
7 14
127 214
143 213
116 204
13 160
81 125
15 176
50 238
67 246
13 241
61 161
32 57
70 77
88 239
85 98
189 274
45 282
158 283
82 204
38 151
152 255
6 156
135 263
47 91
84 242
75 253
3 125
84 115
29 276
43 268
59 162
62 170
63 131
65 270
124 189
43 140
97 231
33 141
158 234
129 137
76 190
43 150
141 163
187 283
93 207
10 138
57 269
12 52
100 214
55 93
27 111
178 278
25 153
6 194
59 95
97 206
98 262
15 88
26 74
187 273
183 231
170 249
153 236
185 237
161 181
202 213
133 162
86 166
230 240
50 63
140 187
67 276
2 92
31 137
126 149
161 220
102 166
32 111
30 80
86 100
109 117
4 90
20 150
12 232
172 283
19 206
229 257
206 269
3 113
52 116
50 100
64 104
36 162
48 244
174 273
138 277
27 240
150 178
11 129
174 210
143 280
72 79
8 236
175 207
179 245
34 262
194 241
90 166
208 254
14 248
3 163
126 138
0 220
79 95
10 74
64 283
52 161
130 275
196 260
117 274
211 212
115 208
5 262
27 210
61 258
46 89
82 223
95 110
45 276
155 158
12 56
97 108
164 166
204 223
113 200
202 227
111 142
64 261
12 201
77 223
75 96
39 62
102 189
211 283
35 92
133 227
61 130
192 227
35 82
44 138
39 185
55 196
106 227
248 254
24 220
186 209
149 197
113 282
166 183
31 77
106 258
100 181
204 219
71 146
104 239
80 147
25 99
78 176
133 254
31 252
170 240
34 177
85 216
238 274
35 195
45 156
80 101
26 140
91 280
125 158
57 211
71 148
70 96
88 102
72 186
99 209
101 252
120 192
191 229
83 95
262 270
106 179
13 111
17 177
211 244
101 239
102 216
195 252
79 107
127 183
222 255
30 170
235 259
154 176
132 168
30 223
162 169
175 176
47 222
75 168
137 164
36 170
27 37
139 171
217 254
64 282
6 232
186 267
90 254
4 85
45 82
29 127
114 192
29 114
104 121
115 223
54 187
53 129
94 129
48 52
172 221
154 201
212 255
21 83
113 274
30 38
18 233
205 230
0 201
26 34
68 132
135 200
29 72
106 127
197 266
15 36
63 108
13 200
39 75
190 269
43 233
72 73
41 179
81 192
181 254
114 143
123 214
88 271
75 160
50 114
54 198
207 271
9 128
79 83
45 207
150 153
50 62
8 66
180 256
57 227
98 104
59 153
42 251
39 276
45 158
202 228
114 278
224 269
142 208
156 258
69 216
64 226
198 276
221 281
85 283
32 207
31 193
103 166
194 228
18 273
67 179
54 166
158 270
99 216
83 226
48 162
63 247
34 133
183 245
146 270
146 274
80 244
124 131
240 278
198 248
173 242
68 153
121 213
28 240
202 253
128 233
92 223
15 148
36 239
32 263
138 148
59 243
77 100
46 189
140 158
101 188
81 95
108 247
186 233
67 142
142 236
141 151
113 229
13 270
100 261
171 185
139 258
185 222
108 267
62 245
59 226
85 248
49 60
5 9
105 117
97 238
40 179
196 200
60 73
49 98
86 108
8 248
0 281
28 60
100 264
7 235
113 117
58 116
203 228
190 192
105 241
101 222
210 215
20 96
109 240
5 82
61 99
19 283
162 255
149 189
156 246
96 256
67 270
20 234
79 234
49 241
103 198
227 248
1 222
106 264
137 266
10 180
21 178
30 151
71 114
56 263
176 193
137 263
69 115
30 172
22 60
150 193
58 274
60 219
107 195
69 141
66 92
19 199
153 255
52 104
30 51
36 273
84 241
21 198
172 268
51 208
140 230
133 222
67 209
142 255
205 223
120 169
93 97
50 162
127 176
150 171
48 238
110 171
147 256
134 135
154 196
180 198
176 235
128 256
87 243
123 284
67 178
57 174
199 208
8 49
39 92
41 186
225 233
185 246
141 238
138 258
16 139
43 200
109 125
118 144
174 216
99 234
40 209
156 202
27 230
60 211
141 169
84 118
107 110
18 85
135 210
72 272
22 183
81 176
108 184
70 175
180 232
145 175
64 103
22 212
119 133
47 248
105 156
7 91
123 178
20 163
142 211
152 213
54 140
187 202
99 276
58 258
41 56
30 81
66 204
45 186
252 253
139 186
48 121
60 169
55 278
214 262
78 132
131 190
46 237
175 264
77 107
8 196
137 173
101 194
190 250
206 229
36 270
53 205
60 129
40 125
37 110
69 211
99 277
98 134
156 212
181 195
244 250
88 215
77 260
176 279
198 261
170 280
160 273
112 207
215 274
123 199
48 149
27 197
50 88
142 282
100 105
106 136
37 45
42 58
185 217
147 234
47 111
42 281
65 115
5 11
58 198
37 250
129 185
132 272
73 194
118 160
22 25
22 269
119 140
119 194
31 207
77 241
87 213
57 100
69 80
55 80
13 161
152 277
33 282
205 248
50 258
52 89
147 278
63 228
23 92
40 267
1 200
92 135
79 280
128 184
160 276
36 98
124 151
88 201
87 107
121 174
219 227
61 254
80 203
113 208
32 236
121 179
46 113
16 164
27 45
215 258
17 150
152 197
11 82
51 150
213 257
19 274
128 185
41 256
168 210
15 162
24 182
138 236
38 95
24 267
6 134
85 142
1 95
208 266
18 120
79 176
98 156
89 98
80 144
203 259
160 223
121 143
126 194
176 261
206 228
161 211
210 249
100 140
21 220
119 262
149 246
77 232
14 284
161 235
27 34
17 168
8 25
34 132
84 186
71 276
11 237
26 44
117 133
28 63
182 249
78 252
90 195
66 109
3 222
47 49
128 136
170 215
114 252
15 182
78 114
253 281
195 238
109 189
32 153
72 266
201 229
166 268
198 208
170 255
109 113
0 79
7 255
83 122
7 48
71 187
183 283
136 230
160 162
108 161
46 234
185 265
