287
9
12312
60
270 2
91 2
366 2
65 4
426 2
197 3
442 3
107 1
423 4
12 2
400 1
323 1
100 4
361 1
84 2
128 1
212 3
24 4
423 5
67 3
225 2
330 1
137 3
467 5
235 2
166 1
50 5
302 1
233 3
203 4
161 4
252 1
151 1
355 2
468 1
19 2
51 5
310 1
269 2
324 4
93 4
393 2
430 4
148 2
427 5
328 2
220 2
26 5
202 4
228 4
59 3
342 5
87 2
110 2
45 4
137 2
132 2
451 5
43 3
430 1
263 4
388 2
117 3
196 1
235 2
195 3
108 4
116 2
331 5
413 3
298 2
98 4
61 1
336 1
62 3
450 4
76 3
73 2
153 1
276 3
441 5
231 3
322 4
131 2
13 1
133 5
33 4
16 1
338 1
378 3
347 4
409 2
307 5
294 3
295 3
145 2
128 2
278 4
251 5
412 4
401 2
205 4
137 1
409 4
125 4
244 3
237 5
442 5
68 1
107 2
126 5
287 3
209 3
237 4
422 3
79 3
83 5
240 1
72 4
163 4
332 2
427 1
154 2
338 3
337 4
143 3
102 2
272 3
392 2
361 4
74 4
456 1
80 5
88 5
436 3
306 3
364 5
94 2
457 3
289 5
182 4
170 1
74 4
305 5
316 5
122 4
442 4
245 2
441 4
250 2
202 3
336 4
98 3
181 1
136 1
218 2
429 1
350 2
321 3
59 3
45 1
320 2
65 2
340 2
360 1
304 5
14 1
370 4
465 3
183 2
270 3
161 2
94 3
206 4
274 2
75 5
211 4
14 1
400 2
428 2
35 5
439 4
189 2
464 2
389 2
343 3
99 4
263 3
435 4
249 5
116 3
350 2
376 5
136 4
181 4
36 4
322 1
280 4
246 2
353 2
374 1
16 4
223 3
314 2
199 4
29 1
138 5
146 1
93 5
434 1
76 3
212 2
451 3
171 1
116 1
201 2
404 3
450 2
367 2
327 2
335 1
23 3
287 4
32 1
13 2
360 5
327 3
270 4
126 2
337 5
46 4
459 2
235 3
197 1
79 1
116 4
443 2
117 3
451 5
252 5
149 4
323 2
53 4
84 1
251 3
346 1
94 3
218 4
205 4
304 5
209 4
135 3
264 4
295 5
49 3
266 3
28 4
256 5
255 3
89 4
162 3
245 3
44 4
147 5
375 1
234 1
259 3
50 5
157 5
383 3
332 4
196 1
362 2
381 1
415 5
325 4
134 3
421 5
173 5
91 3
252 1
250 4
191 3
393 4
321 3
410 2
339 2
15 269
39 267
140 178
151 266
116 216
26 80
103 240
4 14
7 40
114 222
166 275
117 244
45 118
165 249
31 264
73 186
246 284
64 206
73 138
17 254
108 183
7 128
165 218
149 263
223 286
120 239
137 147
22 159
48 260
113 145
52 236
131 133
217 220
10 282
18 38
112 203
223 268
30 204
159 196
28 269
46 259
40 191
93 106
106 146
35 166
43 238
40 103
119 219
264 270
143 214
167 282
24 101
70 72
19 122
11 102
58 107
124 222
43 227
23 250
63 169
74 265
89 213
125 199
35 168
42 127
1 149
155 185
164 261
38 216
102 176
207 241
33 211
44 214
235 255
9 257
69 162
82 98
49 274
85 265
15 202
128 232
68 275
50 245
80 234
80 200
139 284
87 144
121 184
216 257
94 166
226 246
92 260
131 252
190 261
30 259
27 55
11 206
19 285
223 239
176 234
131 164
84 198
102 173
48 213
22 281
40 110
197 217
32 163
202 206
53 174
88 156
212 219
111 152
13 205
90 220
28 140
75 188
12 50
18 115
280 286
71 124
125 178
113 280
15 248
25 152
131 274
10 227
80 230
241 249
33 60
127 197
135 195
144 230
57 286
11 103
44 184
92 113
99 118
61 231
0 261
8 248
55 269
62 259
46 128
65 238
163 256
51 194
113 276
83 156
196 283
0 120
109 143
94 253
7 282
170 238
45 247
83 205
142 173
195 225
147 280
15 161
15 237
30 277
202 230
149 175
127 139
89 190
197 245
24 58
111 274
167 242
13 132
141 219
56 88
38 156
32 79
85 147
184 199
149 231
199 207
27 109
50 105
217 249
105 231
164 222
59 135
34 203
70 158
42 90
116 165
34 125
11 110
52 61
27 43
55 247
0 174
2 75
113 178
60 63
10 210
110 245
31 115
61 149
247 254
100 153
14 179
70 165
184 200
65 154
174 280
62 142
225 254
12 76
70 219
54 201
34 85
164 285
85 235
149 244
170 221
56 58
122 263
23 137
64 200
159 167
17 153
6 116
212 229
200 225
41 226
108 269
12 57
17 26
272 273
20 265
50 173
76 192
88 248
72 95
60 121
37 264
194 231
140 193
23 242
169 256
171 217
41 173
159 181
30 226
194 255
70 173
199 219
152 246
201 212
93 98
58 73
144 236
80 248
228 266
92 222
50 276
235 248
74 102
199 270
57 124
47 141
256 278
111 243
19 250
198 239
106 115
80 160
231 248
206 255
21 88
24 228
132 243
251 254
51 214
117 123
69 133
232 246
67 70
73 210
269 276
7 130
79 227
174 187
124 154
21 82
21 85
76 253
45 264
205 267
177 281
95 282
32 134
137 231
62 286
162 274
78 199
139 189
18 158
164 199
30 281
20 76
15 260
203 250
34 68
60 161
86 213
98 103
139 244
96 131
69 284
58 257
231 282
40 223
122 201
141 258
65 153
36 78
26 99
54 188
143 258
76 100
102 222
63 186
58 69
92 181
3 93
53 252
34 231
222 259
157 253
133 156
43 284
100 151
36 189
30 215
19 121
201 242
218 222
47 123
124 220
200 232
72 254
23 277
125 143
24 55
20 107
53 115
113 224
144 247
50 126
54 173
65 121
4 276
204 216
25 252
172 219
99 279
35 276
5 257
108 248
18 215
25 218
246 267
129 195
117 225
88 163
89 172
227 232
229 238
203 219
41 196
59 202
7 213
32 84
159 190
44 133
167 257
22 99
125 135
149 169
188 247
91 119
140 233
114 155
57 76
158 249
66 84
200 269
215 236
215 230
182 193
101 263
186 271
100 156
78 186
95 258
77 172
24 76
20 128
76 185
12 85
153 226
77 251
133 235
51 256
87 160
110 253
155 272
157 238
41 206
15 251
143 270
85 283
56 126
126 282
204 223
243 275
65 137
126 141
40 67
39 163
77 250
223 243
0 53
130 247
162 248
34 210
240 284
262 276
163 248
42 276
49 73
92 193
20 144
212 244
68 131
74 276
34 41
83 150
71 132
227 277
219 258
21 181
130 141
13 142
116 213
29 269
18 186
66 249
81 276
18 191
107 240
24 197
157 241
74 172
250 265
60 76
71 181
38 86
88 196
22 236
80 153
80 171
15 19
32 158
59 241
64 186
38 190
113 118
36 103
99 262
185 265
131 245
151 268
86 197
27 62
13 218
34 190
31 41
100 247
6 80
2 212
8 79
42 51
35 76
8 25
3 281
50 228
74 203
98 203
49 66
9 62
193 197
50 75
3 157
3 84
31 131
242 282
13 35
52 64
118 165
19 43
28 237
42 122
152 157
183 196
239 270
111 224
127 138
162 181
82 280
104 187
63 95
199 229
24 266
72 174
71 73
128 144
168 283
134 195
110 249
20 48
84 99
70 221
152 286
96 283
7 249
71 134
109 166
14 211
74 134
153 267
6 111
3 38
126 183
132 232
135 253
4 285
123 265
49 271
168 278
77 214
158 248
63 74
9 258
0 170
71 213
202 221
38 166
113 149
42 166
28 33
23 117
9 64
187 273
162 247
16 82
3 73
27 75
210 236
111 186
160 281
176 204
10 124
45 196
185 215
120 247
156 176
198 263
235 280
85 93
196 286
46 87
75 113
46 152
0 75
63 155
2 224
126 244
1 117
19 114
246 247
150 185
71 83
155 177
81 156
106 248
193 274
158 194
18 119
58 248
155 253
146 198
9 188
38 100
103 185
27 243
154 180
10 14
183 225
63 166
181 251
95 278
21 259
146 250
237 285
43 192
27 87
2 55
52 264
241 282
206 216
45 135
64 244
134 198
110 156
49 147
10 138
23 229
141 281
70 189
68 109
39 278
226 245
48 177
153 221
40 281
132 237
1 142
152 192
107 212
61 150
30 95
61 250
47 146
133 279
22 198
94 135
18 74
166 243
153 269
24 110
98 157
150 161
71 219
0 20
113 142
37 189
32 86
57 196
44 283
53 121
153 203
31 215
137 229
55 164
21 175
85 246
215 245
69 73
96 247
63 253
162 276
124 277
99 103
148 197
16 122
61 229
55 62
236 269
66 99
104 245
141 193
92 210
166 277
59 208
53 271
161 170
5 136
46 180
64 269
215 268
98 227
91 146
33 172
47 228
108 142
16 81
14 206
14 261
268 274
154 220
251 277
21 39
85 243
34 278
92 142
97 279
18 33
7 131
85 232
27 103
116 222
90 211
196 220
133 238
50 265
13 268
204 233
142 226
66 97
105 126
35 194
34 83
207 268
12 238
139 207
201 222
32 107
72 74
29 169
104 116
56 259
58 166
62 240
117 186
236 252
148 205
109 148
200 249
8 223
211 217
159 226
185 245
160 256
14 124
25 183
148 272
34 267
97 154
75 179
9 76
39 244
153 242
67 242
120 237
28 132
132 224
231 273
120 217
103 126
35 235
26 28
179 198
51 62
47 150
156 205
124 151
32 283
39 209
157 268
50 177
5 228
251 285
123 269
64 201
74 271
192 211
9 124
113 234
47 138
113 229
95 115
204 244
68 197
0 85
84 88
33 92
45 98
181 204
130 280
8 124
71 146
62 70
15 239
230 275
158 200
132 144
7 135
13 52
153 169
68 105
190 280
88 228
217 278
128 141
191 229
9 93
35 225
115 162
17 108
217 240
0 139
95 140
164 185
52 205
15 38
12 143
78 197
79 282
197 220
165 235
99 264
277 282
175 216
132 212
165 259
0 181
126 137
198 237
79 135
6 135
24 162
114 277
42 126
128 187
70 92
55 225
198 271
44 93
10 197
36 257
122 280
57 104
46 104
57 134
191 277
144 160
88 191
59 282
95 218
249 269
20 203
209 285
8 154
140 206
11 239
195 199
130 231
228 262
50 150
99 286
151 168
114 281
155 174
113 131
54 204
141 147
25 190
117 261
142 282
172 274
44 154
167 281
104 113
200 233
235 265
42 253
103 232
134 267
128 227
33 141
67 194
26 283
140 266
26 72
29 273
128 151
91 136
16 232
33 181
54 191
0 187
12 217
12 107
1 113
69 281
127 205
25 141
62 63
21 190
178 231
230 268
109 131
221 231
51 260
49 50
70 75
76 245
179 222
84 281
247 248
212 270
166 180
53 55
91 270
231 265
84 185
114 258
80 210
253 261
203 265
103 261
12 74
71 168
42 284
81 157
143 244
35 135
138 205
182 202
11 222
200 209
127 185
95 209
130 259
197 281
135 270
82 97
80 242
81 87
136 254
95 239
39 260
31 162
121 161
81 208
162 254
97 111
107 173
166 255
28 241
79 268
19 49
14 208
20 130
139 180
106 214
37 247
195 280
28 74
175 248
53 127
55 67
175 240
240 270
206 214
109 112
187 204
12 56
4 242
7 277
234 265
119 124
64 243
142 168
70 265
182 281
175 258
126 265
90 198
23 240
33 258
14 87
4 61
35 268
115 156
181 213
196 234
16 228
192 230
185 196
144 252
246 277
80 194
139 241
151 201
212 217
110 125
81 210
1 189
101 222
77 225
88 173
69 100
69 195
30 217
70 157
113 183
132 271
95 122
59 223
68 191
105 137
88 264
8 125
193 225
134 258
34 74
68 193
19 197
231 245
229 255
105 254
54 144
232 251
220 248
86 284
88 166
227 272
253 271
201 202
103 114
92 138
160 191
27 41
135 215
106 107
113 162
114 240
218 269
44 263
12 78
33 256
85 260
234 254
31 155
18 187
9 75
84 238
139 187
104 138
87 128
181 248
13 15
1 191
12 61
130 177
154 213
55 204
104 273
135 252
13 216
45 128
122 237
222 280
215 254
150 225
46 275
23 43
56 116
41 279
22 148
21 202
0 160
6 108
96 159
71 179
239 244
83 227
1 25
25 254
50 54
13 266
229 266
19 265
157 261
194 204
97 141
75 221
231 233
255 284
84 131
83 210
2 29
26 87
55 238
190 241
187 225
70 122
22 42
57 282
90 171
65 101
124 260
134 163
176 273
91 260
73 156
87 104
166 253
140 150
35 40
37 270
199 212
77 197
67 157
90 221
245 284
22 123
114 210
238 239
66 109
54 267
144 244
144 279
139 280
20 70
101 141
181 249
21 124
35 191
8 27
163 172
92 285
163 272
103 153
0 188
38 213
20 83
99 154
2 13
60 260
146 256
234 281
24 111
49 98
43 255
247 264
13 119
171 242
36 196
220 259
95 238
181 279
35 93
193 275
70 97
152 186
193 262
157 251
220 241
19 231
6 184
96 187
59 117
17 240
61 143
27 274
183 245
38 239
200 278
30 268
9 140
7 261
109 185
24 193
63 214
40 102
16 229
165 265
93 202
6 153
241 283
35 109
111 188
15 40
55 77
138 150
21 27
136 193
119 151
237 270
56 243
88 100
237 264
9 69
137 271
9 110
202 286
15 35
142 159
37 69
70 224
59 261
5 256
28 40
147 193
221 238
193 207
170 186
47 127
47 198
41 98
159 257
228 282
140 147
152 156
77 227
26 50
10 134
119 256
189 229
254 255
112 262
100 243
85 226
186 281
67 103
79 236
13 55
187 286
183 238
124 165
177 217
64 100
15 281
32 266
26 261
92 199
134 194
89 148
29 217
12 147
61 218
65 244
44 192
168 272
44 109
9 242
34 197
58 74
30 228
38 221
14 74
17 134
93 146
112 153
87 108
60 180
164 262
48 148
120 200
172 241
48 136
169 286
85 190
9 164
174 285
59 173
4 163
95 176
224 241
18 154
15 199
153 235
154 281
36 137
167 285
144 283
88 89
89 183
47 278
44 158
71 161
59 206
59 155
112 284
105 259
41 66
9 262
66 230
15 182
68 249
27 162
37 195
70 185
78 125
0 173
47 151
22 235
68 82
60 195
39 246
214 235
242 283
71 242
52 103
6 278
56 65
72 108
204 261
46 166
6 257
21 92
87 280
217 236
206 273
38 150
142 203
33 59
147 202
117 279
135 148
225 259
49 122
8 276
94 118
170 199
12 251
112 147
84 248
192 258
12 67
31 166
20 97
230 277
97 122
16 193
89 228
204 213
40 150
48 237
64 171
81 267
152 254
29 248
117 258
20 178
59 133
65 179
69 278
183 206
34 103
160 168
32 117
72 83
162 177
177 209
100 159
15 179
45 195
83 217
86 224
142 148
87 146
83 223
37 142
276 280
101 234
113 267
124 199
192 247
172 265
112 178
159 178
205 263
128 247
81 144
132 206
102 169
157 264
145 177
204 206
171 176
84 237
99 107
88 280
147 229
12 236
81 240
90 156
196 226
113 209
1 106
148 247
23 106
23 95
127 128
144 253
33 179
133 224
134 227
43 74
98 242
38 82
28 261
53 176
23 241
110 140
155 176
151 276
57 72
157 205
8 286
116 184
28 121
66 245
28 206
16 238
119 270
167 269
243 260
37 47
7 65
67 187
68 241
226 266
41 153
134 181
192 201
184 223
90 146
30 213
46 260
70 279
184 208
99 201
86 255
108 125
6 125
85 99
77 169
97 272
166 173
168 211
165 210
12 17
88 221
75 85
84 91
92 277
63 78
14 199
90 141
27 286
192 236
196 264
178 274
134 226
56 172
23 32
152 196
60 282
62 175
6 276
24 275
3 202
191 200
33 184
121 148
103 216
40 75
176 236
0 201
71 238
79 164
44 136
95 284
99 277
58 162
149 214
64 79
6 63
64 229
131 226
136 168
40 279
5 189
114 251
130 146
35 106
154 198
50 203
203 263
29 81
89 134
57 221
204 227
137 164
134 175
161 256
60 245
113 117
43 131
176 215
157 283
188 272
24 102
91 223
158 280
30 218
17 105
173 174
11 228
51 65
0 191
110 147
237 280
92 98
76 262
88 127
49 215
91 268
108 162
84 179
158 170
112 232
16 198
57 235
268 273
25 250
65 240
119 247
21 159
54 174
40 83
125 273
90 207
1 26
55 175
56 145
98 266
21 251
17 29
61 264
117 148
119 221
104 202
66 282
23 68
74 133
46 261
146 242
107 141
50 277
98 223
94 128
2 16
56 85
114 225
122 277
145 228
109 126
82 171
65 67
250 268
37 80
116 284
244 280
44 282
235 245
93 176
42 281
139 210
19 96
144 243
74 176
43 118
65 152
48 118
144 145
25 153
7 104
72 250
38 131
199 215
182 240
200 260
34 53
171 238
88 253
181 202
40 94
167 252
60 148
74 124
84 282
227 250
107 241
41 111
130 138
72 175
143 189
175 232
21 76
24 150
22 94
102 185
101 276
22 60
203 226
88 184
9 193
111 132
119 189
83 92
224 235
34 256
79 137
3 193
49 200
75 250
19 256
106 246
79 103
85 234
169 172
50 163
49 125
81 100
241 244
261 263
123 145
75 282
12 220
7 167
54 250
79 242
142 216
38 77
149 248
127 274
116 274
28 144
130 255
138 165
148 213
227 285
92 272
16 281
11 121
148 206
229 286
43 189
75 225
18 121
65 95
19 80
144 267
13 155
172 220
243 270
19 78
256 265
203 254
240 267
1 286
178 239
103 108
197 206
14 239
103 170
142 188
55 198
129 283
42 156
106 258
17 91
103 174
131 243
182 194
53 77
165 274
189 270
174 219
174 222
106 212
128 177
57 107
243 259
66 199
27 51
28 168
34 182
105 189
86 121
30 109
0 14
40 212
108 253
261 272
20 154
88 230
28 203
213 258
232 276
142 229
47 55
147 159
30 125
58 169
58 186
22 227
63 199
46 105
44 219
229 275
80 139
4 250
85 118
48 126
117 263
144 221
14 158
113 151
156 160
169 273
107 198
76 174
160 214
185 282
138 243
157 278
68 253
29 111
52 245
23 192
72 215
96 155
33 272
4 30
105 265
86 180
34 105
97 147
82 248
176 180
90 158
177 235
60 286
72 109
138 217
141 272
131 185
27 157
167 170
98 181
6 213
11 28
151 280
48 134
147 152
66 210
62 246
194 266
73 161
92 188
78 270
106 178
108 272
101 283
8 33
194 211
90 242
150 220
228 261
132 169
53 286
30 67
11 141
5 283
2 277
165 253
17 197
37 188
105 181
186 236
85 225
132 170
162 198
54 272
148 232
43 143
39 42
150 176
64 282
113 148
97 226
5 118
40 71
159 228
48 57
62 181
124 255
46 197
53 261
9 133
27 246
10 49
149 275
51 196
39 168
43 216
180 251
99 172
24 201
138 227
8 215
35 127
138 270
97 215
72 278
68 171
21 150
96 133
47 222
109 222
41 87
17 196
35 160
81 242
25 60
46 213
80 178
173 261
120 189
86 210
173 268
241 242
186 284
39 137
174 176
92 258
2 129
45 52
27 208
49 237
146 200
120 143
186 265
37 111
23 205
79 247
36 222
58 200
111 155
164 233
40 143
89 280
49 85
148 251
63 202
107 108
73 220
89 282
106 202
19 164
19 128
194 227
92 144
90 128
154 282
18 185
158 239
2 10
136 219
14 54
28 194
98 205
33 173
189 285
6 186
46 174
191 270
184 227
20 199
99 237
49 174
133 242
69 251
219 251
12 154
162 282
11 226
83 204
48 272
26 148
111 210
76 119
94 103
32 159
145 255
149 222
57 262
189 220
209 224
49 72
36 278
39 231
81 146
27 214
40 82
32 199
9 91
132 207
81 217
160 193
50 197
189 247
103 251
21 228
59 105
36 269
209 228
177 262
111 115
25 201
80 277
40 86
163 259
83 264
9 67
38 87
150 258
42 52
90 157
153 206
43 214
13 129
186 248
171 262
17 191
129 275
85 106
32 118
53 138
89 100
45 178
59 113
10 84
200 241
215 270
211 235
146 241
212 250
36 201
3 246
120 215
12 51
172 255
19 26
93 127
210 249
56 228
69 88
169 264
80 206
29 91
48 123
35 172
133 253
101 200
177 282
128 201
130 203
35 273
205 213
23 89
31 180
8 161
123 200
54 268
159 185
47 173
58 165
193 263
238 262
101 182
179 200
28 152
17 58
42 81
7 139
162 256
26 192
272 278
8 221
117 273
82 110
152 210
95 279
50 90
89 191
171 284
15 206
10 257
103 209
16 106
240 258
31 186
130 272
160 262
129 224
20 208
78 219
206 246
44 101
38 201
190 221
81 239
22 182
39 99
3 211
180 252
95 212
180 203
32 149
91 229
83 285
56 81
124 132
152 173
47 179
57 100
165 239
150 188
86 186
55 272
114 184
208 278
60 89
177 225
211 248
13 133
118 231
104 232
38 63
41 134
4 177
30 31
183 194
26 278
14 122
115 163
147 185
83 198
70 76
173 203
133 151
85 183
100 138
26 105
36 52
4 179
25 253
72 281
55 150
200 222
120 262
222 252
67 129
6 246
132 203
83 102
119 254
11 280
62 210
12 232
215 240
1 258
184 193
106 160
146 255
96 112
29 236
69 223
27 215
123 198
113 205
137 211
75 169
66 256
15 279
160 166
31 139
49 185
178 195
61 129
162 253
160 249
175 188
96 241
125 282
19 156
14 189
107 126
126 234
199 243
147 235
5 90
136 183
204 285
46 49
33 61
166 228
202 225
118 247
70 163
20 206
86 131
23 129
59 242
207 242
139 221
50 164
7 181
128 206
17 142
69 180
187 190
11 252
84 139
238 244
120 206
31 271
197 227
1 35
31 159
13 58
18 151
14 69
74 130
189 241
56 127
108 166
148 249
208 238
182 231
32 101
42 207
183 191
55 60
68 169
104 131
49 224
84 93
75 130
141 156
169 251
14 254
104 174
105 198
2 160
161 162
266 279
136 214
87 224
177 241
11 100
199 283
100 281
109 115
126 156
7 31
122 211
74 214
102 208
90 204
125 286
44 97
123 170
33 82
18 275
106 286
26 67
201 223
42 201
90 105
75 122
57 110
120 232
4 273
155 182
80 217
80 282
48 101
15 172
82 209
63 180
144 204
18 255
28 235
27 250
18 192
73 285
66 154
174 257
5 42
159 260
97 271
89 117
113 262
39 130
151 251
38 261
162 167
273 275
194 212
180 254
77 165
44 234
40 184
147 243
17 216
12 86
111 254
183 185
34 172
47 129
59 65
39 57
186 232
106 164
78 173
85 120
178 268
77 103
191 253
80 122
142 218
59 204
129 156
4 98
59 284
77 269
87 99
147 167
93 152
91 189
23 35
48 146
114 163
87 228
180 277
0 164
42 175
192 197
206 271
90 270
62 206
25 111
92 216
85 254
24 84
39 253
84 196
75 206
121 145
54 265
159 232
95 144
42 101
268 269
98 150
192 246
10 275
103 285
94 102
3 179
5 223
4 161
197 201
21 200
64 110
1 109
107 169
14 22
19 244
18 22
115 223
132 200
55 142
7 82
14 97
94 124
104 175
8 270
29 141
168 260
95 235
63 217
46 100
172 222
130 201
107 168
94 170
133 262
6 173
71 102
143 199
28 164
241 284
51 259
98 147
108 185
24 279
127 278
75 262
161 207
95 269
131 152
38 194
71 225
4 239
149 280
209 233
25 45
247 250
179 252
93 243
2 6
74 274
58 232
175 199
43 108
134 191
118 234
111 257
17 42
100 127
72 85
78 158
124 133
85 143
126 279
65 231
39 180
35 153
238 254
169 275
63 257
32 263
50 229
2 266
116 124
22 114
106 278
61 260
29 137
76 193
270 275
0 17
122 238
25 203
131 259
137 166
38 257
232 256
60 228
115 284
147 240
46 131
165 238
168 280
83 257
105 114
53 236
38 258
158 260
39 182
269 274
30 63
11 86
87 208
47 188
126 246
124 173
174 260
116 164
209 255
81 176
0 178
119 147
79 117
115 130
119 171
159 182
228 249
33 268
183 251
33 34
147 163
130 140
79 284
164 187
41 109
177 234
4 119
77 101
256 266
0 186
23 283
107 286
115 276
25 63
56 211
29 129
5 271
38 285
86 253
3 274
117 218
126 182
77 223
51 66
14 107
82 185
176 187
104 240
123 270
173 239
212 246
16 209
129 192
28 76
25 237
115 186
9 228
150 276
30 80
95 227
129 137
113 161
199 278
117 158
2 259
69 112
8 263
62 147
82 249
114 266
66 138
22 53
15 43
55 119
108 117
228 259
23 71
93 126
47 108
32 36
17 188
121 263
17 182
77 203
127 264
104 238
101 250
12 272
136 162
103 221
91 180
216 265
5 128
171 275
47 224
175 267
99 215
117 228
36 256
47 246
14 220
7 96
13 87
9 150
110 153
228 268
106 151
38 268
81 191
143 175
14 68
56 199
28 54
256 260
102 145
97 129
68 174
28 264
72 222
56 221
17 52
64 192
122 270
91 149
67 217
101 209
194 278
28 142
54 206
46 145
45 234
171 230
36 232
208 229
29 201
67 148
154 192
93 226
150 267
194 236
159 183
86 125
14 280
9 233
212 261
45 63
147 218
65 124
216 241
62 114
169 282
60 209
27 167
50 213
83 194
88 107
79 225
88 98
206 252
240 261
60 277
36 63
31 67
111 216
28 45
23 164
10 249
176 260
33 283
144 146
43 145
20 124
203 204
191 199
24 286
218 277
48 212
10 209
11 113
124 252
105 112
187 247
257 263
16 204
119 226
235 267
162 196
98 218
39 196
149 221
10 215
80 228
26 252
122 150
204 224
48 110
24 151
82 133
65 249
199 269
10 131
147 260
140 145
162 262
266 285
45 92
110 151
53 99
57 255
10 198
10 23
3 34
0 193
38 183
188 204
119 162
90 219
59 278
154 283
168 275
7 164
148 169
62 148
174 250
163 195
15 163
79 107
137 189
71 253
228 229
66 198
56 281
145 249
66 168
80 129
73 132
90 183
38 89
129 231
14 188
163 189
19 97
117 245
121 230
100 245
112 128
137 195
86 155
28 220
1 18
42 111
40 162
133 155
85 165
11 156
63 173
54 151
152 200
76 132
202 251
128 279
15 117
137 179
87 94
138 195
54 171
64 121
80 87
32 58
107 187
174 218
92 267
180 235
52 286
20 268
38 50
35 214
66 190
14 253
45 197
113 136
70 271
52 166
58 280
28 257
18 67
19 242
86 215
182 246
101 130
111 284
70 77
10 33
159 251
119 220
0 65
236 240
37 167
97 163
124 152
32 238
163 217
181 207
150 262
31 216
129 153
46 185
132 197
172 247
12 133
235 252
52 247
19 182
133 177
28 259
13 18
205 277
35 79
211 275
124 282
16 92
107 246
130 205
67 110
143 266
29 132
119 252
130 250
38 267
53 66
107 151
92 265
109 248
212 245
186 286
79 204
35 61
115 134
166 194
55 191
120 258
187 241
0 23
152 205
198 216
42 83
6 181
118 264
69 108
57 160
57 125
29 186
147 246
93 102
131 205
89 256
75 263
27 228
6 194
67 255
40 136
41 73
110 176
114 165
31 79
18 209
151 155
159 174
108 264
219 247
108 251
139 225
2 60
122 174
89 103
25 64
213 238
89 108
89 110
16 273
75 105
66 195
97 144
193 255
211 243
160 170
84 96
23 128
150 274
133 141
83 118
63 71
28 238
216 238
146 285
48 153
74 188
243 257
54 270
176 250
7 236
207 223
247 269
70 169
81 280
208 217
81 106
43 224
145 170
181 286
13 271
96 234
134 238
142 275
46 60
150 235
75 222
194 202
60 108
127 167
31 161
48 256
33 239
180 255
226 272
74 87
34 50
11 218
64 177
78 242
47 192
9 41
117 179
40 80
62 243
34 132
87 209
17 27
41 114
84 195
41 67
196 215
3 262
26 174
39 232
13 221
95 148
69 95
180 286
31 49
82 143
96 145
152 281
15 205
41 62
176 210
223 262
76 225
92 230
4 283
110 222
105 252
27 131
3 189
76 167
12 131
89 204
46 164
254 264
77 243
46 237
37 48
4 231
129 282
143 238
46 232
72 247
228 256
63 194
39 67
140 143
82 188
116 149
244 278
145 168
146 227
154 243
205 210
88 109
92 194
253 281
68 188
127 145
96 158
98 251
172 218
13 128
7 196
20 63
26 196
19 269
162 195
2 270
90 148
7 134
109 201
255 260
177 198
109 137
89 268
174 276
197 285
26 251
82 184
142 210
25 188
185 283
56 167
46 216
219 275
3 233
179 272
67 176
22 136
12 206
115 213
14 151
90 243
156 236
0 252
84 276
142 262
5 122
12 55
36 226
140 176
139 274
166 241
35 141
36 118
89 215
106 263
43 69
96 117
39 241
24 192
122 196
58 113
73 274
25 271
80 257
53 158
113 115
201 246
1 153
29 188
24 166
160 234
23 131
89 180
3 138
168 217
35 142
164 276
162 255
125 171
166 192
48 176
155 228
52 84
166 170
99 145
17 194
149 279
14 52
225 286
226 269
122 217
20 218
58 151
216 277
3 137
36 44
86 137
61 73
165 245
10 156
123 282
234 266
25 259
184 270
5 152
11 171
56 282
112 285
94 150
126 174
46 120
169 223
44 244
57 267
13 48
69 75
6 79
66 215
36 223
220 252
53 188
201 263
11 278
41 52
85 114
88 237
67 161
66 205
116 243
107 118
29 109
82 259
13 71
142 164
46 262
36 218
8 55
212 234
69 250
8 217
12 42
117 143
75 150
164 246
7 88
122 164
6 179
86 212
180 236
93 261
207 228
44 168
78 235
26 179
136 204
196 200
110 180
4 174
100 238
90 116
201 247
153 197
123 127
82 261
161 176
196 224
187 230
103 182
49 101
151 167
63 283
38 186
72 226
146 172
53 117
109 257
169 170
144 208
33 154
117 118
78 175
52 118
44 176
25 88
129 210
25 168
112 216
85 169
41 199
26 244
80 273
6 115
224 253
70 178
244 269
48 236
49 129
5 72
41 219
140 157
84 199
16 157
244 256
105 227
44 249
145 189
69 159
9 15
105 192
163 225
155 277
0 42
69 246
124 144
21 195
86 98
196 237
53 234
47 216
177 221
18 279
9 117
78 83
118 272
146 155
79 95
82 216
73 157
0 228
141 208
125 197
8 230
45 246
52 176
203 212
44 118
220 271
155 175
105 224
99 253
125 159
50 106
71 233
43 170
0 235
213 276
5 236
91 103
90 155
46 127
61 158
197 241
94 272
54 152
175 209
13 189
102 243
152 154
209 275
8 249
16 207
33 108
152 244
13 120
9 121
98 210
200 219
138 152
8 262
54 196
147 224
124 235
0 172
39 133
128 143
123 214
205 246
149 170
3 11
213 216
140 271
109 123
76 230
22 41
18 272
169 230
166 238
116 134
17 136
32 197
248 279
12 209
181 269
61 120
81 200
157 180
201 207
10 188
224 285
118 241
2 15
156 170
88 284
12 65
146 156
13 73
179 186
179 192
173 216
139 279
30 72
25 268
108 203
63 77
73 76
2 50
55 214
122 151
32 285
101 240
125 254
52 191
28 70
35 38
46 132
239 267
160 264
6 47
47 119
128 203
74 190
85 130
82 156
20 87
190 259
22 178
137 286
263 268
153 230
114 185
92 150
3 152
43 84
129 273
233 253
126 238
14 85
88 258
109 277
132 267
35 36
67 213
57 109
186 230
218 280
23 174
239 262
6 232
61 258
93 220
100 122
32 95
144 286
16 261
33 94
121 241
197 277
28 68
9 135
42 232
65 224
149 223
24 224
7 25
122 266
0 129
83 280
9 131
164 275
6 94
6 188
34 262
137 200
3 201
171 208
156 264
30 173
56 272
26 77
190 225
11 147
119 134
156 215
70 254
101 269
41 136
237 263
263 276
59 134
130 281
73 182
123 278
2 12
78 124
176 196
105 268
43 135
22 162
43 117
109 128
143 278
151 281
197 235
135 267
108 242
37 222
10 271
8 261
113 186
51 247
89 130
62 255
141 240
198 266
27 108
129 279
169 270
43 57
106 219
121 286
166 189
210 247
75 201
26 94
11 38
65 87
151 252
12 88
53 279
26 266
21 71
57 88
2 218
216 234
99 266
40 142
174 268
228 264
76 162
38 164
103 244
71 191
168 255
176 229
19 77
124 214
55 201
66 231
103 280
226 239
33 192
32 141
126 256
50 110
135 247
100 190
38 260
170 220
228 263
189 282
52 144
123 213
87 212
23 276
63 65
104 214
108 210
64 145
92 115
166 220
30 274
44 278
134 173
177 268
94 195
178 193
231 281
19 73
14 191
7 225
235 237
183 211
158 278
27 219
63 86
83 94
121 280
17 183
37 109
66 76
8 89
197 248
106 163
194 258
207 221
212 269
114 174
98 122
1 59
93 217
23 223
45 119
198 262
87 270
143 150
37 216
60 100
152 213
29 88
91 174
64 203
52 251
117 157
71 100
95 108
11 157
12 151
55 275
243 251
91 112
199 204
53 164
23 182
147 284
141 213
94 109
105 195
136 165
59 205
89 274
155 236
156 206
90 216
22 201
121 223
28 169
49 179
40 238
14 35
44 58
9 123
12 89
61 247
26 218
149 150
75 107
119 158
191 286
263 265
197 243
254 278
219 283
215 220
44 188
108 147
133 149
78 215
94 213
136 172
21 49
17 286
80 170
34 165
112 133
0 125
23 52
87 245
44 52
105 183
43 218
99 109
133 239
15 138
15 244
11 212
64 207
147 187
103 127
137 230
25 30
222 231
118 232
168 236
24 132
115 196
97 276
80 221
232 248
51 60
103 110
68 135
65 71
88 110
221 272
92 207
53 72
66 80
108 238
193 222
95 224
18 171
86 140
104 207
205 250
113 153
23 207
53 270
174 277
149 160
140 257
22 98
86 246
170 190
8 246
56 200
60 212
176 217
189 248
156 211
92 189
130 271
66 74
108 179
93 123
132 268
114 173
166 185
5 153
241 247
42 148
10 220
32 120
106 223
18 53
27 54
112 125
199 280
18 269
126 233
17 43
57 254
19 105
165 248
93 282
62 140
14 88
68 236
209 262
196 221
278 285
28 139
191 223
148 163
130 223
86 168
17 168
102 219
117 286
93 230
25 107
124 150
47 102
40 169
174 259
53 247
42 210
29 254
95 262
86 264
125 165
187 276
256 286
148 210
9 245
77 161
248 266
19 188
59 128
27 155
82 104
80 100
78 207
20 103
204 260
29 240
162 209
113 226
35 99
36 228
63 255
76 128
110 280
87 241
69 77
171 223
232 263
47 160
25 58
49 62
152 181
33 244
13 246
168 264
165 222
210 280
53 63
41 174
68 113
115 235
99 149
80 130
75 278
146 261
152 177
35 236
174 194
158 220
37 78
106 241
94 129
29 223
116 200
14 213
27 86
36 168
228 283
42 109
78 104
92 242
199 286
211 247
126 161
84 224
18 229
214 280
198 215
27 223
167 258
59 97
18 233
34 163
1 24
111 246
12 28
199 274
18 75
9 195
58 159
71 128
12 278
106 117
20 134
80 119
16 119
163 226
150 200
23 166
27 127
195 213
134 177
12 280
171 184
26 120
111 167
51 63
210 214
110 136
32 243
63 230
162 243
192 209
44 74
69 260
38 47
79 131
1 210
26 191
216 280
109 178
72 211
177 196
101 208
102 128
125 174
86 175
11 155
137 175
119 139
176 233
75 254
3 220
27 220
64 101
154 208
69 147
174 201
137 226
83 187
151 176
39 108
75 90
199 282
36 150
10 41
180 253
50 239
62 75
60 68
214 224
7 243
225 281
279 280
83 259
68 147
103 268
136 263
20 258
9 235
82 204
57 227
124 164
4 19
124 276
54 64
88 213
105 185
152 201
34 162
15 142
202 216
215 275
17 162
60 130
41 221
36 217
164 177
173 189
147 156
35 247
23 231
167 199
133 221
42 88
15 188
18 111
3 256
165 255
46 210
134 192
225 233
15 31
73 162
18 211
190 256
106 228
147 208
101 124
140 219
50 256
130 244
127 164
236 281
20 158
9 198
80 214
13 105
51 113
6 102
36 161
44 269
35 204
156 237
140 199
136 234
67 122
4 191
84 257
13 254
205 228
16 241
255 283
222 230
67 145
40 171
14 102
180 206
120 192
36 261
91 101
240 248
128 175
84 213
34 264
176 266
100 182
45 219
19 51
203 277
125 173
99 198
102 227
137 174
194 195
188 259
188 205
23 46
135 217
79 149
251 262
119 278
81 229
54 187
105 222
89 275
158 199
72 114
5 124
119 210
91 157
15 72
37 143
102 240
12 116
46 235
41 42
191 254
160 217
22 181
59 184
40 160
98 257
113 257
61 127
125 224
217 273
123 225
33 199
48 203
33 231
120 176
40 74
168 216
65 201
125 245
2 90
115 120
80 279
101 258
112 222
70 88
59 210
30 50
127 255
27 65
35 197
162 223
78 228
151 258
87 192
14 217
23 203
6 103
19 136
195 205
89 235
215 250
222 225
172 238
19 165
67 237
29 163
240 279
39 272
193 252
69 154
100 177
85 168
98 243
125 272
23 148
160 237
229 274
47 101
108 180
28 246
189 280
136 171
116 203
107 113
38 71
97 130
103 253
4 190
130 196
57 249
113 230
4 126
54 86
66 96
22 212
57 212
13 171
114 262
177 279
124 146
182 208
56 74
55 208
66 143
126 205
15 145
189 249
200 221
6 147
116 170
188 270
14 95
17 59
18 155
7 184
62 225
245 262
126 154
99 257
88 199
61 130
240 249
184 188
75 259
23 265
193 220
55 263
98 221
123 155
143 157
4 104
165 208
235 238
131 281
155 244
61 197
113 268
13 117
32 216
86 282
264 271
187 248
88 245
81 94
77 209
36 238
65 233
11 111
115 188
46 75
57 135
201 233
81 254
52 139
107 252
15 115
84 207
66 71
9 95
40 224
46 281
39 224
99 249
52 60
16 117
20 280
32 214
249 262
221 243
120 212
111 235
101 177
142 278
172 185
118 253
12 68
56 212
195 262
105 125
180 191
88 162
144 251
79 170
8 232
77 133
0 76
27 210
188 277
10 74
128 133
239 261
166 286
169 216
38 195
194 224
169 254
214 255
38 281
83 209
47 161
203 223
27 238
31 110
89 156
43 77
51 134
157 183
159 176
0 51
156 217
10 199
111 223
154 164
83 120
108 263
38 105
30 152
146 251
74 231
129 264
55 265
201 215
125 157
29 32
51 170
111 147
176 263
14 46
34 52
60 77
269 273
30 251
42 110
246 257
3 257
11 109
48 164
153 271
122 157
3 159
37 230
270 279
30 275
269 282
104 236
4 157
109 268
122 253
133 264
159 201
51 96
196 263
111 131
145 241
24 249
51 286
142 212
110 214
121 243
53 230
195 240
55 261
225 284
28 61
124 244
37 66
4 45
6 198
110 178
141 254
95 200
148 159
148 216
1 91
52 156
129 244
3 121
250 269
206 235
188 268
254 261
49 161
219 244
112 257
83 183
23 175
166 236
176 244
11 41
272 275
116 245
117 136
64 135
38 204
98 224
29 171
2 122
189 260
131 147
111 286
84 261
79 119
102 199
121 191
26 225
35 84
152 266
98 247
128 226
106 140
56 255
97 157
101 160
87 161
27 257
122 133
27 255
65 243
92 93
56 233
36 91
32 150
0 13
94 277
58 144
134 208
13 172
27 260
48 69
16 225
84 86
189 267
156 227
180 198
16 130
68 202
51 176
7 241
13 213
176 219
73 259
102 255
61 62
117 130
103 190
171 255
16 132
71 81
35 104
220 258
99 206
40 228
28 39
227 268
22 152
2 54
212 225
65 219
0 25
214 267
38 122
265 266
8 43
161 259
105 220
227 243
121 269
128 158
249 277
34 70
135 190
109 142
166 270
64 111
204 274
27 232
81 91
223 228
47 89
140 167
144 239
18 219
114 215
120 224
10 139
171 179
129 198
20 243
117 221
91 164
9 100
100 155
12 202
152 249
3 149
4 124
38 79
65 215
57 192
62 242
93 236
76 243
67 170
98 166
160 185
41 123
16 258
216 249
24 257
127 202
64 242
57 171
16 78
147 178
25 197
12 174
219 221
254 258
182 224
77 131
126 228
58 164
88 159
56 261
156 280
207 249
45 86
140 212
234 255
62 283
171 189
96 166
134 285
50 65
31 272
58 142
62 176
95 276
56 231
61 167
215 217
189 202
27 142
57 123
120 246
36 229
39 245
189 261
22 265
194 216
233 269
114 223
8 135
100 216
136 201
163 179
73 146
22 175
96 99
27 240
191 256
209 234
40 272
43 80
156 255
124 168
119 206
184 255
62 123
65 97
139 263
194 239
39 81
253 284
62 268
235 243
97 199
11 158
113 140
45 185
114 117
33 35
106 224
19 112
142 186
186 226
81 187
148 212
151 211
22 130
71 167
202 260
26 92
205 252
177 207
15 186
254 270
16 125
239 273
112 272
41 169
131 250
50 162
108 232
62 215
190 250
49 253
203 245
84 253
100 131
77 102
107 234
93 211
131 168
204 282
150 248
130 245
12 139
14 210
229 231
42 49
98 263
143 212
87 229
162 245
104 260
99 194
2 214
7 71
5 252
102 172
2 136
28 111
98 214
52 167
32 49
128 136
231 259
86 127
41 44
51 73
99 160
103 111
262 278
111 162
223 274
34 201
107 211
59 171
73 187
10 18
267 276
238 258
147 169
29 262
128 152
44 180
75 203
218 263
29 48
227 283
61 134
97 243
114 156
134 140
145 215
33 206
77 176
179 268
123 257
63 262
173 185
34 258
156 276
56 277
65 79
126 273
119 201
156 279
21 91
108 213
5 195
31 269
35 128
5 14
40 76
204 265
8 204
87 121
77 156
58 91
110 199
221 242
86 266
52 200
41 268
22 171
124 128
181 258
47 93
105 237
57 244
26 30
213 286
34 280
201 271
86 234
26 165
153 243
135 137
76 196
39 118
19 166
26 74
52 179
89 271
141 264
168 227
84 264
47 140
28 106
66 141
3 164
43 141
59 104
171 225
77 182
39 254
248 276
91 269
159 276
135 167
45 229
25 185
42 245
35 58
280 285
19 86
7 101
13 177
83 248
157 174
150 202
46 101
38 108
117 253
56 164
68 75
17 130
5 51
235 244
30 126
70 244
117 153
112 190
135 234
11 91
11 203
158 277
115 161
52 136
274 278
89 122
182 250
76 202
45 180
19 277
122 227
73 282
80 246
103 203
123 149
37 119
22 202
118 190
43 254
54 216
119 122
152 235
76 220
264 274
9 134
182 270
49 150
41 231
24 133
156 239
1 183
4 148
32 114
99 142
274 285
5 211
74 150
227 248
56 124
47 268
69 283
51 267
30 265
2 33
47 61
67 144
190 204
99 216
55 115
59 224
259 274
25 148
192 219
97 242
162 178
79 275
120 219
91 98
32 252
88 149
37 145
96 119
25 230
13 220
110 150
239 272
155 270
31 57
113 218
23 224
161 257
29 35
205 264
99 182
23 88
99 161
71 198
130 200
80 116
193 248
169 284
175 235
226 236
233 279
50 124
58 171
202 227
235 281
111 272
76 214
86 269
142 283
76 101
23 132
6 202
49 88
219 276
70 131
142 192
156 202
64 148
124 155
49 162
49 196
90 98
23 262
71 248
196 235
61 274
19 101
153 276
152 171
76 267
36 144
32 282
33 214
22 73
144 274
56 262
59 90
136 261
43 207
3 213
134 170
44 66
30 112
186 194
51 274
19 125
158 235
125 212
64 120
2 44
106 257
60 281
22 47
117 254
224 225
160 200
44 211
105 146
175 266
2 74
170 230
99 131
25 28
206 280
54 93
0 233
119 225
10 113
39 41
176 243
36 105
10 53
32 205
160 199
59 153
111 143
80 268
18 216
33 270
20 286
87 286
139 242
9 27
103 234
14 241
27 28
178 227
124 284
90 195
28 175
105 176
68 160
79 165
139 278
250 253
72 86
104 227
143 165
61 196
239 259
98 245
45 203
90 186
69 228
176 277
15 220
167 263
55 78
219 262
14 33
29 64
202 275
13 190
25 231
123 243
106 213
18 239
182 242
76 160
201 229
66 159
0 18
172 203
84 200
82 114
181 245
47 256
21 140
71 158
127 184
169 272
216 220
148 187
159 205
45 88
59 87
21 163
102 216
69 193
3 147
194 205
25 46
64 142
222 284
211 230
69 264
134 273
38 143
71 147
196 240
56 102
118 265
42 132
188 209
83 136
32 76
140 228
66 133
59 121
27 138
49 245
178 218
100 231
142 172
2 21
82 282
249 279
96 140
147 252
51 208
0 245
94 173
54 146
225 273
19 174
210 242
62 193
69 225
101 152
55 176
98 230
64 187
101 174
21 30
78 154
101 281
25 103
135 165
230 240
78 116
232 268
267 269
46 79
130 277
233 249
65 184
22 95
23 161
20 88
100 267
62 266
50 217
116 244
240 274
112 200
144 246
266 286
14 186
20 79
178 265
218 236
233 280
37 232
37 217
172 240
147 204
114 147
173 282
82 240
28 216
67 167
145 285
19 286
200 275
159 200
111 214
5 119
33 95
122 259
77 199
193 233
150 157
60 234
228 279
83 185
86 222
235 284
154 240
182 184
27 153
116 153
36 56
3 154
56 95
172 246
137 259
155 160
7 273
20 228
63 201
51 77
94 275
13 17
95 158
38 154
152 230
12 183
146 219
4 79
133 164
80 176
28 160
165 285
17 56
55 280
14 31
70 123
29 255
47 277
214 228
93 111
106 183
12 132
245 247
57 214
93 238
29 40
28 149
47 274
74 81
41 257
102 114
143 241
2 170
40 125
57 58
6 282
195 198
129 256
134 261
213 237
257 264
11 129
91 132
60 95
79 158
219 274
38 226
46 270
57 268
141 230
6 154
164 267
51 178
82 130
49 188
87 255
79 276
154 236
115 263
21 284
225 255
126 209
104 230
93 135
7 67
11 230
31 46
118 251
13 233
39 252
108 214
124 278
67 118
107 127
18 101
41 202
67 203
50 264
79 129
104 157
71 194
1 11
122 176
140 197
26 238
88 120
22 205
85 117
141 221
44 171
56 131
75 104
40 90
17 203
113 221
86 159
145 225
2 203
104 265
284 285
48 220
10 243
60 192
2 286
211 223
48 92
48 219
86 245
73 258
34 112
10 120
242 285
12 155
146 265
197 203
100 130
119 140
10 62
45 258
3 119
85 278
132 269
56 67
254 260
190 277
51 181
39 193
8 122
64 132
0 15
81 277
112 217
31 244
8 59
47 202
136 164
78 263
92 94
158 233
157 249
219 265
230 247
12 127
24 240
146 208
203 258
261 270
50 251
89 216
126 140
18 69
56 117
71 126
13 95
125 198
26 121
91 185
0 70
197 263
53 282
114 139
17 61
212 274
14 215
53 246
14 91
30 231
126 180
206 277
92 156
5 171
29 195
202 234
53 153
52 120
155 190
103 138
49 108
69 231
42 84
73 249
82 237
165 225
138 239
67 86
9 284
59 108
41 247
61 227
120 196
95 208
77 117
92 221
41 124
102 150
51 92
114 260
37 248
2 92
126 211
99 101
138 260
150 214
193 265
45 65
2 149
128 286
26 33
121 203
63 256
195 217
103 186
82 189
29 146
81 202
95 205
144 166
11 59
22 277
55 149
215 249
201 230
95 252
59 259
23 114
79 192
188 260
54 247
92 96
100 192
201 211
87 199
174 223
185 267
0 2
96 233
5 80
192 235
131 150
121 257
232 267
135 194
202 223
68 199
58 80
146 162
50 254
59 140
120 164
127 248
219 261
108 157
13 234
93 208
72 93
170 185
23 154
140 256
229 264
148 192
45 78
8 194
50 98
7 97
139 276
132 177
48 168
90 150
155 202
222 285
170 177
248 267
92 100
63 227
102 175
243 269
49 170
146 177
204 235
123 204
131 201
194 251
47 154
161 253
5 35
9 254
30 256
93 109
8 218
80 110
0 56
111 140
198 204
180 182
228 230
46 276
22 262
34 82
100 181
87 92
39 233
81 197
18 213
178 205
219 227
148 161
66 246
48 116
38 179
114 273
70 243
55 124
91 97
64 210
80 133
160 274
37 275
184 279
55 218
195 230
134 172
234 263
38 130
33 204
12 200
96 98
1 220
53 269
17 173
35 105
208 267
142 193
55 65
89 94
162 272
144 231
17 100
131 272
62 279
80 107
141 170
33 185
193 259
66 145
84 105
9 168
104 158
72 242
80 193
128 238
16 18
49 116
88 136
28 248
81 131
15 153
30 244
67 171
165 262
62 272
141 164
32 72
197 209
3 29
16 213
27 154
12 111
218 228
101 251
162 214
98 148
137 285
125 142
116 148
178 238
24 263
60 264
19 204
72 162
101 162
40 197
222 268
99 138
0 239
70 83
17 120
215 231
68 240
14 249
98 246
83 229
116 150
214 283
192 242
113 251
119 165
79 180
35 116
100 188
100 142
105 145
52 274
29 247
26 136
158 208
136 270
10 274
109 214
11 92
31 262
214 232
78 277
166 184
45 240
213 218
68 148
159 203
144 199
31 108
5 7
20 274
232 262
31 168
143 228
162 210
79 226
82 125
76 172
200 202
17 23
9 161
104 126
36 198
165 227
55 243
35 161
147 253
19 22
226 282
14 276
151 193
143 274
120 209
94 242
134 282
24 181
42 182
13 274
4 68
61 83
35 70
85 272
83 231
26 167
89 259
67 222
18 34
166 183
143 264
113 217
18 226
151 234
81 186
125 172
165 256
57 163
79 194
38 231
92 228
30 219
140 184
81 129
59 255
228 236
30 38
138 149
3 235
100 202
230 263
174 217
98 281
220 245
250 284
59 80
210 253
65 147
62 95
104 252
45 75
33 203
70 134
186 233
80 286
224 251
92 176
158 212
104 210
228 278
244 257
79 238
115 160
14 67
190 238
138 215
7 209
197 228
49 277
52 158
214 248
67 216
158 282
64 271
95 126
78 162
46 284
40 166
164 216
251 279
52 248
5 273
24 255
11 149
157 164
77 124
115 234
88 106
93 194
42 226
159 241
268 272
10 90
16 255
157 274
226 235
77 129
22 43
252 282
21 219
42 173
131 249
143 277
99 126
84 184
94 211
157 166
150 270
211 225
49 270
122 208
120 159
7 41
27 42
62 278
177 190
228 258
54 81
165 202
155 273
99 207
30 44
162 169
86 263
77 218
12 250
85 257
231 255
106 244
131 143
69 239
59 228
83 152
15 243
20 85
139 158
126 142
79 80
5 239
5 221
1 257
39 174
52 165
36 249
67 123
3 268
10 71
153 194
131 193
246 263
48 107
121 250
163 281
19 284
156 254
10 72
4 146
40 239
107 278
146 149
30 221
42 204
1 171
133 268
72 87
164 242
14 238
4 201
140 179
259 285
185 270
34 228
32 269
92 254
29 69
124 166
70 71
182 222
174 233
21 26
98 114
77 187
94 157
179 247
178 240
204 250
124 129
169 255
179 210
104 147
156 213
131 232
76 282
30 208
90 209
74 246
49 70
148 183
32 217
84 124
249 276
137 215
74 97
93 120
59 216
188 194
45 114
64 112
153 177
164 197
58 99
17 129
185 238
108 265
73 279
202 285
238 250
199 251
126 284
122 239
12 136
215 228
22 208
106 169
129 276
158 230
62 198
88 143
98 216
87 206
112 227
10 251
151 270
184 253
158 211
23 282
52 268
54 212
122 255
113 274
89 150
26 44
208 245
3 186
8 78
12 156
100 240
145 276
104 268
165 286
3 31
3 114
149 283
33 70
119 120
165 201
214 261
72 248
42 123
146 190
104 167
67 182
57 246
201 256
27 241
80 263
20 161
37 215
143 262
35 158
193 209
162 220
74 201
234 261
47 153
5 284
216 239
50 250
47 116
49 214
37 169
202 235
48 132
145 266
13 209
62 252
125 170
95 245
104 201
135 172
120 259
55 188
141 142
71 259
111 119
34 282
164 247
68 80
258 284
61 168
13 162
117 217
175 179
21 38
117 176
89 262
167 190
161 266
11 52
87 222
33 159
11 60
164 190
192 232
122 127
0 155
2 226
1 90
122 264
41 223
158 256
51 83
238 242
17 69
68 77
1 138
26 245
270 282
102 265
63 150
151 278
199 284
156 183
52 210
69 258
141 189
36 143
19 162
41 242
173 267
7 231
5 177
146 152
26 263
88 171
206 267
99 244
180 258
112 241
171 205
241 262
172 196
35 227
120 267
13 200
104 206
72 131
156 166
206 238
46 81
59 73
45 223
244 279
31 119
89 178
56 189
248 284
137 264
87 180
62 282
129 163
122 218
76 274
114 256
174 247
39 76
80 213
124 175
180 237
0 91
180 227
50 268
85 95
173 246
170 219
35 226
10 278
230 254
41 201
181 247
134 164
76 191
150 189
57 233
127 249
92 126
79 96
30 136
39 60
135 154
119 269
4 278
7 57
38 120
197 255
22 219
200 207
18 37
177 180
88 244
74 108
34 204
116 215
175 280
147 228
65 107
57 185
170 253
178 249
262 283
176 209
136 174
236 271
5 262
12 189
100 277
176 285
193 219
207 280
22 45
246 270
48 254
88 212
14 275
119 258
33 284
52 257
115 256
169 221
111 176
234 262
221 275
68 265
178 264
115 206
179 256
4 235
76 176
132 154
96 181
55 97
179 228
155 260
46 147
97 140
193 211
48 171
111 242
77 90
70 121
37 116
86 196
111 168
70 225
170 229
106 208
256 279
62 214
50 115
169 186
210 243
73 199
34 216
36 195
114 120
119 234
123 275
108 121
20 110
141 283
91 147
265 283
9 162
217 239
200 262
168 286
142 247
47 112
12 177
170 214
61 159
40 241
35 184
244 248
61 190
15 221
73 170
2 88
133 255
173 205
71 180
7 16
89 153
72 269
74 238
41 265
224 238
96 200
227 263
4 36
87 181
92 208
64 197
175 239
132 245
98 126
69 188
83 87
108 170
34 223
69 97
11 34
243 254
117 177
143 163
27 169
10 262
60 229
118 122
6 62
96 162
32 68
132 276
36 41
195 209
225 282
56 171
58 146
223 237
128 256
113 228
67 234
29 52
7 12
72 153
24 97
146 223
23 235
28 126
91 274
51 75
16 159
45 46
75 145
55 80
174 185
90 122
26 163
63 228
61 169
40 101
195 237
203 225
238 261
67 188
69 244
224 264
131 260
175 282
214 277
89 252
172 284
132 180
119 180
60 218
173 228
221 224
13 183
108 159
60 184
18 240
98 273
147 162
180 285
87 100
178 182
154 249
23 141
130 224
22 25
88 205
62 271
221 222
20 74
115 266
0 6
232 238
86 229
58 67
230 236
188 253
160 267
111 230
75 173
111 122
37 272
4 64
103 135
205 225
91 196
168 175
199 247
100 228
37 219
16 203
167 262
107 163
111 133
96 216
227 233
139 155
144 278
44 150
30 45
62 244
191 224
7 210
4 221
76 150
145 262
144 167
133 210
66 273
122 286
37 268
16 96
56 147
51 276
175 192
6 261
267 271
10 175
225 268
115 253
34 84
70 109
211 221
100 163
45 176
7 259
169 267
46 255
107 138
1 27
223 266
6 123
179 212
20 45
211 278
100 254
53 134
24 45
50 259
51 179
0 253
29 73
86 258
238 286
96 146
247 253
71 284
95 159
203 208
27 113
149 197
210 263
35 120
23 115
45 208
19 282
2 127
22 172
50 71
189 242
155 187
84 225
240 242
213 233
141 279
42 150
27 193
200 237
83 168
15 173
50 243
3 56
71 257
35 47
52 69
58 121
60 273
93 241
179 208
72 181
7 206
268 286
1 123
31 229
157 181
125 255
167 183
109 153
103 243
142 202
76 226
37 237
13 39
68 87
132 135
101 249
214 216
64 173
198 279
167 230
67 275
207 272
153 163
69 217
18 165
52 242
90 267
93 190
236 265
65 286
31 54
140 232
42 120
112 243
58 219
6 29
65 72
232 286
182 185
130 174
67 173
55 172
0 26
27 160
193 286
161 277
15 174
68 117
0 269
7 17
85 259
99 228
180 189
114 278
91 130
43 241
84 111
158 221
8 185
114 205
6 237
199 208
3 148
163 209
179 250
54 226
29 123
141 271
202 271
35 231
128 243
102 209
186 274
26 41
4 286
45 116
113 211
4 10
5 275
250 266
237 284
77 83
138 282
98 200
41 271
16 223
137 158
133 247
190 284
70 147
31 228
154 239
72 240
143 200
42 200
137 161
220 234
73 263
158 184
2 165
161 265
59 174
189 218
143 197
9 174
6 81
2 247
19 195
32 221
121 232
249 275
18 262
228 260
2 125
115 198
63 260
15 208
145 194
55 251
204 262
127 195
94 137
37 45
90 102
10 195
4 195
12 137
38 206
37 93
112 225
172 230
98 202
71 173
81 174
40 248
91 95
6 239
53 263
162 204
199 221
218 261
153 188
122 245
29 179
112 172
51 150
62 173
73 75
183 239
118 248
89 127
171 286
63 121
41 86
78 275
20 146
25 286
117 155
91 176
123 274
231 250
41 217
214 246
17 193
29 154
29 206
168 226
100 119
202 239
49 143
132 258
178 275
21 99
46 138
102 146
16 36
70 143
224 240
80 83
105 244
2 130
39 86
123 209
223 257
42 149
204 219
163 200
69 102
223 233
107 191
192 248
1 169
41 158
68 173
197 218
113 265
111 228
202 207
77 88
67 284
185 200
40 132
137 169
52 80
145 209
77 89
101 230
9 179
196 248
22 44
75 216
143 255
140 141
61 78
195 241
12 170
95 217
179 257
83 274
69 146
102 269
145 161
13 93
236 267
70 213
224 270
31 214
203 285
149 266
51 219
70 223
64 140
240 269
82 207
97 143
116 285
86 242
85 277
103 129
15 154
150 187
6 57
136 225
35 89
139 196
143 196
74 119
245 269
133 204
72 193
74 207
119 214
54 183
126 206
136 161
5 10
96 256
61 74
0 52
52 159
156 256
134 165
84 174
155 234
193 249
49 100
215 274
104 183
72 186
117 202
121 180
35 270
2 23
118 274
87 120
64 272
138 265
26 106
197 244
53 228
121 200
136 149
37 226
110 269
27 129
55 171
71 139
111 139
10 110
132 208
145 146
85 219
159 278
26 213
93 155
101 286
43 50
54 112
79 186
27 278
0 128
21 136
133 211
187 268
28 177
47 245
191 244
56 232
127 198
56 176
98 275
48 53
0 145
63 244
8 35
17 46
151 253
156 178
24 99
178 257
116 133
32 254
191 234
143 245
53 275
26 254
209 235
40 268
24 262
78 118
18 97
189 272
108 202
138 199
67 268
150 242
181 231
113 225
55 104
22 261
78 258
15 60
25 279
9 51
128 194
44 78
68 187
231 243
73 147
128 211
230 250
247 268
191 276
98 177
50 286
159 222
69 267
50 220
176 193
102 215
72 125
68 284
176 186
179 248
19 144
70 117
57 283
43 82
23 158
52 186
19 32
13 174
47 175
92 140
52 79
201 234
45 80
134 149
3 205
71 276
97 146
205 284
12 219
110 201
31 204
36 61
79 203
80 145
14 32
34 110
32 232
127 216
55 122
101 189
52 68
94 199
110 194
249 270
237 272
151 254
119 250
121 192
104 204
8 80
162 188
168 207
140 172
97 125
147 207
170 184
113 201
154 230
114 220
133 244
39 248
34 49
77 142
72 187
58 212
253 270
116 231
70 188
27 74
145 273
55 56
42 50
48 75
253 258
180 192
74 212
43 278
217 250
104 279
46 47
2 264
219 268
261 282
200 224
242 258
75 142
166 223
36 51
156 273
19 141
17 65
16 87
85 223
169 194
197 240
206 219
5 249
255 268
44 261
158 258
74 171
240 280
20 86
215 280
102 167
45 143
51 248
20 244
186 190
46 63
34 130
39 53
136 255
77 235
106 220
224 269
164 265
14 43
70 159
55 100
8 225
22 140
64 161
107 171
122 212
98 111
38 162
254 263
66 158
240 259
56 156
23 176
203 217
159 173
43 231
73 214
57 202
49 187
233 263
165 221
76 144
253 266
142 175
153 219
47 52
107 270
84 226
27 226
44 126
51 199
96 239
21 125
86 97
42 94
112 186
102 106
161 241
138 267
10 125
40 182
95 117
62 241
49 238
198 268
44 53
147 256
42 218
15 111
126 171
10 36
105 257
192 226
83 170
14 159
73 237
25 81
63 110
215 233
29 200
222 237
97 177
255 279
16 147
30 210
55 105
65 168
56 269
189 263
83 178
73 189
73 78
12 49
239 274
1 70
247 277
47 189
109 218
186 197
196 197
109 149
212 223
162 183
49 199
69 271
192 207
27 128
90 229
16 100
140 231
22 67
57 264
106 260
145 201
139 253
181 211
188 193
15 256
75 163
85 195
23 171
11 66
191 222
235 257
53 91
64 198
149 207
90 138
162 268
197 253
219 228
36 211
48 94
91 284
117 122
26 39
121 253
64 230
45 231
151 162
136 137
34 58
9 246
58 176
59 126
52 220
229 256
145 153
29 233
54 126
201 251
102 250
79 202
4 44
69 274
65 230
160 225
105 201
148 165
122 233
36 134
37 55
95 281
185 210
259 273
147 173
6 143
162 266
5 185
7 114
148 178
80 136
157 228
131 228
125 265
190 216
20 180
9 111
22 63
106 154
97 151
108 283
126 149
50 77
206 262
120 279
57 180
132 249
75 79
44 198
19 274
106 253
91 121
80 244
151 172
16 245
148 270
181 236
191 241
110 209
176 226
23 245
31 69
192 229
68 120
35 97
64 228
138 247
151 217
15 133
274 286
2 152
128 233
37 285
137 138
159 250
105 226
34 66
77 112
117 140
76 231
55 256
45 192
26 241
58 71
143 246
41 213
132 231
95 153
101 193
94 194
93 278
150 166
70 138
20 138
2 240
137 180
63 96
4 102
217 238
61 206
177 205
171 175
224 281
19 219
43 94
7 160
96 182
145 184
135 159
146 159
152 183
204 247
147 263
109 179
111 113
10 102
141 222
7 10
16 34
25 80
60 179
176 279
24 35
216 223
97 255
28 44
98 226
34 213
158 279
181 218
73 115
131 176
146 259
90 121
200 274
110 271
250 258
181 237
54 200
34 139
99 119
23 284
56 223
145 198
78 146
50 55
112 154
220 228
121 213
103 115
42 283
103 161
10 225
50 258
34 75
125 220
169 268
104 162
44 45
52 81
54 225
2 118
207 230
18 128
160 240
28 119
121 262
259 264
4 91
82 140
58 283
128 255
185 248
13 74
76 112
25 173
35 69
129 183
7 107
39 223
57 128
229 234
221 261
16 69
40 285
30 140
18 176
188 190
110 191
108 132
250 274
54 283
38 178
203 278
242 281
81 117
30 232
65 176
113 223
5 47
100 270
80 93
47 134
22 58
179 251
32 127
2 221
49 194
132 148
221 253
64 83
140 204
93 286
173 245
73 95
79 270
55 120
36 120
30 245
107 206
30 93
35 181
54 251
183 190
47 207
59 99
38 55
100 232
67 154
16 170
0 87
132 181
128 263
146 210
146 269
109 147
214 269
154 223
100 136
145 254
88 247
6 260
97 273
46 182
103 171
42 119
136 143
63 234
148 194
246 249
232 265
162 219
21 271
13 118
10 246
101 140
16 129
236 264
103 187
142 230
35 98
25 233
63 226
193 203
69 224
89 171
154 280
42 95
101 196
17 245
43 122
15 192
146 243
27 46
112 264
69 206
0 162
72 122
79 136
156 180
126 181
207 211
139 268
168 265
99 263
163 213
98 156
89 212
183 224
49 216
2 183
1 41
164 279
65 236
160 272
35 169
22 46
12 95
61 132
163 261
258 269
141 229
206 224
36 230
91 178
153 257
102 259
14 265
198 277
8 213
7 70
44 163
40 207
114 128
168 250
27 247
246 281
22 102
134 179
32 123
42 270
93 285
157 259
43 53
90 124
78 102
150 193
169 210
50 185
147 191
176 199
36 123
107 156
33 200
87 143
94 162
90 187
48 218
44 206
241 270
2 69
100 143
62 222
141 152
172 225
85 90
58 98
53 136
56 66
96 186
242 253
84 104
227 234
115 229
71 216
52 137
90 263
99 114
194 228
213 261
36 58
141 275
203 240
0 251
89 152
177 269
32 222
22 34
36 279
43 209
118 127
69 139
207 239
83 145
248 252
26 270
9 219
129 166
0 222
262 285
79 215
12 141
198 214
61 141
21 174
56 182
151 209
186 211
22 61
6 160
13 45
50 53
51 218
9 25
94 110
20 126
0 111
101 121
58 284
11 191
18 238
150 186
245 260
2 31
9 167
20 182
88 277
35 88
6 73
46 80
82 112
69 86
114 257
130 156
35 271
154 263
231 285
159 189
22 151
123 163
129 145
73 104
60 202
97 228
40 242
34 133
41 266
15 82
95 107
1 64
72 79
91 184
81 214
158 241
159 187
89 193
194 240
58 100
236 280
172 189
29 210
199 209
86 228
118 173
136 218
40 258
2 102
218 270
15 94
129 253
205 235
34 140
226 273
225 238
203 218
1 162
130 284
36 71
192 214
107 219
199 271
168 213
42 272
131 203
128 213
75 281
180 207
188 269
13 215
261 266
89 266
85 161
198 205
61 262
22 69
91 227
121 168
164 271
74 270
123 207
245 253
79 214
85 286
54 75
28 94
167 279
255 271
149 285
30 120
11 267
36 72
6 142
20 116
137 219
137 262
175 284
104 286
134 269
127 244
141 242
175 228
70 236
47 72
168 195
121 166
70 207
148 154
86 223
59 95
7 77
51 200
225 237
49 132
33 121
84 137
69 169
236 285
191 248
125 164
166 232
109 255
48 188
152 215
142 156
114 146
12 285
148 225
220 251
29 241
205 237
103 257
166 225
107 248
50 232
22 144
51 273
77 181
74 159
66 91
79 263
110 248
101 224
14 37
102 124
120 123
32 151
85 163
74 258
52 129
20 135
107 139
20 93
35 150
90 279
53 120
221 260
51 107
88 151
75 110
97 194
56 92
105 134
9 44
56 153
49 131
39 74
45 66
43 90
12 164
168 268
141 217
190 234
106 236
116 252
242 279
0 48
134 265
152 222
95 219
71 130
51 252
84 222
234 237
5 105
46 77
131 195
55 123
25 180
147 200
91 124
108 276
179 273
67 235
144 257
90 197
108 138
61 71
148 275
171 228
96 266
98 265
32 124
123 178
109 264
29 100
28 62
162 228
32 185
50 247
184 249
46 78
24 77
171 227
34 126
187 224
107 220
9 63
130 278
77 248
69 120
34 124
3 172
195 276
196 268
100 219
38 93
111 194
183 229
211 213
124 179
35 60
13 56
67 179
209 270
120 242
126 132
58 152
176 188
62 250
15 193
196 244
40 243
157 209
123 276
0 243
200 266
11 65
26 129
242 259
43 123
16 138
5 144
41 50
51 58
9 136
0 108
165 200
228 285
148 245
82 103
200 264
128 150
165 209
171 226
61 180
104 259
24 98
94 283
11 167
133 267
97 181
176 200
135 175
142 146
6 262
1 195
34 88
74 255
57 93
208 226
177 265
22 173
121 123
48 252
128 236
188 192
184 272
31 221
156 169
25 249
176 198
0 93
90 103
167 254
36 106
47 272
5 226
203 282
171 206
25 137
21 184
6 33
180 197
69 80
11 133
40 269
69 123
9 157
59 213
46 83
38 230
41 209
67 116
103 159
143 254
37 117
29 251
79 153
5 149
151 166
28 120
176 258
169 219
116 142
67 231
56 230
21 249
81 133
27 196
194 214
56 136
92 105
54 245
174 191
98 116
90 215
11 49
188 207
53 177
158 224
171 209
17 96
127 180
135 230
29 222
254 259
54 143
254 279
3 88
141 280
17 87
21 155
44 208
48 82
24 273
59 91
44 222
249 250
73 150
88 210
10 273
24 217
124 274
30 233
79 264
7 221
21 62
202 243
0 217
33 196
247 275
175 205
229 272
143 219
28 67
41 48
148 179
80 99
3 139
102 165
0 171
33 125
120 184
0 74
100 128
81 268
68 214
90 134
40 59
82 260
85 239
180 270
53 253
83 159
29 68
96 171
52 255
205 209
50 81
71 205
112 233
7 89
23 34
186 201
217 275
67 265
16 126
61 183
104 257
74 187
28 167
24 103
202 231
174 189
44 125
50 52
107 228
89 239
129 249
144 176
171 233
59 125
37 250
86 244
167 275
175 277
225 258
27 50
79 154
52 71
32 206
28 186
75 271
214 241
194 248
111 219
36 152
86 221
80 280
2 283
30 168
137 276
53 242
167 260
3 279
63 267
128 174
64 163
147 271
49 106
87 170
65 173
214 252
220 253
158 196
95 285
166 234
64 98
129 209
92 146
0 153
15 183
92 284
106 174
61 244
194 207
179 271
35 149
73 163
159 225
201 240
115 268
53 221
24 25
168 279
43 66
31 39
12 25
45 220
130 211
137 193
71 261
135 258
174 232
240 254
4 218
162 244
42 102
104 154
149 267
85 91
111 232
76 140
56 278
20 246
150 215
71 247
178 194
5 15
101 179
5 270
18 261
74 221
84 234
165 268
16 202
7 60
68 145
175 181
109 180
170 188
92 234
58 263
232 245
189 237
16 162
62 211
84 183
117 284
33 180
49 175
44 280
69 164
81 120
127 129
184 244
139 283
80 131
0 72
138 191
50 107
95 131
255 264
149 246
129 146
123 256
60 249
149 253
39 277
97 205
88 97
62 76
20 164
26 178
52 184
70 111
72 180
90 104
84 110
165 168
81 221
1 80
155 188
182 267
122 260
24 144
19 138
100 123
75 82
141 158
174 215
240 257
18 285
43 187
22 255
156 208
0 24
58 143
42 282
182 255
27 279
153 182
119 179
18 246
122 261
54 185
150 177
150 221
162 249
26 61
17 111
215 269
133 158
0 103
86 209
17 219
46 113
45 132
218 254
85 134
168 244
55 210
45 191
84 230
158 179
43 166
131 160
82 123
59 179
56 69
152 278
138 161
38 275
161 234
124 256
9 221
169 277
138 146
127 147
80 126
48 190
170 271
52 134
101 131
175 176
85 113
136 222
144 227
256 284
116 197
61 101
7 52
26 133
11 213
69 153
21 70
270 283
60 107
49 241
71 118
6 121
36 175
142 206
81 199
48 56
56 227
41 162
197 229
214 272
53 54
51 262
51 123
11 284
8 187
37 137
102 120
20 253
52 110
124 192
204 232
125 264
187 267
48 142
89 195
29 56
127 213
142 234
186 275
21 130
64 92
208 211
116 212
94 204
59 211
5 232
11 177
197 225
22 120
113 164
13 14
35 279
71 208
132 253
112 140
55 185
213 223
152 214
226 249
256 277
166 229
213 266
20 149
41 94
70 242
169 229
229 262
95 135
10 63
103 259
120 269
240 286
20 122
124 257
111 145
143 207
112 220
185 277
105 215
131 254
16 216
43 60
129 228
103 204
99 168
37 202
252 286
84 228
76 199
133 160
79 126
4 249
157 184
226 251
16 184
8 269
99 231
123 216
151 154
85 230
0 147
71 232
159 239
78 196
209 239
110 274
196 245
23 191
115 183
18 162
199 275
27 270
133 274
89 92
101 181
79 141
15 198
168 184
57 89
204 280
6 248
111 189
198 229
8 105
33 120
137 149
140 225
153 217
83 112
25 198
196 277
50 141
193 244
93 275
142 147
263 285
29 47
85 140
134 274
142 207
61 283
130 228
113 129
146 214
102 271
176 282
200 250
114 268
19 249
145 221
8 64
4 29
155 279
112 212
139 266
122 216
221 236
33 36
115 243
195 252
52 277
188 189
257 267
59 181
112 226
215 246
188 240
49 163
36 126
111 123
11 198
192 266
212 255
1 156
86 214
119 238
113 270
188 252
114 140
41 132
58 237
78 121
216 242
36 234
166 186
45 96
155 224
178 251
36 81
140 170
38 243
61 69
29 83
192 238
116 271
53 257
97 109
113 219
127 156
149 198
161 196
148 231
94 234
144 186
144 190
50 136
29 130
90 145
88 225
202 262
66 206
39 102
180 271
72 209
90 114
74 181
67 208
31 143
166 281
73 260
15 234
180 216
122 203
47 121
15 66
126 267
264 268
135 282
58 227
94 235
36 180
44 181
76 138
9 282
240 268
9 139
155 256
42 147
91 246
48 166
107 196
100 168
169 238
165 198
184 256
21 243
110 144
44 76
51 175
28 234
107 214
84 262
113 143
3 248
6 167
59 158
11 160
87 122
142 174
167 232
25 232
92 128
85 121
39 198
69 90
138 200
244 246
168 239
15 151
67 107
4 90
80 91
9 102
84 258
8 243
100 196
108 182
24 267
113 139
4 57
90 224
102 284
186 252
122 140
151 208
267 284
63 67
135 256
144 193
81 152
54 241
85 250
42 164
105 221
226 230
56 157
43 167
168 173
145 220
83 165
72 191
91 148
72 159
172 174
28 69
107 279
140 181
108 165
34 164
151 174
191 205
103 247
66 265
131 222
48 71
77 255
147 244
178 242
13 286
63 105
7 279
141 182
169 283
34 55
224 261
38 174
52 267
83 278
153 268
74 239
3 156
79 269
51 220
118 279
157 194
92 249
94 106
10 27
98 256
20 160
41 93
139 208
136 240
79 177
39 123
20 205
106 216
13 34
23 275
118 199
19 147
152 219
14 19
35 206
14 142
87 97
23 279
156 261
86 194
149 211
108 163
80 196
21 201
90 140
159 273
187 238
121 252
93 174
207 216
53 235
244 267
15 50
183 215
185 207
124 237
30 227
104 118
220 255
2 145
35 240
117 239
40 208
249 266
109 170
167 231
59 254
172 216
30 40
153 220
166 263
92 153
66 88
77 158
85 267
24 161
77 173
6 162
116 211
157 225
150 184
139 171
193 246
56 268
45 225
137 270
100 174
148 281
18 105
98 231
64 217
10 202
49 191
96 175
78 80
46 194
109 217
25 43
98 271
50 187
46 225
140 244
230 266
103 156
198 247
111 150
61 184
9 271
121 277
156 263
1 87
104 274
88 135
37 161
6 210
160 257
146 160
105 256
167 207
2 89
56 184
112 170
0 175
110 118
51 184
59 156
31 136
210 271
196 213
176 283
223 251
98 233
95 249
44 275
23 257
110 200
33 209
146 220
104 124
216 279
34 80
70 155
110 230
72 232
181 266
149 195
120 193
173 194
146 205
85 202
108 143
63 165
36 193
112 235
150 286
196 276
91 158
86 129
118 154
87 230
199 220
172 198
140 223
128 195
29 34
157 163
50 67
64 87
126 219
55 63
18 271
136 220
98 241
13 68
41 152
113 286
58 173
35 200
84 154
17 246
94 143
5 32
146 277
102 121
14 185
192 239
29 286
37 231
67 75
25 143
211 267
103 134
85 152
46 96
124 254
88 126
5 147
66 134
88 118
237 259
84 141
192 194
19 220
212 284
21 240
46 242
1 166
67 98
197 274
179 182
4 135
14 163
267 282
19 281
9 187
78 85
164 245
257 286
60 123
26 59
174 225
76 143
77 153
223 242
113 191
173 262
29 246
52 93
15 125
174 239
145 238
121 225
31 97
109 280
69 132
10 38
3 82
26 175
20 181
124 141
63 113
51 151
121 264
7 267
28 222
23 127
144 213
207 243
11 150
164 207
105 280
99 212
22 188
5 74
44 138
12 276
147 201
51 240
175 224
54 219
225 245
21 138
104 133
104 247
25 208
8 98
1 134
124 157
193 267
53 238
2 137
29 131
42 238
104 283
73 207
105 209
4 192
67 249
31 101
94 185
233 240
66 86
15 189
7 94
12 228
88 116
135 139
123 133
15 253
168 259
4 129
5 219
28 153
13 251
151 260
265 272
8 17
68 106
21 276
53 132
40 72
44 119
140 153
16 215
209 272
43 204
121 282
174 279
4 187
44 174
224 266
40 91
124 185
38 237
72 117
147 186
241 277
74 222
4 54
23 263
107 190
31 104
43 147
37 81
239 250
16 239
35 286
115 269
105 274
44 70
92 118
3 191
33 88
194 197
20 125
37 224
231 247
143 218
191 272
15 75
97 200
60 222
36 187
11 207
25 85
6 217
226 267
51 118
11 173
130 216
173 184
126 202
106 124
91 120
231 237
30 214
158 201
105 167
2 38
140 177
230 249
102 180
68 228
85 100
87 118
7 218
6 27
129 278
240 245
10 81
107 223
260 286
74 266
98 149
37 77
149 236
121 271
100 229
7 24
76 104
16 206
39 46
213 275
113 114
198 257
20 172
1 96
67 175
149 185
103 181
62 92
155 238
53 65
106 147
104 219
27 174
12 239
193 236
198 275
26 107
27 221
11 166
20 133
173 225
94 258
72 217
106 233
57 130
13 63
44 193
14 212
73 130
239 279
89 249
73 143
111 238
31 120
33 178
182 219
141 231
118 207
62 99
62 249
52 265
8 53
23 219
109 250
165 204
22 80
76 209
17 113
48 144
13 36
113 255
82 135
201 235
126 242
15 267
77 226
236 279
145 274
224 262
204 263
218 255
41 285
25 207
48 181
55 187
225 251
90 264
72 144
41 263
119 209
35 243
4 59
54 198
54 177
83 270
90 260
184 251
191 281
119 202
61 65
196 253
229 263
41 181
67 104
189 252
168 181
37 38
90 240
5 224
195 238
15 207
48 279
10 194
161 232
21 270
22 145
98 184
19 68
9 267
22 55
49 202
62 155
78 94
145 164
7 92
21 41
148 200
28 100
134 222
13 28
178 267
69 187
34 119
71 115
129 171
196 201
9 243
218 219
87 267
281 286
29 270
159 248
123 271
112 245
255 270
197 282
58 95
92 212
76 204
63 261
229 230
83 191
177 232
86 189
195 203
19 245
73 137
15 162
250 279
17 190
50 62
120 147
38 62
52 130
13 206
209 237
5 39
261 285
37 284
170 182
20 248
118 238
182 183
223 246
6 114
103 242
175 278
133 184
205 214
67 243
65 144
102 154
233 278
53 150
76 273
52 95
115 282
190 263
106 281
86 162
44 259
163 279
68 276
79 252
124 253
167 246
107 271
6 221
226 259
156 244
35 185
13 114
48 60
33 134
94 260
119 130
85 255
39 175
260 275
208 279
107 229
12 196
62 169
157 248
81 196
25 144
12 256
124 201
11 43
176 286
28 131
164 237
17 98
43 226
142 215
19 266
219 220
34 266
47 90
27 126
90 106
44 248
199 237
52 92
16 244
197 236
121 179
114 206
229 241
55 136
242 275
113 252
165 226
210 235
226 250
84 191
14 121
216 248
68 176
40 282
0 146
122 165
189 197
24 143
56 103
1 278
206 208
121 182
59 189
53 129
77 213
165 212
205 283
17 133
36 101
13 182
193 235
124 125
106 255
198 199
201 232
94 108
54 94
12 35
18 91
67 206
121 247
38 223
103 279
268 280
164 215
146 206
132 209
24 90
75 88
18 214
20 236
26 76
134 231
165 232
83 282
82 254
25 245
151 235
72 132
93 271
30 234
158 265
26 69
114 254
109 266
110 264
178 254
78 93
42 146
57 126
29 187
144 163
43 213
16 149
37 218
34 232
156 195
185 213
86 87
201 266
39 161
23 126
1 86
153 241
7 64
29 242
77 123
30 76
42 73
64 237
87 183
147 165
3 21
12 264
170 247
15 37
89 276
52 241
23 146
62 238
60 258
96 249
130 143
40 266
20 171
4 37
10 212
35 213
141 250
160 208
110 149
103 188
150 256
25 196
35 262
148 177
155 280
44 165
135 219
60 200
25 155
240 264
185 223
114 166
7 234
5 248
46 68
196 269
238 255
163 201
48 234
55 244
137 221
18 156
114 136
36 141
165 188
126 145
91 279
28 80
150 197
248 256
178 259
34 272
6 235
54 248
55 177
110 193
5 96
150 155
8 71
232 235
21 218
106 242
261 279
56 234
14 103
54 69
18 70
80 274
48 160
38 266
20 150
129 197
135 220
13 173
79 101
185 255
175 286
92 217
95 286
95 174
183 250
59 234
134 278
42 192
66 194
70 228
117 188
23 87
160 232
107 140
68 127
107 237
54 134
145 256
32 201
63 148
97 211
143 144
64 175
72 285
22 263
205 212
168 261
45 124
51 285
77 144
34 96
28 214
21 279
182 282
4 113
46 55
43 274
194 237
225 260
13 244
157 255
92 237
97 256
205 211
7 193
149 155
129 178
88 172
126 167
49 135
211 279
89 254
87 248
119 144
12 70
44 75
64 164
57 273
1 74
19 56
64 156
153 172
177 259
101 120
33 245
118 196
68 168
60 185
109 223
22 230
127 187
25 181
29 90
29 183
121 272
2 159
40 265
137 159
79 248
108 286
92 206
127 183
128 191
85 252
3 171
13 223
190 219
111 117
164 263
111 128
4 272
4 13
6 263
99 130
17 206
222 278
11 183
52 157
102 104
33 250
92 148
35 115
121 151
141 173
27 107
127 286
164 165
117 198
241 263
119 160
46 66
3 44
85 96
94 246
51 89
220 221
163 230
42 217
57 259
30 127
57 173
64 241
30 242
94 248
167 189
219 225
156 269
130 267
19 135
48 280
92 143
109 283
65 198
31 124
140 278
247 274
238 265
30 207
60 126
2 133
121 138
37 89
96 149
32 143
2 87
90 208
149 166
174 227
137 261
31 239
44 60
40 44
138 214
146 268
73 81
80 276
89 155
5 130
44 135
13 60
252 285
138 273
150 178
217 225
44 239
94 252
123 183
34 123
63 216
67 285
152 285
4 122
214 238
8 22
86 174
18 47
60 96
70 84
157 158
55 206
104 226
53 185
15 228
15 278
2 86
2 274
53 140
71 166
9 216
97 238
53 113
69 252
127 211
136 185
38 64
30 53
24 171
90 199
56 229
1 3
29 266
106 156
41 260
138 166
86 286
37 210
59 110
120 248
191 213
21 183
137 202
91 250
2 254
169 244
20 229
146 279
75 135
14 174
34 284
125 134
4 182
52 271
101 228
118 163
108 150
189 244
258 262
41 249
8 132
39 220
79 210
75 285
116 156
44 185
111 159
53 75
96 136
52 70
172 251
43 93
47 70
24 37
13 156
63 264
43 127
104 153
121 143
101 226
58 286
76 210
176 254
60 259
38 119
127 256
68 70
32 125
212 256
179 244
137 171
22 177
190 205
125 261
214 258
257 272
59 236
41 256
31 258
53 96
165 233
34 185
153 231
151 222
65 188
117 230
116 202
230 244
76 111
40 145
72 188
6 44
30 157
49 124
121 219
115 280
140 247
159 277
129 203
31 275
53 169
96 248
39 47
195 222
35 81
141 268
49 69
124 162
214 276
12 73
176 251
107 117
136 209
16 168
104 221
15 273
97 283
170 244
183 271
53 118
41 79
77 193
120 280
131 144
83 147
34 116
32 91
198 274
19 167
99 259
168 190
100 223
57 197
141 174
126 187
137 220
12 105
44 104
18 135
187 228
76 117
4 280
71 185
131 246
114 149
105 246
76 194
3 50
132 176
121 189
12 81
203 266
22 269
144 220
57 179
94 214
16 43
38 236
13 16
186 266
16 124
35 144
207 220
67 112
50 210
208 286
32 164
35 111
164 201
140 277
58 76
183 257
81 189
19 241
232 270
1 150
238 269
21 127
125 156
7 32
19 237
65 103
88 206
100 207
131 216
9 147
78 117
19 69
158 215
63 135
10 119
226 227
131 247
122 192
213 224
29 71
28 107
170 243
118 147
101 163
179 206
69 92
175 251
56 194
83 275
92 235
23 162
146 173
146 276
89 154
27 68
145 173
92 270
61 193
146 179
27 40
158 161
36 165
49 96
131 224
169 211
75 217
43 64
148 182
25 73
27 273
41 151
182 230
167 239
65 76
82 250
90 196
32 242
104 272
51 168
100 124
126 177
3 250
4 93
22 112
239 246
18 40
57 239
117 160
190 192
267 279
49 251
37 176
4 28
177 189
91 202
19 55
31 226
99 273
197 234
125 154
167 213
9 104
188 223
132 246
114 216
80 124
77 254
15 211
87 250
67 134
230 274
34 183
8 214
10 167
262 275
187 197
133 173
86 278
93 284
43 205
151 153
46 153
100 269
174 224
81 181
20 225
77 234
211 250
195 197
20 195
121 237
101 285
87 147
76 266
98 187
10 47
233 286
138 249
95 237
20 276
75 160
96 178
51 61
82 211
37 130
92 177
29 80
37 174
111 161
144 155
10 105
162 207
207 255
129 286
110 205
89 138
226 257
169 224
176 190
0 212
61 278
172 272
146 247
7 98
57 143
72 77
127 174
119 239
265 271
10 165
116 266
94 232
99 179
130 220
1 247
231 254
219 222
153 187
59 94
61 123
4 94
5 192
16 103
21 98
18 282
95 203
82 117
93 222
80 148
28 233
149 274
41 90
184 215
56 119
84 201
22 133
115 224
20 137
1 81
63 240
75 87
236 262
41 283
120 254
122 200
76 211
65 212
45 55
134 144
43 76
70 135
14 237
78 223
35 82
271 284
24 190
161 239
10 187
131 236
162 240
49 166
166 222
131 180
22 271
65 84
6 41
92 275
45 112
56 115
82 232
112 195
53 171
144 277
100 273
138 203
33 212
136 145
35 72
63 115
98 173
21 203
73 96
20 275
148 273
13 284
156 252
65 248
193 217
188 265
45 188
73 205
30 153
20 241
2 138
129 274
79 87
96 105
132 214
11 120
49 239
123 246
13 49
14 130
60 263
246 265
0 98
86 110
120 171
80 144
151 275
115 187
123 249
112 159
235 256
2 201
71 162
143 242
74 149
97 221
100 266
27 269
257 265
166 212
37 138
2 267
3 168
95 130
202 204
244 285
155 281
37 155
40 105
208 256
15 102
23 170
141 195
158 232
55 181
167 266
48 225
106 252
75 159
229 259
79 151
85 172
117 162
165 175
54 96
125 223
73 159
57 271
93 225
201 282
87 226
49 159
9 173
11 165
66 179
252 274
153 262
21 248
126 175
7 106
30 273
79 197
166 273
102 178
220 260
59 220
252 277
22 195
93 100
54 140
140 173
32 169
59 253
132 185
50 275
16 41
44 166
19 232
24 40
14 187
53 285
52 115
16 135
22 143
63 170
211 256
32 167
8 129
47 206
16 70
106 181
133 185
75 178
115 180
83 148
72 154
69 136
53 170
134 204
206 211
0 202
226 231
151 191
194 273
38 244
17 158
189 245
106 279
216 261
12 119
82 222
131 235
251 286
11 145
38 153
79 106
160 223
20 185
1 42
71 165
101 112
73 111
54 141
177 266
11 154
147 174
12 263
17 53
41 141
100 161
252 284
22 138
106 284
152 199
2 40
23 120
41 131
93 212
47 199
32 135
24 41
213 222
12 110
163 216
75 243
141 238
121 190
21 63
93 105
129 132
166 182
22 101
32 61
250 273
50 159
142 256
107 136
206 254
103 109
28 129
188 244
3 227
205 258
82 274
172 233
94 225
78 132
98 185
61 240
57 224
84 119
98 194
91 248
209 281
4 70
23 70
4 263
235 270
100 105
30 91
74 129
239 271
186 207
77 237
22 57
65 123
1 54
96 281
57 80
28 199
77 224
191 196
160 167
48 83
44 139
118 142
16 61
151 221
133 179
3 106
98 237
132 193
12 163
8 250
119 275
227 230
85 212
35 237
145 188
161 175
190 231
27 179
68 102
42 172
90 247
54 215
2 101
50 198
40 64
6 270
0 272
9 189
28 101
83 273
237 275
4 42
113 120
219 257
89 157
144 173
41 110
101 202
3 110
15 265
16 205
156 182
227 276
136 227
140 142
50 157
162 267
68 211
122 198
208 280
78 178
64 215
87 150
102 117
44 265
122 145
41 228
0 263
231 234
187 251
170 251
25 179
100 107
169 213
13 232
194 275
103 173
59 77
76 139
8 158
4 26
82 168
5 235
225 240
21 69
196 233
170 195
59 82
25 187
86 122
23 40
151 152
98 286
47 223
252 276
26 81
53 283
12 230
128 269
70 195
16 32
116 235
58 209
18 107
42 199
31 70
73 224
139 246
53 155
175 180
179 216
44 177
131 269
7 152
22 218
2 231
143 217
131 279
19 196
79 262
56 139
87 165
190 239
133 136
82 147
15 17
102 273
124 267
82 253
43 199
197 237
91 245
42 118
115 129
192 281
110 155
113 181
230 285
190 275
48 103
90 129
133 183
89 240
267 286
187 194
130 155
242 254
113 146
143 151
7 161
78 103
150 169
205 222
130 237
161 243
18 248
2 34
160 270
116 225
121 275
59 190
5 16
73 100
85 258
166 191
186 208
82 92
77 135
60 176
69 163
153 193
132 283
69 78
203 286
52 97
162 206
42 100
80 185
43 265
12 248
77 84
118 249
64 180
162 238
102 235
89 233
41 155
5 162
73 217
183 187
34 145
47 128
258 268
43 61
45 73
58 128
171 269
30 186
7 22
75 279
198 245
25 213
8 92
209 276
162 216
0 114
223 282
12 126
20 24
55 284
11 137
90 99
87 259
9 77
225 276
52 206
181 189
11 168
218 221
50 113
10 48
120 174
188 212
178 233
83 143
4 185
4 262
45 241
206 230
100 285
135 268
206 242
80 186
36 169
236 273
187 208
243 282
242 246
84 236
68 163
30 181
39 149
74 103
137 145
111 121
18 276
14 246
6 192
9 65
21 273
47 193
0 221
118 137
283 285
55 154
152 261
192 284
19 161
21 186
31 126
95 277
30 250
131 255
85 204
139 163
224 265
128 193
175 177
90 231
122 193
205 251
77 212
86 267
179 224
30 237
121 194
135 142
28 236
117 145
6 64
191 282
108 207
31 286
173 276
8 41
66 150
60 128
57 201
34 157
152 195
283 286
263 275
51 236
82 202
20 283
97 229
75 214
246 273
95 113
39 44
7 216
234 260
19 179
73 113
43 54
3 115
264 286
30 191
83 169
273 283
186 222
115 123
158 180
260 274
179 258
172 194
71 171
38 192
217 232
201 228
177 244
99 129
67 180
134 150
157 212
190 212
126 286
38 134
32 210
0 38
95 156
4 107
120 213
95 247
18 113
27 170
233 265
189 274
118 219
169 285
49 65
22 83
73 257
161 182
120 127
254 262
8 39
184 236
6 96
77 107
30 165
28 254
137 151
61 265
18 112
21 282
93 159
106 198
79 102
165 258
144 259
187 243
213 283
123 186
50 183
135 151
176 276
222 269
49 183
110 277
50 212
21 53
6 286
19 154
29 265
1 48
23 96
48 194
75 232
155 254
107 123
25 220
186 259
79 98
82 120
160 226
13 184
90 181
60 206
108 217
208 221
84 90
47 205
184 213
70 136
84 214
164 221
0 8
23 285
84 216
72 274
41 232
21 67
56 130
68 243
8 133
128 145
152 237
122 275
75 200
193 260
247 260
187 258
271 275
29 198
110 267
124 204
57 223
91 187
147 211
254 277
223 244
18 79
72 103
8 256
9 11
87 95
51 183
74 189
22 279
82 269
182 256
2 67
250 276
117 259
78 164
4 183
158 168
225 280
12 47
122 190
12 34
18 221
156 188
67 238
199 246
77 91
43 129
18 63
112 199
141 265
111 275
27 194
14 156
129 281
60 149
185 205
10 272
73 98
63 251
149 192
82 264
167 228
104 111
127 192
54 282
183 267
227 254
169 233
7 29
32 54
82 175
261 283
35 110
73 194
99 132
1 111
41 243
24 135
53 86
138 139
9 97
123 135
90 239
172 250
78 136
22 189
187 272
243 245
71 89
58 233
161 212
209 253
36 259
79 259
68 263
36 151
13 103
46 154
122 168
16 153
95 257
34 195
38 225
19 65
200 276
90 278
27 94
30 81
18 194
1 182
14 168
17 205
23 233
57 207
1 227
17 279
132 278
24 44
17 283
3 283
106 229
32 228
99 121
63 149
207 247
105 159
60 117
83 133
26 247
212 230
31 170
64 73
28 275
82 271
81 269
38 232
52 228
72 118
119 266
4 75
49 120
206 221
105 223
78 79
223 245
120 201
56 179
41 46
90 94
110 260
16 86
78 195
56 286
253 269
86 276
78 168
14 284
57 165
128 234
78 212
151 224
96 204
3 49
63 285
81 255
131 234
23 111
31 87
225 257
97 121
66 257
48 108
21 187
34 251
252 262
73 233
85 213
13 211
19 100
167 179
127 258
7 44
24 212
135 166
189 238
13 38
26 37
182 265
207 251
154 285
174 198
9 80
161 193
224 245
164 189
223 263
94 270
71 169
102 211
162 176
47 100
232 254
60 110
177 203
91 267
185 268
171 253
173 277
1 98
172 191
109 175
39 179
130 256
127 162
29 39
202 233
71 105
192 234
92 246
213 269
40 209
41 121
265 269
169 266
45 77
149 215
80 125
182 238
158 257
268 283
135 160
143 166
222 277
68 151
219 271
222 266
183 184
200 273
139 204
8 178
136 269
95 270
150 238
251 256
139 181
193 254
41 89
135 251
124 249
150 271
57 216
143 176
4 199
92 223
128 258
136 258
13 131
33 269
76 237
12 115
74 205
11 202
100 214
16 236
165 237
13 202
27 254
25 67
146 264
57 183
173 188
57 172
172 227
27 184
119 176
57 211
84 158
273 274
76 197
2 147
95 152
11 273
12 243
150 206
253 285
30 69
34 141
24 280
231 251
153 179
134 249
184 192
139 184
3 96
185 191
174 205
7 144
52 75
225 249
251 261
274 276
71 231
161 173
58 202
45 138
114 244
161 275
58 180
7 51
6 161
24 42
21 152
151 239
108 187
93 125
65 203
21 264
42 140
22 252
247 257
72 228
107 177
37 263
158 272
118 151
42 209
42 242
89 222
71 215
48 130
67 193
91 199
231 274
94 218
107 175
54 233
0 84
99 282
217 279
261 276
31 135
10 158
82 191
218 275
226 275
31 61
58 238
162 184
67 149
198 232
33 165
123 162
179 240
135 156
69 109
242 266
21 220
52 67
50 172
160 275
128 165
40 153
32 128
168 170
105 118
87 107
202 277
185 243
131 261
156 274
60 177
139 261
124 215
143 213
78 255
22 121
151 181
55 135
13 277
54 165
173 217
187 191
60 247
139 239
72 127
34 137
22 184
105 236
40 87
42 211
183 253
93 251
31 248
11 180
0 229
155 184
11 247
130 243
212 260
98 110
160 215
26 250
21 153
143 250
20 21
25 42
22 232
32 275
44 257
62 191
18 253
103 166
45 158
105 242
23 190
145 261
166 226
257 277
133 228
93 221
247 266
137 243
141 278
244 252
233 270
85 281
159 272
182 274
35 234
175 229
206 284
13 283
144 214
89 162
133 246
161 224
138 258
49 164
76 106
57 237
137 170
4 149
55 197
203 220
118 224
222 229
130 268
56 170
207 212
176 202
23 84
11 74
15 107
0 248
31 220
17 50
237 267
151 164
157 197
109 251
121 205
138 284
101 135
40 96
55 86
90 112
29 190
4 139
69 74
58 139
131 258
46 156
104 134
67 196
126 274
61 217
241 269
6 86
106 274
99 159
56 166
239 284
27 47
200 281
5 260
37 251
144 174
192 274
125 270
95 175
96 168
34 257
99 105
164 193
18 57
5 205
95 265
73 92
134 232
25 261
142 266
33 128
64 89
58 120
43 179
125 133
12 161
37 50
49 256
124 208
212 264
22 197
83 127
141 206
49 229
67 273
134 279
244 249
8 197
126 168
187 284
57 226
111 187
88 222
157 267
49 158
248 278
111 134
34 209
29 133
105 108
51 187
42 59
113 269
22 110
92 133
38 90
196 260
124 160
78 142
27 265
51 56
31 106
178 180
20 148
97 281
136 285
107 272
22 23
96 188
225 248
83 211
71 272
175 252
192 231
47 113
49 153
196 203
56 161
171 213
53 90
62 100
173 226
43 247
31 282
77 93
10 98
77 130
73 178
3 117
220 222
58 236
66 188
70 153
78 259
54 61
10 141
75 91
124 170
110 164
37 94
97 150
81 149
145 270
39 181
218 250
138 155
136 188
187 189
98 113
93 114
60 225
219 259
41 43
113 138
57 138
112 149
79 208
33 193
178 250
120 133
91 109
110 190
100 167
147 272
16 118
147 181
174 281
123 229
178 278
95 134
96 108
128 171
63 171
18 44
79 245
6 43
241 275
65 241
13 134
70 215
9 92
56 142
11 159
227 240
44 65
35 126
15 218
34 46
94 116
77 80
70 259
8 203
84 153
12 20
29 107
125 200
125 155
122 199
25 129
81 173
20 28
187 207
157 265
152 229
51 91
98 124
98 137
143 227
12 100
48 58
197 216
117 201
172 197
84 102
125 188
117 237
27 56
243 264
56 219
230 237
20 119
46 162
18 220
29 204
54 55
38 211
104 105
244 275
30 193
73 221
151 246
198 255
181 187
87 154
199 206
39 188
95 196
7 189
76 206
12 83
128 245
127 276
14 267
212 242
163 232
116 249
204 284
185 195
64 252
132 174
162 232
48 105
129 215
5 201
247 258
50 94
0 82
75 118
158 219
17 93
39 237
68 177
220 269
60 174
105 199
10 184
90 127
60 122
3 128
30 145
134 247
17 154
41 154
22 96
27 183
232 242
32 130
67 114
26 147
26 83
162 202
139 212
19 150
85 175
5 200
126 163
117 191
202 267
31 73
223 236
222 273
133 169
60 67
168 277
40 267
102 160
39 259
85 139
55 108
240 246
25 241
113 135
112 278
8 131
60 91
210 245
247 267
203 241
110 133
181 212
32 202
131 210
23 103
115 142
221 274
101 137
0 78
199 238
165 242
30 247
186 258
118 258
67 100
12 241
130 199
46 94
201 221
6 277
112 230
39 270
63 157
58 234
91 144
182 226
229 284
6 259
117 283
66 135
12 26
91 172
129 194
50 101
95 151
20 217
68 73
167 265
189 196
52 146
16 97
163 283
16 262
24 223
81 213
160 231
122 209
109 281
47 82
216 219
2 72
83 203
7 120
11 20
115 273
45 212
93 94
22 147
154 237
147 223
29 93
3 165
250 281
226 234
123 156
5 12
44 162
3 85
31 59
263 278
57 265
172 186
68 136
166 242
83 200
6 250
257 280
39 176
82 241
80 149
103 277
76 198
76 114
66 217
75 139
190 235
139 142
146 178
105 202
114 202
45 83
162 185
40 113
192 237
18 179
76 260
11 186
92 108
235 263
83 176
94 97
62 239
116 256
93 188
83 106
58 190
128 260
179 187
60 133
160 247
157 250
27 177
215 262
78 152
49 173
35 212
68 216
139 198
157 263
51 202
82 113
152 190
6 174
152 176
40 92
118 180
11 265
133 159
71 270
113 199
28 219
119 156
155 215
69 269
7 175
3 28
149 212
27 264
176 235
43 140
200 253
13 159
13 240
53 222
14 192
181 206
65 166
143 206
220 268
48 98
232 279
71 76
228 286
53 61
43 182
164 280
238 256
9 203
3 92
114 283
90 237
113 258
110 238
82 239
191 246
238 274
135 222
206 244
135 205
137 181
127 261
169 265
12 205
50 135
230 260
158 183
127 177
43 58
60 205
22 48
64 127
21 36
37 73
151 205
12 16
142 237
2 39
238 246
37 163
95 106
79 148
39 271
114 282
124 271
96 126
76 261
119 229
162 277
96 110
140 240
149 219
28 247
67 73
122 138
253 268
36 82
102 253
93 256
122 125
84 189
46 192
119 126
127 135
244 282
133 230
2 202
69 129
38 107
121 208
120 270
31 89
223 279
17 150
36 281
91 261
31 63
34 229
191 257
21 77
179 214
102 274
142 151
8 251
5 143
178 206
5 8
31 169
276 281
117 187
87 242
179 280
53 110
47 114
10 182
134 216
173 269
59 245
87 234
10 183
25 51
32 231
0 156
61 220
107 202
7 34
131 198
36 231
131 276
65 285
170 283
58 246
101 271
114 230
240 276
36 40
164 248
45 169
97 218
235 274
146 267
56 63
131 251
73 235
93 110
33 189
97 162
125 176
30 249
139 240
187 210
97 124
127 231
47 162
2 233
64 235
94 186
76 280
164 191
116 186
175 233
68 282
29 70
131 184
0 246
62 180
50 123
0 37
37 244
122 166
59 195
80 95
62 127
269 272
67 252
62 101
25 211
159 177
39 71
66 142
53 111
171 196
107 164
206 241
26 228
206 222
97 135
32 38
67 199
108 190
133 245
120 220
2 140
196 210
186 188
206 263
20 251
16 242
129 259
98 276
27 166
78 90
151 282
218 268
62 245
100 145
54 97
74 91
38 125
46 118
157 245
179 249
11 192
12 229
6 117
6 193
50 222
148 199
154 253
2 268
78 261
120 207
104 160
182 190
182 249
175 184
118 227
157 214
25 159
45 266
66 124
238 266
27 64
110 181
107 266
60 75
22 203
201 243
12 261
46 229
135 211
39 203
235 264
41 58
115 245
4 85
98 129
121 183
45 160
173 192
87 102
216 266
122 159
149 282
19 191
218 220
114 242
60 94
40 278
186 212
17 146
52 276
37 233
227 237
163 262
15 100
2 82
115 216
145 178
121 154
25 108
120 278
43 154
138 184
4 234
151 206
0 49
71 117
124 213
52 123
31 277
30 89
207 254
97 126
260 265
106 211
31 225
135 153
285 286
21 68
22 180
202 205
49 123
11 119
41 145
1 139
16 151
48 242
1 129
138 264
46 106
17 127
30 90
88 219
86 146
121 231
106 234
213 226
94 223
106 273
253 260
110 187
1 119
20 192
54 153
147 216
98 164
47 262
29 161
42 143
57 74
13 112
2 232
1 170
4 178
16 146
84 117
180 196
168 174
176 203
119 183
26 60
22 237
73 236
187 242
87 141
165 244
27 96
94 273
109 252
14 129
85 203
44 46
85 279
55 193
29 152
105 115
100 272
53 98
189 226
34 215
148 250
50 230
16 160
160 224
186 215
4 257
234 243
105 186
62 128
118 250
179 204
24 258
70 168
41 160
245 272
220 270
180 233
110 117
251 278
4 173
121 284
26 265
79 199
83 141
26 267
121 227
171 240
135 203
115 242
147 166
1 231
46 142
167 188
45 170
264 285
52 219
23 66
246 248
59 222
84 247
139 143
47 214
3 22
58 250
86 130
135 246
10 260
204 240
25 47
155 247
65 155
130 230
10 239
60 116
101 260
249 285
119 212
80 165
113 169
188 284
7 142
59 193
94 175
112 155
55 285
133 161
228 277
92 224
131 240
32 69
271 285
76 272
130 157
198 252
12 231
53 250
254 283
115 271
43 51
3 219
63 106
93 216
76 217
139 219
47 259
0 273
85 179
95 147
117 199
3 285
88 266
94 181
94 100
112 214
157 190
47 51
74 116
145 162
188 231
19 102
37 136
10 35
173 193
32 256
78 105
104 108
14 256
124 286
207 258
166 197
86 271
69 270
5 56
37 242
57 137
43 132
87 171
181 208
95 105
147 198
61 122
52 170
50 215
157 242
229 283
44 49
62 73
223 249
75 268
45 190
185 272
48 113
136 238
129 216
21 268
108 220
13 85
120 227
159 235
35 49
29 30
42 165
77 266
112 151
66 271
39 195
64 68
72 161
90 188
16 226
251 281
152 226
83 93
20 187
6 196
107 205
50 119
175 203
9 10
170 285
181 281
227 229
171 248
26 201
149 284
57 189
99 167
72 208
188 261
19 224
51 130
100 252
18 152
96 279
142 261
63 144
165 205
120 167
122 268
37 180
68 155
137 255
70 140
88 165
62 122
159 214
90 180
5 247
53 277
203 262
5 49
92 130
109 164
148 181
137 256
12 90
156 278
123 154
229 285
98 189
147 227
116 151
148 227
165 180
76 173
38 72
134 207
112 276
172 211
112 131
208 276
48 285
20 196
267 281
140 196
60 201
18 100
60 160
260 278
139 228
44 156
126 283
16 171
186 282
220 235
171 197
81 88
100 158
170 255
10 70
52 209
48 93
26 135
142 281
15 259
16 19
134 244
93 253
114 115
86 139
158 171
115 228
132 285
134 264
59 209
13 146
88 201
61 273
97 263
124 136
102 249
137 172
42 240
24 231
76 205
31 75
12 171
178 247
68 261
227 271
106 162
2 79
115 167
198 284
168 271
16 211
53 201
29 149
133 135
165 219
206 227
206 245
111 251
79 239
20 112
36 42
97 201
151 233
68 119
22 135
73 171
153 218
119 199
27 227
51 55
60 189
110 252
13 33
57 141
90 130
98 228
125 204
75 185
7 21
105 106
72 73
90 283
182 217
57 114
51 245
242 272
32 182
149 151
210 258
110 226
57 240
53 181
58 256
227 286
154 228
103 196
95 99
162 212
24 106
259 275
57 236
93 177
222 226
132 217
51 224
14 222
36 37
23 236
6 231
206 213
234 280
21 84
27 248
89 124
111 209
78 165
82 172
67 72
145 152
42 225
159 179
67 124
61 202
115 239
84 112
143 229
33 170
133 260
185 232
116 260
60 262
79 234
138 263
154 162
62 199
19 47
20 273
163 237
109 134
5 194
155 195
197 286
170 261
12 45
154 181
236 243
91 168
250 271
148 267
71 217
96 210
114 167
102 111
131 140
120 195
70 107
90 113
17 200
145 271
135 183
41 130
194 281
35 57
16 23
4 47
62 131
248 249
64 182
158 286
31 38
110 163
2 198
37 90
10 235
36 131
21 51
101 114
224 268
24 70
46 189
102 266
105 207
14 123
31 117
35 275
21 46
43 52
217 229
172 229
124 159
57 99
16 127
10 85
199 257
47 182
0 277
224 250
129 142
156 185
158 176
27 114
62 234
74 278
30 87
30 39
42 134
38 199
77 220
139 271
104 192
151 204
174 209
213 255
95 145
92 203
50 137
138 223
157 281
81 223
84 206
114 261
83 157
118 182
73 131
103 278
35 91
25 86
159 236
11 274
44 202
14 219
51 206
102 194
78 238
8 198
85 233
33 282
17 128
203 230
178 200
163 180
34 235
61 174
131 219
186 267
85 174
0 242
181 274
152 250
115 192
26 100
70 281
3 237
33 226
148 157
66 69
71 92
163 211
100 115
79 104
208 253
28 57
87 173
275 284
138 224
47 57
40 42
3 216
201 227
71 95
253 278
90 177
185 203
37 198
18 23
26 262
61 104
22 216
2 30
17 226
31 80
15 76
156 164
48 120
59 68
28 108
107 132
56 185
128 239
151 250
29 219
144 192
3 99
134 234
184 286
126 235
55 121
68 206
172 221
102 237
78 160
88 204
170 194
267 273
112 256
37 121
88 252
32 42
109 273
247 282
164 195
59 106
38 271
53 137
87 261
71 243
211 282
20 163
153 215
139 217
90 172
276 277
218 253
24 159
4 6
65 75
72 271
10 180
58 104
174 208
22 93
4 8
64 157
9 225
20 157
36 221
100 152
26 97
123 283
27 165
110 182
30 167
81 165
61 116
8 212
100 162
130 194
34 234
126 192
110 170
74 131
97 156
28 277
84 277
19 124
39 94
34 220
11 71
137 206
126 159
6 14
243 284
165 270
179 255
34 259
47 67
100 251
120 197
79 217
13 256
72 241
146 192
27 156
60 270
152 185
94 229
79 120
50 109
274 283
51 144
84 187
235 268
7 136
51 133
62 104
264 267
211 234
140 180
135 178
7 170
60 188
166 218
82 187
39 147
208 260
130 191
28 163
164 214
63 76
101 244
101 139
7 110
79 116
150 241
222 249
22 215
241 246
196 274
162 231
125 227
43 234
183 236
47 124
34 199
95 109
248 272
59 98
110 263
94 159
98 153
21 229
61 115
166 195
34 191
163 286
114 175
53 100
21 258
231 258
175 285
177 248
184 239
236 268
93 246
80 240
30 73
71 156
36 76
111 184
189 269
35 246
16 68
79 274
40 134
16 89
229 281
83 226
65 141
141 150
17 202
87 155
29 54
189 194
108 156
119 224
29 38
73 128
195 278
45 205
87 274
159 195
30 183
238 281
110 212
96 286
28 72
25 113
127 224
173 191
101 127
97 212
184 273
255 259
122 153
77 202
15 262
79 244
185 254
48 273
146 271
126 245
3 203
110 220
132 178
44 250
196 285
80 117
233 252
53 175
134 188
144 198
76 135
114 233
42 235
96 269
19 85
141 197
195 250
56 111
165 250
152 276
25 166
120 175
143 156
163 176
114 130
241 280
19 120
44 127
33 183
271 277
157 198
125 129
9 190
10 213
46 286
95 220
223 258
92 166
38 74
170 193
138 241
90 286
203 224
194 284
92 241
73 250
74 281
221 255
77 194
121 251
36 280
99 186
22 146
3 261
111 197
79 169
138 230
74 282
94 210
115 136
145 243
91 247
112 152
3 174
264 276
151 203
266 267
9 273
56 183
15 274
190 214
13 116
175 279
94 160
54 158
5 272
233 274
78 260
179 219
13 98
152 187
115 215
29 249
65 239
0 144
72 110
72 197
43 68
34 54
42 86
165 246
179 270
62 139
196 256
113 197
154 173
20 51
61 125
205 259
193 200
32 115
184 234
93 183
23 249
49 246
246 261
160 179
10 191
22 74
109 237
164 226
115 127
16 137
152 251
118 256
62 112
191 207
49 218
29 105
101 166
244 263
149 204
157 171
196 236
130 187
99 180
40 157
76 219
68 256
95 213
41 236
53 148
215 244
82 86
43 161
50 151
61 148
53 58
196 222
134 162
117 142
206 265
243 252
200 201
114 183
120 169
65 200
107 281
125 130
57 112
54 284
62 119
96 236
5 110
44 231
259 278
61 98
125 281
193 212
122 131
56 245
40 260
81 194
78 220
197 208
40 254
27 38
114 199
160 204
46 175
21 149
210 284
224 277
56 82
49 53
43 63
217 255
13 249
3 160
18 172
280 281
50 89
79 221
131 280
32 272
209 268
11 153
102 236
196 206
105 116
123 212
2 280
23 135
22 285
15 203
46 244
152 236
8 222
77 205
68 156
11 118
26 224
187 277
63 200
9 113
61 225
260 279
142 267
131 242
57 174
211 220
78 253
56 146
212 266
106 280
96 262
117 200
154 275
41 192
31 44
117 125
101 144
158 188
41 179
252 280
0 213
162 241
184 198
172 281
38 68
40 200
32 271
139 205
35 132
165 234
58 245
4 261
48 185
95 234
66 258
15 160
54 161
108 144
134 153
125 140
49 89
1 9
13 125
208 233
150 167
23 261
160 212
170 200
99 166
34 94
241 245
111 234
4 147
35 248
191 220
7 141
219 279
56 108
7 87
105 233
97 261
190 243
153 266
189 212
212 241
112 254
156 175
64 131
57 161
121 206
198 240
67 283
3 184
168 203
6 40
101 239
100 164
7 56
14 248
173 249
89 281
165 264
131 197
70 175
131 156
16 60
66 175
21 260
109 233
102 151
215 229
177 181
52 99
10 101
1 125
20 26
86 238
27 261
47 164
11 122
96 125
150 253
165 261
138 266
109 118
65 207
214 231
35 179
3 134
210 282
129 164
260 269
6 23
58 168
104 237
225 247
70 142
18 85
170 203
162 171
13 54
150 282
79 144
150 251
13 193
181 205
18 177
45 120
36 115
105 249
218 248
32 161
43 101
1 209
63 120
125 191
44 86
40 122
1 10
4 87
93 280
230 234
72 258
34 37
136 176
22 134
16 212
154 171
153 171
57 133
81 252
95 259
12 216
6 52
93 112
117 139
55 139
170 237
37 208
16 271
3 63
14 86
23 51
43 184
3 14
42 159
84 218
38 128
86 95
22 185
115 286
22 191
155 207
10 177
92 255
55 66
218 251
160 195
141 214
163 242
92 154
111 204
74 153
166 259
69 254
174 221
70 211
12 262
179 237
70 102
105 232
169 189
11 125
46 140
154 186
62 91
259 280
47 170
127 199
23 187
26 62
188 273
91 275
19 37
9 191
42 221
47 281
221 228
39 185
155 278
252 281
159 275
22 280
94 266
38 115
10 196
95 254
71 153
118 129
57 218
182 271
180 257
98 163
174 192
46 220
230 269
87 282
83 189
2 52
232 243
68 126
175 257
86 134
170 286
113 202
51 232
227 264
60 172
20 84
42 91
21 197
120 240
165 207
73 219
109 221
23 210
150 183
44 79
245 277
14 81
73 149
113 247
143 180
139 156
21 185
103 180
54 228
129 267
3 69
1 197
130 131
65 185
2 177
42 167
184 238
16 165
8 260
136 249
6 68
131 284
56 254
96 230
17 155
56 215
124 285
98 152
3 116
22 204
47 166
32 261
106 159
165 284
199 222
109 159
255 263
108 164
104 248
61 182
120 263
43 203
169 208
25 98
33 278
167 194
34 62
149 186
185 237
144 148
124 163
52 56
4 131
241 258
55 166
33 144
17 178
132 248
136 138
42 278
41 205
28 30
70 266
23 77
166 231
25 193
48 241
44 179
139 141
39 206
51 160
11 250
47 168
186 247
249 251
152 227
155 266
89 251
77 276
3 270
72 100
214 215
101 113
51 177
51 79
65 131
188 200
83 218
65 126
120 282
255 275
47 104
13 151
135 146
151 279
39 210
41 95
111 261
240 260
14 71
21 222
67 233
82 145
102 190
95 256
48 228
203 253
72 214
9 33
193 285
125 152
217 274
15 68
165 185
3 177
109 200
249 257
15 18
231 260
116 199
202 279
17 184
150 257
101 110
66 248
133 168
60 144
65 178
90 174
84 192
193 230
