290
3
5447
60
77 2
96 2
101 2
79 4
80 2
76 3
87 3
103 1
77 4
98 2
72 1
76 1
78 4
96 1
71 2
79 1
91 3
92 4
95 5
81 3
86 2
92 1
97 3
76 5
78 2
99 1
91 5
91 1
94 3
82 4
94 4
77 1
102 1
72 2
95 1
96 2
101 5
99 1
76 2
77 4
71 4
101 2
75 4
99 2
90 5
81 2
99 2
85 5
90 4
80 4
91 3
77 5
74 2
70 2
86 4
88 2
74 2
69 5
102 3
102 1
79 4
87 2
104 3
84 1
87 2
101 3
104 4
76 2
75 5
85 3
69 2
103 4
93 1
71 1
94 3
104 4
99 3
69 2
77 1
74 3
77 5
83 3
84 4
73 2
90 1
102 5
101 4
102 1
73 1
95 3
100 4
72 2
78 5
101 3
84 3
78 2
79 2
103 4
76 5
75 4
100 2
75 4
70 1
99 4
94 4
69 3
98 5
78 5
91 1
103 2
86 5
76 3
97 3
89 4
76 3
75 3
97 5
83 1
95 4
78 4
76 2
81 1
87 2
91 3
72 4
94 3
71 2
70 3
73 2
69 4
70 4
74 1
85 5
84 5
81 3
104 3
72 5
99 2
84 3
69 5
88 4
103 1
70 4
76 5
69 5
91 4
78 4
97 2
86 4
84 2
90 3
98 4
94 3
87 1
69 1
97 2
101 1
94 2
101 3
100 3
104 1
73 2
88 2
75 2
86 1
84 5
73 1
78 4
74 3
80 2
95 3
85 2
81 3
85 4
90 2
98 5
81 4
100 1
81 2
82 2
85 5
93 4
86 2
82 2
79 2
87 3
86 4
88 3
98 4
74 5
103 3
94 2
93 5
96 4
96 4
104 4
75 1
96 4
98 2
79 2
73 1
93 4
93 3
94 2
96 4
88 1
71 5
70 1
98 5
97 1
72 3
100 2
69 3
104 1
76 1
89 2
85 3
77 2
102 2
71 2
88 1
91 3
85 4
82 1
99 2
77 5
98 3
86 4
95 2
90 5
69 4
95 2
78 3
85 1
93 1
103 4
70 2
77 3
78 5
104 5
100 4
103 2
103 4
80 1
94 3
90 1
90 3
97 4
102 4
102 5
70 4
104 3
80 4
93 5
72 3
100 3
69 4
81 5
89 3
76 4
95 3
97 3
85 4
80 5
101 1
104 1
102 3
73 5
81 5
91 3
76 4
102 1
88 2
98 1
69 5
87 4
85 3
93 5
79 5
69 3
104 1
93 4
70 3
83 4
92 3
100 2
74 2
89 2
102 3
103 3
151 208
102 252
26 228
147 281
139 190
138 160
101 236
20 147
6 289
221 288
162 189
64 104
137 151
161 188
31 153
0 226
78 188
75 108
99 242
104 107
2 171
7 95
86 264
145 286
214 239
19 279
41 276
22 77
62 89
165 175
228 231
99 149
63 137
19 270
167 250
193 215
153 164
1 154
155 181
17 114
99 162
114 272
47 56
113 197
35 43
266 268
38 187
71 170
241 266
139 265
96 163
21 283
0 286
174 258
213 221
57 126
121 228
29 135
23 163
275 287
73 220
167 200
122 205
133 175
43 88
11 224
200 241
77 198
181 269
67 95
111 136
136 147
43 289
116 269
21 195
21 278
110 214
26 75
84 150
125 224
253 259
48 176
50 73
201 273
79 105
136 210
110 186
143 246
37 122
228 260
225 247
91 109
128 226
190 236
89 141
92 239
22 38
22 270
182 272
212 279
128 136
126 214
136 165
7 67
22 199
214 248
157 264
21 188
56 126
18 269
86 239
74 169
108 246
92 165
28 38
71 172
199 230
282 289
89 95
246 283
70 97
59 171
15 195
9 226
144 251
84 179
182 228
23 194
23 237
255 268
124 166
140 272
88 89
168 261
167 212
43 259
101 201
176 259
25 78
41 57
193 261
163 168
61 252
69 145
136 265
64 115
50 255
67 187
81 246
183 214
0 140
106 245
108 243
130 284
118 278
45 78
138 223
165 275
49 175
144 178
42 54
61 283
30 165
145 200
32 219
75 197
72 126
139 194
109 196
43 96
162 279
94 110
137 280
1 148
109 273
83 231
117 207
6 241
145 256
61 151
49 170
94 218
208 262
237 239
12 48
2 217
106 230
12 248
3 179
57 131
227 262
9 92
57 199
2 57
17 252
19 136
66 74
5 80
14 138
108 162
57 249
60 140
155 248
231 289
2 78
40 259
69 142
178 195
34 75
99 122
23 51
8 261
69 192
154 168
144 253
91 129
14 29
84 116
56 167
165 240
120 124
14 48
63 191
1 149
17 92
11 231
13 282
202 259
25 101
38 196
103 232
6 36
3 288
3 18
49 238
85 145
43 116
129 237
111 116
35 53
42 77
187 233
79 248
120 200
167 228
119 165
57 268
5 75
4 96
187 265
197 261
131 205
171 230
27 170
57 94
107 187
140 286
79 159
218 225
46 242
163 238
223 237
192 232
40 170
30 71
237 286
182 271
25 232
191 213
103 265
78 273
36 81
220 224
198 229
38 264
14 248
39 116
234 273
114 187
91 260
97 215
220 284
229 233
214 282
6 50
198 228
168 284
154 251
236 275
221 289
82 108
72 156
262 271
172 228
118 143
72 238
134 171
102 182
68 199
77 112
65 187
15 155
1 150
30 169
37 69
11 84
195 257
74 135
14 266
192 255
28 78
136 176
253 281
65 103
57 278
22 253
220 264
119 233
97 111
64 138
43 212
49 271
12 245
140 164
270 284
11 123
203 217
173 275
222 238
158 202
93 261
41 203
34 111
212 288
3 34
43 121
95 206
17 162
64 205
30 105
82 235
54 150
206 255
121 226
192 284
60 70
22 97
122 147
23 254
10 46
11 30
52 160
52 205
24 207
63 132
64 108
60 168
217 219
22 285
252 279
51 165
132 170
35 153
106 173
5 199
124 208
134 274
126 177
115 121
134 282
15 26
267 289
100 245
103 186
125 217
58 211
10 266
243 281
216 287
155 173
157 241
122 137
157 249
246 272
59 250
7 119
111 241
34 267
167 185
154 229
63 153
135 160
252 264
206 269
46 175
147 244
180 234
225 289
14 38
286 287
45 212
45 285
20 56
27 216
6 48
187 196
23 183
130 205
81 229
108 170
151 253
5 212
25 183
233 251
27 254
140 174
84 168
55 153
11 73
39 195
64 122
123 145
56 283
78 102
27 166
26 28
172 247
248 280
81 157
98 166
69 245
99 178
227 267
159 205
113 203
144 175
189 217
9 90
204 214
29 255
105 285
81 240
72 184
203 240
20 197
6 68
126 281
88 222
39 117
60 67
88 121
31 94
65 226
141 287
105 182
66 202
153 204
155 166
27 147
68 156
234 251
83 178
102 194
86 277
76 189
50 176
99 182
51 254
140 201
178 196
63 177
76 215
81 247
200 273
179 239
101 257
85 238
184 233
210 244
26 227
25 170
79 160
119 200
44 68
47 268
203 214
41 142
6 176
34 205
45 242
84 209
0 230
162 188
96 240
186 282
186 201
161 174
49 138
12 243
4 134
250 271
152 199
44 280
51 115
50 280
18 203
10 287
212 285
17 174
177 196
109 144
226 277
32 34
157 260
46 103
145 289
233 275
73 284
95 98
65 271
125 138
181 195
108 166
15 53
110 172
177 248
6 273
120 195
162 228
82 158
5 87
176 249
5 276
125 271
179 234
271 283
24 35
123 189
129 200
9 36
97 125
27 174
56 137
164 178
126 168
31 63
241 284
62 65
106 247
5 188
12 126
194 243
110 239
75 189
7 112
20 251
14 262
42 61
158 195
56 71
190 194
44 113
14 207
108 286
3 104
148 194
170 269
45 57
179 191
167 180
60 271
151 285
218 223
223 271
74 242
189 282
45 158
78 214
31 137
96 177
73 191
64 246
26 31
8 279
45 247
146 201
231 243
17 80
49 136
27 251
216 229
92 115
87 226
63 238
172 197
110 257
53 161
119 270
84 255
80 289
79 208
11 88
143 167
24 61
175 269
99 289
8 136
249 255
60 105
7 267
225 254
0 62
52 72
98 262
51 172
44 206
97 213
83 250
94 204
95 199
48 214
138 189
44 173
210 218
111 124
39 127
166 258
216 226
149 222
5 85
115 163
5 41
9 200
148 198
170 208
189 223
29 246
46 221
130 263
176 215
92 168
114 258
62 85
162 165
81 251
96 192
146 177
138 186
56 269
60 121
5 30
37 54
55 171
108 191
230 288
149 206
134 169
40 47
41 189
179 184
76 165
18 82
67 265
97 256
92 150
59 84
10 42
135 258
2 61
74 80
94 192
46 69
54 99
230 280
83 153
137 256
90 255
64 142
58 217
18 273
81 169
6 172
10 153
267 270
79 163
207 221
89 208
74 179
129 147
104 283
38 214
24 235
171 188
14 211
139 187
243 253
180 193
84 124
90 183
79 142
5 33
106 232
146 168
39 244
149 235
93 268
107 124
189 210
101 135
91 242
50 93
54 101
139 212
154 270
83 258
37 49
104 256
92 231
12 192
256 266
76 241
42 176
75 150
54 192
180 211
157 239
34 175
27 150
75 83
250 254
4 51
224 226
72 271
284 286
71 95
49 129
179 221
81 223
11 16
80 145
121 195
34 147
261 277
53 272
6 121
39 95
25 277
126 200
262 264
129 192
15 189
21 213
157 191
11 162
24 231
26 206
173 232
194 264
50 125
53 63
13 60
85 117
34 272
64 243
49 242
117 158
193 243
91 145
47 270
73 226
29 283
18 200
111 137
46 213
150 192
32 257
196 240
29 221
142 190
82 177
16 97
131 262
22 68
8 90
12 141
70 119
99 168
107 195
128 259
128 274
219 267
14 32
93 227
186 218
78 262
0 37
87 109
98 138
13 200
30 206
80 203
92 209
89 264
190 224
10 182
4 212
93 178
36 67
20 69
220 235
98 160
73 218
78 187
106 111
177 199
122 253
129 182
170 175
27 114
27 82
147 220
211 235
191 211
31 197
191 276
112 188
124 153
8 140
195 286
45 275
175 191
191 247
156 199
10 157
246 266
122 277
19 89
204 247
90 126
140 202
55 268
101 179
66 276
93 260
64 87
233 270
53 167
256 285
5 156
131 168
127 209
19 146
153 261
255 286
175 258
147 185
151 155
212 257
150 166
23 282
102 104
184 187
46 138
61 82
167 269
166 270
76 217
4 95
25 122
95 229
162 219
116 213
75 109
89 105
66 171
180 217
26 189
130 282
66 162
37 246
61 281
89 198
24 199
27 89
20 141
53 236
51 128
4 145
230 274
68 262
122 218
180 191
10 67
9 195
172 282
37 204
163 206
53 271
168 207
211 267
68 272
173 254
78 132
107 223
4 34
5 225
186 248
140 246
142 239
25 102
117 199
79 117
8 62
85 189
13 202
236 238
11 19
70 141
20 120
140 150
247 252
135 141
23 181
40 241
139 217
100 163
127 239
128 147
190 265
132 232
80 202
79 153
128 139
116 239
50 203
138 144
238 270
135 180
22 114
74 260
3 205
95 143
30 132
162 175
78 175
19 61
260 270
3 175
135 269
3 62
53 54
188 282
21 150
170 201
45 227
171 184
26 87
170 193
196 244
182 252
180 264
37 227
42 252
100 129
67 85
56 113
136 195
161 181
56 199
80 239
204 241
19 227
76 117
87 131
21 261
29 203
14 35
175 282
117 125
175 229
189 224
53 87
185 244
141 154
114 215
14 65
79 99
231 269
148 209
107 221
34 136
219 233
100 155
273 281
76 150
109 213
49 245
255 288
68 170
110 269
69 134
89 275
93 158
183 202
103 109
12 23
169 207
113 146
186 231
146 273
39 108
11 200
1 125
108 278
205 255
31 236
218 265
136 209
33 143
0 207
211 227
22 108
180 262
221 277
217 242
236 248
63 207
22 209
38 118
103 257
103 284
24 267
192 268
23 239
209 274
58 180
110 136
6 100
32 184
164 256
57 273
112 145
103 116
102 125
85 210
65 71
108 145
176 177
127 153
29 71
150 203
54 235
239 272
189 273
17 251
119 269
35 207
116 276
90 259
146 245
206 285
46 113
77 179
29 100
41 126
111 266
157 177
4 264
2 82
37 101
56 169
102 268
69 265
226 251
89 283
183 243
52 102
109 122
153 224
70 245
95 171
28 49
133 148
133 236
144 171
23 112
46 168
25 256
22 44
183 269
46 163
10 223
86 101
4 49
88 232
120 258
180 257
76 214
90 115
218 268
34 269
85 186
162 173
80 149
266 267
179 280
251 264
30 183
35 59
88 282
11 171
184 235
1 240
77 169
202 284
168 225
225 256
52 165
108 195
127 174
19 269
175 267
54 124
40 63
65 199
13 253
158 245
60 65
159 231
142 160
83 272
273 274
97 176
93 115
79 260
261 278
147 262
16 288
32 141
222 283
43 54
63 78
232 242
5 113
93 280
166 252
176 186
15 42
186 285
29 215
148 192
153 214
276 283
100 279
32 86
157 161
61 129
63 253
89 135
189 267
17 138
42 96
38 97
193 232
88 131
217 257
24 113
8 77
73 240
192 279
32 284
136 230
161 202
120 233
8 232
188 270
257 283
228 248
35 39
14 261
12 122
41 220
153 223
150 190
125 275
86 181
84 131
128 251
134 213
178 222
122 142
144 254
2 127
6 148
37 72
109 261
50 215
4 164
1 276
267 269
186 213
84 245
5 228
42 195
78 224
121 146
1 84
162 268
148 162
76 152
69 261
17 45
43 240
182 267
162 180
181 245
31 142
11 101
236 266
40 287
78 141
26 64
181 234
177 240
165 166
21 288
171 281
63 91
11 37
7 201
52 221
0 159
33 154
92 261
120 257
156 193
84 153
43 267
97 100
164 172
68 147
41 65
34 77
1 198
47 53
38 79
100 275
143 258
55 62
85 190
59 181
32 168
160 204
0 237
73 234
82 120
47 207
25 203
74 97
88 140
169 248
216 259
41 127
135 175
182 246
18 32
163 240
150 267
113 161
16 162
44 120
89 225
87 253
37 96
62 150
47 113
62 173
110 201
88 203
176 269
166 170
0 57
6 107
13 192
64 275
213 227
39 278
37 60
17 288
30 184
13 147
22 176
21 153
66 279
46 260
29 86
150 244
11 234
205 274
169 233
229 234
29 44
70 289
72 112
74 176
75 232
136 152
41 67
253 265
198 259
36 216
137 178
143 239
115 177
131 263
150 285
12 140
142 178
148 199
132 135
165 220
83 129
143 195
185 272
158 207
11 190
83 166
185 253
185 249
215 286
80 125
219 269
114 152
33 258
141 159
80 168
64 100
45 175
1 59
8 241
232 239
197 233
50 169
177 208
113 118
33 238
96 271
155 275
157 254
171 269
65 97
138 168
232 281
22 29
225 257
39 82
85 232
63 73
51 217
111 181
107 167
42 232
245 284
176 205
109 276
25 70
6 182
197 248
260 263
110 113
7 184
8 53
141 224
192 277
22 28
196 202
166 177
64 112
87 161
9 123
81 199
30 275
106 180
111 117
189 216
1 9
5 285
116 196
164 209
34 178
45 119
47 99
63 270
250 251
63 168
134 216
13 121
109 231
9 74
9 25
179 206
130 172
147 289
37 224
153 170
4 190
30 284
24 206
86 230
17 20
117 152
6 173
28 140
4 147
36 162
16 220
31 184
229 258
92 288
139 158
170 198
7 38
75 172
99 112
18 224
96 243
82 248
69 254
37 256
85 138
201 261
209 223
225 273
175 210
26 48
138 169
161 228
58 120
55 206
39 42
26 259
213 231
133 209
62 69
4 15
88 204
185 250
39 63
79 150
189 258
18 48
55 199
25 163
148 202
47 119
61 170
67 116
100 177
241 289
140 287
26 217
2 3
101 212
12 147
171 185
97 214
77 280
136 183
61 131
94 131
49 233
41 244
5 162
51 150
146 184
14 25
144 223
38 62
87 154
112 162
44 172
125 156
181 271
34 235
64 269
78 96
173 189
50 65
87 216
56 246
168 209
132 260
110 207
5 152
24 156
33 231
153 248
182 213
32 179
164 272
38 247
18 262
20 232
24 83
66 225
134 206
25 26
51 54
39 209
90 238
261 273
75 203
43 58
105 280
48 282
224 241
136 179
99 215
100 158
155 286
137 283
94 284
8 280
103 225
47 232
170 260
39 107
122 285
88 268
2 133
9 193
101 221
132 169
87 128
21 174
21 163
110 177
16 242
54 230
102 183
90 244
98 204
12 61
73 90
146 282
57 112
127 260
107 248
50 105
188 201
82 119
130 256
32 218
56 256
97 283
114 194
93 102
114 179
29 149
99 186
144 257
104 261
8 83
135 190
230 257
25 95
17 119
184 237
42 203
7 100
40 154
9 237
47 187
91 162
1 11
128 268
71 217
165 284
138 267
30 92
193 216
166 239
170 194
39 189
0 221
24 230
162 287
16 134
192 235
252 284
264 284
37 152
217 222
23 64
29 270
94 134
47 257
24 60
171 198
226 233
39 164
1 50
195 235
120 157
190 230
81 184
4 94
19 249
132 149
78 182
66 102
75 236
1 269
85 167
101 163
41 175
21 201
3 266
13 238
160 283
49 228
82 269
210 264
77 273
75 266
58 96
239 289
11 226
78 147
68 275
15 152
124 276
114 169
12 89
157 197
232 273
93 230
22 157
60 98
177 236
47 64
66 244
30 68
144 244
16 266
63 97
31 224
9 217
64 80
119 167
161 173
205 230
167 217
129 186
98 191
11 215
195 261
229 272
82 202
101 102
65 93
115 272
101 164
259 283
126 265
60 97
59 100
29 212
38 110
101 170
50 94
66 88
124 181
68 270
20 281
61 128
169 192
15 44
244 265
46 186
39 283
13 74
210 250
17 220
28 66
103 161
67 77
210 228
231 244
68 81
27 199
107 284
1 223
87 111
109 220
177 265
99 163
46 207
184 246
165 203
221 246
72 240
57 190
60 263
199 280
74 88
45 176
73 241
10 246
13 263
131 264
115 159
218 287
110 241
45 61
5 173
243 256
69 138
53 141
165 180
220 287
204 277
73 225
10 81
9 171
44 250
28 268
128 247
35 156
240 289
76 197
139 282
60 272
66 125
11 135
113 250
33 240
170 245
30 118
59 281
188 205
179 228
144 179
89 207
72 138
19 39
170 250
12 94
96 218
9 245
148 152
148 153
242 263
13 89
37 234
90 229
253 255
106 197
12 172
35 148
85 248
52 128
208 238
187 211
215 228
49 206
159 246
103 192
12 104
130 176
31 108
43 164
7 128
106 142
8 227
189 235
66 220
172 207
33 112
10 170
25 233
61 227
144 274
148 193
47 175
21 120
205 273
135 225
59 68
143 160
38 111
159 238
6 115
155 217
26 218
126 132
233 245
53 76
15 84
60 119
146 155
252 287
12 219
50 257
45 229
25 282
135 167
77 267
4 267
55 288
34 208
11 173
173 203
95 265
54 280
2 5
59 180
212 243
145 199
26 54
121 223
208 286
79 216
154 257
90 264
168 248
86 276
13 131
70 222
99 223
191 208
0 135
91 107
177 252
33 69
84 159
15 261
51 206
58 99
180 230
63 119
239 240
16 28
22 59
19 152
70 84
158 160
166 230
3 52
220 280
61 132
2 39
104 252
29 188
77 262
57 210
14 75
29 279
187 227
121 277
205 231
1 234
253 278
73 169
24 70
129 227
14 87
75 165
7 229
49 207
183 217
78 248
33 58
185 188
17 170
87 282
108 127
18 134
40 226
65 73
88 213
152 233
183 184
82 87
80 109
109 130
60 106
81 259
235 248
92 138
112 171
142 165
25 35
1 208
50 253
43 165
62 218
37 232
36 144
37 67
13 164
39 177
27 117
98 286
54 88
40 165
167 220
112 122
46 115
42 223
49 264
225 231
123 185
18 240
21 100
160 262
14 27
25 108
129 197
82 147
45 159
21 239
37 196
64 129
47 224
88 218
24 144
118 286
59 270
13 80
126 259
166 263
19 113
94 172
61 218
52 241
31 263
15 194
65 111
27 180
264 266
122 139
14 255
186 192
125 277
137 161
207 223
5 10
204 220
38 112
126 194
91 167
99 256
28 112
55 255
16 105
88 129
202 251
117 119
243 284
130 227
163 244
127 179
22 280
15 147
252 278
10 151
197 200
120 220
31 67
80 282
114 228
24 148
45 283
106 176
186 273
35 268
92 173
4 177
130 266
58 98
28 50
41 172
33 271
3 57
86 90
115 169
107 152
202 252
148 216
244 284
63 247
191 282
241 267
166 285
25 149
229 267
8 216
131 246
174 270
183 192
143 247
204 266
124 275
68 201
139 160
36 141
92 156
183 249
33 180
10 162
107 234
238 261
80 169
58 160
116 237
99 200
42 272
183 238
125 285
60 117
12 197
56 259
73 155
21 192
24 245
161 172
179 248
82 277
142 286
228 263
115 285
171 289
17 224
102 211
180 269
203 227
69 270
0 239
46 244
177 194
57 61
89 241
148 211
26 148
66 269
94 210
197 215
199 232
38 161
126 170
156 239
1 144
154 194
35 179
198 240
63 288
149 152
192 274
177 263
72 230
17 213
117 132
194 244
47 183
157 244
20 161
48 159
12 186
60 259
46 162
161 264
242 258
98 126
174 284
152 271
111 113
134 151
217 231
37 223
44 285
13 175
224 281
146 280
13 225
33 281
60 120
172 250
77 227
158 201
169 262
12 287
9 202
104 264
18 50
93 112
26 173
57 82
196 253
267 282
111 174
27 192
45 232
223 282
138 260
32 204
194 247
121 167
3 107
84 212
69 140
58 251
96 103
125 196
199 243
39 156
131 176
53 153
180 250
67 160
116 255
117 256
188 244
166 271
113 187
66 111
190 213
110 202
2 79
43 274
2 258
182 279
105 284
108 275
8 67
2 199
175 212
176 246
233 282
42 49
200 250
11 93
201 215
124 135
45 237
8 106
31 189
37 276
74 79
231 255
90 180
4 180
104 113
56 217
185 243
6 27
107 266
106 217
172 192
52 150
19 280
119 241
80 124
2 266
257 265
118 258
29 204
120 188
170 182
4 83
31 78
28 174
47 148
132 271
8 153
25 234
193 260
122 202
117 282
82 114
73 286
24 164
282 287
72 131
79 199
29 213
81 102
140 242
62 177
36 129
28 224
96 211
55 260
27 153
23 94
192 195
169 222
100 117
168 205
125 222
130 162
133 269
211 271
4 268
61 199
157 234
195 242
259 289
67 106
77 143
243 244
245 252
109 176
153 191
27 242
41 59
45 168
14 223
19 283
29 257
11 240
232 277
189 251
48 142
235 249
181 201
178 251
102 264
187 212
58 213
5 40
222 262
38 272
59 63
76 196
259 278
50 223
101 167
131 172
196 247
8 13
184 273
86 113
8 217
46 199
143 204
16 229
12 132
198 257
86 180
90 263
24 282
212 236
82 283
122 224
118 193
55 98
74 155
101 242
161 239
71 152
155 223
81 213
185 260
71 187
18 238
60 215
116 123
19 237
19 207
163 166
76 84
189 286
201 249
177 233
69 249
146 220
164 189
129 170
19 246
32 41
217 265
54 179
107 128
48 267
118 180
86 210
46 281
163 285
23 176
129 249
105 120
105 114
167 219
89 221
122 210
242 264
53 277
114 173
16 283
70 75
124 137
91 169
102 155
124 280
78 148
233 243
137 141
156 284
234 252
53 119
78 116
57 98
3 286
28 245
163 255
24 216
173 282
201 238
155 215
32 229
37 267
231 283
42 193
106 162
81 133
101 145
21 177
23 98
76 263
35 164
123 289
56 88
43 106
64 214
13 205
38 283
124 235
61 98
71 119
165 182
113 194
24 119
93 208
86 148
52 81
45 195
28 134
122 198
35 177
48 141
62 186
0 83
231 272
244 254
165 223
106 260
63 160
139 236
143 283
20 231
123 160
221 226
164 180
69 259
15 86
45 255
5 149
83 209
70 193
79 236
4 206
86 91
115 167
113 234
88 233
218 254
66 179
73 102
159 172
83 180
112 212
25 207
201 262
119 182
90 289
146 226
20 103
12 115
6 52
23 171
78 189
28 109
37 87
89 172
227 236
95 266
111 216
171 181
1 70
120 267
68 281
88 252
257 287
24 234
94 188
55 214
8 26
85 136
142 237
77 247
16 267
76 148
123 288
88 231
121 122
102 217
160 228
57 113
48 117
168 228
128 241
38 98
271 272
117 195
204 216
41 92
125 282
244 285
61 68
31 204
264 277
14 287
192 240
6 192
117 286
34 102
81 144
59 278
95 115
66 146
44 207
21 240
52 69
91 191
171 245
1 252
66 84
39 216
241 279
31 205
53 181
173 253
76 130
102 215
22 159
126 208
60 126
66 211
95 194
106 194
44 96
54 252
206 272
56 69
82 289
50 219
89 203
146 250
2 204
107 249
62 190
197 211
161 259
104 116
25 125
73 236
80 119
80 100
126 279
36 219
119 218
12 123
38 104
33 141
171 206
86 162
226 272
43 199
237 276
86 260
66 180
63 183
185 289
82 187
7 18
173 259
54 271
153 236
40 147
125 186
114 276
171 284
148 222
102 269
41 204
57 184
129 234
147 149
41 160
84 206
35 187
71 181
136 273
44 134
143 255
135 246
47 112
281 286
39 79
34 112
46 83
81 282
95 100
13 92
49 280
132 231
236 267
86 179
112 223
109 136
12 125
150 240
3 89
39 62
139 178
15 269
171 211
10 84
98 136
183 242
193 213
20 52
195 215
27 157
72 115
18 256
136 163
77 281
174 246
168 231
209 280
281 283
87 220
34 181
25 40
18 108
238 247
145 248
88 182
99 179
13 178
94 212
133 219
196 220
79 204
232 279
47 181
108 190
280 286
10 114
144 158
38 245
79 177
165 219
6 238
58 87
64 179
242 269
159 186
82 204
116 204
20 153
193 221
88 280
9 221
160 211
153 252
125 243
184 277
19 264
68 228
10 275
72 233
100 164
133 288
63 76
86 170
71 202
42 217
49 164
142 157
88 253
96 189
126 215
49 143
75 118
27 280
13 66
115 141
27 122
139 170
249 279
61 146
134 139
84 238
45 142
43 144
5 193
129 276
41 202
83 253
19 47
43 78
22 132
99 230
148 206
36 263
95 235
194 273
133 280
105 199
134 285
38 60
45 128
8 285
53 216
262 289
26 66
125 191
56 135
12 37
64 70
52 94
192 270
20 194
186 194
107 192
80 211
81 131
66 240
115 252
53 189
69 246
26 216
85 94
66 170
122 162
19 175
21 226
116 266
16 200
145 172
2 32
75 104
121 284
121 170
50 266
95 195
12 161
7 14
175 221
149 226
79 108
28 147
204 205
41 256
200 285
45 266
156 244
130 139
124 287
69 184
119 173
121 288
39 192
197 262
105 190
127 181
12 252
21 122
140 170
117 128
66 87
201 251
15 16
9 277
38 125
208 263
245 285
9 179
160 261
35 178
78 109
211 253
20 36
72 102
163 202
16 23
112 262
113 209
122 165
14 206
34 285
32 243
56 106
8 185
41 122
121 243
178 260
56 150
190 238
3 224
52 238
156 165
25 128
8 68
18 146
39 231
201 257
20 189
15 247
106 189
32 254
205 211
17 71
44 170
142 176
176 279
126 176
58 235
96 252
111 282
84 143
198 256
80 133
237 265
0 75
71 131
46 254
92 269
112 133
87 287
186 267
82 185
42 113
129 262
155 277
122 264
72 165
21 29
80 157
96 273
143 185
98 145
48 133
45 280
11 60
207 261
38 164
26 177
48 92
59 143
11 157
63 262
72 277
94 104
13 220
12 167
5 109
139 177
119 258
54 224
14 72
204 228
89 173
25 176
74 171
35 89
130 202
24 202
15 178
82 256
104 231
39 50
261 264
15 68
42 177
214 276
254 289
81 117
111 206
85 125
62 278
148 281
15 214
31 95
41 47
166 202
60 85
84 146
237 289
71 112
39 85
13 249
171 279
186 212
214 278
68 70
36 151
145 261
55 254
12 114
246 260
192 219
99 192
90 281
7 79
12 173
201 281
72 133
99 114
213 288
92 257
9 137
18 246
20 166
91 282
210 256
66 156
67 172
140 144
82 154
93 97
33 234
142 212
193 197
33 244
4 255
62 193
258 266
52 197
8 277
1 289
142 275
150 231
90 239
96 190
7 36
230 255
138 194
67 163
94 195
46 141
0 18
167 215
73 118
16 53
9 166
127 142
157 272
45 93
130 189
170 221
59 217
58 130
83 241
18 237
8 200
223 231
54 261
190 269
237 248
66 288
179 257
126 190
7 260
190 208
200 229
174 187
23 44
66 151
37 50
12 160
5 119
153 255
152 210
192 259
78 215
25 171
136 240
21 77
97 104
5 103
36 94
20 207
91 202
162 163
104 228
29 33
170 284
225 288
60 277
256 261
50 232
2 15
24 73
110 205
3 78
25 178
103 277
77 103
214 228
33 144
124 237
24 76
19 153
13 76
103 104
47 48
37 104
164 199
9 161
157 211
160 218
31 175
151 209
48 67
147 148
20 233
51 135
146 159
119 249
158 274
137 175
190 260
22 151
87 164
253 273
171 240
60 62
234 258
136 223
140 278
59 152
251 268
161 180
249 266
224 287
69 83
42 212
32 252
168 245
56 82
74 202
48 115
44 72
48 160
27 105
55 272
57 60
277 288
87 276
65 192
137 273
119 174
36 176
128 187
194 201
123 162
109 185
211 231
137 213
133 263
9 175
95 120
249 256
68 251
48 177
10 207
243 264
184 258
51 80
32 275
114 207
42 202
45 216
1 165
19 78
36 268
160 182
105 233
68 94
174 259
30 159
193 253
144 226
4 244
199 225
50 146
93 193
189 190
69 153
60 212
22 278
98 263
193 280
81 154
47 275
35 36
46 124
181 182
189 214
105 161
2 211
107 177
48 170
69 141
118 284
23 93
140 248
59 264
91 154
179 216
265 280
197 271
43 251
2 48
110 137
115 206
2 38
126 154
83 257
128 135
102 244
17 19
89 117
134 179
45 188
220 249
193 267
7 16
13 96
77 130
198 249
253 284
30 114
190 214
27 208
141 234
0 196
258 275
14 172
26 240
68 134
230 235
157 258
44 103
13 168
80 156
186 280
169 269
16 188
15 198
48 113
171 285
97 107
274 277
76 216
175 271
182 188
122 203
47 121
51 281
151 280
72 118
45 73
36 38
131 254
111 284
195 221
26 270
122 169
16 129
139 192
108 212
32 279
46 148
209 265
42 257
25 47
42 236
182 220
25 160
17 234
45 202
202 276
25 72
190 227
211 256
100 240
38 82
148 160
31 195
46 106
23 34
6 60
13 49
252 260
224 227
140 271
41 241
222 226
113 210
25 39
143 265
188 211
120 234
170 234
108 218
136 167
106 225
108 280
50 102
7 233
43 48
154 214
42 180
115 279
113 204
71 126
70 112
170 265
237 246
218 258
184 209
107 247
34 134
175 289
66 184
0 219
116 122
193 244
111 264
5 145
27 98
166 210
29 275
87 163
79 206
205 217
173 222
173 226
9 266
18 217
146 274
6 230
7 224
224 285
119 187
94 248
103 226
178 278
26 280
248 261
128 255
45 75
8 221
262 284
238 288
176 260
156 214
96 194
151 220
74 78
67 82
69 167
127 220
183 287
68 125
69 209
111 273
187 266
90 191
126 257
111 285
13 264
78 121
240 288
21 241
16 130
175 237
131 287
87 139
28 59
0 277
5 151
221 278
33 120
16 109
58 171
73 272
6 105
31 82
92 271
107 242
4 72
64 130
118 285
149 257
226 267
155 158
190 261
27 227
17 189
4 26
202 237
164 194
24 134
172 257
170 258
0 175
84 185
15 30
193 203
2 14
113 139
4 191
47 66
152 238
166 209
116 174
212 286
183 255
56 72
2 167
192 215
25 106
41 236
99 166
4 196
127 261
60 155
121 132
41 88
5 135
43 214
0 99
241 252
225 230
57 218
37 150
122 241
152 263
31 273
67 124
48 175
161 177
190 221
214 219
21 154
252 271
41 139
65 77
21 23
153 207
126 261
46 231
28 163
9 218
21 79
104 190
244 247
7 257
71 258
109 227
78 120
166 250
19 104
29 111
147 267
64 74
202 249
3 86
17 227
8 70
53 94
0 4
39 237
47 77
250 264
220 223
6 131
60 133
121 218
207 255
75 107
90 194
6 175
99 189
218 221
65 208
124 213
132 185
36 242
122 206
126 128
140 254
108 247
31 282
74 222
6 278
216 220
38 120
24 137
70 238
106 143
212 234
50 185
267 286
20 187
7 118
219 238
151 193
44 108
131 143
164 281
52 115
92 236
182 239
172 248
11 167
16 25
15 203
104 266
97 245
61 117
126 206
73 262
32 165
49 236
126 149
30 69
193 235
104 128
165 271
12 225
2 124
94 119
11 252
209 246
17 206
91 257
154 216
66 251
71 94
36 257
18 283
166 273
167 208
111 176
55 204
114 221
33 62
89 238
45 269
93 247
85 105
204 250
33 171
10 143
81 255
150 206
253 288
89 174
137 274
191 265
144 182
23 97
103 167
248 255
116 149
129 173
78 79
166 281
152 180
118 271
87 95
57 106
69 107
40 82
244 271
235 242
48 246
60 240
50 282
116 200
11 251
24 152
41 129
98 135
185 202
15 106
69 210
1 80
190 229
129 270
174 282
8 40
77 128
143 184
92 254
281 287
78 283
16 262
71 212
12 119
93 143
141 142
53 67
80 229
136 151
22 261
130 211
59 69
2 40
22 265
37 238
19 250
32 51
52 251
22 231
75 159
47 138
14 39
112 276
14 151
163 259
84 134
6 221
56 79
36 148
35 240
212 270
8 180
179 278
249 282
86 191
18 277
109 256
220 286
58 288
110 244
58 138
124 143
110 243
79 156
62 194
155 256
9 61
96 209
169 238
271 275
130 155
71 179
83 126
120 207
11 47
59 213
55 227
127 251
142 241
77 239
96 176
237 241
129 236
113 140
31 160
8 211
134 256
138 214
58 240
161 240
8 122
31 283
104 194
61 134
108 178
123 239
77 91
87 270
227 275
98 198
11 272
1 127
87 273
32 159
18 209
8 121
127 272
153 266
67 211
269 289
127 199
248 276
131 261
49 160
181 240
66 238
26 77
121 166
246 265
186 278
29 124
50 163
62 97
29 173
22 258
73 257
122 173
53 58
8 187
199 270
81 83
60 254
15 41
144 246
2 220
22 220
104 224
76 96
106 284
78 211
1 33
92 215
194 234
126 236
214 262
187 273
40 248
29 90
27 108
152 251
36 96
84 132
250 279
15 275
74 289
195 238
32 145
37 222
59 282
46 235
14 222
7 268
23 113
158 230
163 289
110 284
163 264
56 59
46 77
78 241
45 219
33 164
74 234
143 165
21 78
74 229
104 204
106 145
115 205
35 113
44 160
22 81
18 165
26 81
185 287
135 152
101 124
41 200
123 165
46 152
267 287
192 248
8 88
1 107
29 197
72 258
44 79
190 289
114 180
51 239
163 167
25 179
106 154
13 273
49 105
176 288
192 236
224 267
74 264
103 267
40 163
170 178
17 286
123 254
51 212
20 62
106 147
60 103
159 179
31 88
51 114
129 139
110 208
166 185
70 265
236 283
113 129
174 186
112 255
62 223
29 63
158 191
79 250
7 215
183 186
134 258
201 213
28 111
91 266
26 97
12 77
65 67
195 250
34 118
84 260
133 276
10 18
85 229
40 278
73 75
254 269
101 141
127 288
74 205
32 206
44 178
83 121
169 178
26 129
147 193
19 106
154 203
192 244
73 252
26 39
192 257
13 73
108 235
22 263
253 258
53 242
5 56
3 204
56 231
24 66
254 263
121 280
81 109
104 235
215 275
246 271
56 252
98 216
82 168
103 157
12 164
54 283
162 284
95 275
112 215
69 202
69 215
164 270
30 153
52 60
35 140
41 223
143 197
157 221
130 185
91 160
48 58
5 186
61 127
122 168
56 157
7 97
24 241
5 59
161 192
48 147
134 204
103 241
74 268
121 268
143 245
124 193
29 94
124 170
39 220
215 239
78 166
273 283
79 121
83 156
93 149
200 265
45 59
4 59
54 248
173 175
133 184
35 106
38 243
197 201
66 99
22 116
15 24
15 171
87 126
58 168
37 125
117 238
154 156
21 184
35 55
50 271
51 231
59 237
120 134
79 218
138 246
60 242
137 166
171 217
72 276
12 283
98 207
78 81
227 237
112 189
110 250
97 228
187 195
82 102
194 200
117 160
186 260
127 248
15 231
190 199
263 275
88 142
116 256
137 231
154 173
145 235
20 85
234 279
33 34
27 228
78 86
46 277
36 262
34 198
184 274
219 282
111 171
98 100
8 57
78 186
96 284
152 179
32 182
30 59
117 222
13 58
15 22
88 114
154 160
227 286
194 276
163 237
208 288
253 282
110 145
157 183
3 139
17 228
83 246
58 219
68 160
2 289
77 98
68 269
72 253
104 277
147 273
111 210
25 205
32 244
60 223
48 287
133 265
141 222
185 194
152 253
20 203
202 286
46 188
54 219
46 240
26 78
36 247
206 281
87 256
42 120
244 261
106 115
96 276
232 274
23 63
97 278
190 226
109 163
19 278
72 288
102 196
20 135
46 71
120 167
82 100
35 288
28 56
127 196
15 122
80 187
25 34
89 197
5 101
121 162
19 35
79 222
130 138
172 226
123 211
65 149
55 103
65 120
182 285
113 240
0 118
19 73
182 207
160 206
46 209
81 195
53 168
16 233
114 242
61 222
10 87
69 77
66 259
65 254
12 121
83 136
178 183
166 213
3 231
61 193
108 260
74 128
96 254
34 145
3 267
14 160
16 124
151 225
13 283
67 232
5 232
69 248
0 268
35 56
256 287
132 171
203 252
200 219
112 268
174 198
42 173
156 209
3 48
105 196
28 183
62 284
193 268
84 103
117 151
95 272
92 119
227 272
6 40
58 262
91 173
69 283
0 39
224 280
5 95
117 262
20 206
23 35
188 219
116 138
28 76
88 97
203 253
147 168
26 188
102 283
41 282
211 289
188 264
77 286
86 245
215 263
62 249
10 204
55 155
75 279
11 220
165 168
76 172
107 218
122 225
5 141
38 225
145 247
38 53
140 245
163 213
138 272
74 223
30 282
0 143
22 73
67 132
30 253
2 236
206 215
65 259
75 258
33 230
77 101
155 157
3 257
52 66
111 258
1 263
160 161
143 153
8 236
122 167
66 275
57 185
91 218
54 215
193 252
71 244
58 256
264 280
105 169
50 231
174 285
5 154
4 30
99 244
172 215
119 193
44 91
149 270
243 273
5 53
101 105
47 237
39 89
231 253
43 179
108 117
121 165
131 177
100 198
8 184
244 258
41 93
61 208
142 149
21 186
118 287
130 283
11 58
3 215
51 103
121 254
188 240
76 265
16 75
7 135
87 196
170 252
159 258
113 172
87 264
208 213
93 242
220 269
144 252
19 244
2 175
182 217
182 205
80 104
198 209
151 270
187 249
94 162
86 267
24 92
48 228
202 214
10 108
234 253
251 262
236 268
53 154
33 263
98 200
231 274
77 187
205 258
178 215
77 279
52 239
39 232
196 245
11 56
236 243
125 216
127 226
3 94
148 276
22 163
96 278
119 161
189 197
95 189
100 125
91 196
88 247
75 183
40 219
38 210
58 188
21 274
154 268
81 137
125 273
17 166
108 236
73 167
156 254
97 287
241 263
28 88
213 279
18 53
174 221
28 57
39 43
109 207
83 216
52 151
86 244
100 252
50 237
52 243
94 167
178 210
72 224
29 191
6 70
56 134
40 72
49 211
97 285
97 234
33 71
0 233
60 251
116 249
185 203
124 133
41 231
123 232
37 228
119 137
170 238
217 238
14 148
138 146
34 177
110 147
263 274
206 213
27 120
20 96
87 279
139 146
196 272
222 252
4 275
39 188
233 280
117 274
41 279
150 196
10 116
57 280
129 273
39 71
213 242
133 193
61 198
89 228
3 221
52 234
38 113
216 245
22 66
284 288
231 249
131 196
88 157
21 132
56 216
66 143
193 217
40 214
124 206
22 90
49 286
6 144
84 115
234 256
202 231
38 109
143 219
216 253
25 104
16 22
42 206
20 129
139 208
75 277
12 272
136 274
141 215
152 254
177 247
130 181
213 218
34 100
114 204
193 287
33 145
238 244
50 98
108 279
23 150
60 158
94 123
222 259
26 221
118 127
29 53
23 67
138 215
189 215
192 211
183 191
12 251
112 136
11 221
127 164
160 203
168 250
181 241
22 160
98 239
22 279
159 260
74 132
276 278
170 176
32 131
58 212
50 242
111 164
23 25
132 267
10 138
186 288
2 228
155 244
187 243
54 247
124 195
147 188
156 232
111 203
2 213
95 241
246 250
133 144
271 286
20 211
81 147
85 140
65 276
144 248
66 250
35 136
111 246
47 222
178 238
144 285
118 136
171 267
116 263
38 166
128 224
40 140
159 259
40 262
57 85
159 280
18 38
73 198
49 212
14 106
4 119
128 140
49 80
157 257
12 210
155 214
78 151
78 255
196 280
19 276
7 231
139 263
65 143
20 165
41 140
97 98
102 237
89 164
158 193
0 211
97 222
14 233
99 272
218 249
216 223
125 130
56 63
31 200
117 285
84 208
31 100
108 258
198 274
10 167
108 151
97 186
149 253
42 47
60 227
96 135
104 195
42 192
91 178
34 81
65 155
129 281
72 148
119 163
153 282
177 215
214 227
242 279
88 188
90 221
103 107
173 191
105 272
165 251
136 161
96 98
174 183
209 266
128 177
68 187
77 206
168 172
152 250
53 132
137 259
174 208
1 202
168 178
45 200
23 90
204 209
126 210
39 171
108 116
18 47
93 163
34 259
25 154
160 287
145 225
121 144
172 182
143 218
54 139
42 126
51 249
119 192
55 89
136 199
16 280
68 159
39 200
148 278
66 138
0 201
194 209
149 242
31 255
26 71
125 265
2 215
214 240
140 223
88 138
83 145
20 97
37 157
17 120
6 267
98 282
65 118
27 265
223 286
17 216
39 103
247 269
18 212
51 56
191 258
2 229
262 265
35 119
155 257
120 187
52 75
158 224
37 124
233 238
128 129
115 149
147 196
118 188
72 264
116 143
3 84
89 266
17 83
114 217
147 186
0 171
214 232
79 93
110 282
61 181
88 227
68 135
151 176
43 210
223 233
13 52
118 224
119 259
186 224
92 109
62 148
7 107
75 145
79 157
16 268
39 104
112 157
65 169
62 280
201 229
41 108
79 102
7 262
99 210
178 180
36 171
75 163
56 211
91 94
47 174
228 285
173 279
240 275
241 268
205 226
97 162
96 173
39 234
51 113
101 181
55 151
35 69
118 248
3 122
245 270
197 273
30 155
66 119
9 124
268 279
217 218
97 244
64 72
121 183
140 175
166 219
110 146
58 182
95 223
39 162
64 75
47 69
21 258
176 220
36 264
58 162
151 251
125 129
9 247
23 138
25 77
64 95
223 252
183 204
124 144
146 148
127 270
159 212
226 279
12 207
37 161
7 49
161 273
255 273
109 194
1 134
102 288
34 161
139 185
194 249
66 193
275 283
10 172
252 266
81 283
31 176
103 194
8 45
77 104
128 231
152 176
213 214
115 287
69 106
81 248
4 22
239 249
70 114
210 267
67 263
50 226
70 217
84 192
93 171
5 69
23 272
141 176
24 63
121 279
63 130
129 217
135 213
105 289
50 267
146 236
43 145
93 271
9 284
117 215
36 130
104 218
51 91
14 190
154 215
5 234
63 242
35 79
121 171
27 85
146 160
15 172
168 169
170 223
58 226
28 251
42 48
219 288
13 272
92 131
37 257
104 234
55 141
49 95
76 211
118 264
4 54
78 286
26 247
62 155
39 173
142 200
99 277
9 76
136 174
122 123
92 243
101 228
192 213
30 41
15 109
50 128
172 278
36 240
117 232
76 231
32 87
141 253
67 135
65 122
12 189
136 281
84 252
70 267
55 99
167 230
22 105
7 195
4 5
47 260
93 140
234 237
32 119
69 91
54 115
18 36
2 107
195 203
213 265
25 138
31 281
131 238
125 255
35 201
117 149
193 264
91 111
143 278
18 132
124 188
175 263
62 120
173 265
12 32
12 222
120 177
62 202
94 282
70 131
49 272
47 256
76 232
216 243
21 86
107 269
187 207
237 240
100 202
225 239
12 152
116 146
149 233
37 252
19 83
50 134
209 232
55 129
147 252
203 215
236 263
221 263
3 49
85 219
75 276
31 221
61 76
160 173
115 199
95 218
49 72
66 241
61 239
144 150
8 87
30 33
126 225
49 155
102 272
1 194
56 127
62 225
77 120
206 267
233 284
54 163
68 202
96 237
106 238
13 27
215 267
67 147
100 106
207 254
227 246
101 249
64 277
10 177
45 150
49 88
46 85
13 247
114 139
6 9
173 223
122 251
7 116
221 236
141 150
102 201
45 151
76 204
49 284
35 64
91 199
89 139
8 263
104 157
45 173
143 241
37 80
227 257
12 266
118 239
18 126
109 134
272 285
142 197
119 287
65 237
56 129
48 55
147 184
74 174
155 187
224 234
18 110
168 233
28 45
76 271
71 129
1 161
94 156
106 279
72 137
131 178
243 280
168 243
162 230
100 287
60 123
167 239
107 205
223 275
121 189
103 254
93 120
126 239
182 210
15 62
281 289
148 238
142 269
79 81
65 99
10 160
8 112
5 272
286 288
31 111
229 237
55 79
278 281
91 149
123 281
58 132
69 98
38 77
4 101
70 277
158 244
27 52
114 124
279 287
177 197
120 183
69 105
36 73
72 254
217 277
150 260
230 265
131 229
188 196
21 51
190 252
22 262
92 153
108 168
206 274
4 160
24 289
66 185
189 222
204 280
3 261
107 257
132 163
82 227
82 212
91 124
63 77
210 265
123 215
32 123
54 243
102 209
121 197
86 220
116 136
121 282
16 32
214 285
74 257
30 189
172 185
62 174
32 201
80 283
215 255
140 143
104 229
134 146
171 218
85 101
49 117
30 288
123 203
64 196
210 274
83 201
70 180
107 215
15 205
111 129
14 47
86 226
75 170
81 151
100 167
184 275
48 256
141 280
123 222
49 90
131 194
7 185
59 193
269 281
128 205
133 235
120 235
85 128
0 72
92 100
116 180
4 41
189 259
163 273
15 110
92 182
18 28
248 267
189 288
120 201
137 147
69 263
0 6
209 216
184 202
105 151
67 171
16 271
24 272
113 175
63 123
198 270
51 242
119 224
132 280
95 256
11 74
90 143
155 198
195 252
202 228
154 211
155 174
51 57
28 237
35 144
35 88
195 265
11 169
65 228
85 234
39 165
51 276
219 241
204 224
96 241
111 225
119 169
227 232
125 171
57 176
190 247
21 47
27 133
72 141
258 264
119 152
90 197
0 144
86 135
5 92
50 72
204 248
198 269
42 226
25 112
151 171
121 286
101 134
214 218
97 115
0 116
135 179
143 161
5 211
117 242
87 123
60 220
58 119
41 94
35 57
94 100
27 209
114 192
75 263
123 217
149 171
3 131
16 81
58 78
88 267
48 203
125 274
162 216
186 275
232 269
118 253
254 256
81 163
68 127
95 101
110 196
202 260
2 168
53 71
32 148
10 228
110 112
198 243
46 249
123 182
18 185
78 97
209 249
182 197
37 225
102 170
23 29
181 272
80 237
99 156
53 288
193 248
156 201
127 285
15 23
49 226
149 167
34 158
132 158
30 179
49 241
175 179
120 221
194 245
124 250
17 77
58 149
90 217
28 246
73 279
137 164
54 152
57 156
70 145
1 168
57 229
27 93
63 277
72 181
162 245
132 181
44 205
110 263
187 199
28 157
21 197
32 162
151 183
141 156
56 91
112 141
156 247
116 177
165 196
100 180
249 275
2 158
237 245
1 81
162 269
169 171
94 139
187 257
157 192
247 258
84 225
46 229
246 276
139 254
75 223
75 200
174 203
64 191
59 111
121 151
14 234
21 96
21 247
121 193
182 218
60 238
80 106
14 181
151 153
112 184
19 259
222 232
24 240
147 228
141 221
40 208
2 97
90 224
69 216
71 84
156 226
72 124
37 138
54 249
239 244
188 230
64 163
40 265
48 78
19 195
138 241
128 225
82 117
30 60
2 71
93 239
135 252
222 267
133 267
25 257
154 204
36 83
130 239
120 279
69 176
85 173
186 269
51 209
125 230
42 105
102 143
109 123
112 237
140 237
257 263
26 287
173 195
71 209
217 227
33 284
79 253
1 66
74 243
61 253
5 133
174 260
125 180
1 171
57 181
190 197
126 270
113 218
111 275
27 57
12 244
99 269
182 184
211 270
70 125
158 164
4 238
10 219
70 276
65 91
15 55
9 21
31 99
253 271
8 118
147 178
113 220
109 201
250 273
160 165
204 213
53 130
266 280
128 159
210 252
47 127
168 219
103 117
88 160
104 197
138 155
105 253
133 222
206 243
3 258
28 247
106 272
171 172
52 184
183 279
63 220
176 263
74 118
135 288
76 255
140 265
21 75
64 177
67 123
98 235
139 283
55 226
85 130
41 207
2 25
68 212
40 193
105 183
2 36
41 161
192 250
75 115
112 163
221 230
232 283
71 288
36 70
181 203
140 178
53 199
20 289
143 228
59 114
23 120
120 283
34 59
60 74
35 125
108 225
56 177
179 202
39 69
172 202
102 162
34 199
140 168
66 197
196 269
51 262
69 81
53 273
147 249
24 96
78 99
42 225
158 266
57 59
90 279
145 233
113 221
134 233
104 281
234 249
247 268
81 167
197 289
70 177
103 278
14 178
98 223
170 280
97 116
15 289
7 32
102 229
35 203
64 132
217 264
49 141
27 34
6 66
219 259
68 277
22 24
102 191
112 242
78 143
11 116
59 179
125 278
135 151
172 285
93 218
5 277
39 86
18 153
24 115
19 74
87 132
66 191
218 237
201 279
93 162
54 196
246 264
95 263
34 129
14 105
42 67
113 138
52 58
82 251
17 84
130 207
259 261
175 184
65 273
72 227
94 232
48 132
242 276
130 254
175 252
30 235
50 184
124 198
102 231
114 224
243 251
65 138
77 173
122 268
92 252
41 281
86 100
215 287
45 85
62 66
32 77
235 277
38 222
11 31
13 270
161 199
205 225
24 232
103 282
0 256
210 288
79 96
145 216
157 238
87 170
84 142
75 211
24 109
81 242
217 286
32 255
58 237
135 247
118 257
98 188
146 262
25 91
115 212
151 222
51 286
35 150
38 277
50 167
134 219
9 153
82 288
101 189
82 136
82 206
72 239
228 267
233 237
21 190
152 228
237 281
118 241
103 212
36 165
19 217
142 199
88 139
185 205
30 111
5 235
120 156
79 187
99 238
103 115
160 178
128 157
96 184
91 103
111 189
165 259
53 267
112 277
120 175
90 277
169 202
92 192
32 65
68 268
76 116
165 233
215 272
128 206
196 246
173 242
3 145
155 279
188 233
18 117
88 270
55 265
24 85
258 265
134 155
39 122
121 157
69 99
107 254
119 206
181 238
35 218
137 265
109 275
72 268
36 74
149 180
38 135
174 176
57 118
199 238
119 271
207 270
110 192
195 213
7 41
112 217
174 240
104 136
88 214
198 234
83 102
32 68
48 236
42 44
95 244
36 254
26 120
86 89
206 253
72 152
32 258
153 161
184 215
52 76
39 91
34 232
10 44
22 222
21 193
76 164
49 274
18 148
102 245
122 262
15 95
187 216
207 238
146 163
220 251
67 258
14 92
