297
8
3076
60
126 2
79 2
66 2
98 4
63 2
83 3
88 3
104 1
120 4
135 2
127 1
125 1
85 4
127 1
66 2
68 1
134 3
87 4
72 5
124 3
75 2
75 1
134 3
125 5
103 2
124 1
62 5
116 1
59 3
83 4
83 4
132 1
127 1
91 2
102 1
85 2
102 5
70 1
89 2
84 4
102 4
72 2
124 4
106 2
67 5
76 2
76 2
128 5
97 4
63 4
128 3
102 5
81 2
107 2
135 4
89 2
63 2
100 5
91 3
73 1
104 4
88 2
81 3
97 1
58 2
126 3
93 4
131 2
94 5
110 3
94 2
74 4
76 1
60 1
119 3
75 4
70 3
58 2
66 1
93 3
84 5
60 3
91 4
68 2
97 1
73 5
78 4
73 1
104 1
72 3
107 4
79 2
121 5
120 3
91 3
115 2
92 2
122 4
113 5
100 4
71 2
130 4
131 1
94 4
83 4
82 3
69 5
73 5
74 1
104 2
81 5
83 3
104 3
60 4
131 3
82 3
104 5
102 1
132 4
103 4
71 2
88 1
70 2
128 3
85 4
131 3
132 2
71 3
98 2
88 4
71 4
135 1
104 5
121 5
118 3
87 3
133 5
58 2
73 3
82 5
89 4
68 1
71 4
107 5
130 5
134 4
103 4
104 2
135 4
127 2
127 3
123 4
125 3
106 1
106 1
104 2
102 1
71 2
66 3
113 3
123 1
92 2
113 2
130 2
87 1
85 5
110 1
91 4
87 3
63 2
102 3
62 2
124 3
74 4
97 2
123 5
76 4
101 1
76 2
83 2
110 5
70 4
135 2
113 2
110 2
106 3
117 4
59 3
99 4
93 5
134 3
125 2
94 5
73 4
67 4
93 4
82 1
85 4
105 2
98 2
116 1
124 4
130 3
125 2
121 4
65 1
102 5
65 1
117 5
104 1
121 3
101 2
124 3
63 1
65 1
114 2
92 3
102 2
79 2
102 2
77 1
104 3
86 4
89 1
118 2
132 5
117 3
129 4
126 2
103 5
76 4
120 2
85 3
122 1
124 1
74 4
113 2
114 3
127 5
87 5
89 4
86 2
122 4
81 1
113 3
73 1
133 3
110 4
61 4
115 5
113 4
117 3
99 4
106 5
121 3
113 3
100 4
58 5
126 3
83 4
78 3
62 3
116 4
129 5
102 1
135 1
97 3
86 5
112 5
98 3
95 4
121 1
71 2
117 1
100 5
112 4
134 3
88 5
104 5
70 3
117 1
70 4
59 3
126 4
93 3
65 2
105 2
66 2
103 3
104 3
119 5
67 4
121 1
86 3
79 3
121 1
119 1
12 182
18 243
131 171
141 260
109 260
52 156
98 138
69 277
212 224
68 287
104 175
39 288
166 219
12 164
30 182
51 246
31 233
61 240
125 253
0 290
7 194
262 282
34 143
139 295
49 74
67 140
40 235
96 118
60 137
106 258
250 275
95 275
271 276
96 104
111 205
69 85
197 262
79 296
138 193
50 83
23 284
127 276
20 222
20 86
33 296
41 266
47 134
34 179
216 283
134 164
160 258
187 284
153 295
18 174
1 286
55 221
153 271
12 212
92 286
231 265
71 139
85 98
37 188
87 234
136 178
23 99
219 292
75 87
250 284
65 90
12 196
32 103
42 228
94 111
101 231
21 108
65 290
18 119
116 130
51 92
120 259
62 108
48 203
146 197
76 203
131 135
198 241
118 191
36 109
208 249
58 230
241 253
123 219
173 258
29 188
30 121
120 166
16 219
57 60
162 210
123 131
181 229
144 158
65 101
43 228
45 197
178 276
150 266
70 107
91 100
83 267
91 190
207 214
19 215
33 245
89 279
71 271
232 271
285 296
219 273
106 197
57 246
157 211
78 129
80 102
123 241
76 235
26 29
207 285
186 212
119 195
56 172
135 163
150 231
113 145
42 198
28 58
93 282
27 244
110 205
6 251
58 165
60 71
44 83
37 164
3 296
200 222
211 290
196 286
75 132
3 16
103 121
189 203
42 186
176 272
121 167
63 291
133 136
22 197
279 283
103 280
177 273
32 234
34 113
139 207
73 102
177 295
179 185
105 228
23 30
66 73
155 191
145 179
7 216
52 238
142 145
120 230
32 280
139 265
64 292
206 263
83 230
193 254
99 285
77 217
33 82
14 75
265 279
187 272
32 267
2 102
38 39
51 176
61 187
165 287
178 219
89 147
4 162
5 178
194 221
104 209
58 208
29 117
210 280
16 222
283 290
67 109
168 241
26 291
117 171
51 100
9 120
75 110
6 289
52 113
88 123
25 183
81 166
76 152
157 216
125 254
100 118
61 236
242 293
17 95
171 264
40 211
198 223
1 188
102 139
44 164
201 271
57 183
1 151
48 129
96 230
2 57
185 217
34 44
0 104
196 244
176 251
22 246
108 170
189 249
114 252
177 233
31 220
45 95
176 281
26 52
126 152
9 247
142 226
98 159
103 243
135 177
5 155
200 251
9 229
5 87
204 245
180 259
39 137
122 211
21 223
214 272
29 51
162 275
179 263
116 148
80 260
202 222
185 256
0 75
33 227
40 292
68 296
110 146
66 90
28 226
202 280
63 287
122 244
202 295
29 237
107 296
160 215
147 285
24 233
70 80
169 283
59 102
227 275
113 224
90 294
72 95
128 287
104 258
74 224
224 294
103 236
76 260
23 148
15 73
74 213
71 269
183 239
77 161
225 273
28 153
92 293
130 254
35 81
56 127
14 131
202 260
115 135
92 144
125 211
34 194
4 35
27 200
31 178
134 212
133 143
189 196
60 231
80 178
117 201
17 191
33 110
41 257
211 234
42 58
146 276
70 118
30 237
39 180
3 230
255 262
199 204
12 198
135 175
181 196
246 290
163 258
117 204
16 158
8 61
50 280
62 211
0 117
237 240
52 85
1 215
150 175
155 192
183 285
31 268
99 231
126 280
6 257
102 248
55 184
45 117
119 239
121 202
210 250
79 277
43 112
229 270
199 263
86 207
5 232
57 62
36 282
147 212
218 224
188 192
148 177
114 163
117 194
134 159
139 201
59 286
33 266
123 138
11 139
158 266
183 220
100 139
185 285
222 280
166 270
36 77
100 137
170 254
95 101
90 270
44 133
145 293
217 281
17 142
66 77
22 274
6 275
125 172
49 198
82 292
104 217
76 176
145 186
105 124
40 196
3 40
187 206
53 262
79 146
18 263
132 217
62 154
118 190
115 210
84 270
79 98
85 150
220 273
122 232
20 149
237 253
30 99
72 145
10 169
40 48
152 169
19 183
111 214
189 290
147 231
32 183
85 93
100 198
67 283
89 263
153 281
85 269
140 156
141 263
87 161
58 71
29 172
63 247
70 167
29 251
101 262
31 169
79 238
146 264
115 222
212 229
76 296
1 78
194 293
82 169
35 94
124 162
31 65
1 197
133 271
61 222
29 165
3 246
147 296
94 224
71 189
169 282
85 271
109 205
141 262
149 291
102 289
148 253
18 231
45 203
236 283
40 99
6 231
182 241
170 292
52 60
39 223
71 77
93 184
29 287
61 175
175 245
14 293
21 239
130 207
5 68
130 204
138 167
27 110
111 175
17 26
15 67
39 98
25 97
191 262
115 280
207 211
79 294
108 162
150 256
37 247
68 182
71 203
138 261
39 91
31 132
120 163
114 245
104 213
212 256
36 69
172 252
67 161
113 287
142 268
7 266
120 138
236 238
150 245
43 213
73 157
230 272
131 182
118 232
124 181
80 252
22 215
48 106
16 171
30 96
60 77
54 133
216 293
60 78
106 201
16 284
31 77
182 240
164 236
13 256
2 175
83 92
68 163
15 62
154 203
151 175
83 224
11 261
105 136
0 116
259 295
142 164
162 178
110 171
169 230
17 153
31 225
200 249
144 225
204 283
68 267
178 258
19 153
4 274
59 66
28 128
41 181
82 279
16 211
175 252
46 257
210 230
140 203
47 277
85 171
117 166
277 284
260 272
42 184
53 140
83 110
161 271
122 143
8 74
158 195
37 43
7 189
9 139
15 140
137 182
96 215
166 230
28 286
180 206
114 269
113 243
206 212
167 208
202 245
115 204
172 226
260 288
251 285
174 285
92 149
47 119
63 200
13 46
132 261
38 102
36 47
8 239
199 211
6 80
5 117
286 290
76 200
33 121
82 204
101 238
162 205
5 47
45 138
125 212
62 289
89 156
40 135
60 133
44 132
154 212
143 227
93 140
45 140
166 231
21 148
143 266
133 233
225 282
123 280
50 286
21 147
70 269
143 163
128 285
53 64
122 163
101 263
8 181
94 192
187 258
15 203
172 184
96 282
84 286
7 43
58 288
44 233
113 231
176 188
80 209
32 42
132 173
13 101
25 149
154 240
25 181
149 223
182 209
207 219
76 261
35 74
192 231
238 285
45 218
102 152
94 127
43 234
30 175
88 150
46 140
267 276
133 248
46 52
64 110
87 191
26 151
92 281
32 178
17 137
5 126
109 266
215 236
40 248
178 188
166 285
37 281
81 137
87 124
46 186
118 273
32 225
209 235
101 146
90 295
241 291
29 56
169 293
68 203
53 253
33 176
98 192
28 99
116 200
37 296
239 272
205 251
205 214
276 281
169 195
232 279
72 119
8 71
148 215
169 264
111 142
25 232
93 283
139 165
52 141
172 254
90 249
17 235
64 225
95 248
113 136
124 173
80 94
114 157
117 261
68 244
23 212
5 201
164 233
48 176
185 207
184 294
204 288
41 96
90 135
48 133
217 257
126 157
189 253
88 143
71 145
41 177
32 180
62 236
98 214
107 151
0 54
17 177
184 199
10 175
79 247
106 145
88 244
50 131
51 242
41 106
68 69
30 87
61 139
107 262
56 268
123 267
54 222
146 277
2 217
157 239
57 104
142 284
122 295
63 181
22 287
5 119
137 145
112 140
24 39
139 154
40 65
90 148
1 52
26 127
54 277
88 236
80 176
27 134
86 145
102 186
27 30
118 130
8 55
161 212
140 165
41 247
167 234
195 255
179 261
63 262
10 58
108 179
28 60
2 16
3 258
56 143
125 270
165 288
179 295
87 243
128 216
167 250
257 275
185 273
110 259
94 215
134 250
3 23
90 228
11 189
37 80
211 279
103 198
188 213
131 197
27 135
122 216
39 130
200 245
94 248
102 203
108 183
141 162
106 246
144 241
19 73
131 293
110 290
95 210
155 156
2 74
159 229
0 190
206 213
125 283
31 97
137 151
126 186
234 287
5 241
16 51
103 106
127 182
131 265
79 158
64 180
173 227
120 140
9 254
52 103
14 54
88 170
177 197
33 161
66 242
17 102
180 222
59 109
8 222
47 198
163 295
125 185
208 218
102 167
195 295
66 252
16 289
60 191
164 255
53 254
103 277
29 246
190 210
87 133
150 185
136 261
76 215
0 33
76 173
269 292
213 244
130 191
68 91
29 50
134 237
119 146
80 193
18 127
176 262
64 244
156 271
139 152
120 209
139 238
251 262
179 217
127 189
77 86
79 195
128 161
30 82
24 232
113 292
54 79
10 105
117 275
200 216
54 189
75 281
19 169
154 222
24 172
226 272
20 255
171 218
178 265
116 188
2 218
177 278
82 99
50 292
2 243
109 177
102 111
184 201
95 102
207 257
170 282
72 172
56 280
112 117
204 213
76 232
71 216
67 205
263 271
119 141
161 246
84 151
4 68
149 185
122 209
28 43
198 267
41 256
36 140
166 196
38 286
28 200
175 187
1 8
135 193
16 268
249 293
61 243
128 181
201 256
22 39
1 29
198 285
255 296
44 175
38 81
66 152
138 163
7 162
106 296
90 128
11 160
102 185
102 165
185 221
187 274
192 251
0 106
175 271
13 137
140 267
55 94
115 156
100 222
201 208
229 285
13 29
37 183
83 277
175 250
81 118
88 273
200 207
97 212
213 254
61 250
51 208
11 270
122 275
236 259
12 100
200 290
180 295
194 234
81 122
26 261
63 194
4 256
190 207
156 253
61 105
18 149
98 210
48 85
22 264
21 150
173 193
68 180
125 147
8 124
77 254
34 196
144 151
115 169
71 280
173 251
87 259
1 164
44 277
192 209
11 178
191 206
73 235
35 258
64 82
21 160
33 52
17 133
71 97
72 256
68 254
3 288
206 276
157 267
225 276
17 113
105 152
119 171
131 156
146 284
51 154
108 171
127 267
20 57
20 101
214 254
2 110
53 144
11 112
173 238
238 282
121 219
85 252
117 152
212 234
105 107
153 279
87 125
264 288
95 138
56 103
62 73
76 86
228 293
147 234
94 283
180 203
86 92
62 286
28 271
18 213
34 264
19 109
63 105
206 214
23 34
135 187
130 296
10 115
28 76
95 287
166 228
31 64
11 101
87 168
56 116
98 215
37 50
42 142
47 124
12 233
94 118
208 232
0 97
227 251
4 278
20 200
204 225
14 231
35 53
90 127
29 35
224 242
168 210
17 192
37 109
166 256
22 222
176 207
71 241
122 235
142 162
35 227
146 274
19 85
26 236
61 296
58 202
76 78
208 247
3 120
8 288
26 181
181 242
76 172
103 155
38 172
170 189
25 106
60 261
194 207
16 81
131 159
153 266
97 119
177 268
208 235
152 185
58 181
217 289
180 198
175 280
127 172
83 211
28 191
145 263
141 175
65 239
129 156
14 292
226 241
203 258
132 283
49 96
26 260
185 223
8 15
131 276
229 252
16 146
41 144
166 191
174 193
149 211
10 280
31 209
58 101
200 271
168 282
27 285
230 231
111 146
53 152
65 272
172 253
47 65
200 230
216 218
75 247
170 264
3 155
33 46
131 214
167 295
156 291
24 64
163 175
202 277
30 118
142 227
28 157
110 185
26 142
42 161
190 283
32 270
90 233
93 242
240 274
16 278
156 181
45 210
233 259
42 281
153 241
37 118
167 226
82 236
61 233
263 290
102 195
113 162
181 245
46 116
153 160
155 166
117 123
104 220
74 277
109 221
22 188
169 217
38 183
85 295
26 59
129 235
23 205
43 49
30 116
155 210
173 223
45 268
63 98
42 87
91 156
159 250
57 66
106 226
60 141
188 256
224 264
60 140
23 294
36 43
10 18
128 172
74 154
50 81
85 129
218 237
83 136
64 281
153 257
148 280
103 262
109 241
266 284
16 188
187 279
208 281
187 277
43 128
43 68
35 141
83 193
67 98
129 271
130 234
88 108
28 195
133 168
8 275
111 121
126 214
7 244
72 130
198 270
77 168
144 233
80 185
246 278
15 177
63 256
123 264
175 211
221 264
151 187
47 278
47 50
201 296
22 171
55 196
6 49
77 260
95 252
185 253
49 247
38 268
64 78
142 234
137 263
57 207
67 290
78 277
167 259
38 128
144 169
182 219
96 252
260 279
162 294
25 122
187 190
5 26
7 230
127 170
100 246
120 260
50 101
254 269
219 239
103 225
53 70
161 281
270 288
75 278
89 256
185 186
148 163
106 138
33 159
97 98
82 171
14 217
274 290
183 275
157 278
30 50
8 258
21 243
37 156
20 133
15 124
107 133
178 194
91 116
94 207
119 163
64 138
34 146
72 228
261 286
126 142
47 92
71 72
6 133
19 124
60 94
16 151
36 211
67 86
35 260
5 195
144 243
109 228
141 270
27 191
146 228
8 207
112 251
102 157
268 270
52 260
10 189
5 253
153 199
89 270
88 190
217 279
125 262
144 266
119 280
34 227
63 222
36 245
257 285
76 282
250 253
168 251
145 197
73 220
57 115
13 15
14 22
26 54
15 29
12 35
132 239
16 272
51 74
50 264
62 137
60 117
85 222
91 250
22 36
22 24
3 204
175 191
178 234
159 223
86 291
126 251
98 141
59 227
182 243
142 174
16 248
56 269
173 294
94 185
98 112
174 221
75 177
42 150
162 212
0 105
90 296
260 291
120 178
14 150
1 122
15 292
4 197
142 151
107 240
127 235
35 293
46 255
108 153
114 134
138 195
261 284
48 195
38 119
44 254
24 254
69 221
74 135
63 127
125 252
64 173
106 232
16 175
20 69
143 230
197 253
37 226
267 283
156 269
38 117
259 289
64 231
12 176
3 295
163 282
279 293
96 180
87 153
60 131
252 269
47 185
87 131
33 38
258 282
65 210
2 100
106 178
183 198
103 111
137 261
13 33
100 113
34 235
100 174
24 206
118 164
209 213
1 159
167 278
159 242
22 179
25 120
4 137
124 296
0 228
114 119
193 283
98 274
70 236
168 190
153 179
116 214
4 40
55 207
11 263
105 127
79 187
7 89
108 129
198 227
137 249
87 280
27 231
37 159
89 280
110 138
65 236
188 214
54 164
122 202
245 293
164 291
219 261
210 221
130 220
97 169
39 121
44 170
46 96
66 274
5 180
36 229
69 156
125 217
123 261
55 198
191 214
157 260
0 174
252 270
240 256
158 204
97 221
80 219
11 28
236 240
184 274
202 233
95 186
228 265
237 267
80 110
22 105
10 184
12 277
19 294
275 293
206 260
73 111
83 295
129 203
104 269
183 215
13 118
71 127
222 233
108 192
151 156
119 158
72 109
128 254
5 224
72 168
198 217
111 288
48 119
3 35
47 99
80 119
144 198
54 187
72 141
70 215
13 128
206 293
68 210
114 153
12 125
149 180
28 42
120 135
43 294
6 120
122 240
12 220
224 274
129 202
88 119
167 289
77 235
5 101
154 282
137 255
19 32
61 142
217 221
62 114
6 86
114 254
23 137
85 121
23 81
159 169
124 167
11 250
18 95
209 234
45 273
164 169
58 267
256 284
110 251
226 256
121 284
9 182
53 203
121 205
163 228
97 270
50 242
66 250
263 267
17 187
122 233
256 294
160 241
38 260
98 245
15 148
54 234
228 276
29 36
40 75
165 205
99 243
113 133
0 243
4 202
64 86
179 232
165 215
18 58
78 83
154 271
105 256
95 289
108 186
133 192
203 215
174 206
69 105
55 285
23 213
9 268
113 207
8 244
120 278
272 280
46 106
201 232
12 273
30 178
163 274
106 264
67 105
11 29
248 259
101 224
145 204
178 267
94 119
36 292
129 284
149 192
99 228
226 235
9 68
57 147
137 281
87 220
175 242
104 290
239 251
92 129
153 273
50 144
32 211
161 286
79 231
69 288
163 191
12 59
129 250
114 190
96 108
16 34
154 281
93 151
154 256
217 240
189 237
14 23
141 274
76 110
137 210
119 240
13 73
82 294
60 232
163 200
82 158
193 240
69 133
176 233
133 181
49 283
70 207
0 76
9 288
173 229
18 70
197 283
19 144
8 291
193 293
113 178
41 206
123 291
153 237
89 233
78 278
7 175
43 45
84 164
238 265
193 201
62 84
191 232
130 156
24 42
56 115
23 168
74 85
25 251
51 187
148 225
192 274
41 244
116 162
94 148
38 132
55 286
6 203
140 153
187 290
238 273
184 260
129 266
29 85
69 182
92 215
39 84
61 281
39 145
33 290
72 166
27 148
90 125
64 237
44 215
154 192
233 278
114 249
43 60
7 193
160 183
60 108
15 167
193 225
65 111
88 101
206 239
246 247
168 175
157 255
76 174
28 142
56 220
218 289
61 164
31 265
199 296
40 174
30 257
28 229
17 122
18 214
202 276
49 264
59 189
13 242
60 249
146 185
56 61
121 213
84 248
95 123
215 266
37 175
176 247
223 251
186 194
85 181
89 240
97 261
246 282
121 267
147 245
93 186
6 263
17 144
179 222
67 154
39 193
33 243
174 252
88 254
20 277
66 210
79 155
181 275
14 110
0 51
230 295
46 256
105 160
14 185
187 212
134 187
54 145
126 230
42 286
36 219
136 185
16 71
37 125
38 152
280 284
58 105
101 109
47 130
0 261
105 247
44 279
196 216
50 161
153 159
21 225
172 269
210 267
56 184
255 284
32 98
192 226
38 156
138 237
87 142
153 212
166 187
184 282
18 230
99 122
85 238
201 243
2 166
4 206
151 234
6 65
160 190
30 290
121 276
97 183
158 230
113 241
3 45
216 276
90 219
54 194
185 269
228 249
47 256
117 196
165 213
20 157
192 233
137 152
27 165
31 42
14 294
38 243
88 171
22 157
152 202
94 169
188 257
14 43
71 126
71 87
3 279
41 221
109 239
90 273
122 186
60 284
230 269
176 226
78 152
184 247
74 255
259 273
1 27
8 131
44 253
27 103
55 281
6 119
62 269
176 195
20 169
42 247
164 235
56 240
45 193
58 125
21 37
111 117
72 154
218 268
290 294
207 246
84 287
121 179
161 223
142 186
30 106
158 248
10 85
199 270
50 198
114 235
190 232
13 175
37 38
137 266
54 283
149 228
89 146
66 67
109 173
173 218
174 259
215 219
90 222
14 35
165 262
46 143
124 266
88 204
68 204
132 180
159 290
90 121
260 267
35 155
258 259
190 243
171 214
20 207
153 248
119 218
181 253
187 239
26 292
99 107
189 212
50 293
36 231
2 179
3 110
81 172
82 106
20 94
64 271
41 55
25 80
138 157
124 251
124 184
259 286
159 269
34 103
76 100
0 63
139 226
142 261
147 202
88 182
132 170
181 186
46 90
189 281
259 263
9 283
18 194
14 193
150 267
42 287
232 291
36 57
165 185
99 185
192 195
0 167
47 220
137 174
31 36
107 129
1 282
23 263
128 263
0 289
36 274
47 155
57 251
62 197
190 281
164 258
163 261
130 149
93 199
26 243
6 172
151 179
89 288
137 205
55 175
44 153
154 167
57 58
125 149
252 283
48 275
49 98
111 261
133 209
158 187
182 244
213 223
108 120
150 273
170 265
192 260
94 265
186 220
120 231
95 114
30 38
185 243
50 156
113 170
197 205
101 215
12 17
244 280
95 120
129 162
189 269
9 240
53 107
30 254
39 134
54 152
172 263
185 249
40 255
13 116
29 215
292 293
30 216
50 176
52 203
87 237
0 29
71 213
13 35
38 217
17 29
4 97
210 242
10 158
156 275
13 122
14 82
83 139
73 92
127 283
9 96
28 245
102 292
163 199
115 143
30 83
70 160
28 138
39 186
127 242
115 269
39 204
183 200
206 245
17 50
40 249
121 261
16 107
85 186
71 205
181 272
36 276
18 40
48 116
34 76
232 269
167 260
78 182
161 247
122 249
144 249
60 225
57 105
123 130
135 137
26 214
44 288
15 137
105 183
51 82
184 270
84 213
92 271
22 57
120 257
34 184
45 139
148 267
173 293
73 216
260 271
10 57
165 264
218 282
44 89
169 281
110 197
40 152
0 69
88 210
49 80
80 118
74 202
40 158
97 187
73 152
231 262
76 121
16 186
75 248
13 189
36 82
169 184
167 268
74 96
3 69
70 229
54 210
17 259
19 101
90 191
60 179
9 243
107 257
94 167
31 55
207 250
48 241
42 249
16 235
12 283
201 293
119 238
185 284
229 233
106 257
71 287
113 276
87 162
33 238
52 177
98 144
88 172
115 176
28 242
41 139
28 186
22 43
148 229
175 199
8 196
123 176
51 65
70 179
67 147
60 265
48 174
213 229
242 255
19 134
42 273
34 217
133 239
62 213
242 269
75 288
45 196
19 49
23 277
234 270
185 263
78 147
100 266
191 278
184 206
53 68
101 194
98 165
159 171
37 131
136 222
110 132
4 226
38 263
50 138
88 173
93 128
72 121
120 139
23 226
24 27
90 159
122 292
28 216
38 221
76 246
149 286
85 161
4 188
89 134
240 246
155 287
42 162
164 279
201 205
14 225
148 217
42 183
125 175
129 159
180 270
8 166
26 224
45 178
57 283
119 155
18 129
117 221
68 285
21 241
106 213
59 155
27 185
48 187
28 77
157 166
9 124
24 185
222 275
38 197
221 235
154 253
36 129
93 175
9 219
161 293
218 234
79 134
71 172
44 129
109 279
6 229
165 231
16 218
202 288
91 184
126 145
232 282
80 267
156 187
75 190
5 58
139 272
83 123
45 180
70 127
111 115
75 104
109 208
174 269
160 292
54 143
2 251
184 256
22 189
187 293
46 285
87 289
3 214
3 244
34 210
14 55
116 232
69 252
148 169
16 203
134 286
73 150
20 148
101 241
18 245
97 175
144 147
109 154
104 164
37 120
247 248
178 179
173 255
82 178
77 209
11 50
190 279
11 196
111 138
41 140
136 259
8 289
15 92
105 287
99 115
108 220
99 148
158 249
4 265
160 163
153 182
189 292
73 131
153 167
34 169
93 147
255 282
106 274
78 131
259 264
103 138
113 198
180 267
12 144
59 201
118 269
88 294
25 269
68 272
53 91
58 86
247 271
21 258
132 250
162 268
144 152
36 166
73 252
29 32
243 246
163 192
74 101
99 113
25 68
64 219
58 129
250 295
86 190
49 100
45 214
96 136
188 226
46 57
9 228
238 290
190 291
205 211
26 72
52 236
104 111
149 151
46 152
199 264
27 288
34 165
61 151
200 253
122 124
26 32
42 134
4 220
92 109
235 265
96 275
147 256
198 283
214 260
74 181
114 231
79 257
61 228
70 226
38 198
264 292
104 266
74 291
273 293
164 168
40 161
120 221
75 220
158 196
99 165
55 279
42 67
124 213
142 192
94 251
55 197
6 221
32 55
140 285
165 203
44 247
232 261
33 118
92 206
141 215
48 171
82 159
2 283
80 169
83 209
245 281
46 226
160 246
195 232
76 288
94 253
105 166
61 177
21 240
98 133
115 173
36 39
1 56
26 259
162 234
8 104
193 295
60 125
187 244
183 193
24 115
180 212
90 278
36 54
194 242
224 286
75 124
71 187
120 240
7 114
70 94
214 280
124 140
4 225
43 114
96 105
51 137
1 89
149 207
29 74
10 176
183 291
62 258
232 251
104 235
12 209
18 52
184 198
135 203
95 230
138 168
217 248
39 272
64 172
76 256
14 49
222 226
4 75
86 90
47 164
171 259
31 131
219 264
33 72
164 290
17 239
115 274
147 159
144 219
96 285
48 55
30 52
128 130
12 197
247 280
55 58
137 139
88 230
255 269
281 288
147 186
27 104
238 258
110 274
98 152
202 216
49 243
209 248
105 258
177 255
121 243
128 247
86 107
81 98
124 255
74 285
10 148
0 72
197 227
72 201
10 113
173 221
44 49
61 145
30 107
82 222
182 270
208 292
1 66
129 230
78 219
143 256
227 291
34 82
142 169
50 218
250 276
62 102
35 56
191 216
181 182
21 56
4 168
258 261
67 211
84 246
167 282
56 85
9 246
130 243
107 228
235 261
1 191
105 240
112 201
66 254
89 129
206 282
31 145
116 223
117 174
104 273
139 175
18 232
64 228
204 295
100 143
89 105
166 188
77 152
276 284
202 291
15 193
188 268
68 222
14 126
142 187
114 260
14 93
204 251
88 168
75 236
185 198
17 100
122 188
9 270
201 219
125 273
9 148
21 228
134 222
52 106
11 156
65 199
75 215
69 254
221 295
195 275
58 131
108 207
272 285
23 32
239 274
10 38
40 131
108 253
117 220
125 183
11 185
54 204
0 15
18 293
41 217
102 205
54 250
53 133
21 253
52 100
53 85
39 129
0 8
197 237
11 258
12 88
183 216
116 174
85 215
83 260
42 108
148 178
130 283
140 248
251 252
63 134
3 33
93 196
84 199
156 284
35 180
22 132
27 287
112 296
88 292
1 51
8 169
85 102
93 251
27 187
78 286
13 100
113 283
176 187
249 283
2 13
81 286
44 201
13 149
149 154
94 272
57 249
128 178
35 162
192 281
197 269
43 138
162 226
67 113
119 186
47 264
5 121
21 72
24 253
119 292
91 229
38 118
103 290
72 79
189 296
136 150
133 238
246 294
44 101
72 174
21 159
109 276
140 251
70 188
41 126
39 220
41 113
22 67
45 184
224 225
110 202
52 280
87 292
54 98
59 293
39 123
149 157
10 251
81 196
38 56
33 106
27 75
265 271
10 86
211 212
158 172
90 158
212 284
134 155
268 285
128 156
193 257
1 75
92 96
168 296
91 117
6 58
87 281
162 186
115 146
7 86
101 269
197 252
105 135
37 268
36 146
73 292
44 239
0 107
17 166
61 98
64 194
17 246
74 175
61 271
36 222
117 185
134 192
68 134
30 204
110 289
34 164
139 268
62 217
45 179
148 224
88 227
217 225
93 138
45 54
137 138
116 118
246 266
144 181
142 185
102 291
0 258
213 266
51 220
159 167
65 197
5 273
3 141
103 175
13 254
125 156
161 256
84 266
157 268
204 241
192 224
53 132
67 289
0 181
10 173
179 221
131 202
35 138
248 249
52 212
222 245
58 159
173 296
165 170
63 236
99 182
245 272
176 276
146 254
48 95
190 285
9 77
83 86
32 118
145 280
75 76
131 167
147 264
130 290
239 246
245 291
206 254
29 275
73 129
174 291
164 230
69 247
133 277
66 121
55 227
12 141
106 230
86 273
177 229
8 205
36 91
101 201
30 202
90 255
28 52
38 229
70 93
117 236
37 194
123 296
134 275
149 210
49 260
131 176
6 82
147 238
151 185
153 172
163 214
34 160
144 293
109 161
147 240
58 112
140 157
81 272
58 126
50 135
116 191
141 173
90 103
106 287
221 228
36 163
165 195
135 169
55 106
153 250
47 63
169 190
21 109
195 243
190 263
39 97
11 167
43 149
77 187
245 256
71 206
63 213
256 293
39 240
257 295
61 172
93 116
244 293
62 294
195 251
78 230
63 203
220 291
11 14
101 152
15 20
252 277
91 186
44 137
98 153
74 251
13 71
110 166
130 159
187 196
29 200
189 284
10 96
42 182
138 287
74 260
235 294
89 96
6 261
71 190
165 246
47 175
186 202
59 94
127 271
61 241
83 287
78 232
177 288
109 283
64 296
24 26
162 271
181 296
25 288
120 126
109 257
143 157
178 192
12 259
148 196
222 265
103 235
77 237
216 240
20 251
53 205
131 153
33 131
42 137
30 76
88 148
84 92
104 278
106 160
44 109
10 289
24 250
160 288
17 23
22 191
141 165
73 249
255 292
171 263
82 215
19 102
223 257
64 234
24 70
185 276
99 281
32 33
27 100
225 272
66 116
5 57
65 241
209 254
59 284
101 131
108 260
118 289
93 214
59 120
117 279
254 276
